RECLTD,20200127,09:08,140.85,140.85,140.85,140.85,2710,0
RECLTD,20200127,09:16,141.00,141.05,140.60,140.85,9794,0
RECLTD,20200127,09:17,140.85,141.60,140.85,141.60,22896,0
RECLTD,20200127,09:18,141.60,141.80,141.50,141.60,12717,0
RECLTD,20200127,09:19,141.65,141.90,141.65,141.75,15151,0
RECLTD,20200127,09:20,141.75,142.15,141.75,142.10,16014,0
RECLTD,20200127,09:21,142.00,142.10,141.60,141.80,20194,0
RECLTD,20200127,09:22,141.90,142.05,141.60,141.65,17278,0
RECLTD,20200127,09:23,141.75,141.75,141.65,141.70,2185,0
RECLTD,20200127,09:24,141.75,142.25,141.75,142.05,17330,0
RECLTD,20200127,09:25,142.05,142.05,141.70,141.90,10545,0
RECLTD,20200127,09:26,141.90,141.90,141.60,141.60,18566,0
RECLTD,20200127,09:27,141.60,141.60,141.00,141.20,56885,0
RECLTD,20200127,09:28,141.20,141.25,141.05,141.05,10336,0
RECLTD,20200127,09:29,141.10,141.20,141.05,141.15,6841,0
RECLTD,20200127,09:30,141.40,141.40,141.15,141.20,3983,0
RECLTD,20200127,09:31,141.30,141.30,140.95,141.05,21892,0
RECLTD,20200127,09:32,141.00,141.10,140.90,141.00,8381,0
RECLTD,20200127,09:33,141.00,141.35,141.00,141.35,17935,0
RECLTD,20200127,09:34,141.35,141.40,141.30,141.35,5085,0
RECLTD,20200127,09:35,141.35,141.55,141.30,141.55,15872,0
RECLTD,20200127,09:36,141.50,141.75,141.50,141.75,5818,0
RECLTD,20200127,09:37,141.75,142.00,141.65,141.95,24404,0
RECLTD,20200127,09:38,141.90,142.10,141.90,142.00,21568,0
RECLTD,20200127,09:39,142.00,142.10,142.00,142.05,18664,0
RECLTD,20200127,09:40,142.10,142.15,142.00,142.15,13655,0
RECLTD,20200127,09:41,142.10,142.30,142.10,142.30,13887,0
RECLTD,20200127,09:42,142.25,142.35,142.25,142.35,12571,0
RECLTD,20200127,09:43,142.35,142.50,142.35,142.50,10461,0
RECLTD,20200127,09:44,142.50,142.65,142.05,142.30,40938,0
RECLTD,20200127,09:45,142.40,142.60,142.35,142.45,7201,0
RECLTD,20200127,09:46,142.55,142.65,142.50,142.60,15840,0
RECLTD,20200127,09:47,142.60,142.90,142.40,142.70,123217,0
RECLTD,20200127,09:48,142.60,142.90,142.55,142.85,6322,0
RECLTD,20200127,09:49,142.90,143.30,142.85,143.25,58079,0
RECLTD,20200127,09:50,143.25,143.25,143.15,143.20,13239,0
RECLTD,20200127,09:51,143.15,144.00,143.15,143.70,82414,0
RECLTD,20200127,09:52,143.60,143.70,143.50,143.70,34217,0
RECLTD,20200127,09:53,143.60,143.70,143.60,143.60,11537,0
RECLTD,20200127,09:54,143.60,143.80,143.60,143.75,10145,0
RECLTD,20200127,09:55,143.75,143.75,143.35,143.35,14847,0
RECLTD,20200127,09:56,143.35,143.60,143.35,143.40,18456,0
RECLTD,20200127,09:57,143.45,143.50,143.30,143.30,14212,0
RECLTD,20200127,09:58,143.30,143.65,143.30,143.55,15619,0
RECLTD,20200127,09:59,143.50,143.55,143.45,143.50,15330,0
RECLTD,20200127,10:00,143.50,143.55,143.45,143.55,6641,0
RECLTD,20200127,10:01,143.50,143.55,143.30,143.35,7858,0
RECLTD,20200127,10:02,143.35,143.50,143.35,143.35,8753,0
RECLTD,20200127,10:03,143.45,143.55,143.40,143.40,19194,0
RECLTD,20200127,10:04,143.45,143.50,143.35,143.35,5884,0
RECLTD,20200127,10:05,143.35,143.55,143.35,143.40,19876,0
RECLTD,20200127,10:06,143.35,143.55,143.35,143.45,5659,0
RECLTD,20200127,10:07,143.45,143.55,143.40,143.50,22997,0
RECLTD,20200127,10:08,143.40,143.50,143.40,143.50,2473,0
RECLTD,20200127,10:09,143.45,143.55,143.40,143.55,3900,0
RECLTD,20200127,10:10,143.55,143.55,143.45,143.55,8782,0
RECLTD,20200127,10:11,143.55,143.60,143.40,143.40,32724,0
RECLTD,20200127,10:12,143.45,143.75,143.40,143.75,14002,0
RECLTD,20200127,10:13,143.65,144.40,143.60,144.15,102964,0
RECLTD,20200127,10:14,144.05,144.20,144.00,144.15,13648,0
RECLTD,20200127,10:15,144.10,144.15,143.80,143.95,9525,0
RECLTD,20200127,10:16,143.95,144.00,143.90,143.95,4750,0
RECLTD,20200127,10:17,143.95,144.20,143.95,144.20,12178,0
RECLTD,20200127,10:18,144.10,144.15,143.90,144.00,12856,0
RECLTD,20200127,10:19,143.90,144.00,143.90,143.95,15121,0
RECLTD,20200127,10:20,144.00,144.05,143.95,144.00,5860,0
RECLTD,20200127,10:21,144.00,144.00,143.85,143.85,4394,0
RECLTD,20200127,10:22,143.80,144.05,143.80,143.95,8512,0
RECLTD,20200127,10:23,144.00,144.20,143.95,144.15,9007,0
RECLTD,20200127,10:24,144.20,144.20,144.00,144.00,3808,0
RECLTD,20200127,10:25,144.00,144.10,143.95,144.10,8972,0
RECLTD,20200127,10:26,144.00,144.10,144.00,144.10,3083,0
RECLTD,20200127,10:27,144.10,144.20,144.05,144.15,13815,0
RECLTD,20200127,10:28,144.15,144.20,144.10,144.15,5881,0
RECLTD,20200127,10:29,144.15,144.15,144.10,144.15,2208,0
RECLTD,20200127,10:30,144.10,144.15,144.00,144.00,12070,0
RECLTD,20200127,10:31,144.00,144.10,144.00,144.05,13103,0
RECLTD,20200127,10:32,144.05,144.10,143.85,144.00,5447,0
RECLTD,20200127,10:33,144.00,144.00,143.85,143.85,4512,0
RECLTD,20200127,10:34,143.90,143.95,143.85,143.85,2858,0
RECLTD,20200127,10:35,143.85,143.90,143.80,143.90,4731,0
RECLTD,20200127,10:36,143.85,143.90,143.85,143.90,2319,0
RECLTD,20200127,10:37,143.85,144.05,143.80,144.00,21473,0
RECLTD,20200127,10:38,144.15,144.20,144.00,144.00,15473,0
RECLTD,20200127,10:39,144.00,144.05,143.90,144.00,3560,0
RECLTD,20200127,10:40,143.90,143.95,143.85,143.95,3427,0
RECLTD,20200127,10:41,143.90,144.05,143.90,144.00,7099,0
RECLTD,20200127,10:42,144.00,144.10,143.90,143.95,3139,0
RECLTD,20200127,10:43,144.00,144.10,143.95,144.00,6376,0
RECLTD,20200127,10:44,144.00,144.15,144.00,144.10,3576,0
RECLTD,20200127,10:45,144.05,144.15,144.05,144.10,4869,0
RECLTD,20200127,10:46,144.05,144.10,144.05,144.10,7447,0
RECLTD,20200127,10:47,143.90,144.05,143.90,143.90,7854,0
RECLTD,20200127,10:48,143.95,144.10,143.95,144.00,5755,0
RECLTD,20200127,10:49,144.00,144.00,143.95,144.00,2558,0
RECLTD,20200127,10:50,143.95,144.00,143.90,144.00,5769,0
RECLTD,20200127,10:51,143.90,144.00,143.90,143.90,2591,0
RECLTD,20200127,10:52,143.95,144.00,143.90,144.00,2235,0
RECLTD,20200127,10:53,143.90,144.05,143.90,143.90,5067,0
RECLTD,20200127,10:54,143.90,143.95,143.90,143.95,2486,0
RECLTD,20200127,10:55,143.95,144.00,143.90,143.90,1743,0
RECLTD,20200127,10:56,143.90,144.00,143.90,143.95,2093,0
RECLTD,20200127,10:57,143.90,143.95,143.90,143.95,9422,0
RECLTD,20200127,10:58,143.90,143.95,143.85,143.85,2302,0
RECLTD,20200127,10:59,143.90,143.90,143.80,143.80,4066,0
RECLTD,20200127,11:00,143.80,143.85,143.80,143.80,17797,0
RECLTD,20200127,11:01,143.85,143.85,143.75,143.80,4264,0
RECLTD,20200127,11:02,143.80,143.85,143.75,143.85,6140,0
RECLTD,20200127,11:03,143.80,143.80,143.55,143.55,23020,0
RECLTD,20200127,11:04,143.45,143.70,143.40,143.70,8917,0
RECLTD,20200127,11:05,143.70,143.70,143.60,143.70,2367,0
RECLTD,20200127,11:06,143.70,143.75,143.65,143.75,4161,0
RECLTD,20200127,11:07,143.75,143.75,143.70,143.75,2026,0
RECLTD,20200127,11:08,143.70,143.80,143.60,143.80,4986,0
RECLTD,20200127,11:09,143.75,143.80,143.60,143.60,10203,0
RECLTD,20200127,11:10,143.75,143.75,143.60,143.60,2329,0
RECLTD,20200127,11:11,143.65,143.70,143.55,143.55,4958,0
RECLTD,20200127,11:12,143.55,143.55,143.50,143.55,6040,0
RECLTD,20200127,11:13,143.50,143.70,143.50,143.70,3673,0
RECLTD,20200127,11:14,143.65,143.75,143.60,143.70,2075,0
RECLTD,20200127,11:15,143.60,143.75,143.60,143.75,2765,0
RECLTD,20200127,11:16,143.70,143.80,143.65,143.65,9500,0
RECLTD,20200127,11:17,143.70,143.75,143.60,143.75,1372,0
RECLTD,20200127,11:18,143.65,143.75,143.65,143.65,5683,0
RECLTD,20200127,11:19,143.70,143.75,143.70,143.75,3216,0
RECLTD,20200127,11:20,143.70,143.75,143.60,143.65,2900,0
RECLTD,20200127,11:21,143.60,143.65,143.60,143.65,2499,0
RECLTD,20200127,11:22,143.65,143.65,143.60,143.65,3497,0
RECLTD,20200127,11:23,143.60,143.65,143.50,143.50,8800,0
RECLTD,20200127,11:24,143.50,143.55,143.50,143.55,2815,0
RECLTD,20200127,11:25,143.60,143.60,143.50,143.60,8198,0
RECLTD,20200127,11:26,143.60,143.60,143.55,143.60,1231,0
RECLTD,20200127,11:27,143.55,143.75,143.55,143.70,14385,0
RECLTD,20200127,11:28,143.70,143.70,143.55,143.55,2938,0
RECLTD,20200127,11:29,143.60,143.75,143.60,143.65,1926,0
RECLTD,20200127,11:30,143.75,143.80,143.65,143.75,6442,0
RECLTD,20200127,11:31,143.75,143.80,143.70,143.80,3175,0
RECLTD,20200127,11:32,143.80,143.90,143.80,143.85,8264,0
RECLTD,20200127,11:33,143.80,143.90,143.80,143.90,1666,0
RECLTD,20200127,11:34,143.90,143.95,143.80,143.80,12404,0
RECLTD,20200127,11:35,143.80,143.90,143.80,143.85,2544,0
RECLTD,20200127,11:36,143.80,143.95,143.80,143.95,3278,0
RECLTD,20200127,11:37,143.85,143.95,143.85,143.90,2405,0
RECLTD,20200127,11:38,143.85,143.95,143.85,143.90,4518,0
RECLTD,20200127,11:39,143.95,143.95,143.75,143.75,7348,0
RECLTD,20200127,11:40,143.75,143.85,143.75,143.85,5681,0
RECLTD,20200127,11:41,143.90,143.95,143.85,143.95,2128,0
RECLTD,20200127,11:42,143.90,143.95,143.80,143.80,5067,0
RECLTD,20200127,11:43,143.80,143.85,143.80,143.85,3366,0
RECLTD,20200127,11:44,143.85,143.90,143.75,143.75,7725,0
RECLTD,20200127,11:45,143.75,143.80,143.65,143.70,7507,0
RECLTD,20200127,11:46,143.70,143.80,143.65,143.80,3673,0
RECLTD,20200127,11:47,143.80,143.80,143.75,143.80,1936,0
RECLTD,20200127,11:48,143.80,143.80,143.75,143.80,2207,0
RECLTD,20200127,11:49,143.70,143.80,143.70,143.80,1442,0
RECLTD,20200127,11:50,143.80,143.80,143.75,143.80,1579,0
RECLTD,20200127,11:51,143.75,144.00,143.70,143.85,34230,0
RECLTD,20200127,11:52,144.00,144.30,144.00,144.30,41817,0
RECLTD,20200127,11:53,144.30,144.35,144.20,144.20,11140,0
RECLTD,20200127,11:54,144.30,144.30,144.20,144.25,6864,0
RECLTD,20200127,11:55,144.20,144.25,144.10,144.20,6262,0
RECLTD,20200127,11:56,144.15,144.15,144.05,144.15,2588,0
RECLTD,20200127,11:57,144.10,144.20,144.10,144.20,2737,0
RECLTD,20200127,11:58,144.15,144.20,144.15,144.20,2044,0
RECLTD,20200127,11:59,144.20,144.25,144.15,144.25,3343,0
RECLTD,20200127,12:00,144.25,144.65,144.20,144.45,69631,0
RECLTD,20200127,12:01,144.50,144.55,144.35,144.40,11907,0
RECLTD,20200127,12:02,144.40,144.50,144.35,144.45,10114,0
RECLTD,20200127,12:03,144.45,144.90,144.35,144.80,63187,0
RECLTD,20200127,12:04,144.95,145.25,144.90,145.10,130491,0
RECLTD,20200127,12:05,145.15,145.70,145.05,145.70,117553,0
RECLTD,20200127,12:06,145.75,145.95,145.60,145.80,73435,0
RECLTD,20200127,12:07,145.85,146.20,145.35,145.35,206933,0
RECLTD,20200127,12:08,145.50,145.60,145.30,145.45,31614,0
RECLTD,20200127,12:09,145.50,145.55,145.35,145.35,23196,0
RECLTD,20200127,12:10,145.40,145.50,145.35,145.50,6723,0
RECLTD,20200127,12:11,145.40,145.60,145.25,145.55,23966,0
RECLTD,20200127,12:12,145.60,145.85,145.55,145.70,21887,0
RECLTD,20200127,12:13,145.60,145.70,145.00,145.35,48031,0
RECLTD,20200127,12:14,145.45,145.50,145.20,145.30,10906,0
RECLTD,20200127,12:15,145.40,145.80,145.35,145.70,15002,0
RECLTD,20200127,12:16,145.70,145.70,145.55,145.60,4242,0
RECLTD,20200127,12:17,145.60,145.60,145.55,145.60,4750,0
RECLTD,20200127,12:18,145.60,145.65,145.55,145.60,32528,0
RECLTD,20200127,12:19,145.65,145.65,145.40,145.50,24026,0
RECLTD,20200127,12:20,145.50,145.65,145.40,145.50,21596,0
RECLTD,20200127,12:21,145.50,145.80,145.50,145.70,30065,0
RECLTD,20200127,12:22,145.70,145.75,145.40,145.50,13317,0
RECLTD,20200127,12:23,145.40,145.65,145.40,145.55,5526,0
RECLTD,20200127,12:24,145.60,145.60,145.45,145.50,5890,0
RECLTD,20200127,12:25,145.50,145.50,145.20,145.20,18456,0
RECLTD,20200127,12:26,145.25,145.30,145.15,145.15,11619,0
RECLTD,20200127,12:27,145.20,145.30,145.15,145.30,6003,0
RECLTD,20200127,12:28,145.20,145.25,145.15,145.25,4524,0
RECLTD,20200127,12:29,145.15,145.30,145.15,145.30,4149,0
RECLTD,20200127,12:30,145.30,145.30,145.15,145.25,8361,0
RECLTD,20200127,12:31,145.25,145.25,145.15,145.20,2902,0
RECLTD,20200127,12:32,145.15,145.25,145.15,145.20,4310,0
RECLTD,20200127,12:33,145.15,145.40,145.15,145.30,22200,0
RECLTD,20200127,12:34,145.30,145.30,144.65,145.05,48031,0
RECLTD,20200127,12:35,145.00,145.05,144.90,145.00,5029,0
RECLTD,20200127,12:36,145.00,145.00,144.85,144.90,7385,0
RECLTD,20200127,12:37,144.85,145.00,144.80,145.00,2896,0
RECLTD,20200127,12:38,145.00,145.00,144.80,144.90,2724,0
RECLTD,20200127,12:39,145.00,145.00,144.45,144.55,72902,0
RECLTD,20200127,12:40,144.65,145.05,144.45,144.95,46819,0
RECLTD,20200127,12:41,145.00,145.00,144.80,144.90,7875,0
RECLTD,20200127,12:42,144.90,145.00,144.85,144.90,5957,0
RECLTD,20200127,12:43,144.95,144.95,144.90,144.90,2738,0
RECLTD,20200127,12:44,144.90,145.30,144.90,145.20,22551,0
RECLTD,20200127,12:45,145.25,145.30,145.20,145.20,7638,0
RECLTD,20200127,12:46,145.20,145.30,145.20,145.20,16362,0
RECLTD,20200127,12:47,145.20,145.30,145.20,145.30,4407,0
RECLTD,20200127,12:48,145.30,145.30,145.20,145.30,5633,0
RECLTD,20200127,12:49,145.20,145.55,145.20,145.55,33354,0
RECLTD,20200127,12:50,145.55,145.55,145.35,145.45,11114,0
RECLTD,20200127,12:51,145.35,145.45,145.35,145.40,3529,0
RECLTD,20200127,12:52,145.45,145.45,145.30,145.30,4986,0
RECLTD,20200127,12:53,145.45,145.45,145.30,145.40,7019,0
RECLTD,20200127,12:54,145.35,145.35,145.25,145.35,6651,0
RECLTD,20200127,12:55,145.35,145.35,145.25,145.30,2211,0
RECLTD,20200127,12:56,145.25,145.40,145.25,145.40,3693,0
RECLTD,20200127,12:57,145.35,145.45,145.35,145.45,5153,0
RECLTD,20200127,12:58,145.40,145.70,145.40,145.60,27766,0
RECLTD,20200127,12:59,145.60,145.60,145.50,145.50,7497,0
RECLTD,20200127,13:00,145.55,145.55,145.40,145.50,4087,0
RECLTD,20200127,13:01,145.40,145.50,145.35,145.40,2043,0
RECLTD,20200127,13:02,145.35,145.40,145.25,145.40,11409,0
RECLTD,20200127,13:03,145.35,145.35,145.20,145.30,4600,0
RECLTD,20200127,13:04,145.40,145.45,145.30,145.45,3518,0
RECLTD,20200127,13:05,145.40,145.45,145.30,145.40,2072,0
RECLTD,20200127,13:06,145.30,145.50,145.30,145.50,3115,0
RECLTD,20200127,13:07,145.40,145.55,145.40,145.40,2972,0
RECLTD,20200127,13:08,145.50,145.50,145.40,145.45,2408,0
RECLTD,20200127,13:09,145.45,145.45,145.40,145.45,2325,0
RECLTD,20200127,13:10,145.45,145.50,145.35,145.35,2620,0
RECLTD,20200127,13:11,145.50,145.55,145.35,145.55,3099,0
RECLTD,20200127,13:12,145.45,145.55,145.35,145.50,4988,0
RECLTD,20200127,13:13,145.40,145.50,145.40,145.50,2449,0
RECLTD,20200127,13:14,145.50,145.75,145.40,145.75,43302,0
RECLTD,20200127,13:15,145.75,145.90,145.55,145.55,69231,0
RECLTD,20200127,13:16,145.55,146.15,145.50,145.55,316998,0
RECLTD,20200127,13:17,145.60,145.75,145.55,145.55,10412,0
RECLTD,20200127,13:18,145.60,145.60,145.30,145.40,22029,0
RECLTD,20200127,13:19,145.50,145.50,145.20,145.25,17942,0
RECLTD,20200127,13:20,145.20,145.30,145.20,145.30,11505,0
RECLTD,20200127,13:21,145.30,145.30,144.90,144.90,23169,0
RECLTD,20200127,13:22,144.90,145.10,144.90,144.95,13750,0
RECLTD,20200127,13:23,144.95,145.10,144.95,144.95,13646,0
RECLTD,20200127,13:24,144.95,145.00,144.90,144.95,7679,0
RECLTD,20200127,13:25,144.95,145.25,144.95,145.20,12252,0
RECLTD,20200127,13:26,145.15,145.20,145.05,145.05,6631,0
RECLTD,20200127,13:27,145.10,145.20,145.05,145.20,4914,0
RECLTD,20200127,13:28,145.10,145.25,145.10,145.10,6226,0
RECLTD,20200127,13:29,145.15,145.20,145.00,145.10,9035,0
RECLTD,20200127,13:30,145.05,145.10,145.05,145.05,3261,0
RECLTD,20200127,13:31,145.05,145.15,144.95,145.00,9482,0
RECLTD,20200127,13:32,145.00,145.15,145.00,145.05,2577,0
RECLTD,20200127,13:33,145.05,145.20,145.00,145.05,9777,0
RECLTD,20200127,13:34,145.05,145.10,145.00,145.10,4373,0
RECLTD,20200127,13:35,145.05,145.20,145.05,145.20,2551,0
RECLTD,20200127,13:36,145.20,145.25,145.05,145.15,6322,0
RECLTD,20200127,13:37,145.15,145.15,145.05,145.10,14571,0
RECLTD,20200127,13:38,145.05,145.10,144.95,144.95,8171,0
RECLTD,20200127,13:39,144.95,145.00,144.95,145.00,3040,0
RECLTD,20200127,13:40,145.00,145.00,144.95,145.00,4668,0
RECLTD,20200127,13:41,144.95,145.00,144.70,144.70,23900,0
RECLTD,20200127,13:42,144.85,144.85,144.70,144.75,5214,0
RECLTD,20200127,13:43,144.85,144.85,144.75,144.80,8325,0
RECLTD,20200127,13:44,144.85,144.90,144.80,144.80,5165,0
RECLTD,20200127,13:45,144.80,144.95,144.80,144.90,4590,0
RECLTD,20200127,13:46,144.95,145.10,144.90,145.10,4573,0
RECLTD,20200127,13:47,145.15,145.30,145.10,145.25,6550,0
RECLTD,20200127,13:48,145.20,145.25,145.00,145.00,7765,0
RECLTD,20200127,13:49,145.00,145.05,144.95,144.95,6381,0
RECLTD,20200127,13:50,144.85,145.00,144.85,145.00,3266,0
RECLTD,20200127,13:51,144.95,145.00,144.90,145.00,2274,0
RECLTD,20200127,13:52,145.00,145.00,144.95,145.00,3621,0
RECLTD,20200127,13:53,145.00,145.00,144.90,144.95,9510,0
RECLTD,20200127,13:54,145.00,145.30,144.95,145.25,11865,0
RECLTD,20200127,13:55,145.25,145.35,145.20,145.20,4138,0
RECLTD,20200127,13:56,145.20,145.30,145.15,145.25,3280,0
RECLTD,20200127,13:57,145.15,145.25,145.10,145.20,2037,0
RECLTD,20200127,13:58,145.20,145.45,145.15,145.45,5277,0
RECLTD,20200127,13:59,145.45,145.50,145.40,145.40,6288,0
RECLTD,20200127,14:00,145.50,145.50,145.40,145.45,5005,0
RECLTD,20200127,14:01,145.40,145.45,145.20,145.20,13176,0
RECLTD,20200127,14:02,145.35,145.35,145.25,145.25,2192,0
RECLTD,20200127,14:03,145.25,145.35,145.20,145.35,5980,0
RECLTD,20200127,14:04,145.30,145.40,145.20,145.40,3270,0
RECLTD,20200127,14:05,145.40,145.40,145.25,145.35,4148,0
RECLTD,20200127,14:06,145.30,145.40,145.20,145.30,2663,0
RECLTD,20200127,14:07,145.30,145.30,145.15,145.15,2885,0
RECLTD,20200127,14:08,145.15,145.25,145.15,145.15,3554,0
RECLTD,20200127,14:09,145.15,145.15,145.05,145.05,6466,0
RECLTD,20200127,14:10,145.05,145.15,145.00,145.00,6213,0
RECLTD,20200127,14:11,145.00,145.10,145.00,145.10,3556,0
RECLTD,20200127,14:12,145.10,145.15,145.05,145.10,5560,0
RECLTD,20200127,14:13,145.05,145.10,145.00,145.00,5895,0
RECLTD,20200127,14:14,145.00,145.00,144.85,144.90,26687,0
RECLTD,20200127,14:15,144.95,144.95,144.90,144.90,1995,0
RECLTD,20200127,14:16,144.95,145.00,144.90,145.00,6822,0
RECLTD,20200127,14:17,144.95,145.00,144.90,145.00,5415,0
RECLTD,20200127,14:18,144.95,145.00,144.95,144.95,4236,0
RECLTD,20200127,14:19,144.95,145.05,144.95,144.95,14080,0
RECLTD,20200127,14:20,144.95,145.00,144.85,144.90,10411,0
RECLTD,20200127,14:21,144.85,144.90,144.85,144.90,4831,0
RECLTD,20200127,14:22,144.90,144.90,144.85,144.90,4651,0
RECLTD,20200127,14:23,144.85,144.85,144.75,144.75,9720,0
RECLTD,20200127,14:24,144.80,144.85,144.75,144.80,2736,0
RECLTD,20200127,14:25,144.75,144.90,144.75,144.90,9897,0
RECLTD,20200127,14:26,144.85,144.90,144.75,144.75,8745,0
RECLTD,20200127,14:27,144.70,144.70,144.55,144.60,30206,0
RECLTD,20200127,14:28,144.65,144.65,144.55,144.60,20524,0
RECLTD,20200127,14:29,144.60,144.60,144.35,144.35,80907,0
RECLTD,20200127,14:30,144.35,144.45,144.30,144.40,13888,0
RECLTD,20200127,14:31,144.35,144.50,144.35,144.35,14060,0
RECLTD,20200127,14:32,144.40,144.45,144.35,144.40,5891,0
RECLTD,20200127,14:33,144.45,144.50,144.40,144.45,13287,0
RECLTD,20200127,14:34,144.40,144.45,144.35,144.35,11506,0
RECLTD,20200127,14:35,144.35,144.40,144.30,144.30,17981,0
RECLTD,20200127,14:36,144.30,144.30,144.10,144.15,27402,0
RECLTD,20200127,14:37,144.15,144.15,144.10,144.15,8691,0
RECLTD,20200127,14:38,144.15,144.25,144.10,144.10,14542,0
RECLTD,20200127,14:39,144.10,144.20,144.10,144.10,4471,0
RECLTD,20200127,14:40,144.20,144.20,144.10,144.10,7630,0
RECLTD,20200127,14:41,144.20,144.30,144.10,144.20,12730,0
RECLTD,20200127,14:42,144.25,144.25,144.10,144.15,10230,0
RECLTD,20200127,14:43,144.15,144.20,144.00,144.20,18085,0
RECLTD,20200127,14:44,144.10,144.35,144.10,144.35,6067,0
RECLTD,20200127,14:45,144.50,144.55,144.35,144.55,9144,0
RECLTD,20200127,14:46,144.60,144.60,144.50,144.50,4349,0
RECLTD,20200127,14:47,144.50,144.50,144.35,144.40,3485,0
RECLTD,20200127,14:48,144.35,144.40,144.25,144.30,8517,0
RECLTD,20200127,14:49,144.30,144.40,144.20,144.25,4810,0
RECLTD,20200127,14:50,144.20,144.35,144.20,144.35,5508,0
RECLTD,20200127,14:51,144.40,144.45,144.25,144.45,15204,0
RECLTD,20200127,14:52,144.50,144.60,144.40,144.50,4203,0
RECLTD,20200127,14:53,144.60,144.60,144.40,144.60,3645,0
RECLTD,20200127,14:54,144.50,144.60,144.45,144.60,5701,0
RECLTD,20200127,14:55,144.55,144.60,144.45,144.45,3713,0
RECLTD,20200127,14:56,144.45,144.50,144.45,144.45,6952,0
RECLTD,20200127,14:57,144.50,144.60,144.45,144.60,9251,0
RECLTD,20200127,14:58,144.60,144.65,144.55,144.65,3906,0
RECLTD,20200127,14:59,144.65,144.70,144.45,144.45,7783,0
RECLTD,20200127,15:00,144.45,144.70,144.45,144.70,13499,0
RECLTD,20200127,15:01,144.70,144.70,144.45,144.50,15044,0
RECLTD,20200127,15:02,144.50,144.60,144.50,144.55,10847,0
RECLTD,20200127,15:03,144.50,144.50,144.35,144.45,5637,0
RECLTD,20200127,15:04,144.45,144.50,144.40,144.50,19594,0
RECLTD,20200127,15:05,144.45,144.55,144.45,144.50,9724,0
RECLTD,20200127,15:06,144.50,144.50,144.30,144.40,9491,0
RECLTD,20200127,15:07,144.35,144.45,144.35,144.45,5549,0
RECLTD,20200127,15:08,144.45,144.45,144.40,144.40,9662,0
RECLTD,20200127,15:09,144.40,144.50,144.25,144.25,45124,0
RECLTD,20200127,15:10,144.25,144.40,144.25,144.30,19820,0
RECLTD,20200127,15:11,144.35,144.45,144.30,144.45,15626,0
RECLTD,20200127,15:12,144.30,144.45,144.20,144.30,17227,0
RECLTD,20200127,15:13,144.25,144.35,144.25,144.25,9588,0
RECLTD,20200127,15:14,144.25,144.35,144.25,144.30,6011,0
RECLTD,20200127,15:15,144.25,144.35,144.25,144.35,10867,0
RECLTD,20200127,15:16,144.35,144.35,144.25,144.25,31890,0
RECLTD,20200127,15:17,144.20,144.25,144.00,144.05,33071,0
RECLTD,20200127,15:18,144.05,144.10,144.00,144.05,20651,0
RECLTD,20200127,15:19,144.05,144.10,144.00,144.05,11930,0
RECLTD,20200127,15:20,144.00,144.05,143.85,143.90,33234,0
RECLTD,20200127,15:21,143.95,144.00,143.90,144.00,18286,0
RECLTD,20200127,15:22,144.00,144.00,143.80,143.90,19500,0
RECLTD,20200127,15:23,143.90,144.10,143.90,144.00,52780,0
RECLTD,20200127,15:24,143.85,144.00,143.80,143.80,17533,0
RECLTD,20200127,15:25,143.85,143.90,143.80,143.85,14804,0
RECLTD,20200127,15:26,143.85,143.90,143.80,143.85,17636,0
RECLTD,20200127,15:27,143.80,143.85,143.70,143.70,12293,0
RECLTD,20200127,15:28,143.70,143.95,143.70,143.95,13272,0
RECLTD,20200127,15:29,143.90,143.90,143.75,143.75,16605,0
RECLTD,20200127,15:30,143.75,143.80,143.50,143.50,21391,0
RECLTD,20200127,15:31,143.75,143.75,143.75,143.75,500,0
RECLTD,20200127,15:33,144.10,144.10,144.10,144.10,0,0
RECLTD,20200127,15:41,144.10,144.10,144.10,144.10,366,0
RECLTD,20200127,16:39,144.10,144.10,144.10,144.10,0,0
