ZEEL,20190828,09:08,362.00,362.00,362.00,362.00,3736,0
ZEEL,20190828,09:16,361.80,363.25,360.80,362.25,28261,0
ZEEL,20190828,09:17,362.25,363.40,362.00,363.25,26335,0
ZEEL,20190828,09:18,363.20,364.40,363.00,363.50,24812,0
ZEEL,20190828,09:19,363.35,364.50,363.00,363.55,17342,0
ZEEL,20190828,09:20,363.25,364.85,363.25,364.75,12314,0
ZEEL,20190828,09:21,364.90,365.25,363.55,363.80,18714,0
ZEEL,20190828,09:22,363.80,364.55,363.80,364.05,10135,0
ZEEL,20190828,09:23,364.25,364.50,364.00,364.50,8051,0
ZEEL,20190828,09:24,364.90,365.20,364.50,364.50,15106,0
ZEEL,20190828,09:25,364.60,366.00,364.60,365.85,27233,0
ZEEL,20190828,09:26,365.70,366.35,365.55,365.65,12053,0
ZEEL,20190828,09:27,365.55,366.35,365.50,366.30,13067,0
ZEEL,20190828,09:28,366.35,367.20,365.65,367.00,36450,0
ZEEL,20190828,09:29,367.05,367.35,366.60,367.00,18304,0
ZEEL,20190828,09:30,367.20,367.90,367.10,367.40,28203,0
ZEEL,20190828,09:31,367.50,368.50,367.40,368.15,41738,0
ZEEL,20190828,09:32,368.50,368.75,368.10,368.30,21769,0
ZEEL,20190828,09:33,368.50,369.35,368.20,368.40,67233,0
ZEEL,20190828,09:34,368.65,368.65,367.30,367.80,24654,0
ZEEL,20190828,09:35,367.80,367.95,367.35,367.55,16228,0
ZEEL,20190828,09:36,367.70,367.70,366.20,366.20,28865,0
ZEEL,20190828,09:37,366.45,366.50,365.85,366.50,19838,0
ZEEL,20190828,09:38,366.25,366.45,365.80,366.15,10881,0
ZEEL,20190828,09:39,366.15,367.00,366.00,366.25,21654,0
ZEEL,20190828,09:40,366.20,366.85,366.20,366.55,12275,0
ZEEL,20190828,09:41,366.50,367.00,366.40,366.70,12333,0
ZEEL,20190828,09:42,366.45,367.00,366.40,366.85,3791,0
ZEEL,20190828,09:43,366.85,367.45,366.15,366.15,21206,0
ZEEL,20190828,09:44,366.10,366.50,365.70,366.50,44938,0
ZEEL,20190828,09:45,366.35,366.35,365.55,365.55,9060,0
ZEEL,20190828,09:46,365.50,367.00,365.05,367.00,30126,0
ZEEL,20190828,09:47,366.85,367.70,366.75,367.25,18318,0
ZEEL,20190828,09:48,367.25,367.25,366.55,366.95,7389,0
ZEEL,20190828,09:49,366.85,366.85,366.35,366.65,6108,0
ZEEL,20190828,09:50,367.00,368.75,366.75,367.70,39409,0
ZEEL,20190828,09:51,367.70,368.50,367.20,367.90,18967,0
ZEEL,20190828,09:52,368.75,369.25,368.10,369.25,43852,0
ZEEL,20190828,09:53,369.25,369.95,369.15,369.50,40535,0
ZEEL,20190828,09:54,369.30,369.85,369.10,369.10,18992,0
ZEEL,20190828,09:55,369.10,369.25,368.60,368.85,22247,0
ZEEL,20190828,09:56,369.00,369.00,367.80,367.95,18874,0
ZEEL,20190828,09:57,367.95,368.35,367.55,367.80,14663,0
ZEEL,20190828,09:58,367.80,367.90,367.50,367.70,14102,0
ZEEL,20190828,09:59,367.75,368.00,367.55,367.95,11227,0
ZEEL,20190828,10:00,367.95,368.00,367.70,367.85,9986,0
ZEEL,20190828,10:01,367.80,368.00,367.15,367.50,18578,0
ZEEL,20190828,10:02,367.25,367.85,367.25,367.80,7381,0
ZEEL,20190828,10:03,367.85,368.00,367.25,367.50,8434,0
ZEEL,20190828,10:04,367.65,367.90,367.15,367.45,11548,0
ZEEL,20190828,10:05,366.80,367.30,366.40,367.10,28104,0
ZEEL,20190828,10:06,367.10,367.70,367.00,367.55,4632,0
ZEEL,20190828,10:07,367.50,367.65,367.05,367.45,7723,0
ZEEL,20190828,10:08,367.50,367.50,366.60,366.85,9305,0
ZEEL,20190828,10:09,367.00,367.15,366.65,366.80,7551,0
ZEEL,20190828,10:10,367.00,367.35,366.70,367.00,9247,0
ZEEL,20190828,10:11,367.00,367.00,366.50,366.70,14629,0
ZEEL,20190828,10:12,366.70,366.70,366.10,366.60,11072,0
ZEEL,20190828,10:13,366.60,367.00,366.30,366.90,13366,0
ZEEL,20190828,10:14,366.85,367.00,366.55,366.85,7038,0
ZEEL,20190828,10:15,366.90,366.90,366.40,366.85,6337,0
ZEEL,20190828,10:16,366.80,366.80,366.55,366.80,3750,0
ZEEL,20190828,10:17,366.75,366.90,366.40,366.55,9935,0
ZEEL,20190828,10:18,366.40,366.95,366.30,366.60,6457,0
ZEEL,20190828,10:19,366.55,366.60,365.70,366.30,32861,0
ZEEL,20190828,10:20,365.95,366.40,365.75,365.90,8814,0
ZEEL,20190828,10:21,365.85,366.05,365.65,365.80,9576,0
ZEEL,20190828,10:22,365.65,366.00,365.60,365.85,5497,0
ZEEL,20190828,10:23,365.70,366.50,365.65,366.50,20758,0
ZEEL,20190828,10:24,366.50,367.00,366.40,366.80,3721,0
ZEEL,20190828,10:25,366.80,367.15,366.80,366.90,6486,0
ZEEL,20190828,10:26,366.95,367.45,366.80,367.45,13546,0
ZEEL,20190828,10:27,367.20,367.45,366.80,367.00,16588,0
ZEEL,20190828,10:28,367.00,367.30,366.80,367.15,9807,0
ZEEL,20190828,10:29,367.40,367.45,366.80,366.85,11299,0
ZEEL,20190828,10:30,366.85,367.30,366.85,367.30,17530,0
ZEEL,20190828,10:31,367.25,367.35,367.05,367.30,2759,0
ZEEL,20190828,10:32,367.30,367.35,367.00,367.30,6664,0
ZEEL,20190828,10:33,367.15,367.35,367.00,367.05,12659,0
ZEEL,20190828,10:34,367.00,367.15,366.80,367.15,3307,0
ZEEL,20190828,10:35,367.00,367.30,366.80,367.30,4214,0
ZEEL,20190828,10:36,367.30,367.30,366.80,366.95,4144,0
ZEEL,20190828,10:37,366.95,367.45,366.80,367.45,3979,0
ZEEL,20190828,10:38,367.45,367.50,367.35,367.45,3858,0
ZEEL,20190828,10:39,367.50,367.80,367.45,367.80,7529,0
ZEEL,20190828,10:40,367.80,367.85,367.50,367.85,5306,0
ZEEL,20190828,10:41,367.85,367.90,367.50,367.70,4521,0
ZEEL,20190828,10:42,367.50,367.60,367.25,367.25,3597,0
ZEEL,20190828,10:43,367.05,367.20,366.60,367.15,7443,0
ZEEL,20190828,10:44,367.10,367.55,367.05,367.50,3733,0
ZEEL,20190828,10:45,367.50,367.65,367.25,367.25,2286,0
ZEEL,20190828,10:46,367.25,367.50,367.25,367.50,1092,0
ZEEL,20190828,10:47,367.50,367.50,367.40,367.50,5567,0
ZEEL,20190828,10:48,367.40,367.60,367.30,367.60,2912,0
ZEEL,20190828,10:49,367.50,367.60,366.70,366.70,6365,0
ZEEL,20190828,10:50,366.75,367.10,366.60,367.10,1705,0
ZEEL,20190828,10:51,367.10,367.60,367.10,367.50,2394,0
ZEEL,20190828,10:52,367.60,367.75,367.40,367.60,3198,0
ZEEL,20190828,10:53,367.40,368.00,367.40,368.00,8984,0
ZEEL,20190828,10:54,368.00,368.20,367.55,367.75,13283,0
ZEEL,20190828,10:55,367.50,367.80,367.15,367.20,3577,0
ZEEL,20190828,10:56,367.20,367.80,367.00,367.75,5562,0
ZEEL,20190828,10:57,367.70,367.70,367.25,367.45,5959,0
ZEEL,20190828,10:58,367.45,367.60,367.30,367.35,694,0
ZEEL,20190828,10:59,367.35,367.70,367.35,367.40,1620,0
ZEEL,20190828,11:00,367.40,367.40,366.80,367.15,8015,0
ZEEL,20190828,11:01,367.15,367.15,366.95,367.15,2105,0
ZEEL,20190828,11:02,367.15,367.35,367.05,367.35,4043,0
ZEEL,20190828,11:03,367.05,367.35,367.05,367.10,2194,0
ZEEL,20190828,11:04,367.20,367.50,366.90,367.40,7784,0
ZEEL,20190828,11:05,367.45,367.50,367.10,367.45,3115,0
ZEEL,20190828,11:06,367.20,367.50,367.10,367.45,1355,0
ZEEL,20190828,11:07,367.40,367.75,367.15,367.70,2888,0
ZEEL,20190828,11:08,367.70,367.95,367.70,367.90,3777,0
ZEEL,20190828,11:09,367.90,368.00,367.65,368.00,6470,0
ZEEL,20190828,11:10,368.10,368.40,367.80,367.90,6225,0
ZEEL,20190828,11:11,367.95,368.30,367.90,368.10,3199,0
ZEEL,20190828,11:12,368.10,368.25,367.35,367.50,7233,0
ZEEL,20190828,11:13,367.50,367.80,367.40,367.70,3096,0
ZEEL,20190828,11:14,367.70,367.85,367.50,367.55,4103,0
ZEEL,20190828,11:15,367.65,367.80,367.45,367.65,3402,0
ZEEL,20190828,11:16,367.60,367.70,367.20,367.60,5976,0
ZEEL,20190828,11:17,367.50,367.55,366.85,367.30,12664,0
ZEEL,20190828,11:18,367.10,367.20,367.00,367.10,2524,0
ZEEL,20190828,11:19,366.90,367.10,366.90,367.05,3923,0
ZEEL,20190828,11:20,367.10,367.50,367.10,367.50,2783,0
ZEEL,20190828,11:21,367.45,367.85,367.45,367.85,1201,0
ZEEL,20190828,11:22,367.85,367.85,367.70,367.70,1457,0
ZEEL,20190828,11:23,367.80,368.00,367.70,368.00,8797,0
ZEEL,20190828,11:24,367.80,367.95,367.50,367.80,1901,0
ZEEL,20190828,11:25,367.80,367.90,367.40,367.65,3707,0
ZEEL,20190828,11:26,367.60,367.80,367.55,367.75,2129,0
ZEEL,20190828,11:27,367.80,367.80,367.65,367.65,3522,0
ZEEL,20190828,11:28,367.65,367.85,367.65,367.70,794,0
ZEEL,20190828,11:29,367.85,367.85,367.20,367.40,3687,0
ZEEL,20190828,11:30,367.45,367.90,367.45,367.90,1131,0
ZEEL,20190828,11:31,367.75,367.90,367.75,367.90,1696,0
ZEEL,20190828,11:32,367.80,367.90,367.60,367.80,1447,0
ZEEL,20190828,11:33,367.80,367.80,367.60,367.60,1509,0
ZEEL,20190828,11:34,367.60,367.75,367.60,367.75,1130,0
ZEEL,20190828,11:35,367.70,367.75,367.45,367.70,2370,0
ZEEL,20190828,11:36,367.55,367.90,367.55,367.80,1676,0
ZEEL,20190828,11:37,367.90,367.95,367.20,367.45,5735,0
ZEEL,20190828,11:38,367.40,367.55,367.10,367.45,4749,0
ZEEL,20190828,11:39,367.15,367.40,367.10,367.40,1728,0
ZEEL,20190828,11:40,367.25,367.70,367.20,367.30,3555,0
ZEEL,20190828,11:41,367.30,367.40,366.15,366.65,14303,0
ZEEL,20190828,11:42,366.20,366.65,366.15,366.50,7080,0
ZEEL,20190828,11:43,366.50,366.95,366.50,366.50,2675,0
ZEEL,20190828,11:44,366.55,366.75,366.30,366.30,4586,0
ZEEL,20190828,11:45,366.30,366.50,366.05,366.45,4964,0
ZEEL,20190828,11:46,366.40,366.40,366.05,366.10,5867,0
ZEEL,20190828,11:47,366.25,366.25,365.50,365.70,19165,0
ZEEL,20190828,11:48,365.50,365.95,365.50,365.95,15504,0
ZEEL,20190828,11:49,366.05,367.30,365.90,366.75,12875,0
ZEEL,20190828,11:50,366.80,367.50,366.50,367.50,6065,0
ZEEL,20190828,11:51,367.50,367.50,367.00,367.20,2679,0
ZEEL,20190828,11:52,367.05,367.20,367.05,367.20,721,0
ZEEL,20190828,11:53,367.20,367.30,366.70,367.10,2981,0
ZEEL,20190828,11:54,366.80,367.05,366.75,366.95,2812,0
ZEEL,20190828,11:55,366.85,366.90,366.80,366.80,1866,0
ZEEL,20190828,11:56,366.85,367.10,366.50,367.00,4232,0
ZEEL,20190828,11:57,366.90,367.15,366.85,367.00,744,0
ZEEL,20190828,11:58,366.95,367.15,366.85,367.15,1995,0
ZEEL,20190828,11:59,367.00,367.15,366.90,367.10,2861,0
ZEEL,20190828,12:00,366.95,367.20,366.95,367.00,1242,0
ZEEL,20190828,12:01,367.10,367.20,366.95,367.10,1850,0
ZEEL,20190828,12:02,366.85,367.20,366.30,366.60,2865,0
ZEEL,20190828,12:03,366.40,366.65,366.30,366.65,1111,0
ZEEL,20190828,12:04,366.65,367.20,366.55,367.20,1426,0
ZEEL,20190828,12:05,366.90,367.20,366.90,367.20,1513,0
ZEEL,20190828,12:06,367.20,367.50,367.10,367.45,2603,0
ZEEL,20190828,12:07,367.30,367.50,367.15,367.35,1477,0
ZEEL,20190828,12:08,367.35,367.35,367.00,367.30,1148,0
ZEEL,20190828,12:09,367.25,367.30,367.05,367.30,3456,0
ZEEL,20190828,12:10,367.20,367.45,367.15,367.30,2800,0
ZEEL,20190828,12:11,367.15,367.45,367.15,367.40,3366,0
ZEEL,20190828,12:12,367.45,367.45,367.15,367.15,3804,0
ZEEL,20190828,12:13,367.15,367.40,367.10,367.40,1608,0
ZEEL,20190828,12:14,367.40,367.40,367.10,367.15,2792,0
ZEEL,20190828,12:15,367.15,367.70,367.10,367.65,7300,0
ZEEL,20190828,12:16,367.65,367.95,367.05,367.30,13947,0
ZEEL,20190828,12:17,367.20,367.20,366.80,367.00,5996,0
ZEEL,20190828,12:18,367.00,367.00,366.50,366.70,3826,0
ZEEL,20190828,12:19,366.50,366.55,366.00,366.20,11024,0
ZEEL,20190828,12:20,366.30,366.90,366.10,366.90,3095,0
ZEEL,20190828,12:21,366.90,367.25,366.65,367.25,1519,0
ZEEL,20190828,12:22,367.30,367.45,367.20,367.25,3617,0
ZEEL,20190828,12:23,367.35,367.50,367.10,367.35,7136,0
ZEEL,20190828,12:24,367.35,367.40,367.00,367.20,1076,0
ZEEL,20190828,12:25,367.00,367.00,366.40,366.60,2757,0
ZEEL,20190828,12:26,366.60,366.65,366.25,366.35,3674,0
ZEEL,20190828,12:27,366.50,366.50,366.25,366.35,1131,0
ZEEL,20190828,12:28,366.30,366.90,366.30,366.90,2390,0
ZEEL,20190828,12:29,367.00,367.00,366.45,366.45,3502,0
ZEEL,20190828,12:30,366.40,366.55,366.20,366.35,4747,0
ZEEL,20190828,12:31,366.55,366.70,366.40,366.60,2249,0
ZEEL,20190828,12:32,366.60,366.65,365.85,365.85,17707,0
ZEEL,20190828,12:33,365.85,366.05,365.60,365.75,6685,0
ZEEL,20190828,12:34,365.75,365.75,364.50,364.75,42340,0
ZEEL,20190828,12:35,364.50,365.30,364.50,364.70,16800,0
ZEEL,20190828,12:36,364.70,365.00,364.65,364.85,6658,0
ZEEL,20190828,12:37,365.00,365.25,364.65,364.85,9370,0
ZEEL,20190828,12:38,365.10,365.10,364.40,364.45,12198,0
ZEEL,20190828,12:39,364.45,364.80,364.45,364.55,6884,0
ZEEL,20190828,12:40,364.50,364.75,364.20,364.45,14440,0
ZEEL,20190828,12:41,364.15,365.10,364.15,365.10,29282,0
ZEEL,20190828,12:42,365.10,365.45,365.00,365.00,7446,0
ZEEL,20190828,12:43,364.80,365.00,364.50,364.95,8229,0
ZEEL,20190828,12:44,364.80,365.35,364.80,365.10,9668,0
ZEEL,20190828,12:45,365.00,365.25,364.70,365.20,2621,0
ZEEL,20190828,12:46,365.00,365.00,364.35,364.50,6657,0
ZEEL,20190828,12:47,364.60,364.65,364.40,364.60,5079,0
ZEEL,20190828,12:48,364.60,364.80,364.50,364.70,1301,0
ZEEL,20190828,12:49,364.50,365.00,364.05,364.85,9334,0
ZEEL,20190828,12:50,364.80,365.05,364.55,364.60,3920,0
ZEEL,20190828,12:51,364.85,364.95,364.50,364.75,2821,0
ZEEL,20190828,12:52,364.75,364.80,364.40,364.70,3187,0
ZEEL,20190828,12:53,364.55,364.90,364.50,364.85,3190,0
ZEEL,20190828,12:54,364.60,365.00,364.45,365.00,4386,0
ZEEL,20190828,12:55,364.95,365.50,364.95,365.30,2719,0
ZEEL,20190828,12:56,365.35,365.35,364.90,365.00,3901,0
ZEEL,20190828,12:57,364.95,364.95,364.50,364.90,1446,0
ZEEL,20190828,12:58,364.90,365.05,364.60,364.65,4074,0
ZEEL,20190828,12:59,364.65,364.95,364.50,364.65,8178,0
ZEEL,20190828,13:00,364.50,364.80,364.50,364.80,4512,0
ZEEL,20190828,13:01,364.60,364.60,363.20,364.30,30219,0
ZEEL,20190828,13:02,364.55,364.80,364.25,364.75,4697,0
ZEEL,20190828,13:03,364.75,364.95,364.55,364.75,5540,0
ZEEL,20190828,13:04,364.75,364.95,364.50,364.80,2189,0
ZEEL,20190828,13:05,364.60,364.80,364.50,364.55,2365,0
ZEEL,20190828,13:06,364.40,364.80,364.40,364.80,1746,0
ZEEL,20190828,13:07,364.75,365.00,364.75,364.95,7194,0
ZEEL,20190828,13:08,364.75,364.75,364.15,364.65,7970,0
ZEEL,20190828,13:09,364.60,364.90,364.45,364.70,3014,0
ZEEL,20190828,13:10,364.60,364.70,363.85,364.20,15685,0
ZEEL,20190828,13:11,364.00,365.00,364.00,365.00,21511,0
ZEEL,20190828,13:12,364.85,365.10,364.65,365.00,2828,0
ZEEL,20190828,13:13,365.00,365.10,364.85,365.10,1538,0
ZEEL,20190828,13:14,365.10,365.10,364.65,364.80,4023,0
ZEEL,20190828,13:15,364.80,365.15,364.55,364.70,3117,0
ZEEL,20190828,13:16,364.55,364.85,364.45,364.55,8074,0
ZEEL,20190828,13:17,364.55,364.90,364.55,364.75,1970,0
ZEEL,20190828,13:18,364.60,364.60,364.10,364.15,6033,0
ZEEL,20190828,13:19,364.15,364.50,364.05,364.50,2882,0
ZEEL,20190828,13:20,364.45,364.45,364.20,364.25,2649,0
ZEEL,20190828,13:21,364.40,364.90,364.35,364.55,5290,0
ZEEL,20190828,13:22,364.55,364.90,364.30,364.75,7847,0
ZEEL,20190828,13:23,364.95,364.95,364.40,364.65,6635,0
ZEEL,20190828,13:24,364.65,364.65,364.35,364.65,3253,0
ZEEL,20190828,13:25,364.65,364.70,364.30,364.30,3540,0
ZEEL,20190828,13:26,364.40,364.75,364.20,364.20,6582,0
ZEEL,20190828,13:27,364.30,364.70,364.30,364.55,2243,0
ZEEL,20190828,13:28,364.55,364.55,363.45,363.90,28705,0
ZEEL,20190828,13:29,363.65,364.10,363.55,363.85,17346,0
ZEEL,20190828,13:30,363.85,364.65,363.60,364.55,11840,0
ZEEL,20190828,13:31,364.65,364.65,364.40,364.65,1270,0
ZEEL,20190828,13:32,364.55,364.60,364.35,364.60,6127,0
ZEEL,20190828,13:33,364.65,364.65,362.85,363.00,37294,0
ZEEL,20190828,13:34,363.00,363.85,363.00,363.40,16351,0
ZEEL,20190828,13:35,363.40,363.50,363.30,363.45,20619,0
ZEEL,20190828,13:36,363.45,363.50,363.25,363.40,5694,0
ZEEL,20190828,13:37,363.45,363.75,363.30,363.35,9428,0
ZEEL,20190828,13:38,363.30,363.85,363.25,363.85,14945,0
ZEEL,20190828,13:39,363.70,364.00,363.60,363.65,10155,0
ZEEL,20190828,13:40,363.65,363.85,363.35,363.40,8538,0
ZEEL,20190828,13:41,363.40,364.00,363.40,363.75,39468,0
ZEEL,20190828,13:42,363.55,364.15,363.55,364.15,13335,0
ZEEL,20190828,13:43,363.95,364.85,363.95,364.50,11971,0
ZEEL,20190828,13:44,364.50,364.85,364.05,364.05,10654,0
ZEEL,20190828,13:45,364.05,364.30,363.60,364.20,6209,0
ZEEL,20190828,13:46,364.00,364.30,363.90,364.05,1966,0
ZEEL,20190828,13:47,364.20,364.20,363.60,363.95,3024,0
ZEEL,20190828,13:48,363.95,364.15,363.70,363.95,1401,0
ZEEL,20190828,13:49,364.00,364.15,363.95,364.00,9140,0
ZEEL,20190828,13:50,363.80,363.80,363.50,363.55,6177,0
ZEEL,20190828,13:51,363.50,363.70,363.50,363.65,1491,0
ZEEL,20190828,13:52,363.70,364.65,363.70,364.40,8531,0
ZEEL,20190828,13:53,364.55,364.65,364.05,364.15,6398,0
ZEEL,20190828,13:54,364.25,364.25,363.55,363.70,5756,0
ZEEL,20190828,13:55,363.60,364.40,363.60,364.25,15580,0
ZEEL,20190828,13:56,364.25,364.55,364.15,364.25,6601,0
ZEEL,20190828,13:57,364.30,364.30,363.85,363.95,4050,0
ZEEL,20190828,13:58,363.95,364.25,363.85,364.25,2441,0
ZEEL,20190828,13:59,364.00,364.25,363.80,363.80,8610,0
ZEEL,20190828,14:00,363.75,363.90,363.45,363.90,54831,0
ZEEL,20190828,14:01,363.65,363.80,363.60,363.65,8557,0
ZEEL,20190828,14:02,363.65,364.05,363.60,363.80,43163,0
ZEEL,20190828,14:03,363.75,364.35,363.60,363.90,20356,0
ZEEL,20190828,14:04,363.80,364.00,363.75,363.80,3791,0
ZEEL,20190828,14:05,363.90,364.10,363.60,364.10,6453,0
ZEEL,20190828,14:06,364.05,364.75,364.05,364.35,13823,0
ZEEL,20190828,14:07,364.35,364.50,363.95,364.50,7045,0
ZEEL,20190828,14:08,364.35,364.75,363.85,363.95,17088,0
ZEEL,20190828,14:09,364.00,364.50,364.00,364.50,6742,0
ZEEL,20190828,14:10,364.60,364.60,364.30,364.30,10313,0
ZEEL,20190828,14:11,364.35,364.70,364.35,364.50,3071,0
ZEEL,20190828,14:12,364.40,364.40,364.00,364.00,5984,0
ZEEL,20190828,14:13,364.00,364.00,363.45,363.45,18100,0
ZEEL,20190828,14:14,363.55,363.85,363.50,363.65,12601,0
ZEEL,20190828,14:15,363.45,363.85,363.40,363.60,12838,0
ZEEL,20190828,14:16,363.50,363.80,363.45,363.80,5535,0
ZEEL,20190828,14:17,363.80,363.80,363.30,363.30,6277,0
ZEEL,20190828,14:18,363.35,363.45,363.10,363.25,4982,0
ZEEL,20190828,14:19,363.05,363.40,363.00,363.15,15632,0
ZEEL,20190828,14:20,363.15,363.45,363.10,363.25,12223,0
ZEEL,20190828,14:21,363.10,363.80,363.10,363.60,3954,0
ZEEL,20190828,14:22,363.60,363.95,363.50,363.55,9740,0
ZEEL,20190828,14:23,363.55,364.00,363.50,363.50,5876,0
ZEEL,20190828,14:24,363.50,364.20,363.50,363.85,12081,0
ZEEL,20190828,14:25,363.80,364.00,363.60,363.80,1974,0
ZEEL,20190828,14:26,363.95,364.05,363.75,363.90,4069,0
ZEEL,20190828,14:27,363.90,363.90,363.20,363.50,15899,0
ZEEL,20190828,14:28,363.25,363.50,363.00,363.45,29651,0
ZEEL,20190828,14:29,363.40,364.00,363.40,363.80,16214,0
ZEEL,20190828,14:30,363.80,363.90,363.65,363.65,13447,0
ZEEL,20190828,14:31,363.60,363.95,363.60,363.95,7145,0
ZEEL,20190828,14:32,364.00,364.35,363.75,363.95,13265,0
ZEEL,20190828,14:33,363.80,363.80,363.30,363.45,8232,0
ZEEL,20190828,14:34,363.30,363.60,363.25,363.30,6411,0
ZEEL,20190828,14:35,363.30,363.55,363.30,363.50,999,0
ZEEL,20190828,14:36,363.35,363.55,362.85,363.30,18268,0
ZEEL,20190828,14:37,363.30,363.50,363.20,363.25,7295,0
ZEEL,20190828,14:38,363.25,363.60,363.20,363.60,4799,0
ZEEL,20190828,14:39,363.55,364.10,363.55,364.10,23551,0
ZEEL,20190828,14:40,364.10,364.40,364.00,364.10,7263,0
ZEEL,20190828,14:41,364.15,364.40,364.00,364.40,3615,0
ZEEL,20190828,14:42,364.35,364.50,364.30,364.50,9308,0
ZEEL,20190828,14:43,364.45,364.50,364.15,364.45,6072,0
ZEEL,20190828,14:44,364.40,364.85,364.35,364.70,11090,0
ZEEL,20190828,14:45,364.30,364.50,364.20,364.25,4915,0
ZEEL,20190828,14:46,364.25,364.25,364.00,364.15,6649,0
ZEEL,20190828,14:47,364.10,364.50,364.10,364.50,5527,0
ZEEL,20190828,14:48,363.50,363.80,363.30,363.40,31533,0
ZEEL,20190828,14:49,363.40,363.40,361.75,362.80,126385,0
ZEEL,20190828,14:50,362.80,363.20,362.50,362.90,34918,0
ZEEL,20190828,14:51,362.95,363.40,362.85,363.30,35594,0
ZEEL,20190828,14:52,363.30,363.75,363.30,363.70,10651,0
ZEEL,20190828,14:53,363.65,363.90,363.55,363.70,9981,0
ZEEL,20190828,14:54,363.70,364.50,363.30,364.30,21531,0
ZEEL,20190828,14:55,364.30,364.40,364.00,364.00,10614,0
ZEEL,20190828,14:56,363.90,364.00,363.90,364.00,2164,0
ZEEL,20190828,14:57,364.00,364.60,364.00,364.40,16938,0
ZEEL,20190828,14:58,364.40,365.95,364.40,365.30,40862,0
ZEEL,20190828,14:59,365.30,365.35,365.00,365.15,10276,0
ZEEL,20190828,15:00,365.25,365.50,365.00,365.25,13342,0
ZEEL,20190828,15:01,365.10,365.20,364.00,364.50,49557,0
ZEEL,20190828,15:02,364.45,365.00,364.00,364.25,37980,0
ZEEL,20190828,15:03,364.20,364.45,363.25,363.50,30632,0
ZEEL,20190828,15:04,363.40,364.00,363.30,363.60,13716,0
ZEEL,20190828,15:05,363.60,364.55,363.45,364.10,15634,0
ZEEL,20190828,15:06,364.10,364.65,363.30,364.10,65361,0
ZEEL,20190828,15:07,364.10,364.10,363.40,363.55,19980,0
ZEEL,20190828,15:08,363.60,364.35,363.55,364.35,21396,0
ZEEL,20190828,15:09,364.25,364.45,363.65,364.00,22543,0
ZEEL,20190828,15:10,364.00,364.05,363.50,363.75,13484,0
ZEEL,20190828,15:11,363.60,364.30,363.60,364.15,22006,0
ZEEL,20190828,15:12,364.15,364.30,363.55,363.90,37965,0
ZEEL,20190828,15:13,363.90,364.30,363.90,364.30,26085,0
ZEEL,20190828,15:14,364.45,364.45,364.30,364.30,14896,0
ZEEL,20190828,15:15,364.30,364.80,364.30,364.50,22661,0
ZEEL,20190828,15:16,364.55,364.85,364.25,364.60,37647,0
ZEEL,20190828,15:17,364.35,364.70,364.30,364.50,20651,0
ZEEL,20190828,15:18,364.40,364.55,364.20,364.50,20032,0
ZEEL,20190828,15:19,364.65,364.85,364.15,364.45,19483,0
ZEEL,20190828,15:20,364.50,364.85,364.20,364.80,27629,0
ZEEL,20190828,15:21,364.60,364.65,364.40,364.55,14459,0
ZEEL,20190828,15:22,364.55,364.55,364.30,364.50,51310,0
ZEEL,20190828,15:23,364.60,364.75,364.45,364.55,18191,0
ZEEL,20190828,15:24,364.50,364.65,364.30,364.40,21550,0
ZEEL,20190828,15:25,364.35,364.40,363.60,363.60,23698,0
ZEEL,20190828,15:26,363.60,364.10,363.40,364.10,22830,0
ZEEL,20190828,15:27,364.05,364.05,363.80,363.95,16538,0
ZEEL,20190828,15:28,364.00,364.20,363.85,364.00,20512,0
ZEEL,20190828,15:29,364.00,365.20,364.00,364.95,18601,0
ZEEL,20190828,15:30,364.80,365.40,363.80,364.25,14340,0
ZEEL,20190828,15:32,364.20,364.20,364.20,364.20,0,0
ZEEL,20190828,15:41,364.20,364.20,364.20,364.20,44,0
ZEEL,20190828,16:39,364.20,364.20,364.20,364.20,0,0
