CNX-IT,20190829,09:08,15774.65,15774.65,15774.65,15774.65,0,0
CNX-IT,20190829,09:16,15817.50,15867.00,15773.65,15849.15,0,0
CNX-IT,20190829,09:17,15847.80,15853.85,15841.60,15841.60,0,0
CNX-IT,20190829,09:18,15845.55,15854.75,15835.25,15850.00,0,0
CNX-IT,20190829,09:19,15848.90,15858.65,15843.25,15857.85,0,0
CNX-IT,20190829,09:20,15855.95,15858.45,15852.40,15854.20,0,0
CNX-IT,20190829,09:21,15854.15,15856.05,15850.20,15854.65,0,0
CNX-IT,20190829,09:22,15853.65,15855.00,15840.20,15841.70,0,0
CNX-IT,20190829,09:23,15839.95,15842.00,15808.85,15809.15,0,0
CNX-IT,20190829,09:24,15808.50,15810.55,15803.75,15805.85,0,0
CNX-IT,20190829,09:25,15803.75,15804.85,15792.75,15792.75,0,0
CNX-IT,20190829,09:26,15792.60,15792.60,15763.25,15770.35,0,0
CNX-IT,20190829,09:27,15771.00,15781.15,15769.25,15776.30,0,0
CNX-IT,20190829,09:28,15777.25,15798.45,15776.40,15794.65,0,0
CNX-IT,20190829,09:29,15795.35,15806.25,15791.70,15805.30,0,0
CNX-IT,20190829,09:30,15806.60,15820.05,15805.55,15815.35,0,0
CNX-IT,20190829,09:31,15814.65,15820.90,15812.20,15818.30,0,0
CNX-IT,20190829,09:32,15818.70,15819.50,15810.80,15812.10,0,0
CNX-IT,20190829,09:33,15809.15,15812.20,15802.45,15805.90,0,0
CNX-IT,20190829,09:34,15806.00,15806.00,15791.80,15793.80,0,0
CNX-IT,20190829,09:35,15794.95,15796.75,15788.15,15788.15,0,0
CNX-IT,20190829,09:36,15786.05,15788.85,15779.65,15782.35,0,0
CNX-IT,20190829,09:37,15783.20,15793.95,15783.00,15792.05,0,0
CNX-IT,20190829,09:38,15792.30,15800.35,15791.80,15797.30,0,0
CNX-IT,20190829,09:39,15797.90,15814.70,15796.30,15811.70,0,0
CNX-IT,20190829,09:40,15810.20,15823.05,15809.10,15821.05,0,0
CNX-IT,20190829,09:41,15820.35,15820.35,15804.35,15804.35,0,0
CNX-IT,20190829,09:42,15805.10,15806.65,15780.05,15781.30,0,0
CNX-IT,20190829,09:43,15780.95,15785.65,15773.85,15776.95,0,0
CNX-IT,20190829,09:44,15778.00,15779.10,15768.75,15776.95,0,0
CNX-IT,20190829,09:45,15778.45,15797.80,15777.50,15792.15,0,0
CNX-IT,20190829,09:46,15791.10,15796.25,15789.50,15795.85,0,0
CNX-IT,20190829,09:47,15796.00,15800.20,15789.45,15798.00,0,0
CNX-IT,20190829,09:48,15798.40,15801.05,15794.05,15795.15,0,0
CNX-IT,20190829,09:49,15795.75,15795.75,15789.20,15795.10,0,0
CNX-IT,20190829,09:50,15794.00,15799.60,15790.30,15793.10,0,0
CNX-IT,20190829,09:51,15791.45,15796.30,15788.65,15796.30,0,0
CNX-IT,20190829,09:52,15797.70,15805.50,15794.55,15804.00,0,0
CNX-IT,20190829,09:53,15803.85,15817.20,15803.10,15815.55,0,0
CNX-IT,20190829,09:54,15816.85,15822.10,15801.85,15803.35,0,0
CNX-IT,20190829,09:55,15804.05,15811.75,15802.65,15810.85,0,0
CNX-IT,20190829,09:56,15813.70,15819.50,15809.65,15819.10,0,0
CNX-IT,20190829,09:57,15818.85,15831.70,15818.85,15828.80,0,0
CNX-IT,20190829,09:58,15829.60,15831.05,15820.80,15821.15,0,0
CNX-IT,20190829,09:59,15822.60,15823.90,15801.85,15804.60,0,0
CNX-IT,20190829,10:00,15803.55,15812.00,15802.50,15802.50,0,0
CNX-IT,20190829,10:01,15802.25,15803.90,15793.10,15793.35,0,0
CNX-IT,20190829,10:02,15793.55,15807.45,15793.55,15795.45,0,0
CNX-IT,20190829,10:03,15795.60,15795.85,15788.55,15788.55,0,0
CNX-IT,20190829,10:04,15788.30,15794.45,15787.90,15789.65,0,0
CNX-IT,20190829,10:05,15790.25,15793.25,15787.10,15792.00,0,0
CNX-IT,20190829,10:06,15791.85,15791.95,15786.85,15786.95,0,0
CNX-IT,20190829,10:07,15787.05,15789.55,15784.85,15785.75,0,0
CNX-IT,20190829,10:08,15786.30,15789.25,15780.40,15780.40,0,0
CNX-IT,20190829,10:09,15780.50,15788.10,15780.50,15780.70,0,0
CNX-IT,20190829,10:10,15780.65,15784.90,15780.60,15782.70,0,0
CNX-IT,20190829,10:11,15782.25,15783.90,15778.65,15779.65,0,0
CNX-IT,20190829,10:12,15778.10,15782.35,15774.25,15778.10,0,0
CNX-IT,20190829,10:13,15777.70,15781.45,15773.60,15780.10,0,0
CNX-IT,20190829,10:14,15780.25,15781.25,15776.40,15777.35,0,0
CNX-IT,20190829,10:15,15777.85,15784.15,15777.75,15782.80,0,0
CNX-IT,20190829,10:16,15781.60,15782.60,15773.90,15778.40,0,0
CNX-IT,20190829,10:17,15779.05,15784.70,15777.20,15783.50,0,0
CNX-IT,20190829,10:18,15783.80,15784.00,15778.10,15781.20,0,0
CNX-IT,20190829,10:19,15779.50,15784.20,15779.50,15780.40,0,0
CNX-IT,20190829,10:20,15780.25,15786.40,15778.70,15779.90,0,0
CNX-IT,20190829,10:21,15780.40,15783.40,15778.85,15782.95,0,0
CNX-IT,20190829,10:22,15783.65,15785.85,15770.80,15772.55,0,0
CNX-IT,20190829,10:23,15772.70,15772.70,15765.40,15766.10,0,0
CNX-IT,20190829,10:24,15765.20,15770.25,15765.20,15769.00,0,0
CNX-IT,20190829,10:25,15768.75,15772.20,15767.15,15770.85,0,0
CNX-IT,20190829,10:26,15770.55,15778.30,15770.55,15775.20,0,0
CNX-IT,20190829,10:27,15775.35,15777.10,15773.00,15774.90,0,0
CNX-IT,20190829,10:28,15775.20,15775.90,15760.05,15762.80,0,0
CNX-IT,20190829,10:29,15762.90,15783.15,15762.40,15775.55,0,0
CNX-IT,20190829,10:30,15774.65,15778.05,15774.40,15777.40,0,0
CNX-IT,20190829,10:31,15777.05,15782.95,15776.15,15781.80,0,0
CNX-IT,20190829,10:32,15781.45,15782.05,15777.15,15777.25,0,0
CNX-IT,20190829,10:33,15778.20,15780.90,15776.05,15776.40,0,0
CNX-IT,20190829,10:34,15776.80,15776.80,15766.40,15766.40,0,0
CNX-IT,20190829,10:35,15765.65,15776.30,15765.55,15776.30,0,0
CNX-IT,20190829,10:36,15775.00,15778.20,15773.85,15777.80,0,0
CNX-IT,20190829,10:37,15777.30,15781.35,15771.85,15780.30,0,0
CNX-IT,20190829,10:38,15779.85,15779.95,15775.30,15776.30,0,0
CNX-IT,20190829,10:39,15775.70,15777.10,15767.85,15767.85,0,0
CNX-IT,20190829,10:40,15769.55,15775.15,15766.70,15775.15,0,0
CNX-IT,20190829,10:41,15773.95,15783.35,15773.95,15779.80,0,0
CNX-IT,20190829,10:42,15779.00,15779.00,15756.00,15756.45,0,0
CNX-IT,20190829,10:43,15755.95,15765.20,15754.90,15763.90,0,0
CNX-IT,20190829,10:44,15763.30,15775.80,15761.75,15771.40,0,0
CNX-IT,20190829,10:45,15771.25,15772.45,15768.95,15771.85,0,0
CNX-IT,20190829,10:46,15771.70,15774.20,15764.55,15765.35,0,0
CNX-IT,20190829,10:47,15765.25,15779.55,15765.25,15776.60,0,0
CNX-IT,20190829,10:48,15777.80,15786.25,15777.80,15783.40,0,0
CNX-IT,20190829,10:49,15783.25,15790.65,15782.20,15790.65,0,0
CNX-IT,20190829,10:50,15791.05,15799.70,15789.20,15797.30,0,0
CNX-IT,20190829,10:51,15798.05,15802.35,15794.80,15800.95,0,0
CNX-IT,20190829,10:52,15800.10,15803.40,15799.45,15803.40,0,0
CNX-IT,20190829,10:53,15801.55,15802.70,15795.55,15797.50,0,0
CNX-IT,20190829,10:54,15796.45,15801.35,15796.10,15801.35,0,0
CNX-IT,20190829,10:55,15801.40,15807.00,15792.05,15796.05,0,0
CNX-IT,20190829,10:56,15795.70,15796.95,15789.75,15789.75,0,0
CNX-IT,20190829,10:57,15790.85,15792.10,15786.20,15787.95,0,0
CNX-IT,20190829,10:58,15787.65,15790.10,15784.80,15785.45,0,0
CNX-IT,20190829,10:59,15784.75,15785.20,15773.55,15778.10,0,0
CNX-IT,20190829,11:00,15778.05,15779.50,15769.50,15770.00,0,0
CNX-IT,20190829,11:01,15770.45,15771.00,15761.60,15771.00,0,0
CNX-IT,20190829,11:02,15770.70,15773.50,15768.50,15772.10,0,0
CNX-IT,20190829,11:03,15770.70,15786.85,15770.70,15785.80,0,0
CNX-IT,20190829,11:04,15785.05,15791.40,15784.80,15786.85,0,0
CNX-IT,20190829,11:05,15787.65,15788.00,15776.85,15781.65,0,0
CNX-IT,20190829,11:06,15783.30,15791.05,15782.80,15786.05,0,0
CNX-IT,20190829,11:07,15785.75,15788.40,15779.25,15781.90,0,0
CNX-IT,20190829,11:08,15782.05,15786.65,15781.30,15785.05,0,0
CNX-IT,20190829,11:09,15784.95,15786.90,15782.75,15786.55,0,0
CNX-IT,20190829,11:10,15785.65,15786.65,15781.25,15784.55,0,0
CNX-IT,20190829,11:11,15785.10,15792.90,15784.10,15792.90,0,0
CNX-IT,20190829,11:12,15792.30,15795.35,15787.75,15793.00,0,0
CNX-IT,20190829,11:13,15792.10,15804.15,15787.75,15804.15,0,0
CNX-IT,20190829,11:14,15805.05,15811.15,15801.45,15803.65,0,0
CNX-IT,20190829,11:15,15802.80,15802.80,15798.90,15801.60,0,0
CNX-IT,20190829,11:16,15801.70,15809.90,15801.10,15809.15,0,0
CNX-IT,20190829,11:17,15809.75,15815.05,15808.65,15811.70,0,0
CNX-IT,20190829,11:18,15810.55,15814.05,15809.15,15810.70,0,0
CNX-IT,20190829,11:19,15810.60,15813.05,15808.40,15809.60,0,0
CNX-IT,20190829,11:20,15811.55,15817.00,15810.80,15815.95,0,0
CNX-IT,20190829,11:21,15815.90,15816.40,15808.10,15808.10,0,0
CNX-IT,20190829,11:22,15809.00,15818.15,15808.55,15810.65,0,0
CNX-IT,20190829,11:23,15812.10,15812.20,15808.05,15812.20,0,0
CNX-IT,20190829,11:24,15812.35,15812.90,15800.65,15807.45,0,0
CNX-IT,20190829,11:25,15807.40,15810.30,15803.50,15808.70,0,0
CNX-IT,20190829,11:26,15808.55,15813.95,15804.55,15813.80,0,0
CNX-IT,20190829,11:27,15813.90,15817.95,15811.55,15814.95,0,0
CNX-IT,20190829,11:28,15815.65,15819.95,15813.50,15818.35,0,0
CNX-IT,20190829,11:29,15816.70,15819.25,15812.15,15814.60,0,0
CNX-IT,20190829,11:30,15813.85,15816.75,15811.35,15813.10,0,0
CNX-IT,20190829,11:31,15814.45,15815.95,15808.60,15808.85,0,0
CNX-IT,20190829,11:32,15808.00,15823.75,15806.75,15823.75,0,0
CNX-IT,20190829,11:33,15824.30,15834.20,15823.90,15831.30,0,0
CNX-IT,20190829,11:34,15833.15,15841.60,15832.35,15840.25,0,0
CNX-IT,20190829,11:35,15839.95,15846.00,15839.10,15846.00,0,0
CNX-IT,20190829,11:36,15847.15,15847.15,15833.70,15840.00,0,0
CNX-IT,20190829,11:37,15839.65,15843.30,15835.30,15841.75,0,0
CNX-IT,20190829,11:38,15842.00,15842.60,15836.40,15837.60,0,0
CNX-IT,20190829,11:39,15837.80,15845.85,15835.95,15845.10,0,0
CNX-IT,20190829,11:40,15845.75,15854.85,15845.75,15854.65,0,0
CNX-IT,20190829,11:41,15856.45,15859.90,15854.10,15857.80,0,0
CNX-IT,20190829,11:42,15858.35,15858.60,15854.45,15855.45,0,0
CNX-IT,20190829,11:43,15856.05,15859.10,15851.10,15852.05,0,0
CNX-IT,20190829,11:44,15852.90,15854.35,15851.15,15854.30,0,0
CNX-IT,20190829,11:45,15854.05,15862.90,15853.95,15861.60,0,0
CNX-IT,20190829,11:46,15863.20,15863.20,15857.70,15858.55,0,0
CNX-IT,20190829,11:47,15858.75,15868.45,15858.75,15868.45,0,0
CNX-IT,20190829,11:48,15868.05,15874.15,15866.75,15867.55,0,0
CNX-IT,20190829,11:49,15868.00,15869.05,15857.25,15857.25,0,0
CNX-IT,20190829,11:50,15856.65,15859.20,15848.65,15848.90,0,0
CNX-IT,20190829,11:51,15849.65,15856.00,15843.95,15856.00,0,0
CNX-IT,20190829,11:52,15855.90,15868.05,15855.90,15866.90,0,0
CNX-IT,20190829,11:53,15865.05,15879.65,15862.85,15878.75,0,0
CNX-IT,20190829,11:54,15875.10,15882.40,15872.95,15873.00,0,0
CNX-IT,20190829,11:55,15873.90,15880.80,15873.85,15874.75,0,0
CNX-IT,20190829,11:56,15874.35,15874.45,15865.35,15870.65,0,0
CNX-IT,20190829,11:57,15870.05,15873.30,15866.25,15868.45,0,0
CNX-IT,20190829,11:58,15868.35,15868.35,15856.75,15866.55,0,0
CNX-IT,20190829,11:59,15865.35,15866.40,15856.10,15863.70,0,0
CNX-IT,20190829,12:00,15864.50,15872.00,15863.55,15870.60,0,0
CNX-IT,20190829,12:01,15869.00,15873.60,15865.25,15873.60,0,0
CNX-IT,20190829,12:02,15873.30,15874.80,15869.95,15871.90,0,0
CNX-IT,20190829,12:03,15872.50,15877.45,15872.50,15874.40,0,0
CNX-IT,20190829,12:04,15872.20,15880.65,15871.25,15874.50,0,0
CNX-IT,20190829,12:05,15876.45,15878.90,15872.25,15874.00,0,0
CNX-IT,20190829,12:06,15874.80,15877.55,15870.90,15875.35,0,0
CNX-IT,20190829,12:07,15875.65,15875.95,15866.70,15866.70,0,0
CNX-IT,20190829,12:08,15866.40,15871.25,15864.05,15868.65,0,0
CNX-IT,20190829,12:09,15868.70,15868.90,15863.10,15866.20,0,0
CNX-IT,20190829,12:10,15866.40,15868.60,15864.45,15867.35,0,0
CNX-IT,20190829,12:11,15867.65,15867.65,15859.15,15862.00,0,0
CNX-IT,20190829,12:12,15864.50,15868.05,15864.20,15867.90,0,0
CNX-IT,20190829,12:13,15867.55,15867.60,15854.15,15859.50,0,0
CNX-IT,20190829,12:14,15860.90,15864.20,15858.55,15858.55,0,0
CNX-IT,20190829,12:15,15858.65,15862.50,15854.40,15862.20,0,0
CNX-IT,20190829,12:16,15862.45,15862.50,15853.00,15854.90,0,0
CNX-IT,20190829,12:17,15854.20,15857.55,15853.55,15857.55,0,0
CNX-IT,20190829,12:18,15857.05,15864.45,15855.25,15864.45,0,0
CNX-IT,20190829,12:19,15864.40,15866.95,15861.25,15861.95,0,0
CNX-IT,20190829,12:20,15862.05,15868.60,15860.50,15866.30,0,0
CNX-IT,20190829,12:21,15865.75,15868.90,15860.55,15867.95,0,0
CNX-IT,20190829,12:22,15868.05,15871.30,15864.65,15868.20,0,0
CNX-IT,20190829,12:23,15868.30,15875.35,15865.00,15875.35,0,0
CNX-IT,20190829,12:24,15875.70,15881.75,15874.50,15880.85,0,0
CNX-IT,20190829,12:25,15880.10,15881.15,15870.20,15874.95,0,0
CNX-IT,20190829,12:26,15877.00,15877.80,15873.10,15876.15,0,0
CNX-IT,20190829,12:27,15877.20,15877.60,15870.50,15872.90,0,0
CNX-IT,20190829,12:28,15870.90,15876.65,15869.20,15876.20,0,0
CNX-IT,20190829,12:29,15875.05,15877.45,15869.50,15875.35,0,0
CNX-IT,20190829,12:30,15875.25,15879.65,15872.50,15875.35,0,0
CNX-IT,20190829,12:31,15877.15,15885.75,15876.55,15884.70,0,0
CNX-IT,20190829,12:32,15885.25,15888.75,15880.70,15885.35,0,0
CNX-IT,20190829,12:33,15884.70,15888.80,15881.45,15887.00,0,0
CNX-IT,20190829,12:34,15886.90,15887.80,15882.95,15884.05,0,0
CNX-IT,20190829,12:35,15882.25,15884.75,15878.40,15882.70,0,0
CNX-IT,20190829,12:36,15882.35,15884.40,15876.70,15883.30,0,0
CNX-IT,20190829,12:37,15883.20,15889.85,15882.10,15888.25,0,0
CNX-IT,20190829,12:38,15888.45,15890.70,15886.65,15889.80,0,0
CNX-IT,20190829,12:39,15890.15,15892.90,15888.70,15889.80,0,0
CNX-IT,20190829,12:40,15890.05,15893.15,15888.45,15889.60,0,0
CNX-IT,20190829,12:41,15889.40,15897.25,15887.35,15893.95,0,0
CNX-IT,20190829,12:42,15893.20,15897.65,15890.10,15895.90,0,0
CNX-IT,20190829,12:43,15895.40,15896.45,15890.10,15895.20,0,0
CNX-IT,20190829,12:44,15895.30,15904.85,15895.30,15904.30,0,0
CNX-IT,20190829,12:45,15904.00,15906.15,15895.85,15898.50,0,0
CNX-IT,20190829,12:46,15898.00,15906.20,15897.05,15903.90,0,0
CNX-IT,20190829,12:47,15904.15,15907.05,15900.75,15900.75,0,0
CNX-IT,20190829,12:48,15900.10,15902.80,15896.05,15897.75,0,0
CNX-IT,20190829,12:49,15897.15,15899.55,15888.95,15893.40,0,0
CNX-IT,20190829,12:50,15892.80,15895.45,15888.40,15888.85,0,0
CNX-IT,20190829,12:51,15889.45,15894.75,15888.85,15893.30,0,0
CNX-IT,20190829,12:52,15894.45,15895.70,15880.90,15885.85,0,0
CNX-IT,20190829,12:53,15886.05,15890.55,15881.85,15881.85,0,0
CNX-IT,20190829,12:54,15882.15,15887.50,15881.65,15884.95,0,0
CNX-IT,20190829,12:55,15885.10,15898.30,15884.70,15896.65,0,0
CNX-IT,20190829,12:56,15897.60,15901.70,15897.60,15901.35,0,0
CNX-IT,20190829,12:57,15901.10,15903.05,15899.30,15901.20,0,0
CNX-IT,20190829,12:58,15901.15,15901.15,15895.70,15896.95,0,0
CNX-IT,20190829,12:59,15897.05,15899.65,15891.40,15899.20,0,0
CNX-IT,20190829,13:00,15899.25,15900.90,15891.75,15899.55,0,0
CNX-IT,20190829,13:01,15899.10,15902.60,15894.00,15901.60,0,0
CNX-IT,20190829,13:02,15902.00,15911.85,15900.60,15911.30,0,0
CNX-IT,20190829,13:03,15912.70,15919.95,15912.70,15917.40,0,0
CNX-IT,20190829,13:04,15918.45,15919.30,15914.55,15916.00,0,0
CNX-IT,20190829,13:05,15914.80,15916.05,15911.40,15913.25,0,0
CNX-IT,20190829,13:06,15913.95,15914.10,15909.45,15909.60,0,0
CNX-IT,20190829,13:07,15909.70,15910.50,15904.60,15905.40,0,0
CNX-IT,20190829,13:08,15906.90,15909.10,15897.70,15899.15,0,0
CNX-IT,20190829,13:09,15897.50,15903.70,15895.95,15899.30,0,0
CNX-IT,20190829,13:10,15902.10,15907.35,15897.25,15900.40,0,0
CNX-IT,20190829,13:11,15900.65,15909.05,15900.10,15901.55,0,0
CNX-IT,20190829,13:12,15903.40,15905.15,15901.40,15901.85,0,0
CNX-IT,20190829,13:13,15903.35,15905.90,15901.80,15904.30,0,0
CNX-IT,20190829,13:14,15904.65,15909.05,15903.15,15903.90,0,0
CNX-IT,20190829,13:15,15905.45,15906.05,15891.70,15892.95,0,0
CNX-IT,20190829,13:16,15892.85,15897.10,15889.65,15894.20,0,0
CNX-IT,20190829,13:17,15895.15,15895.15,15875.05,15876.90,0,0
CNX-IT,20190829,13:18,15877.20,15880.85,15869.85,15878.70,0,0
CNX-IT,20190829,13:19,15878.90,15889.55,15878.90,15887.20,0,0
CNX-IT,20190829,13:20,15885.90,15894.40,15884.55,15891.50,0,0
CNX-IT,20190829,13:21,15892.00,15895.70,15891.35,15891.65,0,0
CNX-IT,20190829,13:22,15891.35,15897.10,15888.30,15892.95,0,0
CNX-IT,20190829,13:23,15892.85,15905.05,15892.85,15903.15,0,0
CNX-IT,20190829,13:24,15901.80,15905.50,15889.65,15890.35,0,0
CNX-IT,20190829,13:25,15892.65,15897.55,15890.45,15896.25,0,0
CNX-IT,20190829,13:26,15895.25,15896.45,15888.50,15892.35,0,0
CNX-IT,20190829,13:27,15892.65,15900.95,15886.75,15899.05,0,0
CNX-IT,20190829,13:28,15898.50,15898.50,15884.25,15894.65,0,0
CNX-IT,20190829,13:29,15895.85,15900.05,15887.60,15890.55,0,0
CNX-IT,20190829,13:30,15890.65,15893.60,15889.65,15891.50,0,0
CNX-IT,20190829,13:31,15891.75,15893.20,15880.40,15882.65,0,0
CNX-IT,20190829,13:32,15882.95,15883.00,15853.50,15855.05,0,0
CNX-IT,20190829,13:33,15854.75,15869.55,15854.10,15869.55,0,0
CNX-IT,20190829,13:34,15868.85,15877.95,15868.55,15873.40,0,0
CNX-IT,20190829,13:35,15873.10,15874.70,15857.45,15858.45,0,0
CNX-IT,20190829,13:36,15858.55,15868.35,15857.90,15868.35,0,0
CNX-IT,20190829,13:37,15867.70,15875.30,15867.40,15872.60,0,0
CNX-IT,20190829,13:38,15873.80,15881.20,15863.05,15863.05,0,0
CNX-IT,20190829,13:39,15861.80,15871.45,15859.85,15860.00,0,0
CNX-IT,20190829,13:40,15858.35,15871.80,15853.50,15853.50,0,0
CNX-IT,20190829,13:41,15854.10,15867.90,15853.05,15858.70,0,0
CNX-IT,20190829,13:42,15859.30,15868.70,15856.60,15863.50,0,0
CNX-IT,20190829,13:43,15869.35,15869.35,15855.15,15863.70,0,0
CNX-IT,20190829,13:44,15863.85,15865.95,15855.95,15862.80,0,0
CNX-IT,20190829,13:45,15863.15,15863.15,15853.70,15857.55,0,0
CNX-IT,20190829,13:46,15855.80,15866.05,15852.40,15866.05,0,0
CNX-IT,20190829,13:47,15866.90,15872.35,15864.20,15864.20,0,0
CNX-IT,20190829,13:48,15868.20,15874.00,15866.60,15873.80,0,0
CNX-IT,20190829,13:49,15873.85,15878.90,15863.60,15878.90,0,0
CNX-IT,20190829,13:50,15876.20,15882.80,15871.50,15874.05,0,0
CNX-IT,20190829,13:51,15875.80,15880.05,15872.15,15878.50,0,0
CNX-IT,20190829,13:52,15880.05,15881.25,15877.00,15880.65,0,0
CNX-IT,20190829,13:53,15880.95,15886.40,15874.65,15874.70,0,0
CNX-IT,20190829,13:54,15875.15,15880.25,15875.15,15877.30,0,0
CNX-IT,20190829,13:55,15878.85,15891.10,15878.85,15888.15,0,0
CNX-IT,20190829,13:56,15886.70,15891.00,15885.45,15887.65,0,0
CNX-IT,20190829,13:57,15887.70,15899.80,15887.70,15899.70,0,0
CNX-IT,20190829,13:58,15897.45,15899.65,15892.85,15896.25,0,0
CNX-IT,20190829,13:59,15895.95,15902.65,15894.60,15902.65,0,0
CNX-IT,20190829,14:00,15902.25,15909.75,15901.85,15909.75,0,0
CNX-IT,20190829,14:01,15909.40,15914.60,15906.90,15911.60,0,0
CNX-IT,20190829,14:02,15911.30,15913.75,15910.05,15910.25,0,0
CNX-IT,20190829,14:03,15909.75,15910.25,15903.55,15909.85,0,0
CNX-IT,20190829,14:04,15909.20,15912.05,15905.35,15909.05,0,0
CNX-IT,20190829,14:05,15908.90,15912.30,15907.85,15909.50,0,0
CNX-IT,20190829,14:06,15909.70,15921.50,15909.50,15921.50,0,0
CNX-IT,20190829,14:07,15921.35,15927.65,15913.25,15925.25,0,0
CNX-IT,20190829,14:08,15925.20,15927.45,15922.20,15927.45,0,0
CNX-IT,20190829,14:09,15926.80,15943.30,15926.80,15938.30,0,0
CNX-IT,20190829,14:10,15939.00,15940.55,15930.55,15936.35,0,0
CNX-IT,20190829,14:11,15936.20,15938.95,15932.70,15938.85,0,0
CNX-IT,20190829,14:12,15938.35,15940.90,15932.40,15932.40,0,0
CNX-IT,20190829,14:13,15934.00,15935.50,15927.30,15927.50,0,0
CNX-IT,20190829,14:14,15925.20,15932.65,15923.45,15930.20,0,0
CNX-IT,20190829,14:15,15930.90,15934.90,15928.45,15932.75,0,0
CNX-IT,20190829,14:16,15933.00,15934.25,15929.55,15933.50,0,0
CNX-IT,20190829,14:17,15934.00,15934.30,15929.80,15931.45,0,0
CNX-IT,20190829,14:18,15930.40,15935.25,15929.65,15932.35,0,0
CNX-IT,20190829,14:19,15932.95,15935.25,15927.75,15927.95,0,0
CNX-IT,20190829,14:20,15928.65,15930.10,15925.40,15928.65,0,0
CNX-IT,20190829,14:21,15927.50,15930.55,15922.00,15922.30,0,0
CNX-IT,20190829,14:22,15921.95,15932.05,15921.95,15931.05,0,0
CNX-IT,20190829,14:23,15930.75,15931.75,15926.65,15929.85,0,0
CNX-IT,20190829,14:24,15928.40,15933.65,15926.30,15926.30,0,0
CNX-IT,20190829,14:25,15925.20,15932.15,15924.50,15929.50,0,0
CNX-IT,20190829,14:26,15930.05,15931.75,15923.95,15928.90,0,0
CNX-IT,20190829,14:27,15927.95,15927.95,15911.35,15914.15,0,0
CNX-IT,20190829,14:28,15913.85,15914.90,15879.55,15882.10,0,0
CNX-IT,20190829,14:29,15882.20,15900.90,15881.75,15896.80,0,0
CNX-IT,20190829,14:30,15898.85,15900.50,15886.40,15886.40,0,0
CNX-IT,20190829,14:31,15884.45,15884.45,15870.40,15874.75,0,0
CNX-IT,20190829,14:32,15875.05,15880.55,15874.15,15880.55,0,0
CNX-IT,20190829,14:33,15880.80,15882.50,15873.75,15882.50,0,0
CNX-IT,20190829,14:34,15884.05,15889.50,15881.20,15885.10,0,0
CNX-IT,20190829,14:35,15885.85,15900.30,15884.25,15900.30,0,0
CNX-IT,20190829,14:36,15900.90,15902.45,15892.75,15895.50,0,0
CNX-IT,20190829,14:37,15895.35,15898.50,15894.40,15898.15,0,0
CNX-IT,20190829,14:38,15898.30,15898.30,15888.05,15897.05,0,0
CNX-IT,20190829,14:39,15896.70,15902.65,15895.55,15901.85,0,0
CNX-IT,20190829,14:40,15902.00,15904.30,15897.85,15900.80,0,0
CNX-IT,20190829,14:41,15901.30,15911.00,15901.30,15910.75,0,0
CNX-IT,20190829,14:42,15912.15,15913.20,15905.75,15906.55,0,0
CNX-IT,20190829,14:43,15905.05,15910.00,15901.30,15905.20,0,0
CNX-IT,20190829,14:44,15905.25,15906.60,15902.00,15902.30,0,0
CNX-IT,20190829,14:45,15901.95,15904.90,15897.10,15897.10,0,0
CNX-IT,20190829,14:46,15896.95,15899.95,15894.40,15896.35,0,0
CNX-IT,20190829,14:47,15897.15,15903.85,15894.45,15903.85,0,0
CNX-IT,20190829,14:48,15904.05,15907.35,15898.95,15903.60,0,0
CNX-IT,20190829,14:49,15903.25,15911.10,15903.25,15909.00,0,0
CNX-IT,20190829,14:50,15909.10,15910.35,15897.20,15897.20,0,0
CNX-IT,20190829,14:51,15898.50,15906.65,15898.50,15904.85,0,0
CNX-IT,20190829,14:52,15904.40,15912.55,15902.75,15910.15,0,0
CNX-IT,20190829,14:53,15910.05,15917.55,15910.05,15917.55,0,0
CNX-IT,20190829,14:54,15916.50,15917.35,15913.85,15915.50,0,0
CNX-IT,20190829,14:55,15915.45,15917.85,15912.10,15914.40,0,0
CNX-IT,20190829,14:56,15913.70,15915.35,15909.30,15909.40,0,0
CNX-IT,20190829,14:57,15909.95,15912.90,15908.25,15911.95,0,0
CNX-IT,20190829,14:58,15912.60,15915.30,15911.45,15912.70,0,0
CNX-IT,20190829,14:59,15912.10,15914.45,15910.30,15913.40,0,0
CNX-IT,20190829,15:00,15911.25,15916.05,15910.55,15915.40,0,0
CNX-IT,20190829,15:01,15917.35,15918.75,15898.30,15898.50,0,0
CNX-IT,20190829,15:02,15899.10,15901.75,15894.70,15895.70,0,0
CNX-IT,20190829,15:03,15897.80,15897.85,15885.50,15888.60,0,0
CNX-IT,20190829,15:04,15889.50,15895.50,15883.55,15895.40,0,0
CNX-IT,20190829,15:05,15898.25,15901.30,15894.15,15895.80,0,0
CNX-IT,20190829,15:06,15895.35,15896.60,15888.55,15893.20,0,0
CNX-IT,20190829,15:07,15893.10,15895.00,15889.45,15894.45,0,0
CNX-IT,20190829,15:08,15894.65,15898.75,15891.80,15898.75,0,0
CNX-IT,20190829,15:09,15896.90,15901.15,15894.10,15896.45,0,0
CNX-IT,20190829,15:10,15895.05,15900.35,15884.45,15900.35,0,0
CNX-IT,20190829,15:11,15896.15,15896.15,15873.35,15873.35,0,0
CNX-IT,20190829,15:12,15874.60,15874.70,15865.20,15865.25,0,0
CNX-IT,20190829,15:13,15865.35,15867.15,15848.45,15849.10,0,0
CNX-IT,20190829,15:14,15843.80,15854.40,15843.80,15853.35,0,0
CNX-IT,20190829,15:15,15852.45,15859.70,15851.40,15859.00,0,0
CNX-IT,20190829,15:16,15857.15,15875.95,15855.25,15875.95,0,0
CNX-IT,20190829,15:17,15876.10,15886.05,15876.10,15886.05,0,0
CNX-IT,20190829,15:18,15884.65,15888.10,15882.05,15888.10,0,0
CNX-IT,20190829,15:19,15885.55,15892.80,15882.40,15892.80,0,0
CNX-IT,20190829,15:20,15889.20,15900.45,15887.65,15899.95,0,0
CNX-IT,20190829,15:21,15897.35,15903.70,15893.70,15903.70,0,0
CNX-IT,20190829,15:22,15901.05,15903.75,15893.45,15894.15,0,0
CNX-IT,20190829,15:23,15894.25,15894.25,15888.85,15891.45,0,0
CNX-IT,20190829,15:24,15891.15,15898.90,15890.40,15898.90,0,0
CNX-IT,20190829,15:25,15898.55,15899.20,15892.90,15894.80,0,0
CNX-IT,20190829,15:26,15894.60,15895.95,15880.90,15883.15,0,0
CNX-IT,20190829,15:27,15883.00,15884.95,15879.15,15881.30,0,0
CNX-IT,20190829,15:28,15879.10,15882.70,15875.95,15879.20,0,0
CNX-IT,20190829,15:29,15881.40,15895.65,15874.75,15894.60,0,0
CNX-IT,20190829,15:30,15894.10,15898.90,15878.80,15885.00,0,0
CNX-IT,20190829,15:31,15883.80,15883.80,15883.80,15883.80,0,0
CNX-IT,20190829,15:32,15881.40,15884.55,15881.40,15884.55,0,0
