POWERGRID,20210507,09:08,216.35,216.35,216.35,216.35,12584,0
POWERGRID,20210507,09:16,216.45,216.80,214.80,215.50,137449,0
POWERGRID,20210507,09:17,215.60,215.70,214.70,214.80,91101,0
POWERGRID,20210507,09:18,214.35,215.00,214.35,214.50,118970,0
POWERGRID,20210507,09:19,214.55,214.65,214.45,214.45,54977,0
POWERGRID,20210507,09:20,214.55,214.70,214.50,214.55,34955,0
POWERGRID,20210507,09:21,214.60,214.95,214.50,214.90,119895,0
POWERGRID,20210507,09:22,215.05,215.05,214.55,215.05,126079,0
POWERGRID,20210507,09:23,214.85,214.85,214.50,214.50,55870,0
POWERGRID,20210507,09:24,214.50,214.50,214.00,214.10,128130,0
POWERGRID,20210507,09:25,214.10,214.35,214.00,214.25,79677,0
POWERGRID,20210507,09:26,214.25,214.25,213.60,213.80,163343,0
POWERGRID,20210507,09:27,213.50,213.80,213.50,213.80,121672,0
POWERGRID,20210507,09:28,213.90,214.15,213.90,214.15,29014,0
POWERGRID,20210507,09:29,214.10,214.10,213.85,214.05,114073,0
POWERGRID,20210507,09:30,214.00,214.30,214.00,214.30,48382,0
POWERGRID,20210507,09:31,214.30,214.80,214.30,214.80,133298,0
POWERGRID,20210507,09:32,214.75,215.00,214.75,214.75,83575,0
POWERGRID,20210507,09:33,214.80,214.80,214.70,214.75,11459,0
POWERGRID,20210507,09:34,214.75,214.90,214.55,214.85,78829,0
POWERGRID,20210507,09:35,214.85,214.85,214.65,214.65,11689,0
POWERGRID,20210507,09:36,214.70,214.70,214.55,214.55,11892,0
POWERGRID,20210507,09:37,214.55,214.55,214.45,214.50,7825,0
POWERGRID,20210507,09:38,214.50,214.50,214.10,214.15,12769,0
POWERGRID,20210507,09:39,214.15,214.15,214.10,214.15,7954,0
POWERGRID,20210507,09:40,214.20,214.45,214.20,214.45,8179,0
POWERGRID,20210507,09:41,214.40,214.45,214.35,214.40,9005,0
POWERGRID,20210507,09:42,214.35,214.45,214.30,214.35,5551,0
POWERGRID,20210507,09:43,214.40,214.50,214.35,214.50,6683,0
POWERGRID,20210507,09:44,214.50,214.65,214.40,214.55,18312,0
POWERGRID,20210507,09:45,214.65,214.65,214.60,214.65,8231,0
POWERGRID,20210507,09:46,214.65,214.75,214.60,214.75,18771,0
POWERGRID,20210507,09:47,214.75,214.80,214.50,214.50,142418,0
POWERGRID,20210507,09:48,214.45,214.50,214.25,214.35,37069,0
POWERGRID,20210507,09:49,214.35,214.35,214.25,214.25,11838,0
POWERGRID,20210507,09:50,214.25,214.45,214.20,214.45,45049,0
POWERGRID,20210507,09:51,214.45,214.45,214.20,214.20,14056,0
POWERGRID,20210507,09:52,214.30,214.40,214.20,214.40,6867,0
POWERGRID,20210507,09:53,214.35,214.40,214.25,214.30,6136,0
POWERGRID,20210507,09:54,214.30,214.30,214.20,214.20,19677,0
POWERGRID,20210507,09:55,214.25,214.65,214.20,214.65,31844,0
POWERGRID,20210507,09:56,214.65,214.65,214.35,214.35,18001,0
POWERGRID,20210507,09:57,214.55,214.60,214.40,214.50,23112,0
POWERGRID,20210507,09:58,214.45,214.60,214.40,214.45,14265,0
POWERGRID,20210507,09:59,214.50,214.50,214.15,214.35,45487,0
POWERGRID,20210507,10:00,214.40,214.40,214.15,214.15,18223,0
POWERGRID,20210507,10:01,214.10,214.15,214.00,214.15,12031,0
POWERGRID,20210507,10:02,214.15,214.15,214.00,214.05,18204,0
POWERGRID,20210507,10:03,214.05,214.15,214.00,214.00,17711,0
POWERGRID,20210507,10:04,214.00,214.15,214.00,214.05,3303,0
POWERGRID,20210507,10:05,214.10,214.20,214.05,214.20,11344,0
POWERGRID,20210507,10:06,214.10,214.20,214.10,214.15,3786,0
POWERGRID,20210507,10:07,214.20,214.40,214.20,214.30,13740,0
POWERGRID,20210507,10:08,214.30,214.35,214.30,214.35,4966,0
POWERGRID,20210507,10:09,214.35,214.35,214.25,214.25,4046,0
POWERGRID,20210507,10:10,214.30,214.40,214.25,214.40,3317,0
POWERGRID,20210507,10:11,214.40,214.40,214.35,214.35,2030,0
POWERGRID,20210507,10:12,214.40,214.45,214.35,214.35,6370,0
POWERGRID,20210507,10:13,214.40,214.40,214.35,214.35,976,0
POWERGRID,20210507,10:14,214.40,214.45,214.35,214.40,8364,0
POWERGRID,20210507,10:15,214.45,214.65,214.35,214.55,26913,0
POWERGRID,20210507,10:16,214.55,214.55,214.45,214.50,6420,0
POWERGRID,20210507,10:17,214.50,214.50,214.45,214.50,4217,0
POWERGRID,20210507,10:18,214.50,214.80,214.50,214.65,25004,0
POWERGRID,20210507,10:19,214.65,214.70,214.65,214.70,6448,0
POWERGRID,20210507,10:20,214.65,214.65,214.60,214.65,1047,0
POWERGRID,20210507,10:21,214.90,214.95,214.75,214.80,74049,0
POWERGRID,20210507,10:22,214.85,214.85,214.80,214.85,16812,0
POWERGRID,20210507,10:23,214.85,214.85,214.70,214.70,6292,0
POWERGRID,20210507,10:24,214.75,214.80,214.70,214.75,9697,0
POWERGRID,20210507,10:25,214.80,214.85,214.75,214.80,21060,0
POWERGRID,20210507,10:26,214.85,214.85,214.75,214.75,18240,0
POWERGRID,20210507,10:27,214.70,214.75,214.70,214.75,7675,0
POWERGRID,20210507,10:28,214.80,214.85,214.70,214.70,3190,0
POWERGRID,20210507,10:29,214.80,214.80,214.70,214.80,5389,0
POWERGRID,20210507,10:30,214.80,214.85,214.75,214.85,7448,0
POWERGRID,20210507,10:31,214.80,214.85,214.70,214.70,4853,0
POWERGRID,20210507,10:32,214.80,214.90,214.75,214.80,8347,0
POWERGRID,20210507,10:33,214.80,214.95,214.80,214.85,15746,0
POWERGRID,20210507,10:34,214.95,214.95,214.85,214.85,7021,0
POWERGRID,20210507,10:35,214.90,214.95,214.85,214.95,3725,0
POWERGRID,20210507,10:36,214.95,215.15,214.85,215.05,19645,0
POWERGRID,20210507,10:37,215.15,215.15,214.95,215.10,15744,0
POWERGRID,20210507,10:38,215.10,215.15,215.00,215.00,6191,0
POWERGRID,20210507,10:39,215.05,215.10,214.85,214.85,6929,0
POWERGRID,20210507,10:40,214.85,215.00,214.85,215.00,8588,0
POWERGRID,20210507,10:41,215.00,215.10,214.90,214.90,17686,0
POWERGRID,20210507,10:42,214.95,214.95,214.80,214.85,6950,0
POWERGRID,20210507,10:43,214.90,215.05,214.85,215.00,10470,0
POWERGRID,20210507,10:44,215.00,215.00,214.95,214.95,4991,0
POWERGRID,20210507,10:45,214.95,215.00,214.95,215.00,4459,0
POWERGRID,20210507,10:46,214.95,215.00,214.90,214.90,10834,0
POWERGRID,20210507,10:47,214.90,214.90,214.80,214.80,8605,0
POWERGRID,20210507,10:48,214.85,214.90,214.85,214.85,11389,0
POWERGRID,20210507,10:49,214.85,214.85,214.55,214.60,16111,0
POWERGRID,20210507,10:50,214.55,214.60,214.40,214.45,6667,0
POWERGRID,20210507,10:51,214.50,214.60,214.40,214.50,12251,0
POWERGRID,20210507,10:52,214.55,214.60,214.45,214.55,8491,0
POWERGRID,20210507,10:53,214.50,214.50,214.40,214.45,7249,0
POWERGRID,20210507,10:54,214.40,214.45,214.40,214.40,12348,0
POWERGRID,20210507,10:55,214.45,214.60,214.45,214.55,8910,0
POWERGRID,20210507,10:56,214.60,214.65,214.50,214.65,5824,0
POWERGRID,20210507,10:57,214.60,214.75,214.60,214.65,8196,0
POWERGRID,20210507,10:58,214.65,214.75,214.65,214.65,6316,0
POWERGRID,20210507,10:59,214.70,214.80,214.65,214.75,5942,0
POWERGRID,20210507,11:00,214.80,214.85,214.75,214.75,13028,0
POWERGRID,20210507,11:01,214.85,214.85,214.65,214.65,17140,0
POWERGRID,20210507,11:02,214.75,214.90,214.65,214.75,4458,0
POWERGRID,20210507,11:03,214.80,214.90,214.75,214.85,3606,0
POWERGRID,20210507,11:04,214.90,214.90,214.80,214.85,4144,0
POWERGRID,20210507,11:05,214.90,214.90,214.80,214.85,6143,0
POWERGRID,20210507,11:06,214.90,214.95,214.80,214.90,3719,0
POWERGRID,20210507,11:07,214.90,214.95,214.85,214.95,5900,0
POWERGRID,20210507,11:08,214.95,214.95,214.85,214.90,3764,0
POWERGRID,20210507,11:09,214.95,215.15,214.90,215.05,25126,0
POWERGRID,20210507,11:10,215.10,215.10,215.05,215.05,7908,0
POWERGRID,20210507,11:11,215.10,215.10,215.00,215.00,6247,0
POWERGRID,20210507,11:12,215.10,215.10,214.90,215.00,11204,0
POWERGRID,20210507,11:13,215.00,215.05,214.90,215.00,6145,0
POWERGRID,20210507,11:14,214.90,215.05,214.90,215.00,3210,0
POWERGRID,20210507,11:15,215.05,215.10,215.00,215.05,2830,0
POWERGRID,20210507,11:16,215.00,215.20,214.95,214.95,28410,0
POWERGRID,20210507,11:17,215.00,215.00,214.95,214.95,3454,0
POWERGRID,20210507,11:18,215.00,215.05,214.95,214.95,5644,0
POWERGRID,20210507,11:19,215.05,215.05,214.95,215.00,3579,0
POWERGRID,20210507,11:20,215.05,215.15,215.00,215.15,4177,0
POWERGRID,20210507,11:21,215.15,215.15,215.00,215.15,15552,0
POWERGRID,20210507,11:22,215.10,215.10,215.00,215.05,19176,0
POWERGRID,20210507,11:23,215.00,215.10,214.95,215.05,8520,0
POWERGRID,20210507,11:24,215.10,215.10,215.00,215.00,10394,0
POWERGRID,20210507,11:25,214.95,215.10,214.95,215.10,17779,0
POWERGRID,20210507,11:26,215.05,215.30,215.00,215.15,40684,0
POWERGRID,20210507,11:27,215.20,215.30,215.10,215.15,7812,0
POWERGRID,20210507,11:28,215.20,215.25,215.10,215.25,11557,0
POWERGRID,20210507,11:29,215.10,215.25,215.10,215.25,3604,0
POWERGRID,20210507,11:30,215.25,215.40,215.15,215.30,42007,0
POWERGRID,20210507,11:31,215.30,215.40,215.15,215.15,24273,0
POWERGRID,20210507,11:32,215.20,215.20,215.05,215.15,9175,0
POWERGRID,20210507,11:33,215.15,215.25,215.10,215.20,8043,0
POWERGRID,20210507,11:34,215.20,215.20,215.05,215.15,8339,0
POWERGRID,20210507,11:35,215.15,215.25,215.05,215.20,14629,0
POWERGRID,20210507,11:36,215.20,215.25,215.05,215.25,4351,0
POWERGRID,20210507,11:37,215.25,215.25,215.10,215.20,4536,0
POWERGRID,20210507,11:38,215.15,215.30,215.05,215.15,35070,0
POWERGRID,20210507,11:39,215.15,215.15,215.05,215.10,7468,0
POWERGRID,20210507,11:40,215.15,215.20,215.05,215.20,6665,0
POWERGRID,20210507,11:41,215.05,215.20,215.05,215.05,5191,0
POWERGRID,20210507,11:42,215.15,215.35,215.05,215.30,17125,0
POWERGRID,20210507,11:43,215.35,215.40,215.20,215.35,8372,0
POWERGRID,20210507,11:44,215.30,215.40,215.30,215.35,11019,0
POWERGRID,20210507,11:45,215.35,215.35,215.20,215.30,5719,0
POWERGRID,20210507,11:46,215.30,215.40,215.25,215.40,3699,0
POWERGRID,20210507,11:47,215.40,215.40,215.25,215.35,3715,0
POWERGRID,20210507,11:48,215.35,215.40,215.25,215.35,3388,0
POWERGRID,20210507,11:49,215.30,215.40,215.25,215.35,8070,0
POWERGRID,20210507,11:50,215.30,215.35,215.20,215.30,9294,0
POWERGRID,20210507,11:51,215.30,215.50,215.30,215.50,26985,0
POWERGRID,20210507,11:52,215.50,215.55,215.30,215.35,19718,0
POWERGRID,20210507,11:53,215.25,215.35,215.10,215.30,4038,0
POWERGRID,20210507,11:54,215.30,215.30,215.20,215.25,3653,0
POWERGRID,20210507,11:55,215.35,215.45,215.30,215.45,12277,0
POWERGRID,20210507,11:56,215.45,215.45,215.25,215.40,9288,0
POWERGRID,20210507,11:57,215.40,215.40,215.25,215.40,5791,0
POWERGRID,20210507,11:58,215.40,215.50,215.30,215.40,7657,0
POWERGRID,20210507,11:59,215.40,215.40,215.10,215.20,14437,0
POWERGRID,20210507,12:00,215.15,215.35,215.10,215.20,9094,0
POWERGRID,20210507,12:01,215.15,215.15,214.95,215.05,24364,0
POWERGRID,20210507,12:02,215.00,215.10,215.00,215.10,19125,0
POWERGRID,20210507,12:03,215.10,215.10,215.00,215.10,5908,0
POWERGRID,20210507,12:04,215.10,215.15,215.00,215.05,12525,0
POWERGRID,20210507,12:05,215.05,215.15,215.00,215.05,8552,0
POWERGRID,20210507,12:06,215.05,215.15,214.95,215.15,10000,0
POWERGRID,20210507,12:07,215.20,215.25,215.10,215.25,9477,0
POWERGRID,20210507,12:08,215.30,215.45,215.15,215.40,25060,0
POWERGRID,20210507,12:09,215.45,215.45,215.20,215.20,9720,0
POWERGRID,20210507,12:10,215.25,215.30,215.15,215.30,5281,0
POWERGRID,20210507,12:11,215.30,215.35,215.20,215.30,6455,0
POWERGRID,20210507,12:12,215.30,215.30,214.90,214.95,29591,0
POWERGRID,20210507,12:13,214.90,215.00,214.80,215.00,23374,0
POWERGRID,20210507,12:14,214.95,215.05,214.90,215.05,13873,0
POWERGRID,20210507,12:15,215.05,215.25,215.00,215.25,10518,0
POWERGRID,20210507,12:16,215.25,215.25,215.05,215.15,7443,0
POWERGRID,20210507,12:17,215.15,215.20,215.05,215.15,5789,0
POWERGRID,20210507,12:18,215.15,215.20,215.05,215.20,4767,0
POWERGRID,20210507,12:19,215.20,215.25,215.05,215.20,4956,0
POWERGRID,20210507,12:20,215.05,215.25,215.05,215.25,3585,0
POWERGRID,20210507,12:21,215.25,215.25,215.10,215.25,4822,0
POWERGRID,20210507,12:22,215.25,215.25,215.10,215.20,4080,0
POWERGRID,20210507,12:23,215.25,215.35,215.10,215.20,15666,0
POWERGRID,20210507,12:24,215.30,215.35,215.15,215.20,5298,0
POWERGRID,20210507,12:25,215.20,215.25,215.05,215.15,10201,0
POWERGRID,20210507,12:26,215.15,215.15,215.00,215.05,5652,0
POWERGRID,20210507,12:27,215.05,215.10,215.00,215.05,7959,0
POWERGRID,20210507,12:28,215.05,215.10,215.00,215.10,6879,0
POWERGRID,20210507,12:29,215.10,215.15,215.05,215.15,3301,0
POWERGRID,20210507,12:30,215.15,215.20,215.05,215.20,4754,0
POWERGRID,20210507,12:31,215.20,215.25,215.05,215.20,6986,0
POWERGRID,20210507,12:32,215.15,215.20,215.05,215.10,7332,0
POWERGRID,20210507,12:33,215.05,215.15,215.05,215.15,5229,0
POWERGRID,20210507,12:34,215.15,215.15,215.05,215.05,4683,0
POWERGRID,20210507,12:35,215.15,215.20,215.05,215.05,8277,0
POWERGRID,20210507,12:36,215.10,215.15,215.00,215.05,7082,0
POWERGRID,20210507,12:37,215.00,215.15,214.95,215.10,12315,0
POWERGRID,20210507,12:38,215.00,215.15,215.00,215.15,6567,0
POWERGRID,20210507,12:39,215.15,215.20,215.00,215.20,4977,0
POWERGRID,20210507,12:40,215.20,215.20,215.05,215.20,4698,0
POWERGRID,20210507,12:41,215.15,215.25,215.10,215.15,5049,0
POWERGRID,20210507,12:42,215.15,215.25,215.10,215.25,4757,0
POWERGRID,20210507,12:43,215.15,215.30,215.10,215.30,16823,0
POWERGRID,20210507,12:44,215.20,215.35,215.15,215.35,5124,0
POWERGRID,20210507,12:45,215.35,215.35,215.20,215.20,3557,0
POWERGRID,20210507,12:46,215.35,215.35,215.20,215.30,8477,0
POWERGRID,20210507,12:47,215.20,215.25,215.00,215.10,5143,0
POWERGRID,20210507,12:48,215.10,215.15,215.00,215.15,3145,0
POWERGRID,20210507,12:49,215.15,215.15,215.05,215.15,5399,0
POWERGRID,20210507,12:50,215.10,215.15,215.00,215.15,8197,0
POWERGRID,20210507,12:51,215.15,215.15,215.05,215.15,3203,0
POWERGRID,20210507,12:52,215.15,215.15,215.00,215.10,3415,0
POWERGRID,20210507,12:53,215.10,215.15,215.00,215.15,5799,0
POWERGRID,20210507,12:54,215.15,215.15,215.00,215.10,4768,0
POWERGRID,20210507,12:55,215.00,215.20,215.00,215.20,7549,0
POWERGRID,20210507,12:56,215.20,215.30,215.10,215.25,9944,0
POWERGRID,20210507,12:57,215.25,215.30,215.20,215.30,5437,0
POWERGRID,20210507,12:58,215.30,215.40,215.20,215.35,12483,0
POWERGRID,20210507,12:59,215.35,215.35,215.15,215.15,9808,0
POWERGRID,20210507,13:00,215.25,215.35,215.15,215.30,5739,0
POWERGRID,20210507,13:01,215.25,215.40,215.25,215.40,8266,0
POWERGRID,20210507,13:02,215.30,215.45,215.25,215.45,5483,0
POWERGRID,20210507,13:03,215.45,215.50,215.30,215.40,12666,0
POWERGRID,20210507,13:04,215.40,215.45,215.30,215.40,9703,0
POWERGRID,20210507,13:05,215.35,215.50,215.30,215.50,20390,0
POWERGRID,20210507,13:06,215.50,215.50,215.30,215.50,7721,0
POWERGRID,20210507,13:07,215.50,215.50,215.25,215.35,16790,0
POWERGRID,20210507,13:08,215.30,215.35,215.15,215.25,4206,0
POWERGRID,20210507,13:09,215.25,215.25,215.00,215.00,27305,0
POWERGRID,20210507,13:10,215.10,215.15,215.05,215.10,5358,0
POWERGRID,20210507,13:11,215.10,215.20,215.05,215.15,7967,0
POWERGRID,20210507,13:12,215.15,215.20,215.05,215.20,4482,0
POWERGRID,20210507,13:13,215.20,215.25,215.10,215.20,5104,0
POWERGRID,20210507,13:14,215.20,215.25,215.05,215.25,5566,0
POWERGRID,20210507,13:15,215.15,215.25,215.05,215.20,7237,0
POWERGRID,20210507,13:16,215.20,215.25,215.10,215.15,8861,0
POWERGRID,20210507,13:17,215.20,215.20,215.05,215.20,5045,0
POWERGRID,20210507,13:18,215.20,215.20,215.05,215.20,7805,0
POWERGRID,20210507,13:19,215.25,215.25,215.10,215.25,6091,0
POWERGRID,20210507,13:20,215.25,215.30,215.15,215.20,12779,0
POWERGRID,20210507,13:21,215.25,215.30,215.15,215.30,4793,0
POWERGRID,20210507,13:22,215.35,215.35,215.15,215.25,11971,0
POWERGRID,20210507,13:23,215.15,215.35,215.15,215.20,7267,0
POWERGRID,20210507,13:24,215.35,215.40,215.20,215.40,4130,0
POWERGRID,20210507,13:25,215.35,215.45,215.25,215.40,7546,0
POWERGRID,20210507,13:26,215.40,215.40,215.30,215.40,5691,0
POWERGRID,20210507,13:27,215.40,215.60,215.35,215.55,32185,0
POWERGRID,20210507,13:28,215.65,215.65,215.35,215.50,9903,0
POWERGRID,20210507,13:29,215.50,215.55,215.45,215.55,6158,0
POWERGRID,20210507,13:30,215.55,215.60,215.50,215.60,6788,0
POWERGRID,20210507,13:31,215.60,215.70,215.50,215.70,3633,0
POWERGRID,20210507,13:32,215.70,215.70,215.60,215.70,5561,0
POWERGRID,20210507,13:33,215.70,215.80,215.60,215.80,8307,0
POWERGRID,20210507,13:34,215.80,215.95,215.75,215.95,16295,0
POWERGRID,20210507,13:35,215.85,215.90,215.75,215.80,17541,0
POWERGRID,20210507,13:36,215.75,215.80,215.65,215.65,10892,0
POWERGRID,20210507,13:37,215.60,215.65,215.50,215.65,8614,0
POWERGRID,20210507,13:38,215.65,215.75,215.60,215.75,6016,0
POWERGRID,20210507,13:39,215.80,215.85,215.65,215.85,7794,0
POWERGRID,20210507,13:40,215.90,215.90,215.75,215.90,10923,0
POWERGRID,20210507,13:41,215.90,215.90,215.75,215.80,12119,0
POWERGRID,20210507,13:42,215.75,215.80,215.75,215.80,4777,0
POWERGRID,20210507,13:43,215.85,215.85,215.75,215.80,7118,0
POWERGRID,20210507,13:44,215.75,215.90,215.75,215.90,7457,0
POWERGRID,20210507,13:45,215.80,215.90,215.80,215.90,8843,0
POWERGRID,20210507,13:46,215.90,215.90,215.80,215.90,7171,0
POWERGRID,20210507,13:47,215.80,215.95,215.80,215.95,9746,0
POWERGRID,20210507,13:48,215.95,215.95,215.80,215.90,11217,0
POWERGRID,20210507,13:49,215.90,215.95,215.80,215.85,15686,0
POWERGRID,20210507,13:50,215.85,215.90,215.75,215.80,7274,0
POWERGRID,20210507,13:51,215.90,215.90,215.80,215.90,12462,0
POWERGRID,20210507,13:52,215.90,215.95,215.75,215.85,8793,0
POWERGRID,20210507,13:53,215.85,216.00,215.80,215.85,7762,0
POWERGRID,20210507,13:54,215.95,215.95,215.75,215.90,9601,0
POWERGRID,20210507,13:55,215.90,216.00,215.75,215.95,10712,0
POWERGRID,20210507,13:56,215.85,215.95,215.60,215.70,11189,0
POWERGRID,20210507,13:57,215.70,215.70,215.60,215.70,5668,0
POWERGRID,20210507,13:58,215.70,215.70,215.60,215.70,7339,0
POWERGRID,20210507,13:59,215.60,215.70,215.60,215.65,3612,0
POWERGRID,20210507,14:00,215.65,215.70,215.55,215.70,7380,0
POWERGRID,20210507,14:01,215.70,215.90,215.60,215.80,10167,0
POWERGRID,20210507,14:02,215.85,215.95,215.80,215.90,6085,0
POWERGRID,20210507,14:03,215.95,215.95,215.85,215.90,9341,0
POWERGRID,20210507,14:04,215.90,215.90,215.80,215.85,7642,0
POWERGRID,20210507,14:05,215.85,215.85,215.70,215.75,4876,0
POWERGRID,20210507,14:06,215.75,215.80,215.70,215.80,4370,0
POWERGRID,20210507,14:07,215.75,215.85,215.70,215.85,5575,0
POWERGRID,20210507,14:08,215.85,215.95,215.75,215.95,8538,0
POWERGRID,20210507,14:09,215.90,216.00,215.90,215.95,14069,0
POWERGRID,20210507,14:10,215.95,215.95,215.90,215.90,10791,0
POWERGRID,20210507,14:11,215.90,215.95,215.80,215.95,9057,0
POWERGRID,20210507,14:12,215.95,215.95,215.75,215.95,4043,0
POWERGRID,20210507,14:13,215.95,215.95,215.75,215.80,10710,0
POWERGRID,20210507,14:14,215.80,216.25,215.70,215.75,98884,0
POWERGRID,20210507,14:15,215.75,215.75,215.65,215.70,8440,0
POWERGRID,20210507,14:16,215.70,215.75,215.65,215.75,7917,0
POWERGRID,20210507,14:17,215.75,215.80,215.70,215.80,5848,0
POWERGRID,20210507,14:18,215.75,215.90,215.70,215.90,4204,0
POWERGRID,20210507,14:19,215.90,215.95,215.75,215.90,13596,0
POWERGRID,20210507,14:20,215.90,215.95,215.75,215.85,8321,0
POWERGRID,20210507,14:21,215.85,215.90,215.75,215.85,8605,0
POWERGRID,20210507,14:22,215.85,215.85,215.65,215.70,7655,0
POWERGRID,20210507,14:23,215.70,215.85,215.55,215.85,30502,0
POWERGRID,20210507,14:24,215.85,215.95,215.75,215.95,7823,0
POWERGRID,20210507,14:25,215.95,215.95,215.85,215.90,6553,0
POWERGRID,20210507,14:26,215.90,215.95,215.85,215.95,5542,0
POWERGRID,20210507,14:27,215.90,215.95,215.60,215.65,58986,0
POWERGRID,20210507,14:28,215.65,215.65,215.55,215.65,4599,0
POWERGRID,20210507,14:29,215.65,215.70,215.55,215.70,6563,0
POWERGRID,20210507,14:30,215.70,215.75,215.65,215.70,21614,0
POWERGRID,20210507,14:31,215.70,215.75,215.60,215.70,6459,0
POWERGRID,20210507,14:32,215.70,215.90,215.65,215.90,4745,0
POWERGRID,20210507,14:33,215.90,215.90,215.85,215.90,5769,0
POWERGRID,20210507,14:34,215.90,215.90,215.85,215.90,4750,0
POWERGRID,20210507,14:35,215.90,215.95,215.80,215.80,6528,0
POWERGRID,20210507,14:36,215.85,215.95,215.80,215.90,12751,0
POWERGRID,20210507,14:37,215.90,215.95,215.90,215.95,9957,0
POWERGRID,20210507,14:38,215.95,215.95,215.90,215.95,10157,0
POWERGRID,20210507,14:39,215.95,215.95,215.90,215.95,3977,0
POWERGRID,20210507,14:40,215.95,216.10,215.85,216.05,17138,0
POWERGRID,20210507,14:41,216.05,216.15,216.00,216.15,9556,0
POWERGRID,20210507,14:42,216.15,216.20,216.00,216.15,13065,0
POWERGRID,20210507,14:43,216.15,216.25,216.15,216.25,8302,0
POWERGRID,20210507,14:44,216.25,216.25,216.05,216.25,10268,0
POWERGRID,20210507,14:45,216.25,216.25,216.10,216.10,12953,0
POWERGRID,20210507,14:46,216.15,216.40,216.15,216.35,15005,0
POWERGRID,20210507,14:47,216.30,216.35,216.05,216.15,13391,0
POWERGRID,20210507,14:48,216.15,216.20,216.10,216.20,8276,0
POWERGRID,20210507,14:49,216.20,216.20,215.80,215.90,26803,0
POWERGRID,20210507,14:50,215.85,215.85,215.70,215.80,9839,0
POWERGRID,20210507,14:51,215.80,215.85,215.60,215.70,20477,0
POWERGRID,20210507,14:52,215.75,215.85,215.65,215.80,13763,0
POWERGRID,20210507,14:53,215.75,216.05,215.75,216.00,28120,0
POWERGRID,20210507,14:54,216.00,216.10,215.95,215.95,8378,0
POWERGRID,20210507,14:55,216.05,216.10,215.95,215.95,10469,0
POWERGRID,20210507,14:56,216.05,216.10,215.90,215.90,25735,0
POWERGRID,20210507,14:57,215.95,215.95,215.85,215.90,9515,0
POWERGRID,20210507,14:58,215.90,216.00,215.85,215.95,6180,0
POWERGRID,20210507,14:59,215.95,215.95,215.80,215.85,8880,0
POWERGRID,20210507,15:00,215.85,215.90,215.80,215.90,8887,0
POWERGRID,20210507,15:01,215.90,215.90,215.25,215.25,26639,0
POWERGRID,20210507,15:02,215.25,215.25,215.00,215.15,67595,0
POWERGRID,20210507,15:03,215.15,215.15,215.00,215.05,51403,0
POWERGRID,20210507,15:04,215.05,215.10,215.00,215.10,54899,0
POWERGRID,20210507,15:05,215.05,215.15,215.05,215.10,39965,0
POWERGRID,20210507,15:06,215.15,215.15,214.90,214.95,76791,0
POWERGRID,20210507,15:07,214.85,215.00,214.70,214.90,95959,0
POWERGRID,20210507,15:08,214.90,214.95,214.85,214.95,29027,0
POWERGRID,20210507,15:09,214.95,214.95,214.80,214.85,32415,0
POWERGRID,20210507,15:10,214.80,214.85,214.75,214.80,29153,0
POWERGRID,20210507,15:11,214.80,214.80,214.65,214.70,54649,0
POWERGRID,20210507,15:12,214.70,214.70,214.30,214.30,63113,0
POWERGRID,20210507,15:13,214.45,214.55,214.40,214.45,61685,0
POWERGRID,20210507,15:14,214.50,214.60,214.45,214.50,52483,0
POWERGRID,20210507,15:15,214.45,214.55,214.45,214.50,9519,0
POWERGRID,20210507,15:16,214.55,214.55,214.45,214.55,62345,0
POWERGRID,20210507,15:17,214.55,214.55,214.50,214.50,62950,0
POWERGRID,20210507,15:18,214.55,214.55,214.45,214.50,26657,0
POWERGRID,20210507,15:19,214.50,214.50,214.35,214.45,75403,0
POWERGRID,20210507,15:20,214.40,214.45,214.10,214.15,32154,0
POWERGRID,20210507,15:21,214.15,214.20,214.15,214.15,50354,0
POWERGRID,20210507,15:22,214.10,214.30,214.05,214.10,91205,0
POWERGRID,20210507,15:23,214.10,214.30,214.05,214.20,79784,0
POWERGRID,20210507,15:24,214.25,214.30,214.20,214.30,55035,0
POWERGRID,20210507,15:25,214.30,214.30,214.20,214.25,23448,0
POWERGRID,20210507,15:26,214.25,214.40,214.20,214.25,106288,0
POWERGRID,20210507,15:27,214.15,214.30,214.15,214.25,34742,0
POWERGRID,20210507,15:28,214.30,214.30,214.20,214.20,37562,0
POWERGRID,20210507,15:29,214.35,214.50,214.15,214.15,108965,0
POWERGRID,20210507,15:30,214.10,214.35,214.10,214.15,29670,0
POWERGRID,20210507,15:32,214.55,214.55,214.55,214.55,0,0
POWERGRID,20210507,15:41,214.55,214.55,214.55,214.55,50,0
POWERGRID,20210507,16:47,214.55,214.55,214.55,214.55,0,0
