BANKNIFTY_F2,20200409,09:16,19428.60,19525.60,19353.25,19354.05,1720,69480
BANKNIFTY_F2,20200409,09:17,19362.10,19561.35,19350.50,19515.05,900,69480
BANKNIFTY_F2,20200409,09:18,19524.60,19643.45,19524.60,19611.15,1260,69660
BANKNIFTY_F2,20200409,09:19,19625.40,19650.00,19593.90,19632.80,1240,69660
BANKNIFTY_F2,20200409,09:20,19613.10,19638.45,19587.90,19602.20,1140,69660
BANKNIFTY_F2,20200409,09:21,19603.95,19706.60,19603.95,19693.75,880,70000
BANKNIFTY_F2,20200409,09:22,19678.90,19742.20,19678.90,19700.05,520,70000
BANKNIFTY_F2,20200409,09:23,19650.00,19660.00,19629.40,19659.15,660,70000
BANKNIFTY_F2,20200409,09:24,19605.80,19609.90,19544.25,19571.40,1100,70000
BANKNIFTY_F2,20200409,09:25,19551.40,19560.00,19470.60,19560.00,1000,70000
BANKNIFTY_F2,20200409,09:26,19550.75,19550.75,19489.40,19495.95,380,70000
BANKNIFTY_F2,20200409,09:27,19539.60,19555.25,19510.00,19510.00,420,70000
BANKNIFTY_F2,20200409,09:28,19500.00,19500.00,19464.60,19489.75,360,70000
BANKNIFTY_F2,20200409,09:29,19452.45,19500.00,19433.95,19495.85,540,70000
BANKNIFTY_F2,20200409,09:30,19543.90,19650.00,19543.90,19613.65,1680,70320
BANKNIFTY_F2,20200409,09:31,19604.35,19660.00,19604.35,19645.80,880,70320
BANKNIFTY_F2,20200409,09:32,19675.00,19730.40,19675.00,19730.40,1380,70320
BANKNIFTY_F2,20200409,09:33,19720.95,19766.00,19712.15,19713.95,1340,70880
BANKNIFTY_F2,20200409,09:34,19722.55,19776.00,19708.65,19762.00,1100,70880
BANKNIFTY_F2,20200409,09:35,19760.00,19762.00,19695.20,19701.80,580,70880
BANKNIFTY_F2,20200409,09:36,19730.85,19832.40,19730.85,19815.95,1140,70940
BANKNIFTY_F2,20200409,09:37,19820.00,19830.35,19738.00,19745.75,820,70940
BANKNIFTY_F2,20200409,09:38,19756.35,19756.35,19663.65,19715.65,780,70940
BANKNIFTY_F2,20200409,09:39,19699.90,19766.35,19699.90,19748.35,400,70900
BANKNIFTY_F2,20200409,09:40,19750.00,19750.00,19726.30,19739.65,220,70900
BANKNIFTY_F2,20200409,09:41,19725.00,19725.00,19670.00,19670.00,280,70900
BANKNIFTY_F2,20200409,09:42,19651.00,19700.75,19642.75,19675.00,720,70820
BANKNIFTY_F2,20200409,09:43,19655.05,19661.60,19620.00,19627.60,240,70820
BANKNIFTY_F2,20200409,09:44,19635.00,19700.00,19635.00,19671.75,440,70820
BANKNIFTY_F2,20200409,09:45,19700.00,19700.00,19685.70,19685.70,100,70920
BANKNIFTY_F2,20200409,09:46,19685.70,19746.80,19685.70,19697.00,480,70920
BANKNIFTY_F2,20200409,09:47,19666.80,19685.60,19645.20,19659.15,540,70920
BANKNIFTY_F2,20200409,09:48,19664.65,19664.65,19639.00,19642.15,460,71000
BANKNIFTY_F2,20200409,09:49,19636.80,19685.60,19636.80,19682.55,200,71000
BANKNIFTY_F2,20200409,09:50,19635.00,19635.00,19566.55,19594.40,860,71000
BANKNIFTY_F2,20200409,09:51,19587.75,19603.60,19587.75,19603.60,100,70880
BANKNIFTY_F2,20200409,09:52,19581.20,19581.20,19487.50,19545.75,720,70880
BANKNIFTY_F2,20200409,09:53,19520.60,19527.70,19474.60,19494.10,420,70880
BANKNIFTY_F2,20200409,09:54,19495.00,19529.65,19493.80,19509.50,260,70740
BANKNIFTY_F2,20200409,09:55,19493.80,19493.80,19420.00,19449.20,880,70740
BANKNIFTY_F2,20200409,09:56,19460.75,19545.75,19460.75,19500.05,320,70740
BANKNIFTY_F2,20200409,09:57,19498.35,19535.65,19498.35,19534.80,300,71040
BANKNIFTY_F2,20200409,09:58,19545.10,19610.90,19545.10,19575.90,480,71040
BANKNIFTY_F2,20200409,09:59,19574.30,19580.00,19550.00,19551.80,200,71040
BANKNIFTY_F2,20200409,10:00,19547.95,19567.90,19517.90,19565.45,340,71300
BANKNIFTY_F2,20200409,10:01,19550.70,19619.00,19546.10,19614.05,180,71300
BANKNIFTY_F2,20200409,10:02,19611.20,19639.00,19610.40,19623.75,460,71300
BANKNIFTY_F2,20200409,10:03,19595.95,19600.70,19593.10,19593.10,100,71380
BANKNIFTY_F2,20200409,10:04,19578.50,19621.00,19578.50,19617.65,300,71380
BANKNIFTY_F2,20200409,10:05,19596.55,19680.00,19596.55,19650.00,280,71380
BANKNIFTY_F2,20200409,10:06,19642.45,19642.45,19642.45,19642.45,40,71420
BANKNIFTY_F2,20200409,10:07,19600.00,19611.30,19585.00,19611.30,120,71420
BANKNIFTY_F2,20200409,10:08,19597.90,19597.90,19577.15,19582.45,180,71420
BANKNIFTY_F2,20200409,10:09,19595.45,19596.30,19587.90,19591.05,100,71380
BANKNIFTY_F2,20200409,10:10,19597.55,19620.60,19597.55,19597.55,100,71380
BANKNIFTY_F2,20200409,10:11,19589.50,19589.50,19589.50,19589.50,20,71380
BANKNIFTY_F2,20200409,10:12,19568.95,19579.25,19550.75,19579.25,60,71360
BANKNIFTY_F2,20200409,10:13,19570.00,19600.00,19555.60,19565.10,160,71360
BANKNIFTY_F2,20200409,10:14,19563.95,19600.25,19563.95,19600.25,40,71360
BANKNIFTY_F2,20200409,10:15,19598.65,19637.55,19598.65,19637.55,120,71380
BANKNIFTY_F2,20200409,10:16,19643.80,19650.00,19643.80,19647.95,80,71380
BANKNIFTY_F2,20200409,10:17,19675.95,19714.00,19675.95,19685.90,520,71380
BANKNIFTY_F2,20200409,10:18,19685.00,19690.00,19633.40,19668.05,300,71860
BANKNIFTY_F2,20200409,10:19,19672.95,19699.80,19669.95,19669.95,160,71860
BANKNIFTY_F2,20200409,10:20,19615.00,19625.40,19601.00,19625.40,160,71860
BANKNIFTY_F2,20200409,10:21,19600.00,19604.90,19568.15,19568.15,220,71880
BANKNIFTY_F2,20200409,10:22,19583.60,19583.60,19583.60,19583.60,40,71880
BANKNIFTY_F2,20200409,10:23,19593.65,19600.00,19584.60,19600.00,120,71880
BANKNIFTY_F2,20200409,10:24,19582.60,19582.60,19582.60,19582.60,40,71880
BANKNIFTY_F2,20200409,10:25,19592.90,19592.90,19591.15,19591.55,60,71880
BANKNIFTY_F2,20200409,10:26,19600.80,19618.35,19600.80,19618.35,60,71880
BANKNIFTY_F2,20200409,10:27,19647.00,19652.00,19628.90,19628.90,100,71860
BANKNIFTY_F2,20200409,10:28,19658.15,19660.00,19636.55,19636.55,200,71860
BANKNIFTY_F2,20200409,10:29,19639.30,19645.95,19627.65,19645.95,180,71860
BANKNIFTY_F2,20200409,10:30,19645.95,19671.00,19645.95,19671.00,60,71900
BANKNIFTY_F2,20200409,10:31,19692.40,19698.25,19661.30,19679.80,160,71900
BANKNIFTY_F2,20200409,10:32,19675.00,19675.00,19657.05,19666.90,220,71900
BANKNIFTY_F2,20200409,10:33,19670.15,19672.35,19625.00,19625.00,120,71860
BANKNIFTY_F2,20200409,10:34,19625.00,19661.25,19619.00,19637.05,200,71860
BANKNIFTY_F2,20200409,10:35,19629.00,19650.70,19629.00,19650.70,60,71860
BANKNIFTY_F2,20200409,10:36,19650.60,19650.60,19645.55,19645.55,120,71860
BANKNIFTY_F2,20200409,10:38,19625.75,19625.75,19581.50,19588.90,320,71780
BANKNIFTY_F2,20200409,10:39,19580.00,19588.30,19555.00,19588.30,180,71760
BANKNIFTY_F2,20200409,10:40,19589.55,19589.55,19575.05,19575.05,60,71760
BANKNIFTY_F2,20200409,10:41,19588.15,19588.15,19588.15,19588.15,40,71760
BANKNIFTY_F2,20200409,10:42,19580.70,19635.90,19580.70,19626.00,120,71720
BANKNIFTY_F2,20200409,10:43,19626.15,19634.15,19620.00,19620.00,180,71720
BANKNIFTY_F2,20200409,10:44,19615.00,19619.80,19600.00,19619.80,100,71720
BANKNIFTY_F2,20200409,10:45,19622.60,19622.60,19590.85,19590.85,80,71720
BANKNIFTY_F2,20200409,10:46,19584.95,19584.95,19510.80,19531.00,280,71840
BANKNIFTY_F2,20200409,10:47,19510.00,19510.00,19409.90,19427.85,1540,71840
BANKNIFTY_F2,20200409,10:48,19401.75,19450.60,19382.35,19405.35,700,71540
BANKNIFTY_F2,20200409,10:49,19392.55,19392.55,19307.70,19328.70,960,71540
BANKNIFTY_F2,20200409,10:50,19333.05,19387.15,19317.00,19342.70,660,71540
BANKNIFTY_F2,20200409,10:51,19310.30,19310.30,19263.65,19280.00,980,71380
BANKNIFTY_F2,20200409,10:52,19293.95,19350.00,19284.15,19339.85,440,71380
BANKNIFTY_F2,20200409,10:53,19333.50,19337.55,19317.20,19336.30,160,71380
BANKNIFTY_F2,20200409,10:54,19350.00,19361.70,19291.25,19291.25,200,71240
BANKNIFTY_F2,20200409,10:55,19275.45,19277.20,19200.00,19200.00,1060,71240
BANKNIFTY_F2,20200409,10:56,19162.00,19246.20,19162.00,19215.00,800,71240
BANKNIFTY_F2,20200409,10:57,19229.15,19275.00,19221.75,19249.55,420,71180
BANKNIFTY_F2,20200409,10:58,19234.25,19258.85,19234.25,19255.00,180,71180
BANKNIFTY_F2,20200409,10:59,19248.00,19280.00,19228.65,19280.00,120,71180
BANKNIFTY_F2,20200409,11:00,19280.70,19280.70,19254.75,19271.35,360,71200
BANKNIFTY_F2,20200409,11:01,19257.25,19257.70,19248.40,19248.40,80,71200
BANKNIFTY_F2,20200409,11:02,19226.45,19226.45,19162.25,19178.55,760,71200
BANKNIFTY_F2,20200409,11:03,19180.00,19180.00,19180.00,19180.00,240,71200
BANKNIFTY_F2,20200409,11:04,19214.55,19234.35,19206.55,19211.80,260,71300
BANKNIFTY_F2,20200409,11:05,19245.30,19292.20,19245.30,19260.00,260,71300
BANKNIFTY_F2,20200409,11:06,19253.05,19253.05,19250.00,19250.00,140,71380
BANKNIFTY_F2,20200409,11:07,19242.00,19304.45,19242.00,19304.45,180,71380
BANKNIFTY_F2,20200409,11:08,19296.90,19340.00,19296.90,19323.40,300,71380
BANKNIFTY_F2,20200409,11:09,19297.90,19329.60,19297.35,19329.60,240,71340
BANKNIFTY_F2,20200409,11:10,19328.90,19339.00,19285.50,19285.50,260,71340
BANKNIFTY_F2,20200409,11:11,19291.25,19291.25,19257.90,19287.50,380,71340
BANKNIFTY_F2,20200409,11:12,19296.00,19320.00,19277.50,19318.20,480,71720
BANKNIFTY_F2,20200409,11:13,19320.00,19330.00,19297.00,19297.00,400,71720
BANKNIFTY_F2,20200409,11:14,19279.50,19282.00,19240.00,19258.00,340,71720
BANKNIFTY_F2,20200409,11:15,19244.10,19280.90,19244.10,19280.90,340,72240
BANKNIFTY_F2,20200409,11:16,19270.70,19277.05,19225.00,19233.00,780,72240
BANKNIFTY_F2,20200409,11:17,19233.15,19265.85,19225.00,19265.85,280,72240
BANKNIFTY_F2,20200409,11:18,19232.75,19274.00,19232.75,19265.00,260,72780
BANKNIFTY_F2,20200409,11:19,19270.75,19270.75,19220.00,19240.25,380,72780
BANKNIFTY_F2,20200409,11:20,19238.65,19259.65,19238.65,19258.90,140,72780
BANKNIFTY_F2,20200409,11:21,19238.90,19238.90,19191.35,19225.00,320,72820
BANKNIFTY_F2,20200409,11:22,19210.00,19210.00,19122.45,19122.45,1120,72820
BANKNIFTY_F2,20200409,11:23,19128.60,19161.20,19128.60,19128.80,440,72820
BANKNIFTY_F2,20200409,11:24,19136.55,19163.70,19129.75,19163.70,200,72820
BANKNIFTY_F2,20200409,11:25,19169.75,19169.75,19115.00,19122.85,260,73040
BANKNIFTY_F2,20200409,11:26,19120.75,19145.00,19113.85,19145.00,240,73040
BANKNIFTY_F2,20200409,11:27,19153.00,19184.00,19153.00,19172.35,160,73300
BANKNIFTY_F2,20200409,11:28,19183.80,19183.80,19158.45,19158.45,200,73300
BANKNIFTY_F2,20200409,11:29,19192.25,19262.30,19192.25,19217.35,580,73300
BANKNIFTY_F2,20200409,11:30,19208.90,19210.00,19198.00,19210.00,140,73640
BANKNIFTY_F2,20200409,11:31,19227.85,19374.00,19227.85,19368.95,1500,73640
BANKNIFTY_F2,20200409,11:32,19376.20,19401.00,19357.40,19374.80,980,73640
BANKNIFTY_F2,20200409,11:33,19385.00,19410.95,19367.05,19372.15,560,74280
BANKNIFTY_F2,20200409,11:34,19370.00,19370.00,19353.85,19357.60,280,74280
BANKNIFTY_F2,20200409,11:35,19373.00,19420.00,19368.65,19420.00,400,74280
BANKNIFTY_F2,20200409,11:36,19427.00,19468.45,19427.00,19439.10,680,74760
BANKNIFTY_F2,20200409,11:37,19436.60,19515.00,19430.35,19493.65,1100,74760
BANKNIFTY_F2,20200409,11:38,19480.90,19487.90,19465.00,19470.05,180,74760
BANKNIFTY_F2,20200409,11:39,19475.00,19494.60,19467.85,19467.85,320,75180
BANKNIFTY_F2,20200409,11:40,19445.90,19616.60,19445.90,19557.15,1300,75180
BANKNIFTY_F2,20200409,11:41,19559.45,19573.85,19530.00,19553.95,580,75180
BANKNIFTY_F2,20200409,11:42,19546.70,19585.70,19546.70,19568.05,280,75380
BANKNIFTY_F2,20200409,11:43,19551.00,19551.00,19510.00,19527.90,380,75380
BANKNIFTY_F2,20200409,11:44,19525.15,19526.95,19477.50,19509.30,460,75380
BANKNIFTY_F2,20200409,11:45,19509.30,19509.30,19480.00,19495.60,140,75420
BANKNIFTY_F2,20200409,11:46,19497.70,19529.65,19497.70,19527.70,160,75420
BANKNIFTY_F2,20200409,11:47,19527.70,19527.70,19495.45,19495.45,180,75420
BANKNIFTY_F2,20200409,11:48,19516.75,19540.80,19510.75,19535.35,200,75680
BANKNIFTY_F2,20200409,11:49,19543.15,19560.00,19538.05,19559.95,320,75680
BANKNIFTY_F2,20200409,11:50,19565.00,19565.00,19539.85,19556.25,260,75680
BANKNIFTY_F2,20200409,11:51,19558.90,19662.70,19558.90,19647.75,740,76160
BANKNIFTY_F2,20200409,11:52,19653.35,19659.00,19613.80,19629.00,720,76160
BANKNIFTY_F2,20200409,11:53,19600.00,19611.90,19589.45,19611.90,420,76160
BANKNIFTY_F2,20200409,11:54,19608.05,19608.45,19601.50,19608.45,200,76160
BANKNIFTY_F2,20200409,11:55,19605.95,19605.95,19568.10,19571.35,1080,76660
BANKNIFTY_F2,20200409,11:56,19571.00,19571.00,19541.10,19545.00,400,76660
BANKNIFTY_F2,20200409,11:57,19545.00,19600.00,19542.05,19600.00,460,76540
BANKNIFTY_F2,20200409,11:58,19617.65,19617.65,19615.00,19615.00,40,76540
BANKNIFTY_F2,20200409,11:59,19613.70,19640.00,19602.20,19640.00,280,76540
BANKNIFTY_F2,20200409,12:00,19619.00,19626.40,19600.00,19600.00,160,76720
BANKNIFTY_F2,20200409,12:01,19608.25,19615.15,19572.00,19582.30,280,76720
BANKNIFTY_F2,20200409,12:02,19577.30,19590.05,19571.35,19590.05,160,76720
BANKNIFTY_F2,20200409,12:03,19581.40,19581.40,19550.20,19550.20,320,76720
BANKNIFTY_F2,20200409,12:04,19585.00,19585.00,19550.00,19553.90,200,76800
BANKNIFTY_F2,20200409,12:05,19550.95,19550.95,19500.00,19514.90,460,76800
BANKNIFTY_F2,20200409,12:06,19506.60,19536.60,19420.00,19420.00,800,77040
BANKNIFTY_F2,20200409,12:07,19434.45,19434.45,19383.65,19387.30,2640,77040
BANKNIFTY_F2,20200409,12:08,19385.00,19427.10,19377.65,19427.10,1280,77040
BANKNIFTY_F2,20200409,12:09,19444.00,19444.00,19375.35,19375.35,760,76660
BANKNIFTY_F2,20200409,12:10,19380.55,19398.00,19375.00,19375.00,1240,76660
BANKNIFTY_F2,20200409,12:11,19383.70,19397.30,19382.90,19390.75,800,76660
BANKNIFTY_F2,20200409,12:12,19420.00,19460.00,19420.00,19441.25,400,76840
BANKNIFTY_F2,20200409,12:13,19453.90,19453.90,19438.20,19448.85,140,76840
BANKNIFTY_F2,20200409,12:14,19459.00,19503.85,19459.00,19488.30,340,76840
BANKNIFTY_F2,20200409,12:15,19484.95,19494.90,19476.70,19487.70,240,76840
BANKNIFTY_F2,20200409,12:16,19487.70,19543.70,19487.70,19528.10,280,77040
BANKNIFTY_F2,20200409,12:17,19530.20,19530.20,19530.20,19530.20,20,77040
BANKNIFTY_F2,20200409,12:18,19530.00,19537.85,19530.00,19537.85,80,77040
BANKNIFTY_F2,20200409,12:19,19511.90,19563.85,19511.90,19556.95,300,77220
BANKNIFTY_F2,20200409,12:20,19565.20,19580.00,19527.00,19527.00,340,77220
BANKNIFTY_F2,20200409,12:21,19525.00,19525.00,19482.80,19489.40,380,77420
BANKNIFTY_F2,20200409,12:22,19477.65,19489.40,19468.45,19468.45,140,77420
BANKNIFTY_F2,20200409,12:23,19464.45,19485.00,19445.60,19455.00,280,77420
BANKNIFTY_F2,20200409,12:24,19434.05,19453.00,19415.85,19443.60,620,77460
BANKNIFTY_F2,20200409,12:25,19438.00,19438.00,19405.05,19415.10,340,77460
BANKNIFTY_F2,20200409,12:26,19413.35,19461.20,19413.35,19449.40,280,77460
BANKNIFTY_F2,20200409,12:27,19462.00,19465.00,19459.70,19459.70,100,77460
BANKNIFTY_F2,20200409,12:28,19450.30,19470.75,19419.35,19470.75,160,77700
BANKNIFTY_F2,20200409,12:29,19475.40,19479.90,19472.40,19472.40,260,77700
BANKNIFTY_F2,20200409,12:30,19475.05,19500.00,19463.90,19500.00,120,77700
BANKNIFTY_F2,20200409,12:31,19525.00,19525.00,19515.30,19525.00,180,77840
BANKNIFTY_F2,20200409,12:32,19527.15,19580.00,19527.15,19564.60,740,77840
BANKNIFTY_F2,20200409,12:33,19541.85,19541.85,19513.65,19525.00,100,77840
BANKNIFTY_F2,20200409,12:34,19522.95,19529.30,19488.60,19488.60,300,77940
BANKNIFTY_F2,20200409,12:35,19500.00,19523.90,19500.00,19523.90,100,77940
BANKNIFTY_F2,20200409,12:36,19512.85,19514.90,19497.05,19497.05,140,77940
BANKNIFTY_F2,20200409,12:37,19488.95,19488.95,19481.00,19485.00,160,77980
BANKNIFTY_F2,20200409,12:38,19493.00,19515.95,19493.00,19500.00,220,77980
BANKNIFTY_F2,20200409,12:39,19499.10,19517.00,19499.10,19502.10,260,77980
BANKNIFTY_F2,20200409,12:40,19519.50,19519.50,19512.75,19514.85,160,78280
BANKNIFTY_F2,20200409,12:41,19530.00,19534.80,19508.90,19520.00,360,78280
BANKNIFTY_F2,20200409,12:42,19514.30,19530.40,19506.85,19530.40,240,78280
BANKNIFTY_F2,20200409,12:43,19517.70,19517.70,19465.00,19465.00,340,78440
BANKNIFTY_F2,20200409,12:44,19473.35,19500.00,19473.35,19479.10,420,78440
BANKNIFTY_F2,20200409,12:45,19489.95,19489.95,19450.00,19451.30,300,78860
BANKNIFTY_F2,20200409,12:46,19449.35,19490.00,19441.90,19490.00,180,78860
BANKNIFTY_F2,20200409,12:47,19504.80,19515.00,19498.20,19507.90,220,78860
BANKNIFTY_F2,20200409,12:48,19512.35,19525.00,19512.00,19512.00,100,79020
BANKNIFTY_F2,20200409,12:49,19515.00,19549.95,19515.00,19532.05,320,79020
BANKNIFTY_F2,20200409,12:50,19537.15,19537.15,19523.80,19534.00,200,79020
BANKNIFTY_F2,20200409,12:51,19535.00,19582.00,19535.00,19582.00,320,79320
BANKNIFTY_F2,20200409,12:52,19590.00,19600.00,19580.10,19599.00,500,79320
BANKNIFTY_F2,20200409,12:53,19598.30,19634.30,19594.90,19594.90,440,79320
BANKNIFTY_F2,20200409,12:54,19605.00,19612.55,19591.50,19612.55,320,79320
BANKNIFTY_F2,20200409,12:55,19580.00,19584.10,19575.20,19584.10,220,79560
BANKNIFTY_F2,20200409,12:56,19564.80,19574.30,19564.80,19566.55,160,79560
BANKNIFTY_F2,20200409,12:57,19578.00,19578.00,19550.00,19550.00,360,79560
BANKNIFTY_F2,20200409,12:58,19539.05,19562.90,19535.45,19562.90,100,79780
BANKNIFTY_F2,20200409,12:59,19575.00,19592.15,19575.00,19584.00,140,79780
BANKNIFTY_F2,20200409,13:00,19589.95,19590.00,19562.15,19562.15,460,79780
BANKNIFTY_F2,20200409,13:01,19575.00,19604.70,19575.00,19595.70,280,80020
BANKNIFTY_F2,20200409,13:02,19578.90,19578.90,19563.20,19563.70,80,80020
BANKNIFTY_F2,20200409,13:03,19586.40,19587.30,19578.25,19578.25,160,80020
BANKNIFTY_F2,20200409,13:04,19577.10,19626.20,19577.10,19612.15,320,80200
BANKNIFTY_F2,20200409,13:05,19614.95,19652.15,19614.95,19652.15,140,80200
BANKNIFTY_F2,20200409,13:06,19689.85,19692.10,19665.85,19669.50,820,80200
BANKNIFTY_F2,20200409,13:07,19682.70,19750.00,19682.70,19735.00,1820,80620
BANKNIFTY_F2,20200409,13:08,19730.15,19730.15,19691.50,19703.00,660,80620
BANKNIFTY_F2,20200409,13:09,19701.10,19730.80,19701.10,19711.10,320,80620
BANKNIFTY_F2,20200409,13:10,19719.70,19786.00,19706.75,19786.00,960,81580
BANKNIFTY_F2,20200409,13:11,19782.35,19793.35,19760.00,19760.00,420,81580
BANKNIFTY_F2,20200409,13:12,19746.00,19750.75,19715.60,19715.60,380,81580
BANKNIFTY_F2,20200409,13:13,19718.75,19725.00,19692.35,19719.85,280,82000
BANKNIFTY_F2,20200409,13:14,19709.05,19709.05,19691.80,19691.80,180,82000
BANKNIFTY_F2,20200409,13:15,19685.45,19685.45,19651.80,19672.15,360,82000
BANKNIFTY_F2,20200409,13:16,19681.30,19727.85,19681.30,19705.00,180,82080
BANKNIFTY_F2,20200409,13:17,19743.00,19750.75,19740.35,19740.35,380,82080
BANKNIFTY_F2,20200409,13:18,19737.85,19763.90,19737.85,19753.80,360,82080
BANKNIFTY_F2,20200409,13:19,19747.85,19750.00,19739.00,19739.00,140,82160
BANKNIFTY_F2,20200409,13:20,19741.05,19741.05,19711.45,19711.45,100,82160
BANKNIFTY_F2,20200409,13:21,19727.45,19750.00,19720.00,19750.00,180,82160
BANKNIFTY_F2,20200409,13:22,19760.00,19842.65,19760.00,19829.75,720,82140
BANKNIFTY_F2,20200409,13:23,19815.00,19815.00,19787.15,19790.00,280,82140
BANKNIFTY_F2,20200409,13:24,19790.00,19820.00,19790.00,19811.50,160,82140
BANKNIFTY_F2,20200409,13:25,19800.00,19802.45,19788.15,19798.85,200,82480
BANKNIFTY_F2,20200409,13:26,19791.85,19791.85,19731.45,19741.00,660,82480
BANKNIFTY_F2,20200409,13:27,19742.55,19774.55,19734.40,19770.20,200,82480
BANKNIFTY_F2,20200409,13:28,19770.65,19770.65,19734.55,19740.40,240,82680
BANKNIFTY_F2,20200409,13:29,19750.00,19770.00,19750.00,19765.85,360,82680
BANKNIFTY_F2,20200409,13:30,19775.75,19788.45,19760.45,19788.45,380,82680
BANKNIFTY_F2,20200409,13:31,19763.30,19776.30,19763.30,19776.30,80,82640
BANKNIFTY_F2,20200409,13:32,19772.30,19772.30,19716.75,19716.75,160,82640
BANKNIFTY_F2,20200409,13:33,19737.55,19737.55,19668.30,19678.00,620,82640
BANKNIFTY_F2,20200409,13:34,19678.00,19700.00,19669.40,19693.50,240,82560
BANKNIFTY_F2,20200409,13:35,19687.55,19692.70,19662.90,19689.20,220,82560
BANKNIFTY_F2,20200409,13:36,19676.75,19676.75,19635.35,19650.80,300,82560
BANKNIFTY_F2,20200409,13:37,19662.05,19674.80,19651.00,19670.70,340,82480
BANKNIFTY_F2,20200409,13:38,19671.85,19724.55,19671.85,19724.55,280,82480
BANKNIFTY_F2,20200409,13:39,19723.40,19734.10,19723.40,19734.10,160,82480
BANKNIFTY_F2,20200409,13:40,19700.20,19723.05,19700.05,19700.05,420,82600
BANKNIFTY_F2,20200409,13:41,19687.45,19700.05,19660.00,19660.00,860,82600
BANKNIFTY_F2,20200409,13:42,19653.15,19653.15,19588.45,19603.25,820,82600
BANKNIFTY_F2,20200409,13:43,19609.50,19640.00,19603.85,19623.40,520,81920
BANKNIFTY_F2,20200409,13:44,19610.00,19610.00,19578.85,19588.05,360,81920
BANKNIFTY_F2,20200409,13:45,19579.40,19579.40,19554.25,19554.25,280,81920
BANKNIFTY_F2,20200409,13:46,19540.35,19542.45,19508.80,19535.95,480,81900
BANKNIFTY_F2,20200409,13:47,19550.00,19579.90,19550.00,19575.10,280,81900
BANKNIFTY_F2,20200409,13:48,19587.95,19600.35,19560.85,19560.85,200,81900
BANKNIFTY_F2,20200409,13:49,19550.00,19550.00,19531.25,19531.25,160,81800
BANKNIFTY_F2,20200409,13:50,19531.00,19590.00,19531.00,19590.00,180,81800
BANKNIFTY_F2,20200409,13:51,19575.70,19575.70,19560.00,19564.15,80,81800
BANKNIFTY_F2,20200409,13:52,19549.95,19590.00,19549.95,19549.95,960,81860
BANKNIFTY_F2,20200409,13:53,19576.35,19600.00,19572.00,19600.00,120,81860
BANKNIFTY_F2,20200409,13:54,19575.95,19575.95,19575.95,19575.95,60,81860
BANKNIFTY_F2,20200409,13:55,19566.00,19566.00,19538.85,19538.85,140,82100
BANKNIFTY_F2,20200409,13:56,19520.20,19520.20,19460.15,19475.05,1040,82100
BANKNIFTY_F2,20200409,13:57,19495.70,19495.70,19462.55,19470.05,260,82100
BANKNIFTY_F2,20200409,13:58,19465.70,19500.00,19461.10,19461.10,440,82200
BANKNIFTY_F2,20200409,13:59,19450.05,19476.20,19450.00,19476.20,880,82200
BANKNIFTY_F2,20200409,14:00,19470.05,19496.90,19469.20,19470.75,160,82200
BANKNIFTY_F2,20200409,14:01,19465.90,19468.15,19430.00,19441.80,720,82140
BANKNIFTY_F2,20200409,14:02,19429.15,19463.85,19425.10,19442.05,1020,82140
BANKNIFTY_F2,20200409,14:03,19421.45,19500.00,19421.45,19500.00,580,82140
BANKNIFTY_F2,20200409,14:04,19513.05,19551.75,19513.05,19544.50,320,81580
BANKNIFTY_F2,20200409,14:05,19527.25,19552.50,19527.25,19535.55,860,81580
BANKNIFTY_F2,20200409,14:06,19524.60,19529.05,19513.50,19526.10,120,81580
BANKNIFTY_F2,20200409,14:07,19534.60,19560.00,19526.10,19557.55,260,81680
BANKNIFTY_F2,20200409,14:08,19565.00,19603.90,19558.65,19565.10,340,81680
BANKNIFTY_F2,20200409,14:09,19564.00,19572.05,19534.25,19534.25,160,81680
BANKNIFTY_F2,20200409,14:10,19508.50,19508.50,19479.70,19494.85,320,81680
BANKNIFTY_F2,20200409,14:11,19483.35,19520.00,19474.30,19501.70,220,81680
BANKNIFTY_F2,20200409,14:12,19501.60,19501.60,19490.10,19499.95,160,81680
BANKNIFTY_F2,20200409,14:13,19487.80,19520.00,19487.80,19506.25,320,81700
BANKNIFTY_F2,20200409,14:14,19524.45,19533.05,19524.45,19533.05,120,81700
BANKNIFTY_F2,20200409,14:15,19537.70,19552.05,19537.55,19537.55,160,81700
BANKNIFTY_F2,20200409,14:16,19518.55,19537.00,19518.55,19537.00,60,81760
BANKNIFTY_F2,20200409,14:17,19542.80,19599.00,19531.00,19599.00,700,81760
BANKNIFTY_F2,20200409,14:18,19558.30,19570.00,19557.30,19557.30,180,81760
BANKNIFTY_F2,20200409,14:19,19547.30,19560.00,19545.15,19545.15,200,81620
BANKNIFTY_F2,20200409,14:20,19549.25,19550.00,19549.20,19550.00,80,81620
BANKNIFTY_F2,20200409,14:21,19547.45,19558.05,19547.45,19549.00,220,81620
BANKNIFTY_F2,20200409,14:22,19540.00,19540.00,19522.05,19522.05,180,81780
BANKNIFTY_F2,20200409,14:23,19530.20,19530.20,19510.00,19512.45,240,81780
BANKNIFTY_F2,20200409,14:24,19500.00,19500.00,19475.10,19475.95,320,81780
BANKNIFTY_F2,20200409,14:25,19484.35,19519.60,19484.35,19498.05,120,81800
BANKNIFTY_F2,20200409,14:26,19480.00,19480.00,19460.95,19476.45,120,81800
BANKNIFTY_F2,20200409,14:27,19482.35,19482.35,19456.05,19456.05,500,81800
BANKNIFTY_F2,20200409,14:28,19473.00,19500.00,19460.90,19493.30,300,81720
BANKNIFTY_F2,20200409,14:29,19472.90,19523.05,19472.90,19514.60,380,81720
BANKNIFTY_F2,20200409,14:30,19504.35,19513.00,19483.45,19511.40,180,81720
BANKNIFTY_F2,20200409,14:31,19491.95,19505.00,19481.50,19494.25,720,81780
BANKNIFTY_F2,20200409,14:32,19505.00,19574.60,19505.00,19565.00,480,81780
BANKNIFTY_F2,20200409,14:33,19551.90,19577.00,19544.90,19577.00,200,81780
BANKNIFTY_F2,20200409,14:34,19579.20,19625.00,19577.50,19589.80,1160,81740
BANKNIFTY_F2,20200409,14:35,19580.05,19580.05,19547.35,19568.40,220,81740
BANKNIFTY_F2,20200409,14:36,19579.95,19579.95,19506.70,19532.75,700,81740
BANKNIFTY_F2,20200409,14:37,19514.90,19538.10,19514.90,19538.10,460,82020
BANKNIFTY_F2,20200409,14:38,19549.70,19550.15,19539.35,19550.00,180,82020
BANKNIFTY_F2,20200409,14:39,19558.00,19597.00,19558.00,19597.00,560,82020
BANKNIFTY_F2,20200409,14:40,19580.00,19591.00,19574.60,19578.80,440,82440
BANKNIFTY_F2,20200409,14:41,19534.65,19544.05,19533.65,19535.60,500,82440
BANKNIFTY_F2,20200409,14:42,19527.60,19565.40,19527.60,19562.65,120,82440
BANKNIFTY_F2,20200409,14:43,19566.30,19578.00,19540.75,19540.75,400,82540
BANKNIFTY_F2,20200409,14:44,19546.20,19557.60,19538.15,19544.05,300,82540
BANKNIFTY_F2,20200409,14:45,19555.30,19555.30,19535.10,19537.90,320,82540
BANKNIFTY_F2,20200409,14:46,19550.00,19618.70,19550.00,19588.25,340,82780
BANKNIFTY_F2,20200409,14:47,19582.50,19687.00,19571.85,19652.95,960,82780
BANKNIFTY_F2,20200409,14:48,19651.20,19651.20,19607.25,19621.60,320,82780
BANKNIFTY_F2,20200409,14:49,19601.45,19608.00,19578.45,19608.00,240,83200
BANKNIFTY_F2,20200409,14:50,19602.30,19618.00,19602.30,19618.00,180,83200
BANKNIFTY_F2,20200409,14:51,19615.65,19625.00,19614.30,19614.95,160,83200
BANKNIFTY_F2,20200409,14:52,19631.90,19649.45,19631.90,19640.85,260,83420
BANKNIFTY_F2,20200409,14:53,19640.00,19674.20,19640.00,19674.20,160,83420
BANKNIFTY_F2,20200409,14:54,19672.80,19672.80,19641.75,19670.00,300,83420
BANKNIFTY_F2,20200409,14:55,19657.55,19663.20,19645.00,19645.00,280,83440
BANKNIFTY_F2,20200409,14:56,19657.35,19679.00,19657.35,19679.00,460,83440
BANKNIFTY_F2,20200409,14:57,19679.30,19726.35,19679.30,19723.75,600,83440
BANKNIFTY_F2,20200409,14:58,19745.00,19771.75,19730.95,19739.35,520,83940
BANKNIFTY_F2,20200409,14:59,19718.65,19718.65,19700.00,19700.00,320,83940
BANKNIFTY_F2,20200409,15:00,19688.10,19756.90,19688.10,19756.90,340,83940
BANKNIFTY_F2,20200409,15:01,19748.55,19820.50,19748.55,19820.50,1580,84200
BANKNIFTY_F2,20200409,15:02,19821.00,19821.00,19750.00,19754.75,620,84200
BANKNIFTY_F2,20200409,15:03,19773.90,19793.90,19770.50,19793.90,380,84200
BANKNIFTY_F2,20200409,15:04,19800.00,19800.00,19750.00,19762.70,820,84660
BANKNIFTY_F2,20200409,15:05,19778.80,19796.10,19778.80,19780.00,160,84660
BANKNIFTY_F2,20200409,15:06,19763.05,19790.35,19763.05,19768.15,1080,84660
BANKNIFTY_F2,20200409,15:07,19778.70,19860.00,19778.70,19851.95,800,83900
BANKNIFTY_F2,20200409,15:08,19850.00,19918.95,19850.00,19850.00,1440,83900
BANKNIFTY_F2,20200409,15:09,19840.00,19883.95,19840.00,19875.00,1580,83900
BANKNIFTY_F2,20200409,15:10,19874.95,19877.60,19840.00,19848.10,700,83200
BANKNIFTY_F2,20200409,15:11,19848.10,19855.00,19836.20,19839.80,500,83200
BANKNIFTY_F2,20200409,15:12,19844.50,19867.00,19830.00,19834.20,760,83200
BANKNIFTY_F2,20200409,15:13,19829.60,19847.90,19829.60,19841.00,220,83020
BANKNIFTY_F2,20200409,15:14,19833.10,19845.40,19808.60,19845.00,520,83020
BANKNIFTY_F2,20200409,15:15,19832.00,19834.70,19826.50,19829.95,180,83020
BANKNIFTY_F2,20200409,15:16,19820.95,19835.70,19814.55,19817.05,580,83420
BANKNIFTY_F2,20200409,15:17,19809.70,19823.30,19801.10,19809.70,380,83420
BANKNIFTY_F2,20200409,15:18,19818.95,19820.00,19800.10,19800.10,140,83420
BANKNIFTY_F2,20200409,15:19,19806.65,19806.65,19770.00,19780.60,1000,83360
BANKNIFTY_F2,20200409,15:20,19783.65,19783.65,19738.90,19738.90,1600,83360
BANKNIFTY_F2,20200409,15:21,19734.40,19752.60,19728.90,19728.90,800,83360
BANKNIFTY_F2,20200409,15:22,19729.85,19740.30,19728.45,19734.40,340,82240
BANKNIFTY_F2,20200409,15:23,19751.15,19760.00,19737.00,19744.55,320,82240
BANKNIFTY_F2,20200409,15:24,19740.00,19747.80,19735.75,19742.00,480,82240
BANKNIFTY_F2,20200409,15:25,19747.00,19766.40,19747.00,19766.40,160,81960
BANKNIFTY_F2,20200409,15:26,19759.45,19784.20,19755.85,19770.45,900,81960
BANKNIFTY_F2,20200409,15:27,19760.15,19770.00,19756.20,19770.00,400,81960
BANKNIFTY_F2,20200409,15:28,19770.00,19770.00,19765.00,19765.00,340,81780
BANKNIFTY_F2,20200409,15:29,19760.00,19763.65,19757.65,19762.00,320,81780
BANKNIFTY_F2,20200409,15:30,19760.05,19784.60,19760.05,19770.00,500,81780
BANKNIFTY_F2,20200409,15:31,19760.00,19760.00,19760.00,19760.00,20,81780
BANKNIFTY_F2,20200409,18:31,19801.10,19801.10,19801.10,19801.10,1,81520
