CANBK,20210315,09:08,157.50,157.50,157.50,157.50,16567,0
CANBK,20210315,09:16,157.70,158.25,155.70,155.95,316955,0
CANBK,20210315,09:17,156.20,156.25,155.80,156.15,189627,0
CANBK,20210315,09:18,156.00,156.40,155.85,156.30,137203,0
CANBK,20210315,09:19,156.30,156.45,156.15,156.20,92145,0
CANBK,20210315,09:20,156.50,156.50,156.25,156.35,152940,0
CANBK,20210315,09:21,156.50,156.50,156.10,156.20,61596,0
CANBK,20210315,09:22,156.25,156.50,156.20,156.30,100897,0
CANBK,20210315,09:23,156.05,156.05,155.85,155.95,110131,0
CANBK,20210315,09:24,155.95,156.05,155.50,156.05,128740,0
CANBK,20210315,09:25,156.10,156.20,155.85,156.20,69092,0
CANBK,20210315,09:26,156.05,156.15,155.50,155.50,82507,0
CANBK,20210315,09:27,155.70,155.90,155.45,155.90,60964,0
CANBK,20210315,09:28,156.10,156.10,155.65,156.05,91261,0
CANBK,20210315,09:29,156.05,156.60,156.00,156.55,86696,0
CANBK,20210315,09:30,156.60,156.80,156.35,156.40,80789,0
CANBK,20210315,09:31,156.30,156.30,155.65,155.70,69200,0
CANBK,20210315,09:32,155.70,155.95,155.60,155.65,55826,0
CANBK,20210315,09:33,155.60,155.60,155.20,155.40,114935,0
CANBK,20210315,09:34,155.50,155.50,154.70,155.10,195514,0
CANBK,20210315,09:35,154.85,155.30,154.85,155.25,71367,0
CANBK,20210315,09:36,155.05,155.15,154.75,155.05,69231,0
CANBK,20210315,09:37,155.00,155.00,154.80,154.95,97418,0
CANBK,20210315,09:38,154.90,154.90,154.50,154.65,138909,0
CANBK,20210315,09:39,154.65,155.00,154.65,155.00,54754,0
CANBK,20210315,09:40,155.00,155.10,154.80,155.10,59610,0
CANBK,20210315,09:41,155.00,155.00,154.20,154.20,83019,0
CANBK,20210315,09:42,154.25,154.55,154.15,154.50,43178,0
CANBK,20210315,09:43,154.45,154.65,154.20,154.20,44248,0
CANBK,20210315,09:44,154.20,154.40,154.20,154.25,25488,0
CANBK,20210315,09:45,154.20,154.30,153.85,154.10,183250,0
CANBK,20210315,09:46,154.00,154.80,154.00,154.80,57220,0
CANBK,20210315,09:47,154.70,154.90,154.65,154.75,53456,0
CANBK,20210315,09:48,154.85,154.90,154.60,154.80,26837,0
CANBK,20210315,09:49,154.90,155.90,154.90,155.80,210830,0
CANBK,20210315,09:50,155.90,155.90,155.55,155.70,42007,0
CANBK,20210315,09:51,155.75,155.80,155.00,155.15,53520,0
CANBK,20210315,09:52,155.35,155.35,154.95,155.30,40135,0
CANBK,20210315,09:53,155.20,155.30,155.00,155.00,20917,0
CANBK,20210315,09:54,155.00,155.40,155.00,155.25,28614,0
CANBK,20210315,09:55,155.25,155.50,155.10,155.50,28865,0
CANBK,20210315,09:56,155.55,156.00,155.50,155.95,144202,0
CANBK,20210315,09:57,156.00,156.00,155.65,155.90,20856,0
CANBK,20210315,09:58,155.80,155.90,155.50,155.90,21995,0
CANBK,20210315,09:59,155.95,156.00,155.75,155.95,26249,0
CANBK,20210315,10:00,155.90,156.25,155.70,156.20,81337,0
CANBK,20210315,10:01,156.05,156.30,155.90,155.95,26327,0
CANBK,20210315,10:02,155.90,155.90,155.30,155.35,21186,0
CANBK,20210315,10:03,155.35,155.50,155.25,155.25,40133,0
CANBK,20210315,10:04,155.45,155.45,155.00,155.10,29398,0
CANBK,20210315,10:05,155.10,155.10,154.55,154.85,141726,0
CANBK,20210315,10:06,154.85,154.85,154.55,154.75,51122,0
CANBK,20210315,10:07,154.75,155.00,154.75,154.85,20402,0
CANBK,20210315,10:08,154.90,155.00,154.85,154.95,14098,0
CANBK,20210315,10:09,154.90,154.90,154.60,154.75,14017,0
CANBK,20210315,10:10,154.75,155.05,154.60,155.05,20384,0
CANBK,20210315,10:11,155.05,155.05,154.80,155.00,23418,0
CANBK,20210315,10:12,154.90,155.20,154.90,155.15,14158,0
CANBK,20210315,10:13,155.15,155.45,155.15,155.25,21262,0
CANBK,20210315,10:14,155.40,155.45,155.25,155.35,47119,0
CANBK,20210315,10:15,155.35,155.35,155.05,155.20,10951,0
CANBK,20210315,10:16,155.15,155.15,154.80,154.85,40315,0
CANBK,20210315,10:17,155.00,155.05,154.80,155.05,8389,0
CANBK,20210315,10:18,155.00,155.25,154.95,155.10,19274,0
CANBK,20210315,10:19,155.10,155.25,154.85,155.05,20189,0
CANBK,20210315,10:20,155.10,155.25,155.00,155.00,8809,0
CANBK,20210315,10:21,155.10,155.15,154.85,154.95,16321,0
CANBK,20210315,10:22,155.15,155.15,154.85,155.05,42367,0
CANBK,20210315,10:23,155.15,155.50,155.10,155.45,44204,0
CANBK,20210315,10:24,155.45,155.70,155.40,155.65,52391,0
CANBK,20210315,10:25,155.65,155.85,155.55,155.75,18868,0
CANBK,20210315,10:26,155.75,155.90,155.60,155.65,16941,0
CANBK,20210315,10:27,155.65,155.70,155.60,155.60,8790,0
CANBK,20210315,10:28,155.60,155.60,155.25,155.50,11552,0
CANBK,20210315,10:29,155.45,155.50,155.25,155.35,7231,0
CANBK,20210315,10:30,155.40,155.45,155.30,155.40,3155,0
CANBK,20210315,10:31,155.35,155.60,155.35,155.50,6867,0
CANBK,20210315,10:32,155.50,155.60,155.40,155.50,5865,0
CANBK,20210315,10:33,155.50,155.70,155.45,155.65,16396,0
CANBK,20210315,10:34,155.60,155.70,155.40,155.45,14131,0
CANBK,20210315,10:35,155.40,155.40,155.00,155.00,42684,0
CANBK,20210315,10:36,154.90,155.00,154.75,155.00,37516,0
CANBK,20210315,10:37,155.00,155.05,154.80,154.95,12275,0
CANBK,20210315,10:38,154.95,154.95,154.70,154.80,25579,0
CANBK,20210315,10:39,154.70,155.15,154.70,155.15,16502,0
CANBK,20210315,10:40,155.05,155.25,154.85,155.05,12558,0
CANBK,20210315,10:41,155.00,155.00,154.85,154.85,8141,0
CANBK,20210315,10:42,154.95,155.10,154.85,155.10,5937,0
CANBK,20210315,10:43,155.00,155.05,154.80,154.90,25710,0
CANBK,20210315,10:44,154.80,154.90,154.40,154.55,71256,0
CANBK,20210315,10:45,154.50,154.65,154.45,154.60,13653,0
CANBK,20210315,10:46,154.55,154.55,154.30,154.35,32128,0
CANBK,20210315,10:47,154.25,154.50,154.25,154.40,29579,0
CANBK,20210315,10:48,154.45,154.50,154.25,154.30,16490,0
CANBK,20210315,10:49,154.35,154.50,154.25,154.50,27952,0
CANBK,20210315,10:50,154.50,154.60,154.35,154.60,25982,0
CANBK,20210315,10:51,154.55,154.65,154.45,154.45,22979,0
CANBK,20210315,10:52,154.45,154.45,154.10,154.10,41509,0
CANBK,20210315,10:53,154.05,154.35,154.05,154.35,33995,0
CANBK,20210315,10:54,154.35,154.50,154.25,154.25,13574,0
CANBK,20210315,10:55,154.30,154.40,154.20,154.30,9859,0
CANBK,20210315,10:56,154.35,154.35,154.05,154.05,21045,0
CANBK,20210315,10:57,154.00,154.05,153.55,153.70,162919,0
CANBK,20210315,10:58,153.70,153.80,153.70,153.80,23179,0
CANBK,20210315,10:59,153.80,153.85,153.55,153.55,40173,0
CANBK,20210315,11:00,153.55,153.85,153.50,153.65,55798,0
CANBK,20210315,11:01,153.60,153.60,152.80,153.10,296989,0
CANBK,20210315,11:02,153.15,153.20,153.05,153.05,37587,0
CANBK,20210315,11:03,152.90,153.00,152.70,152.85,94471,0
CANBK,20210315,11:04,152.75,152.90,152.50,152.70,81269,0
CANBK,20210315,11:05,152.65,152.95,152.55,152.55,48945,0
CANBK,20210315,11:06,152.70,152.85,152.55,152.75,56782,0
CANBK,20210315,11:07,152.75,152.85,152.65,152.65,69514,0
CANBK,20210315,11:08,152.65,152.80,152.40,152.75,39686,0
CANBK,20210315,11:09,152.85,153.35,152.80,153.30,112607,0
CANBK,20210315,11:10,153.30,153.40,153.15,153.25,50387,0
CANBK,20210315,11:11,153.25,153.35,153.05,153.20,54546,0
CANBK,20210315,11:12,153.20,153.30,153.05,153.15,14717,0
CANBK,20210315,11:13,153.15,153.15,152.95,152.95,14793,0
CANBK,20210315,11:14,152.75,152.80,152.50,152.70,49122,0
CANBK,20210315,11:15,152.65,152.85,152.65,152.70,22949,0
CANBK,20210315,11:16,152.65,152.75,152.55,152.55,19539,0
CANBK,20210315,11:17,152.55,152.60,152.20,152.50,70345,0
CANBK,20210315,11:18,152.50,152.75,152.45,152.50,25403,0
CANBK,20210315,11:19,152.45,152.55,151.75,152.30,208501,0
CANBK,20210315,11:20,152.40,152.50,152.30,152.50,20614,0
CANBK,20210315,11:21,152.55,152.55,152.15,152.30,24012,0
CANBK,20210315,11:22,152.40,152.80,152.40,152.80,26542,0
CANBK,20210315,11:23,152.85,153.00,152.75,152.95,32429,0
CANBK,20210315,11:24,152.90,153.10,152.85,153.10,33576,0
CANBK,20210315,11:25,153.10,153.20,153.00,153.15,12722,0
CANBK,20210315,11:26,153.15,153.55,153.15,153.45,55905,0
CANBK,20210315,11:27,153.40,153.50,153.30,153.50,40791,0
CANBK,20210315,11:28,153.50,153.70,153.40,153.55,36892,0
CANBK,20210315,11:29,153.50,153.65,153.50,153.55,13134,0
CANBK,20210315,11:30,153.50,153.70,153.40,153.60,45350,0
CANBK,20210315,11:31,153.60,153.70,153.45,153.65,14505,0
CANBK,20210315,11:32,153.65,153.70,153.45,153.50,14033,0
CANBK,20210315,11:33,153.50,153.60,153.35,153.50,9504,0
CANBK,20210315,11:34,153.50,153.50,153.20,153.20,22748,0
CANBK,20210315,11:35,153.20,153.20,152.95,153.00,32237,0
CANBK,20210315,11:36,152.90,153.30,152.80,153.30,16787,0
CANBK,20210315,11:37,153.30,153.45,153.20,153.35,11395,0
CANBK,20210315,11:38,153.25,153.35,153.15,153.30,6426,0
CANBK,20210315,11:39,153.20,153.30,153.20,153.30,1803,0
CANBK,20210315,11:40,153.25,153.30,153.10,153.20,6230,0
CANBK,20210315,11:41,153.25,153.45,153.15,153.30,12662,0
CANBK,20210315,11:42,153.35,153.40,153.20,153.35,3601,0
CANBK,20210315,11:43,153.35,153.40,153.10,153.25,6731,0
CANBK,20210315,11:44,153.10,153.25,153.10,153.25,3257,0
CANBK,20210315,11:45,153.20,153.30,153.10,153.15,12873,0
CANBK,20210315,11:46,153.10,153.20,152.85,152.85,19037,0
CANBK,20210315,11:47,152.90,152.95,152.75,152.85,15665,0
CANBK,20210315,11:48,152.85,152.85,152.55,152.60,22427,0
CANBK,20210315,11:49,152.60,152.70,152.50,152.50,16098,0
CANBK,20210315,11:50,152.55,152.60,152.20,152.35,61018,0
CANBK,20210315,11:51,152.40,152.65,152.40,152.55,24669,0
CANBK,20210315,11:52,152.65,152.70,152.40,152.50,17724,0
CANBK,20210315,11:53,152.50,152.60,152.40,152.55,16269,0
CANBK,20210315,11:54,152.55,152.65,152.45,152.65,13633,0
CANBK,20210315,11:55,152.65,152.70,152.60,152.70,4684,0
CANBK,20210315,11:56,152.70,152.75,152.50,152.55,19066,0
CANBK,20210315,11:57,152.50,152.65,152.45,152.55,14392,0
CANBK,20210315,11:58,152.65,153.10,152.65,153.05,32809,0
CANBK,20210315,11:59,153.05,153.05,152.80,152.90,7786,0
CANBK,20210315,12:00,152.90,153.15,152.80,153.15,86779,0
CANBK,20210315,12:01,153.10,153.40,153.10,153.30,16754,0
CANBK,20210315,12:02,153.40,153.50,153.35,153.50,14871,0
CANBK,20210315,12:03,153.50,153.50,153.15,153.25,11893,0
CANBK,20210315,12:04,153.30,153.30,153.10,153.20,7774,0
CANBK,20210315,12:05,153.25,153.25,153.10,153.15,8364,0
CANBK,20210315,12:06,153.25,153.45,153.10,153.40,12568,0
CANBK,20210315,12:07,153.35,153.50,153.35,153.40,5635,0
CANBK,20210315,12:08,153.40,153.60,153.40,153.50,19112,0
CANBK,20210315,12:09,153.50,153.60,153.25,153.25,11616,0
CANBK,20210315,12:10,153.35,153.50,153.15,153.25,10782,0
CANBK,20210315,12:11,153.25,153.30,153.00,153.00,15996,0
CANBK,20210315,12:12,153.20,153.30,153.00,153.00,3829,0
CANBK,20210315,12:13,153.10,153.40,153.05,153.35,24878,0
CANBK,20210315,12:14,153.35,153.35,153.20,153.25,3541,0
CANBK,20210315,12:15,153.20,153.25,153.15,153.25,8686,0
CANBK,20210315,12:16,153.20,153.20,152.95,153.00,27142,0
CANBK,20210315,12:17,152.90,153.00,152.75,152.95,15760,0
CANBK,20210315,12:18,152.90,153.00,152.85,152.95,11313,0
CANBK,20210315,12:19,153.00,153.00,152.65,152.85,16576,0
CANBK,20210315,12:20,152.70,152.80,152.65,152.75,7155,0
CANBK,20210315,12:21,152.80,153.00,152.70,152.95,25819,0
CANBK,20210315,12:22,152.95,152.95,152.80,152.90,5695,0
CANBK,20210315,12:23,152.80,152.90,152.70,152.85,6114,0
CANBK,20210315,12:24,152.80,152.95,152.80,152.95,4117,0
CANBK,20210315,12:25,152.95,152.95,152.80,152.95,12649,0
CANBK,20210315,12:26,152.95,153.00,152.70,152.75,34527,0
CANBK,20210315,12:27,152.75,152.85,152.75,152.80,53220,0
CANBK,20210315,12:28,152.85,152.95,152.80,152.95,2920,0
CANBK,20210315,12:29,152.95,152.95,152.85,152.90,6661,0
CANBK,20210315,12:30,152.90,152.95,152.85,152.90,7115,0
CANBK,20210315,12:31,152.90,152.95,152.80,152.85,8017,0
CANBK,20210315,12:32,152.85,152.95,152.80,152.95,3491,0
CANBK,20210315,12:33,152.95,152.95,152.80,152.85,16563,0
CANBK,20210315,12:34,152.80,152.90,152.75,152.85,23180,0
CANBK,20210315,12:35,152.90,152.90,152.75,152.80,13145,0
CANBK,20210315,12:36,152.85,152.85,152.65,152.70,13745,0
CANBK,20210315,12:37,152.60,152.60,152.35,152.50,43726,0
CANBK,20210315,12:38,152.50,152.60,152.50,152.50,25421,0
CANBK,20210315,12:39,152.50,152.50,152.30,152.50,37619,0
CANBK,20210315,12:40,152.50,152.50,152.35,152.40,11854,0
CANBK,20210315,12:41,152.40,152.40,152.30,152.35,9655,0
CANBK,20210315,12:42,152.35,152.50,152.30,152.40,16324,0
CANBK,20210315,12:43,152.40,152.40,152.25,152.25,27433,0
CANBK,20210315,12:44,152.25,152.30,152.10,152.30,36383,0
CANBK,20210315,12:45,152.25,152.35,152.15,152.30,36354,0
CANBK,20210315,12:46,152.35,152.40,152.20,152.35,8986,0
CANBK,20210315,12:47,152.40,152.60,152.20,152.55,60425,0
CANBK,20210315,12:48,152.55,152.55,152.30,152.45,6517,0
CANBK,20210315,12:49,152.50,152.70,152.45,152.60,12150,0
CANBK,20210315,12:50,152.70,152.70,152.50,152.60,14533,0
CANBK,20210315,12:51,152.65,152.65,152.50,152.55,3457,0
CANBK,20210315,12:52,152.60,152.60,152.55,152.55,3453,0
CANBK,20210315,12:53,152.50,152.65,152.50,152.65,15717,0
CANBK,20210315,12:54,152.70,152.70,152.30,152.30,10435,0
CANBK,20210315,12:55,152.30,152.40,152.30,152.35,7318,0
CANBK,20210315,12:56,152.35,152.50,152.30,152.40,8607,0
CANBK,20210315,12:57,152.40,152.60,152.40,152.50,7457,0
CANBK,20210315,12:58,152.60,152.60,152.30,152.50,24996,0
CANBK,20210315,12:59,152.60,152.60,152.35,152.40,8109,0
CANBK,20210315,13:00,152.50,152.55,152.40,152.50,3137,0
CANBK,20210315,13:01,152.45,152.45,152.15,152.20,36252,0
CANBK,20210315,13:02,152.10,152.30,152.10,152.25,8415,0
CANBK,20210315,13:03,152.20,152.30,152.10,152.15,14295,0
CANBK,20210315,13:04,152.10,152.25,152.00,152.05,24494,0
CANBK,20210315,13:05,152.15,152.25,152.10,152.25,7505,0
CANBK,20210315,13:06,152.15,152.25,152.15,152.15,5645,0
CANBK,20210315,13:07,152.15,152.15,152.00,152.05,81187,0
CANBK,20210315,13:08,152.00,152.05,151.80,152.00,13329,0
CANBK,20210315,13:09,152.00,152.05,151.80,151.95,22240,0
CANBK,20210315,13:10,151.95,152.00,151.80,151.95,24878,0
CANBK,20210315,13:11,152.00,152.00,151.85,152.00,24204,0
CANBK,20210315,13:12,152.00,152.15,151.85,152.10,50182,0
CANBK,20210315,13:13,152.15,152.35,152.10,152.30,17053,0
CANBK,20210315,13:14,152.30,152.45,152.25,152.40,8077,0
CANBK,20210315,13:15,152.40,152.45,152.40,152.45,11085,0
CANBK,20210315,13:16,152.45,152.55,152.40,152.55,16555,0
CANBK,20210315,13:17,152.55,152.60,152.40,152.40,11856,0
CANBK,20210315,13:18,152.40,152.70,152.40,152.70,19358,0
CANBK,20210315,13:19,152.55,152.80,152.55,152.70,22550,0
CANBK,20210315,13:20,152.80,152.85,152.70,152.70,17880,0
CANBK,20210315,13:21,152.80,152.80,152.65,152.75,3851,0
CANBK,20210315,13:22,152.70,152.75,152.50,152.65,14223,0
CANBK,20210315,13:23,152.60,152.70,152.45,152.60,23495,0
CANBK,20210315,13:24,152.55,153.35,152.55,153.15,82211,0
CANBK,20210315,13:25,153.15,153.30,153.10,153.20,20842,0
CANBK,20210315,13:26,153.30,153.35,153.10,153.10,14935,0
CANBK,20210315,13:27,153.10,153.35,153.10,153.30,29612,0
CANBK,20210315,13:28,153.25,153.30,153.15,153.25,15690,0
CANBK,20210315,13:29,153.30,153.30,153.20,153.20,10168,0
CANBK,20210315,13:30,153.20,153.45,153.20,153.45,35223,0
CANBK,20210315,13:31,153.45,153.60,153.35,153.40,27476,0
CANBK,20210315,13:32,153.40,153.50,153.40,153.40,7144,0
CANBK,20210315,13:33,153.45,153.45,153.10,153.25,13669,0
CANBK,20210315,13:34,153.25,153.30,153.15,153.25,6097,0
CANBK,20210315,13:35,153.25,153.35,153.15,153.25,9626,0
CANBK,20210315,13:36,153.35,154.00,153.35,154.00,111816,0
CANBK,20210315,13:37,153.95,153.95,153.75,153.85,29491,0
CANBK,20210315,13:38,153.85,153.95,153.80,153.80,28994,0
CANBK,20210315,13:39,153.90,153.90,153.65,153.75,21236,0
CANBK,20210315,13:40,153.65,153.80,153.50,153.60,24058,0
CANBK,20210315,13:41,153.60,153.90,153.55,153.75,24171,0
CANBK,20210315,13:42,153.80,153.85,153.65,153.65,54274,0
CANBK,20210315,13:43,153.70,153.75,153.55,153.55,26721,0
CANBK,20210315,13:44,153.55,153.85,153.55,153.80,23205,0
CANBK,20210315,13:45,153.85,154.20,153.85,154.10,69986,0
CANBK,20210315,13:46,154.05,154.40,154.05,154.30,67693,0
CANBK,20210315,13:47,154.25,154.40,154.25,154.25,19427,0
CANBK,20210315,13:48,154.25,154.30,154.15,154.20,15946,0
CANBK,20210315,13:49,154.20,154.45,154.10,154.45,48156,0
CANBK,20210315,13:50,154.45,154.60,154.45,154.55,52312,0
CANBK,20210315,13:51,154.55,154.70,154.55,154.60,48980,0
CANBK,20210315,13:52,154.65,154.65,154.30,154.30,34305,0
CANBK,20210315,13:53,154.40,154.70,154.25,154.70,45001,0
CANBK,20210315,13:54,154.60,154.90,154.60,154.85,40444,0
CANBK,20210315,13:55,154.85,154.95,154.80,154.85,35967,0
CANBK,20210315,13:56,154.80,154.90,154.80,154.90,20528,0
CANBK,20210315,13:57,154.85,154.90,154.65,154.70,36944,0
CANBK,20210315,13:58,154.70,154.80,154.50,154.60,16649,0
CANBK,20210315,13:59,154.55,154.70,154.30,154.65,89321,0
CANBK,20210315,14:00,154.65,154.75,154.50,154.50,20579,0
CANBK,20210315,14:01,154.50,154.60,154.40,154.60,27804,0
CANBK,20210315,14:02,154.60,154.80,154.55,154.75,14030,0
CANBK,20210315,14:03,154.80,154.90,154.65,154.65,37936,0
CANBK,20210315,14:04,154.65,154.65,154.20,154.25,34748,0
CANBK,20210315,14:05,154.25,154.25,153.75,153.75,50879,0
CANBK,20210315,14:06,153.80,154.20,153.75,154.05,38950,0
CANBK,20210315,14:07,154.05,154.10,154.00,154.10,5623,0
CANBK,20210315,14:08,154.10,154.40,154.10,154.15,21778,0
CANBK,20210315,14:09,154.20,154.20,153.85,153.85,15195,0
CANBK,20210315,14:10,153.90,154.10,153.85,154.10,6309,0
CANBK,20210315,14:11,154.10,154.45,154.10,154.45,17450,0
CANBK,20210315,14:12,154.30,154.45,154.25,154.35,13305,0
CANBK,20210315,14:13,154.25,154.60,154.25,154.50,22429,0
CANBK,20210315,14:14,154.50,154.60,154.40,154.55,7010,0
CANBK,20210315,14:15,154.60,155.55,154.60,155.55,155720,0
CANBK,20210315,14:16,155.55,156.10,155.55,156.00,168886,0
CANBK,20210315,14:17,155.85,156.40,155.85,156.25,154002,0
CANBK,20210315,14:18,156.30,156.30,155.80,155.80,80370,0
CANBK,20210315,14:19,155.80,156.00,155.80,155.80,41276,0
CANBK,20210315,14:20,155.80,155.80,155.50,155.60,66745,0
CANBK,20210315,14:21,155.60,155.75,155.50,155.50,19531,0
CANBK,20210315,14:22,155.50,155.75,155.40,155.75,48896,0
CANBK,20210315,14:23,155.75,155.85,155.70,155.80,17939,0
CANBK,20210315,14:24,155.80,156.15,155.80,156.05,59345,0
CANBK,20210315,14:25,156.05,156.15,155.65,155.80,59421,0
CANBK,20210315,14:26,155.80,156.00,155.60,155.95,69825,0
CANBK,20210315,14:27,155.85,155.95,155.75,155.75,11786,0
CANBK,20210315,14:28,155.75,155.90,155.75,155.75,17202,0
CANBK,20210315,14:29,155.80,156.15,155.75,156.05,32661,0
CANBK,20210315,14:30,156.05,156.20,156.05,156.10,41492,0
CANBK,20210315,14:31,156.10,156.20,155.95,155.95,30388,0
CANBK,20210315,14:32,155.95,156.30,155.95,156.10,35534,0
CANBK,20210315,14:33,156.25,156.35,156.20,156.35,33704,0
CANBK,20210315,14:34,156.20,156.30,156.10,156.10,26677,0
CANBK,20210315,14:35,156.10,156.10,155.85,155.85,23685,0
CANBK,20210315,14:36,155.95,156.70,155.90,156.55,141660,0
CANBK,20210315,14:37,156.70,157.10,156.65,156.75,228849,0
CANBK,20210315,14:38,156.65,157.10,156.65,157.10,63102,0
CANBK,20210315,14:39,157.10,157.65,157.00,157.50,169655,0
CANBK,20210315,14:40,157.65,157.65,157.20,157.25,121720,0
CANBK,20210315,14:41,157.30,157.45,157.25,157.40,52527,0
CANBK,20210315,14:42,157.35,157.45,157.10,157.15,49437,0
CANBK,20210315,14:43,157.10,157.20,157.05,157.20,23129,0
CANBK,20210315,14:44,157.15,157.25,157.05,157.05,28230,0
CANBK,20210315,14:45,157.10,157.50,157.05,157.50,47676,0
CANBK,20210315,14:46,157.35,157.55,157.10,157.10,67431,0
CANBK,20210315,14:47,157.10,157.15,156.80,156.95,54839,0
CANBK,20210315,14:48,156.80,156.95,156.55,156.65,33129,0
CANBK,20210315,14:49,156.60,156.70,156.55,156.65,14627,0
CANBK,20210315,14:50,156.65,156.65,156.50,156.50,24511,0
CANBK,20210315,14:51,156.50,156.65,156.40,156.60,28150,0
CANBK,20210315,14:52,156.60,156.85,156.50,156.70,19900,0
CANBK,20210315,14:53,156.65,156.90,156.65,156.80,19835,0
CANBK,20210315,14:54,156.80,156.80,156.55,156.70,16697,0
CANBK,20210315,14:55,156.65,157.20,156.65,157.20,39163,0
CANBK,20210315,14:56,157.25,157.50,157.20,157.30,41639,0
CANBK,20210315,14:57,157.35,157.65,157.25,157.60,62046,0
CANBK,20210315,14:58,157.75,157.85,157.40,157.40,73924,0
CANBK,20210315,14:59,157.35,157.65,157.35,157.40,29327,0
CANBK,20210315,15:00,157.35,157.55,157.20,157.50,62472,0
CANBK,20210315,15:01,157.40,157.90,157.35,157.70,50174,0
CANBK,20210315,15:02,157.65,157.75,157.60,157.75,20988,0
CANBK,20210315,15:03,157.75,158.75,157.60,158.65,194343,0
CANBK,20210315,15:04,158.60,159.00,158.20,158.40,207688,0
CANBK,20210315,15:05,158.20,158.35,158.15,158.15,59262,0
CANBK,20210315,15:06,158.15,158.50,157.90,158.45,120614,0
CANBK,20210315,15:07,158.45,158.75,158.45,158.45,64253,0
CANBK,20210315,15:08,158.55,158.70,158.45,158.65,42162,0
CANBK,20210315,15:09,158.65,158.65,158.35,158.50,57568,0
CANBK,20210315,15:10,158.55,158.60,158.40,158.40,49949,0
CANBK,20210315,15:11,158.35,158.55,158.30,158.45,94676,0
CANBK,20210315,15:12,158.60,158.60,158.25,158.45,97875,0
CANBK,20210315,15:13,158.30,158.55,158.00,158.00,33452,0
CANBK,20210315,15:14,158.15,158.20,158.05,158.05,29470,0
CANBK,20210315,15:15,158.00,158.45,158.00,158.45,42298,0
CANBK,20210315,15:16,158.45,158.70,158.35,158.50,67901,0
CANBK,20210315,15:17,158.45,158.65,158.20,158.35,75972,0
CANBK,20210315,15:18,158.25,158.35,158.05,158.10,55375,0
CANBK,20210315,15:19,158.10,158.30,158.00,158.30,84707,0
CANBK,20210315,15:20,158.15,158.55,158.15,158.50,47582,0
CANBK,20210315,15:21,158.35,158.50,158.20,158.25,106654,0
CANBK,20210315,15:22,158.50,158.80,158.50,158.50,108545,0
CANBK,20210315,15:23,158.55,158.55,158.35,158.45,17667,0
CANBK,20210315,15:24,158.40,158.45,158.20,158.20,35143,0
CANBK,20210315,15:25,158.20,158.20,157.90,157.90,46248,0
CANBK,20210315,15:26,158.00,158.00,157.80,157.90,23336,0
CANBK,20210315,15:27,157.85,158.00,157.85,158.00,15384,0
CANBK,20210315,15:28,158.00,158.05,157.70,157.70,59949,0
CANBK,20210315,15:29,157.75,157.95,157.70,157.80,56541,0
CANBK,20210315,15:30,157.70,158.05,157.65,158.05,29139,0
CANBK,20210315,15:31,158.00,158.00,158.00,158.00,105,0
CANBK,20210315,15:32,158.30,158.30,158.30,158.30,0,0
CANBK,20210315,15:41,158.30,158.30,158.30,158.30,5,0
CANBK,20210315,16:47,158.30,158.30,158.30,158.30,0,0
