SAIL_F1,20200729,09:16,35.50,35.50,35.20,35.45,437000,27873000
SAIL_F1,20200729,09:17,35.55,35.55,35.55,35.55,304000,27873000
SAIL_F1,20200729,09:18,35.60,35.65,35.60,35.65,589000,28120000
SAIL_F1,20200729,09:19,35.75,35.80,35.70,35.75,627000,28120000
SAIL_F1,20200729,09:20,35.75,35.75,35.70,35.75,1159000,28120000
SAIL_F1,20200729,09:21,35.80,35.85,35.80,35.80,494000,28405000
SAIL_F1,20200729,09:22,35.75,35.75,35.75,35.75,38000,28405000
SAIL_F1,20200729,09:23,35.75,35.80,35.70,35.80,114000,28405000
SAIL_F1,20200729,09:24,35.80,35.80,35.80,35.80,323000,28405000
SAIL_F1,20200729,09:25,35.80,35.80,35.70,35.70,209000,28405000
SAIL_F1,20200729,09:26,35.70,35.75,35.70,35.75,114000,28405000
SAIL_F1,20200729,09:27,35.75,35.75,35.70,35.70,266000,28462000
SAIL_F1,20200729,09:28,35.65,35.65,35.65,35.65,19000,28462000
SAIL_F1,20200729,09:29,35.70,35.70,35.70,35.70,57000,28462000
SAIL_F1,20200729,09:30,35.65,35.65,35.60,35.60,133000,28500000
SAIL_F1,20200729,09:31,35.70,35.75,35.65,35.65,171000,28500000
SAIL_F1,20200729,09:32,35.65,35.65,35.65,35.65,57000,28500000
SAIL_F1,20200729,09:33,35.65,35.70,35.65,35.70,76000,28519000
SAIL_F1,20200729,09:34,35.75,35.80,35.70,35.70,380000,28519000
SAIL_F1,20200729,09:35,35.65,35.65,35.60,35.60,152000,28519000
SAIL_F1,20200729,09:36,35.55,35.55,35.40,35.40,380000,28557000
SAIL_F1,20200729,09:37,35.50,35.50,35.45,35.45,133000,28557000
SAIL_F1,20200729,09:38,35.35,35.35,35.35,35.35,38000,28557000
SAIL_F1,20200729,09:39,35.30,35.40,35.30,35.35,304000,28519000
SAIL_F1,20200729,09:40,35.40,35.40,35.35,35.35,209000,28519000
SAIL_F1,20200729,09:41,35.30,35.45,35.30,35.45,171000,28519000
SAIL_F1,20200729,09:42,35.40,35.55,35.40,35.55,152000,28576000
SAIL_F1,20200729,09:43,35.55,35.70,35.55,35.70,247000,28576000
SAIL_F1,20200729,09:44,35.65,35.65,35.60,35.60,209000,28576000
SAIL_F1,20200729,09:45,35.65,35.65,35.65,35.65,133000,28576000
SAIL_F1,20200729,09:46,35.65,35.70,35.65,35.70,209000,28557000
SAIL_F1,20200729,09:47,35.75,35.75,35.70,35.70,190000,28557000
SAIL_F1,20200729,09:48,35.80,36.00,35.80,36.00,627000,28557000
SAIL_F1,20200729,09:49,36.10,36.10,35.85,35.90,513000,28557000
SAIL_F1,20200729,09:50,35.85,35.85,35.85,35.85,38000,28557000
SAIL_F1,20200729,09:51,35.85,35.90,35.85,35.90,209000,28671000
SAIL_F1,20200729,09:52,35.90,35.90,35.90,35.90,209000,28671000
SAIL_F1,20200729,09:53,35.90,35.90,35.90,35.90,95000,28671000
SAIL_F1,20200729,09:54,35.90,35.90,35.75,35.75,95000,28462000
SAIL_F1,20200729,09:55,35.85,35.85,35.80,35.85,266000,28462000
SAIL_F1,20200729,09:56,35.90,35.90,35.85,35.85,247000,28462000
SAIL_F1,20200729,09:57,35.80,35.90,35.80,35.90,247000,28614000
SAIL_F1,20200729,09:58,35.95,36.15,35.95,36.10,893000,28614000
SAIL_F1,20200729,09:59,36.05,36.05,35.95,36.00,323000,28614000
SAIL_F1,20200729,10:00,36.00,36.00,35.90,35.90,342000,28690000
SAIL_F1,20200729,10:01,35.90,36.10,35.90,36.10,152000,28690000
SAIL_F1,20200729,10:02,36.10,36.15,36.05,36.05,95000,28690000
SAIL_F1,20200729,10:03,36.05,36.15,36.05,36.15,95000,28614000
SAIL_F1,20200729,10:04,36.15,36.15,36.10,36.10,646000,28614000
SAIL_F1,20200729,10:05,36.10,36.10,36.10,36.10,38000,28614000
SAIL_F1,20200729,10:06,36.05,36.10,36.05,36.10,209000,28671000
SAIL_F1,20200729,10:07,36.05,36.05,36.00,36.00,38000,28671000
SAIL_F1,20200729,10:08,35.95,35.95,35.95,35.95,152000,28671000
SAIL_F1,20200729,10:09,35.95,35.95,35.95,35.95,19000,28557000
SAIL_F1,20200729,10:10,35.95,36.05,35.95,36.05,114000,28557000
SAIL_F1,20200729,10:11,36.05,36.05,36.05,36.05,19000,28557000
SAIL_F1,20200729,10:12,36.05,36.05,36.05,36.05,95000,28557000
SAIL_F1,20200729,10:13,36.10,36.10,36.10,36.10,38000,28557000
SAIL_F1,20200729,10:14,36.10,36.10,36.00,36.00,133000,28557000
SAIL_F1,20200729,10:15,36.00,36.00,36.00,36.00,152000,28386000
SAIL_F1,20200729,10:16,36.05,36.05,36.05,36.05,171000,28386000
SAIL_F1,20200729,10:17,36.05,36.05,36.05,36.05,19000,28386000
SAIL_F1,20200729,10:18,36.05,36.20,36.05,36.20,285000,28405000
SAIL_F1,20200729,10:19,36.25,36.50,36.25,36.40,665000,28405000
SAIL_F1,20200729,10:20,36.45,36.45,36.40,36.40,152000,28405000
SAIL_F1,20200729,10:21,36.45,36.50,36.40,36.40,171000,28424000
SAIL_F1,20200729,10:22,36.35,36.35,36.35,36.35,114000,28424000
SAIL_F1,20200729,10:23,36.30,36.30,36.30,36.30,209000,28424000
SAIL_F1,20200729,10:24,36.35,36.35,36.35,36.35,209000,28500000
SAIL_F1,20200729,10:25,36.35,36.35,36.25,36.25,95000,28500000
SAIL_F1,20200729,10:26,36.20,36.20,36.15,36.15,171000,28500000
SAIL_F1,20200729,10:27,36.15,36.15,36.10,36.10,133000,28500000
SAIL_F1,20200729,10:28,36.10,36.10,36.05,36.05,76000,28500000
SAIL_F1,20200729,10:29,36.05,36.15,36.05,36.15,57000,28500000
SAIL_F1,20200729,10:30,36.15,36.15,36.10,36.10,76000,28500000
SAIL_F1,20200729,10:31,36.05,36.05,35.95,35.95,399000,28481000
SAIL_F1,20200729,10:32,35.95,36.00,35.95,36.00,38000,28481000
SAIL_F1,20200729,10:33,36.00,36.05,36.00,36.00,76000,28481000
SAIL_F1,20200729,10:34,36.05,36.05,36.05,36.05,19000,28481000
SAIL_F1,20200729,10:35,36.10,36.15,36.10,36.15,114000,28481000
SAIL_F1,20200729,10:36,36.10,36.20,36.10,36.20,133000,28462000
SAIL_F1,20200729,10:37,36.15,36.25,36.15,36.25,95000,28462000
SAIL_F1,20200729,10:38,36.30,36.30,36.30,36.30,38000,28462000
SAIL_F1,20200729,10:39,36.25,36.30,36.25,36.30,57000,28481000
SAIL_F1,20200729,10:40,36.25,36.25,36.25,36.25,19000,28481000
SAIL_F1,20200729,10:41,36.25,36.30,36.25,36.25,95000,28481000
SAIL_F1,20200729,10:42,36.25,36.25,36.25,36.25,57000,28481000
SAIL_F1,20200729,10:43,36.25,36.30,36.15,36.15,133000,28500000
SAIL_F1,20200729,10:44,36.20,36.20,36.20,36.20,133000,28500000
SAIL_F1,20200729,10:45,36.20,36.20,36.20,36.20,57000,28500000
SAIL_F1,20200729,10:46,36.20,36.20,36.20,36.20,1577000,28424000
SAIL_F1,20200729,10:47,36.20,36.20,36.20,36.20,38000,28424000
SAIL_F1,20200729,10:49,36.20,36.20,36.15,36.20,76000,28557000
SAIL_F1,20200729,10:50,36.15,36.20,36.15,36.15,247000,28557000
SAIL_F1,20200729,10:51,36.15,36.15,36.15,36.15,57000,28500000
SAIL_F1,20200729,10:52,36.20,36.20,36.20,36.20,19000,28500000
SAIL_F1,20200729,10:53,36.15,36.15,36.15,36.15,57000,28500000
SAIL_F1,20200729,10:54,36.15,36.15,36.15,36.15,38000,28500000
SAIL_F1,20200729,10:55,36.15,36.15,36.15,36.15,114000,28481000
SAIL_F1,20200729,10:56,36.15,36.15,36.15,36.15,19000,28481000
SAIL_F1,20200729,10:57,36.10,36.15,36.10,36.15,152000,28481000
SAIL_F1,20200729,10:58,36.10,36.10,36.10,36.10,38000,28386000
SAIL_F1,20200729,10:59,36.15,36.15,36.15,36.15,19000,28386000
SAIL_F1,20200729,11:00,36.15,36.15,36.15,36.15,57000,28424000
SAIL_F1,20200729,11:01,36.10,36.10,36.10,36.10,38000,28424000
SAIL_F1,20200729,11:02,36.15,36.15,36.15,36.15,76000,28424000
SAIL_F1,20200729,11:03,36.15,36.15,36.15,36.15,19000,28424000
SAIL_F1,20200729,11:05,36.15,36.20,36.15,36.20,133000,28405000
SAIL_F1,20200729,11:06,36.25,36.25,36.25,36.25,19000,28405000
SAIL_F1,20200729,11:07,36.25,36.30,36.25,36.25,57000,28424000
SAIL_F1,20200729,11:08,36.30,36.30,36.30,36.30,19000,28424000
SAIL_F1,20200729,11:09,36.30,36.35,36.30,36.35,95000,28424000
SAIL_F1,20200729,11:10,36.35,36.35,36.35,36.35,38000,28481000
SAIL_F1,20200729,11:11,36.30,36.30,36.30,36.30,19000,28481000
SAIL_F1,20200729,11:12,36.30,36.35,36.30,36.35,133000,28481000
SAIL_F1,20200729,11:13,36.30,36.30,36.30,36.30,76000,28481000
SAIL_F1,20200729,11:14,36.25,36.25,36.25,36.25,19000,28481000
SAIL_F1,20200729,11:15,36.25,36.25,36.25,36.25,19000,28481000
SAIL_F1,20200729,11:16,36.25,36.35,36.25,36.35,190000,28443000
SAIL_F1,20200729,11:17,36.40,36.40,36.35,36.35,95000,28443000
SAIL_F1,20200729,11:19,36.30,36.30,36.25,36.25,57000,28481000
SAIL_F1,20200729,11:21,36.35,36.35,36.30,36.30,76000,28481000
SAIL_F1,20200729,11:22,36.30,36.30,36.30,36.30,19000,28386000
SAIL_F1,20200729,11:23,36.35,36.35,36.35,36.35,19000,28386000
SAIL_F1,20200729,11:24,36.55,36.55,36.50,36.55,570000,28386000
SAIL_F1,20200729,11:25,36.50,36.60,36.50,36.50,342000,28538000
SAIL_F1,20200729,11:26,36.50,36.50,36.40,36.45,76000,28538000
SAIL_F1,20200729,11:27,36.45,36.45,36.45,36.45,95000,28538000
SAIL_F1,20200729,11:28,36.45,36.45,36.45,36.45,38000,28329000
SAIL_F1,20200729,11:29,36.45,36.45,36.45,36.45,152000,28329000
SAIL_F1,20200729,11:30,36.45,36.45,36.45,36.45,95000,28329000
SAIL_F1,20200729,11:31,36.35,36.35,36.35,36.35,76000,28291000
SAIL_F1,20200729,11:33,36.40,36.40,36.40,36.40,228000,28291000
SAIL_F1,20200729,11:34,36.40,36.40,36.40,36.40,171000,28386000
SAIL_F1,20200729,11:35,36.35,36.35,36.35,36.35,38000,28386000
SAIL_F1,20200729,11:36,36.40,36.40,36.40,36.40,19000,28386000
SAIL_F1,20200729,11:37,36.35,36.35,36.35,36.35,38000,28386000
SAIL_F1,20200729,11:38,36.35,36.35,36.25,36.25,95000,28386000
SAIL_F1,20200729,11:39,36.20,36.20,36.15,36.15,38000,28386000
SAIL_F1,20200729,11:40,36.25,36.25,36.25,36.25,19000,28386000
SAIL_F1,20200729,11:43,36.30,36.30,36.30,36.30,76000,28386000
SAIL_F1,20200729,11:45,36.30,36.30,36.30,36.30,19000,28386000
SAIL_F1,20200729,11:46,36.30,36.35,36.30,36.35,38000,28348000
SAIL_F1,20200729,11:47,36.35,36.35,36.35,36.35,19000,28348000
SAIL_F1,20200729,11:48,36.35,36.35,36.35,36.35,19000,28348000
SAIL_F1,20200729,11:50,36.40,36.40,36.40,36.40,57000,28139000
SAIL_F1,20200729,11:51,36.40,36.40,36.40,36.40,19000,28139000
SAIL_F1,20200729,11:53,36.40,36.40,36.35,36.35,855000,28158000
SAIL_F1,20200729,11:55,36.35,36.35,36.35,36.35,76000,28177000
SAIL_F1,20200729,11:56,36.35,36.35,36.35,36.35,19000,28177000
SAIL_F1,20200729,11:57,36.40,36.50,36.40,36.50,133000,28177000
SAIL_F1,20200729,11:58,36.45,36.45,36.45,36.45,19000,28177000
SAIL_F1,20200729,11:59,36.45,36.45,36.40,36.40,209000,28177000
SAIL_F1,20200729,12:01,36.30,36.30,36.30,36.30,19000,28044000
SAIL_F1,20200729,12:03,36.30,36.30,36.30,36.30,475000,28044000
SAIL_F1,20200729,12:06,36.25,36.25,36.25,36.25,19000,28481000
SAIL_F1,20200729,12:07,36.30,36.30,36.25,36.25,57000,28481000
SAIL_F1,20200729,12:11,36.30,36.30,36.30,36.30,38000,28443000
SAIL_F1,20200729,12:12,36.30,36.30,36.30,36.30,38000,28443000
SAIL_F1,20200729,12:14,36.30,36.30,36.30,36.30,19000,28405000
SAIL_F1,20200729,12:15,36.25,36.30,36.25,36.30,57000,28405000
SAIL_F1,20200729,12:16,36.30,36.30,36.30,36.30,38000,28367000
SAIL_F1,20200729,12:17,36.35,36.35,36.35,36.35,19000,28367000
SAIL_F1,20200729,12:18,36.35,36.40,36.35,36.40,57000,28367000
SAIL_F1,20200729,12:21,36.40,36.40,36.40,36.40,38000,28405000
SAIL_F1,20200729,12:23,36.35,36.35,36.35,36.35,38000,28386000
SAIL_F1,20200729,12:24,36.35,36.35,36.35,36.35,19000,28386000
SAIL_F1,20200729,12:25,36.35,36.35,36.35,36.35,38000,28348000
SAIL_F1,20200729,12:27,36.35,36.35,36.35,36.35,114000,28348000
SAIL_F1,20200729,12:29,36.35,36.35,36.35,36.35,19000,28348000
SAIL_F1,20200729,12:30,36.45,36.45,36.45,36.45,38000,28310000
SAIL_F1,20200729,12:32,36.45,36.50,36.45,36.50,247000,28310000
SAIL_F1,20200729,12:34,36.45,36.45,36.45,36.45,38000,28348000
SAIL_F1,20200729,12:35,36.45,36.45,36.45,36.45,38000,28348000
SAIL_F1,20200729,12:36,36.40,36.40,36.40,36.40,19000,28348000
SAIL_F1,20200729,12:37,36.40,36.40,36.40,36.40,38000,28348000
SAIL_F1,20200729,12:38,36.40,36.40,36.35,36.35,38000,28348000
SAIL_F1,20200729,12:39,36.35,36.35,36.35,36.35,19000,28348000
SAIL_F1,20200729,12:41,36.30,36.35,36.25,36.25,95000,28386000
SAIL_F1,20200729,12:42,36.20,36.20,36.20,36.20,114000,28386000
SAIL_F1,20200729,12:43,36.20,36.20,36.20,36.20,95000,28386000
SAIL_F1,20200729,12:44,36.25,36.30,36.25,36.30,171000,28386000
SAIL_F1,20200729,12:45,36.25,36.25,36.25,36.25,19000,28386000
SAIL_F1,20200729,12:46,36.20,36.20,36.20,36.20,95000,28177000
SAIL_F1,20200729,12:47,36.20,36.20,36.20,36.20,57000,28177000
SAIL_F1,20200729,12:48,36.10,36.10,36.10,36.10,190000,28177000
SAIL_F1,20200729,12:49,36.00,36.10,36.00,36.10,95000,28082000
SAIL_F1,20200729,12:50,36.10,36.10,36.05,36.10,114000,28082000
SAIL_F1,20200729,12:51,36.10,36.10,36.10,36.10,57000,28082000
SAIL_F1,20200729,12:52,36.05,36.05,36.05,36.05,95000,28025000
SAIL_F1,20200729,12:53,36.05,36.05,36.05,36.05,76000,28025000
SAIL_F1,20200729,12:54,36.10,36.10,36.10,36.10,19000,28025000
SAIL_F1,20200729,12:55,36.10,36.10,36.10,36.10,76000,28044000
SAIL_F1,20200729,12:56,36.05,36.10,36.05,36.10,152000,28044000
SAIL_F1,20200729,12:57,36.10,36.10,36.05,36.05,95000,28044000
SAIL_F1,20200729,12:58,36.05,36.05,35.85,35.85,304000,27968000
SAIL_F1,20200729,12:59,35.80,35.85,35.80,35.85,190000,27968000
SAIL_F1,20200729,13:00,35.85,35.85,35.85,35.85,76000,27968000
SAIL_F1,20200729,13:01,35.80,35.80,35.75,35.75,247000,27816000
SAIL_F1,20200729,13:02,35.70,35.70,35.70,35.70,38000,27816000
SAIL_F1,20200729,13:03,35.75,35.75,35.75,35.75,76000,27816000
SAIL_F1,20200729,13:04,35.75,35.75,35.70,35.70,114000,27740000
SAIL_F1,20200729,13:05,35.70,35.70,35.70,35.70,38000,27740000
SAIL_F1,20200729,13:06,35.70,35.75,35.70,35.75,399000,27740000
SAIL_F1,20200729,13:07,35.75,35.75,35.75,35.75,38000,27322000
SAIL_F1,20200729,13:08,35.75,35.75,35.75,35.75,19000,27322000
SAIL_F1,20200729,13:09,35.75,35.75,35.75,35.75,19000,27322000
SAIL_F1,20200729,13:10,35.75,35.75,35.75,35.75,38000,27322000
SAIL_F1,20200729,13:12,35.80,35.80,35.80,35.80,38000,27303000
SAIL_F1,20200729,13:13,35.80,35.80,35.80,35.80,19000,27303000
SAIL_F1,20200729,13:14,35.80,35.80,35.80,35.80,19000,27303000
SAIL_F1,20200729,13:15,35.85,35.85,35.85,35.85,114000,27303000
SAIL_F1,20200729,13:17,35.85,35.85,35.85,35.85,19000,27246000
SAIL_F1,20200729,13:18,35.85,35.85,35.85,35.85,19000,27246000
SAIL_F1,20200729,13:20,35.80,35.80,35.80,35.80,57000,27208000
SAIL_F1,20200729,13:21,35.75,35.75,35.75,35.75,19000,27208000
SAIL_F1,20200729,13:22,35.80,35.80,35.75,35.75,171000,27208000
SAIL_F1,20200729,13:24,35.75,35.90,35.75,35.90,342000,27208000
SAIL_F1,20200729,13:25,35.90,35.90,35.80,35.80,399000,27379000
SAIL_F1,20200729,13:27,35.85,35.85,35.85,35.85,19000,27379000
SAIL_F1,20200729,13:28,35.80,35.80,35.80,35.80,114000,27474000
SAIL_F1,20200729,13:34,35.75,35.75,35.75,35.75,76000,27493000
SAIL_F1,20200729,13:36,35.75,35.75,35.75,35.75,19000,27493000
SAIL_F1,20200729,13:38,35.75,35.75,35.75,35.75,19000,27436000
SAIL_F1,20200729,13:39,35.75,35.75,35.75,35.75,19000,27436000
SAIL_F1,20200729,13:40,35.75,35.75,35.75,35.75,38000,27436000
SAIL_F1,20200729,13:41,35.70,35.70,35.70,35.70,38000,27417000
SAIL_F1,20200729,13:44,35.65,35.65,35.65,35.65,19000,27379000
SAIL_F1,20200729,13:46,35.65,35.65,35.65,35.65,38000,27379000
SAIL_F1,20200729,13:50,35.75,35.75,35.75,35.75,19000,27360000
SAIL_F1,20200729,13:51,35.85,35.90,35.85,35.90,76000,27360000
SAIL_F1,20200729,13:52,35.90,35.90,35.90,35.90,38000,27360000
SAIL_F1,20200729,13:54,35.90,35.90,35.85,35.90,152000,26771000
SAIL_F1,20200729,13:55,35.90,35.90,35.90,35.90,19000,26771000
SAIL_F1,20200729,13:56,35.85,35.85,35.85,35.85,19000,26752000
SAIL_F1,20200729,13:58,35.85,35.85,35.85,35.85,76000,26752000
SAIL_F1,20200729,14:00,35.90,35.95,35.90,35.95,95000,26752000
SAIL_F1,20200729,14:01,35.95,35.95,35.95,35.95,19000,26752000
SAIL_F1,20200729,14:02,35.95,35.95,35.95,35.95,114000,26657000
SAIL_F1,20200729,14:04,35.95,35.95,35.95,35.95,19000,26657000
SAIL_F1,20200729,14:06,35.95,35.95,35.95,35.95,19000,26657000
SAIL_F1,20200729,14:07,35.90,35.90,35.90,35.90,38000,26657000
SAIL_F1,20200729,14:08,35.90,35.90,35.85,35.85,57000,26657000
SAIL_F1,20200729,14:09,35.80,35.80,35.80,35.80,57000,26657000
SAIL_F1,20200729,14:10,35.80,35.80,35.80,35.80,19000,26657000
SAIL_F1,20200729,14:13,35.80,35.80,35.80,35.80,19000,26600000
SAIL_F1,20200729,14:14,35.75,35.75,35.75,35.75,38000,26600000
SAIL_F1,20200729,14:15,35.75,35.75,35.75,35.75,19000,26600000
SAIL_F1,20200729,14:16,35.70,35.70,35.70,35.70,19000,26600000
SAIL_F1,20200729,14:19,35.70,35.70,35.70,35.70,95000,26619000
SAIL_F1,20200729,14:23,35.75,35.75,35.75,35.75,38000,26562000
SAIL_F1,20200729,14:27,35.75,35.75,35.75,35.75,57000,26524000
SAIL_F1,20200729,14:28,35.70,35.70,35.70,35.70,19000,26581000
SAIL_F1,20200729,14:30,35.70,35.75,35.70,35.75,95000,26581000
SAIL_F1,20200729,14:31,35.80,35.80,35.80,35.80,190000,26524000
SAIL_F1,20200729,14:32,35.85,35.85,35.85,35.85,19000,26524000
SAIL_F1,20200729,14:33,35.85,35.85,35.85,35.85,19000,26524000
SAIL_F1,20200729,14:34,35.80,35.80,35.80,35.80,19000,26467000
SAIL_F1,20200729,14:35,35.80,35.80,35.80,35.80,19000,26467000
SAIL_F1,20200729,14:38,35.80,35.80,35.80,35.80,19000,26448000
SAIL_F1,20200729,14:39,35.75,35.75,35.75,35.75,38000,26448000
SAIL_F1,20200729,14:40,35.65,35.70,35.65,35.70,38000,26429000
SAIL_F1,20200729,14:41,35.70,35.70,35.70,35.70,38000,26429000
SAIL_F1,20200729,14:42,35.55,35.55,35.55,35.55,133000,26429000
SAIL_F1,20200729,14:43,35.55,35.55,35.55,35.55,19000,26277000
SAIL_F1,20200729,14:44,35.50,35.50,35.45,35.45,76000,26277000
SAIL_F1,20200729,14:45,35.50,35.55,35.50,35.55,95000,26277000
SAIL_F1,20200729,14:46,35.55,35.55,35.55,35.55,114000,26182000
SAIL_F1,20200729,14:47,35.55,35.55,35.45,35.45,76000,26182000
SAIL_F1,20200729,14:48,35.35,35.40,35.35,35.40,152000,26182000
SAIL_F1,20200729,14:49,35.45,35.45,35.45,35.45,19000,26125000
SAIL_F1,20200729,14:50,35.40,35.40,35.35,35.35,57000,26125000
SAIL_F1,20200729,14:51,35.40,35.45,35.40,35.45,38000,26125000
SAIL_F1,20200729,14:52,35.50,35.50,35.45,35.45,133000,26106000
SAIL_F1,20200729,14:53,35.55,35.55,35.55,35.55,95000,26106000
SAIL_F1,20200729,14:54,35.55,35.55,35.50,35.50,171000,26106000
SAIL_F1,20200729,14:55,35.50,35.55,35.50,35.55,95000,26106000
SAIL_F1,20200729,14:56,35.50,35.50,35.50,35.50,1520000,26049000
SAIL_F1,20200729,14:57,35.50,35.50,35.50,35.50,19000,26049000
SAIL_F1,20200729,14:58,35.60,35.60,35.60,35.60,38000,26049000
SAIL_F1,20200729,14:59,35.55,35.60,35.55,35.60,38000,26961000
SAIL_F1,20200729,15:00,35.55,35.70,35.55,35.70,133000,26961000
SAIL_F1,20200729,15:01,35.55,35.55,35.55,35.55,95000,26961000
SAIL_F1,20200729,15:02,35.50,35.50,35.50,35.50,1026000,26752000
SAIL_F1,20200729,15:03,35.50,35.60,35.50,35.60,190000,26752000
SAIL_F1,20200729,15:04,35.55,35.55,35.55,35.55,817000,26391000
SAIL_F1,20200729,15:06,35.55,35.55,35.55,35.55,19000,26391000
SAIL_F1,20200729,15:07,35.60,35.60,35.60,35.60,57000,26391000
SAIL_F1,20200729,15:09,35.60,35.60,35.60,35.60,95000,25764000
SAIL_F1,20200729,15:10,35.65,35.70,35.60,35.60,95000,25764000
SAIL_F1,20200729,15:11,35.65,35.65,35.55,35.55,304000,25802000
SAIL_F1,20200729,15:12,35.55,35.55,35.55,35.55,57000,25802000
SAIL_F1,20200729,15:13,35.55,35.55,35.50,35.50,114000,25802000
SAIL_F1,20200729,15:14,35.50,35.55,35.50,35.55,76000,25726000
SAIL_F1,20200729,15:15,35.65,35.65,35.60,35.60,76000,25726000
SAIL_F1,20200729,15:16,35.60,35.60,35.60,35.60,114000,25726000
SAIL_F1,20200729,15:17,35.60,35.65,35.60,35.65,76000,25745000
SAIL_F1,20200729,15:18,35.65,35.65,35.65,35.65,38000,25745000
SAIL_F1,20200729,15:19,35.60,35.60,35.60,35.60,38000,25612000
SAIL_F1,20200729,15:20,35.55,35.55,35.55,35.55,247000,25612000
SAIL_F1,20200729,15:21,35.55,35.55,35.55,35.55,76000,25612000
SAIL_F1,20200729,15:22,35.55,35.55,35.50,35.50,266000,25365000
SAIL_F1,20200729,15:24,35.50,35.50,35.45,35.45,38000,25365000
SAIL_F1,20200729,15:25,35.55,35.55,35.50,35.50,57000,25365000
SAIL_F1,20200729,15:26,35.50,35.50,35.50,35.50,38000,25346000
SAIL_F1,20200729,15:27,35.55,35.55,35.55,35.55,38000,25346000
SAIL_F1,20200729,15:28,35.55,35.60,35.55,35.60,38000,25213000
SAIL_F1,20200729,15:29,35.55,35.55,35.50,35.50,152000,25213000
SAIL_F1,20200729,15:30,35.50,35.55,35.50,35.55,285000,25213000
SAIL_F1,20200729,17:51,35.55,35.55,35.55,35.55,1,18050000
