LICHSGFIN_F1,20190617,09:16,536.15,536.15,535.05,535.60,11000,6796900
LICHSGFIN_F1,20190617,09:17,535.05,536.30,535.05,536.20,4400,6796900
LICHSGFIN_F1,20190617,09:18,536.00,536.35,535.30,536.35,12100,6796900
LICHSGFIN_F1,20190617,09:19,536.40,537.80,536.35,537.80,12100,6810100
LICHSGFIN_F1,20190617,09:20,537.95,538.20,537.50,537.50,12100,6810100
LICHSGFIN_F1,20190617,09:21,536.95,536.95,536.35,536.70,7700,6815600
LICHSGFIN_F1,20190617,09:22,536.50,536.50,536.40,536.40,4400,6815600
LICHSGFIN_F1,20190617,09:23,536.05,536.05,534.25,534.60,27500,6815600
LICHSGFIN_F1,20190617,09:24,534.75,534.80,534.25,534.35,12100,6833200
LICHSGFIN_F1,20190617,09:25,534.05,534.30,534.05,534.05,4400,6833200
LICHSGFIN_F1,20190617,09:26,534.00,534.15,533.80,533.95,11000,6833200
LICHSGFIN_F1,20190617,09:27,534.15,535.30,534.15,535.30,3300,6833200
LICHSGFIN_F1,20190617,09:28,535.45,535.45,535.00,535.00,7700,6838700
LICHSGFIN_F1,20190617,09:29,534.50,534.80,534.20,534.45,6600,6838700
LICHSGFIN_F1,20190617,09:30,534.55,534.55,534.00,534.00,6600,6838700
LICHSGFIN_F1,20190617,09:31,533.50,533.60,533.00,533.60,13200,6846400
LICHSGFIN_F1,20190617,09:32,533.45,533.75,533.45,533.60,8800,6846400
LICHSGFIN_F1,20190617,09:33,532.35,532.35,531.70,532.30,28600,6844200
LICHSGFIN_F1,20190617,09:34,532.95,533.35,532.95,533.05,6600,6844200
LICHSGFIN_F1,20190617,09:35,533.45,533.45,532.80,532.80,9900,6844200
LICHSGFIN_F1,20190617,09:36,532.30,532.60,532.30,532.60,8800,6844200
LICHSGFIN_F1,20190617,09:37,532.50,532.80,532.50,532.80,6600,6848600
LICHSGFIN_F1,20190617,09:38,532.50,532.75,532.50,532.75,2200,6848600
LICHSGFIN_F1,20190617,09:39,533.00,533.00,533.00,533.00,3300,6848600
LICHSGFIN_F1,20190617,09:40,533.15,533.15,532.65,532.65,3300,6827700
LICHSGFIN_F1,20190617,09:41,532.55,532.55,532.55,532.55,1100,6827700
LICHSGFIN_F1,20190617,09:42,532.10,532.40,531.95,531.95,11000,6823300
LICHSGFIN_F1,20190617,09:43,531.30,531.30,530.95,531.00,9900,6823300
LICHSGFIN_F1,20190617,09:44,531.00,531.40,530.70,531.40,16500,6823300
LICHSGFIN_F1,20190617,09:45,531.45,531.95,531.45,531.95,9900,6824400
LICHSGFIN_F1,20190617,09:46,532.10,532.65,531.85,532.65,9900,6824400
LICHSGFIN_F1,20190617,09:47,532.90,532.90,532.30,532.40,5500,6824400
LICHSGFIN_F1,20190617,09:48,533.00,533.00,532.55,532.55,3300,6829900
LICHSGFIN_F1,20190617,09:49,533.30,533.35,533.10,533.10,7700,6829900
LICHSGFIN_F1,20190617,09:50,533.10,533.10,532.80,532.80,2200,6829900
LICHSGFIN_F1,20190617,09:51,532.35,532.35,531.55,532.25,9900,6834300
LICHSGFIN_F1,20190617,09:52,531.55,531.55,531.55,531.55,4400,6834300
LICHSGFIN_F1,20190617,09:53,531.70,531.70,531.00,531.00,6600,6834300
LICHSGFIN_F1,20190617,09:54,531.35,531.45,531.35,531.45,4400,6835400
LICHSGFIN_F1,20190617,09:58,531.50,531.50,531.50,531.50,4400,6831000
LICHSGFIN_F1,20190617,09:59,531.95,532.00,531.55,531.55,5500,6831000
LICHSGFIN_F1,20190617,10:00,531.70,532.45,531.55,532.45,9900,6831000
LICHSGFIN_F1,20190617,10:01,533.10,533.15,532.95,533.05,6600,6833200
LICHSGFIN_F1,20190617,10:02,533.20,533.20,532.75,532.90,3300,6833200
LICHSGFIN_F1,20190617,10:03,532.85,532.85,532.35,532.85,4400,6833200
LICHSGFIN_F1,20190617,10:04,532.95,533.20,531.85,533.20,13200,6833200
LICHSGFIN_F1,20190617,10:05,532.80,532.80,532.80,532.80,1100,6833200
LICHSGFIN_F1,20190617,10:06,533.00,533.00,532.50,532.50,4400,6842000
LICHSGFIN_F1,20190617,10:07,533.00,533.00,533.00,533.00,2200,6842000
LICHSGFIN_F1,20190617,10:08,532.95,532.95,532.95,532.95,1100,6842000
LICHSGFIN_F1,20190617,10:09,532.95,532.95,532.65,532.65,2200,6842000
LICHSGFIN_F1,20190617,10:10,533.25,533.25,532.65,532.65,5500,6844200
LICHSGFIN_F1,20190617,10:11,532.40,532.40,532.40,532.40,1100,6844200
LICHSGFIN_F1,20190617,10:12,532.50,532.55,532.50,532.55,7700,6842000
LICHSGFIN_F1,20190617,10:13,532.85,532.85,532.55,532.55,2200,6842000
LICHSGFIN_F1,20190617,10:14,532.25,532.50,532.25,532.50,2200,6842000
LICHSGFIN_F1,20190617,10:15,532.10,532.10,531.80,531.80,3300,6844200
LICHSGFIN_F1,20190617,10:16,531.55,531.90,531.40,531.90,4400,6844200
LICHSGFIN_F1,20190617,10:18,531.75,532.25,531.75,532.25,7700,6843100
LICHSGFIN_F1,20190617,10:20,532.05,532.05,532.05,532.05,2200,6843100
LICHSGFIN_F1,20190617,10:21,531.85,531.85,531.85,531.85,3300,6843100
LICHSGFIN_F1,20190617,10:22,532.00,532.00,532.00,532.00,1100,6846400
LICHSGFIN_F1,20190617,10:23,531.65,532.30,531.65,532.30,3300,6846400
LICHSGFIN_F1,20190617,10:24,532.20,532.20,532.20,532.20,1100,6846400
LICHSGFIN_F1,20190617,10:25,532.55,532.55,532.55,532.55,1100,6848600
LICHSGFIN_F1,20190617,10:26,532.00,532.25,532.00,532.25,2200,6848600
LICHSGFIN_F1,20190617,10:27,532.35,532.35,532.15,532.15,2200,6850800
LICHSGFIN_F1,20190617,10:28,531.95,531.95,531.95,531.95,2200,6850800
LICHSGFIN_F1,20190617,10:29,531.90,531.90,531.90,531.90,1100,6850800
LICHSGFIN_F1,20190617,10:31,532.25,532.25,532.25,532.25,1100,6854100
LICHSGFIN_F1,20190617,10:32,531.85,532.30,531.85,532.30,12100,6854100
LICHSGFIN_F1,20190617,10:34,532.85,533.05,532.85,533.00,5500,6860700
LICHSGFIN_F1,20190617,10:35,533.20,533.20,533.20,533.20,3300,6860700
LICHSGFIN_F1,20190617,10:36,533.35,533.35,533.25,533.25,9900,6862900
LICHSGFIN_F1,20190617,10:38,533.45,533.45,533.20,533.20,5500,6862900
LICHSGFIN_F1,20190617,10:39,533.25,533.25,533.25,533.25,1100,6862900
LICHSGFIN_F1,20190617,10:40,532.85,532.85,532.85,532.85,2200,6861800
LICHSGFIN_F1,20190617,10:41,532.65,532.65,532.65,532.65,1100,6861800
LICHSGFIN_F1,20190617,10:45,532.60,532.60,532.60,532.60,1100,6859600
LICHSGFIN_F1,20190617,10:47,530.90,532.50,530.90,532.50,58300,6859600
LICHSGFIN_F1,20190617,10:48,532.50,532.50,532.00,532.00,5500,6884900
LICHSGFIN_F1,20190617,10:49,531.65,532.00,531.00,531.20,62700,6884900
LICHSGFIN_F1,20190617,10:50,531.40,531.50,530.35,530.90,27500,6884900
LICHSGFIN_F1,20190617,10:51,531.15,531.20,530.55,530.65,37400,6931100
LICHSGFIN_F1,20190617,10:52,530.60,530.90,530.50,530.90,14300,6931100
LICHSGFIN_F1,20190617,10:53,531.70,532.25,530.90,531.05,36300,6931100
LICHSGFIN_F1,20190617,10:54,531.15,531.65,531.10,531.10,9900,6957500
LICHSGFIN_F1,20190617,10:55,530.75,531.50,529.20,531.50,119900,6957500
LICHSGFIN_F1,20190617,10:56,531.55,531.90,531.00,531.25,20900,6957500
LICHSGFIN_F1,20190617,10:57,531.70,531.70,530.65,530.90,25300,7030100
LICHSGFIN_F1,20190617,10:58,530.95,531.00,530.50,530.55,19800,7030100
LICHSGFIN_F1,20190617,10:59,530.90,530.90,529.90,529.95,38500,7030100
LICHSGFIN_F1,20190617,11:00,529.85,530.95,529.85,530.60,42900,7068600
LICHSGFIN_F1,20190617,11:01,530.55,530.80,529.75,530.50,39600,7068600
LICHSGFIN_F1,20190617,11:02,531.10,531.10,530.45,530.50,19800,7068600
LICHSGFIN_F1,20190617,11:03,530.80,530.90,530.25,530.90,17600,7099400
LICHSGFIN_F1,20190617,11:04,531.15,531.45,531.05,531.05,9900,7099400
LICHSGFIN_F1,20190617,11:05,531.40,531.95,531.40,531.95,3300,7099400
LICHSGFIN_F1,20190617,11:06,531.50,532.15,531.50,532.15,9900,7099400
LICHSGFIN_F1,20190617,11:07,532.00,532.00,532.00,532.00,2200,7093900
LICHSGFIN_F1,20190617,11:08,532.00,532.00,531.75,531.75,4400,7093900
LICHSGFIN_F1,20190617,11:09,531.95,532.35,531.95,532.35,9900,7084000
LICHSGFIN_F1,20190617,11:11,532.35,532.35,532.35,532.35,1100,7084000
LICHSGFIN_F1,20190617,11:12,531.95,531.95,531.95,531.95,1100,7084000
LICHSGFIN_F1,20190617,11:13,532.40,532.40,532.10,532.10,2200,7067500
LICHSGFIN_F1,20190617,11:14,532.35,532.65,532.00,532.65,9900,7067500
LICHSGFIN_F1,20190617,11:15,533.00,533.00,532.70,532.70,3300,7067500
LICHSGFIN_F1,20190617,11:16,532.95,532.95,532.60,532.60,3300,7067500
LICHSGFIN_F1,20190617,11:17,532.90,532.90,532.90,532.90,1100,7067500
LICHSGFIN_F1,20190617,11:18,533.00,533.00,533.00,533.00,1100,7067500
LICHSGFIN_F1,20190617,11:19,532.50,532.50,532.50,532.50,3300,7067500
LICHSGFIN_F1,20190617,11:20,532.70,532.70,532.60,532.60,2200,7062000
LICHSGFIN_F1,20190617,11:21,533.05,533.20,533.05,533.20,5500,7062000
LICHSGFIN_F1,20190617,11:22,533.20,533.55,533.00,533.00,8800,7059800
LICHSGFIN_F1,20190617,11:23,533.40,533.40,533.30,533.30,3300,7059800
LICHSGFIN_F1,20190617,11:25,533.00,533.00,532.95,532.95,5500,7058700
LICHSGFIN_F1,20190617,11:28,533.30,533.60,533.00,533.00,8800,7049900
LICHSGFIN_F1,20190617,11:29,533.50,533.50,533.35,533.35,3300,7049900
LICHSGFIN_F1,20190617,11:30,533.35,533.35,533.35,533.35,1100,7049900
LICHSGFIN_F1,20190617,11:31,533.60,533.95,533.60,533.95,8800,7052100
LICHSGFIN_F1,20190617,11:32,533.65,533.95,533.65,533.95,8800,7052100
LICHSGFIN_F1,20190617,11:33,534.15,534.80,534.15,534.15,9900,7047700
LICHSGFIN_F1,20190617,11:34,534.15,534.15,534.00,534.00,3300,7047700
LICHSGFIN_F1,20190617,11:36,533.95,533.95,533.95,533.95,1100,7047700
LICHSGFIN_F1,20190617,11:37,533.85,533.85,533.85,533.85,2200,7041100
LICHSGFIN_F1,20190617,11:38,534.00,534.00,534.00,534.00,3300,7041100
LICHSGFIN_F1,20190617,11:39,533.70,533.80,533.70,533.80,3300,7041100
LICHSGFIN_F1,20190617,11:40,534.00,534.00,534.00,534.00,1100,7043300
LICHSGFIN_F1,20190617,11:41,533.45,533.45,533.45,533.45,2200,7043300
LICHSGFIN_F1,20190617,11:42,532.90,533.25,532.90,533.25,7700,7042200
LICHSGFIN_F1,20190617,11:43,533.25,533.25,533.25,533.25,1100,7042200
LICHSGFIN_F1,20190617,11:48,533.55,533.70,533.55,533.55,5500,7036700
LICHSGFIN_F1,20190617,11:49,533.50,533.50,533.50,533.50,3300,7036700
LICHSGFIN_F1,20190617,11:53,533.80,533.80,533.80,533.80,3300,7037800
LICHSGFIN_F1,20190617,11:54,534.20,534.20,534.20,534.20,2200,7037800
LICHSGFIN_F1,20190617,11:55,533.10,533.50,533.10,533.50,2200,7037800
LICHSGFIN_F1,20190617,11:58,533.55,533.55,533.55,533.55,2200,7036700
LICHSGFIN_F1,20190617,12:03,533.60,533.60,533.60,533.60,1100,7033400
LICHSGFIN_F1,20190617,12:05,533.50,533.50,533.50,533.50,1100,7033400
LICHSGFIN_F1,20190617,12:06,533.45,533.80,533.45,533.80,4400,7033400
LICHSGFIN_F1,20190617,12:07,533.65,533.65,533.35,533.35,4400,7034500
LICHSGFIN_F1,20190617,12:08,533.00,533.40,533.00,533.20,7700,7034500
LICHSGFIN_F1,20190617,12:09,533.65,533.65,533.65,533.65,1100,7034500
LICHSGFIN_F1,20190617,12:10,533.30,533.35,532.85,532.85,3300,7040000
LICHSGFIN_F1,20190617,12:11,532.50,532.50,532.50,532.50,5500,7040000
LICHSGFIN_F1,20190617,12:12,532.50,532.80,532.25,532.25,6600,7040000
LICHSGFIN_F1,20190617,12:13,531.95,531.95,531.75,531.75,3300,7043300
LICHSGFIN_F1,20190617,12:14,531.95,531.95,531.95,531.95,1100,7043300
LICHSGFIN_F1,20190617,12:15,531.30,531.30,531.00,531.00,5500,7043300
LICHSGFIN_F1,20190617,12:16,531.40,531.40,531.40,531.40,3300,7044400
LICHSGFIN_F1,20190617,12:17,532.10,532.10,532.10,532.10,2200,7044400
LICHSGFIN_F1,20190617,12:20,531.30,531.30,531.30,531.30,3300,7044400
LICHSGFIN_F1,20190617,12:21,531.00,531.00,531.00,531.00,1100,7037800
LICHSGFIN_F1,20190617,12:22,531.85,531.85,531.85,531.85,3300,7037800
LICHSGFIN_F1,20190617,12:23,532.00,532.00,532.00,532.00,2200,7037800
LICHSGFIN_F1,20190617,12:28,532.00,532.40,532.00,532.40,3300,7041100
LICHSGFIN_F1,20190617,12:29,532.40,532.40,532.40,532.40,1100,7041100
LICHSGFIN_F1,20190617,12:30,532.80,532.80,532.80,532.80,5500,7041100
LICHSGFIN_F1,20190617,12:31,532.50,532.50,532.50,532.50,7700,7043300
LICHSGFIN_F1,20190617,12:34,532.35,532.50,532.35,532.50,4400,7046600
LICHSGFIN_F1,20190617,12:35,532.45,532.45,531.70,531.70,3300,7046600
LICHSGFIN_F1,20190617,12:36,531.75,531.75,531.65,531.65,3300,7046600
LICHSGFIN_F1,20190617,12:37,531.85,531.85,531.75,531.75,2200,7052100
LICHSGFIN_F1,20190617,12:38,531.70,531.70,531.70,531.70,1100,7052100
LICHSGFIN_F1,20190617,12:39,531.90,531.90,531.90,531.90,2200,7057600
LICHSGFIN_F1,20190617,12:40,531.95,532.05,531.95,532.05,4400,7057600
LICHSGFIN_F1,20190617,12:42,531.60,531.60,531.50,531.50,2200,7056500
LICHSGFIN_F1,20190617,12:43,531.80,531.80,531.80,531.80,2200,7056500
LICHSGFIN_F1,20190617,12:44,531.95,531.95,531.95,531.95,1100,7056500
LICHSGFIN_F1,20190617,12:45,532.30,532.30,532.05,532.05,2200,7059800
LICHSGFIN_F1,20190617,12:46,532.20,532.30,532.20,532.30,2200,7059800
LICHSGFIN_F1,20190617,12:48,532.10,532.10,532.10,532.10,1100,7059800
LICHSGFIN_F1,20190617,12:50,532.25,532.25,532.25,532.25,1100,7058700
LICHSGFIN_F1,20190617,12:51,532.40,532.40,532.40,532.40,1100,7055400
LICHSGFIN_F1,20190617,12:52,532.45,532.90,532.45,532.90,3300,7055400
LICHSGFIN_F1,20190617,12:55,532.85,533.00,532.85,533.00,4400,7057600
LICHSGFIN_F1,20190617,12:57,532.50,532.50,532.50,532.50,2200,7057600
LICHSGFIN_F1,20190617,12:58,532.50,532.50,532.40,532.40,3300,7057600
LICHSGFIN_F1,20190617,12:59,532.60,532.60,532.20,532.20,3300,7057600
LICHSGFIN_F1,20190617,13:00,532.20,532.20,532.20,532.20,2200,7062000
LICHSGFIN_F1,20190617,13:01,532.35,532.35,532.35,532.35,1100,7062000
LICHSGFIN_F1,20190617,13:02,532.35,533.00,532.10,533.00,9900,7062000
LICHSGFIN_F1,20190617,13:04,532.85,533.40,532.85,533.40,2200,7064200
LICHSGFIN_F1,20190617,13:06,533.10,533.10,533.10,533.10,1100,7064200
LICHSGFIN_F1,20190617,13:08,533.10,533.10,533.10,533.10,1100,7064200
LICHSGFIN_F1,20190617,13:10,532.80,533.45,532.80,533.45,3300,7065300
LICHSGFIN_F1,20190617,13:11,533.60,533.85,533.60,533.85,5500,7065300
LICHSGFIN_F1,20190617,13:12,534.00,534.00,534.00,534.00,1100,7065300
LICHSGFIN_F1,20190617,13:15,532.95,532.95,532.70,532.70,4400,7068600
LICHSGFIN_F1,20190617,13:17,532.55,532.55,532.55,532.55,1100,7068600
LICHSGFIN_F1,20190617,13:18,532.95,532.95,532.95,532.95,2200,7071900
LICHSGFIN_F1,20190617,13:20,532.60,532.70,532.60,532.70,4400,7071900
LICHSGFIN_F1,20190617,13:21,532.35,532.35,532.35,532.35,1100,7029000
LICHSGFIN_F1,20190617,13:22,532.70,532.75,532.40,532.40,3300,7029000
LICHSGFIN_F1,20190617,13:23,532.90,532.90,532.90,532.90,1100,7029000
LICHSGFIN_F1,20190617,13:25,532.70,532.70,532.70,532.70,7700,7031200
LICHSGFIN_F1,20190617,13:26,532.25,532.25,532.25,532.25,1100,7031200
LICHSGFIN_F1,20190617,13:27,532.70,532.70,532.70,532.70,3300,7031200
LICHSGFIN_F1,20190617,13:28,532.45,532.45,532.00,532.00,3300,7036700
LICHSGFIN_F1,20190617,13:29,532.00,532.00,532.00,532.00,1100,7036700
LICHSGFIN_F1,20190617,13:30,532.00,532.00,532.00,532.00,3300,7036700
LICHSGFIN_F1,20190617,13:31,532.50,532.50,532.45,532.45,3300,7042200
LICHSGFIN_F1,20190617,13:32,532.40,532.40,532.40,532.40,1100,7042200
LICHSGFIN_F1,20190617,13:33,532.15,532.20,532.15,532.15,3300,7042200
LICHSGFIN_F1,20190617,13:34,532.15,532.15,532.15,532.15,2200,7042200
LICHSGFIN_F1,20190617,13:35,532.30,532.30,532.30,532.30,1100,7042200
LICHSGFIN_F1,20190617,13:37,532.40,532.40,532.40,532.40,5500,7042200
LICHSGFIN_F1,20190617,13:40,532.65,532.65,532.65,532.65,1100,7044400
LICHSGFIN_F1,20190617,13:41,531.65,531.65,531.65,531.65,5500,7044400
LICHSGFIN_F1,20190617,13:42,531.85,531.85,531.85,531.85,2200,7033400
LICHSGFIN_F1,20190617,13:43,531.65,531.65,531.65,531.65,6600,7033400
LICHSGFIN_F1,20190617,13:47,532.30,532.30,532.30,532.30,2200,7041100
LICHSGFIN_F1,20190617,13:49,531.80,531.80,531.80,531.80,3300,7041100
LICHSGFIN_F1,20190617,13:50,532.00,532.00,532.00,532.00,2200,7041100
LICHSGFIN_F1,20190617,13:53,532.00,532.00,531.75,531.75,6600,7040000
LICHSGFIN_F1,20190617,13:54,532.05,532.05,532.00,532.00,2200,7044400
LICHSGFIN_F1,20190617,13:59,531.75,531.75,531.75,531.75,5500,7045500
LICHSGFIN_F1,20190617,14:00,531.85,532.00,531.85,532.00,4400,7048800
LICHSGFIN_F1,20190617,14:01,532.45,532.45,532.45,532.45,1100,7048800
LICHSGFIN_F1,20190617,14:02,532.40,532.40,532.40,532.40,1100,7048800
LICHSGFIN_F1,20190617,14:04,531.95,531.95,531.95,531.95,1100,7049900
LICHSGFIN_F1,20190617,14:05,531.75,532.30,531.75,532.30,3300,7049900
LICHSGFIN_F1,20190617,14:06,532.25,532.25,532.25,532.25,1100,7048800
LICHSGFIN_F1,20190617,14:07,532.60,532.60,532.60,532.60,2200,7048800
LICHSGFIN_F1,20190617,14:08,533.00,533.00,533.00,533.00,4400,7048800
LICHSGFIN_F1,20190617,14:09,533.50,533.50,533.50,533.50,6600,7046600
LICHSGFIN_F1,20190617,14:10,533.50,534.30,533.50,534.30,14300,7046600
LICHSGFIN_F1,20190617,14:11,534.40,534.70,534.35,534.70,4400,7046600
LICHSGFIN_F1,20190617,14:12,534.80,534.80,534.65,534.65,6600,7049900
LICHSGFIN_F1,20190617,14:13,534.85,534.90,534.70,534.70,11000,7049900
LICHSGFIN_F1,20190617,14:14,534.20,534.20,534.20,534.20,4400,7049900
LICHSGFIN_F1,20190617,14:15,534.20,534.30,534.20,534.30,3300,7048800
LICHSGFIN_F1,20190617,14:16,534.10,534.10,534.10,534.10,1100,7048800
LICHSGFIN_F1,20190617,14:17,534.05,534.05,534.05,534.05,2200,7048800
LICHSGFIN_F1,20190617,14:18,534.00,534.00,533.90,533.90,2200,7046600
LICHSGFIN_F1,20190617,14:19,533.80,533.80,533.80,533.80,1100,7046600
LICHSGFIN_F1,20190617,14:20,534.00,534.05,534.00,534.05,3300,7046600
LICHSGFIN_F1,20190617,14:21,534.90,534.90,534.85,534.85,12100,7044400
LICHSGFIN_F1,20190617,14:22,534.75,536.00,534.75,536.00,6600,7044400
LICHSGFIN_F1,20190617,14:23,536.00,536.00,535.70,535.70,3300,7044400
LICHSGFIN_F1,20190617,14:24,535.70,535.75,535.70,535.75,5500,7043300
LICHSGFIN_F1,20190617,14:25,535.75,535.75,535.75,535.75,1100,7043300
LICHSGFIN_F1,20190617,14:26,535.50,535.50,535.50,535.50,3300,7043300
LICHSGFIN_F1,20190617,14:27,534.50,534.50,534.50,534.50,8800,7043300
LICHSGFIN_F1,20190617,14:29,534.10,534.10,533.55,533.75,3300,7043300
LICHSGFIN_F1,20190617,14:30,533.80,533.80,533.80,533.80,1100,7046600
LICHSGFIN_F1,20190617,14:31,534.20,534.50,534.20,534.50,4400,7046600
LICHSGFIN_F1,20190617,14:32,534.90,534.90,534.90,534.90,4400,7046600
LICHSGFIN_F1,20190617,14:33,534.15,534.55,534.15,534.55,3300,7052100
LICHSGFIN_F1,20190617,14:35,534.55,534.60,534.55,534.60,2200,7052100
LICHSGFIN_F1,20190617,14:36,534.45,534.45,534.40,534.40,2200,7053200
LICHSGFIN_F1,20190617,14:37,534.10,534.10,533.90,533.90,2200,7053200
LICHSGFIN_F1,20190617,14:38,534.00,534.00,533.95,533.95,3300,7053200
LICHSGFIN_F1,20190617,14:39,533.95,533.95,533.95,533.95,2200,7052100
LICHSGFIN_F1,20190617,14:40,533.90,533.90,533.90,533.90,1100,7052100
LICHSGFIN_F1,20190617,14:42,534.75,534.75,533.20,533.60,95700,7100500
LICHSGFIN_F1,20190617,14:43,531.70,532.55,531.40,531.40,45100,7100500
LICHSGFIN_F1,20190617,14:44,531.20,531.20,530.60,530.60,19800,7100500
LICHSGFIN_F1,20190617,14:45,530.75,530.75,529.80,530.35,52800,7125800
LICHSGFIN_F1,20190617,14:46,530.55,530.55,530.25,530.50,6600,7125800
LICHSGFIN_F1,20190617,14:47,530.80,531.65,530.80,531.65,12100,7125800
LICHSGFIN_F1,20190617,14:48,531.45,531.45,531.40,531.40,2200,7128000
LICHSGFIN_F1,20190617,14:49,531.30,531.45,531.30,531.45,2200,7128000
LICHSGFIN_F1,20190617,14:50,531.65,531.80,531.35,531.80,5500,7128000
LICHSGFIN_F1,20190617,14:51,532.25,532.30,532.25,532.30,3300,7128000
LICHSGFIN_F1,20190617,14:52,532.35,532.65,532.00,532.65,7700,7124700
LICHSGFIN_F1,20190617,14:53,533.00,533.00,532.60,533.00,5500,7124700
LICHSGFIN_F1,20190617,14:54,533.00,533.00,531.90,532.75,12100,7125800
LICHSGFIN_F1,20190617,14:55,532.90,532.90,532.25,532.30,4400,7125800
LICHSGFIN_F1,20190617,14:56,532.85,533.00,532.85,533.00,2200,7125800
LICHSGFIN_F1,20190617,14:57,533.40,533.40,533.40,533.40,1100,7125800
LICHSGFIN_F1,20190617,14:58,533.00,533.00,532.95,532.95,4400,7132400
LICHSGFIN_F1,20190617,14:59,533.05,533.20,533.05,533.20,2200,7132400
LICHSGFIN_F1,20190617,15:00,533.00,533.00,533.00,533.00,3300,7133500
LICHSGFIN_F1,20190617,15:01,533.05,533.05,532.65,533.05,9900,7133500
LICHSGFIN_F1,20190617,15:02,533.00,533.00,532.60,532.60,4400,7133500
LICHSGFIN_F1,20190617,15:03,532.65,532.65,531.60,531.60,3300,7130200
LICHSGFIN_F1,20190617,15:04,531.55,531.60,531.45,531.60,6600,7130200
LICHSGFIN_F1,20190617,15:05,531.95,531.95,531.95,531.95,1100,7130200
LICHSGFIN_F1,20190617,15:06,531.70,531.75,531.70,531.75,2200,7130200
LICHSGFIN_F1,20190617,15:07,531.85,531.85,531.45,531.45,6600,7122500
LICHSGFIN_F1,20190617,15:08,531.40,531.40,531.40,531.40,1100,7122500
LICHSGFIN_F1,20190617,15:09,531.50,531.50,531.30,531.30,3300,7119200
LICHSGFIN_F1,20190617,15:10,531.50,531.50,531.50,531.50,2200,7119200
LICHSGFIN_F1,20190617,15:11,531.30,531.80,531.30,531.80,3300,7119200
LICHSGFIN_F1,20190617,15:12,531.65,531.65,531.40,531.40,8800,7117000
LICHSGFIN_F1,20190617,15:13,531.15,531.40,531.15,531.40,7700,7117000
LICHSGFIN_F1,20190617,15:14,531.60,531.60,531.55,531.55,5500,7117000
LICHSGFIN_F1,20190617,15:15,531.75,531.80,531.40,531.80,8800,7118100
LICHSGFIN_F1,20190617,15:16,531.40,531.85,531.40,531.85,2200,7118100
LICHSGFIN_F1,20190617,15:17,531.30,531.30,530.50,530.50,8800,7118100
LICHSGFIN_F1,20190617,15:18,530.50,530.70,530.35,530.70,7700,7104900
LICHSGFIN_F1,20190617,15:19,530.25,530.60,530.00,530.00,17600,7104900
LICHSGFIN_F1,20190617,15:20,530.05,530.05,529.75,529.75,7700,7104900
LICHSGFIN_F1,20190617,15:21,529.75,529.75,528.10,529.15,66000,7097200
LICHSGFIN_F1,20190617,15:22,528.80,528.95,528.30,528.30,16500,7097200
LICHSGFIN_F1,20190617,15:23,528.20,528.65,527.85,528.20,49500,7097200
LICHSGFIN_F1,20190617,15:24,528.15,528.40,528.10,528.20,6600,7109300
LICHSGFIN_F1,20190617,15:25,528.35,528.70,528.05,528.50,20900,7109300
LICHSGFIN_F1,20190617,15:26,528.70,528.80,528.25,528.50,17600,7109300
LICHSGFIN_F1,20190617,15:27,528.50,529.00,528.50,528.95,18700,7123600
LICHSGFIN_F1,20190617,15:28,528.75,529.00,528.70,528.70,14300,7123600
LICHSGFIN_F1,20190617,15:29,528.70,528.80,528.50,528.50,16500,7123600
LICHSGFIN_F1,20190617,15:30,528.70,529.00,528.50,529.00,13200,7124700
LICHSGFIN_F1,20190617,15:31,528.35,528.35,528.35,528.35,5500,7124700
LICHSGFIN_F1,20190617,16:36,529.50,529.50,529.50,529.50,1,0
