RBLBANK_F1,20230109,09:16,185.35,185.95,185.25,185.85,95000,32735000
RBLBANK_F1,20230109,09:17,186.20,186.85,186.10,186.50,470000,32735000
RBLBANK_F1,20230109,09:18,186.55,186.90,186.50,186.50,190000,32915000
RBLBANK_F1,20230109,09:19,186.50,187.35,186.50,187.25,210000,32915000
RBLBANK_F1,20230109,09:20,187.45,187.45,187.00,187.45,150000,32915000
RBLBANK_F1,20230109,09:21,187.35,187.75,187.20,187.35,295000,32925000
RBLBANK_F1,20230109,09:22,187.25,187.35,187.00,187.00,105000,32925000
RBLBANK_F1,20230109,09:23,187.00,187.05,186.80,186.80,35000,32925000
RBLBANK_F1,20230109,09:24,186.80,187.00,186.50,186.95,185000,32870000
RBLBANK_F1,20230109,09:25,186.85,186.85,186.40,186.45,85000,32870000
RBLBANK_F1,20230109,09:26,186.35,186.35,185.70,186.20,140000,32870000
RBLBANK_F1,20230109,09:27,186.20,186.25,185.90,186.25,45000,33005000
RBLBANK_F1,20230109,09:28,186.20,186.45,186.15,186.40,70000,33005000
RBLBANK_F1,20230109,09:29,186.50,186.70,186.45,186.70,20000,33005000
RBLBANK_F1,20230109,09:30,186.80,187.00,186.80,186.90,70000,32900000
RBLBANK_F1,20230109,09:31,187.00,187.20,186.90,187.05,85000,32900000
RBLBANK_F1,20230109,09:32,187.20,187.25,187.05,187.15,55000,32900000
RBLBANK_F1,20230109,09:33,187.30,187.30,187.00,187.00,60000,32950000
RBLBANK_F1,20230109,09:34,187.30,187.30,186.85,187.00,95000,32950000
RBLBANK_F1,20230109,09:35,187.00,187.20,186.95,186.95,35000,32950000
RBLBANK_F1,20230109,09:36,186.90,186.95,186.85,186.95,30000,33005000
RBLBANK_F1,20230109,09:37,187.00,187.00,186.55,186.70,50000,33005000
RBLBANK_F1,20230109,09:38,186.85,186.85,186.65,186.65,55000,33005000
RBLBANK_F1,20230109,09:39,186.65,186.80,186.60,186.80,20000,33005000
RBLBANK_F1,20230109,09:40,186.80,187.00,186.80,187.00,30000,33020000
RBLBANK_F1,20230109,09:41,186.80,186.95,186.80,186.95,75000,33020000
RBLBANK_F1,20230109,09:42,187.10,187.35,187.10,187.20,60000,33040000
RBLBANK_F1,20230109,09:43,187.25,187.35,187.20,187.35,40000,33040000
RBLBANK_F1,20230109,09:44,187.40,187.45,187.20,187.20,35000,33040000
RBLBANK_F1,20230109,09:45,186.90,187.00,186.85,186.85,35000,33100000
RBLBANK_F1,20230109,09:46,186.85,186.85,186.65,186.65,40000,33100000
RBLBANK_F1,20230109,09:47,186.85,186.85,186.70,186.80,30000,33100000
RBLBANK_F1,20230109,09:48,186.75,186.80,186.75,186.80,10000,33100000
RBLBANK_F1,20230109,09:49,186.70,186.70,186.55,186.55,25000,33075000
RBLBANK_F1,20230109,09:50,186.45,186.50,186.25,186.50,75000,33075000
RBLBANK_F1,20230109,09:51,186.50,186.75,186.50,186.65,50000,33090000
RBLBANK_F1,20230109,09:52,186.80,186.80,186.80,186.80,5000,33090000
RBLBANK_F1,20230109,09:53,186.95,186.95,186.90,186.90,35000,33090000
RBLBANK_F1,20230109,09:54,186.80,186.80,186.65,186.65,10000,33090000
RBLBANK_F1,20230109,09:55,186.95,186.95,186.95,186.95,5000,33090000
RBLBANK_F1,20230109,09:56,186.95,187.00,186.85,186.85,45000,33090000
RBLBANK_F1,20230109,09:57,186.75,186.95,186.75,186.95,30000,33110000
RBLBANK_F1,20230109,09:58,187.00,187.00,187.00,187.00,10000,33110000
RBLBANK_F1,20230109,09:59,186.95,186.95,186.95,186.95,15000,33110000
RBLBANK_F1,20230109,10:00,186.95,186.95,186.90,186.95,15000,33130000
RBLBANK_F1,20230109,10:01,186.90,186.90,186.85,186.85,15000,33130000
RBLBANK_F1,20230109,10:02,186.90,186.90,186.90,186.90,10000,33130000
RBLBANK_F1,20230109,10:03,186.85,186.85,186.85,186.85,10000,33150000
RBLBANK_F1,20230109,10:04,186.75,187.25,186.75,187.20,80000,33150000
RBLBANK_F1,20230109,10:05,187.25,187.30,187.20,187.30,20000,33150000
RBLBANK_F1,20230109,10:06,187.30,187.30,187.10,187.10,30000,33150000
RBLBANK_F1,20230109,10:07,187.35,187.35,187.25,187.25,10000,33180000
RBLBANK_F1,20230109,10:08,187.35,187.55,187.20,187.20,100000,33180000
RBLBANK_F1,20230109,10:09,187.25,187.45,187.25,187.30,40000,33165000
RBLBANK_F1,20230109,10:11,187.40,187.40,187.40,187.40,10000,33165000
RBLBANK_F1,20230109,10:12,187.30,187.30,187.05,187.05,35000,33160000
RBLBANK_F1,20230109,10:13,187.00,187.05,186.85,187.05,55000,33160000
RBLBANK_F1,20230109,10:14,187.10,187.10,187.10,187.10,15000,33160000
RBLBANK_F1,20230109,10:15,187.20,187.20,187.20,187.20,50000,33160000
RBLBANK_F1,20230109,10:16,187.30,187.30,187.05,187.05,35000,33180000
RBLBANK_F1,20230109,10:17,187.05,187.50,187.05,187.50,80000,33180000
RBLBANK_F1,20230109,10:18,187.45,187.60,187.45,187.50,185000,33180000
RBLBANK_F1,20230109,10:19,187.30,187.30,187.25,187.25,20000,33330000
RBLBANK_F1,20230109,10:20,187.15,187.15,187.15,187.15,5000,33330000
RBLBANK_F1,20230109,10:21,187.25,187.25,187.25,187.25,5000,33330000
RBLBANK_F1,20230109,10:22,187.45,187.45,187.45,187.45,20000,33340000
RBLBANK_F1,20230109,10:23,187.20,187.20,187.15,187.15,10000,33340000
RBLBANK_F1,20230109,10:24,187.25,187.30,187.20,187.20,15000,33340000
RBLBANK_F1,20230109,10:25,187.40,187.40,187.40,187.40,30000,33370000
RBLBANK_F1,20230109,10:26,187.45,187.45,187.45,187.45,15000,33370000
RBLBANK_F1,20230109,10:27,187.50,187.65,187.50,187.65,50000,33370000
RBLBANK_F1,20230109,10:28,187.65,187.65,187.65,187.65,10000,33370000
RBLBANK_F1,20230109,10:29,188.00,188.00,187.75,187.80,120000,33370000
RBLBANK_F1,20230109,10:30,187.80,188.00,187.70,187.90,60000,33375000
RBLBANK_F1,20230109,10:31,187.85,188.00,187.80,188.00,50000,33375000
RBLBANK_F1,20230109,10:33,187.75,187.75,187.75,187.75,10000,33375000
RBLBANK_F1,20230109,10:34,187.70,187.70,187.60,187.60,20000,33410000
RBLBANK_F1,20230109,10:35,187.65,187.80,187.65,187.80,50000,33410000
RBLBANK_F1,20230109,10:36,187.75,187.80,187.70,187.80,15000,33440000
RBLBANK_F1,20230109,10:37,187.80,187.80,187.80,187.80,5000,33440000
RBLBANK_F1,20230109,10:38,187.65,187.65,187.65,187.65,5000,33440000
RBLBANK_F1,20230109,10:39,187.65,187.75,187.65,187.75,20000,33440000
RBLBANK_F1,20230109,10:40,187.70,187.70,187.70,187.70,15000,33445000
RBLBANK_F1,20230109,10:41,187.70,187.80,187.70,187.80,10000,33445000
RBLBANK_F1,20230109,10:42,187.70,187.70,187.60,187.70,50000,33435000
RBLBANK_F1,20230109,10:43,187.60,187.60,187.60,187.60,15000,33435000
RBLBANK_F1,20230109,10:44,187.55,187.55,187.45,187.45,20000,33435000
RBLBANK_F1,20230109,10:45,187.40,187.60,187.40,187.60,40000,33460000
RBLBANK_F1,20230109,10:46,187.60,187.65,187.60,187.65,35000,33460000
RBLBANK_F1,20230109,10:47,187.65,187.80,187.60,187.60,20000,33460000
RBLBANK_F1,20230109,10:48,187.60,187.70,187.60,187.70,15000,33460000
RBLBANK_F1,20230109,10:49,187.55,187.60,187.55,187.60,10000,33495000
RBLBANK_F1,20230109,10:50,187.55,187.65,187.50,187.65,25000,33495000
RBLBANK_F1,20230109,10:51,187.60,187.60,187.60,187.60,10000,33495000
RBLBANK_F1,20230109,10:52,187.65,187.75,187.65,187.75,10000,33500000
RBLBANK_F1,20230109,10:53,187.80,188.25,187.80,188.25,310000,33500000
RBLBANK_F1,20230109,10:54,188.10,188.10,188.05,188.05,25000,33500000
RBLBANK_F1,20230109,10:55,188.05,188.15,188.05,188.15,10000,33485000
RBLBANK_F1,20230109,10:56,188.15,188.15,188.05,188.05,35000,33485000
RBLBANK_F1,20230109,10:57,188.30,188.30,188.05,188.05,55000,33490000
RBLBANK_F1,20230109,10:58,188.10,188.10,188.05,188.05,10000,33490000
RBLBANK_F1,20230109,10:59,188.05,188.20,188.05,188.20,30000,33490000
RBLBANK_F1,20230109,11:00,188.10,188.20,188.10,188.20,15000,33490000
RBLBANK_F1,20230109,11:01,188.15,188.30,188.15,188.20,25000,33490000
RBLBANK_F1,20230109,11:02,188.10,188.20,188.10,188.20,15000,33490000
RBLBANK_F1,20230109,11:04,188.15,188.15,188.10,188.15,40000,33485000
RBLBANK_F1,20230109,11:05,188.25,188.25,188.25,188.25,5000,33485000
RBLBANK_F1,20230109,11:06,188.05,188.05,188.05,188.05,15000,33485000
RBLBANK_F1,20230109,11:07,187.90,188.05,187.90,187.95,30000,33495000
RBLBANK_F1,20230109,11:08,187.90,188.00,187.90,188.00,15000,33495000
RBLBANK_F1,20230109,11:09,187.95,188.05,187.95,188.05,25000,33480000
RBLBANK_F1,20230109,11:10,187.90,187.90,187.80,187.80,35000,33480000
RBLBANK_F1,20230109,11:11,187.65,187.80,187.65,187.70,170000,33480000
RBLBANK_F1,20230109,11:13,187.60,187.60,187.60,187.60,5000,33480000
RBLBANK_F1,20230109,11:14,187.55,187.60,187.50,187.60,70000,33415000
RBLBANK_F1,20230109,11:15,187.70,187.75,187.70,187.75,20000,33415000
RBLBANK_F1,20230109,11:16,187.65,187.65,187.65,187.65,5000,33435000
RBLBANK_F1,20230109,11:17,187.60,187.60,187.60,187.60,5000,33435000
RBLBANK_F1,20230109,11:18,187.60,187.60,187.60,187.60,10000,33435000
RBLBANK_F1,20230109,11:19,187.65,187.65,187.65,187.65,5000,33435000
RBLBANK_F1,20230109,11:20,187.70,187.70,187.55,187.55,35000,33435000
RBLBANK_F1,20230109,11:21,187.50,187.75,187.50,187.65,25000,33435000
RBLBANK_F1,20230109,11:22,187.70,187.70,187.55,187.55,30000,33445000
RBLBANK_F1,20230109,11:23,187.45,187.45,187.45,187.45,5000,33445000
RBLBANK_F1,20230109,11:24,187.60,187.60,187.45,187.45,20000,33445000
RBLBANK_F1,20230109,11:26,187.55,187.55,187.50,187.50,10000,33445000
RBLBANK_F1,20230109,11:27,187.50,187.65,187.45,187.55,45000,33460000
RBLBANK_F1,20230109,11:28,187.85,187.85,187.85,187.85,15000,33460000
RBLBANK_F1,20230109,11:29,187.85,187.85,187.75,187.75,30000,33460000
RBLBANK_F1,20230109,11:30,188.15,188.15,188.00,188.00,225000,33345000
RBLBANK_F1,20230109,11:31,188.00,188.00,187.95,187.95,45000,33345000
RBLBANK_F1,20230109,11:32,188.00,188.10,187.95,187.95,30000,33345000
RBLBANK_F1,20230109,11:33,188.00,188.00,187.90,187.90,10000,33345000
RBLBANK_F1,20230109,11:34,188.05,188.10,188.05,188.10,10000,33305000
RBLBANK_F1,20230109,11:35,188.20,188.20,187.90,188.20,100000,33305000
RBLBANK_F1,20230109,11:36,188.20,188.25,188.10,188.10,105000,33305000
RBLBANK_F1,20230109,11:37,188.20,188.20,188.00,188.00,55000,33295000
RBLBANK_F1,20230109,11:38,187.95,187.95,187.80,187.80,55000,33295000
RBLBANK_F1,20230109,11:39,187.80,188.05,187.75,188.05,35000,33285000
RBLBANK_F1,20230109,11:40,188.10,188.10,188.00,188.00,55000,33285000
RBLBANK_F1,20230109,11:42,187.95,188.15,187.95,188.15,30000,33285000
RBLBANK_F1,20230109,11:43,188.20,188.20,188.05,188.05,10000,33335000
RBLBANK_F1,20230109,11:44,188.05,188.05,188.00,188.00,30000,33335000
RBLBANK_F1,20230109,11:45,188.10,188.10,188.10,188.10,5000,33335000
RBLBANK_F1,20230109,11:46,188.05,188.20,188.05,188.15,20000,33340000
RBLBANK_F1,20230109,11:47,187.85,188.00,187.80,188.00,50000,33340000
RBLBANK_F1,20230109,11:48,187.90,187.90,187.90,187.90,5000,33340000
RBLBANK_F1,20230109,11:49,187.80,187.95,187.80,187.85,20000,33320000
RBLBANK_F1,20230109,11:51,187.80,187.85,187.70,187.85,25000,33320000
RBLBANK_F1,20230109,11:52,187.75,187.75,187.75,187.75,5000,33320000
RBLBANK_F1,20230109,11:54,187.75,187.75,187.75,187.75,5000,33325000
RBLBANK_F1,20230109,11:56,187.90,188.20,187.80,187.80,85000,33315000
RBLBANK_F1,20230109,11:57,187.90,188.10,187.90,188.00,50000,33315000
RBLBANK_F1,20230109,11:58,187.90,187.90,187.90,187.90,5000,33345000
RBLBANK_F1,20230109,11:59,187.80,187.80,187.80,187.80,5000,33345000
RBLBANK_F1,20230109,12:00,187.80,187.80,187.70,187.75,25000,33345000
RBLBANK_F1,20230109,12:01,187.65,187.65,187.65,187.65,15000,33365000
RBLBANK_F1,20230109,12:02,187.60,187.70,187.60,187.70,20000,33365000
RBLBANK_F1,20230109,12:03,187.65,187.65,187.60,187.60,10000,33365000
RBLBANK_F1,20230109,12:04,187.65,187.65,187.65,187.65,5000,33370000
RBLBANK_F1,20230109,12:05,187.60,187.60,187.40,187.40,10000,33370000
RBLBANK_F1,20230109,12:06,187.60,187.60,187.60,187.60,15000,33370000
RBLBANK_F1,20230109,12:07,187.50,187.50,187.50,187.50,10000,33375000
RBLBANK_F1,20230109,12:09,187.50,187.50,187.45,187.45,15000,33375000
RBLBANK_F1,20230109,12:12,187.50,187.50,187.50,187.50,5000,33370000
RBLBANK_F1,20230109,12:14,187.75,187.80,187.70,187.80,15000,33365000
RBLBANK_F1,20230109,12:15,187.70,187.70,187.70,187.70,5000,33365000
RBLBANK_F1,20230109,12:17,187.80,187.80,187.65,187.65,30000,33345000
RBLBANK_F1,20230109,12:18,187.75,187.75,187.60,187.60,30000,33345000
RBLBANK_F1,20230109,12:19,187.55,187.55,187.55,187.55,10000,33335000
RBLBANK_F1,20230109,12:20,187.70,187.80,187.65,187.65,35000,33335000
RBLBANK_F1,20230109,12:21,187.70,187.70,187.65,187.65,20000,33335000
RBLBANK_F1,20230109,12:22,187.70,187.85,187.70,187.85,15000,33350000
RBLBANK_F1,20230109,12:23,187.80,187.80,187.65,187.65,15000,33350000
RBLBANK_F1,20230109,12:24,187.60,187.60,187.55,187.55,10000,33350000
RBLBANK_F1,20230109,12:25,187.60,187.60,187.60,187.60,5000,33350000
RBLBANK_F1,20230109,12:26,187.50,187.50,187.50,187.50,25000,33345000
RBLBANK_F1,20230109,12:27,187.50,187.50,187.50,187.50,50000,33345000
RBLBANK_F1,20230109,12:28,187.35,187.35,187.30,187.30,15000,33295000
RBLBANK_F1,20230109,12:29,187.55,187.55,187.55,187.55,15000,33295000
RBLBANK_F1,20230109,12:30,187.60,187.80,187.60,187.75,30000,33295000
RBLBANK_F1,20230109,12:31,187.50,187.60,187.50,187.60,10000,33285000
RBLBANK_F1,20230109,12:32,187.70,187.70,187.70,187.70,5000,33285000
RBLBANK_F1,20230109,12:33,187.60,187.65,187.60,187.65,30000,33285000
RBLBANK_F1,20230109,12:34,187.80,187.90,187.80,187.90,25000,33285000
RBLBANK_F1,20230109,12:35,188.05,188.05,187.85,187.85,70000,33285000
RBLBANK_F1,20230109,12:36,187.85,187.85,187.85,187.85,5000,33285000
RBLBANK_F1,20230109,12:37,187.80,187.80,187.80,187.80,5000,33225000
RBLBANK_F1,20230109,12:38,187.70,187.70,187.65,187.65,15000,33225000
RBLBANK_F1,20230109,12:39,187.70,187.70,187.70,187.70,10000,33225000
RBLBANK_F1,20230109,12:40,187.80,187.80,187.70,187.70,15000,33220000
RBLBANK_F1,20230109,12:41,187.60,187.60,187.60,187.60,5000,33220000
RBLBANK_F1,20230109,12:42,187.70,187.70,187.70,187.70,5000,33220000
RBLBANK_F1,20230109,12:44,187.65,187.65,187.65,187.65,5000,33205000
RBLBANK_F1,20230109,12:46,187.65,187.65,187.65,187.65,5000,33200000
RBLBANK_F1,20230109,12:47,187.55,187.55,187.55,187.55,5000,33200000
RBLBANK_F1,20230109,12:49,187.60,187.60,187.60,187.60,5000,33205000
RBLBANK_F1,20230109,12:50,187.70,187.70,187.70,187.70,10000,33205000
RBLBANK_F1,20230109,12:51,187.65,187.65,187.65,187.65,5000,33205000
RBLBANK_F1,20230109,12:52,187.85,187.85,187.60,187.60,180000,33210000
RBLBANK_F1,20230109,12:54,187.75,187.75,187.75,187.75,40000,33210000
RBLBANK_F1,20230109,12:55,187.65,187.65,187.60,187.60,10000,33210000
RBLBANK_F1,20230109,12:57,187.55,187.55,187.40,187.40,25000,33210000
RBLBANK_F1,20230109,12:58,187.55,187.55,187.55,187.55,10000,33210000
RBLBANK_F1,20230109,12:59,187.60,187.65,187.35,187.35,125000,33210000
RBLBANK_F1,20230109,13:00,187.25,187.25,187.15,187.15,30000,33210000
RBLBANK_F1,20230109,13:01,187.20,187.45,187.20,187.45,35000,33195000
RBLBANK_F1,20230109,13:02,187.70,187.75,187.70,187.75,15000,33195000
RBLBANK_F1,20230109,13:03,187.45,187.45,187.35,187.45,50000,33195000
RBLBANK_F1,20230109,13:04,187.50,187.50,187.40,187.40,10000,33180000
RBLBANK_F1,20230109,13:05,187.45,187.50,187.45,187.50,15000,33180000
RBLBANK_F1,20230109,13:06,187.40,187.40,187.40,187.40,5000,33180000
RBLBANK_F1,20230109,13:07,187.40,187.40,187.40,187.40,5000,33170000
RBLBANK_F1,20230109,13:08,187.35,187.75,187.35,187.65,30000,33170000
RBLBANK_F1,20230109,13:09,187.50,187.50,187.50,187.50,55000,33170000
RBLBANK_F1,20230109,13:10,187.40,187.40,187.40,187.40,25000,33120000
RBLBANK_F1,20230109,13:11,187.25,187.50,187.25,187.50,15000,33120000
RBLBANK_F1,20230109,13:12,187.45,187.45,187.45,187.45,5000,33120000
RBLBANK_F1,20230109,13:13,187.40,187.45,187.35,187.45,15000,33125000
RBLBANK_F1,20230109,13:14,187.20,187.20,187.20,187.20,10000,33125000
RBLBANK_F1,20230109,13:15,187.30,187.35,187.30,187.35,10000,33125000
RBLBANK_F1,20230109,13:16,187.30,187.40,187.30,187.40,10000,33125000
RBLBANK_F1,20230109,13:17,187.35,187.35,187.30,187.30,10000,33125000
RBLBANK_F1,20230109,13:18,187.20,187.30,187.15,187.15,20000,33125000
RBLBANK_F1,20230109,13:19,187.30,187.30,187.30,187.30,5000,33110000
RBLBANK_F1,20230109,13:20,186.95,187.05,186.95,187.05,30000,33110000
RBLBANK_F1,20230109,13:21,187.05,187.05,186.95,186.95,20000,33110000
RBLBANK_F1,20230109,13:22,186.90,186.95,186.85,186.90,50000,33075000
RBLBANK_F1,20230109,13:23,186.95,187.10,186.95,187.10,20000,33075000
RBLBANK_F1,20230109,13:24,186.90,186.90,186.90,186.90,5000,33075000
RBLBANK_F1,20230109,13:25,186.90,187.00,186.80,187.00,15000,33065000
RBLBANK_F1,20230109,13:26,186.95,187.00,186.90,186.90,20000,33065000
RBLBANK_F1,20230109,13:27,186.90,186.95,186.85,186.85,40000,33065000
RBLBANK_F1,20230109,13:28,186.95,187.00,186.90,187.00,25000,33030000
RBLBANK_F1,20230109,13:29,187.15,187.15,187.15,187.15,10000,33030000
RBLBANK_F1,20230109,13:30,187.00,187.00,187.00,187.00,15000,33030000
RBLBANK_F1,20230109,13:31,187.10,187.10,187.00,187.00,15000,33015000
RBLBANK_F1,20230109,13:32,186.95,186.95,186.80,186.80,15000,33015000
RBLBANK_F1,20230109,13:33,187.15,187.15,187.00,187.00,15000,33015000
RBLBANK_F1,20230109,13:34,187.00,187.00,186.95,186.95,15000,33025000
RBLBANK_F1,20230109,13:35,186.95,186.95,186.85,186.85,10000,33025000
RBLBANK_F1,20230109,13:36,186.75,186.80,186.75,186.80,25000,33025000
RBLBANK_F1,20230109,13:37,186.80,186.80,186.70,186.70,25000,32995000
RBLBANK_F1,20230109,13:38,186.70,186.90,186.70,186.85,55000,32995000
RBLBANK_F1,20230109,13:39,187.05,187.05,187.05,187.05,35000,32995000
RBLBANK_F1,20230109,13:40,187.00,187.00,186.85,186.95,20000,32980000
RBLBANK_F1,20230109,13:41,186.75,186.75,186.65,186.65,35000,32980000
RBLBANK_F1,20230109,13:42,186.60,186.60,186.40,186.40,25000,32980000
RBLBANK_F1,20230109,13:43,186.50,186.50,186.25,186.50,60000,32945000
RBLBANK_F1,20230109,13:44,186.30,186.40,186.25,186.25,20000,32945000
RBLBANK_F1,20230109,13:45,186.25,186.35,186.25,186.35,15000,32945000
RBLBANK_F1,20230109,13:46,186.30,186.30,186.20,186.20,20000,32915000
RBLBANK_F1,20230109,13:47,186.05,186.05,185.70,185.80,125000,32915000
RBLBANK_F1,20230109,13:48,185.75,185.80,185.70,185.80,20000,32915000
RBLBANK_F1,20230109,13:49,185.80,185.80,185.70,185.70,60000,32820000
RBLBANK_F1,20230109,13:50,185.75,185.75,185.60,185.60,15000,32820000
RBLBANK_F1,20230109,13:51,185.65,185.85,185.65,185.85,20000,32820000
RBLBANK_F1,20230109,13:52,185.75,185.75,185.55,185.55,30000,32790000
RBLBANK_F1,20230109,13:53,185.60,185.75,185.50,185.75,60000,32790000
RBLBANK_F1,20230109,13:54,185.70,185.75,185.65,185.75,40000,32790000
RBLBANK_F1,20230109,13:55,185.85,185.90,185.75,185.75,30000,32790000
RBLBANK_F1,20230109,13:56,185.65,186.05,185.65,186.05,110000,32775000
RBLBANK_F1,20230109,13:57,186.00,186.15,186.00,186.10,25000,32775000
RBLBANK_F1,20230109,13:58,186.20,186.20,186.05,186.05,10000,32765000
RBLBANK_F1,20230109,13:59,186.05,186.20,186.00,186.20,20000,32765000
RBLBANK_F1,20230109,14:00,186.00,186.30,186.00,186.30,65000,32765000
RBLBANK_F1,20230109,14:01,186.25,186.25,186.25,186.25,10000,32750000
RBLBANK_F1,20230109,14:02,186.10,186.20,186.00,186.20,20000,32750000
RBLBANK_F1,20230109,14:03,186.25,186.25,186.25,186.25,5000,32750000
RBLBANK_F1,20230109,14:04,186.00,186.20,186.00,186.20,10000,32750000
RBLBANK_F1,20230109,14:05,186.20,186.20,185.70,185.80,105000,32750000
RBLBANK_F1,20230109,14:06,185.65,185.65,185.65,185.65,5000,32750000
RBLBANK_F1,20230109,14:07,185.60,185.60,185.60,185.60,40000,32630000
RBLBANK_F1,20230109,14:08,185.60,185.80,185.50,185.65,45000,32630000
RBLBANK_F1,20230109,14:09,185.60,185.60,185.50,185.50,35000,32630000
RBLBANK_F1,20230109,14:10,185.50,185.50,185.45,185.45,20000,32630000
RBLBANK_F1,20230109,14:11,185.40,185.50,185.40,185.50,25000,32630000
RBLBANK_F1,20230109,14:12,185.50,185.50,185.35,185.35,25000,32630000
RBLBANK_F1,20230109,14:13,185.45,185.50,185.45,185.50,10000,32615000
RBLBANK_F1,20230109,14:14,185.50,185.50,185.50,185.50,5000,32615000
RBLBANK_F1,20230109,14:15,185.55,185.90,185.55,185.90,35000,32615000
RBLBANK_F1,20230109,14:16,185.90,185.90,185.75,185.75,10000,32605000
RBLBANK_F1,20230109,14:17,185.65,185.65,185.55,185.55,15000,32605000
RBLBANK_F1,20230109,14:18,185.45,185.90,185.45,185.90,45000,32605000
RBLBANK_F1,20230109,14:19,185.90,185.90,185.85,185.85,10000,32605000
RBLBANK_F1,20230109,14:20,185.80,185.80,185.80,185.80,10000,32605000
RBLBANK_F1,20230109,14:21,185.90,185.90,185.90,185.90,5000,32605000
RBLBANK_F1,20230109,14:22,185.80,185.80,185.80,185.80,5000,32615000
RBLBANK_F1,20230109,14:23,186.00,186.00,186.00,186.00,30000,32615000
RBLBANK_F1,20230109,14:24,185.90,185.90,185.90,185.90,10000,32615000
RBLBANK_F1,20230109,14:25,185.80,185.80,185.80,185.80,5000,32615000
RBLBANK_F1,20230109,14:27,185.90,185.90,185.90,185.90,20000,32630000
RBLBANK_F1,20230109,14:28,185.80,185.90,185.75,185.90,15000,32630000
RBLBANK_F1,20230109,14:29,185.90,185.90,185.75,185.75,10000,32615000
RBLBANK_F1,20230109,14:30,185.75,185.75,185.70,185.70,10000,32615000
RBLBANK_F1,20230109,14:31,185.75,185.75,185.75,185.75,5000,32615000
RBLBANK_F1,20230109,14:32,185.85,185.85,185.80,185.80,20000,32595000
RBLBANK_F1,20230109,14:33,185.70,185.70,185.60,185.70,45000,32595000
RBLBANK_F1,20230109,14:34,185.80,185.90,185.80,185.90,15000,32565000
RBLBANK_F1,20230109,14:35,185.95,185.95,185.95,185.95,10000,32565000
RBLBANK_F1,20230109,14:36,185.95,185.95,185.90,185.95,25000,32565000
RBLBANK_F1,20230109,14:38,185.90,185.90,185.80,185.85,30000,32565000
RBLBANK_F1,20230109,14:39,185.85,185.85,185.85,185.85,5000,32565000
RBLBANK_F1,20230109,14:40,185.90,185.90,185.90,185.90,10000,32555000
RBLBANK_F1,20230109,14:41,185.95,186.20,185.95,186.20,30000,32555000
RBLBANK_F1,20230109,14:42,186.15,186.30,186.15,186.15,35000,32555000
RBLBANK_F1,20230109,14:43,186.15,186.15,186.10,186.10,15000,32555000
RBLBANK_F1,20230109,14:44,186.15,186.20,186.15,186.20,10000,32525000
RBLBANK_F1,20230109,14:45,186.15,186.55,186.15,186.55,40000,32525000
RBLBANK_F1,20230109,14:46,186.50,186.50,186.50,186.50,10000,32540000
RBLBANK_F1,20230109,14:47,186.60,186.70,185.95,186.25,80000,32540000
RBLBANK_F1,20230109,14:48,186.10,186.45,186.10,186.45,40000,32540000
RBLBANK_F1,20230109,14:49,186.50,187.00,186.50,186.90,85000,32555000
RBLBANK_F1,20230109,14:50,186.95,187.00,186.90,187.00,55000,32555000
RBLBANK_F1,20230109,14:51,186.85,186.85,186.75,186.75,20000,32555000
RBLBANK_F1,20230109,14:52,186.80,186.80,186.75,186.75,20000,32610000
RBLBANK_F1,20230109,14:53,186.85,186.85,186.85,186.85,15000,32610000
RBLBANK_F1,20230109,14:54,186.70,186.85,186.70,186.70,30000,32610000
RBLBANK_F1,20230109,14:55,186.60,186.60,186.60,186.60,15000,32610000
RBLBANK_F1,20230109,14:56,186.75,186.85,186.75,186.85,25000,32550000
RBLBANK_F1,20230109,14:57,186.95,186.95,186.70,186.70,35000,32550000
RBLBANK_F1,20230109,14:59,186.85,186.85,186.75,186.75,20000,32550000
RBLBANK_F1,20230109,15:00,186.75,187.00,186.75,187.00,105000,32550000
RBLBANK_F1,20230109,15:01,186.95,187.00,186.95,187.00,55000,32550000
RBLBANK_F1,20230109,15:02,187.00,187.00,186.95,186.95,40000,32625000
RBLBANK_F1,20230109,15:03,187.05,187.10,187.05,187.10,135000,32625000
RBLBANK_F1,20230109,15:04,187.10,187.10,187.10,187.10,5000,32625000
RBLBANK_F1,20230109,15:05,187.00,187.05,187.00,187.05,55000,32605000
RBLBANK_F1,20230109,15:06,186.95,186.95,186.90,186.90,75000,32605000
RBLBANK_F1,20230109,15:07,186.90,186.95,186.90,186.95,80000,32605000
RBLBANK_F1,20230109,15:08,186.85,186.95,186.85,186.95,20000,32655000
RBLBANK_F1,20230109,15:09,187.05,187.05,187.00,187.00,10000,32655000
RBLBANK_F1,20230109,15:10,186.90,186.95,186.85,186.95,80000,32700000
RBLBANK_F1,20230109,15:11,187.05,187.15,187.00,187.00,95000,32700000
RBLBANK_F1,20230109,15:12,186.90,187.00,186.90,187.00,105000,32700000
RBLBANK_F1,20230109,15:13,187.00,187.05,186.90,186.90,120000,32700000
RBLBANK_F1,20230109,15:14,186.80,186.90,186.70,186.90,145000,32850000
RBLBANK_F1,20230109,15:15,186.70,186.80,186.70,186.80,85000,32850000
RBLBANK_F1,20230109,15:16,186.80,186.85,186.75,186.85,80000,32975000
RBLBANK_F1,20230109,15:17,186.85,186.90,186.85,186.90,150000,32975000
RBLBANK_F1,20230109,15:18,187.00,187.00,186.80,186.85,45000,32975000
RBLBANK_F1,20230109,15:19,186.95,186.95,186.90,186.90,90000,32975000
RBLBANK_F1,20230109,15:20,186.90,186.95,186.90,186.95,35000,33025000
RBLBANK_F1,20230109,15:21,186.90,186.90,186.70,186.70,130000,33025000
RBLBANK_F1,20230109,15:22,186.70,186.70,186.60,186.60,30000,33025000
RBLBANK_F1,20230109,15:23,186.55,186.70,186.50,186.60,35000,33045000
RBLBANK_F1,20230109,15:24,186.60,186.60,186.40,186.60,110000,33045000
RBLBANK_F1,20230109,15:25,186.50,186.50,186.40,186.40,10000,33045000
RBLBANK_F1,20230109,15:26,186.45,186.55,186.45,186.55,85000,32990000
RBLBANK_F1,20230109,15:27,186.50,186.50,186.45,186.45,40000,32990000
RBLBANK_F1,20230109,15:28,186.40,186.45,186.40,186.40,140000,32985000
RBLBANK_F1,20230109,15:29,186.60,186.75,186.55,186.75,55000,32985000
RBLBANK_F1,20230109,15:30,186.80,186.80,186.50,186.75,105000,32985000
RBLBANK_F1,20230109,15:31,186.45,186.45,186.45,186.45,10000,32985000
RBLBANK_F1,20230109,18:12,186.80,186.80,186.80,186.80,1,32635000
