AXISBANK_F1,20180208,09:16,559.7,564.1,559.5,562.1,188400
AXISBANK_F1,20180208,09:17,562.2,562.2,560.8,560.8,97200
AXISBANK_F1,20180208,09:18,561,562.85,560.85,562.85,55200
AXISBANK_F1,20180208,09:19,562.9,563.4,562.45,563.4,88800
AXISBANK_F1,20180208,09:20,563.45,563.6,562.65,562.85,43200
AXISBANK_F1,20180208,09:21,562.75,563.1,562.25,563.1,51600
AXISBANK_F1,20180208,09:22,562.45,563.25,562.1,563,72000
AXISBANK_F1,20180208,09:23,562.65,563.1,562.65,562.9,13200
AXISBANK_F1,20180208,09:24,562.75,562.95,562.3,562.65,42000
AXISBANK_F1,20180208,09:25,562.75,563,562.4,562.85,37200
AXISBANK_F1,20180208,09:26,562.4,563.2,562.4,563.1,26400
AXISBANK_F1,20180208,09:27,563.1,563.15,562.9,562.9,16800
AXISBANK_F1,20180208,09:28,562.8,563.85,562.8,563.5,38400
AXISBANK_F1,20180208,09:29,563.5,564.4,563.5,564.05,54000
AXISBANK_F1,20180208,09:30,564.1,564.3,563.45,564,31200
AXISBANK_F1,20180208,09:31,564.1,565.8,564.1,565.65,67200
AXISBANK_F1,20180208,09:32,565.55,566.6,565.1,565.1,58800
AXISBANK_F1,20180208,09:33,565.35,566,564.8,564.8,38400
AXISBANK_F1,20180208,09:34,564.85,565.5,564.65,565.4,20400
AXISBANK_F1,20180208,09:35,565.25,567,565.05,566.8,57600
AXISBANK_F1,20180208,09:36,566.5,567,565.8,566.1,46800
AXISBANK_F1,20180208,09:37,565.7,566.35,565.6,566.05,27600
AXISBANK_F1,20180208,09:38,565.2,566.15,565.2,565.7,25200
AXISBANK_F1,20180208,09:39,565.6,565.85,565.4,565.55,19200
AXISBANK_F1,20180208,09:40,565.45,565.6,564.5,564.9,40800
AXISBANK_F1,20180208,09:41,564.65,565.7,564.6,565.7,8400
AXISBANK_F1,20180208,09:42,565.05,565.35,564.5,564.8,24000
AXISBANK_F1,20180208,09:43,564.75,565.5,564.75,565.4,10800
AXISBANK_F1,20180208,09:44,565.05,565.05,564.35,565,18000
AXISBANK_F1,20180208,09:45,564.65,565.25,564.6,564.8,24000
AXISBANK_F1,20180208,09:46,564.55,564.65,564.25,564.3,14400
AXISBANK_F1,20180208,09:47,564.2,564.4,563.85,563.85,19200
AXISBANK_F1,20180208,09:48,564.4,564.4,564,564.2,6000
AXISBANK_F1,20180208,09:49,563.8,564.15,563.8,563.9,9600
AXISBANK_F1,20180208,09:50,564.15,564.5,564,564.5,10800
AXISBANK_F1,20180208,09:51,564,564,563.45,563.75,19200
AXISBANK_F1,20180208,09:52,564,564.5,563.85,564.4,12000
AXISBANK_F1,20180208,09:53,564.55,564.75,564.55,564.75,4800
AXISBANK_F1,20180208,09:54,564.1,564.5,564,564.45,13200
AXISBANK_F1,20180208,09:55,564.4,564.7,564.4,564.7,8400
AXISBANK_F1,20180208,09:56,564.1,565.55,564.1,564.8,44400
AXISBANK_F1,20180208,09:57,565.05,565.4,565,565.3,16800
AXISBANK_F1,20180208,09:58,565.2,565.85,565.2,565.5,19200
AXISBANK_F1,20180208,09:59,565.6,565.9,565.6,565.65,15600
AXISBANK_F1,20180208,10:00,565.85,566.5,565.85,565.85,28800
AXISBANK_F1,20180208,10:01,566.15,566.9,566.15,566.8,51600
AXISBANK_F1,20180208,10:02,566.5,566.9,566.3,566.3,49200
AXISBANK_F1,20180208,10:03,566.25,567.6,566.25,567.25,85200
AXISBANK_F1,20180208,10:04,567.15,567.4,566.65,566.9,27600
AXISBANK_F1,20180208,10:05,566.9,567,566,566,44400
AXISBANK_F1,20180208,10:06,566.15,566.7,566,566.5,22800
AXISBANK_F1,20180208,10:07,566.5,566.75,566,566.1,76800
AXISBANK_F1,20180208,10:08,566.25,566.7,566.05,566.3,15600
AXISBANK_F1,20180208,10:09,566.45,567.65,566.35,567.4,103200
AXISBANK_F1,20180208,10:10,567.4,568.65,567.3,568.2,129600
AXISBANK_F1,20180208,10:11,568.55,568.55,568,568,36000
AXISBANK_F1,20180208,10:12,567.7,568.1,567.5,567.7,37200
AXISBANK_F1,20180208,10:13,567.9,568.1,567.7,568.05,15600
AXISBANK_F1,20180208,10:14,568,568,567.65,567.65,18000
AXISBANK_F1,20180208,10:15,567.95,567.95,567.15,567.5,80400
AXISBANK_F1,20180208,10:16,567.25,567.95,567.25,567.65,20400
AXISBANK_F1,20180208,10:17,567.55,567.95,567.55,567.95,15600
AXISBANK_F1,20180208,10:18,568,568,567.5,567.55,21600
AXISBANK_F1,20180208,10:19,567.45,567.65,567.4,567.65,21600
AXISBANK_F1,20180208,10:20,567.5,567.8,567.05,567.1,18000
AXISBANK_F1,20180208,10:21,567,567.05,566.65,566.65,18000
AXISBANK_F1,20180208,10:22,566.6,568,566.6,567.95,27600
AXISBANK_F1,20180208,10:23,567.8,567.8,566.9,567,22800
AXISBANK_F1,20180208,10:24,566.85,567.1,566.85,567.1,13200
AXISBANK_F1,20180208,10:25,567,569.4,567,568.8,134400
AXISBANK_F1,20180208,10:26,568.7,568.7,568.3,568.3,39600
AXISBANK_F1,20180208,10:27,568,568.25,567.7,567.7,15600
AXISBANK_F1,20180208,10:28,567.45,568.3,567.45,568.3,10800
AXISBANK_F1,20180208,10:29,567.95,568,567.65,567.85,9600
AXISBANK_F1,20180208,10:30,567.8,568,567.55,567.55,9600
AXISBANK_F1,20180208,10:31,567.65,568,567.65,567.85,9600
AXISBANK_F1,20180208,10:32,567.75,567.8,567.65,567.65,7200
AXISBANK_F1,20180208,10:33,567.75,568,567.75,568,2400
AXISBANK_F1,20180208,10:34,568,569.8,568,569.3,70800
AXISBANK_F1,20180208,10:35,569.25,570.05,569.05,569.05,240000
AXISBANK_F1,20180208,10:36,569.4,570.45,568.95,570.3,240000
AXISBANK_F1,20180208,10:37,570,570.35,569.5,569.5,22800
AXISBANK_F1,20180208,10:38,569.5,569.6,569.25,569.6,19200
AXISBANK_F1,20180208,10:39,569.5,569.85,569.5,569.6,24000
AXISBANK_F1,20180208,10:40,569.6,569.6,569.4,569.6,8400
AXISBANK_F1,20180208,10:41,569.25,569.4,569.15,569.2,21600
AXISBANK_F1,20180208,10:42,569.35,570,569.2,569.75,21600
AXISBANK_F1,20180208,10:43,569.7,570.45,569.4,570.05,28800
AXISBANK_F1,20180208,10:44,570.25,571.75,570.1,571.7,87600
AXISBANK_F1,20180208,10:45,571.55,572.5,570.5,570.7,145200
AXISBANK_F1,20180208,10:46,571.15,572.25,571.05,571.5,93600
AXISBANK_F1,20180208,10:47,571.75,571.95,571.3,571.6,43200
AXISBANK_F1,20180208,10:48,571.75,572.5,571.65,572.5,50400
AXISBANK_F1,20180208,10:49,571.8,573.3,571.65,572,96000
AXISBANK_F1,20180208,10:50,571.95,571.95,571.15,571.55,48000
AXISBANK_F1,20180208,10:51,571.65,572.15,571.25,571.25,24000
AXISBANK_F1,20180208,10:52,571.25,572,571.2,572,26400
AXISBANK_F1,20180208,10:53,571.8,571.8,571.15,571.35,33600
AXISBANK_F1,20180208,10:54,571.75,571.85,571.4,571.6,19200
AXISBANK_F1,20180208,10:55,571.5,572.8,571.5,572.4,103200
AXISBANK_F1,20180208,10:56,572.25,572.3,571.7,571.85,28800
AXISBANK_F1,20180208,10:57,572,572.35,571.5,571.75,27600
AXISBANK_F1,20180208,10:58,571.8,572.35,571.7,572.3,21600
AXISBANK_F1,20180208,10:59,572.25,572.25,571.65,571.65,45600
AXISBANK_F1,20180208,11:00,572.1,572.1,571.5,571.9,22800
AXISBANK_F1,20180208,11:01,571.8,571.8,571.1,571.1,22800
AXISBANK_F1,20180208,11:02,571.2,571.5,570.2,570.55,45600
AXISBANK_F1,20180208,11:03,570.75,571.3,570,571.3,31200
AXISBANK_F1,20180208,11:04,570.55,570.55,570,570,28800
AXISBANK_F1,20180208,11:05,570.25,570.3,569.6,569.7,22800
AXISBANK_F1,20180208,11:06,569.6,569.75,568.95,569.5,75600
AXISBANK_F1,20180208,11:07,569.9,570.25,569.85,570.1,18000
AXISBANK_F1,20180208,11:08,570.1,570.55,570.1,570.55,9600
AXISBANK_F1,20180208,11:09,570.4,571.25,570.4,571.1,24000
AXISBANK_F1,20180208,11:10,571.1,571.55,571.1,571.55,19200
AXISBANK_F1,20180208,11:11,571.4,571.4,571.1,571.15,9600
AXISBANK_F1,20180208,11:12,571.15,571.15,570.5,570.7,12000
AXISBANK_F1,20180208,11:13,570.55,570.8,570.45,570.55,14400
AXISBANK_F1,20180208,11:14,570.5,570.9,570.5,570.9,6000
AXISBANK_F1,20180208,11:15,570.85,570.85,570.75,570.75,2400
AXISBANK_F1,20180208,11:16,570.9,571.5,570.35,570.4,33600
AXISBANK_F1,20180208,11:17,571,571.35,570.9,570.9,6000
AXISBANK_F1,20180208,11:18,570.6,570.65,570.5,570.5,8400
AXISBANK_F1,20180208,11:19,570.4,570.4,569.95,569.95,16800
AXISBANK_F1,20180208,11:20,569.9,570.3,569.75,570.3,10800
AXISBANK_F1,20180208,11:21,570,570.35,569.95,570.1,14400
AXISBANK_F1,20180208,11:22,570.15,570.5,570.1,570.1,10800
AXISBANK_F1,20180208,11:23,570.15,570.4,569.95,570.3,19200
AXISBANK_F1,20180208,11:24,570,570,570,570,2400
AXISBANK_F1,20180208,11:25,569.8,570.2,569.75,570.15,20400
AXISBANK_F1,20180208,11:26,570.05,570.7,570.05,570.55,8400
AXISBANK_F1,20180208,11:27,570.25,571,570.25,570.7,18000
AXISBANK_F1,20180208,11:28,570.5,572,570.5,571.8,55200
AXISBANK_F1,20180208,11:29,571.6,572.7,571.45,572.35,130800
AXISBANK_F1,20180208,11:30,573,573.4,572.2,572.9,166800
AXISBANK_F1,20180208,11:31,572.65,573.9,572.3,573.6,108000
AXISBANK_F1,20180208,11:32,573.7,573.7,573.4,573.5,32400
AXISBANK_F1,20180208,11:33,573.6,573.7,572.7,572.95,57600
AXISBANK_F1,20180208,11:34,572.75,572.75,571.85,571.85,24000
AXISBANK_F1,20180208,11:35,571.9,572.75,571.8,572.1,34800
AXISBANK_F1,20180208,11:36,572.2,572.65,572.15,572.25,20400
AXISBANK_F1,20180208,11:37,572.3,572.3,571.95,571.95,7200
AXISBANK_F1,20180208,11:38,572,572,571.95,571.95,3600
AXISBANK_F1,20180208,11:39,572,572,571.5,571.7,19200
AXISBANK_F1,20180208,11:40,571.25,572,571.15,571.9,7200
AXISBANK_F1,20180208,11:41,571.8,572,571.55,571.55,12000
AXISBANK_F1,20180208,11:42,571.6,571.85,571.3,571.6,10800
AXISBANK_F1,20180208,11:43,571.6,572.1,571.6,572,18000
AXISBANK_F1,20180208,11:44,571.65,572,571.65,571.85,12000
AXISBANK_F1,20180208,11:45,571.75,572,571.75,572,3600
AXISBANK_F1,20180208,11:46,572,572.8,572,572.2,21600
AXISBANK_F1,20180208,11:47,572.05,572.25,571.65,572,10800
AXISBANK_F1,20180208,11:48,571.95,571.95,571.95,571.95,2400
AXISBANK_F1,20180208,11:49,572,572.45,572,572.2,10800
AXISBANK_F1,20180208,11:50,572.3,572.7,572.2,572.2,13200
AXISBANK_F1,20180208,11:51,572.2,572.45,572.2,572.2,8400
AXISBANK_F1,20180208,11:52,572.05,572.25,571.65,572.15,18000
AXISBANK_F1,20180208,11:53,571.95,571.95,571.7,571.7,4800
AXISBANK_F1,20180208,11:54,571.7,572.4,571.4,572,50400
AXISBANK_F1,20180208,11:55,572.1,572.25,572.1,572.25,4800
AXISBANK_F1,20180208,11:56,572,572,571.8,571.8,4800
AXISBANK_F1,20180208,11:57,572,572.5,571.9,571.9,21600
AXISBANK_F1,20180208,11:58,572.1,572.2,572.1,572.2,6000
AXISBANK_F1,20180208,11:59,572,572,572,572,2400
AXISBANK_F1,20180208,12:00,571.9,572,571.7,572,8400
AXISBANK_F1,20180208,12:01,572,572.05,571.7,571.85,14400
AXISBANK_F1,20180208,12:02,571.8,572.55,571.8,572.55,38400
AXISBANK_F1,20180208,12:03,572.75,574,572.65,573.55,79200
AXISBANK_F1,20180208,12:04,573.55,574.6,573.1,574.15,74400
AXISBANK_F1,20180208,12:05,573.95,575.7,573.75,574.7,160800
AXISBANK_F1,20180208,12:06,574.6,574.6,574,574,18000
AXISBANK_F1,20180208,12:07,573.8,574.3,573.8,574.3,55200
AXISBANK_F1,20180208,12:08,574.4,575,573.9,574.85,50400
AXISBANK_F1,20180208,12:09,574.65,574.9,574.4,574.6,12000
AXISBANK_F1,20180208,12:10,574.6,574.9,574.6,574.75,28800
AXISBANK_F1,20180208,12:11,574.7,575.05,574.45,574.45,26400
AXISBANK_F1,20180208,12:12,574.55,574.85,574.55,574.55,14400
AXISBANK_F1,20180208,12:13,574.55,574.55,573.7,574,40800
AXISBANK_F1,20180208,12:14,573.8,574.25,573.75,573.9,27600
AXISBANK_F1,20180208,12:15,573.8,573.8,572.8,572.8,32400
AXISBANK_F1,20180208,12:16,572.65,573.65,572.65,572.85,32400
AXISBANK_F1,20180208,12:17,572.9,573.05,572.7,573,8400
AXISBANK_F1,20180208,12:18,573,573.75,573,573.15,25200
AXISBANK_F1,20180208,12:19,572.9,573.05,572.75,573.05,19200
AXISBANK_F1,20180208,12:20,573.15,573.35,572.95,573.35,7200
AXISBANK_F1,20180208,12:21,573.7,573.7,573.15,573.3,10800
AXISBANK_F1,20180208,12:22,573.2,573.5,573.1,573.5,13200
AXISBANK_F1,20180208,12:23,573.35,573.8,573.35,573.45,12000
AXISBANK_F1,20180208,12:24,573.4,573.75,573.4,573.7,6000
AXISBANK_F1,20180208,12:25,573.8,574.45,573.8,573.8,20400
AXISBANK_F1,20180208,12:26,573.9,573.9,573.9,573.9,2400
AXISBANK_F1,20180208,12:27,573.8,574.25,573.7,574.1,25200
AXISBANK_F1,20180208,12:28,574.05,574.1,574.05,574.1,4800
AXISBANK_F1,20180208,12:29,574.25,574.25,573.9,573.9,9600
AXISBANK_F1,20180208,12:30,574.05,574.2,574.05,574.2,6000
AXISBANK_F1,20180208,12:31,574.15,574.85,574,574.6,19200
AXISBANK_F1,20180208,12:32,574.75,574.75,574.15,574.15,9600
AXISBANK_F1,20180208,12:33,574.15,574.15,573.95,574,14400
AXISBANK_F1,20180208,12:34,573.8,574.35,573.8,574.35,4800
AXISBANK_F1,20180208,12:35,574.05,574.5,574,574.5,4800
AXISBANK_F1,20180208,12:36,574.65,574.65,574.25,574.4,12000
AXISBANK_F1,20180208,12:37,574.1,574.4,574.1,574.15,4800
AXISBANK_F1,20180208,12:38,574,574.15,573.95,574,10800
AXISBANK_F1,20180208,12:39,573.95,575.1,573.95,574.9,46800
AXISBANK_F1,20180208,12:40,574.3,574.55,574.1,574.1,14400
AXISBANK_F1,20180208,12:41,573.95,574.2,573.5,573.5,22800
AXISBANK_F1,20180208,12:42,573.7,573.85,573.7,573.75,9600
AXISBANK_F1,20180208,12:43,573.6,573.8,573.6,573.8,13200
AXISBANK_F1,20180208,12:44,573.6,573.85,573.5,573.5,16800
AXISBANK_F1,20180208,12:45,573.5,573.65,573.25,573.25,14400
AXISBANK_F1,20180208,12:46,573.2,573.7,573.05,573.05,24000
AXISBANK_F1,20180208,12:47,573.1,573.5,573.05,573.05,10800
AXISBANK_F1,20180208,12:48,573.25,573.65,573.25,573.3,9600
AXISBANK_F1,20180208,12:49,573,573.05,572.9,572.9,12000
AXISBANK_F1,20180208,12:50,572.95,572.95,572.6,572.7,7200
AXISBANK_F1,20180208,12:51,572.65,572.9,572.65,572.9,9600
AXISBANK_F1,20180208,12:52,572.8,573.3,572.8,573.3,14400
AXISBANK_F1,20180208,12:53,573.1,573.5,573.1,573.45,8400
AXISBANK_F1,20180208,12:54,573.5,574,573.5,573.6,10800
AXISBANK_F1,20180208,12:55,573.25,573.8,573.25,573.8,9600
AXISBANK_F1,20180208,12:56,573.7,573.9,573.7,573.85,7200
AXISBANK_F1,20180208,12:58,573.75,573.75,573.4,573.4,13200
AXISBANK_F1,20180208,12:59,573.55,573.55,573.45,573.45,3600
AXISBANK_F1,20180208,13:00,573.2,573.4,573.2,573.3,4800
AXISBANK_F1,20180208,13:01,573.25,573.25,573,573.25,22800
AXISBANK_F1,20180208,13:02,573,573.65,573,573.65,8400
AXISBANK_F1,20180208,13:03,573.4,573.4,573.25,573.35,6000
AXISBANK_F1,20180208,13:04,573.5,573.65,573.25,573.65,9600
AXISBANK_F1,20180208,13:05,573.5,573.5,572.8,572.85,12000
AXISBANK_F1,20180208,13:06,573.4,573.5,573.05,573.2,12000
AXISBANK_F1,20180208,13:07,572.95,573,572.9,573,9600
AXISBANK_F1,20180208,13:08,573.15,573.2,573.15,573.2,2400
AXISBANK_F1,20180208,13:09,573,573.1,572.65,572.65,7200
AXISBANK_F1,20180208,13:10,572.3,572.9,572.1,572.9,25200
AXISBANK_F1,20180208,13:11,572.8,573.25,572.8,573.25,14400
AXISBANK_F1,20180208,13:12,573.5,573.5,573.5,573.5,1200
AXISBANK_F1,20180208,13:13,573.2,573.3,573.2,573.2,8400
AXISBANK_F1,20180208,13:14,573.1,573.1,573,573,2400
AXISBANK_F1,20180208,13:15,573,573,573,573,2400
AXISBANK_F1,20180208,13:16,573.35,573.5,573.2,573.2,14400
AXISBANK_F1,20180208,13:17,573.4,573.7,573.4,573.5,15600
AXISBANK_F1,20180208,13:18,573.4,573.4,573.4,573.4,1200
AXISBANK_F1,20180208,13:19,573.3,573.7,573.3,573.4,12000
AXISBANK_F1,20180208,13:20,573.35,573.5,573,573,8400
AXISBANK_F1,20180208,13:21,573.2,573.55,573.2,573.4,16800
AXISBANK_F1,20180208,13:22,573.4,573.5,573.2,573.2,7200
AXISBANK_F1,20180208,13:23,573.25,575.05,573.25,575.05,48000
AXISBANK_F1,20180208,13:24,574.7,574.8,573.95,574.4,20400
AXISBANK_F1,20180208,13:25,574.15,574.25,573.95,574,13200
AXISBANK_F1,20180208,13:26,573.95,573.95,573.9,573.9,2400
AXISBANK_F1,20180208,13:27,573.75,574.2,573.75,574.15,10800
AXISBANK_F1,20180208,13:28,574.35,574.35,573.7,573.8,15600
AXISBANK_F1,20180208,13:29,573.75,574.05,573.45,573.45,9600
AXISBANK_F1,20180208,13:30,573.45,573.55,573.45,573.55,12000
AXISBANK_F1,20180208,13:31,573.3,573.5,573.1,573.1,14400
AXISBANK_F1,20180208,13:32,573.05,573.4,573.05,573.3,6000
AXISBANK_F1,20180208,13:33,573.1,574.15,573,574.15,26400
AXISBANK_F1,20180208,13:34,574.15,574.4,573.65,574.05,43200
AXISBANK_F1,20180208,13:35,574.3,575.05,574.3,574.6,25200
AXISBANK_F1,20180208,13:36,574.75,576.2,574.75,575.75,87600
AXISBANK_F1,20180208,13:37,575.7,575.8,575.15,575.4,22800
AXISBANK_F1,20180208,13:38,575.6,576.1,575.4,576.1,27600
AXISBANK_F1,20180208,13:39,576.3,577,575.6,575.6,88800
AXISBANK_F1,20180208,13:40,575.6,576.5,575.6,576.05,27600
AXISBANK_F1,20180208,13:41,576,576.35,575.7,576.3,26400
AXISBANK_F1,20180208,13:42,576.35,576.6,575.9,575.9,20400
AXISBANK_F1,20180208,13:43,575.9,576,575.7,575.8,13200
AXISBANK_F1,20180208,13:44,575.55,576,575.5,575.8,20400
AXISBANK_F1,20180208,13:45,576.1,576.1,575.5,575.5,13200
AXISBANK_F1,20180208,13:46,575.4,575.5,575.35,575.45,12000
AXISBANK_F1,20180208,13:47,575.75,576,575.75,576,14400
AXISBANK_F1,20180208,13:48,575.85,576.05,575.8,575.8,13200
AXISBANK_F1,20180208,13:49,575.6,575.6,575.35,575.45,10800
AXISBANK_F1,20180208,13:50,575.7,575.8,575.65,575.65,6000
AXISBANK_F1,20180208,13:51,575.7,575.8,575.4,575.4,9600
AXISBANK_F1,20180208,13:52,575.8,576.2,575.8,576.2,7200
AXISBANK_F1,20180208,13:53,575.85,575.85,575.4,575.4,8400
AXISBANK_F1,20180208,13:54,575.15,575.45,575.15,575.35,16800
AXISBANK_F1,20180208,13:55,575.25,575.25,574.3,574.85,36000
AXISBANK_F1,20180208,13:56,574.65,575,574.35,574.6,20400
AXISBANK_F1,20180208,13:57,574.6,574.6,574.15,574.15,74400
AXISBANK_F1,20180208,13:58,574.4,574.4,573.75,573.75,18000
AXISBANK_F1,20180208,13:59,573.75,574.1,573.75,573.95,21600
AXISBANK_F1,20180208,14:00,574,574,573.9,573.9,67200
AXISBANK_F1,20180208,14:01,573.8,574.2,573.8,573.9,108000
AXISBANK_F1,20180208,14:02,573.65,573.8,573.6,573.8,33600
AXISBANK_F1,20180208,14:03,573.4,573.5,572.7,572.7,44400
AXISBANK_F1,20180208,14:04,572.5,572.7,572.1,572.45,94800
AXISBANK_F1,20180208,14:05,572.2,572.2,571.25,572,48000
AXISBANK_F1,20180208,14:06,572.45,573.35,572.4,572.45,48000
AXISBANK_F1,20180208,14:07,573,573.15,573,573,30000
AXISBANK_F1,20180208,14:08,573.25,573.25,573,573,32400
AXISBANK_F1,20180208,14:09,572.5,573.05,572.2,573,62400
AXISBANK_F1,20180208,14:10,572.85,573.1,572.55,573.1,31200
AXISBANK_F1,20180208,14:11,572.9,572.9,572.9,572.9,2400
AXISBANK_F1,20180208,14:12,573.05,573.05,572.9,572.9,6000
AXISBANK_F1,20180208,14:13,572.45,572.45,572,572,32400
AXISBANK_F1,20180208,14:14,572.4,572.95,572,572.25,30000
AXISBANK_F1,20180208,14:16,572.75,572.75,571.9,572.5,44400
AXISBANK_F1,20180208,14:17,572.4,572.4,571.95,572,10800
AXISBANK_F1,20180208,14:18,571.8,572.25,571.35,572.1,24000
AXISBANK_F1,20180208,14:19,572.15,572.25,571.75,572.25,18000
AXISBANK_F1,20180208,14:20,571.8,572.3,571.7,572.3,14400
AXISBANK_F1,20180208,14:21,571.9,571.9,570.6,570.95,43200
AXISBANK_F1,20180208,14:22,570.95,571.7,570.6,571.7,34800
AXISBANK_F1,20180208,14:23,571.55,571.95,571.05,571.95,24000
AXISBANK_F1,20180208,14:24,571.5,571.9,571.1,571.7,34800
AXISBANK_F1,20180208,14:25,571.55,572,571.35,571.75,36000
AXISBANK_F1,20180208,14:26,571.55,571.75,570.2,570.2,127200
AXISBANK_F1,20180208,14:27,570,570.5,569.65,570.05,172800
AXISBANK_F1,20180208,14:28,570.45,570.45,569.8,569.8,177600
AXISBANK_F1,20180208,14:29,569.65,569.65,567.75,568.45,117600
AXISBANK_F1,20180208,14:30,568.55,569.35,568.05,568.5,81600
AXISBANK_F1,20180208,14:31,568.85,569,567,567,114000
AXISBANK_F1,20180208,14:32,567.25,568.5,567.25,568.5,22800
AXISBANK_F1,20180208,14:33,568.45,568.95,568.3,568.75,40800
AXISBANK_F1,20180208,14:34,568.8,569,568.5,568.8,37200
AXISBANK_F1,20180208,14:35,568.75,569.05,568.4,569,28800
AXISBANK_F1,20180208,14:36,568.75,570,568.65,569,68400
AXISBANK_F1,20180208,14:37,569.25,569.75,569.25,569.75,14400
AXISBANK_F1,20180208,14:38,570,570.35,569.3,569.3,56400
AXISBANK_F1,20180208,14:39,569.75,570,569.45,569.5,38400
AXISBANK_F1,20180208,14:40,569.85,569.95,568.35,568.35,20400
AXISBANK_F1,20180208,14:41,568.8,569.35,568.75,568.75,19200
AXISBANK_F1,20180208,14:42,568.7,569.05,568.7,569.05,9600
AXISBANK_F1,20180208,14:43,569.25,569.5,568.5,568.85,30000
AXISBANK_F1,20180208,14:44,568.75,568.8,568.55,568.75,7200
AXISBANK_F1,20180208,14:45,568.8,568.8,568.3,568.3,7200
AXISBANK_F1,20180208,14:46,568.3,568.75,568.3,568.55,25200
AXISBANK_F1,20180208,14:47,568.75,569.65,568.75,569.65,8400
AXISBANK_F1,20180208,14:48,569.55,569.55,568.7,568.9,9600
AXISBANK_F1,20180208,14:49,569.05,570.15,569.05,569.75,104400
AXISBANK_F1,20180208,14:50,570,570.6,569.8,570.4,50400
AXISBANK_F1,20180208,14:51,570.55,570.8,569.95,570.8,31200
AXISBANK_F1,20180208,14:52,571.25,571.45,570.5,570.6,38400
AXISBANK_F1,20180208,14:53,570.9,570.9,570.3,570.35,26400
AXISBANK_F1,20180208,14:54,570.15,570.45,569.6,569.6,14400
AXISBANK_F1,20180208,14:55,569.8,570,569.5,569.5,16800
AXISBANK_F1,20180208,14:56,569.65,569.75,569.65,569.75,10800
AXISBANK_F1,20180208,14:57,569.95,570.5,569.95,570.1,14400
AXISBANK_F1,20180208,14:58,570.1,570.4,570.1,570.2,9600
AXISBANK_F1,20180208,14:59,570.15,570.35,569.7,569.7,10800
AXISBANK_F1,20180208,15:00,569.55,569.8,569.2,569.8,10800
AXISBANK_F1,20180208,15:01,569.5,569.75,569.45,569.75,8400
AXISBANK_F1,20180208,15:02,569.8,570.1,569.1,569.1,21600
AXISBANK_F1,20180208,15:03,569.2,569.2,568.05,568.4,46800
AXISBANK_F1,20180208,15:04,568.45,568.6,568,568.6,25200
AXISBANK_F1,20180208,15:05,568.6,568.6,567.8,567.8,27600
AXISBANK_F1,20180208,15:06,567.8,568,567.6,568,24000
AXISBANK_F1,20180208,15:07,568.1,568.75,567.8,568.75,34800
AXISBANK_F1,20180208,15:08,568.65,568.65,568.2,568.5,10800
AXISBANK_F1,20180208,15:09,568.8,569,568.5,569,20400
AXISBANK_F1,20180208,15:10,569.25,569.25,568.4,568.4,13200
AXISBANK_F1,20180208,15:11,568.6,569.2,568.45,569.2,12000
AXISBANK_F1,20180208,15:12,569.45,569.45,568.75,568.75,18000
AXISBANK_F1,20180208,15:13,568.6,569.35,568.5,569.2,21600
AXISBANK_F1,20180208,15:14,569,569,568.3,568.3,27600
AXISBANK_F1,20180208,15:15,568.05,568.9,568.05,568.65,19200
AXISBANK_F1,20180208,15:16,568.6,568.65,568.25,568.25,26400
AXISBANK_F1,20180208,15:17,568.45,568.85,568.25,568.7,37200
AXISBANK_F1,20180208,15:18,568.65,569.1,568.55,568.75,38400
AXISBANK_F1,20180208,15:19,568.8,568.9,568.65,568.7,25200
AXISBANK_F1,20180208,15:20,568.65,568.8,568.55,568.7,15600
AXISBANK_F1,20180208,15:21,568.85,568.85,568.15,568.15,36000
AXISBANK_F1,20180208,15:22,568.35,568.65,568.1,568.5,51600
AXISBANK_F1,20180208,15:23,568.5,568.5,567.55,568,81600
AXISBANK_F1,20180208,15:24,567.55,567.75,567.35,567.35,46800
AXISBANK_F1,20180208,15:25,567.3,568.3,567.15,567.8,60000
AXISBANK_F1,20180208,15:26,567.75,567.95,567.6,567.8,25200
AXISBANK_F1,20180208,15:27,567.8,568.5,567.8,568,58800
AXISBANK_F1,20180208,15:28,568.1,568.85,568.1,568.55,50400
AXISBANK_F1,20180208,15:29,568.6,569.5,568.5,569.2,50400
AXISBANK_F1,20180208,15:30,568.8,569.55,568.35,568.9,88800
AXISBANK_F1,20180208,15:31,568.8,568.8,568.5,568.5,4800
AXISBANK_F1,20180208,16:43,568.45,568.45,568.45,568.45,1
