JINDALSTEL,20190620,09:09,146.20,146.20,146.20,146.20,10408,0
JINDALSTEL,20190620,09:16,146.45,146.90,146.30,146.35,132418,0
JINDALSTEL,20190620,09:17,146.35,147.50,146.30,146.55,227462,0
JINDALSTEL,20190620,09:18,146.70,147.30,146.70,147.15,92988,0
JINDALSTEL,20190620,09:19,147.20,147.60,146.85,147.05,156773,0
JINDALSTEL,20190620,09:20,147.30,147.90,147.30,147.50,96355,0
JINDALSTEL,20190620,09:21,147.60,147.60,146.30,146.30,98814,0
JINDALSTEL,20190620,09:22,146.30,146.30,144.85,144.90,141341,0
JINDALSTEL,20190620,09:23,144.95,145.10,144.25,144.80,153170,0
JINDALSTEL,20190620,09:24,144.80,144.90,143.90,144.20,133455,0
JINDALSTEL,20190620,09:25,144.25,144.60,144.15,144.40,78043,0
JINDALSTEL,20190620,09:26,144.20,144.30,143.40,143.70,92195,0
JINDALSTEL,20190620,09:27,143.60,143.60,143.10,143.25,77088,0
JINDALSTEL,20190620,09:28,143.30,143.50,142.30,142.60,124786,0
JINDALSTEL,20190620,09:29,142.65,142.75,141.90,142.25,117656,0
JINDALSTEL,20190620,09:30,142.30,143.00,142.25,142.65,93807,0
JINDALSTEL,20190620,09:31,142.65,142.95,142.40,142.75,81889,0
JINDALSTEL,20190620,09:32,142.65,143.30,142.60,143.30,69747,0
JINDALSTEL,20190620,09:33,143.40,143.75,143.40,143.70,67511,0
JINDALSTEL,20190620,09:34,143.70,144.20,143.70,144.00,93269,0
JINDALSTEL,20190620,09:35,144.05,144.05,143.80,143.90,19852,0
JINDALSTEL,20190620,09:36,143.90,144.20,143.60,143.75,56653,0
JINDALSTEL,20190620,09:37,143.80,144.00,143.60,143.90,37457,0
JINDALSTEL,20190620,09:38,143.90,144.15,143.85,144.10,51334,0
JINDALSTEL,20190620,09:39,144.15,144.60,144.00,144.05,58289,0
JINDALSTEL,20190620,09:40,144.00,144.10,143.80,144.00,48144,0
JINDALSTEL,20190620,09:41,144.00,144.15,143.90,144.15,18457,0
JINDALSTEL,20190620,09:42,144.20,144.20,144.10,144.10,92425,0
JINDALSTEL,20190620,09:43,144.10,144.60,144.10,144.45,61704,0
JINDALSTEL,20190620,09:44,144.55,145.35,144.55,145.20,134063,0
JINDALSTEL,20190620,09:45,145.15,145.65,145.00,145.10,96038,0
JINDALSTEL,20190620,09:46,145.25,145.35,144.85,144.85,32678,0
JINDALSTEL,20190620,09:47,145.00,145.00,144.35,144.55,44503,0
JINDALSTEL,20190620,09:48,144.45,144.55,144.00,144.20,45586,0
JINDALSTEL,20190620,09:49,144.20,144.60,144.20,144.55,43958,0
JINDALSTEL,20190620,09:50,144.55,144.55,144.10,144.10,27822,0
JINDALSTEL,20190620,09:51,144.20,144.70,144.10,144.70,46590,0
JINDALSTEL,20190620,09:52,144.70,145.00,144.70,144.80,43033,0
JINDALSTEL,20190620,09:53,144.80,145.25,144.80,145.20,36619,0
JINDALSTEL,20190620,09:54,145.30,145.35,145.00,145.15,51282,0
JINDALSTEL,20190620,09:55,144.95,145.00,144.65,144.65,20120,0
JINDALSTEL,20190620,09:56,144.70,144.80,144.55,144.75,23395,0
JINDALSTEL,20190620,09:57,144.70,145.15,144.70,144.80,35379,0
JINDALSTEL,20190620,09:58,144.75,145.20,144.75,144.95,28057,0
JINDALSTEL,20190620,09:59,145.00,145.35,145.00,145.25,27498,0
JINDALSTEL,20190620,10:00,145.20,145.30,145.05,145.10,34607,0
JINDALSTEL,20190620,10:01,145.10,145.55,145.10,145.40,61570,0
JINDALSTEL,20190620,10:02,145.40,145.60,145.25,145.45,27097,0
JINDALSTEL,20190620,10:03,145.45,145.90,145.25,145.90,46431,0
JINDALSTEL,20190620,10:04,145.90,146.05,145.50,145.55,85449,0
JINDALSTEL,20190620,10:05,145.60,146.35,145.45,146.25,60573,0
JINDALSTEL,20190620,10:06,146.60,147.20,146.55,147.05,241198,0
JINDALSTEL,20190620,10:07,147.05,147.35,146.95,147.15,99795,0
JINDALSTEL,20190620,10:08,147.15,147.45,146.95,147.10,81007,0
JINDALSTEL,20190620,10:09,147.15,147.70,147.05,147.60,124870,0
JINDALSTEL,20190620,10:10,147.60,147.85,147.50,147.70,91574,0
JINDALSTEL,20190620,10:11,147.75,147.80,147.50,147.55,64477,0
JINDALSTEL,20190620,10:12,147.80,148.30,147.70,148.20,232408,0
JINDALSTEL,20190620,10:13,148.20,148.25,147.85,147.85,60940,0
JINDALSTEL,20190620,10:14,147.90,148.10,147.55,147.75,79729,0
JINDALSTEL,20190620,10:15,147.75,148.25,147.70,148.20,54330,0
JINDALSTEL,20190620,10:16,148.30,148.80,148.25,148.70,138951,0
JINDALSTEL,20190620,10:17,148.70,148.95,148.55,148.75,82505,0
JINDALSTEL,20190620,10:18,148.80,148.80,148.10,148.10,69888,0
JINDALSTEL,20190620,10:19,148.10,148.30,148.00,148.20,46057,0
JINDALSTEL,20190620,10:20,148.20,148.40,148.15,148.25,48085,0
JINDALSTEL,20190620,10:21,148.00,148.00,147.80,147.80,47978,0
JINDALSTEL,20190620,10:22,147.80,147.85,147.55,147.60,62420,0
JINDALSTEL,20190620,10:23,147.60,147.75,147.20,147.35,73978,0
JINDALSTEL,20190620,10:24,147.30,147.40,146.70,146.70,76449,0
JINDALSTEL,20190620,10:25,146.85,147.25,146.70,146.70,82459,0
JINDALSTEL,20190620,10:26,146.85,147.35,146.70,147.25,32399,0
JINDALSTEL,20190620,10:27,147.30,147.60,147.30,147.40,36866,0
JINDALSTEL,20190620,10:28,147.40,147.60,147.15,147.35,48051,0
JINDALSTEL,20190620,10:29,147.40,147.40,147.05,147.05,14208,0
JINDALSTEL,20190620,10:30,147.10,147.10,146.30,146.40,35203,0
JINDALSTEL,20190620,10:31,146.35,146.40,146.15,146.35,53466,0
JINDALSTEL,20190620,10:32,146.30,146.40,146.15,146.20,29213,0
JINDALSTEL,20190620,10:33,145.85,145.90,145.10,145.10,95842,0
JINDALSTEL,20190620,10:34,145.10,145.30,144.65,144.75,118015,0
JINDALSTEL,20190620,10:35,144.70,145.00,144.70,144.80,83939,0
JINDALSTEL,20190620,10:36,144.75,144.95,144.70,144.90,56076,0
JINDALSTEL,20190620,10:37,144.95,145.55,144.90,145.45,63511,0
JINDALSTEL,20190620,10:38,145.40,145.80,145.35,145.75,35550,0
JINDALSTEL,20190620,10:39,145.65,145.75,145.30,145.35,45164,0
JINDALSTEL,20190620,10:40,145.30,145.35,144.95,145.00,14039,0
JINDALSTEL,20190620,10:41,145.00,145.05,144.70,144.85,30284,0
JINDALSTEL,20190620,10:42,144.80,144.85,144.25,144.30,61807,0
JINDALSTEL,20190620,10:43,144.30,144.35,143.90,144.00,116577,0
JINDALSTEL,20190620,10:44,143.90,144.30,143.90,144.30,22817,0
JINDALSTEL,20190620,10:45,144.30,144.30,143.90,144.10,64015,0
JINDALSTEL,20190620,10:46,144.20,144.20,143.50,143.75,76403,0
JINDALSTEL,20190620,10:47,143.65,144.10,143.65,144.00,53855,0
JINDALSTEL,20190620,10:48,144.00,144.35,144.00,144.15,32820,0
JINDALSTEL,20190620,10:49,144.30,144.35,144.15,144.25,23597,0
JINDALSTEL,20190620,10:50,144.30,144.65,144.25,144.65,22957,0
JINDALSTEL,20190620,10:51,144.55,144.95,144.50,144.80,45725,0
JINDALSTEL,20190620,10:52,144.85,145.50,144.85,145.25,89694,0
JINDALSTEL,20190620,10:53,145.10,145.10,144.90,144.90,20141,0
JINDALSTEL,20190620,10:54,144.90,145.40,144.90,145.35,18866,0
JINDALSTEL,20190620,10:55,145.15,145.40,145.10,145.25,25145,0
JINDALSTEL,20190620,10:56,145.30,145.30,145.20,145.30,10890,0
JINDALSTEL,20190620,10:57,145.20,145.50,145.05,145.45,37176,0
JINDALSTEL,20190620,10:58,145.45,145.55,145.35,145.50,14144,0
JINDALSTEL,20190620,10:59,145.55,145.60,145.40,145.40,12348,0
JINDALSTEL,20190620,11:00,145.50,145.65,145.45,145.60,11316,0
JINDALSTEL,20190620,11:01,145.50,146.00,145.50,145.80,45342,0
JINDALSTEL,20190620,11:02,145.90,145.90,145.60,145.60,18290,0
JINDALSTEL,20190620,11:03,145.60,145.75,145.60,145.60,12213,0
JINDALSTEL,20190620,11:04,145.60,145.70,145.50,145.55,12970,0
JINDALSTEL,20190620,11:05,145.50,145.75,145.40,145.60,26533,0
JINDALSTEL,20190620,11:06,145.60,145.75,145.35,145.35,18587,0
JINDALSTEL,20190620,11:07,145.35,145.35,145.05,145.10,15441,0
JINDALSTEL,20190620,11:08,145.10,145.30,144.65,144.70,81265,0
JINDALSTEL,20190620,11:09,144.80,144.90,144.65,144.80,42336,0
JINDALSTEL,20190620,11:10,144.85,145.20,144.80,144.90,22727,0
JINDALSTEL,20190620,11:11,144.80,144.90,144.80,144.85,8886,0
JINDALSTEL,20190620,11:12,144.90,144.95,144.80,144.90,13189,0
JINDALSTEL,20190620,11:13,144.90,145.30,144.90,145.25,25592,0
JINDALSTEL,20190620,11:14,145.20,145.70,145.10,145.60,35826,0
JINDALSTEL,20190620,11:15,145.70,145.95,145.60,145.85,47836,0
JINDALSTEL,20190620,11:16,145.85,146.30,145.85,146.20,62797,0
JINDALSTEL,20190620,11:17,146.05,146.20,146.00,146.10,19226,0
JINDALSTEL,20190620,11:18,146.15,146.60,146.10,146.45,65962,0
JINDALSTEL,20190620,11:19,146.45,146.50,146.40,146.40,19804,0
JINDALSTEL,20190620,11:20,146.40,146.45,146.20,146.30,18496,0
JINDALSTEL,20190620,11:21,146.30,146.50,146.25,146.40,18645,0
JINDALSTEL,20190620,11:22,146.45,146.75,146.45,146.60,38634,0
JINDALSTEL,20190620,11:23,146.60,146.70,146.45,146.55,10819,0
JINDALSTEL,20190620,11:24,146.55,146.85,146.50,146.75,48589,0
JINDALSTEL,20190620,11:25,146.70,146.85,146.55,146.55,27960,0
JINDALSTEL,20190620,11:26,146.60,146.65,146.30,146.30,19190,0
JINDALSTEL,20190620,11:27,146.40,146.50,146.10,146.15,20690,0
JINDALSTEL,20190620,11:28,146.10,146.15,145.45,145.50,74143,0
JINDALSTEL,20190620,11:29,145.45,145.60,145.30,145.40,38783,0
JINDALSTEL,20190620,11:30,145.30,145.30,145.00,145.10,27504,0
JINDALSTEL,20190620,11:31,145.25,145.30,144.80,144.80,47069,0
JINDALSTEL,20190620,11:32,144.75,144.95,144.75,144.80,15708,0
JINDALSTEL,20190620,11:33,144.75,144.80,144.35,144.55,60789,0
JINDALSTEL,20190620,11:34,144.55,144.85,144.55,144.65,81642,0
JINDALSTEL,20190620,11:35,144.70,144.70,144.30,144.40,27566,0
JINDALSTEL,20190620,11:36,144.40,144.55,144.35,144.40,14280,0
JINDALSTEL,20190620,11:37,144.45,144.60,144.15,144.15,37270,0
JINDALSTEL,20190620,11:38,144.25,144.55,144.20,144.40,18095,0
JINDALSTEL,20190620,11:39,144.50,144.95,144.50,144.95,28398,0
JINDALSTEL,20190620,11:40,145.00,145.05,144.70,144.70,28419,0
JINDALSTEL,20190620,11:41,144.75,144.95,144.65,144.80,11647,0
JINDALSTEL,20190620,11:42,144.85,145.25,144.85,145.25,20569,0
JINDALSTEL,20190620,11:43,145.25,145.50,145.20,145.30,26899,0
JINDALSTEL,20190620,11:44,145.35,145.35,145.00,145.00,13772,0
JINDALSTEL,20190620,11:45,145.00,145.05,144.80,144.80,11831,0
JINDALSTEL,20190620,11:46,144.95,145.30,144.95,145.15,19912,0
JINDALSTEL,20190620,11:47,145.35,145.75,145.35,145.60,45286,0
JINDALSTEL,20190620,11:48,145.70,145.90,145.70,145.75,26015,0
JINDALSTEL,20190620,11:49,145.70,145.95,145.70,145.75,31874,0
JINDALSTEL,20190620,11:50,145.75,146.15,145.65,145.95,42674,0
JINDALSTEL,20190620,11:51,145.95,146.05,145.80,145.95,13239,0
JINDALSTEL,20190620,11:52,145.90,145.95,145.65,145.65,7288,0
JINDALSTEL,20190620,11:53,145.75,145.80,145.55,145.75,24892,0
JINDALSTEL,20190620,11:54,145.75,145.95,145.75,145.75,8509,0
JINDALSTEL,20190620,11:55,145.90,146.70,145.85,146.65,64881,0
JINDALSTEL,20190620,11:56,146.70,146.70,146.30,146.35,30625,0
JINDALSTEL,20190620,11:57,146.40,146.40,146.25,146.35,15569,0
JINDALSTEL,20190620,11:58,146.35,146.40,145.90,145.90,19117,0
JINDALSTEL,20190620,11:59,145.95,146.10,145.80,146.00,18489,0
JINDALSTEL,20190620,12:00,146.20,146.60,146.15,146.25,62249,0
JINDALSTEL,20190620,12:01,146.25,146.55,146.20,146.55,19450,0
JINDALSTEL,20190620,12:02,146.55,146.85,146.50,146.60,87821,0
JINDALSTEL,20190620,12:03,146.60,147.10,146.50,146.55,69361,0
JINDALSTEL,20190620,12:04,146.45,146.65,146.20,146.20,36684,0
JINDALSTEL,20190620,12:05,146.15,146.45,146.15,146.35,13026,0
JINDALSTEL,20190620,12:06,146.40,146.55,146.10,146.10,13255,0
JINDALSTEL,20190620,12:07,146.10,146.15,145.75,145.75,14814,0
JINDALSTEL,20190620,12:08,145.75,145.85,145.50,145.50,27257,0
JINDALSTEL,20190620,12:09,145.55,145.60,145.30,145.30,38507,0
JINDALSTEL,20190620,12:10,145.35,145.75,145.35,145.50,25871,0
JINDALSTEL,20190620,12:11,145.50,145.80,145.50,145.70,12500,0
JINDALSTEL,20190620,12:12,145.80,146.25,145.80,146.10,25721,0
JINDALSTEL,20190620,12:13,146.25,146.60,146.25,146.50,34233,0
JINDALSTEL,20190620,12:14,146.60,146.70,146.40,146.45,22582,0
JINDALSTEL,20190620,12:15,146.45,146.60,146.30,146.35,13736,0
JINDALSTEL,20190620,12:16,146.35,146.45,146.30,146.30,28874,0
JINDALSTEL,20190620,12:17,146.30,146.40,146.25,146.25,4939,0
JINDALSTEL,20190620,12:18,146.30,146.70,146.25,146.45,31495,0
JINDALSTEL,20190620,12:19,146.55,146.75,146.40,146.60,14237,0
JINDALSTEL,20190620,12:20,146.60,147.10,146.60,146.90,43398,0
JINDALSTEL,20190620,12:21,147.00,147.50,146.90,147.30,73234,0
JINDALSTEL,20190620,12:22,147.30,147.45,146.80,146.80,28936,0
JINDALSTEL,20190620,12:23,146.80,146.90,146.60,146.65,23112,0
JINDALSTEL,20190620,12:24,146.75,146.85,146.60,146.60,14850,0
JINDALSTEL,20190620,12:25,146.55,147.00,146.55,146.65,26776,0
JINDALSTEL,20190620,12:26,146.70,146.80,146.40,146.40,13008,0
JINDALSTEL,20190620,12:27,146.40,146.50,146.25,146.45,29761,0
JINDALSTEL,20190620,12:28,146.50,146.60,146.10,146.10,53448,0
JINDALSTEL,20190620,12:29,146.15,146.35,146.15,146.25,5895,0
JINDALSTEL,20190620,12:30,146.30,146.50,146.00,146.05,29675,0
JINDALSTEL,20190620,12:31,146.15,146.30,146.00,146.00,15502,0
JINDALSTEL,20190620,12:32,146.10,146.10,145.80,145.80,14300,0
JINDALSTEL,20190620,12:33,145.80,145.90,145.70,145.85,45135,0
JINDALSTEL,20190620,12:34,145.85,145.95,145.70,145.70,30622,0
JINDALSTEL,20190620,12:35,145.75,145.80,145.70,145.75,13048,0
JINDALSTEL,20190620,12:36,145.75,145.80,145.55,145.55,18980,0
JINDALSTEL,20190620,12:37,145.90,146.45,145.85,146.15,65096,0
JINDALSTEL,20190620,12:38,146.15,146.40,146.15,146.35,25915,0
JINDALSTEL,20190620,12:39,146.25,146.80,146.25,146.65,43389,0
JINDALSTEL,20190620,12:40,146.65,147.10,146.65,146.85,77008,0
JINDALSTEL,20190620,12:41,146.80,147.00,146.70,146.85,24783,0
JINDALSTEL,20190620,12:42,146.80,146.80,146.55,146.70,17489,0
JINDALSTEL,20190620,12:43,146.65,146.85,146.60,146.85,7507,0
JINDALSTEL,20190620,12:44,146.80,147.15,146.80,146.85,41819,0
JINDALSTEL,20190620,12:45,146.75,147.15,146.75,147.05,31748,0
JINDALSTEL,20190620,12:46,147.10,147.85,147.10,147.60,171665,0
JINDALSTEL,20190620,12:47,147.50,148.00,147.50,148.00,113198,0
JINDALSTEL,20190620,12:48,148.00,148.10,147.70,147.70,93554,0
JINDALSTEL,20190620,12:49,147.70,149.15,147.65,148.60,237304,0
JINDALSTEL,20190620,12:50,148.55,149.05,148.35,148.40,75007,0
JINDALSTEL,20190620,12:51,148.50,148.90,148.30,148.35,136992,0
JINDALSTEL,20190620,12:52,148.30,148.55,148.20,148.25,27500,0
JINDALSTEL,20190620,12:53,148.25,148.30,147.85,147.85,62842,0
JINDALSTEL,20190620,12:54,147.85,147.90,147.60,147.65,55784,0
JINDALSTEL,20190620,12:55,147.65,148.05,147.65,147.75,36364,0
JINDALSTEL,20190620,12:56,147.80,147.90,147.75,147.75,26098,0
JINDALSTEL,20190620,12:57,147.75,147.80,147.50,147.55,25356,0
JINDALSTEL,20190620,12:58,147.55,147.80,147.50,147.70,48651,0
JINDALSTEL,20190620,12:59,147.65,147.65,147.45,147.45,16032,0
JINDALSTEL,20190620,13:00,147.50,147.80,147.50,147.70,10587,0
JINDALSTEL,20190620,13:01,147.75,148.00,147.75,147.90,13235,0
JINDALSTEL,20190620,13:02,147.90,148.25,147.90,148.15,28862,0
JINDALSTEL,20190620,13:03,148.15,148.15,147.95,147.95,17469,0
JINDALSTEL,20190620,13:04,148.10,148.20,147.80,147.80,16614,0
JINDALSTEL,20190620,13:05,147.85,148.00,147.80,147.80,18323,0
JINDALSTEL,20190620,13:06,147.80,148.50,147.80,148.35,35284,0
JINDALSTEL,20190620,13:07,148.30,148.80,148.25,148.30,35856,0
JINDALSTEL,20190620,13:08,148.25,148.25,147.85,147.85,21567,0
JINDALSTEL,20190620,13:09,147.90,148.05,147.75,147.85,50483,0
JINDALSTEL,20190620,13:10,147.85,148.05,147.80,147.80,23346,0
JINDALSTEL,20190620,13:11,147.90,147.90,147.55,147.55,19163,0
JINDALSTEL,20190620,13:12,147.55,147.65,147.30,147.35,33340,0
JINDALSTEL,20190620,13:13,147.35,147.35,146.75,146.80,48882,0
JINDALSTEL,20190620,13:14,146.80,147.00,146.40,146.45,57360,0
JINDALSTEL,20190620,13:15,146.45,146.65,146.45,146.60,56940,0
JINDALSTEL,20190620,13:16,146.55,146.65,146.30,146.65,34106,0
JINDALSTEL,20190620,13:17,146.60,146.75,146.60,146.65,15460,0
JINDALSTEL,20190620,13:18,146.65,146.85,146.60,146.60,41358,0
JINDALSTEL,20190620,13:19,146.70,146.75,146.35,146.40,62520,0
JINDALSTEL,20190620,13:20,146.40,146.55,146.35,146.40,12255,0
JINDALSTEL,20190620,13:21,146.35,146.50,146.25,146.25,21251,0
JINDALSTEL,20190620,13:22,146.40,146.45,146.25,146.45,11551,0
JINDALSTEL,20190620,13:23,146.50,146.85,146.50,146.75,13438,0
JINDALSTEL,20190620,13:24,146.70,146.75,146.55,146.60,4564,0
JINDALSTEL,20190620,13:25,146.70,146.70,146.40,146.45,16066,0
JINDALSTEL,20190620,13:26,146.45,146.65,146.35,146.55,14005,0
JINDALSTEL,20190620,13:27,146.50,146.85,146.50,146.75,11330,0
JINDALSTEL,20190620,13:28,146.80,146.95,146.80,146.80,15249,0
JINDALSTEL,20190620,13:29,146.80,147.20,146.80,147.05,17380,0
JINDALSTEL,20190620,13:30,147.00,147.25,147.00,147.10,21006,0
JINDALSTEL,20190620,13:31,147.05,147.20,147.00,147.10,24539,0
JINDALSTEL,20190620,13:32,147.10,147.20,146.80,146.80,18190,0
JINDALSTEL,20190620,13:33,146.80,146.90,146.70,146.70,13383,0
JINDALSTEL,20190620,13:34,146.70,146.80,146.55,146.80,20605,0
JINDALSTEL,20190620,13:35,146.70,146.70,146.45,146.60,6440,0
JINDALSTEL,20190620,13:36,146.60,146.80,146.55,146.60,10213,0
JINDALSTEL,20190620,13:37,146.55,146.85,146.55,146.85,6952,0
JINDALSTEL,20190620,13:38,146.80,147.20,146.80,147.00,36891,0
JINDALSTEL,20190620,13:39,147.00,147.35,147.00,147.10,21879,0
JINDALSTEL,20190620,13:40,147.10,147.25,147.05,147.20,8675,0
JINDALSTEL,20190620,13:41,147.20,147.50,147.10,147.15,12726,0
JINDALSTEL,20190620,13:42,147.05,147.30,147.00,147.10,24528,0
JINDALSTEL,20190620,13:43,147.10,147.30,147.00,147.00,23978,0
JINDALSTEL,20190620,13:44,147.00,147.15,146.90,147.05,17424,0
JINDALSTEL,20190620,13:45,147.00,147.25,147.00,147.15,11110,0
JINDALSTEL,20190620,13:46,147.20,147.40,147.20,147.20,9937,0
JINDALSTEL,20190620,13:47,147.20,147.40,147.20,147.25,9602,0
JINDALSTEL,20190620,13:48,147.25,147.45,147.25,147.35,15710,0
JINDALSTEL,20190620,13:49,147.65,147.85,147.50,147.50,38921,0
JINDALSTEL,20190620,13:50,147.45,147.50,147.15,147.30,33047,0
JINDALSTEL,20190620,13:51,147.30,147.40,147.25,147.35,8340,0
JINDALSTEL,20190620,13:52,147.40,147.60,147.35,147.50,16941,0
JINDALSTEL,20190620,13:53,147.55,147.80,147.55,147.70,13028,0
JINDALSTEL,20190620,13:54,147.70,147.75,147.55,147.55,42189,0
JINDALSTEL,20190620,13:55,147.65,147.70,147.60,147.60,37684,0
JINDALSTEL,20190620,13:56,147.60,147.65,147.20,147.20,10287,0
JINDALSTEL,20190620,13:57,147.20,147.35,147.20,147.25,4622,0
JINDALSTEL,20190620,13:58,147.30,147.40,147.25,147.30,3448,0
JINDALSTEL,20190620,13:59,147.30,148.00,147.30,148.00,22519,0
JINDALSTEL,20190620,14:00,148.00,148.20,147.80,147.80,37944,0
JINDALSTEL,20190620,14:01,147.75,148.10,147.75,147.95,14954,0
JINDALSTEL,20190620,14:02,147.95,148.20,147.95,148.00,17306,0
JINDALSTEL,20190620,14:03,148.00,148.10,147.90,147.90,8312,0
JINDALSTEL,20190620,14:04,147.90,148.20,147.85,148.10,27086,0
JINDALSTEL,20190620,14:05,148.10,148.25,148.05,148.15,9348,0
JINDALSTEL,20190620,14:06,148.05,148.15,147.50,147.50,28531,0
JINDALSTEL,20190620,14:07,147.50,147.60,147.15,147.15,15216,0
JINDALSTEL,20190620,14:08,147.15,147.30,146.85,147.00,28306,0
JINDALSTEL,20190620,14:09,146.90,147.05,146.60,146.65,24253,0
JINDALSTEL,20190620,14:10,146.50,146.95,146.50,146.95,26110,0
JINDALSTEL,20190620,14:11,147.05,147.15,147.00,147.00,18436,0
JINDALSTEL,20190620,14:12,147.00,147.10,146.85,146.85,38238,0
JINDALSTEL,20190620,14:13,146.80,146.80,146.55,146.80,20289,0
JINDALSTEL,20190620,14:14,146.75,146.85,146.35,146.45,34668,0
JINDALSTEL,20190620,14:15,146.35,146.80,146.35,146.80,10513,0
JINDALSTEL,20190620,14:16,146.70,146.85,146.65,146.75,9171,0
JINDALSTEL,20190620,14:17,146.70,147.10,146.70,147.10,27082,0
JINDALSTEL,20190620,14:18,146.95,147.20,146.80,147.20,16748,0
JINDALSTEL,20190620,14:19,147.15,147.20,146.80,146.80,23366,0
JINDALSTEL,20190620,14:20,146.85,147.10,146.85,147.05,6553,0
JINDALSTEL,20190620,14:21,147.05,147.40,147.05,147.20,18613,0
JINDALSTEL,20190620,14:22,147.20,147.25,146.90,147.20,12346,0
JINDALSTEL,20190620,14:23,147.10,147.25,147.05,147.05,8619,0
JINDALSTEL,20190620,14:24,147.10,147.10,146.75,146.75,15498,0
JINDALSTEL,20190620,14:25,146.75,146.80,146.45,146.60,20518,0
JINDALSTEL,20190620,14:26,146.60,146.75,146.35,146.40,55295,0
JINDALSTEL,20190620,14:27,146.30,146.40,146.15,146.30,44888,0
JINDALSTEL,20190620,14:28,146.20,146.50,146.20,146.30,33812,0
JINDALSTEL,20190620,14:29,146.30,146.65,146.30,146.55,18565,0
JINDALSTEL,20190620,14:30,146.65,146.65,146.50,146.50,5963,0
JINDALSTEL,20190620,14:31,146.50,147.10,146.50,146.95,12621,0
JINDALSTEL,20190620,14:32,147.05,147.05,146.20,146.35,51137,0
JINDALSTEL,20190620,14:33,146.30,146.50,146.30,146.50,12128,0
JINDALSTEL,20190620,14:34,146.50,146.50,146.20,146.25,10833,0
JINDALSTEL,20190620,14:35,146.30,146.35,146.20,146.30,9424,0
JINDALSTEL,20190620,14:36,146.30,146.65,146.30,146.60,10079,0
JINDALSTEL,20190620,14:37,146.60,146.80,146.40,146.40,13944,0
JINDALSTEL,20190620,14:38,146.50,146.50,146.35,146.40,7302,0
JINDALSTEL,20190620,14:39,146.45,146.85,146.45,146.80,18057,0
JINDALSTEL,20190620,14:40,146.80,147.00,146.75,146.75,12936,0
JINDALSTEL,20190620,14:41,146.75,146.80,146.70,146.75,10776,0
JINDALSTEL,20190620,14:42,146.80,147.20,146.80,147.10,33348,0
JINDALSTEL,20190620,14:43,147.10,147.50,147.10,147.40,73384,0
JINDALSTEL,20190620,14:44,147.45,147.65,147.30,147.30,67877,0
JINDALSTEL,20190620,14:45,147.25,147.30,146.90,146.90,23473,0
JINDALSTEL,20190620,14:46,147.00,147.10,146.90,147.05,12344,0
JINDALSTEL,20190620,14:47,147.05,147.20,147.00,147.15,14962,0
JINDALSTEL,20190620,14:48,147.15,147.50,147.15,147.30,31737,0
JINDALSTEL,20190620,14:49,147.30,147.45,147.20,147.40,20239,0
JINDALSTEL,20190620,14:50,147.40,147.80,147.30,147.70,69689,0
JINDALSTEL,20190620,14:51,147.70,147.70,147.40,147.40,35033,0
JINDALSTEL,20190620,14:52,147.40,147.90,147.40,147.75,74371,0
JINDALSTEL,20190620,14:53,147.80,147.90,147.50,147.55,27169,0
JINDALSTEL,20190620,14:54,147.55,147.65,147.35,147.35,18222,0
JINDALSTEL,20190620,14:55,147.35,147.35,147.15,147.25,24684,0
JINDALSTEL,20190620,14:56,147.15,147.25,147.10,147.20,19125,0
JINDALSTEL,20190620,14:57,147.15,147.35,147.15,147.20,17159,0
JINDALSTEL,20190620,14:58,146.95,147.00,146.80,146.90,64853,0
JINDALSTEL,20190620,14:59,146.80,147.30,146.80,147.20,33271,0
JINDALSTEL,20190620,15:00,147.30,147.50,147.10,147.45,52177,0
JINDALSTEL,20190620,15:01,147.40,148.15,147.40,148.00,90986,0
JINDALSTEL,20190620,15:02,147.90,147.95,147.70,147.75,47565,0
JINDALSTEL,20190620,15:03,147.80,148.65,147.80,148.40,248841,0
JINDALSTEL,20190620,15:04,148.45,149.50,148.35,149.35,388429,0
JINDALSTEL,20190620,15:05,149.30,149.40,149.00,149.20,135112,0
JINDALSTEL,20190620,15:06,149.20,149.40,149.05,149.30,73166,0
JINDALSTEL,20190620,15:07,149.35,149.35,148.75,148.80,33161,0
JINDALSTEL,20190620,15:08,148.80,149.30,148.65,149.20,91812,0
JINDALSTEL,20190620,15:09,149.30,149.40,148.95,149.00,76444,0
JINDALSTEL,20190620,15:10,149.00,149.05,148.85,148.85,38397,0
JINDALSTEL,20190620,15:11,148.85,149.40,148.65,149.10,170383,0
JINDALSTEL,20190620,15:12,148.95,149.15,148.70,148.70,209066,0
JINDALSTEL,20190620,15:13,148.75,148.80,148.50,148.55,112099,0
JINDALSTEL,20190620,15:14,148.50,148.90,148.50,148.75,44525,0
JINDALSTEL,20190620,15:15,148.65,148.85,148.65,148.75,50791,0
JINDALSTEL,20190620,15:16,148.70,149.10,148.70,148.80,231403,0
JINDALSTEL,20190620,15:17,148.80,148.95,148.45,148.80,213237,0
JINDALSTEL,20190620,15:18,148.80,149.00,148.65,148.75,210383,0
JINDALSTEL,20190620,15:19,148.70,148.90,148.70,148.75,81949,0
JINDALSTEL,20190620,15:20,148.85,148.85,148.65,148.65,43365,0
JINDALSTEL,20190620,15:21,148.65,148.75,148.55,148.60,24399,0
JINDALSTEL,20190620,15:22,148.65,148.90,148.65,148.80,68239,0
JINDALSTEL,20190620,15:23,148.80,148.80,148.65,148.70,114707,0
JINDALSTEL,20190620,15:24,148.75,148.80,148.55,148.75,60053,0
JINDALSTEL,20190620,15:25,148.75,148.80,148.55,148.75,62906,0
JINDALSTEL,20190620,15:26,148.75,149.25,148.60,148.60,178231,0
JINDALSTEL,20190620,15:27,148.60,148.65,148.50,148.50,47809,0
JINDALSTEL,20190620,15:28,148.50,148.70,148.35,148.70,78333,0
JINDALSTEL,20190620,15:29,148.65,148.70,148.45,148.60,78247,0
JINDALSTEL,20190620,15:30,148.60,149.00,148.50,148.80,101779,0
JINDALSTEL,20190620,15:32,148.80,148.80,148.80,148.80,0,0
JINDALSTEL,20190620,15:41,148.80,148.80,148.80,148.80,3001,0
JINDALSTEL,20190620,15:42,148.80,148.80,148.80,148.80,200,0
JINDALSTEL,20190620,15:43,148.80,148.80,148.80,148.80,610,0
JINDALSTEL,20190620,15:44,148.80,148.80,148.80,148.80,320,0
JINDALSTEL,20190620,15:45,148.80,148.80,148.80,148.80,150,0
JINDALSTEL,20190620,15:55,148.80,148.80,148.80,148.80,1,0
JINDALSTEL,20190620,15:56,148.80,148.80,148.80,148.80,300,0
JINDALSTEL,20190620,16:36,148.80,148.80,148.80,148.80,0,0
