CANBK,20180607,09:08,258.3,258.3,258.3,258.3,14108
CANBK,20180607,09:16,259.05,260,258.3,259.9,141773
CANBK,20180607,09:17,259.8,259.8,258.8,259,101395
CANBK,20180607,09:18,259.1,259.5,258.85,259.5,49442
CANBK,20180607,09:19,259.45,259.8,259.3,259.3,59228
CANBK,20180607,09:20,259.2,259.45,258.7,259,63803
CANBK,20180607,09:21,258.8,259.3,258.65,259.05,52359
CANBK,20180607,09:22,259,259.2,258.7,258.7,30364
CANBK,20180607,09:23,258.9,259.15,258.7,259,44380
CANBK,20180607,09:24,259,259.2,258.6,258.6,29469
CANBK,20180607,09:25,258.65,260,258.65,259.9,75183
CANBK,20180607,09:26,259.75,261.4,259.75,261,136208
CANBK,20180607,09:27,261.25,261.35,260.75,261.3,54120
CANBK,20180607,09:28,261.35,261.5,261.15,261.3,63975
CANBK,20180607,09:29,261.35,261.4,260.95,261.15,44797
CANBK,20180607,09:30,261.25,261.9,261.15,261.55,77189
CANBK,20180607,09:31,261.6,261.65,261.1,261.2,30050
CANBK,20180607,09:32,261.15,261.35,260.85,261.15,31640
CANBK,20180607,09:33,261.05,261.15,260.85,260.85,17812
CANBK,20180607,09:34,261,261.1,260.6,260.85,37617
CANBK,20180607,09:35,260.7,260.9,260.45,260.5,29588
CANBK,20180607,09:36,260.65,260.9,260.5,260.7,13443
CANBK,20180607,09:37,260.6,260.7,260.2,260.4,18771
CANBK,20180607,09:38,260.45,260.45,260.2,260.45,13428
CANBK,20180607,09:39,260.45,260.45,259.65,259.65,36524
CANBK,20180607,09:40,259.7,259.85,259.4,259.5,26878
CANBK,20180607,09:41,259.4,259.5,259.2,259.35,30631
CANBK,20180607,09:42,259.3,259.7,259.3,259.5,28755
CANBK,20180607,09:43,259.4,259.5,259.25,259.35,21966
CANBK,20180607,09:44,259.3,259.35,258.75,258.9,51410
CANBK,20180607,09:45,258.95,258.95,258.55,258.55,37759
CANBK,20180607,09:46,258.55,258.7,258.45,258.7,87213
CANBK,20180607,09:47,258.75,259.3,258.65,259.3,43273
CANBK,20180607,09:48,259.3,259.45,259.15,259.4,13940
CANBK,20180607,09:49,259.3,259.5,259.15,259.4,19036
CANBK,20180607,09:50,259.4,259.4,259.1,259.1,11808
CANBK,20180607,09:51,259.25,259.35,259.1,259.1,19184
CANBK,20180607,09:52,258.9,259.05,258.2,258.35,66102
CANBK,20180607,09:53,258.1,258.2,257.7,258.2,75847
CANBK,20180607,09:54,258.25,258.35,258.05,258.2,32422
CANBK,20180607,09:55,258.15,258.3,258,258.1,43859
CANBK,20180607,09:56,258.1,258.2,257.9,258,25276
CANBK,20180607,09:57,257.8,257.95,257.6,257.75,42701
CANBK,20180607,09:58,257.6,258.25,257.6,258.2,36613
CANBK,20180607,09:59,258.15,258.3,257.85,258.25,43581
CANBK,20180607,10:00,258.35,258.85,258.2,258.75,27634
CANBK,20180607,10:01,258.75,258.75,258.4,258.5,11837
CANBK,20180607,10:02,258.35,258.55,258.05,258.05,16260
CANBK,20180607,10:03,258.25,258.55,258.1,258.35,26427
CANBK,20180607,10:04,258.35,258.45,258.15,258.35,13787
CANBK,20180607,10:05,258.3,258.4,258,258.4,15888
CANBK,20180607,10:06,258.4,258.6,258.15,258.5,9204
CANBK,20180607,10:07,258.5,258.8,258.5,258.65,12717
CANBK,20180607,10:08,258.65,258.9,258.5,258.9,12237
CANBK,20180607,10:09,258.95,259.15,258.7,259.15,22567
CANBK,20180607,10:10,259.15,259.4,259,259.1,17315
CANBK,20180607,10:11,259,259,258.7,258.75,9104
CANBK,20180607,10:12,258.8,258.85,258.6,258.6,4875
CANBK,20180607,10:13,258.6,258.8,258.4,258.4,33431
CANBK,20180607,10:14,258.55,258.55,258.2,258.45,9981
CANBK,20180607,10:15,258.35,258.5,258.3,258.3,5283
CANBK,20180607,10:16,258.05,258.35,258,258.2,30489
CANBK,20180607,10:17,258.25,258.25,257.7,257.9,54477
CANBK,20180607,10:18,257.9,258,257.55,257.9,23870
CANBK,20180607,10:19,258.25,258.75,258.25,258.6,13672
CANBK,20180607,10:20,258.55,258.65,258.4,258.4,13861
CANBK,20180607,10:21,258.5,258.65,258.3,258.6,7892
CANBK,20180607,10:22,258.65,259.1,258.55,259,25764
CANBK,20180607,10:23,258.95,259.25,258.85,259.1,16081
CANBK,20180607,10:24,259.1,259.1,258.7,258.7,8239
CANBK,20180607,10:25,258.6,258.75,258.55,258.55,9563
CANBK,20180607,10:26,258.6,258.6,258.35,258.55,9008
CANBK,20180607,10:27,258.4,258.65,258.35,258.6,7565
CANBK,20180607,10:28,258.7,258.75,258.55,258.7,2835
CANBK,20180607,10:29,258.65,258.7,258.55,258.7,4532
CANBK,20180607,10:30,258.65,258.9,258.55,258.9,3913
CANBK,20180607,10:31,258.95,258.95,258.6,258.6,2789
CANBK,20180607,10:32,258.6,258.95,258.6,258.85,5583
CANBK,20180607,10:33,258.85,259,258.6,258.75,12964
CANBK,20180607,10:34,258.65,258.9,258.65,258.9,3421
CANBK,20180607,10:35,258.8,258.85,258.75,258.85,6395
CANBK,20180607,10:36,259.05,259.45,258.95,259.35,23756
CANBK,20180607,10:37,259.3,259.4,259.05,259.2,11494
CANBK,20180607,10:38,259.05,259.45,259.05,259.45,30435
CANBK,20180607,10:39,259.45,259.7,259.4,259.45,24656
CANBK,20180607,10:40,259.55,259.7,259.45,259.55,9948
CANBK,20180607,10:41,259.7,260.75,259.6,260.3,83428
CANBK,20180607,10:42,260.3,260.45,259.8,260.25,30360
CANBK,20180607,10:43,260.2,260.45,260,260.35,14867
CANBK,20180607,10:44,260.45,260.5,260.1,260.5,18173
CANBK,20180607,10:45,260.5,261.85,260.5,261.65,117183
CANBK,20180607,10:46,261.7,262.5,261.5,261.55,135071
CANBK,20180607,10:47,261.6,261.6,261.05,261.45,39592
CANBK,20180607,10:48,261.3,261.55,261.25,261.3,18216
CANBK,20180607,10:49,261.35,261.5,261.1,261.35,28417
CANBK,20180607,10:50,261.35,262.2,261.3,261.75,64138
CANBK,20180607,10:51,261.75,262.15,261.65,261.65,45098
CANBK,20180607,10:52,261.6,261.85,261.35,261.35,24962
CANBK,20180607,10:53,261.35,261.6,261.35,261.5,59683
CANBK,20180607,10:54,261.45,261.9,261.4,261.75,15622
CANBK,20180607,10:55,261.8,261.9,261.5,261.5,20740
CANBK,20180607,10:56,261.65,261.7,261.3,261.5,18203
CANBK,20180607,10:57,261.5,261.75,261.3,261.35,20859
CANBK,20180607,10:58,261.35,262,261.35,261.65,37619
CANBK,20180607,10:59,261.65,261.65,261.3,261.3,15617
CANBK,20180607,11:00,261.3,261.6,261.3,261.4,4111
CANBK,20180607,11:01,261.55,261.9,261.35,261.75,14632
CANBK,20180607,11:02,261.6,262,261.6,261.95,39257
CANBK,20180607,11:03,262,262,261.6,261.7,27674
CANBK,20180607,11:04,261.65,261.65,261.4,261.5,22325
CANBK,20180607,11:05,261.5,261.6,261.4,261.5,7861
CANBK,20180607,11:06,261.45,261.5,261.2,261.2,18909
CANBK,20180607,11:07,261.45,261.5,261.1,261.25,22090
CANBK,20180607,11:08,261.4,261.4,261.2,261.35,20852
CANBK,20180607,11:09,261.35,261.55,261.2,261.4,24122
CANBK,20180607,11:10,261.3,261.4,260.1,260.35,52711
CANBK,20180607,11:11,260.3,261.15,260.3,260.5,49391
CANBK,20180607,11:12,260.5,260.8,260.45,260.65,9107
CANBK,20180607,11:13,260.75,260.8,260.5,260.5,21221
CANBK,20180607,11:14,260.5,260.55,260.2,260.45,27341
CANBK,20180607,11:15,260.45,260.6,260.35,260.55,12385
CANBK,20180607,11:16,260.5,260.5,260.1,260.15,25396
CANBK,20180607,11:17,260.15,260.45,260,260,46843
CANBK,20180607,11:18,260,260.2,260,260.2,15252
CANBK,20180607,11:19,260.2,260.5,260.05,260.5,16943
CANBK,20180607,11:20,260.8,260.8,260.5,260.65,17248
CANBK,20180607,11:21,260.65,260.65,260.5,260.55,13246
CANBK,20180607,11:22,260.65,260.75,260.6,260.75,8070
CANBK,20180607,11:23,260.75,261,260.75,261,21346
CANBK,20180607,11:24,260.95,261,260.4,260.5,15233
CANBK,20180607,11:25,260.15,260.4,259.9,260.35,52824
CANBK,20180607,11:26,260.3,260.3,259.6,259.65,36131
CANBK,20180607,11:27,259.65,260,259.6,259.9,15287
CANBK,20180607,11:28,259.9,260.3,259.9,260,11716
CANBK,20180607,11:29,260,260.15,259.95,260.1,10709
CANBK,20180607,11:30,260,260.7,259.9,260.15,48033
CANBK,20180607,11:31,260.2,260.5,260.2,260.45,8076
CANBK,20180607,11:32,260.5,260.75,260.1,260.1,16264
CANBK,20180607,11:33,260.1,260.35,260.1,260.35,13018
CANBK,20180607,11:34,260.35,260.4,260.15,260.3,8001
CANBK,20180607,11:35,260.25,260.45,260.25,260.4,7937
CANBK,20180607,11:36,260.4,260.65,260.25,260.4,18238
CANBK,20180607,11:37,260.4,260.95,260.4,260.9,28992
CANBK,20180607,11:38,260.85,261.15,260.7,260.85,36923
CANBK,20180607,11:39,260.9,260.9,260.6,260.9,12445
CANBK,20180607,11:40,260.85,260.95,260.75,260.9,6891
CANBK,20180607,11:41,260.85,261,260.8,260.9,10449
CANBK,20180607,11:42,260.75,260.95,260.6,260.7,8353
CANBK,20180607,11:43,260.5,260.7,260.35,260.6,19964
CANBK,20180607,11:44,260.6,260.6,260.4,260.4,7637
CANBK,20180607,11:45,260.4,260.6,260.15,260.15,8648
CANBK,20180607,11:46,260.2,260.4,260.15,260.2,8918
CANBK,20180607,11:47,260.3,260.55,260.2,260.4,8940
CANBK,20180607,11:48,260.4,260.75,260.4,260.75,6750
CANBK,20180607,11:49,260.7,260.7,260.5,260.6,5061
CANBK,20180607,11:50,260.6,261,260.6,261,17508
CANBK,20180607,11:51,261.05,261.2,261,261,7890
CANBK,20180607,11:52,261.05,261.1,260.7,261.1,12192
CANBK,20180607,11:53,261.1,261.25,261.1,261.25,5436
CANBK,20180607,11:54,261.2,261.35,261.2,261.3,8999
CANBK,20180607,11:55,261.3,261.3,261.1,261.2,8707
CANBK,20180607,11:56,261.4,261.4,261,261.05,11920
CANBK,20180607,11:57,261.05,261.25,261.05,261.2,7579
CANBK,20180607,11:58,261.2,261.8,261.2,261.2,43673
CANBK,20180607,11:59,261.2,261.4,261.1,261.2,13532
CANBK,20180607,12:00,261.25,261.45,261.25,261.45,4478
CANBK,20180607,12:01,261.45,261.6,261,261.35,32776
CANBK,20180607,12:02,261.35,261.35,260.95,260.95,8924
CANBK,20180607,12:03,261,261.1,260.85,261,26578
CANBK,20180607,12:04,260.8,261.2,260.8,261.2,9406
CANBK,20180607,12:05,261.2,261.3,261.05,261.15,8604
CANBK,20180607,12:06,261.1,261.1,260.75,260.75,18993
CANBK,20180607,12:07,260.75,260.85,260.75,260.85,23662
CANBK,20180607,12:08,260.95,261.15,260.95,261,13426
CANBK,20180607,12:09,261,261.5,261,261.4,8527
CANBK,20180607,12:10,261.45,261.5,261.35,261.35,15172
CANBK,20180607,12:11,261.45,261.45,261.05,261.2,10453
CANBK,20180607,12:12,261.2,261.3,261.1,261.2,7309
CANBK,20180607,12:13,261.1,261.3,261.1,261.3,4655
CANBK,20180607,12:14,261.25,261.3,261.1,261.15,17984
CANBK,20180607,12:15,261.15,261.25,261.15,261.2,2881
CANBK,20180607,12:16,261.25,261.45,261.2,261.45,15899
CANBK,20180607,12:17,261.4,261.6,261.4,261.6,12172
CANBK,20180607,12:18,261.6,261.65,261.4,261.45,13540
CANBK,20180607,12:19,261.5,261.55,261.4,261.45,3367
CANBK,20180607,12:20,261.45,261.45,261.3,261.4,5944
CANBK,20180607,12:21,261.35,261.45,261.35,261.45,4153
CANBK,20180607,12:22,261.5,261.8,261.5,261.6,26256
CANBK,20180607,12:23,261.7,261.7,261.3,261.35,8200
CANBK,20180607,12:24,261.35,261.7,261.35,261.55,7951
CANBK,20180607,12:25,261.55,261.85,261.5,261.7,19950
CANBK,20180607,12:26,261.75,261.85,261.65,261.8,6656
CANBK,20180607,12:27,261.85,261.85,261.65,261.7,5513
CANBK,20180607,12:28,261.7,261.95,261.7,261.95,29758
CANBK,20180607,12:29,261.9,262.2,261.8,261.85,62498
CANBK,20180607,12:30,261.95,262,261.85,261.95,13596
CANBK,20180607,12:31,261.95,261.95,261.6,261.6,8876
CANBK,20180607,12:32,261.7,261.9,261.6,261.9,14162
CANBK,20180607,12:33,261.95,261.95,261.8,261.8,5775
CANBK,20180607,12:34,261.85,261.9,261.65,261.9,13025
CANBK,20180607,12:35,261.75,261.85,261.6,261.7,6488
CANBK,20180607,12:36,261.45,261.75,261.45,261.65,23562
CANBK,20180607,12:37,261.65,261.75,261.65,261.65,8017
CANBK,20180607,12:38,261.7,261.7,261.3,261.4,16497
CANBK,20180607,12:39,261.4,261.5,261.4,261.45,4479
CANBK,20180607,12:40,261.45,261.75,261.4,261.45,6993
CANBK,20180607,12:41,261.5,261.5,261.4,261.5,3850
CANBK,20180607,12:42,261.6,262,261.55,262,26418
CANBK,20180607,12:43,261.85,262,261.55,261.55,29048
CANBK,20180607,12:44,261.6,261.9,261.35,261.9,20311
CANBK,20180607,12:45,262,262.9,262,262.05,134139
CANBK,20180607,12:46,262.1,262.5,261.55,262.5,30977
CANBK,20180607,12:47,262.5,262.5,261.9,262,22940
CANBK,20180607,12:48,262.1,262.2,262,262.15,7879
CANBK,20180607,12:49,262.15,263.5,262.15,263.25,149615
CANBK,20180607,12:50,263.25,263.7,262.7,263.1,114931
CANBK,20180607,12:51,263,263.25,262.95,263.25,36178
CANBK,20180607,12:52,263.25,263.5,263.15,263.35,34605
CANBK,20180607,12:53,263.4,263.5,263.2,263.45,30791
CANBK,20180607,12:54,263.25,263.35,262.8,263.15,31898
CANBK,20180607,12:55,263.05,264.35,263.05,264,127174
CANBK,20180607,12:56,264,264.15,263.5,263.7,22994
CANBK,20180607,12:57,263.55,263.7,263.2,263.3,26992
CANBK,20180607,12:58,263.4,263.5,263.05,263.2,23937
CANBK,20180607,12:59,263.2,263.3,263,263.1,15563
CANBK,20180607,13:00,263.1,263.3,263.05,263.2,15001
CANBK,20180607,13:01,263.2,263.45,263.2,263.45,8398
CANBK,20180607,13:02,263.45,263.65,263.4,263.45,31753
CANBK,20180607,13:03,263.5,263.75,263.45,263.7,23120
CANBK,20180607,13:04,263.7,263.8,263.5,263.7,12443
CANBK,20180607,13:05,263.75,263.75,263.5,263.5,19060
CANBK,20180607,13:06,263.45,263.5,263.2,263.4,10662
CANBK,20180607,13:07,263.4,263.4,263.1,263.2,17035
CANBK,20180607,13:08,263.2,263.2,263.05,263.15,8017
CANBK,20180607,13:09,263.15,263.3,263.1,263.25,10871
CANBK,20180607,13:10,263.2,263.4,263.1,263.2,8810
CANBK,20180607,13:11,263.1,263.4,263.1,263.3,7120
CANBK,20180607,13:12,263.3,263.3,262.95,263.1,34217
CANBK,20180607,13:13,263.1,263.15,262.8,263.1,26655
CANBK,20180607,13:14,263.2,263.4,263.1,263.35,3647
CANBK,20180607,13:15,263.45,263.65,263.35,263.6,22339
CANBK,20180607,13:16,263.6,263.8,263.3,263.45,20314
CANBK,20180607,13:17,263.45,263.6,263.3,263.5,9258
CANBK,20180607,13:18,263.4,263.5,263.1,263.1,17697
CANBK,20180607,13:19,263.15,263.4,263.1,263.35,6488
CANBK,20180607,13:20,263.4,263.9,263.4,263.8,21484
CANBK,20180607,13:21,263.85,263.85,263.4,263.65,20209
CANBK,20180607,13:22,263.7,263.7,263.25,263.35,10386
CANBK,20180607,13:23,263.3,263.5,263.2,263.45,10838
CANBK,20180607,13:24,263.5,263.6,263.1,263.1,18445
CANBK,20180607,13:25,263.1,263.4,263,263.15,16204
CANBK,20180607,13:26,263.2,263.4,263.15,263.2,12815
CANBK,20180607,13:27,263.2,263.45,263.2,263.25,9242
CANBK,20180607,13:28,263.3,263.5,263.2,263.3,7528
CANBK,20180607,13:29,263.3,263.6,263.25,263.25,8485
CANBK,20180607,13:30,263.35,263.35,262.8,262.8,24802
CANBK,20180607,13:31,262.8,262.9,262.5,262.6,64117
CANBK,20180607,13:32,262.5,262.75,262.35,262.35,20643
CANBK,20180607,13:33,262.35,262.8,262.25,262.65,22564
CANBK,20180607,13:34,262.65,262.95,262.6,262.8,18353
CANBK,20180607,13:35,262.95,263.2,262.75,262.75,35281
CANBK,20180607,13:36,262.95,263.15,262.75,262.85,8642
CANBK,20180607,13:37,262.8,263.05,262.6,262.75,15665
CANBK,20180607,13:38,262.8,263.15,262.65,263,13104
CANBK,20180607,13:39,263,263.6,262.95,263.55,35565
CANBK,20180607,13:40,263.4,263.6,263.15,263.5,6793
CANBK,20180607,13:41,263.35,263.4,263.15,263.25,12503
CANBK,20180607,13:42,263.05,263.25,263,263.05,9263
CANBK,20180607,13:43,263.1,263.3,263,263,12568
CANBK,20180607,13:44,263,263.1,262.6,262.6,13771
CANBK,20180607,13:45,262.7,263,262.55,262.75,7635
CANBK,20180607,13:46,262.9,263,262.75,263,8039
CANBK,20180607,13:47,263,263.2,262.85,262.9,17142
CANBK,20180607,13:48,262.95,263.05,262.9,262.95,7512
CANBK,20180607,13:49,263,263.2,262.85,263,8833
CANBK,20180607,13:50,263,263.15,263,263,5864
CANBK,20180607,13:51,263,263.15,262.9,263.05,10150
CANBK,20180607,13:52,263.05,263.25,263.05,263.15,8562
CANBK,20180607,13:53,263.15,263.35,263.15,263.25,11841
CANBK,20180607,13:54,263.2,263.8,263.2,263.6,43788
CANBK,20180607,13:55,263.55,264.25,263.55,263.75,67970
CANBK,20180607,13:56,263.65,263.85,263.45,263.65,11386
CANBK,20180607,13:57,263.6,263.85,263.55,263.65,13211
CANBK,20180607,13:58,263.6,263.65,263.35,263.45,12448
CANBK,20180607,13:59,263.4,263.9,263.35,263.75,15539
CANBK,20180607,14:00,263.75,263.95,263.75,263.95,10245
CANBK,20180607,14:01,264.05,265.25,263.95,264.65,221528
CANBK,20180607,14:02,264.75,264.9,264.3,264.35,26538
CANBK,20180607,14:03,264.35,264.8,264.35,264.6,36578
CANBK,20180607,14:04,264.6,264.85,264.6,264.8,26552
CANBK,20180607,14:05,264.75,264.85,264.4,264.45,17998
CANBK,20180607,14:06,264.45,265,264.45,264.9,32148
CANBK,20180607,14:07,264.9,265.45,264.9,265.25,49179
CANBK,20180607,14:08,265.25,265.5,265.25,265.3,34304
CANBK,20180607,14:09,265.35,266.45,265.35,266.4,125055
CANBK,20180607,14:10,266.3,267.75,266.1,267.05,164135
CANBK,20180607,14:11,267,267.4,266.65,266.8,94035
CANBK,20180607,14:12,266.6,266.9,266.5,266.5,50578
CANBK,20180607,14:13,266.5,266.6,266.3,266.3,52238
CANBK,20180607,14:14,266.5,266.9,266.3,266.8,49571
CANBK,20180607,14:15,266.85,267.4,266.85,267.15,70136
CANBK,20180607,14:16,267.2,268,267.15,267.85,83289
CANBK,20180607,14:17,267.8,268.3,267.6,267.9,95670
CANBK,20180607,14:18,267.9,268.35,267.7,268.2,49895
CANBK,20180607,14:19,267.85,268.1,267.65,267.8,29978
CANBK,20180607,14:20,267.7,267.95,267.3,267.3,44571
CANBK,20180607,14:21,267.25,268.2,267.2,268,94964
CANBK,20180607,14:22,268,270.8,267.85,270.25,316044
CANBK,20180607,14:23,270.35,271.75,270.05,270.7,374085
CANBK,20180607,14:24,270.7,271.35,270.2,270.95,155219
CANBK,20180607,14:25,270.75,270.95,270.5,270.5,46976
CANBK,20180607,14:26,270.45,271,270.35,270.4,54407
CANBK,20180607,14:27,270.4,270.5,269.85,270.1,85139
CANBK,20180607,14:28,269.95,270.4,269.95,270.15,35176
CANBK,20180607,14:29,270,270.2,269.7,269.75,31660
CANBK,20180607,14:30,269.7,269.95,269.6,269.8,17065
CANBK,20180607,14:31,269.85,270,269.7,269.75,21543
CANBK,20180607,14:32,269.7,269.8,269.4,269.5,49898
CANBK,20180607,14:33,269.55,269.8,269.5,269.65,28221
CANBK,20180607,14:34,269.65,269.9,269.5,269.75,28032
CANBK,20180607,14:35,269.75,269.95,268.4,268.4,68250
CANBK,20180607,14:36,268.6,268.8,268.15,268.35,81569
CANBK,20180607,14:37,268.55,268.95,268.4,268.55,49680
CANBK,20180607,14:38,268.5,268.9,268.1,268.35,51909
CANBK,20180607,14:39,268.5,268.7,268.3,268.5,18685
CANBK,20180607,14:40,268.45,268.5,268,268.4,29608
CANBK,20180607,14:41,268.35,269.25,268.35,269.2,81735
CANBK,20180607,14:42,269.15,269.65,269.05,269.4,38228
CANBK,20180607,14:43,269.6,270.55,269.4,270.4,113693
CANBK,20180607,14:44,270.95,271.5,270.65,270.8,157803
CANBK,20180607,14:45,270.95,272.8,270.75,272.8,235253
CANBK,20180607,14:46,272.7,272.8,271.85,271.95,110479
CANBK,20180607,14:47,271.9,272.15,271.8,272.05,64042
CANBK,20180607,14:48,272.1,272.4,271.6,272.2,79632
CANBK,20180607,14:49,272.25,272.4,272,272.2,41335
CANBK,20180607,14:50,272.05,272.2,271.7,272,46302
CANBK,20180607,14:51,272,273.45,272,273.35,126795
CANBK,20180607,14:52,273.45,274.5,273.45,274,215136
CANBK,20180607,14:53,274,274.3,273.5,274.15,95308
CANBK,20180607,14:54,274.3,274.3,273.6,273.7,87990
CANBK,20180607,14:55,273.7,273.7,272.8,273.05,73308
CANBK,20180607,14:56,273.35,273.45,272.55,272.55,39065
CANBK,20180607,14:57,272.55,272.85,272.4,272.55,56099
CANBK,20180607,14:58,272.5,272.5,272.2,272.3,47049
CANBK,20180607,14:59,272.35,272.95,272.25,272.7,42401
CANBK,20180607,15:00,272.95,273,272.7,273,38347
CANBK,20180607,15:01,273.15,273.5,272.75,273,51954
CANBK,20180607,15:02,273,273.1,272.4,272.5,33963
CANBK,20180607,15:03,272.5,272.5,271.6,271.95,125026
CANBK,20180607,15:04,271.75,272.2,271.2,271.55,75417
CANBK,20180607,15:05,271.5,271.75,271.25,271.25,59522
CANBK,20180607,15:06,271.4,271.4,270.8,271,84418
CANBK,20180607,15:07,270.85,271.8,270.85,271.5,53320
CANBK,20180607,15:08,271.5,271.5,271,271.3,40337
CANBK,20180607,15:09,271.1,271.3,271,271.25,43404
CANBK,20180607,15:10,271.25,271.6,271.1,271.6,25372
CANBK,20180607,15:11,271.6,272,271.55,271.9,55735
CANBK,20180607,15:12,271.9,272.5,271.7,272.3,65083
CANBK,20180607,15:13,272.4,272.4,271.8,271.95,52519
CANBK,20180607,15:14,271.85,272.15,271.8,271.9,38038
CANBK,20180607,15:15,272,272.5,271.9,272.25,58891
CANBK,20180607,15:16,272.3,273,271.9,272.85,131832
CANBK,20180607,15:17,272.8,273.25,272.3,273.05,87939
CANBK,20180607,15:18,273.05,273.3,272.8,273,48158
CANBK,20180607,15:19,273,273.25,272.65,272.95,87940
CANBK,20180607,15:20,272.95,273,272.3,272.3,39530
CANBK,20180607,15:21,272.4,272.85,272,272.55,99390
CANBK,20180607,15:22,272.55,272.95,272.4,272.45,60775
CANBK,20180607,15:23,272.4,272.85,272,272.3,50610
CANBK,20180607,15:24,272.3,273.7,272.3,273.45,171141
CANBK,20180607,15:25,273.25,273.5,272.55,272.6,28795
CANBK,20180607,15:26,272.65,272.75,272.5,272.75,27074
CANBK,20180607,15:27,272.5,272.95,272.5,272.75,25905
CANBK,20180607,15:28,272.6,272.9,272.5,272.5,46681
CANBK,20180607,15:29,272.5,272.5,272.3,272.5,19435
CANBK,20180607,15:30,272.5,273,272.4,272.85,23871
CANBK,20180607,15:31,272.3,272.3,272.3,272.3,1
CANBK,20180607,15:41,272.3,272.85,272.3,272.3,1294
CANBK,20180607,15:42,272.3,272.3,272.3,272.3,148
CANBK,20180607,15:43,272.3,272.85,272.3,272.3,227
CANBK,20180607,15:44,272.85,272.85,272.3,272.3,300
CANBK,20180607,15:45,272.3,272.3,272.3,272.3,17
CANBK,20180607,15:46,272.3,272.3,272.3,272.3,10
CANBK,20180607,15:48,272.3,272.3,272.3,272.3,5
CANBK,20180607,15:49,272.3,272.3,272.3,272.3,2
CANBK,20180607,15:51,272.3,272.3,272.3,272.3,3
CANBK,20180607,15:54,272.3,272.3,272.3,272.3,50
CANBK,20180607,15:59,272.3,272.85,272.3,272.85,5
CANBK,20180607,16:00,272.85,272.85,272.85,272.85,1
CANBK,20180607,16:36,272.3,272.3,272.3,272.3,1
