ASIANPAINT_F1,20200420,09:16,1752.60,1753.70,1736.25,1744.40,34200,5568000
ASIANPAINT_F1,20200420,09:17,1748.45,1748.45,1738.00,1738.00,9000,5568000
ASIANPAINT_F1,20200420,09:18,1738.75,1740.50,1733.60,1740.50,16200,5574000
ASIANPAINT_F1,20200420,09:19,1744.35,1744.35,1737.05,1737.05,14400,5574000
ASIANPAINT_F1,20200420,09:20,1735.70,1742.00,1735.70,1740.00,13200,5574000
ASIANPAINT_F1,20200420,09:21,1738.55,1741.20,1738.05,1739.15,16200,5575800
ASIANPAINT_F1,20200420,09:22,1738.05,1739.60,1735.00,1736.45,18600,5575800
ASIANPAINT_F1,20200420,09:23,1736.50,1736.50,1732.90,1734.10,13200,5575800
ASIANPAINT_F1,20200420,09:24,1733.05,1735.00,1731.65,1731.65,7800,5593200
ASIANPAINT_F1,20200420,09:25,1731.85,1735.75,1731.45,1735.35,9600,5593200
ASIANPAINT_F1,20200420,09:26,1736.00,1737.80,1734.05,1737.00,26400,5593200
ASIANPAINT_F1,20200420,09:27,1737.70,1742.10,1736.60,1740.30,21600,5595000
ASIANPAINT_F1,20200420,09:28,1741.15,1744.50,1738.35,1744.50,9600,5595000
ASIANPAINT_F1,20200420,09:29,1740.70,1744.20,1740.70,1742.85,7200,5595000
ASIANPAINT_F1,20200420,09:30,1742.50,1744.25,1741.55,1744.25,6000,5601600
ASIANPAINT_F1,20200420,09:31,1743.65,1747.00,1743.65,1746.60,9600,5601600
ASIANPAINT_F1,20200420,09:32,1745.55,1746.50,1743.15,1743.15,6600,5601600
ASIANPAINT_F1,20200420,09:33,1743.55,1743.70,1742.00,1742.00,4200,5604600
ASIANPAINT_F1,20200420,09:34,1743.00,1743.50,1740.25,1742.20,6600,5604600
ASIANPAINT_F1,20200420,09:35,1741.30,1741.30,1739.70,1739.70,3000,5604600
ASIANPAINT_F1,20200420,09:36,1738.85,1738.85,1734.30,1736.20,7800,5592000
ASIANPAINT_F1,20200420,09:37,1736.65,1737.45,1734.95,1735.25,7200,5592000
ASIANPAINT_F1,20200420,09:38,1732.80,1733.05,1727.00,1727.95,48600,5592000
ASIANPAINT_F1,20200420,09:39,1729.20,1729.25,1727.70,1728.15,15000,5602800
ASIANPAINT_F1,20200420,09:40,1728.20,1730.80,1728.20,1729.10,12000,5602800
ASIANPAINT_F1,20200420,09:41,1732.70,1738.10,1732.70,1738.10,15000,5602800
ASIANPAINT_F1,20200420,09:42,1738.55,1740.00,1734.00,1734.00,7200,5614200
ASIANPAINT_F1,20200420,09:43,1735.00,1736.55,1734.00,1735.00,4200,5614200
ASIANPAINT_F1,20200420,09:44,1736.20,1737.85,1736.20,1737.20,7200,5614200
ASIANPAINT_F1,20200420,09:45,1738.20,1739.00,1738.00,1738.50,3600,5619000
ASIANPAINT_F1,20200420,09:46,1736.10,1738.90,1736.10,1736.10,4800,5619000
ASIANPAINT_F1,20200420,09:47,1739.00,1743.00,1739.00,1743.00,6000,5619000
ASIANPAINT_F1,20200420,09:48,1743.00,1743.00,1740.75,1742.50,4800,5622600
ASIANPAINT_F1,20200420,09:49,1741.00,1741.00,1740.00,1740.00,1800,5622600
ASIANPAINT_F1,20200420,09:50,1738.30,1739.70,1738.30,1738.80,1800,5622600
ASIANPAINT_F1,20200420,09:51,1741.75,1743.65,1741.75,1741.90,6000,5598600
ASIANPAINT_F1,20200420,09:52,1742.50,1743.85,1742.05,1742.70,4200,5598600
ASIANPAINT_F1,20200420,09:53,1743.50,1746.00,1743.40,1743.70,4800,5598600
ASIANPAINT_F1,20200420,09:54,1742.70,1745.20,1741.70,1741.70,3600,5596800
ASIANPAINT_F1,20200420,09:55,1741.60,1741.60,1738.55,1738.55,4200,5596800
ASIANPAINT_F1,20200420,09:56,1736.15,1738.30,1736.15,1737.00,4200,5596800
ASIANPAINT_F1,20200420,09:57,1736.55,1737.90,1735.85,1737.65,4200,5598000
ASIANPAINT_F1,20200420,09:58,1735.90,1737.70,1735.65,1737.70,7800,5598000
ASIANPAINT_F1,20200420,09:59,1738.30,1740.95,1738.30,1740.05,3600,5598000
ASIANPAINT_F1,20200420,10:00,1738.60,1738.60,1736.45,1736.45,2400,5602800
ASIANPAINT_F1,20200420,10:01,1739.65,1739.65,1737.20,1738.35,4200,5602800
ASIANPAINT_F1,20200420,10:02,1739.00,1742.95,1739.00,1742.95,8400,5602800
ASIANPAINT_F1,20200420,10:03,1743.45,1743.45,1741.00,1741.00,4800,5608800
ASIANPAINT_F1,20200420,10:04,1743.00,1743.25,1743.00,1743.25,1800,5608800
ASIANPAINT_F1,20200420,10:05,1741.15,1743.00,1741.15,1741.50,3600,5608800
ASIANPAINT_F1,20200420,10:06,1742.75,1742.75,1740.95,1741.90,2400,5610600
ASIANPAINT_F1,20200420,10:07,1742.00,1742.85,1741.05,1742.10,4800,5610600
ASIANPAINT_F1,20200420,10:08,1741.00,1741.00,1738.65,1740.80,6000,5610600
ASIANPAINT_F1,20200420,10:09,1739.30,1739.30,1737.00,1737.00,4200,5616000
ASIANPAINT_F1,20200420,10:10,1737.00,1738.05,1737.00,1737.10,3600,5616000
ASIANPAINT_F1,20200420,10:11,1737.65,1737.65,1734.00,1734.00,13800,5616000
ASIANPAINT_F1,20200420,10:12,1735.00,1736.95,1735.00,1736.95,3000,5614800
ASIANPAINT_F1,20200420,10:13,1735.75,1737.50,1735.75,1737.00,5400,5614800
ASIANPAINT_F1,20200420,10:14,1736.25,1738.00,1736.25,1738.00,2400,5614800
ASIANPAINT_F1,20200420,10:15,1737.85,1738.85,1737.85,1737.85,3000,5616600
ASIANPAINT_F1,20200420,10:16,1739.00,1739.00,1737.20,1737.20,4200,5616600
ASIANPAINT_F1,20200420,10:18,1736.55,1736.55,1736.10,1736.45,2400,5619000
ASIANPAINT_F1,20200420,10:19,1736.00,1736.00,1736.00,1736.00,3600,5619000
ASIANPAINT_F1,20200420,10:20,1736.50,1736.50,1735.70,1735.70,1200,5619000
ASIANPAINT_F1,20200420,10:21,1735.25,1735.35,1735.00,1735.35,2400,5621400
ASIANPAINT_F1,20200420,10:22,1735.35,1736.50,1735.35,1735.80,3000,5621400
ASIANPAINT_F1,20200420,10:23,1735.80,1736.50,1735.00,1735.95,4800,5621400
ASIANPAINT_F1,20200420,10:24,1736.20,1736.20,1736.20,1736.20,1200,5623800
ASIANPAINT_F1,20200420,10:25,1736.40,1736.40,1736.40,1736.40,600,5623800
ASIANPAINT_F1,20200420,10:26,1736.20,1736.20,1735.00,1735.00,7200,5623800
ASIANPAINT_F1,20200420,10:27,1736.05,1736.90,1735.40,1736.90,2400,5626200
ASIANPAINT_F1,20200420,10:28,1735.05,1735.05,1735.05,1735.05,600,5626200
ASIANPAINT_F1,20200420,10:29,1736.00,1736.00,1735.90,1736.00,1800,5626200
ASIANPAINT_F1,20200420,10:30,1737.75,1737.80,1736.55,1736.55,7800,5627400
ASIANPAINT_F1,20200420,10:31,1737.00,1737.80,1735.75,1735.75,4800,5627400
ASIANPAINT_F1,20200420,10:32,1735.65,1737.10,1735.65,1737.10,1800,5627400
ASIANPAINT_F1,20200420,10:33,1736.00,1736.85,1735.50,1735.50,3000,5619000
ASIANPAINT_F1,20200420,10:34,1736.90,1736.90,1736.90,1736.90,600,5619000
ASIANPAINT_F1,20200420,10:35,1735.95,1735.95,1735.50,1735.50,3600,5619000
ASIANPAINT_F1,20200420,10:36,1736.30,1736.30,1733.80,1733.80,7800,5620200
ASIANPAINT_F1,20200420,10:37,1734.00,1735.00,1732.75,1735.00,10800,5620200
ASIANPAINT_F1,20200420,10:38,1734.00,1735.00,1730.00,1730.00,12600,5620200
ASIANPAINT_F1,20200420,10:39,1729.10,1731.00,1729.10,1731.00,7200,5625000
ASIANPAINT_F1,20200420,10:40,1731.00,1733.40,1731.00,1731.50,5400,5625000
ASIANPAINT_F1,20200420,10:41,1732.05,1732.20,1731.50,1732.20,2400,5625000
ASIANPAINT_F1,20200420,10:42,1733.00,1733.00,1733.00,1733.00,600,5625000
ASIANPAINT_F1,20200420,10:43,1733.80,1733.80,1733.35,1733.35,1200,5632200
ASIANPAINT_F1,20200420,10:44,1733.00,1734.05,1733.00,1733.00,6000,5632200
ASIANPAINT_F1,20200420,10:45,1733.45,1733.95,1732.95,1732.95,3600,5635200
ASIANPAINT_F1,20200420,10:46,1733.90,1734.20,1732.85,1732.85,12600,5635200
ASIANPAINT_F1,20200420,10:47,1732.45,1734.05,1732.45,1733.15,3600,5635200
ASIANPAINT_F1,20200420,10:48,1733.15,1733.15,1731.30,1731.30,1800,5640000
ASIANPAINT_F1,20200420,10:49,1731.95,1733.00,1731.70,1731.70,1800,5640000
ASIANPAINT_F1,20200420,10:50,1732.35,1732.40,1732.35,1732.40,1200,5640000
ASIANPAINT_F1,20200420,10:51,1732.00,1732.00,1731.00,1731.00,2400,5643600
ASIANPAINT_F1,20200420,10:52,1731.00,1731.00,1730.00,1730.00,3000,5643600
ASIANPAINT_F1,20200420,10:53,1730.00,1730.65,1728.85,1728.85,7800,5643600
ASIANPAINT_F1,20200420,10:54,1729.00,1731.00,1729.00,1731.00,3600,5647800
ASIANPAINT_F1,20200420,10:55,1731.00,1731.00,1731.00,1731.00,1200,5647800
ASIANPAINT_F1,20200420,10:56,1730.90,1732.00,1730.75,1730.75,3000,5647800
ASIANPAINT_F1,20200420,10:57,1731.90,1732.10,1731.05,1731.60,3000,5650800
ASIANPAINT_F1,20200420,10:58,1731.60,1732.60,1731.00,1731.85,4800,5650800
ASIANPAINT_F1,20200420,10:59,1732.00,1732.00,1732.00,1732.00,600,5650800
ASIANPAINT_F1,20200420,11:00,1733.60,1733.60,1732.05,1732.05,7200,5649600
ASIANPAINT_F1,20200420,11:01,1733.70,1736.00,1733.70,1736.00,7200,5649600
ASIANPAINT_F1,20200420,11:02,1736.00,1736.00,1736.00,1736.00,1200,5649600
ASIANPAINT_F1,20200420,11:03,1734.90,1738.00,1734.90,1738.00,2400,5650800
ASIANPAINT_F1,20200420,11:04,1738.15,1738.15,1736.85,1737.60,1800,5650800
ASIANPAINT_F1,20200420,11:05,1737.95,1737.95,1736.80,1736.80,1800,5650800
ASIANPAINT_F1,20200420,11:06,1737.35,1737.95,1736.50,1736.50,4200,5652600
ASIANPAINT_F1,20200420,11:07,1736.80,1736.80,1736.50,1736.60,1800,5652600
ASIANPAINT_F1,20200420,11:08,1737.00,1737.00,1737.00,1737.00,1200,5652600
ASIANPAINT_F1,20200420,11:09,1736.10,1736.10,1736.10,1736.10,2400,5652000
ASIANPAINT_F1,20200420,11:10,1736.20,1736.20,1736.10,1736.10,2400,5652000
ASIANPAINT_F1,20200420,11:11,1735.95,1735.95,1735.30,1735.55,3000,5652000
ASIANPAINT_F1,20200420,11:12,1735.05,1736.90,1735.05,1735.35,2400,5652000
ASIANPAINT_F1,20200420,11:13,1734.80,1735.75,1734.80,1735.50,1800,5655000
ASIANPAINT_F1,20200420,11:14,1734.15,1734.15,1733.40,1733.40,1200,5655000
ASIANPAINT_F1,20200420,11:15,1734.50,1734.50,1733.85,1733.85,2400,5658000
ASIANPAINT_F1,20200420,11:16,1732.90,1732.90,1730.00,1731.30,6600,5658000
ASIANPAINT_F1,20200420,11:17,1731.50,1731.50,1731.50,1731.50,600,5658000
ASIANPAINT_F1,20200420,11:18,1731.70,1732.25,1731.35,1731.35,1800,5661000
ASIANPAINT_F1,20200420,11:19,1730.60,1733.85,1730.60,1733.85,4800,5661000
ASIANPAINT_F1,20200420,11:20,1733.75,1735.45,1733.75,1735.45,1800,5661000
ASIANPAINT_F1,20200420,11:21,1735.00,1735.50,1735.00,1735.30,1800,5664600
ASIANPAINT_F1,20200420,11:22,1734.25,1735.10,1734.15,1735.10,4200,5664600
ASIANPAINT_F1,20200420,11:23,1734.90,1734.90,1731.70,1731.70,2400,5664600
ASIANPAINT_F1,20200420,11:24,1732.00,1732.00,1730.45,1730.45,3600,5668800
ASIANPAINT_F1,20200420,11:25,1730.45,1730.45,1727.00,1727.30,18000,5668800
ASIANPAINT_F1,20200420,11:26,1727.15,1729.10,1727.05,1729.10,4800,5668800
ASIANPAINT_F1,20200420,11:27,1731.00,1731.50,1729.25,1729.25,4200,5682000
ASIANPAINT_F1,20200420,11:28,1730.00,1730.00,1729.00,1729.00,3000,5682000
ASIANPAINT_F1,20200420,11:29,1729.60,1730.00,1728.65,1729.60,8400,5682000
ASIANPAINT_F1,20200420,11:30,1729.30,1729.30,1729.30,1729.30,6000,5682000
ASIANPAINT_F1,20200420,11:31,1729.25,1730.10,1729.25,1730.10,1800,5680800
ASIANPAINT_F1,20200420,11:32,1730.15,1730.75,1725.00,1725.00,23400,5680800
ASIANPAINT_F1,20200420,11:33,1724.50,1726.50,1724.50,1726.05,10800,5677800
ASIANPAINT_F1,20200420,11:34,1725.00,1725.05,1722.80,1723.45,16800,5677800
ASIANPAINT_F1,20200420,11:35,1722.65,1723.00,1721.15,1722.05,9600,5677800
ASIANPAINT_F1,20200420,11:36,1721.00,1723.00,1721.00,1722.50,10200,5689800
ASIANPAINT_F1,20200420,11:37,1723.00,1723.00,1721.00,1721.90,12000,5689800
ASIANPAINT_F1,20200420,11:38,1722.90,1724.50,1722.90,1723.00,7200,5689800
ASIANPAINT_F1,20200420,11:39,1722.70,1724.60,1722.00,1724.60,7200,5692200
ASIANPAINT_F1,20200420,11:40,1724.65,1726.25,1724.65,1725.75,6000,5692200
ASIANPAINT_F1,20200420,11:41,1725.70,1726.95,1725.70,1726.90,3600,5692200
ASIANPAINT_F1,20200420,11:42,1726.00,1727.40,1725.50,1725.55,8400,5692200
ASIANPAINT_F1,20200420,11:43,1726.00,1726.75,1724.00,1724.00,9000,5688600
ASIANPAINT_F1,20200420,11:44,1722.60,1723.05,1721.00,1723.05,9000,5688600
ASIANPAINT_F1,20200420,11:45,1723.60,1723.60,1723.60,1723.60,1200,5688600
ASIANPAINT_F1,20200420,11:46,1722.85,1722.85,1721.25,1721.25,9600,5689200
ASIANPAINT_F1,20200420,11:47,1721.50,1724.90,1721.50,1722.30,6600,5689200
ASIANPAINT_F1,20200420,11:48,1724.00,1725.15,1724.00,1724.00,3600,5689200
ASIANPAINT_F1,20200420,11:49,1723.00,1723.65,1723.00,1723.00,3000,5694600
ASIANPAINT_F1,20200420,11:50,1722.90,1723.05,1722.90,1723.00,1800,5694600
ASIANPAINT_F1,20200420,11:51,1723.25,1724.70,1722.80,1724.50,6600,5698800
ASIANPAINT_F1,20200420,11:52,1722.85,1724.85,1722.85,1724.85,4200,5698800
ASIANPAINT_F1,20200420,11:53,1724.70,1726.00,1723.10,1723.10,9600,5698800
ASIANPAINT_F1,20200420,11:54,1724.15,1724.15,1723.75,1723.75,3000,5703000
ASIANPAINT_F1,20200420,11:55,1723.50,1724.15,1723.10,1724.00,3600,5703000
ASIANPAINT_F1,20200420,11:56,1724.75,1724.75,1723.00,1723.00,6000,5703000
ASIANPAINT_F1,20200420,11:57,1723.25,1723.25,1721.85,1721.85,5400,5709000
ASIANPAINT_F1,20200420,11:58,1720.10,1722.00,1719.05,1721.20,19800,5709000
ASIANPAINT_F1,20200420,11:59,1722.00,1722.85,1722.00,1722.85,2400,5709000
ASIANPAINT_F1,20200420,12:00,1724.75,1724.75,1722.95,1724.00,4200,5709000
ASIANPAINT_F1,20200420,12:01,1724.05,1725.00,1724.05,1725.00,2400,5709000
ASIANPAINT_F1,20200420,12:02,1723.15,1723.25,1722.30,1722.30,2400,5709000
ASIANPAINT_F1,20200420,12:03,1722.00,1722.65,1721.45,1721.70,7200,5707800
ASIANPAINT_F1,20200420,12:04,1721.45,1721.50,1720.00,1720.00,12000,5707800
ASIANPAINT_F1,20200420,12:05,1719.35,1721.20,1719.35,1719.75,6000,5707800
ASIANPAINT_F1,20200420,12:06,1719.45,1722.40,1719.45,1722.40,3600,5720400
ASIANPAINT_F1,20200420,12:07,1722.60,1722.60,1722.60,1722.60,600,5720400
ASIANPAINT_F1,20200420,12:08,1722.05,1724.45,1722.05,1724.45,3000,5720400
ASIANPAINT_F1,20200420,12:09,1723.40,1724.00,1722.20,1722.20,3600,5720400
ASIANPAINT_F1,20200420,12:10,1722.20,1723.30,1722.10,1723.30,3600,5718600
ASIANPAINT_F1,20200420,12:11,1723.60,1724.30,1722.85,1722.85,2400,5718600
ASIANPAINT_F1,20200420,12:12,1723.00,1723.10,1722.25,1723.10,2400,5718600
ASIANPAINT_F1,20200420,12:13,1723.10,1725.00,1723.10,1725.00,10200,5719200
ASIANPAINT_F1,20200420,12:14,1725.00,1725.00,1725.00,1725.00,1800,5719200
ASIANPAINT_F1,20200420,12:15,1725.00,1725.00,1725.00,1725.00,1200,5719200
ASIANPAINT_F1,20200420,12:16,1724.75,1725.20,1723.00,1723.00,4800,5702400
ASIANPAINT_F1,20200420,12:17,1723.45,1723.45,1721.90,1721.90,5400,5702400
ASIANPAINT_F1,20200420,12:18,1721.55,1721.55,1721.15,1721.15,2400,5702400
ASIANPAINT_F1,20200420,12:19,1722.25,1722.25,1721.80,1722.00,3000,5706000
ASIANPAINT_F1,20200420,12:21,1722.55,1722.75,1721.50,1721.50,4200,5706000
ASIANPAINT_F1,20200420,12:22,1721.20,1721.20,1720.80,1721.10,3000,5659800
ASIANPAINT_F1,20200420,12:23,1720.90,1722.35,1720.90,1721.65,11400,5659800
ASIANPAINT_F1,20200420,12:24,1721.90,1722.50,1721.90,1722.10,2400,5667600
ASIANPAINT_F1,20200420,12:25,1721.40,1722.10,1721.40,1722.10,2400,5667600
ASIANPAINT_F1,20200420,12:26,1722.10,1722.10,1722.10,1722.10,7800,5667600
ASIANPAINT_F1,20200420,12:27,1722.10,1722.35,1721.70,1722.35,20400,5695200
ASIANPAINT_F1,20200420,12:28,1722.40,1722.95,1722.40,1722.95,1800,5695200
ASIANPAINT_F1,20200420,12:29,1721.65,1722.55,1721.65,1722.20,2400,5695200
ASIANPAINT_F1,20200420,12:30,1722.95,1722.95,1722.20,1722.85,4200,5695200
ASIANPAINT_F1,20200420,12:31,1723.80,1726.60,1723.80,1725.05,12000,5697600
ASIANPAINT_F1,20200420,12:32,1725.05,1725.05,1724.90,1725.00,5400,5697600
ASIANPAINT_F1,20200420,12:34,1722.60,1722.60,1721.10,1721.80,7200,5706000
ASIANPAINT_F1,20200420,12:35,1721.20,1721.20,1719.00,1719.00,6000,5706000
ASIANPAINT_F1,20200420,12:36,1720.45,1720.45,1716.85,1717.35,15600,5706000
ASIANPAINT_F1,20200420,12:37,1718.00,1718.00,1716.20,1716.20,5400,5715000
ASIANPAINT_F1,20200420,12:38,1717.10,1717.10,1715.35,1715.95,19200,5715000
ASIANPAINT_F1,20200420,12:39,1715.55,1716.75,1714.90,1715.00,10200,5722800
ASIANPAINT_F1,20200420,12:40,1715.50,1716.00,1713.45,1714.05,14400,5722800
ASIANPAINT_F1,20200420,12:41,1714.65,1715.95,1714.45,1715.45,15000,5722800
ASIANPAINT_F1,20200420,12:42,1716.75,1719.00,1716.00,1716.00,7800,5730000
ASIANPAINT_F1,20200420,12:43,1716.00,1716.20,1714.50,1714.50,9000,5730000
ASIANPAINT_F1,20200420,12:44,1715.00,1715.00,1712.45,1713.45,10800,5730000
ASIANPAINT_F1,20200420,12:45,1713.55,1714.00,1712.75,1713.45,8400,5739600
ASIANPAINT_F1,20200420,12:46,1713.10,1713.75,1712.00,1712.25,5400,5739600
ASIANPAINT_F1,20200420,12:47,1708.50,1709.90,1707.95,1709.65,40200,5739600
ASIANPAINT_F1,20200420,12:48,1709.65,1713.00,1709.60,1712.95,13200,5739600
ASIANPAINT_F1,20200420,12:49,1712.00,1712.00,1708.45,1708.85,7200,5741400
ASIANPAINT_F1,20200420,12:50,1709.65,1710.35,1709.65,1710.10,17400,5741400
ASIANPAINT_F1,20200420,12:51,1709.15,1709.75,1709.00,1709.00,2400,5741400
ASIANPAINT_F1,20200420,12:52,1710.80,1711.20,1710.40,1711.20,4800,5748600
ASIANPAINT_F1,20200420,12:53,1711.00,1712.30,1711.00,1712.30,6000,5748600
ASIANPAINT_F1,20200420,12:54,1712.10,1712.45,1712.10,1712.45,1200,5748600
ASIANPAINT_F1,20200420,12:55,1712.95,1713.90,1712.85,1712.85,3600,5749200
ASIANPAINT_F1,20200420,12:56,1712.80,1713.85,1712.80,1713.85,2400,5749200
ASIANPAINT_F1,20200420,12:57,1713.30,1714.60,1713.30,1713.90,3000,5749200
ASIANPAINT_F1,20200420,12:58,1714.35,1714.65,1714.35,1714.65,1800,5745600
ASIANPAINT_F1,20200420,12:59,1714.65,1714.80,1713.75,1713.75,5400,5745600
ASIANPAINT_F1,20200420,13:00,1714.20,1714.40,1712.95,1712.95,5400,5745600
ASIANPAINT_F1,20200420,13:01,1713.15,1713.50,1712.35,1713.05,2400,5748000
ASIANPAINT_F1,20200420,13:02,1714.35,1716.75,1714.35,1715.40,9000,5748000
ASIANPAINT_F1,20200420,13:03,1716.30,1718.25,1716.30,1718.25,6600,5748000
ASIANPAINT_F1,20200420,13:04,1718.25,1718.45,1717.50,1717.60,4200,5751000
ASIANPAINT_F1,20200420,13:05,1716.75,1716.95,1716.20,1716.20,4200,5751000
ASIANPAINT_F1,20200420,13:06,1716.60,1716.60,1716.00,1716.20,4200,5751000
ASIANPAINT_F1,20200420,13:07,1716.20,1716.70,1716.20,1716.70,3000,5748000
ASIANPAINT_F1,20200420,13:08,1717.55,1718.85,1717.55,1718.85,3600,5748000
ASIANPAINT_F1,20200420,13:09,1718.95,1719.80,1718.95,1719.50,6000,5748000
ASIANPAINT_F1,20200420,13:10,1719.30,1719.30,1716.40,1716.65,4200,5748600
ASIANPAINT_F1,20200420,13:11,1717.40,1717.85,1717.40,1717.70,1800,5748600
ASIANPAINT_F1,20200420,13:12,1718.95,1718.95,1717.60,1717.60,1800,5748600
ASIANPAINT_F1,20200420,13:13,1717.75,1719.40,1717.75,1719.40,6600,5749200
ASIANPAINT_F1,20200420,13:14,1720.00,1720.95,1720.00,1720.50,7200,5749200
ASIANPAINT_F1,20200420,13:15,1720.00,1720.00,1719.00,1719.00,1800,5749200
ASIANPAINT_F1,20200420,13:16,1719.70,1719.95,1719.70,1719.95,1200,5751600
ASIANPAINT_F1,20200420,13:17,1720.00,1720.25,1720.00,1720.25,1200,5751600
ASIANPAINT_F1,20200420,13:18,1719.20,1719.20,1719.00,1719.10,3000,5751600
ASIANPAINT_F1,20200420,13:19,1717.35,1718.60,1713.85,1713.85,8400,5754000
ASIANPAINT_F1,20200420,13:20,1714.90,1715.70,1714.15,1715.25,7200,5754000
ASIANPAINT_F1,20200420,13:21,1715.00,1715.15,1714.25,1715.15,6000,5754000
ASIANPAINT_F1,20200420,13:22,1715.55,1716.00,1715.00,1716.00,6600,5763600
ASIANPAINT_F1,20200420,13:23,1716.20,1716.20,1716.20,1716.20,600,5763600
ASIANPAINT_F1,20200420,13:24,1716.85,1718.80,1716.85,1718.30,6000,5763600
ASIANPAINT_F1,20200420,13:25,1719.00,1720.50,1719.00,1720.05,6600,5766000
ASIANPAINT_F1,20200420,13:26,1718.55,1720.40,1718.55,1720.40,3000,5766000
ASIANPAINT_F1,20200420,13:27,1719.80,1721.30,1719.30,1719.65,7800,5766000
ASIANPAINT_F1,20200420,13:28,1719.65,1719.95,1719.15,1719.15,2400,5772000
ASIANPAINT_F1,20200420,13:29,1719.45,1719.45,1717.50,1718.60,3000,5772000
ASIANPAINT_F1,20200420,13:30,1719.45,1719.45,1719.45,1719.45,600,5772000
ASIANPAINT_F1,20200420,13:31,1718.95,1718.95,1717.40,1717.40,2400,5773200
ASIANPAINT_F1,20200420,13:32,1719.00,1719.00,1718.90,1718.90,2400,5773200
ASIANPAINT_F1,20200420,13:33,1718.45,1718.45,1718.45,1718.45,1200,5773200
ASIANPAINT_F1,20200420,13:34,1718.60,1718.80,1718.60,1718.80,3000,5772000
ASIANPAINT_F1,20200420,13:35,1717.65,1717.65,1717.65,1717.65,1800,5772000
ASIANPAINT_F1,20200420,13:36,1717.05,1717.05,1715.95,1716.65,3000,5772000
ASIANPAINT_F1,20200420,13:37,1715.05,1716.15,1715.05,1716.15,5400,5775000
ASIANPAINT_F1,20200420,13:38,1715.05,1715.05,1715.05,1715.05,1800,5775000
ASIANPAINT_F1,20200420,13:39,1715.00,1715.40,1715.00,1715.40,2400,5775000
ASIANPAINT_F1,20200420,13:40,1714.95,1714.95,1713.00,1713.90,5400,5777400
ASIANPAINT_F1,20200420,13:41,1713.00,1713.25,1713.00,1713.25,2400,5777400
ASIANPAINT_F1,20200420,13:42,1713.20,1713.20,1712.35,1712.35,3000,5777400
ASIANPAINT_F1,20200420,13:43,1712.85,1714.00,1712.85,1714.00,2400,5778600
ASIANPAINT_F1,20200420,13:44,1715.00,1716.45,1715.00,1716.45,1200,5778600
ASIANPAINT_F1,20200420,13:45,1717.90,1717.90,1716.80,1717.10,7200,5778600
ASIANPAINT_F1,20200420,13:46,1717.10,1717.10,1717.10,1717.10,600,5781000
ASIANPAINT_F1,20200420,13:47,1718.05,1718.90,1717.00,1717.00,3000,5781000
ASIANPAINT_F1,20200420,13:48,1716.80,1717.15,1716.70,1717.15,4200,5781000
ASIANPAINT_F1,20200420,13:49,1717.45,1717.45,1716.00,1716.60,3600,5782800
ASIANPAINT_F1,20200420,13:50,1716.70,1716.70,1715.95,1715.95,2400,5782800
ASIANPAINT_F1,20200420,13:51,1716.55,1717.90,1716.55,1717.70,6600,5782800
ASIANPAINT_F1,20200420,13:52,1717.85,1717.85,1716.55,1716.55,3600,5782800
ASIANPAINT_F1,20200420,13:53,1716.90,1717.25,1716.90,1717.25,1800,5782800
ASIANPAINT_F1,20200420,13:54,1716.60,1716.60,1714.70,1714.70,3000,5782800
ASIANPAINT_F1,20200420,13:55,1714.30,1714.30,1713.65,1713.65,3000,5785200
ASIANPAINT_F1,20200420,13:56,1714.25,1714.25,1710.80,1712.15,12000,5785200
ASIANPAINT_F1,20200420,13:57,1711.95,1711.95,1710.00,1710.65,10200,5785200
ASIANPAINT_F1,20200420,13:58,1710.40,1711.60,1710.40,1711.60,3000,5793600
ASIANPAINT_F1,20200420,13:59,1711.45,1712.50,1711.45,1712.50,2400,5793600
ASIANPAINT_F1,20200420,14:00,1712.55,1713.40,1709.25,1710.25,6600,5793600
ASIANPAINT_F1,20200420,14:01,1710.25,1710.25,1710.25,1710.25,1800,5798400
ASIANPAINT_F1,20200420,14:02,1711.10,1712.85,1711.10,1711.25,4200,5798400
ASIANPAINT_F1,20200420,14:03,1710.40,1711.00,1709.95,1710.40,6600,5798400
ASIANPAINT_F1,20200420,14:04,1709.35,1710.40,1709.35,1710.20,6000,5800200
ASIANPAINT_F1,20200420,14:05,1709.65,1709.65,1705.10,1705.70,19200,5800200
ASIANPAINT_F1,20200420,14:06,1705.65,1711.95,1705.65,1711.95,11400,5800200
ASIANPAINT_F1,20200420,14:07,1711.95,1714.70,1710.60,1713.15,10200,5806200
ASIANPAINT_F1,20200420,14:08,1712.70,1712.80,1712.70,1712.80,1200,5806200
ASIANPAINT_F1,20200420,14:09,1713.55,1714.80,1713.55,1714.00,5400,5806200
ASIANPAINT_F1,20200420,14:10,1714.40,1714.70,1714.00,1714.70,4200,5802600
ASIANPAINT_F1,20200420,14:11,1714.00,1714.00,1714.00,1714.00,600,5802600
ASIANPAINT_F1,20200420,14:12,1716.00,1716.10,1715.40,1716.10,3000,5802600
ASIANPAINT_F1,20200420,14:13,1715.00,1717.45,1715.00,1716.95,3000,5803800
ASIANPAINT_F1,20200420,14:14,1716.15,1716.15,1715.75,1715.80,3000,5803800
ASIANPAINT_F1,20200420,14:15,1714.20,1714.40,1714.20,1714.40,1200,5803800
ASIANPAINT_F1,20200420,14:16,1714.40,1716.00,1714.40,1716.00,2400,5803800
ASIANPAINT_F1,20200420,14:17,1716.60,1716.70,1716.60,1716.60,1800,5803800
ASIANPAINT_F1,20200420,14:18,1716.40,1717.15,1716.40,1717.15,4800,5803800
ASIANPAINT_F1,20200420,14:19,1718.45,1719.15,1718.00,1718.95,10200,5806800
ASIANPAINT_F1,20200420,14:20,1719.00,1719.25,1717.00,1717.00,6600,5806800
ASIANPAINT_F1,20200420,14:21,1717.00,1717.15,1716.20,1716.25,4800,5806800
ASIANPAINT_F1,20200420,14:22,1717.40,1718.00,1717.35,1718.00,2400,5806800
ASIANPAINT_F1,20200420,14:23,1718.95,1719.00,1718.65,1718.65,3600,5809200
ASIANPAINT_F1,20200420,14:24,1719.00,1719.80,1718.25,1718.90,8400,5809200
ASIANPAINT_F1,20200420,14:25,1718.90,1718.90,1718.90,1718.90,600,5809200
ASIANPAINT_F1,20200420,14:26,1718.45,1718.45,1718.45,1718.45,3600,5811000
ASIANPAINT_F1,20200420,14:27,1719.55,1721.50,1719.55,1721.50,7200,5811000
ASIANPAINT_F1,20200420,14:28,1722.00,1722.55,1722.00,1722.00,6000,5808600
ASIANPAINT_F1,20200420,14:29,1722.40,1722.85,1721.15,1722.05,10200,5808600
ASIANPAINT_F1,20200420,14:30,1722.00,1723.25,1720.75,1722.15,7800,5808600
ASIANPAINT_F1,20200420,14:31,1722.10,1723.00,1722.10,1722.60,3000,5810400
ASIANPAINT_F1,20200420,14:32,1721.70,1722.00,1721.70,1722.00,5400,5810400
ASIANPAINT_F1,20200420,14:33,1721.90,1722.05,1721.90,1722.05,3000,5810400
ASIANPAINT_F1,20200420,14:34,1722.80,1723.70,1722.80,1722.80,6000,5811000
ASIANPAINT_F1,20200420,14:35,1722.90,1723.20,1722.00,1722.85,5400,5811000
ASIANPAINT_F1,20200420,14:36,1722.60,1722.60,1722.60,1722.60,1200,5811000
ASIANPAINT_F1,20200420,14:37,1722.30,1722.30,1722.30,1722.30,1800,5811000
ASIANPAINT_F1,20200420,14:38,1723.00,1723.60,1722.25,1723.20,4200,5812200
ASIANPAINT_F1,20200420,14:39,1722.15,1724.00,1722.15,1723.60,3600,5812200
ASIANPAINT_F1,20200420,14:40,1724.65,1724.80,1723.40,1723.50,6600,5814000
ASIANPAINT_F1,20200420,14:41,1725.95,1725.95,1724.40,1724.40,9600,5814000
ASIANPAINT_F1,20200420,14:42,1723.65,1723.85,1723.65,1723.85,4800,5814000
ASIANPAINT_F1,20200420,14:43,1722.60,1722.60,1721.00,1722.10,10800,5809800
ASIANPAINT_F1,20200420,14:44,1722.60,1725.05,1722.60,1725.05,7200,5809800
ASIANPAINT_F1,20200420,14:45,1724.45,1725.15,1724.35,1725.00,2400,5809800
ASIANPAINT_F1,20200420,14:46,1725.00,1725.00,1725.00,1725.00,1800,5808000
ASIANPAINT_F1,20200420,14:47,1723.30,1723.30,1722.80,1723.25,3000,5808000
ASIANPAINT_F1,20200420,14:48,1723.25,1723.25,1722.05,1722.05,1800,5808000
ASIANPAINT_F1,20200420,14:49,1722.00,1722.00,1720.55,1721.45,10800,5811600
ASIANPAINT_F1,20200420,14:50,1721.25,1721.60,1720.90,1721.60,4200,5811600
ASIANPAINT_F1,20200420,14:51,1719.90,1719.90,1716.75,1716.75,10200,5811600
ASIANPAINT_F1,20200420,14:52,1718.00,1718.00,1718.00,1718.00,600,5811600
ASIANPAINT_F1,20200420,14:53,1719.05,1719.05,1719.05,1719.05,600,5808600
ASIANPAINT_F1,20200420,14:55,1718.15,1720.25,1718.15,1720.25,3600,5808600
ASIANPAINT_F1,20200420,14:56,1718.95,1719.85,1718.15,1718.15,2400,5808600
ASIANPAINT_F1,20200420,14:57,1717.10,1720.15,1716.45,1720.15,6600,5808600
ASIANPAINT_F1,20200420,14:59,1720.80,1723.95,1720.80,1721.95,3600,5806200
ASIANPAINT_F1,20200420,15:00,1721.65,1722.05,1720.80,1721.45,2400,5806200
ASIANPAINT_F1,20200420,15:01,1721.15,1722.25,1719.90,1719.90,4800,5806800
ASIANPAINT_F1,20200420,15:02,1719.70,1722.85,1719.65,1721.55,6000,5806800
ASIANPAINT_F1,20200420,15:03,1721.95,1723.00,1721.35,1723.00,5400,5806800
ASIANPAINT_F1,20200420,15:04,1723.40,1723.55,1722.05,1722.05,9000,5806200
ASIANPAINT_F1,20200420,15:05,1722.75,1723.50,1721.85,1721.95,6000,5806200
ASIANPAINT_F1,20200420,15:06,1720.90,1721.05,1720.55,1720.55,4200,5806200
ASIANPAINT_F1,20200420,15:07,1721.45,1723.00,1721.45,1722.65,4800,5805600
ASIANPAINT_F1,20200420,15:08,1723.55,1723.60,1723.30,1723.60,2400,5805600
ASIANPAINT_F1,20200420,15:09,1723.60,1724.00,1723.45,1723.50,6000,5805600
ASIANPAINT_F1,20200420,15:10,1723.65,1723.65,1722.00,1722.40,6000,5809800
ASIANPAINT_F1,20200420,15:11,1724.65,1726.45,1724.25,1726.45,12600,5809800
ASIANPAINT_F1,20200420,15:12,1727.75,1728.65,1726.45,1728.50,15600,5809800
ASIANPAINT_F1,20200420,15:13,1728.50,1733.00,1728.50,1733.00,13800,5813400
ASIANPAINT_F1,20200420,15:14,1732.80,1733.90,1732.10,1733.80,25200,5813400
ASIANPAINT_F1,20200420,15:15,1732.55,1733.50,1732.55,1733.30,6600,5813400
ASIANPAINT_F1,20200420,15:16,1733.30,1734.80,1733.30,1734.00,9000,5820000
ASIANPAINT_F1,20200420,15:17,1734.50,1735.00,1733.80,1733.80,11400,5820000
ASIANPAINT_F1,20200420,15:18,1733.00,1733.55,1732.00,1733.40,12600,5820000
ASIANPAINT_F1,20200420,15:19,1733.35,1733.85,1732.20,1732.20,4800,5823600
ASIANPAINT_F1,20200420,15:20,1732.05,1732.05,1729.55,1729.55,9000,5823600
ASIANPAINT_F1,20200420,15:21,1729.30,1730.95,1729.00,1729.00,7800,5823600
ASIANPAINT_F1,20200420,15:22,1728.75,1729.05,1727.00,1727.85,9000,5826600
ASIANPAINT_F1,20200420,15:23,1726.95,1730.00,1726.95,1730.00,9000,5826600
ASIANPAINT_F1,20200420,15:24,1730.35,1730.70,1729.00,1730.70,10200,5826600
ASIANPAINT_F1,20200420,15:25,1729.35,1730.00,1729.35,1729.95,4200,5829000
ASIANPAINT_F1,20200420,15:26,1729.95,1729.95,1728.35,1729.30,10800,5829000
ASIANPAINT_F1,20200420,15:27,1730.25,1730.45,1728.75,1730.00,9000,5829000
ASIANPAINT_F1,20200420,15:28,1731.00,1732.00,1730.95,1731.90,7800,5826000
ASIANPAINT_F1,20200420,15:29,1730.00,1730.25,1730.00,1730.00,3000,5826000
ASIANPAINT_F1,20200420,15:30,1730.30,1731.00,1729.00,1729.00,9000,5826000
ASIANPAINT_F1,20200420,17:52,1728.90,1728.90,1728.90,1728.90,1,5415000
