JSWSTEEL,20220111,09:08,664.00,664.00,664.00,664.00,13506,0
JSWSTEEL,20220111,09:16,663.90,668.55,663.30,667.45,82010,0
JSWSTEEL,20220111,09:17,666.95,667.95,664.20,664.20,73295,0
JSWSTEEL,20220111,09:18,664.40,664.85,661.55,661.70,64087,0
JSWSTEEL,20220111,09:19,661.35,662.20,658.05,658.75,114447,0
JSWSTEEL,20220111,09:20,659.15,659.35,657.05,659.00,83879,0
JSWSTEEL,20220111,09:21,659.00,659.65,655.20,656.10,107284,0
JSWSTEEL,20220111,09:22,656.30,656.80,654.10,656.20,107924,0
JSWSTEEL,20220111,09:23,656.15,656.35,655.40,655.85,42596,0
JSWSTEEL,20220111,09:24,655.80,655.80,647.45,648.05,202653,0
JSWSTEEL,20220111,09:25,647.40,651.05,647.40,650.55,89272,0
JSWSTEEL,20220111,09:26,650.90,650.90,648.80,649.40,116120,0
JSWSTEEL,20220111,09:27,648.80,651.85,648.80,651.50,67250,0
JSWSTEEL,20220111,09:28,651.70,652.90,651.60,652.25,73512,0
JSWSTEEL,20220111,09:29,652.30,653.55,651.25,653.55,78390,0
JSWSTEEL,20220111,09:30,653.80,654.25,652.30,652.70,82735,0
JSWSTEEL,20220111,09:31,653.45,653.45,651.05,651.80,63745,0
JSWSTEEL,20220111,09:32,651.45,651.75,650.90,651.75,52857,0
JSWSTEEL,20220111,09:33,651.50,651.75,650.50,651.40,37711,0
JSWSTEEL,20220111,09:34,651.45,652.75,651.05,651.95,40815,0
JSWSTEEL,20220111,09:35,652.00,652.55,650.75,651.50,56823,0
JSWSTEEL,20220111,09:36,651.50,651.55,650.00,651.35,56717,0
JSWSTEEL,20220111,09:37,651.00,651.45,650.50,650.85,46224,0
JSWSTEEL,20220111,09:38,650.85,651.70,650.00,651.45,45291,0
JSWSTEEL,20220111,09:39,651.45,651.85,651.30,651.85,26540,0
JSWSTEEL,20220111,09:40,651.95,652.25,651.10,651.95,31678,0
JSWSTEEL,20220111,09:41,651.95,651.95,650.65,651.60,26158,0
JSWSTEEL,20220111,09:42,651.30,651.80,650.90,651.50,12461,0
JSWSTEEL,20220111,09:43,651.50,651.65,651.00,651.45,14135,0
JSWSTEEL,20220111,09:44,651.15,653.50,651.10,653.25,24314,0
JSWSTEEL,20220111,09:45,653.20,654.90,653.20,654.75,57302,0
JSWSTEEL,20220111,09:46,654.85,655.40,654.30,654.85,58299,0
JSWSTEEL,20220111,09:47,654.35,655.50,654.25,655.05,42885,0
JSWSTEEL,20220111,09:48,655.40,656.65,655.15,656.00,44873,0
JSWSTEEL,20220111,09:49,656.00,657.10,655.70,656.65,42930,0
JSWSTEEL,20220111,09:50,656.75,657.20,656.50,657.00,25864,0
JSWSTEEL,20220111,09:51,657.00,657.50,656.45,657.10,29266,0
JSWSTEEL,20220111,09:52,657.00,657.25,656.50,656.80,15911,0
JSWSTEEL,20220111,09:53,656.50,656.60,655.60,655.65,25321,0
JSWSTEEL,20220111,09:54,655.75,656.45,655.75,656.30,15247,0
JSWSTEEL,20220111,09:55,656.30,656.80,656.15,656.30,13242,0
JSWSTEEL,20220111,09:56,656.20,657.50,656.00,657.50,23250,0
JSWSTEEL,20220111,09:57,657.60,658.40,657.20,657.20,35938,0
JSWSTEEL,20220111,09:58,657.55,657.55,655.90,655.90,23343,0
JSWSTEEL,20220111,09:59,655.90,656.80,655.40,656.35,8719,0
JSWSTEEL,20220111,10:00,656.50,657.00,656.15,656.65,6766,0
JSWSTEEL,20220111,10:01,656.50,656.65,654.55,654.55,35845,0
JSWSTEEL,20220111,10:02,654.85,655.60,654.50,655.30,9964,0
JSWSTEEL,20220111,10:03,655.30,656.00,655.25,656.00,3516,0
JSWSTEEL,20220111,10:04,656.00,656.10,655.20,655.45,8807,0
JSWSTEEL,20220111,10:05,655.60,656.25,655.10,656.25,5752,0
JSWSTEEL,20220111,10:06,656.60,656.60,656.05,656.20,3389,0
JSWSTEEL,20220111,10:07,656.20,656.30,655.55,655.65,7050,0
JSWSTEEL,20220111,10:08,656.00,656.05,655.20,655.25,6786,0
JSWSTEEL,20220111,10:09,655.65,655.95,655.30,655.90,6421,0
JSWSTEEL,20220111,10:10,656.00,656.90,655.50,656.50,10261,0
JSWSTEEL,20220111,10:11,656.60,656.75,656.30,656.40,6597,0
JSWSTEEL,20220111,10:12,656.50,656.50,656.25,656.50,4125,0
JSWSTEEL,20220111,10:13,656.40,656.55,656.15,656.40,4609,0
JSWSTEEL,20220111,10:14,656.45,656.60,656.10,656.20,5085,0
JSWSTEEL,20220111,10:15,656.45,656.95,656.40,656.60,9573,0
JSWSTEEL,20220111,10:16,656.60,656.60,656.00,656.50,4624,0
JSWSTEEL,20220111,10:17,656.50,656.50,654.20,654.20,45505,0
JSWSTEEL,20220111,10:18,653.75,653.90,653.60,653.60,31025,0
JSWSTEEL,20220111,10:19,653.25,653.75,653.25,653.60,20693,0
JSWSTEEL,20220111,10:20,653.85,654.25,653.80,654.25,8991,0
JSWSTEEL,20220111,10:21,654.20,654.25,653.70,654.15,12198,0
JSWSTEEL,20220111,10:22,654.00,655.55,654.00,655.25,8744,0
JSWSTEEL,20220111,10:23,655.50,655.90,655.10,655.45,8988,0
JSWSTEEL,20220111,10:24,655.55,656.50,655.55,656.50,5740,0
JSWSTEEL,20220111,10:25,656.40,656.90,656.35,656.45,12965,0
JSWSTEEL,20220111,10:26,656.50,656.60,656.25,656.50,8431,0
JSWSTEEL,20220111,10:27,656.50,657.20,656.50,656.85,13891,0
JSWSTEEL,20220111,10:28,657.10,657.40,657.00,657.05,3685,0
JSWSTEEL,20220111,10:29,656.55,657.25,656.35,657.25,11340,0
JSWSTEEL,20220111,10:30,657.30,657.85,657.25,657.25,9064,0
JSWSTEEL,20220111,10:31,657.90,657.90,657.30,657.50,7498,0
JSWSTEEL,20220111,10:32,657.35,657.75,657.35,657.75,11322,0
JSWSTEEL,20220111,10:33,657.75,657.90,657.50,657.90,5532,0
JSWSTEEL,20220111,10:34,657.90,657.90,657.65,657.90,6408,0
JSWSTEEL,20220111,10:35,657.90,658.90,657.85,658.80,32502,0
JSWSTEEL,20220111,10:36,658.80,658.90,658.15,658.50,7777,0
JSWSTEEL,20220111,10:37,658.80,658.80,658.50,658.70,4436,0
JSWSTEEL,20220111,10:38,658.55,658.55,658.05,658.05,8044,0
JSWSTEEL,20220111,10:39,658.40,658.50,658.25,658.25,5952,0
JSWSTEEL,20220111,10:40,658.40,658.40,657.90,657.95,10262,0
JSWSTEEL,20220111,10:41,658.20,658.35,658.00,658.20,6116,0
JSWSTEEL,20220111,10:42,658.00,658.00,657.85,658.00,3050,0
JSWSTEEL,20220111,10:43,657.85,658.20,657.85,658.20,6346,0
JSWSTEEL,20220111,10:44,658.35,658.40,658.00,658.40,7310,0
JSWSTEEL,20220111,10:45,658.20,658.40,658.20,658.35,2229,0
JSWSTEEL,20220111,10:46,658.50,658.50,655.80,656.20,47016,0
JSWSTEEL,20220111,10:47,656.20,656.90,656.20,656.75,6377,0
JSWSTEEL,20220111,10:48,657.00,657.00,656.85,656.95,4133,0
JSWSTEEL,20220111,10:49,656.70,656.90,656.60,656.85,6127,0
JSWSTEEL,20220111,10:50,656.85,656.90,656.60,656.70,3173,0
JSWSTEEL,20220111,10:51,656.90,656.90,656.60,656.65,4001,0
JSWSTEEL,20220111,10:52,656.80,657.65,656.80,657.50,6688,0
JSWSTEEL,20220111,10:53,657.35,657.60,657.25,657.60,5281,0
JSWSTEEL,20220111,10:54,657.60,657.65,657.45,657.60,3783,0
JSWSTEEL,20220111,10:55,657.70,657.70,657.60,657.70,2161,0
JSWSTEEL,20220111,10:56,657.65,657.90,657.65,657.80,4123,0
JSWSTEEL,20220111,10:57,657.70,657.70,657.40,657.60,4231,0
JSWSTEEL,20220111,10:58,657.60,657.65,657.50,657.50,1840,0
JSWSTEEL,20220111,10:59,657.65,657.70,657.50,657.65,7373,0
JSWSTEEL,20220111,11:00,657.65,657.65,657.00,657.25,5637,0
JSWSTEEL,20220111,11:01,657.25,657.65,657.25,657.65,4587,0
JSWSTEEL,20220111,11:02,657.40,657.60,657.00,657.00,8466,0
JSWSTEEL,20220111,11:03,657.00,657.15,656.60,656.70,9310,0
JSWSTEEL,20220111,11:04,656.80,656.80,656.50,656.60,4166,0
JSWSTEEL,20220111,11:05,656.60,656.60,656.20,656.55,8461,0
JSWSTEEL,20220111,11:06,656.50,656.50,656.00,656.00,7928,0
JSWSTEEL,20220111,11:07,656.20,656.25,656.00,656.10,10341,0
JSWSTEEL,20220111,11:08,656.10,656.45,656.00,656.35,33990,0
JSWSTEEL,20220111,11:09,655.25,655.75,655.25,655.75,23493,0
JSWSTEEL,20220111,11:10,655.85,655.85,655.35,655.65,5096,0
JSWSTEEL,20220111,11:11,655.85,655.85,655.45,655.70,10453,0
JSWSTEEL,20220111,11:12,655.75,655.80,655.45,655.45,11615,0
JSWSTEEL,20220111,11:13,655.50,656.00,655.50,656.00,3022,0
JSWSTEEL,20220111,11:14,656.20,656.65,655.90,656.40,8954,0
JSWSTEEL,20220111,11:15,656.20,656.40,656.00,656.40,10477,0
JSWSTEEL,20220111,11:16,656.40,656.40,654.50,655.15,28659,0
JSWSTEEL,20220111,11:17,655.05,655.05,654.50,654.70,6013,0
JSWSTEEL,20220111,11:18,654.95,654.95,654.10,654.95,17656,0
JSWSTEEL,20220111,11:19,654.95,655.70,654.75,655.70,5677,0
JSWSTEEL,20220111,11:20,655.90,656.05,655.60,656.00,9247,0
JSWSTEEL,20220111,11:21,656.00,656.40,656.00,656.30,2136,0
JSWSTEEL,20220111,11:22,656.05,657.00,656.00,656.60,17483,0
JSWSTEEL,20220111,11:23,656.50,656.50,655.90,656.20,14632,0
JSWSTEEL,20220111,11:24,656.30,656.30,656.00,656.25,2727,0
JSWSTEEL,20220111,11:25,656.05,656.25,656.00,656.20,5122,0
JSWSTEEL,20220111,11:26,656.20,656.25,656.00,656.25,607,0
JSWSTEEL,20220111,11:27,656.25,656.30,655.85,656.30,10661,0
JSWSTEEL,20220111,11:28,656.30,656.40,656.00,656.00,2247,0
JSWSTEEL,20220111,11:29,656.00,656.25,656.00,656.20,3521,0
JSWSTEEL,20220111,11:30,656.00,656.30,656.00,656.25,6033,0
JSWSTEEL,20220111,11:31,656.35,656.60,656.10,656.30,5149,0
JSWSTEEL,20220111,11:32,656.05,656.05,655.00,655.35,23976,0
JSWSTEEL,20220111,11:33,655.30,656.70,655.30,656.50,8797,0
JSWSTEEL,20220111,11:34,656.50,657.50,656.50,657.05,10557,0
JSWSTEEL,20220111,11:35,657.25,657.25,656.25,656.45,14932,0
JSWSTEEL,20220111,11:36,656.35,657.00,656.00,657.00,4966,0
JSWSTEEL,20220111,11:37,657.00,657.60,656.75,657.50,8564,0
JSWSTEEL,20220111,11:38,657.25,657.45,657.10,657.20,3717,0
JSWSTEEL,20220111,11:39,657.20,657.40,657.10,657.35,1894,0
JSWSTEEL,20220111,11:40,657.35,657.35,656.80,657.05,7340,0
JSWSTEEL,20220111,11:41,657.00,657.00,656.80,656.90,3305,0
JSWSTEEL,20220111,11:42,656.80,657.00,656.75,656.75,2414,0
JSWSTEEL,20220111,11:43,656.75,656.95,656.75,656.90,2787,0
JSWSTEEL,20220111,11:44,656.95,657.00,656.90,656.95,2843,0
JSWSTEEL,20220111,11:45,656.95,656.95,656.15,656.15,6440,0
JSWSTEEL,20220111,11:46,656.20,656.20,655.20,655.40,15469,0
JSWSTEEL,20220111,11:47,655.45,656.40,655.40,656.30,9977,0
JSWSTEEL,20220111,11:48,656.40,657.40,656.10,657.25,15169,0
JSWSTEEL,20220111,11:49,657.25,657.35,657.05,657.30,3603,0
JSWSTEEL,20220111,11:50,657.30,657.30,656.40,656.40,14035,0
JSWSTEEL,20220111,11:51,656.35,656.95,656.10,656.90,5582,0
JSWSTEEL,20220111,11:52,656.90,657.05,656.65,656.90,2059,0
JSWSTEEL,20220111,11:53,657.00,657.30,657.00,657.25,3180,0
JSWSTEEL,20220111,11:54,657.25,657.45,657.15,657.40,6636,0
JSWSTEEL,20220111,11:55,657.35,657.40,657.25,657.40,2974,0
JSWSTEEL,20220111,11:56,657.40,657.50,657.40,657.50,1924,0
JSWSTEEL,20220111,11:57,657.50,657.75,657.50,657.60,3541,0
JSWSTEEL,20220111,11:58,657.75,657.75,657.50,657.60,5613,0
JSWSTEEL,20220111,11:59,657.70,657.80,657.60,657.70,10904,0
JSWSTEEL,20220111,12:00,657.60,657.70,657.55,657.60,2922,0
JSWSTEEL,20220111,12:01,657.70,658.40,657.65,657.65,16448,0
JSWSTEEL,20220111,12:02,657.80,658.00,657.55,657.85,7485,0
JSWSTEEL,20220111,12:03,657.85,657.95,657.65,657.80,5388,0
JSWSTEEL,20220111,12:04,657.60,657.85,657.55,657.75,3900,0
JSWSTEEL,20220111,12:05,657.75,657.75,657.50,657.60,4956,0
JSWSTEEL,20220111,12:06,657.60,657.60,657.30,657.30,3362,0
JSWSTEEL,20220111,12:07,657.25,657.35,657.10,657.35,4952,0
JSWSTEEL,20220111,12:08,657.35,657.55,657.20,657.55,3958,0
JSWSTEEL,20220111,12:09,657.50,657.75,657.35,657.75,1424,0
JSWSTEEL,20220111,12:10,657.75,657.95,657.10,657.10,10401,0
JSWSTEEL,20220111,12:11,657.10,657.30,657.00,657.15,2598,0
JSWSTEEL,20220111,12:12,657.15,657.45,656.75,656.95,10040,0
JSWSTEEL,20220111,12:13,656.90,657.30,656.90,657.05,2684,0
JSWSTEEL,20220111,12:14,657.05,657.50,657.00,657.50,6502,0
JSWSTEEL,20220111,12:15,657.50,657.70,657.40,657.70,3026,0
JSWSTEEL,20220111,12:16,657.50,657.70,657.45,657.70,1947,0
JSWSTEEL,20220111,12:17,657.70,657.70,657.20,657.25,886,0
JSWSTEEL,20220111,12:18,657.25,657.45,657.20,657.40,2316,0
JSWSTEEL,20220111,12:19,657.40,657.40,657.00,657.30,1234,0
JSWSTEEL,20220111,12:20,657.15,657.20,657.10,657.20,1486,0
JSWSTEEL,20220111,12:21,657.20,657.20,657.00,657.15,3672,0
JSWSTEEL,20220111,12:22,657.15,657.20,657.10,657.15,1426,0
JSWSTEEL,20220111,12:23,657.05,657.35,657.05,657.35,2043,0
JSWSTEEL,20220111,12:24,657.25,658.25,657.25,657.60,13508,0
JSWSTEEL,20220111,12:25,657.30,657.75,657.30,657.75,2062,0
JSWSTEEL,20220111,12:26,657.85,657.85,657.60,657.70,1411,0
JSWSTEEL,20220111,12:27,657.60,657.70,657.50,657.70,1658,0
JSWSTEEL,20220111,12:28,657.65,657.65,657.25,657.45,4555,0
JSWSTEEL,20220111,12:29,657.40,657.80,657.40,657.70,1577,0
JSWSTEEL,20220111,12:30,657.80,657.90,657.60,657.75,3655,0
JSWSTEEL,20220111,12:31,657.60,657.70,657.25,657.25,6488,0
JSWSTEEL,20220111,12:32,657.50,657.50,657.35,657.50,1110,0
JSWSTEEL,20220111,12:33,657.50,657.50,657.35,657.45,1483,0
JSWSTEEL,20220111,12:34,657.35,657.50,656.80,656.95,9706,0
JSWSTEEL,20220111,12:35,656.95,657.50,656.75,657.50,5546,0
JSWSTEEL,20220111,12:36,657.60,657.60,657.40,657.45,3813,0
JSWSTEEL,20220111,12:37,657.50,657.60,657.25,657.25,1118,0
JSWSTEEL,20220111,12:38,657.55,657.55,657.35,657.40,1306,0
JSWSTEEL,20220111,12:39,657.40,657.60,657.40,657.60,2142,0
JSWSTEEL,20220111,12:40,657.55,657.75,657.55,657.75,2999,0
JSWSTEEL,20220111,12:41,657.80,658.20,657.70,658.20,4203,0
JSWSTEEL,20220111,12:42,658.20,658.40,658.00,658.00,13152,0
JSWSTEEL,20220111,12:43,658.10,658.15,657.95,658.00,3060,0
JSWSTEEL,20220111,12:44,658.10,658.20,657.40,657.70,6107,0
JSWSTEEL,20220111,12:45,657.65,657.95,657.55,657.95,2380,0
JSWSTEEL,20220111,12:46,658.00,658.00,657.90,657.95,1152,0
JSWSTEEL,20220111,12:47,657.95,657.95,657.25,657.50,8191,0
JSWSTEEL,20220111,12:48,657.60,657.60,657.40,657.40,1932,0
JSWSTEEL,20220111,12:49,657.45,657.50,656.75,657.00,11977,0
JSWSTEEL,20220111,12:50,657.00,657.00,656.50,656.50,5949,0
JSWSTEEL,20220111,12:51,656.75,656.75,656.35,656.35,2740,0
JSWSTEEL,20220111,12:52,656.60,657.10,656.60,657.10,6262,0
JSWSTEEL,20220111,12:53,657.10,657.30,657.00,657.05,4952,0
JSWSTEEL,20220111,12:54,657.00,657.00,656.65,656.85,2630,0
JSWSTEEL,20220111,12:55,656.75,656.75,655.75,656.65,25098,0
JSWSTEEL,20220111,12:56,656.60,656.60,656.50,656.50,5909,0
JSWSTEEL,20220111,12:57,656.55,656.70,656.40,656.50,5269,0
JSWSTEEL,20220111,12:58,656.70,657.20,656.45,657.20,4860,0
JSWSTEEL,20220111,12:59,657.20,657.50,657.20,657.40,2834,0
JSWSTEEL,20220111,13:00,657.45,657.45,656.60,657.05,5230,0
JSWSTEEL,20220111,13:01,657.05,657.50,657.05,657.40,3191,0
JSWSTEEL,20220111,13:02,657.45,657.45,657.40,657.40,2249,0
JSWSTEEL,20220111,13:03,657.40,657.50,657.35,657.50,2634,0
JSWSTEEL,20220111,13:04,657.35,657.50,657.35,657.50,1368,0
JSWSTEEL,20220111,13:05,657.45,658.35,657.45,658.35,11038,0
JSWSTEEL,20220111,13:06,658.30,658.30,657.90,658.00,11640,0
JSWSTEEL,20220111,13:07,658.00,658.00,657.45,657.50,3140,0
JSWSTEEL,20220111,13:08,657.50,657.65,657.50,657.65,2679,0
JSWSTEEL,20220111,13:09,657.65,658.00,657.50,658.00,6447,0
JSWSTEEL,20220111,13:10,657.85,658.00,657.75,657.95,4004,0
JSWSTEEL,20220111,13:11,657.95,657.95,657.15,657.50,17807,0
JSWSTEEL,20220111,13:12,657.50,657.50,656.60,657.25,7126,0
JSWSTEEL,20220111,13:13,657.25,657.25,656.85,656.85,3473,0
JSWSTEEL,20220111,13:14,657.05,657.70,656.45,657.70,3561,0
JSWSTEEL,20220111,13:15,657.65,657.70,657.15,657.50,9438,0
JSWSTEEL,20220111,13:16,657.30,657.55,657.30,657.50,2180,0
JSWSTEEL,20220111,13:17,657.50,657.60,657.35,657.55,6446,0
JSWSTEEL,20220111,13:18,657.60,658.65,657.60,658.30,31189,0
JSWSTEEL,20220111,13:19,658.50,658.50,657.50,657.50,13203,0
JSWSTEEL,20220111,13:20,657.50,657.50,657.15,657.30,2490,0
JSWSTEEL,20220111,13:21,657.50,657.50,657.25,657.50,2700,0
JSWSTEEL,20220111,13:22,657.50,657.50,657.00,657.00,6543,0
JSWSTEEL,20220111,13:23,657.20,657.50,657.00,657.50,4480,0
JSWSTEEL,20220111,13:24,657.50,657.50,657.30,657.35,2250,0
JSWSTEEL,20220111,13:25,657.35,658.00,657.35,657.80,1704,0
JSWSTEEL,20220111,13:26,657.95,658.00,657.50,657.90,2523,0
JSWSTEEL,20220111,13:27,657.90,657.95,657.45,657.55,3433,0
JSWSTEEL,20220111,13:28,657.55,657.70,656.45,656.80,29040,0
JSWSTEEL,20220111,13:29,656.90,656.90,656.50,656.70,1723,0
JSWSTEEL,20220111,13:30,656.65,656.85,656.45,656.70,6154,0
JSWSTEEL,20220111,13:31,657.00,657.00,655.95,656.35,11370,0
JSWSTEEL,20220111,13:32,656.25,656.50,656.10,656.30,6720,0
JSWSTEEL,20220111,13:33,656.30,656.55,656.05,656.55,5645,0
JSWSTEEL,20220111,13:34,656.55,656.80,656.55,656.55,3146,0
JSWSTEEL,20220111,13:35,656.70,656.70,656.05,656.25,4493,0
JSWSTEEL,20220111,13:36,656.25,656.65,656.25,656.65,3708,0
JSWSTEEL,20220111,13:37,656.65,656.65,655.70,655.85,18127,0
JSWSTEEL,20220111,13:38,655.95,656.05,654.80,654.80,35101,0
JSWSTEEL,20220111,13:39,654.80,654.95,653.80,654.95,38638,0
JSWSTEEL,20220111,13:40,654.85,655.20,654.70,654.95,11029,0
JSWSTEEL,20220111,13:41,654.95,655.25,654.45,654.90,13929,0
JSWSTEEL,20220111,13:42,654.80,655.10,654.50,654.95,7268,0
JSWSTEEL,20220111,13:43,654.80,654.95,654.10,654.50,16852,0
JSWSTEEL,20220111,13:44,654.70,655.25,654.50,655.00,11395,0
JSWSTEEL,20220111,13:45,655.00,655.80,654.40,654.75,12687,0
JSWSTEEL,20220111,13:46,654.90,655.10,654.00,655.00,14529,0
JSWSTEEL,20220111,13:47,654.85,655.00,654.00,654.05,9773,0
JSWSTEEL,20220111,13:48,654.25,654.30,653.60,653.95,27411,0
JSWSTEEL,20220111,13:49,654.00,654.30,653.70,654.20,6218,0
JSWSTEEL,20220111,13:50,654.15,654.20,653.65,653.80,6362,0
JSWSTEEL,20220111,13:51,653.80,653.80,653.00,653.65,20558,0
JSWSTEEL,20220111,13:52,653.75,653.85,653.35,653.80,11400,0
JSWSTEEL,20220111,13:53,653.25,653.50,653.00,653.30,29159,0
JSWSTEEL,20220111,13:54,653.25,653.30,653.00,653.30,23095,0
JSWSTEEL,20220111,13:55,653.15,653.30,652.85,653.05,16529,0
JSWSTEEL,20220111,13:56,653.05,653.05,651.35,651.65,59952,0
JSWSTEEL,20220111,13:57,651.40,651.60,650.85,651.25,38774,0
JSWSTEEL,20220111,13:58,651.25,652.30,650.50,651.75,53920,0
JSWSTEEL,20220111,13:59,651.35,652.40,651.35,652.30,8747,0
JSWSTEEL,20220111,14:00,652.20,652.50,652.20,652.40,7866,0
JSWSTEEL,20220111,14:01,652.40,653.00,652.20,652.90,7542,0
JSWSTEEL,20220111,14:02,652.90,653.00,652.65,653.00,3470,0
JSWSTEEL,20220111,14:03,653.00,653.00,652.75,652.80,7462,0
JSWSTEEL,20220111,14:04,652.80,653.35,652.80,653.20,16323,0
JSWSTEEL,20220111,14:05,653.20,653.35,652.75,652.75,9348,0
JSWSTEEL,20220111,14:06,652.75,653.25,652.55,653.25,4451,0
JSWSTEEL,20220111,14:07,653.25,653.35,653.00,653.20,13562,0
JSWSTEEL,20220111,14:08,653.20,653.35,653.10,653.10,5443,0
JSWSTEEL,20220111,14:09,653.20,653.35,653.10,653.10,6463,0
JSWSTEEL,20220111,14:10,653.35,653.35,653.10,653.25,7817,0
JSWSTEEL,20220111,14:11,653.30,653.30,652.00,652.70,28662,0
JSWSTEEL,20220111,14:12,652.60,652.75,652.30,652.55,16257,0
JSWSTEEL,20220111,14:13,652.55,653.30,652.55,652.85,17664,0
JSWSTEEL,20220111,14:14,652.80,653.30,652.80,653.25,7445,0
JSWSTEEL,20220111,14:15,653.25,653.35,653.05,653.20,19885,0
JSWSTEEL,20220111,14:16,653.20,653.25,652.85,653.00,6402,0
JSWSTEEL,20220111,14:17,653.00,653.10,652.90,653.05,3565,0
JSWSTEEL,20220111,14:18,653.05,653.25,652.95,653.15,3481,0
JSWSTEEL,20220111,14:19,653.10,653.15,652.90,652.90,5628,0
JSWSTEEL,20220111,14:20,653.00,653.30,652.90,653.25,11628,0
JSWSTEEL,20220111,14:21,653.25,653.25,652.75,652.90,15720,0
JSWSTEEL,20220111,14:22,652.95,652.95,652.90,652.90,2112,0
JSWSTEEL,20220111,14:23,652.90,652.90,652.40,652.40,4103,0
JSWSTEEL,20220111,14:24,652.85,652.85,652.50,652.70,2211,0
JSWSTEEL,20220111,14:25,652.70,652.75,651.65,651.65,22869,0
JSWSTEEL,20220111,14:26,651.90,652.00,651.50,651.65,10492,0
JSWSTEEL,20220111,14:27,651.50,651.65,650.70,651.00,22171,0
JSWSTEEL,20220111,14:28,651.00,651.20,649.50,650.80,112304,0
JSWSTEEL,20220111,14:29,650.80,651.25,650.70,651.20,4849,0
JSWSTEEL,20220111,14:30,651.05,651.25,650.35,651.10,27756,0
JSWSTEEL,20220111,14:31,651.00,651.00,650.00,650.40,22093,0
JSWSTEEL,20220111,14:32,650.20,650.20,649.55,649.95,28898,0
JSWSTEEL,20220111,14:33,649.95,650.00,649.05,649.55,25681,0
JSWSTEEL,20220111,14:34,649.55,649.60,649.05,649.40,32690,0
JSWSTEEL,20220111,14:35,649.45,649.60,649.15,649.60,27878,0
JSWSTEEL,20220111,14:36,649.60,649.60,649.00,649.60,22667,0
JSWSTEEL,20220111,14:37,649.50,650.05,649.25,649.25,33903,0
JSWSTEEL,20220111,14:38,649.30,649.95,649.00,649.50,22707,0
JSWSTEEL,20220111,14:39,649.50,650.40,649.20,650.10,17328,0
JSWSTEEL,20220111,14:40,650.30,650.40,650.05,650.30,10522,0
JSWSTEEL,20220111,14:41,650.35,650.35,649.85,649.85,23353,0
JSWSTEEL,20220111,14:42,650.00,650.35,650.00,650.30,7077,0
JSWSTEEL,20220111,14:43,650.30,650.30,649.55,649.75,11038,0
JSWSTEEL,20220111,14:44,649.65,650.00,649.05,649.85,13971,0
JSWSTEEL,20220111,14:45,650.00,650.00,649.75,649.95,5701,0
JSWSTEEL,20220111,14:46,650.10,650.10,649.45,649.45,8519,0
JSWSTEEL,20220111,14:47,649.45,649.65,649.15,649.20,65739,0
JSWSTEEL,20220111,14:48,649.25,649.80,649.25,649.50,16954,0
JSWSTEEL,20220111,14:49,649.55,649.60,649.25,649.30,13877,0
JSWSTEEL,20220111,14:50,649.35,649.35,648.85,649.25,18400,0
JSWSTEEL,20220111,14:51,649.25,649.50,649.00,649.20,21866,0
JSWSTEEL,20220111,14:52,649.05,649.25,648.90,649.00,8927,0
JSWSTEEL,20220111,14:53,648.85,649.00,648.45,648.70,13918,0
JSWSTEEL,20220111,14:54,648.75,648.80,648.70,648.75,5364,0
JSWSTEEL,20220111,14:55,648.55,649.20,648.45,649.15,25110,0
JSWSTEEL,20220111,14:56,649.00,649.15,648.10,648.45,30064,0
JSWSTEEL,20220111,14:57,648.40,648.50,646.00,646.15,148811,0
JSWSTEEL,20220111,14:58,646.25,647.55,646.15,647.05,52308,0
JSWSTEEL,20220111,14:59,647.15,647.30,645.75,646.00,62200,0
JSWSTEEL,20220111,15:00,646.20,646.35,645.60,645.85,23490,0
JSWSTEEL,20220111,15:01,645.90,647.10,645.50,645.60,62425,0
JSWSTEEL,20220111,15:02,645.40,645.60,644.40,645.00,96733,0
JSWSTEEL,20220111,15:03,644.85,645.35,644.25,645.00,33124,0
JSWSTEEL,20220111,15:04,645.00,645.40,644.80,645.20,27178,0
JSWSTEEL,20220111,15:05,645.20,645.50,645.00,645.50,19687,0
JSWSTEEL,20220111,15:06,645.40,646.00,645.40,645.90,17639,0
JSWSTEEL,20220111,15:07,645.90,646.60,645.90,646.55,26740,0
JSWSTEEL,20220111,15:08,646.55,646.70,645.30,646.05,49171,0
JSWSTEEL,20220111,15:09,646.15,646.20,645.55,645.85,18875,0
JSWSTEEL,20220111,15:10,645.85,646.20,645.75,646.05,9777,0
JSWSTEEL,20220111,15:11,645.90,646.10,645.35,645.65,31546,0
JSWSTEEL,20220111,15:12,645.65,645.95,645.40,645.60,19181,0
JSWSTEEL,20220111,15:13,645.70,645.70,645.00,645.00,40128,0
JSWSTEEL,20220111,15:14,645.25,645.30,643.60,643.65,71388,0
JSWSTEEL,20220111,15:15,643.95,644.45,643.25,643.85,100607,0
JSWSTEEL,20220111,15:16,644.15,645.00,643.75,644.95,60268,0
JSWSTEEL,20220111,15:17,644.75,644.95,644.00,644.00,37700,0
JSWSTEEL,20220111,15:18,644.00,644.50,643.85,644.40,22950,0
JSWSTEEL,20220111,15:19,644.25,645.50,644.25,645.40,46883,0
JSWSTEEL,20220111,15:20,645.40,645.80,645.10,645.60,38435,0
JSWSTEEL,20220111,15:21,645.35,645.95,645.30,645.50,45581,0
JSWSTEEL,20220111,15:22,645.70,646.55,645.00,646.55,73589,0
JSWSTEEL,20220111,15:23,646.55,647.85,646.50,647.85,21079,0
JSWSTEEL,20220111,15:24,648.30,649.50,647.85,648.65,42700,0
JSWSTEEL,20220111,15:25,648.60,648.90,648.45,648.85,25921,0
JSWSTEEL,20220111,15:26,648.90,648.90,648.05,648.15,22870,0
JSWSTEEL,20220111,15:27,648.10,648.70,648.05,648.60,18413,0
JSWSTEEL,20220111,15:28,648.55,649.00,648.50,648.80,25653,0
JSWSTEEL,20220111,15:29,648.75,649.40,648.75,649.25,32146,0
JSWSTEEL,20220111,15:30,649.15,649.40,649.00,649.20,15731,0
JSWSTEEL,20220111,15:31,649.20,649.20,649.20,649.20,2,0
JSWSTEEL,20220111,15:32,645.70,645.70,645.70,645.70,0,0
JSWSTEEL,20220111,15:41,645.70,645.70,645.70,645.70,20,0
JSWSTEEL,20220111,16:47,645.70,645.70,645.70,645.70,0,0
