ASHOKLEY,20180209,09:08,131,131,131,131,31282
ASHOKLEY,20180209,09:16,131.35,131.95,131.1,131.8,137360
ASHOKLEY,20180209,09:17,131.85,132.5,131.8,132.4,137411
ASHOKLEY,20180209,09:18,132.4,132.75,132.35,132.7,103679
ASHOKLEY,20180209,09:19,132.65,133.4,132.6,133.25,129127
ASHOKLEY,20180209,09:20,133.25,133.35,133,133.15,118955
ASHOKLEY,20180209,09:21,133.2,133.25,132.9,133,104314
ASHOKLEY,20180209,09:22,133,133.5,132.9,133.45,86477
ASHOKLEY,20180209,09:23,133.4,133.55,133.25,133.55,84178
ASHOKLEY,20180209,09:24,133.6,133.7,133,133,73395
ASHOKLEY,20180209,09:25,133,133,132.45,132.55,55605
ASHOKLEY,20180209,09:26,132.6,133,132.5,133,40115
ASHOKLEY,20180209,09:27,133,133.2,133,133.2,29431
ASHOKLEY,20180209,09:28,133.15,133.35,133.15,133.2,29308
ASHOKLEY,20180209,09:29,133.25,133.3,133.15,133.15,17925
ASHOKLEY,20180209,09:30,133.15,133.15,133,133,24424
ASHOKLEY,20180209,09:31,132.9,132.9,132.7,132.75,57859
ASHOKLEY,20180209,09:32,132.75,133.05,132.75,133.05,35162
ASHOKLEY,20180209,09:33,133,133.3,133,133.3,32931
ASHOKLEY,20180209,09:34,133.45,133.45,133,133,99807
ASHOKLEY,20180209,09:35,133,133.2,132.9,132.95,50446
ASHOKLEY,20180209,09:36,133,133.15,132.95,133.05,58214
ASHOKLEY,20180209,09:37,133,133.15,133,133.05,10389
ASHOKLEY,20180209,09:38,133.05,133.15,132.8,132.9,54896
ASHOKLEY,20180209,09:39,132.9,133.15,132.85,133.1,21608
ASHOKLEY,20180209,09:40,133,133.1,132.9,132.95,30972
ASHOKLEY,20180209,09:41,132.95,132.95,132.8,132.95,19716
ASHOKLEY,20180209,09:42,132.9,133,132.9,132.95,15172
ASHOKLEY,20180209,09:43,133,133.15,132.95,133.1,25478
ASHOKLEY,20180209,09:44,133.1,133.2,133,133.2,18830
ASHOKLEY,20180209,09:45,133.15,133.2,133.05,133.1,25976
ASHOKLEY,20180209,09:46,133.05,133.2,132.9,133.05,30801
ASHOKLEY,20180209,09:47,133.15,133.15,132.9,132.9,31398
ASHOKLEY,20180209,09:48,133,133.3,132.95,133.25,43931
ASHOKLEY,20180209,09:49,133.25,133.25,133.05,133.05,66543
ASHOKLEY,20180209,09:50,133.1,133.3,133.05,133.3,33913
ASHOKLEY,20180209,09:51,133.3,133.65,133.25,133.45,90143
ASHOKLEY,20180209,09:52,133.6,133.6,133.2,133.3,48064
ASHOKLEY,20180209,09:53,133.2,133.55,133.2,133.5,34815
ASHOKLEY,20180209,09:54,133.55,133.6,133.45,133.6,29496
ASHOKLEY,20180209,09:55,133.6,133.6,133.3,133.45,40821
ASHOKLEY,20180209,09:56,133.45,133.6,133.35,133.55,35793
ASHOKLEY,20180209,09:57,133.55,133.55,133.4,133.45,33711
ASHOKLEY,20180209,09:58,133.45,133.5,133.3,133.3,38866
ASHOKLEY,20180209,09:59,133.35,133.35,133.15,133.35,34467
ASHOKLEY,20180209,10:00,133.3,133.4,133.3,133.4,29785
ASHOKLEY,20180209,10:01,133.4,133.5,133.4,133.45,16558
ASHOKLEY,20180209,10:02,133.35,133.8,133.35,133.7,97465
ASHOKLEY,20180209,10:03,133.75,134.25,133.55,134.25,147349
ASHOKLEY,20180209,10:04,134.2,134.5,134.2,134.3,141595
ASHOKLEY,20180209,10:05,134.35,134.4,134.2,134.2,84883
ASHOKLEY,20180209,10:06,134.2,134.35,134.15,134.25,37249
ASHOKLEY,20180209,10:07,134.25,134.65,134.2,134.55,109430
ASHOKLEY,20180209,10:08,134.55,134.7,134.55,134.7,96441
ASHOKLEY,20180209,10:09,134.6,134.75,134.6,134.65,37191
ASHOKLEY,20180209,10:10,134.7,134.75,134.6,134.6,63323
ASHOKLEY,20180209,10:11,134.65,134.8,134.6,134.8,55417
ASHOKLEY,20180209,10:12,134.8,134.8,134.4,134.4,70053
ASHOKLEY,20180209,10:13,134.4,134.5,134.4,134.4,20899
ASHOKLEY,20180209,10:14,134.4,134.5,134.4,134.5,15901
ASHOKLEY,20180209,10:15,134.5,134.6,134.4,134.55,19871
ASHOKLEY,20180209,10:16,134.6,134.7,134.3,134.45,66327
ASHOKLEY,20180209,10:17,134.35,134.55,134.2,134.25,64664
ASHOKLEY,20180209,10:18,134.2,134.35,134.1,134.15,31753
ASHOKLEY,20180209,10:19,134.1,134.15,134.05,134.15,18858
ASHOKLEY,20180209,10:20,134.15,134.4,134.15,134.4,26704
ASHOKLEY,20180209,10:21,134.4,134.45,134.3,134.35,47919
ASHOKLEY,20180209,10:22,134.35,134.5,134.25,134.5,47081
ASHOKLEY,20180209,10:23,134.45,134.5,134.45,134.5,14489
ASHOKLEY,20180209,10:24,134.45,134.75,134.35,134.6,93124
ASHOKLEY,20180209,10:25,134.65,134.75,134.6,134.7,39107
ASHOKLEY,20180209,10:26,134.75,135,134.7,134.85,104421
ASHOKLEY,20180209,10:27,134.85,134.9,134.75,134.75,31414
ASHOKLEY,20180209,10:28,134.8,134.85,134.65,134.7,49856
ASHOKLEY,20180209,10:29,134.7,134.85,134.65,134.75,19406
ASHOKLEY,20180209,10:30,134.75,134.75,134.6,134.7,13965
ASHOKLEY,20180209,10:31,134.7,134.7,134.65,134.65,17067
ASHOKLEY,20180209,10:32,134.7,134.75,134.6,134.7,14531
ASHOKLEY,20180209,10:33,134.65,134.7,134.4,134.5,68140
ASHOKLEY,20180209,10:34,134.5,134.6,134.5,134.6,48186
ASHOKLEY,20180209,10:35,134.55,134.65,134.55,134.55,10756
ASHOKLEY,20180209,10:36,134.6,134.7,134.5,134.5,64773
ASHOKLEY,20180209,10:37,134.55,134.55,134.5,134.5,47881
ASHOKLEY,20180209,10:38,134.5,134.65,134.5,134.65,134960
ASHOKLEY,20180209,10:39,134.6,134.75,134.55,134.65,40771
ASHOKLEY,20180209,10:40,134.65,134.85,134.55,134.55,32126
ASHOKLEY,20180209,10:41,134.6,134.7,134.5,134.55,18242
ASHOKLEY,20180209,10:42,134.6,134.6,134.5,134.55,88925
ASHOKLEY,20180209,10:43,134.55,134.65,134.5,134.5,15505
ASHOKLEY,20180209,10:44,134.5,134.55,134.45,134.55,83048
ASHOKLEY,20180209,10:45,134.55,134.6,134.5,134.5,133428
ASHOKLEY,20180209,10:46,134.5,134.6,134.5,134.5,67979
ASHOKLEY,20180209,10:47,134.6,134.75,134.5,134.7,23074
ASHOKLEY,20180209,10:48,134.8,135.35,134.7,135.35,179021
ASHOKLEY,20180209,10:49,135.4,135.4,135.1,135.35,94855
ASHOKLEY,20180209,10:50,135.3,135.75,135.15,135.6,187865
ASHOKLEY,20180209,10:51,135.6,135.6,135.2,135.3,70751
ASHOKLEY,20180209,10:52,135.4,135.6,135.25,135.5,56139
ASHOKLEY,20180209,10:53,135.5,135.65,135.35,135.35,63506
ASHOKLEY,20180209,10:54,135.35,135.45,134.95,135,60689
ASHOKLEY,20180209,10:55,135,135.1,134.85,135.05,41918
ASHOKLEY,20180209,10:56,135,135.1,134.95,135,24148
ASHOKLEY,20180209,10:57,135.05,135.3,135,135.3,28965
ASHOKLEY,20180209,10:58,135.15,135.4,135.15,135.35,21834
ASHOKLEY,20180209,10:59,135.3,135.3,135.05,135.2,21482
ASHOKLEY,20180209,11:00,135.2,135.25,135.1,135.2,16598
ASHOKLEY,20180209,11:01,135.2,135.25,135.15,135.15,21255
ASHOKLEY,20180209,11:02,135.2,135.2,135,135.05,45845
ASHOKLEY,20180209,11:03,135,135.05,134.85,134.85,35503
ASHOKLEY,20180209,11:04,134.85,135,134.8,135,36200
ASHOKLEY,20180209,11:05,134.9,135,134.85,134.95,18820
ASHOKLEY,20180209,11:06,134.9,134.95,134.85,134.9,7586
ASHOKLEY,20180209,11:07,134.85,134.9,134.75,134.8,32541
ASHOKLEY,20180209,11:08,134.75,134.85,134.5,134.55,55338
ASHOKLEY,20180209,11:09,134.5,134.7,134.5,134.55,48726
ASHOKLEY,20180209,11:10,134.55,134.7,134.45,134.6,140764
ASHOKLEY,20180209,11:11,134.6,134.7,134.5,134.6,36394
ASHOKLEY,20180209,11:12,134.65,134.7,134.55,134.6,112857
ASHOKLEY,20180209,11:13,134.6,134.7,134.55,134.65,10606
ASHOKLEY,20180209,11:14,134.6,134.75,134.6,134.7,28459
ASHOKLEY,20180209,11:15,134.7,134.7,134.6,134.65,14204
ASHOKLEY,20180209,11:16,134.7,134.75,134.6,134.65,23637
ASHOKLEY,20180209,11:17,134.65,134.7,134.55,134.55,10194
ASHOKLEY,20180209,11:18,134.6,134.6,134.5,134.5,93121
ASHOKLEY,20180209,11:19,134.5,134.65,134.5,134.55,10940
ASHOKLEY,20180209,11:20,134.5,134.6,134.5,134.5,42677
ASHOKLEY,20180209,11:21,134.55,134.55,134.45,134.45,27258
ASHOKLEY,20180209,11:22,134.45,134.5,134.1,134.2,86849
ASHOKLEY,20180209,11:23,134.25,134.3,134.1,134.3,64942
ASHOKLEY,20180209,11:24,134.3,134.4,133.7,133.9,218266
ASHOKLEY,20180209,11:25,133.75,133.85,133.4,133.5,253067
ASHOKLEY,20180209,11:26,133.45,133.6,132.95,133,426724
ASHOKLEY,20180209,11:27,133,133.55,133,133.45,407116
ASHOKLEY,20180209,11:28,133.5,133.8,133.3,133.5,308880
ASHOKLEY,20180209,11:29,133.65,133.65,133.05,133.2,266928
ASHOKLEY,20180209,11:30,133.15,133.25,133.05,133.15,108493
ASHOKLEY,20180209,11:31,133.15,133.35,133.15,133.3,45864
ASHOKLEY,20180209,11:32,133.3,133.35,133.1,133.25,134360
ASHOKLEY,20180209,11:33,133.25,133.3,133.15,133.25,61503
ASHOKLEY,20180209,11:34,133.25,133.45,133.2,133.35,39860
ASHOKLEY,20180209,11:35,133.45,133.5,133.4,133.5,20104
ASHOKLEY,20180209,11:36,133.45,133.55,133.45,133.5,7606
ASHOKLEY,20180209,11:37,133.5,133.75,133.45,133.65,62728
ASHOKLEY,20180209,11:38,133.65,133.65,133.6,133.6,10561
ASHOKLEY,20180209,11:39,133.65,133.7,133.6,133.7,17050
ASHOKLEY,20180209,11:40,133.65,133.7,133.6,133.65,16875
ASHOKLEY,20180209,11:41,133.65,133.65,133.6,133.65,26508
ASHOKLEY,20180209,11:42,133.65,133.65,133.55,133.6,8247
ASHOKLEY,20180209,11:43,133.6,133.6,133.5,133.55,15851
ASHOKLEY,20180209,11:44,133.5,133.55,133.45,133.45,18313
ASHOKLEY,20180209,11:45,133.5,133.5,133.4,133.5,6749
ASHOKLEY,20180209,11:46,133.5,133.5,133.3,133.35,25934
ASHOKLEY,20180209,11:47,133.4,133.5,133.35,133.5,14144
ASHOKLEY,20180209,11:48,133.45,133.5,133.35,133.35,14022
ASHOKLEY,20180209,11:49,133.35,133.4,133.3,133.3,18864
ASHOKLEY,20180209,11:50,133.3,133.4,133.3,133.4,16421
ASHOKLEY,20180209,11:51,133.4,133.6,133.35,133.6,62955
ASHOKLEY,20180209,11:52,133.6,133.6,133.45,133.6,7736
ASHOKLEY,20180209,11:53,133.6,133.6,133.5,133.6,12930
ASHOKLEY,20180209,11:54,133.55,133.65,133.55,133.65,18099
ASHOKLEY,20180209,11:55,133.7,133.95,133.7,133.9,76405
ASHOKLEY,20180209,11:56,133.9,133.9,133.8,133.8,19591
ASHOKLEY,20180209,11:57,133.85,133.9,133.75,133.85,20301
ASHOKLEY,20180209,11:58,133.9,133.95,133.85,133.95,15038
ASHOKLEY,20180209,11:59,133.95,134,133.9,134,13456
ASHOKLEY,20180209,12:00,134,134.05,133.95,134,15048
ASHOKLEY,20180209,12:01,134,134.25,134,134.1,73708
ASHOKLEY,20180209,12:02,134.15,134.3,134,134,63075
ASHOKLEY,20180209,12:03,134,134.15,134,134.1,7034
ASHOKLEY,20180209,12:04,134.1,134.1,134,134,36550
ASHOKLEY,20180209,12:05,134.1,134.1,134,134.05,7739
ASHOKLEY,20180209,12:06,134.05,134.2,134.05,134.1,78921
ASHOKLEY,20180209,12:07,134.1,134.2,134.1,134.2,23572
ASHOKLEY,20180209,12:08,134.15,134.2,134.1,134.2,27410
ASHOKLEY,20180209,12:09,134.2,134.3,133.8,133.8,79242
ASHOKLEY,20180209,12:10,133.9,134,133.9,134,6428
ASHOKLEY,20180209,12:11,133.95,134,133.8,133.8,12033
ASHOKLEY,20180209,12:12,133.8,133.8,133.5,133.65,63418
ASHOKLEY,20180209,12:13,133.7,133.95,133.65,133.95,10112
ASHOKLEY,20180209,12:14,133.95,134,133.9,134,8180
ASHOKLEY,20180209,12:15,134,134,133.85,133.9,18776
ASHOKLEY,20180209,12:16,133.9,133.95,133.8,133.9,10570
ASHOKLEY,20180209,12:17,133.85,133.95,133.8,133.8,2718
ASHOKLEY,20180209,12:18,133.9,133.9,133.8,133.8,2743
ASHOKLEY,20180209,12:19,133.8,133.85,133.7,133.7,34269
ASHOKLEY,20180209,12:20,133.6,133.7,133.55,133.6,8266
ASHOKLEY,20180209,12:21,133.6,133.65,133.55,133.6,16244
ASHOKLEY,20180209,12:22,133.55,133.75,133.55,133.7,22273
ASHOKLEY,20180209,12:23,133.75,133.75,133.6,133.7,4782
ASHOKLEY,20180209,12:24,133.7,133.9,133.65,133.8,8648
ASHOKLEY,20180209,12:25,133.85,133.85,133.65,133.7,12877
ASHOKLEY,20180209,12:26,133.7,133.95,133.7,133.95,15862
ASHOKLEY,20180209,12:27,133.95,134,133.9,134,5265
ASHOKLEY,20180209,12:28,133.95,134,133.9,133.9,15798
ASHOKLEY,20180209,12:29,133.95,134.15,133.95,134,46876
ASHOKLEY,20180209,12:30,134,134.15,133.95,133.95,63073
ASHOKLEY,20180209,12:31,133.95,134,133.95,133.95,69955
ASHOKLEY,20180209,12:32,134,134.4,133.95,134.4,82168
ASHOKLEY,20180209,12:33,134.3,134.35,134.15,134.15,39528
ASHOKLEY,20180209,12:34,134.25,134.35,134.15,134.25,57147
ASHOKLEY,20180209,12:35,134.2,134.3,134.1,134.1,19257
ASHOKLEY,20180209,12:36,134.2,134.2,134,134,12293
ASHOKLEY,20180209,12:37,134,134.1,133.8,133.85,38205
ASHOKLEY,20180209,12:38,133.85,134,133.8,133.95,4989
ASHOKLEY,20180209,12:39,134,134,133.9,134,14362
ASHOKLEY,20180209,12:40,133.95,134,133.9,133.95,18189
ASHOKLEY,20180209,12:41,134,134,133.8,133.8,29450
ASHOKLEY,20180209,12:42,133.85,134,133.8,133.9,14904
ASHOKLEY,20180209,12:43,134,134,133.9,133.95,10416
ASHOKLEY,20180209,12:44,134,134.1,133.95,134.05,27003
ASHOKLEY,20180209,12:45,134.05,134.1,133.9,133.95,13701
ASHOKLEY,20180209,12:46,133.9,133.95,133.8,133.9,74207
ASHOKLEY,20180209,12:47,133.95,134,133.85,133.85,16215
ASHOKLEY,20180209,12:48,133.9,133.9,133.8,133.9,42916
ASHOKLEY,20180209,12:49,133.9,134,133.9,133.9,33571
ASHOKLEY,20180209,12:50,133.9,133.95,133.8,133.85,23960
ASHOKLEY,20180209,12:51,133.85,133.95,133.85,133.95,10695
ASHOKLEY,20180209,12:52,133.9,133.95,133.8,133.95,3216
ASHOKLEY,20180209,12:53,133.85,133.95,133.85,133.85,6455
ASHOKLEY,20180209,12:54,133.9,133.95,133.85,133.95,6418
ASHOKLEY,20180209,12:55,133.9,134,133.85,134,14580
ASHOKLEY,20180209,12:56,134,134,133.85,134,7022
ASHOKLEY,20180209,12:57,134,134.85,133.9,134.5,416372
ASHOKLEY,20180209,12:58,134.5,134.85,134.4,134.7,93844
ASHOKLEY,20180209,12:59,134.8,134.95,134.6,134.85,174084
ASHOKLEY,20180209,13:00,134.8,134.95,134.65,134.75,91159
ASHOKLEY,20180209,13:01,134.7,134.8,134.65,134.7,25697
ASHOKLEY,20180209,13:02,134.7,134.75,134.5,134.5,54921
ASHOKLEY,20180209,13:03,134.55,134.65,134.5,134.55,58059
ASHOKLEY,20180209,13:04,134.55,134.6,134.35,134.4,18081
ASHOKLEY,20180209,13:05,134.35,134.7,134.35,134.55,40884
ASHOKLEY,20180209,13:06,134.55,134.85,134.55,134.8,97340
ASHOKLEY,20180209,13:07,134.7,135.2,134.7,135.1,219500
ASHOKLEY,20180209,13:08,135.1,135.2,135,135.1,84882
ASHOKLEY,20180209,13:09,135.1,135.25,135,135.15,62374
ASHOKLEY,20180209,13:10,135.2,135.2,135,135,26294
ASHOKLEY,20180209,13:11,135.05,135.1,134.9,134.9,30040
ASHOKLEY,20180209,13:12,135,135,134.8,134.85,30252
ASHOKLEY,20180209,13:13,134.85,135,134.8,135,34975
ASHOKLEY,20180209,13:14,134.95,135,134.85,134.95,15568
ASHOKLEY,20180209,13:15,135.05,135.05,134.9,135,12494
ASHOKLEY,20180209,13:16,135,135,134.85,134.9,10010
ASHOKLEY,20180209,13:17,134.85,134.9,134.8,134.8,6780
ASHOKLEY,20180209,13:18,134.85,134.95,134.8,134.85,14598
ASHOKLEY,20180209,13:19,134.9,134.95,134.85,134.9,5963
ASHOKLEY,20180209,13:20,134.9,134.9,134.8,134.8,10189
ASHOKLEY,20180209,13:21,134.8,134.85,134.8,134.8,10754
ASHOKLEY,20180209,13:22,134.75,134.8,134.6,134.7,51602
ASHOKLEY,20180209,13:23,134.65,134.7,134.6,134.65,10014
ASHOKLEY,20180209,13:24,134.65,134.7,134.6,134.65,8573
ASHOKLEY,20180209,13:25,134.65,134.65,134.55,134.55,19325
ASHOKLEY,20180209,13:26,134.55,134.65,134.55,134.6,12970
ASHOKLEY,20180209,13:27,134.6,134.7,134.55,134.7,35281
ASHOKLEY,20180209,13:28,134.65,134.7,134.55,134.6,11678
ASHOKLEY,20180209,13:29,134.6,134.7,134.6,134.65,5136
ASHOKLEY,20180209,13:30,134.65,134.7,134.6,134.6,7405
ASHOKLEY,20180209,13:31,134.6,134.65,134.3,134.5,73062
ASHOKLEY,20180209,13:32,134.5,134.55,134.25,134.55,53476
ASHOKLEY,20180209,13:33,134.5,134.7,134.5,134.6,59656
ASHOKLEY,20180209,13:34,134.65,134.85,134.6,134.75,33889
ASHOKLEY,20180209,13:35,134.75,134.85,134.7,134.75,20470
ASHOKLEY,20180209,13:36,134.75,134.75,134.5,134.55,19503
ASHOKLEY,20180209,13:37,134.55,134.65,134.5,134.65,14915
ASHOKLEY,20180209,13:38,134.65,134.8,134.65,134.7,12722
ASHOKLEY,20180209,13:39,134.65,134.7,134.6,134.6,16113
ASHOKLEY,20180209,13:40,134.65,134.65,134.5,134.5,16353
ASHOKLEY,20180209,13:41,134.5,134.55,134.3,134.3,27927
ASHOKLEY,20180209,13:42,134.3,134.45,134.25,134.45,18922
ASHOKLEY,20180209,13:43,134.45,134.5,134.4,134.5,3616
ASHOKLEY,20180209,13:44,134.5,134.65,134.45,134.5,34927
ASHOKLEY,20180209,13:45,134.55,134.55,134.4,134.4,13251
ASHOKLEY,20180209,13:46,134.4,134.45,134.3,134.35,66942
ASHOKLEY,20180209,13:47,134.35,134.4,134.3,134.35,12697
ASHOKLEY,20180209,13:48,134.3,134.55,134.3,134.4,33841
ASHOKLEY,20180209,13:49,134.4,134.5,134.4,134.5,3421
ASHOKLEY,20180209,13:50,134.5,134.55,134.45,134.45,12705
ASHOKLEY,20180209,13:51,134.45,134.5,134.45,134.5,4488
ASHOKLEY,20180209,13:52,134.5,134.5,134.45,134.45,5979
ASHOKLEY,20180209,13:53,134.5,134.6,134.45,134.45,41945
ASHOKLEY,20180209,13:54,134.5,134.55,134.45,134.55,10917
ASHOKLEY,20180209,13:55,134.5,134.55,134.5,134.55,7742
ASHOKLEY,20180209,13:56,134.5,134.55,134.5,134.55,8416
ASHOKLEY,20180209,13:57,134.5,134.55,134.45,134.45,14145
ASHOKLEY,20180209,13:58,134.45,134.5,134.4,134.45,5341
ASHOKLEY,20180209,13:59,134.4,134.5,134.4,134.45,17369
ASHOKLEY,20180209,14:00,134.5,134.55,134.45,134.45,24244
ASHOKLEY,20180209,14:01,134.4,134.4,134.3,134.3,17402
ASHOKLEY,20180209,14:02,134.3,134.4,134.3,134.35,21390
ASHOKLEY,20180209,14:03,134.35,134.5,134.3,134.45,29411
ASHOKLEY,20180209,14:04,134.4,134.4,134.35,134.4,11760
ASHOKLEY,20180209,14:05,134.4,134.4,134.35,134.35,11808
ASHOKLEY,20180209,14:06,134.4,134.4,134.3,134.3,7595
ASHOKLEY,20180209,14:07,134.3,134.4,134.2,134.35,44638
ASHOKLEY,20180209,14:08,134.35,134.45,134.3,134.35,31232
ASHOKLEY,20180209,14:09,134.35,134.45,134.35,134.4,7388
ASHOKLEY,20180209,14:10,134.35,134.5,134.25,134.45,42223
ASHOKLEY,20180209,14:11,134.5,134.55,134.4,134.45,22986
ASHOKLEY,20180209,14:12,134.4,134.55,134.4,134.5,18054
ASHOKLEY,20180209,14:13,134.5,134.5,134.35,134.35,13388
ASHOKLEY,20180209,14:14,134.4,134.4,134.3,134.35,7522
ASHOKLEY,20180209,14:15,134.35,134.35,134.3,134.3,7030
ASHOKLEY,20180209,14:16,134.35,134.45,134.3,134.35,20953
ASHOKLEY,20180209,14:17,134.3,134.55,134.3,134.55,25575
ASHOKLEY,20180209,14:18,134.55,134.6,134.45,134.5,39940
ASHOKLEY,20180209,14:19,134.45,134.55,134.45,134.5,14827
ASHOKLEY,20180209,14:20,134.5,134.5,134.4,134.4,34669
ASHOKLEY,20180209,14:21,134.45,134.5,134.4,134.4,9443
ASHOKLEY,20180209,14:22,134.4,134.45,134.4,134.45,8818
ASHOKLEY,20180209,14:23,134.45,134.55,134.45,134.55,29478
ASHOKLEY,20180209,14:24,134.5,134.5,134.4,134.5,5239
ASHOKLEY,20180209,14:25,134.5,134.5,134.3,134.3,64064
ASHOKLEY,20180209,14:26,134.3,134.3,134.2,134.2,27006
ASHOKLEY,20180209,14:27,134.25,134.3,134.2,134.25,19967
ASHOKLEY,20180209,14:28,134.3,134.3,134.05,134.1,28049
ASHOKLEY,20180209,14:29,134.1,134.15,133.8,133.8,73844
ASHOKLEY,20180209,14:30,133.8,134.1,133.8,134.05,55146
ASHOKLEY,20180209,14:31,134.05,134.15,134.05,134.05,27214
ASHOKLEY,20180209,14:32,134.05,134.15,134.05,134.15,16227
ASHOKLEY,20180209,14:33,134.15,134.15,133.9,133.95,11361
ASHOKLEY,20180209,14:34,133.95,134.05,133.9,133.95,30684
ASHOKLEY,20180209,14:35,134,134.1,133.95,134.1,38881
ASHOKLEY,20180209,14:36,134.1,134.1,133.85,133.85,19576
ASHOKLEY,20180209,14:37,133.85,133.85,133.5,133.65,55317
ASHOKLEY,20180209,14:38,133.65,133.65,133.5,133.5,47935
ASHOKLEY,20180209,14:39,133.5,133.55,133.2,133.2,41774
ASHOKLEY,20180209,14:40,133.25,133.85,133.25,133.8,57304
ASHOKLEY,20180209,14:41,133.75,133.85,133.4,133.6,104674
ASHOKLEY,20180209,14:42,133.55,133.6,133.45,133.5,15581
ASHOKLEY,20180209,14:43,133.5,133.8,133.45,133.8,25378
ASHOKLEY,20180209,14:44,133.8,133.85,133.65,133.7,16728
ASHOKLEY,20180209,14:45,133.7,133.85,133.7,133.8,15141
ASHOKLEY,20180209,14:46,133.85,134.1,133.85,134.05,73658
ASHOKLEY,20180209,14:47,134.1,134.25,134,134.05,86549
ASHOKLEY,20180209,14:48,134,134,133.85,133.85,52504
ASHOKLEY,20180209,14:49,133.9,133.9,133.75,133.85,32012
ASHOKLEY,20180209,14:50,133.85,134.05,133.85,133.9,68859
ASHOKLEY,20180209,14:51,134,134,133.85,133.95,19402
ASHOKLEY,20180209,14:52,133.95,134.2,133.95,134.15,40842
ASHOKLEY,20180209,14:53,134.15,134.25,134.15,134.15,25829
ASHOKLEY,20180209,14:54,134.15,134.2,134.1,134.15,22441
ASHOKLEY,20180209,14:55,134.1,134.25,134,134.15,40813
ASHOKLEY,20180209,14:56,134.15,134.2,134.1,134.1,11394
ASHOKLEY,20180209,14:57,134.1,134.2,134.1,134.1,20011
ASHOKLEY,20180209,14:58,134.15,134.15,134.05,134.1,30442
ASHOKLEY,20180209,14:59,134.05,134.1,133.9,133.9,50768
ASHOKLEY,20180209,15:00,133.9,133.95,133.8,133.8,22220
ASHOKLEY,20180209,15:01,133.8,134,133.75,133.9,22887
ASHOKLEY,20180209,15:02,133.95,134,133.85,133.85,19792
ASHOKLEY,20180209,15:03,133.9,133.95,133.8,133.85,14290
ASHOKLEY,20180209,15:04,133.9,134,133.8,133.95,24621
ASHOKLEY,20180209,15:05,134,134,133.9,133.9,13373
ASHOKLEY,20180209,15:06,133.95,134.05,133.95,134,34720
ASHOKLEY,20180209,15:07,134,134,133.95,134,13195
ASHOKLEY,20180209,15:08,134,134.15,134,134.15,40198
ASHOKLEY,20180209,15:09,134.15,134.3,134.15,134.25,86839
ASHOKLEY,20180209,15:10,134.25,134.35,134.25,134.3,60242
ASHOKLEY,20180209,15:11,134.35,134.4,134.3,134.3,63986
ASHOKLEY,20180209,15:12,134.3,134.4,134.2,134.3,78211
ASHOKLEY,20180209,15:13,134.3,134.35,134.25,134.35,57049
ASHOKLEY,20180209,15:14,134.25,134.25,134.2,134.25,26976
ASHOKLEY,20180209,15:15,134.25,134.3,134.2,134.2,39907
ASHOKLEY,20180209,15:16,134.25,134.35,134.2,134.2,89056
ASHOKLEY,20180209,15:17,134.2,134.3,134.2,134.3,63612
ASHOKLEY,20180209,15:18,134.3,134.35,134.15,134.2,61994
ASHOKLEY,20180209,15:19,134.25,134.25,134.1,134.1,54936
ASHOKLEY,20180209,15:20,134.1,134.2,134.1,134.15,34135
ASHOKLEY,20180209,15:21,134.1,134.2,134.05,134.05,49497
ASHOKLEY,20180209,15:22,134.05,134.15,134.05,134.05,28369
ASHOKLEY,20180209,15:23,134.1,134.4,134.05,134.15,120332
ASHOKLEY,20180209,15:24,134.15,134.3,134.15,134.15,56131
ASHOKLEY,20180209,15:25,134.25,134.25,134.15,134.15,43945
ASHOKLEY,20180209,15:26,134.25,134.25,134.15,134.15,42824
ASHOKLEY,20180209,15:27,134.2,134.25,134.15,134.2,69579
ASHOKLEY,20180209,15:28,134.2,134.3,134.2,134.2,74514
ASHOKLEY,20180209,15:29,134.2,134.3,134.1,134.1,90985
ASHOKLEY,20180209,15:30,134.2,134.25,134.15,134.15,52515
ASHOKLEY,20180209,15:31,134.1,134.1,134.1,134.1,200
ASHOKLEY,20180209,15:32,134.2,134.2,134.2,134.2,1
ASHOKLEY,20180209,15:41,134.2,134.2,134.2,134.2,1239
ASHOKLEY,20180209,15:43,134.2,134.2,134.2,134.2,140
ASHOKLEY,20180209,15:44,134.2,134.2,134.2,134.2,250
ASHOKLEY,20180209,15:45,134.2,134.2,134.2,134.2,2200
ASHOKLEY,20180209,15:47,134.2,134.2,134.2,134.2,150
ASHOKLEY,20180209,15:50,134.2,134.2,134.2,134.2,4
ASHOKLEY,20180209,15:52,134.2,134.2,134.2,134.2,500
ASHOKLEY,20180209,15:54,134.2,134.2,134.2,134.2,25
ASHOKLEY,20180209,15:55,134.2,134.2,134.2,134.2,20
ASHOKLEY,20180209,15:56,134.2,134.2,134.2,134.2,100
ASHOKLEY,20180209,15:57,134.2,134.2,134.2,134.2,376
ASHOKLEY,20180209,15:58,134.2,134.2,134.2,134.2,100
ASHOKLEY,20180209,16:00,134.1,134.1,134.1,134.1,100
ASHOKLEY,20180209,16:36,134.2,134.2,134.2,134.2,1
