SRTRANSFIN,20220812,09:08,1406.00,1406.00,1406.00,1406.00,887,0
SRTRANSFIN,20220812,09:16,1397.70,1406.05,1397.70,1401.05,15065,0
SRTRANSFIN,20220812,09:17,1402.00,1405.40,1401.95,1404.85,7024,0
SRTRANSFIN,20220812,09:18,1404.60,1404.65,1400.70,1404.65,11984,0
SRTRANSFIN,20220812,09:19,1402.00,1402.00,1399.10,1400.40,7249,0
SRTRANSFIN,20220812,09:20,1400.90,1402.90,1399.75,1402.90,5687,0
SRTRANSFIN,20220812,09:21,1402.90,1402.90,1396.40,1400.15,6159,0
SRTRANSFIN,20220812,09:22,1400.00,1400.00,1398.40,1398.65,1591,0
SRTRANSFIN,20220812,09:23,1398.50,1398.60,1396.20,1396.20,2511,0
SRTRANSFIN,20220812,09:24,1396.55,1397.45,1395.85,1396.65,3587,0
SRTRANSFIN,20220812,09:25,1397.00,1398.00,1396.55,1397.50,1575,0
SRTRANSFIN,20220812,09:26,1398.50,1400.00,1398.10,1399.00,4003,0
SRTRANSFIN,20220812,09:27,1398.80,1399.80,1398.15,1398.15,963,0
SRTRANSFIN,20220812,09:28,1398.15,1399.40,1398.00,1398.35,612,0
SRTRANSFIN,20220812,09:29,1398.35,1399.80,1398.35,1398.75,2476,0
SRTRANSFIN,20220812,09:30,1398.60,1398.80,1398.00,1398.05,429,0
SRTRANSFIN,20220812,09:31,1398.00,1398.00,1397.00,1397.50,4191,0
SRTRANSFIN,20220812,09:32,1398.00,1400.00,1398.00,1399.40,773,0
SRTRANSFIN,20220812,09:33,1399.40,1399.95,1398.30,1398.30,2930,0
SRTRANSFIN,20220812,09:34,1399.00,1400.35,1399.00,1399.50,2983,0
SRTRANSFIN,20220812,09:35,1399.85,1399.85,1398.35,1398.45,586,0
SRTRANSFIN,20220812,09:36,1399.95,1402.35,1399.95,1402.30,683,0
SRTRANSFIN,20220812,09:37,1402.00,1402.00,1399.85,1400.90,921,0
SRTRANSFIN,20220812,09:38,1400.90,1401.30,1399.90,1400.00,1752,0
SRTRANSFIN,20220812,09:39,1399.30,1400.10,1399.00,1400.00,916,0
SRTRANSFIN,20220812,09:40,1399.45,1400.00,1398.65,1399.00,2187,0
SRTRANSFIN,20220812,09:41,1398.45,1399.10,1398.25,1398.25,1744,0
SRTRANSFIN,20220812,09:42,1398.75,1399.15,1397.00,1398.15,2107,0
SRTRANSFIN,20220812,09:43,1398.20,1401.60,1398.05,1400.00,3518,0
SRTRANSFIN,20220812,09:44,1400.00,1400.40,1399.65,1399.95,1560,0
SRTRANSFIN,20220812,09:45,1399.95,1399.95,1398.35,1398.95,731,0
SRTRANSFIN,20220812,09:46,1398.95,1401.35,1398.60,1400.65,1124,0
SRTRANSFIN,20220812,09:47,1400.65,1400.65,1398.40,1399.55,3909,0
SRTRANSFIN,20220812,09:48,1399.05,1399.50,1398.40,1398.40,1476,0
SRTRANSFIN,20220812,09:49,1398.85,1399.50,1398.35,1399.00,1309,0
SRTRANSFIN,20220812,09:50,1399.00,1400.45,1397.85,1400.35,3535,0
SRTRANSFIN,20220812,09:51,1400.35,1400.35,1399.45,1399.55,2003,0
SRTRANSFIN,20220812,09:52,1399.35,1399.55,1397.85,1398.30,1898,0
SRTRANSFIN,20220812,09:53,1398.85,1399.00,1397.50,1399.00,1583,0
SRTRANSFIN,20220812,09:54,1398.25,1398.85,1397.45,1398.00,1718,0
SRTRANSFIN,20220812,09:55,1397.65,1399.45,1397.35,1399.40,3872,0
SRTRANSFIN,20220812,09:56,1399.60,1399.60,1397.00,1397.90,3723,0
SRTRANSFIN,20220812,09:57,1398.00,1399.00,1398.00,1398.00,1814,0
SRTRANSFIN,20220812,09:58,1397.50,1398.00,1396.00,1396.30,2401,0
SRTRANSFIN,20220812,09:59,1396.30,1397.50,1396.30,1397.35,1392,0
SRTRANSFIN,20220812,10:00,1397.35,1398.10,1397.10,1397.60,2812,0
SRTRANSFIN,20220812,10:01,1397.10,1400.00,1396.05,1400.00,4003,0
SRTRANSFIN,20220812,10:02,1400.55,1401.00,1398.45,1398.45,2718,0
SRTRANSFIN,20220812,10:03,1397.85,1398.40,1397.15,1397.80,1883,0
SRTRANSFIN,20220812,10:04,1397.00,1398.30,1396.45,1397.95,2224,0
SRTRANSFIN,20220812,10:05,1397.10,1397.60,1396.75,1397.00,762,0
SRTRANSFIN,20220812,10:06,1396.90,1399.70,1396.90,1399.70,3860,0
SRTRANSFIN,20220812,10:07,1399.60,1400.00,1398.80,1399.80,2267,0
SRTRANSFIN,20220812,10:08,1399.00,1399.75,1398.15,1399.35,1065,0
SRTRANSFIN,20220812,10:09,1399.35,1399.35,1397.20,1397.45,1943,0
SRTRANSFIN,20220812,10:10,1397.45,1398.50,1397.00,1397.90,1651,0
SRTRANSFIN,20220812,10:11,1399.00,1399.00,1397.55,1397.70,1207,0
SRTRANSFIN,20220812,10:12,1397.70,1397.70,1396.20,1396.65,2669,0
SRTRANSFIN,20220812,10:13,1396.65,1399.00,1396.10,1398.90,3295,0
SRTRANSFIN,20220812,10:14,1398.35,1398.80,1397.00,1397.95,673,0
SRTRANSFIN,20220812,10:15,1397.95,1398.75,1397.00,1398.65,3380,0
SRTRANSFIN,20220812,10:16,1397.70,1398.60,1396.55,1396.55,907,0
SRTRANSFIN,20220812,10:17,1396.60,1396.60,1395.00,1395.15,3332,0
SRTRANSFIN,20220812,10:18,1395.30,1396.05,1394.00,1394.20,3579,0
SRTRANSFIN,20220812,10:19,1394.15,1395.45,1394.05,1395.00,1875,0
SRTRANSFIN,20220812,10:20,1394.85,1396.30,1394.75,1395.15,3719,0
SRTRANSFIN,20220812,10:21,1394.95,1394.95,1393.75,1394.85,7485,0
SRTRANSFIN,20220812,10:22,1394.85,1394.85,1393.00,1393.15,5362,0
SRTRANSFIN,20220812,10:23,1393.25,1393.25,1389.45,1390.95,14172,0
SRTRANSFIN,20220812,10:24,1390.25,1391.80,1390.05,1391.00,4184,0
SRTRANSFIN,20220812,10:25,1391.00,1392.00,1390.50,1390.50,2596,0
SRTRANSFIN,20220812,10:26,1390.60,1393.95,1390.60,1393.00,2808,0
SRTRANSFIN,20220812,10:27,1393.00,1394.00,1392.70,1393.00,1871,0
SRTRANSFIN,20220812,10:28,1392.85,1393.80,1392.85,1393.65,1368,0
SRTRANSFIN,20220812,10:29,1393.30,1393.30,1390.80,1391.65,3592,0
SRTRANSFIN,20220812,10:30,1391.80,1392.00,1391.35,1392.00,699,0
SRTRANSFIN,20220812,10:31,1392.00,1392.95,1391.35,1391.85,456,0
SRTRANSFIN,20220812,10:32,1391.85,1391.85,1389.10,1389.50,3184,0
SRTRANSFIN,20220812,10:33,1389.15,1390.75,1388.00,1389.10,3120,0
SRTRANSFIN,20220812,10:34,1389.25,1390.55,1389.00,1389.05,3208,0
SRTRANSFIN,20220812,10:35,1389.20,1389.20,1388.00,1389.05,2156,0
SRTRANSFIN,20220812,10:36,1388.50,1390.50,1388.15,1390.50,1817,0
SRTRANSFIN,20220812,10:37,1391.50,1391.55,1389.30,1389.95,1948,0
SRTRANSFIN,20220812,10:38,1389.40,1390.00,1389.15,1389.50,819,0
SRTRANSFIN,20220812,10:39,1389.70,1389.75,1389.15,1389.40,653,0
SRTRANSFIN,20220812,10:40,1389.20,1390.00,1389.20,1389.35,409,0
SRTRANSFIN,20220812,10:41,1389.35,1389.60,1389.15,1389.60,398,0
SRTRANSFIN,20220812,10:42,1390.00,1390.15,1389.15,1389.15,2010,0
SRTRANSFIN,20220812,10:43,1389.20,1389.55,1389.20,1389.50,73,0
SRTRANSFIN,20220812,10:44,1389.50,1389.50,1389.15,1389.15,1428,0
SRTRANSFIN,20220812,10:45,1389.20,1391.85,1389.00,1391.80,1021,0
SRTRANSFIN,20220812,10:46,1392.55,1393.35,1391.75,1391.75,2451,0
SRTRANSFIN,20220812,10:47,1391.75,1392.00,1391.65,1391.80,721,0
SRTRANSFIN,20220812,10:48,1391.80,1392.40,1391.80,1392.00,1019,0
SRTRANSFIN,20220812,10:49,1392.00,1392.65,1390.00,1390.00,3255,0
SRTRANSFIN,20220812,10:50,1390.00,1391.35,1390.00,1390.00,1687,0
SRTRANSFIN,20220812,10:51,1390.00,1390.60,1388.90,1390.00,3239,0
SRTRANSFIN,20220812,10:52,1390.00,1391.30,1389.10,1390.00,3268,0
SRTRANSFIN,20220812,10:53,1390.00,1391.15,1389.90,1389.90,4481,0
SRTRANSFIN,20220812,10:54,1389.90,1390.40,1389.15,1389.95,2605,0
SRTRANSFIN,20220812,10:55,1389.90,1390.00,1389.80,1390.00,1657,0
SRTRANSFIN,20220812,10:56,1389.50,1390.20,1389.10,1389.80,1382,0
SRTRANSFIN,20220812,10:57,1389.20,1389.80,1389.20,1389.80,524,0
SRTRANSFIN,20220812,10:58,1389.80,1389.90,1389.20,1389.30,375,0
SRTRANSFIN,20220812,10:59,1389.40,1389.40,1389.30,1389.30,311,0
SRTRANSFIN,20220812,11:00,1388.75,1389.45,1388.75,1389.45,2584,0
SRTRANSFIN,20220812,11:01,1389.45,1389.45,1388.50,1388.50,304,0
SRTRANSFIN,20220812,11:02,1388.95,1389.70,1388.95,1389.35,563,0
SRTRANSFIN,20220812,11:03,1389.70,1390.30,1389.70,1390.00,1014,0
SRTRANSFIN,20220812,11:04,1389.70,1390.00,1389.50,1389.50,2879,0
SRTRANSFIN,20220812,11:05,1389.50,1390.00,1389.40,1390.00,1107,0
SRTRANSFIN,20220812,11:06,1389.60,1389.70,1389.10,1389.45,3356,0
SRTRANSFIN,20220812,11:07,1389.50,1390.35,1389.50,1389.75,707,0
SRTRANSFIN,20220812,11:08,1390.00,1390.00,1389.50,1390.00,410,0
SRTRANSFIN,20220812,11:09,1390.00,1390.00,1389.55,1389.60,544,0
SRTRANSFIN,20220812,11:10,1390.00,1390.00,1388.50,1388.50,3538,0
SRTRANSFIN,20220812,11:11,1388.50,1390.80,1388.50,1389.75,1344,0
SRTRANSFIN,20220812,11:12,1390.00,1390.05,1389.25,1389.90,454,0
SRTRANSFIN,20220812,11:13,1389.25,1390.00,1389.00,1389.00,364,0
SRTRANSFIN,20220812,11:14,1389.00,1389.50,1388.55,1389.50,1088,0
SRTRANSFIN,20220812,11:15,1388.90,1390.40,1388.90,1390.25,899,0
SRTRANSFIN,20220812,11:16,1390.25,1390.85,1389.75,1389.95,3587,0
SRTRANSFIN,20220812,11:17,1390.00,1390.00,1389.55,1389.55,671,0
SRTRANSFIN,20220812,11:18,1389.40,1390.85,1388.40,1388.40,6732,0
SRTRANSFIN,20220812,11:19,1388.40,1389.50,1388.25,1388.85,2495,0
SRTRANSFIN,20220812,11:20,1388.80,1388.80,1388.50,1388.60,2027,0
SRTRANSFIN,20220812,11:21,1388.40,1388.60,1386.05,1386.90,7805,0
SRTRANSFIN,20220812,11:22,1386.90,1387.30,1386.85,1386.85,1014,0
SRTRANSFIN,20220812,11:23,1387.00,1387.75,1386.80,1387.75,546,0
SRTRANSFIN,20220812,11:24,1387.75,1387.80,1387.00,1387.40,1049,0
SRTRANSFIN,20220812,11:25,1387.40,1388.25,1386.90,1388.25,2443,0
SRTRANSFIN,20220812,11:26,1388.25,1388.30,1387.10,1387.10,2039,0
SRTRANSFIN,20220812,11:27,1387.10,1388.40,1387.10,1387.50,2857,0
SRTRANSFIN,20220812,11:28,1387.50,1388.05,1387.50,1388.05,1223,0
SRTRANSFIN,20220812,11:29,1388.15,1388.95,1388.15,1388.90,2124,0
SRTRANSFIN,20220812,11:30,1388.75,1389.05,1384.05,1385.80,14994,0
SRTRANSFIN,20220812,11:31,1385.20,1386.40,1383.55,1384.95,9667,0
SRTRANSFIN,20220812,11:32,1385.00,1385.00,1383.50,1384.95,4178,0
SRTRANSFIN,20220812,11:33,1384.95,1385.00,1384.80,1385.00,968,0
SRTRANSFIN,20220812,11:34,1385.00,1385.00,1384.75,1384.75,742,0
SRTRANSFIN,20220812,11:35,1384.90,1384.90,1383.25,1384.00,2899,0
SRTRANSFIN,20220812,11:36,1383.90,1384.00,1383.50,1384.00,1123,0
SRTRANSFIN,20220812,11:37,1384.00,1384.00,1381.85,1383.05,3328,0
SRTRANSFIN,20220812,11:38,1383.50,1383.90,1382.65,1383.90,623,0
SRTRANSFIN,20220812,11:39,1383.90,1384.75,1383.00,1384.60,2333,0
SRTRANSFIN,20220812,11:40,1384.75,1384.75,1382.90,1383.35,1013,0
SRTRANSFIN,20220812,11:41,1383.40,1383.85,1382.80,1383.75,1238,0
SRTRANSFIN,20220812,11:42,1383.75,1384.35,1383.00,1383.40,1988,0
SRTRANSFIN,20220812,11:43,1383.60,1383.65,1381.00,1382.85,8085,0
SRTRANSFIN,20220812,11:44,1382.75,1384.00,1382.00,1383.30,4798,0
SRTRANSFIN,20220812,11:45,1383.30,1383.85,1383.00,1383.85,2233,0
SRTRANSFIN,20220812,11:46,1383.80,1384.00,1382.70,1384.00,3476,0
SRTRANSFIN,20220812,11:47,1383.90,1383.90,1382.70,1382.75,1928,0
SRTRANSFIN,20220812,11:48,1383.00,1383.30,1380.00,1382.35,12244,0
SRTRANSFIN,20220812,11:49,1382.05,1382.90,1381.75,1382.90,2288,0
SRTRANSFIN,20220812,11:50,1382.35,1382.85,1382.20,1382.30,442,0
SRTRANSFIN,20220812,11:51,1382.50,1382.95,1382.30,1382.35,2790,0
SRTRANSFIN,20220812,11:52,1382.30,1382.45,1381.60,1381.60,1456,0
SRTRANSFIN,20220812,11:53,1381.65,1382.10,1381.65,1382.00,624,0
SRTRANSFIN,20220812,11:54,1382.30,1382.95,1380.00,1380.40,4361,0
SRTRANSFIN,20220812,11:55,1380.35,1380.50,1378.55,1380.00,5784,0
SRTRANSFIN,20220812,11:56,1380.00,1380.00,1379.35,1379.35,1332,0
SRTRANSFIN,20220812,11:57,1379.95,1380.00,1379.20,1379.90,771,0
SRTRANSFIN,20220812,11:58,1379.90,1379.90,1376.85,1378.00,4163,0
SRTRANSFIN,20220812,11:59,1378.00,1378.00,1376.45,1377.00,4996,0
SRTRANSFIN,20220812,12:00,1377.00,1377.00,1376.05,1376.80,1104,0
SRTRANSFIN,20220812,12:01,1376.80,1377.60,1376.40,1377.00,3064,0
SRTRANSFIN,20220812,12:02,1377.00,1377.00,1376.60,1377.00,1370,0
SRTRANSFIN,20220812,12:03,1376.80,1377.60,1376.65,1377.00,2093,0
SRTRANSFIN,20220812,12:04,1377.00,1377.55,1376.60,1377.00,2466,0
SRTRANSFIN,20220812,12:05,1376.85,1377.00,1376.70,1377.00,822,0
SRTRANSFIN,20220812,12:06,1377.00,1378.00,1376.70,1378.00,501,0
SRTRANSFIN,20220812,12:07,1378.00,1378.95,1377.55,1377.70,1186,0
SRTRANSFIN,20220812,12:08,1377.70,1378.00,1377.70,1378.00,1039,0
SRTRANSFIN,20220812,12:09,1378.00,1378.80,1377.70,1378.75,3393,0
SRTRANSFIN,20220812,12:10,1378.00,1378.75,1378.00,1378.75,1538,0
SRTRANSFIN,20220812,12:11,1379.15,1380.00,1379.15,1379.35,1102,0
SRTRANSFIN,20220812,12:12,1380.00,1380.45,1379.40,1379.80,1673,0
SRTRANSFIN,20220812,12:13,1380.00,1380.00,1379.80,1379.85,1010,0
SRTRANSFIN,20220812,12:14,1379.85,1379.85,1379.10,1379.10,1530,0
SRTRANSFIN,20220812,12:15,1379.00,1379.45,1378.50,1378.55,761,0
SRTRANSFIN,20220812,12:16,1378.40,1378.95,1377.85,1378.55,818,0
SRTRANSFIN,20220812,12:17,1378.80,1378.80,1376.75,1376.75,463,0
SRTRANSFIN,20220812,12:18,1376.85,1378.10,1376.85,1378.10,718,0
SRTRANSFIN,20220812,12:19,1378.00,1378.00,1376.90,1376.90,449,0
SRTRANSFIN,20220812,12:20,1376.85,1377.40,1376.65,1376.65,505,0
SRTRANSFIN,20220812,12:21,1376.75,1376.95,1376.30,1376.70,772,0
SRTRANSFIN,20220812,12:22,1376.85,1376.90,1375.70,1375.70,1559,0
SRTRANSFIN,20220812,12:23,1375.70,1375.70,1373.40,1374.40,4269,0
SRTRANSFIN,20220812,12:24,1373.50,1376.55,1373.50,1376.00,4058,0
SRTRANSFIN,20220812,12:25,1376.00,1377.40,1375.65,1376.85,1070,0
SRTRANSFIN,20220812,12:26,1377.40,1377.60,1376.40,1377.15,1636,0
SRTRANSFIN,20220812,12:27,1376.95,1377.80,1376.75,1377.80,2731,0
SRTRANSFIN,20220812,12:28,1377.65,1378.20,1377.00,1377.90,782,0
SRTRANSFIN,20220812,12:29,1377.10,1377.40,1376.75,1376.85,2429,0
SRTRANSFIN,20220812,12:30,1376.80,1377.00,1376.00,1376.00,702,0
SRTRANSFIN,20220812,12:31,1376.10,1378.00,1376.10,1378.00,496,0
SRTRANSFIN,20220812,12:32,1377.70,1378.00,1376.65,1377.70,415,0
SRTRANSFIN,20220812,12:33,1377.70,1378.85,1377.70,1377.85,565,0
SRTRANSFIN,20220812,12:34,1377.85,1378.60,1377.85,1378.00,252,0
SRTRANSFIN,20220812,12:35,1378.00,1378.45,1377.20,1377.25,4560,0
SRTRANSFIN,20220812,12:36,1377.25,1377.95,1377.20,1377.20,331,0
SRTRANSFIN,20220812,12:37,1377.35,1377.90,1376.25,1376.25,1088,0
SRTRANSFIN,20220812,12:38,1376.75,1376.95,1376.15,1376.95,372,0
SRTRANSFIN,20220812,12:39,1376.90,1376.95,1375.65,1376.00,610,0
SRTRANSFIN,20220812,12:40,1376.00,1376.55,1374.60,1374.60,3212,0
SRTRANSFIN,20220812,12:41,1374.60,1375.00,1372.15,1372.20,2363,0
SRTRANSFIN,20220812,12:42,1372.75,1373.00,1371.10,1373.00,5473,0
SRTRANSFIN,20220812,12:43,1373.00,1373.00,1369.10,1370.05,16739,0
SRTRANSFIN,20220812,12:44,1370.70,1372.00,1370.00,1372.00,7577,0
SRTRANSFIN,20220812,12:45,1372.00,1372.00,1371.60,1371.60,1983,0
SRTRANSFIN,20220812,12:46,1371.80,1372.00,1371.00,1371.45,664,0
SRTRANSFIN,20220812,12:47,1371.20,1371.75,1370.40,1370.55,2004,0
SRTRANSFIN,20220812,12:48,1370.55,1372.00,1370.00,1371.65,2956,0
SRTRANSFIN,20220812,12:49,1371.60,1371.85,1371.60,1371.85,730,0
SRTRANSFIN,20220812,12:50,1371.85,1372.55,1371.60,1372.35,1035,0
SRTRANSFIN,20220812,12:51,1372.15,1372.45,1371.10,1372.15,1469,0
SRTRANSFIN,20220812,12:52,1372.95,1373.65,1372.25,1373.00,1951,0
SRTRANSFIN,20220812,12:53,1373.60,1374.80,1373.00,1374.75,1311,0
SRTRANSFIN,20220812,12:54,1374.75,1375.00,1373.60,1374.35,1744,0
SRTRANSFIN,20220812,12:55,1374.35,1374.35,1372.05,1372.70,680,0
SRTRANSFIN,20220812,12:56,1372.90,1373.85,1372.15,1373.00,20765,0
SRTRANSFIN,20220812,12:57,1373.00,1373.00,1372.00,1372.10,776,0
SRTRANSFIN,20220812,12:58,1372.10,1372.30,1371.70,1371.70,302,0
SRTRANSFIN,20220812,12:59,1372.75,1372.80,1372.15,1372.40,881,0
SRTRANSFIN,20220812,13:00,1372.05,1372.75,1372.00,1372.75,2070,0
SRTRANSFIN,20220812,13:01,1372.80,1372.95,1372.05,1372.95,491,0
SRTRANSFIN,20220812,13:02,1372.50,1373.00,1371.00,1371.00,2654,0
SRTRANSFIN,20220812,13:03,1371.65,1371.65,1371.10,1371.15,489,0
SRTRANSFIN,20220812,13:04,1371.75,1371.90,1371.20,1371.80,730,0
SRTRANSFIN,20220812,13:05,1371.50,1372.75,1371.50,1371.75,702,0
SRTRANSFIN,20220812,13:06,1371.75,1372.80,1371.50,1371.95,925,0
SRTRANSFIN,20220812,13:07,1372.80,1372.80,1371.65,1371.65,667,0
SRTRANSFIN,20220812,13:08,1371.95,1372.75,1371.40,1371.55,1364,0
SRTRANSFIN,20220812,13:09,1371.55,1372.70,1371.55,1372.50,442,0
SRTRANSFIN,20220812,13:10,1373.00,1373.75,1372.70,1373.55,1559,0
SRTRANSFIN,20220812,13:11,1373.75,1376.40,1373.50,1375.85,918,0
SRTRANSFIN,20220812,13:12,1376.00,1376.90,1374.35,1374.70,699,0
SRTRANSFIN,20220812,13:13,1375.00,1375.75,1374.30,1375.50,50550,0
SRTRANSFIN,20220812,13:14,1374.80,1375.50,1374.00,1374.00,720,0
SRTRANSFIN,20220812,13:15,1374.05,1374.05,1373.10,1373.10,383,0
SRTRANSFIN,20220812,13:16,1373.15,1375.25,1373.15,1374.00,1289,0
SRTRANSFIN,20220812,13:17,1375.10,1375.50,1374.15,1375.50,547,0
SRTRANSFIN,20220812,13:18,1375.50,1375.50,1374.85,1375.00,361,0
SRTRANSFIN,20220812,13:19,1375.00,1376.65,1374.80,1374.80,1149,0
SRTRANSFIN,20220812,13:20,1374.80,1375.20,1374.40,1374.40,524,0
SRTRANSFIN,20220812,13:21,1375.00,1375.00,1373.15,1373.85,2469,0
SRTRANSFIN,20220812,13:22,1374.95,1375.00,1372.60,1373.20,3166,0
SRTRANSFIN,20220812,13:23,1372.25,1373.90,1372.25,1373.00,560,0
SRTRANSFIN,20220812,13:24,1373.00,1373.20,1372.50,1373.00,1136,0
SRTRANSFIN,20220812,13:25,1372.75,1372.95,1371.70,1371.70,1948,0
SRTRANSFIN,20220812,13:26,1371.95,1371.95,1371.00,1371.50,3413,0
SRTRANSFIN,20220812,13:27,1371.95,1371.95,1371.05,1371.35,386,0
SRTRANSFIN,20220812,13:28,1371.40,1374.50,1370.75,1374.50,3437,0
SRTRANSFIN,20220812,13:29,1373.60,1373.75,1373.50,1373.55,324,0
SRTRANSFIN,20220812,13:30,1373.65,1375.00,1373.55,1374.30,885,0
SRTRANSFIN,20220812,13:31,1374.90,1378.00,1374.60,1378.00,5417,0
SRTRANSFIN,20220812,13:32,1378.00,1378.90,1376.70,1377.75,1378,0
SRTRANSFIN,20220812,13:33,1377.15,1377.15,1376.15,1376.40,492,0
SRTRANSFIN,20220812,13:34,1376.55,1377.45,1376.45,1377.10,1018,0
SRTRANSFIN,20220812,13:35,1377.60,1377.65,1372.30,1372.50,5043,0
SRTRANSFIN,20220812,13:36,1372.90,1373.40,1371.40,1371.40,1403,0
SRTRANSFIN,20220812,13:37,1371.40,1371.80,1371.00,1371.30,754,0
SRTRANSFIN,20220812,13:38,1371.65,1372.00,1371.30,1371.35,538,0
SRTRANSFIN,20220812,13:39,1371.65,1372.90,1371.65,1372.00,600,0
SRTRANSFIN,20220812,13:40,1372.05,1372.05,1371.30,1371.30,1029,0
SRTRANSFIN,20220812,13:41,1371.35,1371.65,1371.30,1371.60,471,0
SRTRANSFIN,20220812,13:42,1371.60,1372.65,1371.60,1372.15,433,0
SRTRANSFIN,20220812,13:43,1372.90,1373.50,1371.00,1371.00,4037,0
SRTRANSFIN,20220812,13:44,1372.20,1372.20,1371.00,1371.50,278,0
SRTRANSFIN,20220812,13:45,1371.50,1372.15,1371.50,1371.75,775,0
SRTRANSFIN,20220812,13:46,1371.20,1371.30,1370.00,1370.00,3472,0
SRTRANSFIN,20220812,13:47,1370.35,1370.75,1369.45,1370.50,4829,0
SRTRANSFIN,20220812,13:48,1371.20,1372.00,1369.00,1369.00,3345,0
SRTRANSFIN,20220812,13:49,1368.70,1369.40,1368.40,1369.40,700,0
SRTRANSFIN,20220812,13:50,1369.40,1369.40,1368.25,1368.35,860,0
SRTRANSFIN,20220812,13:51,1369.30,1370.00,1369.25,1370.00,1029,0
SRTRANSFIN,20220812,13:52,1369.40,1370.00,1369.00,1369.95,1522,0
SRTRANSFIN,20220812,13:53,1370.00,1370.00,1369.90,1370.00,716,0
SRTRANSFIN,20220812,13:54,1370.00,1370.90,1370.00,1370.25,656,0
SRTRANSFIN,20220812,13:55,1370.75,1371.00,1370.15,1370.15,1226,0
SRTRANSFIN,20220812,13:56,1370.20,1370.70,1370.00,1370.60,1070,0
SRTRANSFIN,20220812,13:57,1369.95,1370.00,1368.50,1369.00,2170,0
SRTRANSFIN,20220812,13:58,1369.50,1370.40,1369.00,1370.40,1514,0
SRTRANSFIN,20220812,13:59,1370.05,1370.50,1370.05,1370.50,586,0
SRTRANSFIN,20220812,14:00,1370.25,1372.00,1370.25,1372.00,500,0
SRTRANSFIN,20220812,14:01,1371.95,1374.00,1371.95,1374.00,1478,0
SRTRANSFIN,20220812,14:02,1374.00,1374.15,1373.50,1374.15,1349,0
SRTRANSFIN,20220812,14:03,1374.45,1375.00,1371.30,1373.00,6405,0
SRTRANSFIN,20220812,14:04,1372.80,1372.80,1372.20,1372.25,2559,0
SRTRANSFIN,20220812,14:05,1372.25,1372.25,1370.35,1370.35,1840,0
SRTRANSFIN,20220812,14:06,1371.00,1372.90,1371.00,1371.60,600,0
SRTRANSFIN,20220812,14:07,1372.35,1372.35,1371.60,1372.00,1137,0
SRTRANSFIN,20220812,14:08,1372.00,1373.00,1371.80,1373.00,657,0
SRTRANSFIN,20220812,14:09,1373.20,1374.00,1372.85,1373.15,914,0
SRTRANSFIN,20220812,14:10,1374.00,1374.00,1372.35,1372.35,1212,0
SRTRANSFIN,20220812,14:11,1372.65,1374.00,1372.65,1373.00,1691,0
SRTRANSFIN,20220812,14:12,1373.25,1374.00,1372.75,1373.00,2485,0
SRTRANSFIN,20220812,14:13,1373.00,1373.50,1372.60,1373.00,2037,0
SRTRANSFIN,20220812,14:14,1373.00,1374.00,1372.45,1372.50,10397,0
SRTRANSFIN,20220812,14:15,1372.50,1372.50,1371.60,1371.80,1432,0
SRTRANSFIN,20220812,14:16,1372.00,1372.55,1371.60,1372.55,864,0
SRTRANSFIN,20220812,14:17,1372.65,1373.85,1372.65,1373.60,371,0
SRTRANSFIN,20220812,14:18,1373.95,1374.00,1372.65,1373.10,600,0
SRTRANSFIN,20220812,14:19,1373.10,1373.60,1373.10,1373.20,282,0
SRTRANSFIN,20220812,14:20,1373.20,1373.60,1373.10,1373.45,753,0
SRTRANSFIN,20220812,14:21,1373.45,1373.50,1372.65,1372.65,441,0
SRTRANSFIN,20220812,14:22,1372.65,1372.70,1371.90,1371.90,1645,0
SRTRANSFIN,20220812,14:23,1371.60,1372.85,1371.00,1371.10,4860,0
SRTRANSFIN,20220812,14:24,1371.15,1371.60,1371.00,1371.00,38,0
SRTRANSFIN,20220812,14:25,1371.00,1371.65,1371.00,1371.45,624,0
SRTRANSFIN,20220812,14:26,1371.50,1371.80,1370.60,1371.10,1058,0
SRTRANSFIN,20220812,14:27,1371.10,1371.10,1370.10,1370.10,356,0
SRTRANSFIN,20220812,14:28,1370.45,1370.45,1369.30,1370.10,2349,0
SRTRANSFIN,20220812,14:29,1370.00,1370.40,1369.80,1370.40,1182,0
SRTRANSFIN,20220812,14:30,1370.25,1370.25,1369.25,1369.50,1696,0
SRTRANSFIN,20220812,14:31,1370.15,1371.05,1370.00,1370.80,636,0
SRTRANSFIN,20220812,14:32,1370.80,1371.60,1370.25,1370.25,665,0
SRTRANSFIN,20220812,14:33,1370.30,1370.50,1370.30,1370.45,368,0
SRTRANSFIN,20220812,14:34,1370.40,1370.55,1370.40,1370.50,668,0
SRTRANSFIN,20220812,14:35,1370.60,1371.05,1370.45,1371.00,1442,0
SRTRANSFIN,20220812,14:36,1370.95,1370.95,1370.10,1370.20,802,0
SRTRANSFIN,20220812,14:37,1370.00,1370.00,1368.50,1369.00,2484,0
SRTRANSFIN,20220812,14:38,1369.00,1369.25,1368.55,1369.05,753,0
SRTRANSFIN,20220812,14:39,1368.90,1369.55,1368.90,1368.95,1238,0
SRTRANSFIN,20220812,14:40,1368.90,1371.00,1368.55,1370.25,1758,0
SRTRANSFIN,20220812,14:41,1370.00,1372.50,1370.00,1372.05,6380,0
SRTRANSFIN,20220812,14:42,1372.00,1372.10,1372.00,1372.10,1585,0
SRTRANSFIN,20220812,14:43,1372.20,1372.20,1371.20,1371.20,867,0
SRTRANSFIN,20220812,14:44,1371.20,1371.25,1370.40,1370.40,2682,0
SRTRANSFIN,20220812,14:45,1370.40,1373.80,1370.40,1373.05,4429,0
SRTRANSFIN,20220812,14:46,1373.10,1373.10,1371.35,1372.15,3635,0
SRTRANSFIN,20220812,14:47,1372.80,1372.90,1371.35,1371.75,4817,0
SRTRANSFIN,20220812,14:48,1371.40,1371.40,1368.50,1370.00,6622,0
SRTRANSFIN,20220812,14:49,1370.00,1370.95,1370.00,1370.00,4242,0
SRTRANSFIN,20220812,14:50,1370.00,1370.10,1369.15,1369.90,734,0
SRTRANSFIN,20220812,14:51,1370.00,1370.00,1369.45,1369.95,1858,0
SRTRANSFIN,20220812,14:52,1369.45,1372.00,1369.45,1371.80,4309,0
SRTRANSFIN,20220812,14:53,1371.45,1371.45,1370.00,1370.00,6614,0
SRTRANSFIN,20220812,14:54,1370.25,1371.00,1370.10,1370.40,1992,0
SRTRANSFIN,20220812,14:55,1370.00,1370.95,1369.80,1369.80,2515,0
SRTRANSFIN,20220812,14:56,1370.00,1370.25,1369.80,1370.00,3358,0
SRTRANSFIN,20220812,14:57,1370.85,1372.00,1369.95,1372.00,1100,0
SRTRANSFIN,20220812,14:58,1372.00,1372.00,1369.90,1370.70,5144,0
SRTRANSFIN,20220812,14:59,1368.55,1370.00,1368.55,1369.45,3390,0
SRTRANSFIN,20220812,15:00,1369.30,1369.90,1369.30,1369.80,2403,0
SRTRANSFIN,20220812,15:01,1369.80,1372.80,1369.55,1372.80,10736,0
SRTRANSFIN,20220812,15:02,1372.25,1372.25,1370.40,1371.00,662,0
SRTRANSFIN,20220812,15:03,1370.95,1371.00,1370.20,1370.20,6261,0
SRTRANSFIN,20220812,15:04,1370.55,1370.55,1368.85,1368.85,4495,0
SRTRANSFIN,20220812,15:05,1368.50,1369.95,1368.50,1369.55,1182,0
SRTRANSFIN,20220812,15:06,1368.80,1369.55,1367.10,1367.35,3491,0
SRTRANSFIN,20220812,15:07,1367.05,1367.50,1365.15,1366.00,3008,0
SRTRANSFIN,20220812,15:08,1366.00,1366.00,1364.00,1364.55,3588,0
SRTRANSFIN,20220812,15:09,1364.90,1364.90,1362.55,1363.50,3029,0
SRTRANSFIN,20220812,15:10,1363.85,1364.00,1363.15,1363.90,1234,0
SRTRANSFIN,20220812,15:11,1363.45,1366.50,1363.35,1366.50,6132,0
SRTRANSFIN,20220812,15:12,1366.95,1368.05,1366.25,1367.90,1057,0
SRTRANSFIN,20220812,15:13,1367.90,1369.00,1367.50,1368.95,2993,0
SRTRANSFIN,20220812,15:14,1368.55,1369.50,1368.50,1369.00,2774,0
SRTRANSFIN,20220812,15:15,1368.75,1368.75,1367.90,1368.40,1710,0
SRTRANSFIN,20220812,15:16,1368.25,1370.10,1366.85,1367.85,71012,0
SRTRANSFIN,20220812,15:17,1368.50,1369.35,1367.20,1369.35,8587,0
SRTRANSFIN,20220812,15:18,1368.60,1369.20,1368.00,1368.00,2902,0
SRTRANSFIN,20220812,15:19,1368.00,1368.00,1365.55,1366.00,6971,0
SRTRANSFIN,20220812,15:20,1366.80,1369.50,1366.00,1369.40,4898,0
SRTRANSFIN,20220812,15:21,1369.00,1369.00,1366.70,1366.85,16696,0
SRTRANSFIN,20220812,15:22,1366.75,1367.15,1366.00,1367.00,6696,0
SRTRANSFIN,20220812,15:23,1367.00,1367.65,1366.00,1366.95,8234,0
SRTRANSFIN,20220812,15:24,1367.85,1367.85,1364.95,1365.20,4501,0
SRTRANSFIN,20220812,15:25,1365.15,1367.30,1365.15,1366.80,2881,0
SRTRANSFIN,20220812,15:26,1366.35,1366.35,1365.45,1366.20,2352,0
SRTRANSFIN,20220812,15:27,1366.15,1366.15,1365.00,1365.55,4298,0
SRTRANSFIN,20220812,15:28,1365.55,1367.55,1364.60,1366.85,4360,0
SRTRANSFIN,20220812,15:29,1366.80,1366.85,1364.70,1365.60,5530,0
SRTRANSFIN,20220812,15:30,1365.00,1366.80,1363.00,1365.00,3643,0
SRTRANSFIN,20220812,15:31,1365.00,1365.00,1365.00,1365.00,5,0
SRTRANSFIN,20220812,15:32,1367.95,1367.95,1367.95,1367.95,0,0
SRTRANSFIN,20220812,15:41,1367.95,1367.95,1367.95,1367.95,1,0
SRTRANSFIN,20220812,16:56,1367.95,1367.95,1367.95,1367.95,0,0
