BPCL,20210108,09:08,395.00,395.00,395.00,395.00,100,0
BPCL,20210108,09:16,394.25,395.60,394.25,395.60,622,0
BPCL,20210108,09:17,395.80,397.45,395.50,396.75,1597,0
BPCL,20210108,09:18,396.90,397.00,396.70,397.00,871,0
BPCL,20210108,09:19,396.95,397.50,396.90,397.20,663,0
BPCL,20210108,09:20,397.20,397.90,397.20,397.60,1550,0
BPCL,20210108,09:21,397.20,397.60,396.45,396.90,1132,0
BPCL,20210108,09:22,397.00,398.40,397.00,398.40,1457,0
BPCL,20210108,09:23,398.70,399.40,398.55,399.10,4093,0
BPCL,20210108,09:24,399.15,402.00,399.10,401.75,5119,0
BPCL,20210108,09:25,401.75,402.00,400.80,401.80,5420,0
BPCL,20210108,09:26,401.95,402.45,401.60,402.00,4950,0
BPCL,20210108,09:27,402.00,402.00,400.75,402.00,5490,0
BPCL,20210108,09:28,402.70,403.90,402.50,403.70,5830,0
BPCL,20210108,09:29,403.85,403.85,403.05,403.35,3199,0
BPCL,20210108,09:30,403.35,404.35,403.30,403.90,3236,0
BPCL,20210108,09:31,403.95,404.05,402.30,402.75,7203,0
BPCL,20210108,09:32,402.70,402.90,402.50,402.70,3114,0
BPCL,20210108,09:33,402.90,403.00,401.50,401.65,3239,0
BPCL,20210108,09:34,401.55,402.70,401.50,402.50,3441,0
BPCL,20210108,09:35,402.50,403.45,402.50,402.75,3512,0
BPCL,20210108,09:36,403.00,403.15,402.75,403.00,4593,0
BPCL,20210108,09:37,403.00,403.15,402.70,402.85,5478,0
BPCL,20210108,09:38,403.00,403.05,402.50,402.55,2406,0
BPCL,20210108,09:39,402.55,403.10,402.50,402.95,3507,0
BPCL,20210108,09:40,403.15,403.55,402.80,402.80,3565,0
BPCL,20210108,09:41,402.95,403.35,402.75,403.35,3180,0
BPCL,20210108,09:42,403.10,403.55,403.10,403.45,4918,0
BPCL,20210108,09:43,403.20,403.45,402.65,402.65,4904,0
BPCL,20210108,09:44,402.75,402.95,402.55,402.60,3256,0
BPCL,20210108,09:45,402.70,403.50,402.50,403.45,5043,0
BPCL,20210108,09:46,403.25,403.45,403.00,403.05,3429,0
BPCL,20210108,09:47,403.05,403.20,402.45,402.65,2984,0
BPCL,20210108,09:48,402.55,402.65,402.00,402.00,4105,0
BPCL,20210108,09:49,402.00,402.45,401.95,402.15,4230,0
BPCL,20210108,09:50,402.20,402.55,402.10,402.40,3079,0
BPCL,20210108,09:51,402.30,402.40,401.55,401.70,3320,0
BPCL,20210108,09:52,401.85,402.15,401.70,401.80,3139,0
BPCL,20210108,09:53,401.70,402.00,401.55,401.65,3404,0
BPCL,20210108,09:54,401.65,401.75,401.20,401.40,4726,0
BPCL,20210108,09:55,401.30,402.20,401.30,402.00,4402,0
BPCL,20210108,09:56,402.00,402.45,402.00,402.40,3669,0
BPCL,20210108,09:57,402.40,402.40,401.90,401.90,3528,0
BPCL,20210108,09:58,402.00,402.20,401.70,402.10,2374,0
BPCL,20210108,09:59,402.05,402.40,402.05,402.40,3551,0
BPCL,20210108,10:00,402.40,402.50,402.30,402.50,2949,0
BPCL,20210108,10:01,402.50,402.50,402.20,402.25,2250,0
BPCL,20210108,10:02,402.30,402.30,401.90,402.00,2251,0
BPCL,20210108,10:03,402.00,402.20,402.00,402.00,3383,0
BPCL,20210108,10:04,402.00,402.20,402.00,402.20,5654,0
BPCL,20210108,10:05,402.15,402.20,401.95,402.05,2026,0
BPCL,20210108,10:06,402.05,402.05,401.60,401.60,3278,0
BPCL,20210108,10:07,401.65,401.80,401.40,401.50,3361,0
BPCL,20210108,10:08,401.50,401.50,401.10,401.25,3045,0
BPCL,20210108,10:09,401.25,401.50,401.20,401.25,3720,0
BPCL,20210108,10:10,401.25,401.50,401.25,401.50,3239,0
BPCL,20210108,10:11,401.40,401.60,401.40,401.40,3201,0
BPCL,20210108,10:12,401.40,402.00,401.40,402.00,2910,0
BPCL,20210108,10:13,402.00,402.20,401.85,402.00,2973,0
BPCL,20210108,10:14,402.00,402.00,401.50,401.60,1996,0
BPCL,20210108,10:15,401.60,401.90,401.50,401.80,2440,0
BPCL,20210108,10:16,401.95,402.20,401.75,402.10,3970,0
BPCL,20210108,10:17,402.20,402.25,401.90,402.20,2552,0
BPCL,20210108,10:18,402.20,402.30,402.05,402.25,3243,0
BPCL,20210108,10:19,402.20,402.25,402.05,402.10,1512,0
BPCL,20210108,10:20,402.05,402.25,402.05,402.10,2363,0
BPCL,20210108,10:21,402.10,402.25,402.10,402.10,3725,0
BPCL,20210108,10:22,402.10,402.15,402.05,402.10,1693,0
BPCL,20210108,10:23,402.15,402.25,402.05,402.15,3386,0
BPCL,20210108,10:24,402.15,402.50,402.10,402.50,1022,0
BPCL,20210108,10:25,402.45,403.00,402.35,402.90,2446,0
BPCL,20210108,10:26,402.85,403.30,402.85,403.00,1143,0
BPCL,20210108,10:27,403.10,403.15,402.50,402.60,1137,0
BPCL,20210108,10:28,402.80,402.95,402.70,402.75,3363,0
BPCL,20210108,10:29,402.80,402.90,402.70,402.75,17095,0
BPCL,20210108,10:30,402.90,402.90,402.70,402.80,2610,0
BPCL,20210108,10:31,402.75,402.90,402.70,402.75,2064,0
BPCL,20210108,10:32,402.75,402.90,402.65,402.65,1550,0
BPCL,20210108,10:33,402.65,402.80,402.65,402.70,1587,0
BPCL,20210108,10:34,402.65,402.75,402.60,402.70,2179,0
BPCL,20210108,10:35,402.70,403.30,402.70,403.15,9022,0
BPCL,20210108,10:36,403.30,403.55,403.25,403.50,4426,0
BPCL,20210108,10:37,403.50,403.60,403.40,403.50,4376,0
BPCL,20210108,10:38,403.50,404.00,403.30,403.95,8676,0
BPCL,20210108,10:39,403.85,404.90,403.55,404.75,4792,0
BPCL,20210108,10:40,404.85,404.90,404.35,404.50,3006,0
BPCL,20210108,10:41,404.50,404.65,404.40,404.40,6964,0
BPCL,20210108,10:42,404.40,404.50,403.90,404.00,4383,0
BPCL,20210108,10:43,404.00,404.00,403.50,403.65,4564,0
BPCL,20210108,10:44,403.65,404.45,403.60,404.45,4627,0
BPCL,20210108,10:45,404.65,404.75,404.45,404.45,2629,0
BPCL,20210108,10:46,404.50,404.60,404.20,404.50,4495,0
BPCL,20210108,10:47,404.45,404.75,404.20,404.70,9520,0
BPCL,20210108,10:48,404.55,404.80,404.55,404.75,3718,0
BPCL,20210108,10:49,404.75,404.80,404.45,404.70,4713,0
BPCL,20210108,10:50,404.70,404.70,404.55,404.70,7333,0
BPCL,20210108,10:51,404.65,404.70,404.10,404.10,5006,0
BPCL,20210108,10:52,404.30,404.40,404.10,404.20,7033,0
BPCL,20210108,10:53,404.20,404.95,404.15,404.90,8261,0
BPCL,20210108,10:54,404.95,404.95,404.65,404.70,6199,0
BPCL,20210108,10:55,404.65,404.80,404.60,404.60,2189,0
BPCL,20210108,10:56,404.70,404.75,404.35,404.40,4100,0
BPCL,20210108,10:57,404.35,404.65,404.30,404.60,2800,0
BPCL,20210108,10:58,404.50,404.70,404.50,404.50,4062,0
BPCL,20210108,10:59,404.50,404.70,404.40,404.60,5849,0
BPCL,20210108,11:00,404.70,404.80,404.50,404.75,3632,0
BPCL,20210108,11:01,404.60,404.80,404.45,404.50,3016,0
BPCL,20210108,11:02,404.60,404.60,404.40,404.40,9568,0
BPCL,20210108,11:03,404.40,404.50,404.15,404.20,5943,0
BPCL,20210108,11:04,404.15,404.35,404.00,404.15,4278,0
BPCL,20210108,11:05,404.05,404.15,403.90,403.90,2627,0
BPCL,20210108,11:06,403.90,404.00,403.80,403.95,4276,0
BPCL,20210108,11:07,403.80,404.15,403.80,404.10,3703,0
BPCL,20210108,11:08,404.15,404.75,404.15,404.60,5682,0
BPCL,20210108,11:09,404.75,404.90,404.60,404.65,6470,0
BPCL,20210108,11:10,404.65,404.80,404.50,404.55,3770,0
BPCL,20210108,11:11,404.60,404.65,404.20,404.40,2289,0
BPCL,20210108,11:12,404.20,405.00,404.10,405.00,3723,0
BPCL,20210108,11:13,405.00,405.55,404.95,405.55,7585,0
BPCL,20210108,11:14,405.50,406.00,405.45,405.75,5132,0
BPCL,20210108,11:15,405.80,405.80,405.55,405.55,3851,0
BPCL,20210108,11:16,405.55,405.80,405.50,405.60,3945,0
BPCL,20210108,11:17,405.60,405.75,405.50,405.60,2404,0
BPCL,20210108,11:18,405.60,405.80,405.55,405.70,1827,0
BPCL,20210108,11:19,405.70,405.75,405.50,405.60,3359,0
BPCL,20210108,11:20,405.60,405.70,405.35,405.50,4290,0
BPCL,20210108,11:21,405.50,405.70,405.40,405.60,3226,0
BPCL,20210108,11:22,405.60,405.60,405.00,405.15,5100,0
BPCL,20210108,11:23,405.20,405.20,404.35,404.50,4122,0
BPCL,20210108,11:24,404.45,404.65,404.25,404.40,2172,0
BPCL,20210108,11:25,404.40,404.65,404.35,404.50,3792,0
BPCL,20210108,11:26,404.50,404.80,404.35,404.70,2325,0
BPCL,20210108,11:27,404.85,404.85,404.50,404.70,2909,0
BPCL,20210108,11:28,404.50,404.65,403.80,404.10,2383,0
BPCL,20210108,11:29,404.20,404.20,403.80,403.90,3383,0
BPCL,20210108,11:30,403.80,404.10,403.80,404.00,2527,0
BPCL,20210108,11:31,404.15,404.20,404.05,404.05,2035,0
BPCL,20210108,11:32,404.05,404.20,404.00,404.05,3692,0
BPCL,20210108,11:33,403.85,404.20,403.80,404.00,2966,0
BPCL,20210108,11:34,403.85,404.00,403.10,403.25,2947,0
BPCL,20210108,11:35,403.25,403.50,403.20,403.50,2959,0
BPCL,20210108,11:36,403.50,403.75,403.40,403.70,2699,0
BPCL,20210108,11:37,403.65,403.75,403.55,403.60,2415,0
BPCL,20210108,11:38,403.65,403.65,403.50,403.60,1680,0
BPCL,20210108,11:39,403.85,403.85,403.60,403.60,2156,0
BPCL,20210108,11:40,403.60,403.90,403.55,403.70,1754,0
BPCL,20210108,11:41,403.70,404.00,403.70,403.80,2366,0
BPCL,20210108,11:42,403.85,403.90,403.70,403.90,3891,0
BPCL,20210108,11:43,403.90,404.00,403.85,404.00,1715,0
BPCL,20210108,11:44,404.00,404.00,403.60,403.60,1969,0
BPCL,20210108,11:45,403.75,403.75,403.30,403.30,2792,0
BPCL,20210108,11:46,403.50,403.50,403.30,403.35,1875,0
BPCL,20210108,11:47,403.35,403.50,402.45,402.50,3525,0
BPCL,20210108,11:48,402.50,402.80,402.50,402.80,2590,0
BPCL,20210108,11:49,402.95,403.05,402.70,402.80,3075,0
BPCL,20210108,11:50,402.85,402.90,402.65,402.80,3233,0
BPCL,20210108,11:51,402.65,402.95,402.65,402.90,2214,0
BPCL,20210108,11:52,402.90,402.95,402.00,402.00,2771,0
BPCL,20210108,11:53,402.00,402.25,401.85,402.15,6676,0
BPCL,20210108,11:54,402.10,402.25,401.90,402.00,3081,0
BPCL,20210108,11:55,402.10,402.15,401.90,402.00,2473,0
BPCL,20210108,11:56,402.00,402.00,401.80,402.00,4320,0
BPCL,20210108,11:57,401.95,402.20,401.80,402.00,3334,0
BPCL,20210108,11:58,401.90,402.20,401.90,401.95,7243,0
BPCL,20210108,11:59,401.95,401.95,401.75,401.80,2424,0
BPCL,20210108,12:00,401.85,402.40,401.75,402.35,2490,0
BPCL,20210108,12:01,402.40,402.50,402.25,402.50,2571,0
BPCL,20210108,12:02,402.50,402.90,402.45,402.80,2867,0
BPCL,20210108,12:03,402.85,402.85,402.45,402.55,5269,0
BPCL,20210108,12:04,402.60,402.65,402.35,402.50,2213,0
BPCL,20210108,12:05,402.55,402.60,402.25,402.25,3521,0
BPCL,20210108,12:06,402.25,402.25,401.90,401.95,2006,0
BPCL,20210108,12:07,402.00,402.35,401.95,402.35,1483,0
BPCL,20210108,12:08,402.35,402.35,402.15,402.30,2326,0
BPCL,20210108,12:09,402.20,402.35,402.20,402.20,1029,0
BPCL,20210108,12:10,402.30,402.30,402.20,402.30,2284,0
BPCL,20210108,12:11,402.35,402.45,402.15,402.40,962,0
BPCL,20210108,12:12,402.25,402.45,402.00,402.05,1264,0
BPCL,20210108,12:13,402.05,402.25,402.00,402.25,2543,0
BPCL,20210108,12:14,402.10,402.40,402.05,402.10,3216,0
BPCL,20210108,12:15,402.25,402.40,402.10,402.25,1818,0
BPCL,20210108,12:16,402.10,402.25,402.10,402.10,2301,0
BPCL,20210108,12:17,402.10,402.15,401.50,401.70,1702,0
BPCL,20210108,12:18,401.60,402.20,401.60,402.20,7599,0
BPCL,20210108,12:19,402.20,402.50,401.80,402.45,2692,0
BPCL,20210108,12:20,402.50,403.00,402.35,402.95,5969,0
BPCL,20210108,12:21,402.95,403.00,402.80,402.90,4387,0
BPCL,20210108,12:22,402.95,403.00,402.90,402.95,3388,0
BPCL,20210108,12:23,402.95,402.95,402.75,402.85,2559,0
BPCL,20210108,12:24,402.85,402.95,402.45,402.70,1708,0
BPCL,20210108,12:25,402.60,402.60,402.00,402.10,1244,0
BPCL,20210108,12:26,402.30,402.35,402.10,402.35,1764,0
BPCL,20210108,12:27,402.40,402.55,402.25,402.40,1186,0
BPCL,20210108,12:28,402.40,402.70,402.25,402.60,1441,0
BPCL,20210108,12:29,402.60,402.95,402.50,402.70,2722,0
BPCL,20210108,12:30,402.90,402.90,402.50,402.50,1979,0
BPCL,20210108,12:31,402.65,402.70,402.50,402.50,3439,0
BPCL,20210108,12:32,402.50,402.90,402.30,402.90,2262,0
BPCL,20210108,12:33,402.90,402.95,402.70,402.75,791,0
BPCL,20210108,12:34,402.75,402.75,402.40,402.40,2084,0
BPCL,20210108,12:35,402.40,402.60,402.05,402.10,633,0
BPCL,20210108,12:36,402.25,402.25,402.00,402.10,4823,0
BPCL,20210108,12:37,401.95,402.30,401.95,402.30,1080,0
BPCL,20210108,12:38,402.30,402.30,402.10,402.15,1309,0
BPCL,20210108,12:39,402.15,402.35,402.05,402.05,2629,0
BPCL,20210108,12:40,402.30,402.30,402.10,402.15,438,0
BPCL,20210108,12:41,402.25,402.25,402.00,402.25,1838,0
BPCL,20210108,12:42,402.00,402.20,402.00,402.20,1026,0
BPCL,20210108,12:43,402.20,402.50,402.15,402.45,1671,0
BPCL,20210108,12:44,402.40,402.60,402.40,402.60,1258,0
BPCL,20210108,12:45,402.55,402.60,402.40,402.50,1116,0
BPCL,20210108,12:46,402.40,402.60,402.40,402.60,2357,0
BPCL,20210108,12:47,402.55,402.70,402.30,402.35,1670,0
BPCL,20210108,12:48,402.15,402.25,402.05,402.05,869,0
BPCL,20210108,12:49,402.05,402.10,401.75,401.75,1967,0
BPCL,20210108,12:50,401.75,401.75,401.55,401.60,3795,0
BPCL,20210108,12:51,401.55,401.70,401.50,401.60,4235,0
BPCL,20210108,12:52,401.55,401.70,401.50,401.55,3445,0
BPCL,20210108,12:53,401.60,401.65,400.80,401.15,3213,0
BPCL,20210108,12:54,401.15,401.45,401.10,401.45,2463,0
BPCL,20210108,12:55,401.45,401.60,401.25,401.30,2987,0
BPCL,20210108,12:56,401.30,401.45,401.10,401.15,1390,0
BPCL,20210108,12:57,401.10,401.25,401.10,401.20,1903,0
BPCL,20210108,12:58,401.20,401.25,401.10,401.10,3151,0
BPCL,20210108,12:59,401.15,401.35,401.10,401.35,1317,0
BPCL,20210108,13:00,401.35,401.35,400.85,400.85,2885,0
BPCL,20210108,13:01,400.80,401.00,400.50,400.65,3331,0
BPCL,20210108,13:02,400.50,400.65,400.20,400.55,3723,0
BPCL,20210108,13:03,400.45,400.70,400.35,400.55,2138,0
BPCL,20210108,13:04,400.70,400.85,400.50,400.70,4044,0
BPCL,20210108,13:05,400.70,400.80,400.55,400.80,1736,0
BPCL,20210108,13:06,400.70,400.90,400.55,400.80,3792,0
BPCL,20210108,13:07,400.70,401.00,400.20,400.30,2319,0
BPCL,20210108,13:08,400.20,400.20,400.00,400.10,3698,0
BPCL,20210108,13:09,400.20,400.30,400.05,400.20,2484,0
BPCL,20210108,13:10,400.15,400.55,400.10,400.50,1911,0
BPCL,20210108,13:11,400.25,400.40,400.05,400.10,4483,0
BPCL,20210108,13:12,400.25,400.30,400.10,400.25,2368,0
BPCL,20210108,13:13,400.30,400.55,400.15,400.55,2024,0
BPCL,20210108,13:14,400.55,400.65,400.50,400.65,2374,0
BPCL,20210108,13:15,400.65,400.85,400.65,400.65,1538,0
BPCL,20210108,13:16,400.80,401.05,400.65,401.05,3288,0
BPCL,20210108,13:17,401.00,401.05,400.70,400.70,2932,0
BPCL,20210108,13:18,400.90,400.90,400.70,400.85,1282,0
BPCL,20210108,13:19,400.90,401.10,400.80,401.10,1280,0
BPCL,20210108,13:20,401.10,401.30,400.80,400.85,4309,0
BPCL,20210108,13:21,400.95,401.10,400.85,401.00,1542,0
BPCL,20210108,13:22,401.00,401.10,400.90,401.00,1093,0
BPCL,20210108,13:23,400.95,401.00,400.80,400.95,3070,0
BPCL,20210108,13:24,400.95,400.95,400.75,400.80,2118,0
BPCL,20210108,13:25,400.80,400.80,400.55,400.70,1572,0
BPCL,20210108,13:26,400.60,400.70,400.55,400.65,1236,0
BPCL,20210108,13:27,400.55,400.85,400.55,400.85,2616,0
BPCL,20210108,13:28,400.85,400.85,400.55,400.55,1337,0
BPCL,20210108,13:29,400.70,400.75,400.65,400.70,1199,0
BPCL,20210108,13:30,400.65,401.00,400.65,401.00,721,0
BPCL,20210108,13:31,401.00,401.00,399.85,400.20,3459,0
BPCL,20210108,13:32,400.25,400.50,400.00,400.50,1566,0
BPCL,20210108,13:33,400.50,400.50,400.25,400.30,1945,0
BPCL,20210108,13:34,400.30,400.45,400.30,400.30,1563,0
BPCL,20210108,13:35,400.35,400.40,400.05,400.10,2172,0
BPCL,20210108,13:36,400.10,400.30,400.10,400.30,2338,0
BPCL,20210108,13:37,400.25,400.75,400.25,400.70,1402,0
BPCL,20210108,13:38,400.75,400.85,400.65,400.80,689,0
BPCL,20210108,13:39,400.85,401.00,400.80,400.85,3006,0
BPCL,20210108,13:40,400.90,401.00,400.45,400.55,2347,0
BPCL,20210108,13:41,400.45,400.45,400.00,400.25,2745,0
BPCL,20210108,13:42,400.15,400.20,399.90,399.95,3588,0
BPCL,20210108,13:43,399.90,399.90,399.25,399.65,2767,0
BPCL,20210108,13:44,399.60,400.20,399.45,400.00,2102,0
BPCL,20210108,13:45,399.80,399.85,399.50,399.50,4504,0
BPCL,20210108,13:46,399.50,399.85,399.40,399.80,1516,0
BPCL,20210108,13:47,399.85,400.10,399.80,400.10,1836,0
BPCL,20210108,13:48,400.10,400.60,400.10,400.30,1008,0
BPCL,20210108,13:49,400.30,400.70,400.30,400.50,1373,0
BPCL,20210108,13:50,400.35,401.00,400.35,401.00,1794,0
BPCL,20210108,13:51,400.90,401.00,400.80,400.80,3159,0
BPCL,20210108,13:52,400.80,400.90,400.60,400.75,1682,0
BPCL,20210108,13:53,400.70,400.75,400.30,400.45,2198,0
BPCL,20210108,13:54,400.45,400.50,400.15,400.20,1888,0
BPCL,20210108,13:55,400.30,400.35,400.10,400.10,2169,0
BPCL,20210108,13:56,400.10,400.20,400.00,400.05,2180,0
BPCL,20210108,13:57,400.25,400.50,400.25,400.50,590,0
BPCL,20210108,13:58,400.40,400.80,400.40,400.75,2469,0
BPCL,20210108,13:59,400.80,400.95,400.70,400.75,708,0
BPCL,20210108,14:00,400.65,400.85,400.55,400.85,2107,0
BPCL,20210108,14:01,400.85,400.90,400.10,400.25,2736,0
BPCL,20210108,14:02,400.35,400.35,400.15,400.20,1282,0
BPCL,20210108,14:03,400.20,400.45,400.20,400.45,3799,0
BPCL,20210108,14:04,400.40,400.40,400.10,400.20,2024,0
BPCL,20210108,14:05,400.20,400.20,400.05,400.05,2173,0
BPCL,20210108,14:06,400.10,400.10,399.80,399.95,2106,0
BPCL,20210108,14:07,400.00,400.30,399.90,400.25,1028,0
BPCL,20210108,14:08,400.20,400.75,400.20,400.70,2847,0
BPCL,20210108,14:09,400.30,400.75,400.30,400.60,1161,0
BPCL,20210108,14:10,400.65,400.70,400.45,400.55,4281,0
BPCL,20210108,14:11,400.55,400.60,400.15,400.30,1619,0
BPCL,20210108,14:12,400.35,400.40,399.90,400.00,730,0
BPCL,20210108,14:13,399.90,400.00,399.85,399.90,1327,0
BPCL,20210108,14:14,399.90,399.95,399.80,399.90,2275,0
BPCL,20210108,14:15,399.95,399.95,399.80,399.85,1375,0
BPCL,20210108,14:16,399.85,400.00,399.50,399.55,1790,0
BPCL,20210108,14:17,399.55,399.70,399.10,399.10,3381,0
BPCL,20210108,14:18,399.10,399.10,398.30,398.30,1411,0
BPCL,20210108,14:19,398.05,398.80,398.05,398.80,2458,0
BPCL,20210108,14:20,398.70,399.20,398.70,399.20,2056,0
BPCL,20210108,14:21,399.15,399.20,398.70,398.80,5601,0
BPCL,20210108,14:22,398.95,398.95,398.60,398.85,2685,0
BPCL,20210108,14:23,398.70,399.45,398.70,399.45,3766,0
BPCL,20210108,14:24,399.25,399.65,399.00,399.65,1873,0
BPCL,20210108,14:25,399.50,400.00,399.50,399.80,3976,0
BPCL,20210108,14:26,399.80,399.95,399.50,399.85,5004,0
BPCL,20210108,14:27,399.80,399.95,399.25,399.50,2556,0
BPCL,20210108,14:28,399.50,399.80,399.50,399.75,2427,0
BPCL,20210108,14:29,399.80,400.00,399.65,399.80,2264,0
BPCL,20210108,14:30,399.80,399.80,399.70,399.80,1510,0
BPCL,20210108,14:31,399.75,399.80,399.45,399.55,2160,0
BPCL,20210108,14:32,399.40,399.55,399.30,399.55,1240,0
BPCL,20210108,14:33,399.55,399.55,398.75,398.85,2540,0
BPCL,20210108,14:34,398.65,398.95,398.60,398.95,1697,0
BPCL,20210108,14:35,399.00,399.35,399.00,399.15,3201,0
BPCL,20210108,14:36,399.30,399.35,399.05,399.05,1161,0
BPCL,20210108,14:37,399.05,399.10,398.80,399.00,1540,0
BPCL,20210108,14:38,399.00,399.70,399.00,399.50,1795,0
BPCL,20210108,14:39,399.50,399.75,399.15,399.35,757,0
BPCL,20210108,14:40,399.45,399.80,399.30,399.30,2643,0
BPCL,20210108,14:41,399.50,399.50,399.30,399.35,1238,0
BPCL,20210108,14:42,399.45,399.55,397.75,397.80,3494,0
BPCL,20210108,14:43,398.15,398.75,397.70,397.95,5728,0
BPCL,20210108,14:44,397.85,398.50,397.85,398.20,4543,0
BPCL,20210108,14:45,398.20,398.45,397.95,398.45,4941,0
BPCL,20210108,14:46,398.35,399.50,398.35,399.50,1928,0
BPCL,20210108,14:47,399.45,399.70,399.45,399.45,3123,0
BPCL,20210108,14:48,399.50,399.65,399.05,399.20,2320,0
BPCL,20210108,14:49,399.20,399.45,399.00,399.30,2600,0
BPCL,20210108,14:50,399.30,399.65,399.30,399.50,1696,0
BPCL,20210108,14:51,399.50,399.80,399.50,399.65,2246,0
BPCL,20210108,14:52,399.65,399.90,399.50,399.90,1619,0
BPCL,20210108,14:53,399.80,400.00,399.80,399.90,2644,0
BPCL,20210108,14:54,399.90,399.95,399.80,399.80,3754,0
BPCL,20210108,14:55,399.85,400.00,399.75,399.80,2527,0
BPCL,20210108,14:56,399.70,399.70,399.10,399.20,2539,0
BPCL,20210108,14:57,399.20,399.35,399.05,399.05,1957,0
BPCL,20210108,14:58,399.05,399.25,398.50,398.50,3041,0
BPCL,20210108,14:59,398.55,399.00,398.30,399.00,1850,0
BPCL,20210108,15:00,399.00,399.00,398.75,398.95,2674,0
BPCL,20210108,15:01,398.95,399.85,398.95,399.15,4961,0
BPCL,20210108,15:02,399.00,399.80,399.00,399.70,1881,0
BPCL,20210108,15:03,399.70,399.80,399.20,399.30,2911,0
BPCL,20210108,15:04,399.25,399.50,398.75,399.10,1816,0
BPCL,20210108,15:05,399.00,399.10,398.25,398.95,2153,0
BPCL,20210108,15:06,399.00,399.05,398.65,398.90,2440,0
BPCL,20210108,15:07,398.90,399.30,398.60,399.15,3037,0
BPCL,20210108,15:08,399.00,399.20,398.70,398.95,3261,0
BPCL,20210108,15:09,398.75,399.00,398.50,398.65,1319,0
BPCL,20210108,15:10,398.60,399.00,398.40,399.00,2905,0
BPCL,20210108,15:11,399.10,399.20,398.75,398.85,3200,0
BPCL,20210108,15:12,398.85,399.10,398.30,398.60,4075,0
BPCL,20210108,15:13,398.60,399.00,398.55,399.00,3849,0
BPCL,20210108,15:14,399.00,400.65,398.80,400.00,4113,0
BPCL,20210108,15:15,399.90,401.55,399.90,401.55,2905,0
BPCL,20210108,15:16,401.50,401.75,400.90,401.50,3410,0
BPCL,20210108,15:17,401.45,401.70,400.70,400.95,3081,0
BPCL,20210108,15:18,401.00,401.00,400.50,400.95,3116,0
BPCL,20210108,15:19,400.95,401.50,400.80,401.45,4851,0
BPCL,20210108,15:20,401.45,401.45,400.60,400.60,4291,0
BPCL,20210108,15:21,400.85,401.05,399.25,399.30,5154,0
BPCL,20210108,15:22,399.30,400.00,399.30,399.75,3694,0
BPCL,20210108,15:23,399.75,401.00,399.55,400.95,3079,0
BPCL,20210108,15:24,400.95,401.20,400.85,400.95,2906,0
BPCL,20210108,15:25,400.95,401.25,400.95,401.10,3586,0
BPCL,20210108,15:26,401.10,401.20,400.80,401.10,3669,0
BPCL,20210108,15:27,401.10,401.15,400.95,401.00,2327,0
BPCL,20210108,15:28,401.00,401.40,400.95,401.40,4325,0
BPCL,20210108,15:29,401.40,401.40,401.20,401.20,7378,0
BPCL,20210108,15:30,401.35,401.50,400.25,400.50,5622,0
BPCL,20210108,15:32,400.15,400.15,400.15,400.15,0,0
BPCL,20210108,15:41,400.15,400.15,400.15,400.15,100,0
BPCL,20210108,17:03,400.15,400.15,400.15,400.15,0,0
