SBIN,20190805,09:08,298.45,298.45,298.45,298.45,156937,0
SBIN,20190805,09:16,297.50,299.20,295.80,297.15,1918983,0
SBIN,20190805,09:17,297.50,297.50,296.40,297.00,973421,0
SBIN,20190805,09:18,297.15,297.15,296.15,297.00,437899,0
SBIN,20190805,09:19,297.00,298.20,296.65,298.15,634847,0
SBIN,20190805,09:20,298.15,298.45,297.70,298.35,441593,0
SBIN,20190805,09:21,298.40,298.50,297.90,298.20,294119,0
SBIN,20190805,09:22,298.05,298.25,297.00,297.00,280467,0
SBIN,20190805,09:23,297.30,298.20,297.25,298.05,149780,0
SBIN,20190805,09:24,298.15,298.15,297.10,297.45,365628,0
SBIN,20190805,09:25,297.45,297.95,297.30,297.55,89525,0
SBIN,20190805,09:26,297.55,297.75,297.15,297.25,126866,0
SBIN,20190805,09:27,297.25,297.45,296.70,296.85,176160,0
SBIN,20190805,09:28,296.85,297.90,296.85,297.30,256839,0
SBIN,20190805,09:29,297.35,297.70,296.60,296.60,127993,0
SBIN,20190805,09:30,296.75,297.30,296.70,296.90,200573,0
SBIN,20190805,09:31,296.90,296.90,296.40,296.40,231908,0
SBIN,20190805,09:32,296.45,296.55,296.05,296.05,171430,0
SBIN,20190805,09:33,296.10,297.10,295.55,297.00,403475,0
SBIN,20190805,09:34,297.15,298.15,297.05,297.50,242515,0
SBIN,20190805,09:35,297.65,297.75,296.70,297.30,134940,0
SBIN,20190805,09:36,297.40,297.40,296.60,297.05,124650,0
SBIN,20190805,09:37,296.90,296.95,296.15,296.65,135041,0
SBIN,20190805,09:38,296.65,296.65,295.35,295.70,250861,0
SBIN,20190805,09:39,295.70,295.85,293.85,294.50,608445,0
SBIN,20190805,09:40,294.55,294.55,293.40,294.05,359820,0
SBIN,20190805,09:41,294.10,294.45,293.70,294.00,194071,0
SBIN,20190805,09:42,293.95,295.05,293.95,295.05,207551,0
SBIN,20190805,09:43,294.95,295.00,294.40,294.65,146137,0
SBIN,20190805,09:44,294.65,295.25,294.60,294.90,171006,0
SBIN,20190805,09:45,294.80,294.85,291.70,292.55,629568,0
SBIN,20190805,09:46,292.45,293.10,292.35,292.90,197578,0
SBIN,20190805,09:47,292.90,293.40,292.75,293.20,221789,0
SBIN,20190805,09:48,293.20,293.50,292.60,292.80,266495,0
SBIN,20190805,09:49,292.80,293.40,292.75,292.80,163189,0
SBIN,20190805,09:50,292.80,293.30,292.60,292.95,131074,0
SBIN,20190805,09:51,292.85,293.30,292.65,293.00,126145,0
SBIN,20190805,09:52,293.15,293.45,292.85,293.45,141927,0
SBIN,20190805,09:53,293.50,294.25,293.40,294.10,251994,0
SBIN,20190805,09:54,294.25,294.65,294.05,294.50,215909,0
SBIN,20190805,09:55,294.55,295.15,293.95,294.10,262090,0
SBIN,20190805,09:56,294.20,294.40,293.40,294.15,206773,0
SBIN,20190805,09:57,294.05,294.50,293.65,293.75,106394,0
SBIN,20190805,09:58,293.70,294.35,293.70,294.20,89240,0
SBIN,20190805,09:59,294.20,294.60,294.15,294.40,109111,0
SBIN,20190805,10:00,294.40,294.65,294.10,294.55,126016,0
SBIN,20190805,10:01,294.55,294.95,294.35,294.75,127497,0
SBIN,20190805,10:02,294.90,294.90,294.65,294.65,89954,0
SBIN,20190805,10:03,294.75,294.80,294.15,294.15,76282,0
SBIN,20190805,10:04,294.15,294.60,293.80,294.55,145294,0
SBIN,20190805,10:05,294.55,294.65,294.10,294.10,78102,0
SBIN,20190805,10:06,294.10,294.70,294.00,294.30,71233,0
SBIN,20190805,10:07,294.25,294.95,294.25,294.85,84411,0
SBIN,20190805,10:08,294.85,295.25,294.65,294.95,146700,0
SBIN,20190805,10:09,295.05,295.25,294.95,295.25,76619,0
SBIN,20190805,10:10,295.55,295.65,295.15,295.55,201546,0
SBIN,20190805,10:11,295.55,295.75,295.30,295.75,196487,0
SBIN,20190805,10:12,295.75,295.90,295.50,295.55,219973,0
SBIN,20190805,10:13,295.60,295.95,295.35,295.55,113945,0
SBIN,20190805,10:14,295.60,295.70,295.25,295.50,58650,0
SBIN,20190805,10:15,295.50,295.50,295.05,295.15,68999,0
SBIN,20190805,10:16,295.15,295.75,295.05,295.60,103046,0
SBIN,20190805,10:17,295.65,295.85,295.40,295.60,121135,0
SBIN,20190805,10:18,295.55,295.65,295.35,295.45,41423,0
SBIN,20190805,10:19,295.40,295.40,295.00,295.00,92139,0
SBIN,20190805,10:20,295.00,295.50,295.00,295.50,66517,0
SBIN,20190805,10:21,295.45,296.00,295.40,295.85,146064,0
SBIN,20190805,10:22,295.95,296.50,295.70,296.25,200791,0
SBIN,20190805,10:23,296.30,296.45,295.75,296.00,125587,0
SBIN,20190805,10:24,295.95,296.25,295.70,295.85,83604,0
SBIN,20190805,10:25,295.80,295.80,294.75,294.75,129842,0
SBIN,20190805,10:26,294.65,294.95,294.40,294.55,98880,0
SBIN,20190805,10:27,294.50,295.35,294.50,295.25,79119,0
SBIN,20190805,10:28,295.15,295.35,294.85,294.95,75925,0
SBIN,20190805,10:29,294.95,295.20,294.90,295.00,65824,0
SBIN,20190805,10:30,295.00,295.10,294.75,294.95,56039,0
SBIN,20190805,10:31,295.05,295.20,294.75,295.20,97892,0
SBIN,20190805,10:32,295.20,295.60,295.00,295.60,70384,0
SBIN,20190805,10:33,295.60,295.60,295.05,295.35,48249,0
SBIN,20190805,10:34,295.30,295.30,294.85,294.95,125508,0
SBIN,20190805,10:35,294.95,295.00,294.30,294.55,94248,0
SBIN,20190805,10:36,294.55,294.90,294.45,294.80,42249,0
SBIN,20190805,10:37,294.80,295.10,294.60,294.90,87877,0
SBIN,20190805,10:38,294.80,295.00,294.80,294.95,28414,0
SBIN,20190805,10:39,294.90,295.00,294.80,295.00,35854,0
SBIN,20190805,10:40,294.95,295.05,294.75,294.85,58040,0
SBIN,20190805,10:41,294.90,295.00,294.80,294.80,27705,0
SBIN,20190805,10:42,294.80,295.20,294.70,295.05,45778,0
SBIN,20190805,10:43,295.10,295.15,295.00,295.10,29279,0
SBIN,20190805,10:44,295.10,295.20,295.00,295.15,32326,0
SBIN,20190805,10:45,295.15,295.20,295.10,295.20,25491,0
SBIN,20190805,10:46,295.15,295.15,294.80,295.05,44674,0
SBIN,20190805,10:47,295.10,295.20,294.90,295.05,28472,0
SBIN,20190805,10:48,295.05,295.10,294.75,294.80,30184,0
SBIN,20190805,10:49,294.80,294.85,294.60,294.65,47378,0
SBIN,20190805,10:50,294.60,294.75,294.15,294.20,83629,0
SBIN,20190805,10:51,294.30,294.55,294.30,294.55,49087,0
SBIN,20190805,10:52,294.55,294.65,293.75,293.75,246167,0
SBIN,20190805,10:53,293.80,294.00,293.80,293.95,95564,0
SBIN,20190805,10:54,294.00,294.00,293.65,293.75,149871,0
SBIN,20190805,10:55,293.75,293.80,293.05,293.55,197604,0
SBIN,20190805,10:56,293.55,294.10,293.50,294.00,91247,0
SBIN,20190805,10:57,294.05,294.10,293.20,293.45,116332,0
SBIN,20190805,10:58,293.50,293.90,293.45,293.90,71564,0
SBIN,20190805,10:59,293.85,293.90,293.60,293.70,44642,0
SBIN,20190805,11:00,293.75,294.00,293.75,293.95,36011,0
SBIN,20190805,11:01,294.00,294.20,293.85,294.15,50608,0
SBIN,20190805,11:02,294.10,294.90,294.10,294.80,104076,0
SBIN,20190805,11:03,294.75,294.80,294.40,294.75,51593,0
SBIN,20190805,11:04,294.60,294.90,294.50,294.65,67858,0
SBIN,20190805,11:05,294.70,295.15,294.55,294.65,111748,0
SBIN,20190805,11:06,294.75,295.00,294.65,294.75,40335,0
SBIN,20190805,11:07,294.75,295.10,294.70,295.10,78879,0
SBIN,20190805,11:08,295.15,295.65,295.15,295.40,156179,0
SBIN,20190805,11:09,295.40,295.45,294.80,294.90,96824,0
SBIN,20190805,11:10,294.85,295.00,294.10,294.30,69741,0
SBIN,20190805,11:11,294.30,294.55,294.20,294.35,34614,0
SBIN,20190805,11:12,294.30,294.45,293.85,293.90,94163,0
SBIN,20190805,11:13,293.95,294.15,293.80,293.85,268873,0
SBIN,20190805,11:14,293.95,294.00,293.55,293.95,133750,0
SBIN,20190805,11:15,293.90,294.00,293.65,293.85,48237,0
SBIN,20190805,11:16,293.85,294.00,293.80,293.95,61758,0
SBIN,20190805,11:17,293.95,294.00,293.75,293.95,80128,0
SBIN,20190805,11:18,293.90,294.00,293.30,293.40,120911,0
SBIN,20190805,11:19,293.40,294.00,293.25,293.75,76777,0
SBIN,20190805,11:20,293.75,294.85,293.70,294.70,202205,0
SBIN,20190805,11:21,294.70,294.95,294.15,294.25,105164,0
SBIN,20190805,11:22,294.25,294.65,293.90,294.25,98120,0
SBIN,20190805,11:23,294.25,294.35,293.90,294.05,160293,0
SBIN,20190805,11:24,294.00,294.30,293.95,293.95,226128,0
SBIN,20190805,11:25,293.95,294.30,293.90,294.20,296220,0
SBIN,20190805,11:26,294.10,294.60,293.95,294.60,149629,0
SBIN,20190805,11:27,294.60,294.95,294.55,294.85,88397,0
SBIN,20190805,11:28,294.80,295.15,294.80,295.00,102362,0
SBIN,20190805,11:29,295.05,295.45,295.00,295.25,86841,0
SBIN,20190805,11:30,295.20,295.35,295.05,295.05,83114,0
SBIN,20190805,11:31,295.15,295.15,294.50,294.65,67373,0
SBIN,20190805,11:32,294.60,295.00,294.30,294.90,121797,0
SBIN,20190805,11:33,294.90,295.10,294.80,294.95,40288,0
SBIN,20190805,11:34,294.95,295.00,294.75,294.75,30174,0
SBIN,20190805,11:35,294.75,295.05,294.75,295.00,52633,0
SBIN,20190805,11:36,294.90,295.10,294.70,295.00,48944,0
SBIN,20190805,11:37,295.00,295.20,295.00,295.15,31024,0
SBIN,20190805,11:38,295.15,295.35,295.15,295.25,57734,0
SBIN,20190805,11:39,295.30,296.65,295.25,296.60,291378,0
SBIN,20190805,11:40,296.65,296.70,296.25,296.40,162624,0
SBIN,20190805,11:41,296.40,296.55,296.00,296.15,198250,0
SBIN,20190805,11:42,296.00,296.15,295.85,295.95,99473,0
SBIN,20190805,11:43,295.95,296.40,295.85,296.00,100316,0
SBIN,20190805,11:44,296.00,296.15,295.90,296.00,65886,0
SBIN,20190805,11:45,296.10,296.45,296.05,296.35,86647,0
SBIN,20190805,11:46,296.35,296.35,295.30,295.50,96840,0
SBIN,20190805,11:47,295.55,295.95,295.50,295.90,37679,0
SBIN,20190805,11:48,295.90,295.90,295.60,295.75,34439,0
SBIN,20190805,11:49,295.70,296.00,295.70,295.90,47063,0
SBIN,20190805,11:50,295.85,296.00,295.65,295.70,36464,0
SBIN,20190805,11:51,295.65,295.90,295.65,295.85,25642,0
SBIN,20190805,11:52,295.90,296.15,295.80,295.85,90596,0
SBIN,20190805,11:53,295.85,296.00,295.80,295.95,37850,0
SBIN,20190805,11:54,296.00,296.35,295.85,296.15,187608,0
SBIN,20190805,11:55,296.15,297.25,296.15,297.00,255203,0
SBIN,20190805,11:56,297.10,297.45,297.00,297.35,222277,0
SBIN,20190805,11:57,297.35,297.50,297.10,297.25,117000,0
SBIN,20190805,11:58,297.05,297.40,296.90,297.35,109980,0
SBIN,20190805,11:59,297.35,299.70,297.35,299.50,722885,0
SBIN,20190805,12:00,299.70,299.70,298.45,298.95,289613,0
SBIN,20190805,12:01,299.05,299.80,298.90,299.60,348197,0
SBIN,20190805,12:02,299.55,299.60,298.80,299.00,227415,0
SBIN,20190805,12:03,298.95,299.40,298.95,299.00,142853,0
SBIN,20190805,12:04,299.00,300.50,299.00,300.35,416579,0
SBIN,20190805,12:05,300.30,300.30,299.35,299.35,255066,0
SBIN,20190805,12:06,299.35,299.95,299.30,299.35,216733,0
SBIN,20190805,12:07,299.30,299.35,299.05,299.05,139034,0
SBIN,20190805,12:08,299.15,299.25,298.60,298.65,130938,0
SBIN,20190805,12:09,298.60,299.40,297.80,298.15,274308,0
SBIN,20190805,12:10,298.15,299.35,298.10,299.15,142444,0
SBIN,20190805,12:11,299.15,299.60,299.10,299.30,154770,0
SBIN,20190805,12:12,299.30,299.60,298.85,299.00,95983,0
SBIN,20190805,12:13,299.20,299.40,298.75,299.05,69408,0
SBIN,20190805,12:14,299.05,299.25,298.75,298.75,53897,0
SBIN,20190805,12:15,298.75,298.90,298.55,298.70,64032,0
SBIN,20190805,12:16,298.70,298.80,298.30,298.40,67892,0
SBIN,20190805,12:17,298.40,299.00,298.35,298.95,102576,0
SBIN,20190805,12:18,298.90,298.95,298.60,298.70,49370,0
SBIN,20190805,12:19,298.75,299.00,298.60,298.70,67337,0
SBIN,20190805,12:20,298.70,298.90,298.65,298.80,47983,0
SBIN,20190805,12:21,298.80,298.90,297.70,297.75,177333,0
SBIN,20190805,12:22,297.75,298.45,297.70,298.45,145716,0
SBIN,20190805,12:23,298.50,298.60,298.00,298.25,97132,0
SBIN,20190805,12:24,298.25,298.35,297.90,298.10,78209,0
SBIN,20190805,12:25,298.10,298.10,297.80,297.80,61862,0
SBIN,20190805,12:26,297.75,298.10,297.70,297.90,80648,0
SBIN,20190805,12:27,297.85,298.05,297.70,297.80,83546,0
SBIN,20190805,12:28,297.80,298.00,297.80,297.80,170107,0
SBIN,20190805,12:29,297.80,298.05,297.80,297.90,42812,0
SBIN,20190805,12:30,297.90,298.50,297.90,298.30,70390,0
SBIN,20190805,12:31,298.30,298.40,298.10,298.25,36961,0
SBIN,20190805,12:32,298.25,298.25,298.05,298.15,24815,0
SBIN,20190805,12:33,298.15,298.55,298.00,298.40,61976,0
SBIN,20190805,12:34,298.50,298.90,298.50,298.75,69998,0
SBIN,20190805,12:35,298.80,299.00,298.15,298.25,84025,0
SBIN,20190805,12:36,298.30,298.50,298.05,298.15,49492,0
SBIN,20190805,12:37,298.15,298.40,298.15,298.30,26484,0
SBIN,20190805,12:38,298.40,298.50,298.20,298.35,31800,0
SBIN,20190805,12:39,298.30,298.75,298.25,298.75,43397,0
SBIN,20190805,12:40,298.65,299.35,298.65,299.35,167939,0
SBIN,20190805,12:41,299.20,299.70,299.20,299.70,100033,0
SBIN,20190805,12:42,299.50,299.80,299.50,299.55,137854,0
SBIN,20190805,12:43,299.50,299.65,299.25,299.35,60749,0
SBIN,20190805,12:44,299.35,299.55,299.00,299.00,74396,0
SBIN,20190805,12:45,299.05,299.65,298.90,299.50,123731,0
SBIN,20190805,12:46,299.45,300.05,299.45,300.05,251031,0
SBIN,20190805,12:47,300.10,300.40,299.90,300.10,155823,0
SBIN,20190805,12:48,300.10,300.10,299.55,299.70,57026,0
SBIN,20190805,12:49,299.50,299.70,299.10,299.20,185797,0
SBIN,20190805,12:50,299.20,299.45,299.10,299.25,83636,0
SBIN,20190805,12:51,299.30,299.45,299.25,299.45,87957,0
SBIN,20190805,12:52,299.40,299.80,299.35,299.40,143244,0
SBIN,20190805,12:53,299.45,299.50,299.10,299.15,268686,0
SBIN,20190805,12:54,299.15,299.40,298.90,298.95,125992,0
SBIN,20190805,12:55,298.95,299.25,298.70,299.15,96076,0
SBIN,20190805,12:56,299.20,299.20,298.60,298.70,58897,0
SBIN,20190805,12:57,298.75,299.10,298.60,298.60,126156,0
SBIN,20190805,12:58,298.65,299.20,298.60,299.10,73659,0
SBIN,20190805,12:59,299.25,299.25,298.55,298.65,44636,0
SBIN,20190805,13:00,298.65,298.95,298.60,298.80,33602,0
SBIN,20190805,13:01,298.80,299.45,298.70,299.40,70799,0
SBIN,20190805,13:02,299.35,299.40,298.95,299.00,42252,0
SBIN,20190805,13:03,299.00,299.15,298.65,298.95,65383,0
SBIN,20190805,13:04,298.95,299.00,298.80,298.85,32865,0
SBIN,20190805,13:05,298.85,298.90,298.65,298.70,78375,0
SBIN,20190805,13:06,298.80,298.90,298.65,298.65,44143,0
SBIN,20190805,13:07,298.70,298.75,298.35,298.35,81609,0
SBIN,20190805,13:08,298.35,298.55,298.30,298.45,61647,0
SBIN,20190805,13:09,298.40,298.70,298.40,298.50,50491,0
SBIN,20190805,13:10,298.55,298.85,298.40,298.80,46869,0
SBIN,20190805,13:11,298.80,298.90,298.60,298.60,77024,0
SBIN,20190805,13:12,298.65,298.65,298.50,298.60,32455,0
SBIN,20190805,13:13,298.55,298.75,298.50,298.70,26215,0
SBIN,20190805,13:14,298.70,298.95,298.65,298.75,34674,0
SBIN,20190805,13:15,298.80,298.80,298.25,298.50,103748,0
SBIN,20190805,13:16,298.55,299.10,298.50,299.00,63371,0
SBIN,20190805,13:17,298.95,299.90,298.90,299.85,115467,0
SBIN,20190805,13:18,299.85,299.85,299.55,299.70,75722,0
SBIN,20190805,13:19,299.65,299.70,299.30,299.50,46985,0
SBIN,20190805,13:20,299.60,299.70,299.45,299.60,33314,0
SBIN,20190805,13:21,299.55,299.70,299.40,299.45,76337,0
SBIN,20190805,13:22,299.50,301.00,299.50,299.90,551976,0
SBIN,20190805,13:23,299.90,299.90,299.40,299.60,88127,0
SBIN,20190805,13:24,299.60,299.65,298.70,299.00,101698,0
SBIN,20190805,13:25,299.00,299.15,298.70,299.00,81034,0
SBIN,20190805,13:26,299.05,299.10,298.65,298.85,59986,0
SBIN,20190805,13:27,299.00,299.00,298.55,298.90,98984,0
SBIN,20190805,13:28,298.95,299.00,298.70,298.75,46138,0
SBIN,20190805,13:29,298.80,299.25,298.70,299.10,61927,0
SBIN,20190805,13:30,299.15,299.15,298.75,298.95,57156,0
SBIN,20190805,13:31,299.05,299.25,299.00,299.05,25900,0
SBIN,20190805,13:32,299.05,299.10,298.60,298.90,56128,0
SBIN,20190805,13:33,298.85,298.85,298.30,298.40,70737,0
SBIN,20190805,13:34,298.40,298.50,297.95,298.30,208518,0
SBIN,20190805,13:35,298.35,298.60,298.30,298.40,46577,0
SBIN,20190805,13:36,298.40,298.60,298.30,298.35,36377,0
SBIN,20190805,13:37,298.35,298.35,298.00,298.10,95947,0
SBIN,20190805,13:38,298.05,298.20,297.45,297.70,163616,0
SBIN,20190805,13:39,297.65,297.80,297.50,297.60,87543,0
SBIN,20190805,13:40,297.50,297.70,297.50,297.65,54365,0
SBIN,20190805,13:41,297.65,298.00,297.55,297.85,55247,0
SBIN,20190805,13:42,297.85,297.90,297.60,297.80,50140,0
SBIN,20190805,13:43,297.80,297.85,297.00,297.35,146109,0
SBIN,20190805,13:44,297.35,297.50,296.80,297.00,111407,0
SBIN,20190805,13:45,296.95,297.15,296.90,296.95,165939,0
SBIN,20190805,13:46,297.05,297.05,296.45,296.50,151979,0
SBIN,20190805,13:47,296.50,296.60,295.70,296.30,427843,0
SBIN,20190805,13:48,296.25,296.55,296.20,296.45,74202,0
SBIN,20190805,13:49,296.50,296.50,296.10,296.35,102894,0
SBIN,20190805,13:50,296.30,296.55,296.10,296.25,132335,0
SBIN,20190805,13:51,296.25,296.65,295.70,296.10,164138,0
SBIN,20190805,13:52,296.10,296.40,296.05,296.35,51025,0
SBIN,20190805,13:53,296.50,296.85,296.40,296.70,87299,0
SBIN,20190805,13:54,296.75,296.80,296.50,296.60,39522,0
SBIN,20190805,13:55,296.60,296.80,296.40,296.45,39158,0
SBIN,20190805,13:56,296.50,296.55,296.10,296.45,39862,0
SBIN,20190805,13:57,296.50,296.70,296.40,296.60,39783,0
SBIN,20190805,13:58,296.50,296.80,296.30,296.80,39205,0
SBIN,20190805,13:59,296.80,297.35,296.80,297.20,102199,0
SBIN,20190805,14:00,297.15,297.60,297.00,297.25,92662,0
SBIN,20190805,14:01,297.30,297.30,296.70,296.70,55656,0
SBIN,20190805,14:02,296.80,297.10,296.40,296.60,43611,0
SBIN,20190805,14:03,296.90,297.40,296.65,297.40,60489,0
SBIN,20190805,14:04,297.45,298.45,297.35,298.25,161648,0
SBIN,20190805,14:05,298.20,298.35,297.70,297.70,125280,0
SBIN,20190805,14:06,297.65,297.70,297.25,297.25,61945,0
SBIN,20190805,14:07,297.25,298.20,297.25,298.20,86790,0
SBIN,20190805,14:08,298.10,298.40,298.00,298.35,61783,0
SBIN,20190805,14:09,298.25,299.00,298.20,298.75,160685,0
SBIN,20190805,14:10,298.75,298.95,298.50,298.95,115616,0
SBIN,20190805,14:11,298.90,299.00,298.50,298.55,63669,0
SBIN,20190805,14:12,298.50,298.70,298.30,298.30,44510,0
SBIN,20190805,14:13,298.30,298.60,298.30,298.55,43263,0
SBIN,20190805,14:14,298.50,298.90,298.40,298.70,60514,0
SBIN,20190805,14:15,298.70,298.75,298.05,298.25,97784,0
SBIN,20190805,14:16,298.25,298.30,297.90,298.05,60619,0
SBIN,20190805,14:17,298.05,298.80,298.00,298.80,53865,0
SBIN,20190805,14:18,298.70,299.25,298.35,299.15,121298,0
SBIN,20190805,14:19,299.25,299.30,298.80,298.85,88819,0
SBIN,20190805,14:20,298.85,299.00,298.65,299.00,66825,0
SBIN,20190805,14:21,298.95,299.45,298.85,299.45,71852,0
SBIN,20190805,14:22,299.30,299.50,298.95,299.35,96665,0
SBIN,20190805,14:23,299.30,299.40,298.95,299.20,67717,0
SBIN,20190805,14:24,299.15,299.15,298.85,298.85,54469,0
SBIN,20190805,14:25,298.80,298.95,298.70,298.80,23754,0
SBIN,20190805,14:26,298.80,298.80,298.50,298.55,104198,0
SBIN,20190805,14:27,298.55,298.65,298.20,298.35,82354,0
SBIN,20190805,14:28,298.35,298.65,298.35,298.55,44502,0
SBIN,20190805,14:29,298.55,298.55,298.20,298.40,41369,0
SBIN,20190805,14:30,298.35,298.60,298.30,298.60,33543,0
SBIN,20190805,14:31,298.50,298.65,298.15,298.25,41667,0
SBIN,20190805,14:32,298.25,298.60,298.15,298.50,34369,0
SBIN,20190805,14:33,298.55,298.55,298.00,298.15,70641,0
SBIN,20190805,14:34,298.15,298.65,298.15,298.65,66635,0
SBIN,20190805,14:35,298.55,298.65,298.25,298.35,31222,0
SBIN,20190805,14:36,298.35,298.75,298.25,298.70,41436,0
SBIN,20190805,14:37,298.75,299.00,298.70,298.80,57488,0
SBIN,20190805,14:38,298.85,299.90,298.85,299.85,243237,0
SBIN,20190805,14:39,299.70,300.50,299.50,300.25,299339,0
SBIN,20190805,14:40,300.35,301.50,300.35,301.05,522978,0
SBIN,20190805,14:41,300.90,301.90,300.85,301.80,269662,0
SBIN,20190805,14:42,301.85,302.85,301.85,302.50,481568,0
SBIN,20190805,14:43,302.50,302.55,301.50,301.55,258646,0
SBIN,20190805,14:44,301.60,301.65,301.10,301.10,205606,0
SBIN,20190805,14:45,301.05,302.15,301.00,302.15,137463,0
SBIN,20190805,14:46,302.15,302.15,300.70,300.95,191943,0
SBIN,20190805,14:47,301.00,301.10,300.60,300.65,118032,0
SBIN,20190805,14:48,300.70,301.15,300.60,300.85,88110,0
SBIN,20190805,14:49,300.95,301.10,300.60,301.10,85818,0
SBIN,20190805,14:50,300.95,301.10,300.60,300.60,88425,0
SBIN,20190805,14:51,300.75,300.75,300.15,300.40,141423,0
SBIN,20190805,14:52,300.50,301.15,300.30,301.00,83367,0
SBIN,20190805,14:53,300.95,300.95,300.50,300.85,61683,0
SBIN,20190805,14:54,300.85,300.85,300.50,300.55,44195,0
SBIN,20190805,14:55,300.55,300.75,300.45,300.60,53742,0
SBIN,20190805,14:56,300.60,300.65,299.60,299.80,172193,0
SBIN,20190805,14:57,299.80,299.90,299.40,299.75,136384,0
SBIN,20190805,14:58,299.75,299.90,299.45,299.55,117962,0
SBIN,20190805,14:59,299.50,299.85,299.50,299.85,60010,0
SBIN,20190805,15:00,299.75,300.15,299.75,299.95,86115,0
SBIN,20190805,15:01,300.10,300.70,300.05,300.25,173173,0
SBIN,20190805,15:02,300.15,300.30,299.65,299.80,100897,0
SBIN,20190805,15:03,299.85,300.20,299.75,300.00,116236,0
SBIN,20190805,15:04,300.05,300.20,300.00,300.00,69254,0
SBIN,20190805,15:05,300.05,300.25,299.85,299.90,78986,0
SBIN,20190805,15:06,299.80,299.85,299.50,299.50,79476,0
SBIN,20190805,15:07,299.55,299.90,299.45,299.75,91693,0
SBIN,20190805,15:08,299.75,299.95,299.70,299.75,59978,0
SBIN,20190805,15:09,299.75,299.85,299.65,299.80,63119,0
SBIN,20190805,15:10,299.80,299.90,299.70,299.85,69966,0
SBIN,20190805,15:11,299.80,299.95,299.50,299.70,147826,0
SBIN,20190805,15:12,299.65,299.90,299.60,299.80,168275,0
SBIN,20190805,15:13,299.90,300.45,299.90,300.20,182759,0
SBIN,20190805,15:14,300.20,300.45,300.15,300.30,85741,0
SBIN,20190805,15:15,300.30,300.40,300.20,300.30,103263,0
SBIN,20190805,15:16,300.30,300.60,300.30,300.50,341120,0
SBIN,20190805,15:17,300.65,300.75,300.30,300.55,154915,0
SBIN,20190805,15:18,300.60,301.20,300.60,301.00,333945,0
SBIN,20190805,15:19,301.00,301.10,300.75,300.90,218632,0
SBIN,20190805,15:20,300.90,300.90,300.60,300.65,120328,0
SBIN,20190805,15:21,300.65,300.65,300.25,300.25,170755,0
SBIN,20190805,15:22,300.15,300.55,300.15,300.40,141682,0
SBIN,20190805,15:23,300.55,300.65,300.15,300.55,255047,0
SBIN,20190805,15:24,300.60,300.65,300.20,300.25,246801,0
SBIN,20190805,15:25,300.30,300.30,300.05,300.05,68149,0
SBIN,20190805,15:26,300.10,300.10,299.75,299.75,92218,0
SBIN,20190805,15:27,299.70,299.75,299.50,299.50,93035,0
SBIN,20190805,15:28,299.60,299.60,299.45,299.50,109323,0
SBIN,20190805,15:29,299.50,299.75,299.50,299.60,114396,0
SBIN,20190805,15:30,299.70,300.00,299.60,299.80,92246,0
SBIN,20190805,15:31,299.80,299.80,299.80,299.80,100,0
SBIN,20190805,15:32,300.25,300.25,300.25,300.25,0,0
SBIN,20190805,15:41,300.25,300.25,300.25,300.25,400,0
SBIN,20190805,16:36,300.25,300.25,300.25,300.25,0,0
