ZEEL,20210506,09:08,184.00,184.00,184.00,184.00,14829,0
ZEEL,20210506,09:16,183.95,184.20,183.25,183.75,69445,0
ZEEL,20210506,09:17,183.70,183.75,183.60,183.60,27643,0
ZEEL,20210506,09:18,183.75,183.75,183.15,183.15,28723,0
ZEEL,20210506,09:19,183.25,183.30,183.05,183.30,40657,0
ZEEL,20210506,09:20,183.20,183.55,182.75,183.15,66857,0
ZEEL,20210506,09:21,183.20,183.25,183.10,183.15,15034,0
ZEEL,20210506,09:22,183.15,183.15,183.00,183.10,15998,0
ZEEL,20210506,09:23,183.15,183.20,183.00,183.10,23503,0
ZEEL,20210506,09:24,183.00,183.25,183.00,183.25,20278,0
ZEEL,20210506,09:25,183.30,183.35,183.15,183.15,5352,0
ZEEL,20210506,09:26,183.30,183.30,182.90,182.90,42754,0
ZEEL,20210506,09:27,182.85,182.85,182.55,182.85,30866,0
ZEEL,20210506,09:28,182.90,182.95,182.75,182.75,18212,0
ZEEL,20210506,09:29,182.70,182.90,182.30,182.85,43769,0
ZEEL,20210506,09:30,182.80,182.80,182.60,182.75,7216,0
ZEEL,20210506,09:31,182.75,182.75,182.25,182.40,26942,0
ZEEL,20210506,09:32,182.55,182.75,182.55,182.60,12641,0
ZEEL,20210506,09:33,182.65,182.90,182.60,182.90,9160,0
ZEEL,20210506,09:34,182.90,182.90,182.70,182.80,15942,0
ZEEL,20210506,09:35,182.75,182.75,182.60,182.65,22096,0
ZEEL,20210506,09:36,182.75,182.80,182.50,182.70,14781,0
ZEEL,20210506,09:37,182.55,182.80,182.40,182.50,36763,0
ZEEL,20210506,09:38,182.45,182.65,182.40,182.65,30076,0
ZEEL,20210506,09:39,182.50,182.65,182.40,182.60,20346,0
ZEEL,20210506,09:40,182.65,182.70,182.50,182.55,12222,0
ZEEL,20210506,09:41,182.55,182.55,182.20,182.25,31064,0
ZEEL,20210506,09:42,182.30,182.40,181.85,182.00,68946,0
ZEEL,20210506,09:43,181.95,182.15,181.80,182.15,19976,0
ZEEL,20210506,09:44,182.15,182.15,182.00,182.10,18253,0
ZEEL,20210506,09:45,182.15,182.15,181.95,182.00,14394,0
ZEEL,20210506,09:46,182.00,182.25,182.00,182.15,6475,0
ZEEL,20210506,09:47,182.20,182.20,182.05,182.15,20112,0
ZEEL,20210506,09:48,182.15,182.20,182.05,182.05,8039,0
ZEEL,20210506,09:49,182.20,182.25,182.20,182.25,19721,0
ZEEL,20210506,09:50,182.35,182.35,182.10,182.10,12557,0
ZEEL,20210506,09:51,182.20,182.30,182.05,182.05,17631,0
ZEEL,20210506,09:52,182.20,182.20,181.90,182.00,45605,0
ZEEL,20210506,09:53,181.85,182.15,181.85,182.10,11137,0
ZEEL,20210506,09:54,182.05,182.10,182.00,182.10,7026,0
ZEEL,20210506,09:55,182.00,182.10,181.90,181.90,15253,0
ZEEL,20210506,09:56,181.90,182.00,181.90,181.90,12590,0
ZEEL,20210506,09:57,182.05,182.05,181.85,181.95,12865,0
ZEEL,20210506,09:58,181.85,181.95,181.60,181.75,29734,0
ZEEL,20210506,09:59,181.60,181.85,181.50,181.85,32385,0
ZEEL,20210506,10:00,181.80,181.85,181.75,181.80,16714,0
ZEEL,20210506,10:01,181.90,181.90,181.75,181.75,23807,0
ZEEL,20210506,10:02,181.65,181.75,181.60,181.70,11344,0
ZEEL,20210506,10:03,181.80,181.80,180.75,181.10,227882,0
ZEEL,20210506,10:04,180.95,181.20,180.95,181.10,30894,0
ZEEL,20210506,10:05,181.15,181.35,181.10,181.20,24920,0
ZEEL,20210506,10:06,181.00,181.00,180.60,180.80,107908,0
ZEEL,20210506,10:07,180.80,181.05,180.80,180.90,18859,0
ZEEL,20210506,10:08,181.00,181.15,180.90,181.15,31676,0
ZEEL,20210506,10:09,181.05,181.15,181.00,181.10,15440,0
ZEEL,20210506,10:10,181.10,181.20,180.80,180.80,30524,0
ZEEL,20210506,10:11,180.70,180.80,180.25,180.25,83375,0
ZEEL,20210506,10:12,180.40,180.60,180.20,180.60,63252,0
ZEEL,20210506,10:13,180.50,180.65,180.45,180.50,34800,0
ZEEL,20210506,10:14,180.50,180.85,180.45,180.65,29014,0
ZEEL,20210506,10:15,180.60,180.70,180.25,180.60,55109,0
ZEEL,20210506,10:16,180.55,180.70,180.50,180.50,41686,0
ZEEL,20210506,10:17,180.50,180.65,180.30,180.45,31407,0
ZEEL,20210506,10:18,180.30,180.45,180.00,180.15,138717,0
ZEEL,20210506,10:19,180.20,180.40,180.10,180.40,17372,0
ZEEL,20210506,10:20,180.45,180.45,180.30,180.45,6985,0
ZEEL,20210506,10:21,180.45,180.45,180.30,180.40,13868,0
ZEEL,20210506,10:22,180.45,180.70,180.40,180.65,30079,0
ZEEL,20210506,10:23,180.65,180.70,180.15,180.20,30589,0
ZEEL,20210506,10:24,180.15,180.40,180.15,180.40,12198,0
ZEEL,20210506,10:25,180.30,180.45,180.30,180.40,8331,0
ZEEL,20210506,10:26,180.40,180.40,180.15,180.35,43345,0
ZEEL,20210506,10:27,180.30,180.40,180.05,180.10,32108,0
ZEEL,20210506,10:28,180.15,180.30,180.10,180.20,18797,0
ZEEL,20210506,10:29,180.20,180.40,180.20,180.40,15831,0
ZEEL,20210506,10:30,180.35,180.50,180.30,180.30,25006,0
ZEEL,20210506,10:31,180.30,180.35,179.60,180.30,134956,0
ZEEL,20210506,10:32,180.35,180.35,180.00,180.15,31279,0
ZEEL,20210506,10:33,180.15,180.35,180.00,180.35,30324,0
ZEEL,20210506,10:34,180.45,180.45,180.10,180.15,17097,0
ZEEL,20210506,10:35,180.20,180.35,180.05,180.25,10934,0
ZEEL,20210506,10:36,180.25,180.30,180.05,180.10,19033,0
ZEEL,20210506,10:37,180.30,180.35,180.15,180.30,34814,0
ZEEL,20210506,10:38,180.30,180.40,180.20,180.40,8883,0
ZEEL,20210506,10:39,180.30,180.45,180.20,180.30,16489,0
ZEEL,20210506,10:40,180.35,180.35,179.80,179.85,73101,0
ZEEL,20210506,10:41,179.80,179.90,179.70,179.80,25760,0
ZEEL,20210506,10:42,179.85,180.00,179.80,179.85,27290,0
ZEEL,20210506,10:43,179.80,180.20,179.80,180.20,28299,0
ZEEL,20210506,10:44,180.15,180.45,180.15,180.15,41657,0
ZEEL,20210506,10:45,180.15,180.40,180.15,180.35,13770,0
ZEEL,20210506,10:46,180.40,180.40,179.90,180.10,46614,0
ZEEL,20210506,10:47,180.20,180.35,180.10,180.35,5879,0
ZEEL,20210506,10:48,180.35,180.45,180.25,180.35,18378,0
ZEEL,20210506,10:49,180.40,180.40,180.05,180.20,18230,0
ZEEL,20210506,10:50,180.20,180.40,180.15,180.30,6965,0
ZEEL,20210506,10:51,180.40,180.40,180.30,180.40,2187,0
ZEEL,20210506,10:52,180.35,180.40,180.20,180.20,5931,0
ZEEL,20210506,10:53,180.30,180.40,180.25,180.25,6018,0
ZEEL,20210506,10:54,180.40,180.60,180.25,180.60,37755,0
ZEEL,20210506,10:55,180.65,181.10,180.50,180.70,96398,0
ZEEL,20210506,10:56,180.60,180.65,180.20,180.30,34871,0
ZEEL,20210506,10:57,180.30,180.40,180.20,180.30,16157,0
ZEEL,20210506,10:58,180.35,180.45,180.25,180.40,5873,0
ZEEL,20210506,10:59,180.40,180.45,180.30,180.45,5185,0
ZEEL,20210506,11:00,180.45,180.75,180.45,180.75,15504,0
ZEEL,20210506,11:01,180.75,181.25,180.70,181.00,39967,0
ZEEL,20210506,11:02,180.95,181.40,180.95,181.30,81631,0
ZEEL,20210506,11:03,181.15,181.50,181.15,181.45,54281,0
ZEEL,20210506,11:04,181.35,181.45,181.25,181.30,39974,0
ZEEL,20210506,11:05,181.30,181.40,181.10,181.15,46006,0
ZEEL,20210506,11:06,181.25,181.25,181.05,181.25,13581,0
ZEEL,20210506,11:07,181.10,181.25,181.05,181.20,10523,0
ZEEL,20210506,11:08,181.20,181.20,181.05,181.10,9187,0
ZEEL,20210506,11:09,181.10,181.35,181.10,181.35,28188,0
ZEEL,20210506,11:10,181.25,181.70,181.20,181.65,104471,0
ZEEL,20210506,11:11,181.65,181.75,181.50,181.60,41901,0
ZEEL,20210506,11:12,181.75,181.80,181.55,181.65,17986,0
ZEEL,20210506,11:13,181.60,181.65,181.50,181.55,36251,0
ZEEL,20210506,11:14,181.55,181.55,181.20,181.30,12554,0
ZEEL,20210506,11:15,181.40,181.40,181.25,181.25,8481,0
ZEEL,20210506,11:16,181.35,181.35,181.15,181.15,11056,0
ZEEL,20210506,11:17,181.25,181.35,181.15,181.30,7737,0
ZEEL,20210506,11:18,181.30,181.30,181.15,181.15,4115,0
ZEEL,20210506,11:19,181.15,181.40,181.10,181.25,13825,0
ZEEL,20210506,11:20,181.25,181.35,181.25,181.25,4392,0
ZEEL,20210506,11:21,181.25,181.40,181.10,181.20,28283,0
ZEEL,20210506,11:22,181.20,181.30,181.05,181.20,5045,0
ZEEL,20210506,11:23,181.10,181.20,180.80,181.00,34831,0
ZEEL,20210506,11:24,181.00,181.00,180.75,180.75,3943,0
ZEEL,20210506,11:25,181.05,181.15,181.00,181.05,44500,0
ZEEL,20210506,11:26,181.00,181.25,181.00,181.05,9248,0
ZEEL,20210506,11:27,181.20,181.20,181.05,181.20,7203,0
ZEEL,20210506,11:28,181.20,181.50,181.10,181.40,27260,0
ZEEL,20210506,11:29,181.40,181.45,181.30,181.30,8721,0
ZEEL,20210506,11:30,181.40,181.40,181.15,181.25,2024,0
ZEEL,20210506,11:31,181.15,181.25,181.10,181.15,1977,0
ZEEL,20210506,11:32,181.20,181.35,181.10,181.25,8958,0
ZEEL,20210506,11:33,181.35,181.45,181.20,181.35,12868,0
ZEEL,20210506,11:34,181.35,181.35,181.20,181.30,5867,0
ZEEL,20210506,11:35,181.20,181.30,181.20,181.30,544,0
ZEEL,20210506,11:36,181.30,181.40,181.25,181.30,3872,0
ZEEL,20210506,11:37,181.40,181.40,181.25,181.30,2045,0
ZEEL,20210506,11:38,181.25,181.65,181.25,181.65,27671,0
ZEEL,20210506,11:39,181.60,181.65,181.35,181.50,15304,0
ZEEL,20210506,11:40,181.50,181.55,181.30,181.35,6466,0
ZEEL,20210506,11:41,181.30,181.35,181.20,181.20,2267,0
ZEEL,20210506,11:42,181.20,181.30,181.10,181.10,6709,0
ZEEL,20210506,11:43,181.20,181.30,181.10,181.25,7126,0
ZEEL,20210506,11:44,181.25,181.35,181.20,181.30,3802,0
ZEEL,20210506,11:45,181.25,181.35,181.25,181.30,1262,0
ZEEL,20210506,11:46,181.35,181.65,181.25,181.55,20783,0
ZEEL,20210506,11:47,181.60,181.60,181.50,181.60,3158,0
ZEEL,20210506,11:48,181.55,181.60,181.50,181.55,4984,0
ZEEL,20210506,11:49,181.60,181.65,181.55,181.60,32376,0
ZEEL,20210506,11:50,181.60,181.60,181.30,181.45,13294,0
ZEEL,20210506,11:51,181.45,181.45,181.25,181.40,2038,0
ZEEL,20210506,11:52,181.40,181.60,181.40,181.45,12636,0
ZEEL,20210506,11:53,181.55,181.60,181.45,181.50,1848,0
ZEEL,20210506,11:54,181.50,181.60,181.45,181.50,5121,0
ZEEL,20210506,11:55,181.55,181.60,181.45,181.60,4246,0
ZEEL,20210506,11:56,181.55,181.60,181.50,181.60,629,0
ZEEL,20210506,11:57,181.50,181.60,181.30,181.45,27600,0
ZEEL,20210506,11:58,181.50,181.55,181.35,181.50,8947,0
ZEEL,20210506,11:59,181.50,181.55,181.50,181.50,4267,0
ZEEL,20210506,12:00,181.50,181.55,181.50,181.50,3899,0
ZEEL,20210506,12:01,181.55,181.55,181.40,181.50,3900,0
ZEEL,20210506,12:02,181.40,181.40,181.35,181.35,2816,0
ZEEL,20210506,12:03,181.35,181.40,181.30,181.40,3466,0
ZEEL,20210506,12:04,181.40,181.40,181.25,181.30,3077,0
ZEEL,20210506,12:05,181.30,181.30,181.15,181.25,8828,0
ZEEL,20210506,12:06,181.25,181.30,181.25,181.25,1452,0
ZEEL,20210506,12:07,181.25,181.45,181.25,181.45,1166,0
ZEEL,20210506,12:08,181.45,181.45,181.25,181.30,5804,0
ZEEL,20210506,12:09,181.40,181.40,181.30,181.40,2705,0
ZEEL,20210506,12:10,181.35,181.40,181.25,181.35,12071,0
ZEEL,20210506,12:11,181.25,181.70,181.25,181.70,36428,0
ZEEL,20210506,12:12,181.60,181.70,181.55,181.60,3418,0
ZEEL,20210506,12:13,181.65,181.65,181.35,181.60,4927,0
ZEEL,20210506,12:14,181.60,181.70,181.50,181.50,6458,0
ZEEL,20210506,12:15,181.50,181.65,181.50,181.60,1716,0
ZEEL,20210506,12:16,181.60,181.60,181.50,181.50,5976,0
ZEEL,20210506,12:17,181.60,181.70,181.50,181.60,7554,0
ZEEL,20210506,12:18,181.55,181.65,181.50,181.65,8815,0
ZEEL,20210506,12:19,181.70,181.70,181.50,181.65,12729,0
ZEEL,20210506,12:20,181.65,181.70,181.50,181.65,8697,0
ZEEL,20210506,12:21,181.70,181.70,181.60,181.70,1641,0
ZEEL,20210506,12:22,181.60,181.70,181.50,181.70,5300,0
ZEEL,20210506,12:23,181.70,181.70,181.60,181.60,13153,0
ZEEL,20210506,12:24,181.60,181.65,181.55,181.65,1626,0
ZEEL,20210506,12:25,181.55,181.65,181.55,181.55,3539,0
ZEEL,20210506,12:26,181.50,181.55,181.45,181.55,5640,0
ZEEL,20210506,12:27,181.45,181.55,181.25,181.30,14147,0
ZEEL,20210506,12:28,181.25,181.30,181.15,181.25,15975,0
ZEEL,20210506,12:29,181.35,181.50,181.35,181.50,10841,0
ZEEL,20210506,12:30,181.40,181.50,181.35,181.50,1384,0
ZEEL,20210506,12:31,181.50,181.60,181.45,181.50,5738,0
ZEEL,20210506,12:32,181.50,181.70,181.50,181.60,11848,0
ZEEL,20210506,12:33,181.50,181.70,181.50,181.65,4621,0
ZEEL,20210506,12:34,181.75,181.75,181.65,181.70,12860,0
ZEEL,20210506,12:35,181.65,181.70,181.60,181.70,2532,0
ZEEL,20210506,12:36,181.65,181.70,181.50,181.50,2678,0
ZEEL,20210506,12:37,181.60,181.65,181.45,181.65,12079,0
ZEEL,20210506,12:38,181.50,181.60,181.45,181.60,2855,0
ZEEL,20210506,12:39,181.60,181.60,181.50,181.55,1831,0
ZEEL,20210506,12:40,181.55,181.65,181.50,181.65,10195,0
ZEEL,20210506,12:41,181.65,181.70,181.55,181.70,2077,0
ZEEL,20210506,12:42,181.70,181.70,181.60,181.70,2235,0
ZEEL,20210506,12:43,181.60,181.70,181.60,181.60,3618,0
ZEEL,20210506,12:44,181.60,181.70,181.55,181.60,1739,0
ZEEL,20210506,12:45,181.60,181.70,181.60,181.70,2708,0
ZEEL,20210506,12:46,181.65,181.70,181.60,181.65,3306,0
ZEEL,20210506,12:47,181.70,181.70,181.65,181.65,15877,0
ZEEL,20210506,12:48,181.65,181.70,181.65,181.65,1765,0
ZEEL,20210506,12:49,181.70,181.70,181.65,181.65,2481,0
ZEEL,20210506,12:50,181.65,181.70,181.60,181.65,3101,0
ZEEL,20210506,12:51,181.65,181.70,181.60,181.65,1441,0
ZEEL,20210506,12:52,181.60,181.70,181.60,181.70,7707,0
ZEEL,20210506,12:53,181.75,181.95,181.70,181.90,25419,0
ZEEL,20210506,12:54,181.85,182.25,181.85,182.10,69994,0
ZEEL,20210506,12:55,182.15,182.40,182.05,182.35,59406,0
ZEEL,20210506,12:56,182.30,182.40,182.15,182.25,21471,0
ZEEL,20210506,12:57,182.25,182.40,182.20,182.25,22329,0
ZEEL,20210506,12:58,182.25,182.25,182.05,182.10,2513,0
ZEEL,20210506,12:59,182.10,182.20,182.05,182.10,9985,0
ZEEL,20210506,13:00,182.15,182.15,182.05,182.10,8097,0
ZEEL,20210506,13:01,182.10,182.15,182.00,182.05,11906,0
ZEEL,20210506,13:02,182.10,182.10,182.05,182.10,1644,0
ZEEL,20210506,13:03,182.05,182.10,182.00,182.00,10851,0
ZEEL,20210506,13:04,182.00,182.40,182.00,182.30,23012,0
ZEEL,20210506,13:05,182.25,182.30,182.05,182.15,4307,0
ZEEL,20210506,13:06,182.05,182.15,182.05,182.10,2752,0
ZEEL,20210506,13:07,182.05,182.10,181.90,181.90,9114,0
ZEEL,20210506,13:08,181.85,181.90,181.75,181.85,7626,0
ZEEL,20210506,13:09,181.85,181.85,181.75,181.80,2230,0
ZEEL,20210506,13:10,181.75,181.80,181.60,181.60,32245,0
ZEEL,20210506,13:11,181.60,182.10,181.60,182.00,28612,0
ZEEL,20210506,13:12,182.10,182.15,182.00,182.10,7759,0
ZEEL,20210506,13:13,182.00,182.10,182.00,182.00,2652,0
ZEEL,20210506,13:14,182.05,182.05,181.80,181.95,13303,0
ZEEL,20210506,13:15,181.85,181.95,181.80,181.90,1927,0
ZEEL,20210506,13:16,181.90,181.95,181.85,181.85,9401,0
ZEEL,20210506,13:17,181.90,181.95,181.80,181.80,2588,0
ZEEL,20210506,13:18,181.80,181.90,181.70,181.70,5260,0
ZEEL,20210506,13:19,181.80,181.80,181.70,181.70,4384,0
ZEEL,20210506,13:20,181.65,181.70,181.50,181.65,6911,0
ZEEL,20210506,13:21,181.60,181.65,181.60,181.65,874,0
ZEEL,20210506,13:22,181.60,181.70,181.60,181.65,2403,0
ZEEL,20210506,13:23,181.60,181.70,181.60,181.60,2949,0
ZEEL,20210506,13:24,181.60,181.75,181.55,181.55,6915,0
ZEEL,20210506,13:25,181.60,181.60,181.50,181.60,3918,0
ZEEL,20210506,13:26,181.65,181.65,181.50,181.60,4838,0
ZEEL,20210506,13:27,181.50,181.60,181.50,181.60,3143,0
ZEEL,20210506,13:28,181.55,181.60,181.55,181.60,1753,0
ZEEL,20210506,13:29,181.60,181.60,181.55,181.60,893,0
ZEEL,20210506,13:30,181.55,181.75,181.55,181.70,17060,0
ZEEL,20210506,13:31,181.70,181.75,181.65,181.65,1246,0
ZEEL,20210506,13:32,181.60,181.65,181.30,181.30,26037,0
ZEEL,20210506,13:33,181.45,181.45,181.25,181.40,5268,0
ZEEL,20210506,13:34,181.35,181.40,181.35,181.40,3971,0
ZEEL,20210506,13:35,181.45,181.50,181.35,181.35,13277,0
ZEEL,20210506,13:36,181.35,181.40,181.15,181.15,36934,0
ZEEL,20210506,13:37,181.15,181.60,181.15,181.60,8380,0
ZEEL,20210506,13:38,181.60,181.60,181.50,181.55,1090,0
ZEEL,20210506,13:39,181.50,181.55,181.40,181.40,4096,0
ZEEL,20210506,13:40,181.40,181.60,181.30,181.55,8584,0
ZEEL,20210506,13:41,181.50,181.75,181.50,181.70,10075,0
ZEEL,20210506,13:42,181.75,181.75,181.65,181.75,1933,0
ZEEL,20210506,13:43,181.75,181.75,181.55,181.60,3837,0
ZEEL,20210506,13:44,181.70,181.70,181.60,181.70,2440,0
ZEEL,20210506,13:45,181.75,181.75,181.70,181.75,5916,0
ZEEL,20210506,13:46,181.75,181.75,181.70,181.70,2660,0
ZEEL,20210506,13:47,181.70,181.75,181.65,181.70,11766,0
ZEEL,20210506,13:48,181.70,181.80,181.70,181.80,1760,0
ZEEL,20210506,13:49,181.70,182.00,181.70,182.00,6614,0
ZEEL,20210506,13:50,182.00,182.00,181.90,182.00,8157,0
ZEEL,20210506,13:51,181.95,182.00,181.90,181.90,12931,0
ZEEL,20210506,13:52,182.00,182.00,181.90,181.90,1809,0
ZEEL,20210506,13:53,181.95,181.95,181.90,181.90,3153,0
ZEEL,20210506,13:54,181.85,181.90,181.85,181.85,1437,0
ZEEL,20210506,13:55,181.85,181.90,181.65,181.70,4478,0
ZEEL,20210506,13:56,181.70,181.80,181.55,181.75,2800,0
ZEEL,20210506,13:57,181.60,181.80,181.60,181.80,5257,0
ZEEL,20210506,13:58,181.80,182.00,181.70,181.90,16332,0
ZEEL,20210506,13:59,181.90,181.95,181.85,181.85,2654,0
ZEEL,20210506,14:00,181.95,181.95,181.80,181.80,2181,0
ZEEL,20210506,14:01,181.85,181.95,181.85,181.90,3378,0
ZEEL,20210506,14:02,181.90,181.95,181.80,181.95,3005,0
ZEEL,20210506,14:03,181.95,182.00,181.90,181.90,2228,0
ZEEL,20210506,14:04,182.00,182.00,181.90,182.00,5928,0
ZEEL,20210506,14:05,181.90,182.00,181.70,181.80,13254,0
ZEEL,20210506,14:06,181.80,181.95,181.70,181.80,11215,0
ZEEL,20210506,14:07,181.80,181.95,181.75,181.95,2985,0
ZEEL,20210506,14:08,181.90,182.15,181.90,182.15,47831,0
ZEEL,20210506,14:09,182.10,182.20,182.00,182.00,9352,0
ZEEL,20210506,14:10,182.00,182.15,181.95,181.95,6921,0
ZEEL,20210506,14:11,182.00,182.05,181.90,181.90,1738,0
ZEEL,20210506,14:12,181.90,181.90,181.75,181.85,10791,0
ZEEL,20210506,14:13,181.85,181.90,181.75,181.75,3184,0
ZEEL,20210506,14:14,181.80,182.00,181.80,182.00,18050,0
ZEEL,20210506,14:15,182.00,182.05,181.90,182.05,1324,0
ZEEL,20210506,14:16,181.95,182.10,181.90,181.90,3286,0
ZEEL,20210506,14:17,181.90,181.95,181.75,181.95,7005,0
ZEEL,20210506,14:18,181.85,181.95,181.80,181.85,3371,0
ZEEL,20210506,14:19,181.75,181.90,181.75,181.90,1952,0
ZEEL,20210506,14:20,181.80,181.90,181.75,181.90,16057,0
ZEEL,20210506,14:21,181.90,181.95,181.80,181.95,2367,0
ZEEL,20210506,14:22,181.95,182.05,181.90,182.00,4143,0
ZEEL,20210506,14:23,181.90,182.05,181.90,181.95,3070,0
ZEEL,20210506,14:24,181.90,181.95,181.65,181.85,27872,0
ZEEL,20210506,14:25,181.85,181.85,181.50,181.70,18554,0
ZEEL,20210506,14:26,181.75,181.85,181.60,181.85,6878,0
ZEEL,20210506,14:27,181.85,181.95,181.70,181.95,5128,0
ZEEL,20210506,14:28,181.95,182.00,181.75,181.85,21067,0
ZEEL,20210506,14:29,181.85,181.90,181.80,181.85,2156,0
ZEEL,20210506,14:30,182.00,182.00,181.90,181.90,9336,0
ZEEL,20210506,14:31,181.90,181.90,181.70,181.75,5208,0
ZEEL,20210506,14:32,181.80,181.85,181.70,181.80,2465,0
ZEEL,20210506,14:33,181.75,181.75,181.65,181.70,4828,0
ZEEL,20210506,14:34,181.70,181.85,181.65,181.65,15176,0
ZEEL,20210506,14:35,181.85,181.85,181.75,181.80,652,0
ZEEL,20210506,14:36,181.80,181.90,181.80,181.90,3734,0
ZEEL,20210506,14:37,181.90,181.90,181.75,181.75,2744,0
ZEEL,20210506,14:38,181.75,181.90,181.75,181.80,8648,0
ZEEL,20210506,14:39,181.85,181.95,181.85,181.85,5030,0
ZEEL,20210506,14:40,181.85,181.90,181.70,181.75,15048,0
ZEEL,20210506,14:41,181.75,181.80,181.60,181.70,17337,0
ZEEL,20210506,14:42,181.70,181.90,181.70,181.80,738,0
ZEEL,20210506,14:43,181.85,181.90,181.80,181.90,2439,0
ZEEL,20210506,14:44,181.85,181.90,181.75,181.75,2023,0
ZEEL,20210506,14:45,181.75,181.85,181.60,181.60,10520,0
ZEEL,20210506,14:46,181.50,181.60,181.50,181.50,9086,0
ZEEL,20210506,14:47,181.50,181.60,181.50,181.50,3133,0
ZEEL,20210506,14:48,181.50,181.60,181.30,181.40,13903,0
ZEEL,20210506,14:49,181.40,181.45,181.20,181.25,20322,0
ZEEL,20210506,14:50,181.35,181.50,181.30,181.40,12812,0
ZEEL,20210506,14:51,181.40,181.55,181.30,181.50,34900,0
ZEEL,20210506,14:52,181.55,181.55,181.40,181.55,6601,0
ZEEL,20210506,14:53,181.55,181.70,181.50,181.70,25747,0
ZEEL,20210506,14:54,181.70,181.95,181.70,181.85,33359,0
ZEEL,20210506,14:55,181.85,181.95,181.85,181.90,5748,0
ZEEL,20210506,14:56,182.10,182.10,181.80,181.80,55951,0
ZEEL,20210506,14:57,181.90,182.10,181.90,182.05,21391,0
ZEEL,20210506,14:58,182.05,182.20,182.05,182.20,12281,0
ZEEL,20210506,14:59,182.10,182.20,182.10,182.20,9892,0
ZEEL,20210506,15:00,182.20,182.25,182.05,182.05,16605,0
ZEEL,20210506,15:01,182.05,182.40,182.05,182.30,51990,0
ZEEL,20210506,15:02,182.30,182.40,182.30,182.30,36515,0
ZEEL,20210506,15:03,182.40,182.40,182.30,182.35,14424,0
ZEEL,20210506,15:04,182.30,182.30,182.25,182.25,22798,0
ZEEL,20210506,15:05,182.30,182.30,182.15,182.25,20013,0
ZEEL,20210506,15:06,182.20,182.35,182.20,182.25,36730,0
ZEEL,20210506,15:07,182.25,182.35,182.25,182.25,20687,0
ZEEL,20210506,15:08,182.25,182.30,182.00,182.25,71533,0
ZEEL,20210506,15:09,182.20,182.20,182.00,182.20,25823,0
ZEEL,20210506,15:10,182.10,182.20,182.10,182.20,7922,0
ZEEL,20210506,15:11,182.20,182.35,182.15,182.35,47081,0
ZEEL,20210506,15:12,182.30,182.35,182.25,182.35,58280,0
ZEEL,20210506,15:13,182.35,182.35,182.00,182.10,55284,0
ZEEL,20210506,15:14,182.10,182.30,182.10,182.25,10158,0
ZEEL,20210506,15:15,182.35,182.35,182.30,182.35,32442,0
ZEEL,20210506,15:16,182.35,182.45,182.30,182.45,80728,0
ZEEL,20210506,15:17,182.50,182.50,182.45,182.50,30437,0
ZEEL,20210506,15:18,182.45,182.55,182.15,182.25,67289,0
ZEEL,20210506,15:19,182.30,182.30,182.10,182.20,61081,0
ZEEL,20210506,15:20,182.25,182.25,182.10,182.10,15697,0
ZEEL,20210506,15:21,182.10,182.25,182.10,182.20,63637,0
ZEEL,20210506,15:22,182.20,182.20,182.15,182.20,32224,0
ZEEL,20210506,15:23,182.15,182.25,182.15,182.25,54925,0
ZEEL,20210506,15:24,182.20,182.25,182.20,182.25,14781,0
ZEEL,20210506,15:25,182.25,182.30,182.25,182.25,76389,0
ZEEL,20210506,15:26,182.25,182.30,182.25,182.25,22805,0
ZEEL,20210506,15:27,182.25,182.25,182.25,182.25,27381,0
ZEEL,20210506,15:28,182.25,182.30,182.15,182.30,45301,0
ZEEL,20210506,15:29,182.25,182.30,182.25,182.25,56069,0
ZEEL,20210506,15:30,182.30,182.35,182.25,182.35,47711,0
ZEEL,20210506,15:31,182.35,182.35,182.35,182.35,1026,0
ZEEL,20210506,15:32,182.25,182.25,182.25,182.25,0,0
ZEEL,20210506,15:41,182.25,182.25,182.25,182.25,100,0
ZEEL,20210506,16:47,182.25,182.25,182.25,182.25,0,0
