AXISBANK,20181003,09:08,592.6,592.6,592.6,592.6,14512
AXISBANK,20181003,09:16,592.45,592.45,587.1,590.25,208218
AXISBANK,20181003,09:17,590.15,591.6,590.15,591.45,85616
AXISBANK,20181003,09:18,591.45,591.5,588,589,89520
AXISBANK,20181003,09:19,588.95,589,587.6,588,139914
AXISBANK,20181003,09:20,587.95,587.95,585,585.4,65867
AXISBANK,20181003,09:21,585.05,586.7,584.25,585.85,81354
AXISBANK,20181003,09:22,585.75,587.25,585.05,585.2,102067
AXISBANK,20181003,09:23,584.8,586,584.8,585.7,93563
AXISBANK,20181003,09:24,585.7,586.5,585.7,585.95,93437
AXISBANK,20181003,09:25,585.85,588.5,585.85,588.3,113783
AXISBANK,20181003,09:26,588.25,588.25,585.85,586.25,393488
AXISBANK,20181003,09:27,586.2,587.95,586.15,587.55,109257
AXISBANK,20181003,09:28,587.45,587.75,587.1,587.75,32947
AXISBANK,20181003,09:29,587.45,587.65,586,587.45,331919
AXISBANK,20181003,09:30,587.5,587.55,587.05,587.05,30578
AXISBANK,20181003,09:31,587.1,588.4,587.1,588.3,33589
AXISBANK,20181003,09:32,588.3,589,587.9,587.9,273317
AXISBANK,20181003,09:33,588.35,588.7,587.4,588.35,113532
AXISBANK,20181003,09:34,588.35,589.65,585.9,585.95,359113
AXISBANK,20181003,09:35,585.85,586.35,585.8,586,63969
AXISBANK,20181003,09:36,586,586.7,585.55,585.55,82840
AXISBANK,20181003,09:37,583.5,586.65,582.65,586.45,136704
AXISBANK,20181003,09:38,586.45,587.5,586.4,587,25544
AXISBANK,20181003,09:39,587,587,585.4,585.5,90667
AXISBANK,20181003,09:40,585.5,585.5,584.1,585,37409
AXISBANK,20181003,09:41,585,585.5,584.15,585.5,28974
AXISBANK,20181003,09:42,585.5,586.25,585.5,586.25,26650
AXISBANK,20181003,09:43,586.05,586.4,585.8,585.8,15249
AXISBANK,20181003,09:44,585.9,586.2,585,585.65,16561
AXISBANK,20181003,09:45,585.65,585.75,584.65,584.75,78627
AXISBANK,20181003,09:46,584.75,585.3,584.6,585.25,13560
AXISBANK,20181003,09:47,585.4,585.9,585.3,585.9,7800
AXISBANK,20181003,09:48,585.85,586.5,585.6,586.3,27729
AXISBANK,20181003,09:49,586,586.3,585.6,585.7,11575
AXISBANK,20181003,09:50,585.7,586.15,585.7,586.15,9772
AXISBANK,20181003,09:51,586,586.75,585.95,586.75,12997
AXISBANK,20181003,09:52,586.85,586.85,586.25,586.4,12551
AXISBANK,20181003,09:53,586.35,586.35,585.8,585.8,12799
AXISBANK,20181003,09:54,585.75,585.75,585.1,585.35,13016
AXISBANK,20181003,09:55,585.3,585.7,585.3,585.7,12777
AXISBANK,20181003,09:56,585.7,586,585.65,585.9,6252
AXISBANK,20181003,09:57,585.95,586.55,585.95,586.55,15747
AXISBANK,20181003,09:58,586.55,587.4,586,586,68507
AXISBANK,20181003,09:59,586,586.35,585.9,586.15,22332
AXISBANK,20181003,10:00,586.15,587.3,586,586.85,116243
AXISBANK,20181003,10:01,587.1,587.1,586.3,586.85,78134
AXISBANK,20181003,10:02,586.85,587,586.7,586.7,6374
AXISBANK,20181003,10:03,586.7,586.75,586.3,586.6,12506
AXISBANK,20181003,10:04,586.6,587,586.6,587,18096
AXISBANK,20181003,10:05,587.2,587.2,586.65,586.75,28950
AXISBANK,20181003,10:06,586.5,587,586.5,587,5920
AXISBANK,20181003,10:07,586.95,587.15,586.8,587,15691
AXISBANK,20181003,10:08,587,588.25,586.85,588.1,66349
AXISBANK,20181003,10:09,588.1,589.4,587.8,589.05,41951
AXISBANK,20181003,10:10,589,589,588.05,588.7,24799
AXISBANK,20181003,10:11,588.65,588.7,587.35,587.8,53722
AXISBANK,20181003,10:12,587.7,588.2,587.4,587.7,9679
AXISBANK,20181003,10:13,587.5,587.95,587.45,587.8,6584
AXISBANK,20181003,10:14,587.85,588.4,587.6,588.4,20198
AXISBANK,20181003,10:15,588.35,588.7,588.3,588.65,8156
AXISBANK,20181003,10:16,588.65,588.7,587.75,587.75,35984
AXISBANK,20181003,10:17,587.75,587.8,587.2,587.2,12189
AXISBANK,20181003,10:18,587.2,587.5,587.2,587.35,8349
AXISBANK,20181003,10:19,587.45,587.5,587.35,587.4,5692
AXISBANK,20181003,10:20,587.3,588,587.3,587.45,10776
AXISBANK,20181003,10:21,587.45,587.55,587.35,587.4,5321
AXISBANK,20181003,10:22,587.35,587.5,586.4,586.75,18480
AXISBANK,20181003,10:23,586.75,586.85,586.3,586.3,14889
AXISBANK,20181003,10:24,586.3,586.4,586.25,586.3,12163
AXISBANK,20181003,10:25,586.3,586.3,586.15,586.25,18451
AXISBANK,20181003,10:26,586.15,586.4,586.05,586.05,18421
AXISBANK,20181003,10:27,586.1,586.1,585.4,585.9,25201
AXISBANK,20181003,10:28,585.55,585.55,584,584.45,106346
AXISBANK,20181003,10:29,584.25,585.5,584.25,585.4,13792
AXISBANK,20181003,10:30,585.1,585.4,584.65,584.65,25770
AXISBANK,20181003,10:31,585,586.4,585,586.15,91877
AXISBANK,20181003,10:32,586.15,586.45,585.75,586,76541
AXISBANK,20181003,10:33,585.9,586.15,585.9,586,15594
AXISBANK,20181003,10:34,585.95,586.4,585.9,586,26342
AXISBANK,20181003,10:35,586,586.75,585.95,586.75,28439
AXISBANK,20181003,10:36,586.4,586.5,585.15,585.95,24420
AXISBANK,20181003,10:37,585.95,586,585.3,585.6,25074
AXISBANK,20181003,10:38,585.5,585.6,585,585.15,11787
AXISBANK,20181003,10:39,585,585.25,585,585.15,8838
AXISBANK,20181003,10:40,585.15,585.55,585.1,585.2,8652
AXISBANK,20181003,10:41,585,585.55,584.8,584.8,9292
AXISBANK,20181003,10:42,584.8,585,584.4,584.65,19759
AXISBANK,20181003,10:43,584.6,585.15,584.4,585,14836
AXISBANK,20181003,10:44,585,585.1,584.75,585,10243
AXISBANK,20181003,10:45,584.95,585.25,584.85,584.85,19923
AXISBANK,20181003,10:46,584.8,585,584.8,584.8,16772
AXISBANK,20181003,10:47,584.8,585.15,584.5,584.95,13976
AXISBANK,20181003,10:48,584.9,585.2,584.75,585,18825
AXISBANK,20181003,10:49,584.95,585.15,584.9,585,16657
AXISBANK,20181003,10:50,585,585.45,585,585.25,770608
AXISBANK,20181003,10:51,585,585.65,585,585.65,6379
AXISBANK,20181003,10:52,585.4,585.9,585.35,585.55,12594
AXISBANK,20181003,10:53,585.5,585.65,584.85,584.9,256929
AXISBANK,20181003,10:54,584.8,585.4,584.8,585.25,5322
AXISBANK,20181003,10:55,585.2,585.5,584.95,585,10255
AXISBANK,20181003,10:56,585,585.5,584.8,585.5,7552
AXISBANK,20181003,10:57,585.45,585.85,585.45,585.85,10468
AXISBANK,20181003,10:58,585.85,586.05,585.2,585.3,20799
AXISBANK,20181003,10:59,585.15,585.55,585.15,585.35,5411
AXISBANK,20181003,11:00,585.35,585.8,585,585.55,27056
AXISBANK,20181003,11:01,585.3,585.6,585,585,11625
AXISBANK,20181003,11:02,585,585.4,584.95,585.15,5192
AXISBANK,20181003,11:03,585.15,585.5,585.1,585.5,9575
AXISBANK,20181003,11:04,585.3,585.4,585.2,585.4,7947
AXISBANK,20181003,11:05,585.3,585.6,585.3,585.55,10090
AXISBANK,20181003,11:06,585.5,585.7,585.5,585.7,5754
AXISBANK,20181003,11:07,585.7,585.7,585.2,585.25,12582
AXISBANK,20181003,11:08,585.2,585.4,585.2,585.35,12242
AXISBANK,20181003,11:09,585.35,585.65,585.35,585.45,4585
AXISBANK,20181003,11:10,585.4,585.55,585.35,585.5,4659
AXISBANK,20181003,11:11,585.35,585.7,585.35,585.55,5059
AXISBANK,20181003,11:12,585.5,585.65,585,585.1,19354
AXISBANK,20181003,11:13,585,585.65,585,585.6,8685
AXISBANK,20181003,11:14,585.4,585.8,585.4,585.8,7144
AXISBANK,20181003,11:15,585.65,585.85,585.65,585.85,3638
AXISBANK,20181003,11:16,585.8,587.55,585.8,586.95,45237
AXISBANK,20181003,11:17,586.85,587.4,586.85,587.15,22631
AXISBANK,20181003,11:18,587.8,588.4,587.1,588.3,49147
AXISBANK,20181003,11:19,587.9,588.2,587.1,587.6,12848
AXISBANK,20181003,11:20,587.6,587.8,586.35,586.35,57069
AXISBANK,20181003,11:21,586.35,587,586.35,586.65,9082
AXISBANK,20181003,11:22,586.6,586.6,585.55,585.6,15458
AXISBANK,20181003,11:23,585.75,586,585.6,585.75,10304
AXISBANK,20181003,11:24,585,585.45,584.95,585,340378
AXISBANK,20181003,11:25,585,585.55,584.95,585.05,100724
AXISBANK,20181003,11:26,585,585.25,584.8,584.95,48525
AXISBANK,20181003,11:27,585,585.3,584.85,585,46190
AXISBANK,20181003,11:28,585,585.05,584.95,585,19621
AXISBANK,20181003,11:29,584.95,585.3,584.95,585.1,61368
AXISBANK,20181003,11:30,585.3,585.3,585,585,24601
AXISBANK,20181003,11:31,584.95,585.3,584.95,585,19511
AXISBANK,20181003,11:32,584.95,585,584.2,584.6,352923
AXISBANK,20181003,11:33,584.95,584.95,578.85,582.3,456606
AXISBANK,20181003,11:34,581.9,583.6,581.8,581.9,101237
AXISBANK,20181003,11:35,581.85,582.75,581.75,582.6,84564
AXISBANK,20181003,11:36,582.55,583.3,581.8,582.95,68216
AXISBANK,20181003,11:37,583,583,582,582.75,64133
AXISBANK,20181003,11:38,582.7,583.2,582.5,583.2,70606
AXISBANK,20181003,11:39,582.7,583.4,582.5,583.25,69227
AXISBANK,20181003,11:40,583,583.6,582.85,583,43550
AXISBANK,20181003,11:41,583,583.45,582.15,582.15,62172
AXISBANK,20181003,11:42,582.4,583.45,582.4,582.8,135986
AXISBANK,20181003,11:43,582.85,583.15,582.8,583,36065
AXISBANK,20181003,11:44,583,583.1,582.9,583,13142
AXISBANK,20181003,11:45,583,583,582.55,582.55,26938
AXISBANK,20181003,11:46,582.8,583.1,582.5,582.95,25426
AXISBANK,20181003,11:47,582.9,582.95,582.6,582.8,36081
AXISBANK,20181003,11:48,582.9,583,582.35,582.85,36833
AXISBANK,20181003,11:49,582.85,583.2,582.75,583,46628
AXISBANK,20181003,11:50,583,583.35,582.8,583.05,25852
AXISBANK,20181003,11:51,582.9,583.25,582.1,583,37869
AXISBANK,20181003,11:52,582.95,583.45,582.9,583.05,58808
AXISBANK,20181003,11:53,583.1,583.35,582.9,583.15,36438
AXISBANK,20181003,11:54,583.15,583.3,582.65,583.15,30247
AXISBANK,20181003,11:55,583.05,583.1,582.9,582.95,14927
AXISBANK,20181003,11:56,582.95,583.05,582.85,583,13611
AXISBANK,20181003,11:57,582.95,583.05,582.45,582.65,14827
AXISBANK,20181003,11:58,582.6,583,582.5,583,30189
AXISBANK,20181003,11:59,582.95,583.25,582.75,583,38052
AXISBANK,20181003,12:00,582.95,583.15,582.5,582.75,80241
AXISBANK,20181003,12:01,582.7,583.25,582.45,582.95,70385
AXISBANK,20181003,12:02,582.85,584,582.75,583.6,104011
AXISBANK,20181003,12:03,583.6,583.6,582.05,582.4,86290
AXISBANK,20181003,12:04,582.55,583.1,582.55,583,30460
AXISBANK,20181003,12:05,582.95,583,582,582.5,111883
AXISBANK,20181003,12:06,582.4,582.45,581.55,581.95,53717
AXISBANK,20181003,12:07,581.85,582.95,581.85,582.9,73661
AXISBANK,20181003,12:08,582.85,583,582.3,582.95,31141
AXISBANK,20181003,12:09,582.85,583.15,582,582.9,67127
AXISBANK,20181003,12:10,582.65,583,582.65,582.95,26466
AXISBANK,20181003,12:11,582.9,583,582.55,582.6,16477
AXISBANK,20181003,12:12,582.6,582.7,582.4,582.65,10664
AXISBANK,20181003,12:13,582.65,583.3,582.65,582.95,42608
AXISBANK,20181003,12:14,582.95,583.25,582.65,582.95,59675
AXISBANK,20181003,12:15,583,583.3,582.85,582.95,52495
AXISBANK,20181003,12:16,583,583.3,582.4,583,110508
AXISBANK,20181003,12:17,582.95,583.35,582,582.55,93709
AXISBANK,20181003,12:18,582.15,582.3,581.5,582,39598
AXISBANK,20181003,12:19,581.75,582.45,581.75,582.2,28762
AXISBANK,20181003,12:20,582,582.75,582,582.2,39755
AXISBANK,20181003,12:21,582.5,583,582.3,582.9,44337
AXISBANK,20181003,12:22,582.9,583.3,582.8,583,29931
AXISBANK,20181003,12:23,583,583.25,582.8,582.95,83405
AXISBANK,20181003,12:24,582.95,583.2,582.5,582.95,124662
AXISBANK,20181003,12:25,582.7,583.25,582.7,582.9,33688
AXISBANK,20181003,12:26,582.8,582.95,582.25,582.95,57566
AXISBANK,20181003,12:27,582.85,583.2,582.25,582.25,43948
AXISBANK,20181003,12:28,582.3,582.55,581.85,581.85,46444
AXISBANK,20181003,12:29,582,582.3,581.8,582.3,23519
AXISBANK,20181003,12:30,582.05,582.55,582.05,582.2,17137
AXISBANK,20181003,12:31,582.2,582.5,581.95,582.05,28179
AXISBANK,20181003,12:32,582,582.2,577.4,579.75,165779
AXISBANK,20181003,12:33,579.8,580.55,579.35,580,65027
AXISBANK,20181003,12:34,579.9,580.4,579.8,579.95,25876
AXISBANK,20181003,12:35,579.95,581.25,579.95,580.3,36183
AXISBANK,20181003,12:36,580.25,580.45,579.7,579.75,53178
AXISBANK,20181003,12:37,579.95,581,579.75,579.95,69889
AXISBANK,20181003,12:38,579.95,580.2,579.75,580.2,26395
AXISBANK,20181003,12:39,580.2,580.65,579.95,580.1,23297
AXISBANK,20181003,12:40,580.35,581.2,580.1,580.75,102879
AXISBANK,20181003,12:41,580.75,581,579.9,580.75,57497
AXISBANK,20181003,12:42,580.75,581.1,580.15,580.5,21602
AXISBANK,20181003,12:43,580.55,581.4,580.25,580.25,23254
AXISBANK,20181003,12:44,580.55,580.9,579.95,580.9,41467
AXISBANK,20181003,12:45,580.85,581.2,580.7,581.15,17076
AXISBANK,20181003,12:46,580.75,580.9,580,580.7,33666
AXISBANK,20181003,12:47,580.75,581.35,580.75,581.2,22721
AXISBANK,20181003,12:48,581.25,581.4,580.5,581.15,27003
AXISBANK,20181003,12:49,581.1,581.2,580.35,580.7,31465
AXISBANK,20181003,12:50,580.75,580.95,580.3,580.95,18749
AXISBANK,20181003,12:51,580.9,581,580,580.2,43751
AXISBANK,20181003,12:52,580.45,580.75,580,580.6,25662
AXISBANK,20181003,12:53,580.75,580.9,580,580.3,18063
AXISBANK,20181003,12:54,580.3,580.3,576.65,577.1,69942
AXISBANK,20181003,12:55,577.45,579.55,577.45,579.1,22779
AXISBANK,20181003,12:56,579.5,580,579.25,579.4,12233
AXISBANK,20181003,12:57,579.6,579.7,579,579.05,15048
AXISBANK,20181003,12:58,579.25,579.35,578.8,579.05,15342
AXISBANK,20181003,12:59,578.85,579.2,578.7,578.9,15451
AXISBANK,20181003,13:00,579.05,579.45,578.75,579.25,21654
AXISBANK,20181003,13:01,579.7,579.7,577.6,577.7,30873
AXISBANK,20181003,13:02,577.75,578,577.2,577.65,20456
AXISBANK,20181003,13:03,577.65,578.65,577.5,577.95,25989
AXISBANK,20181003,13:04,577.85,578.6,577.55,578.6,20661
AXISBANK,20181003,13:05,578.7,578.8,577.7,577.7,34350
AXISBANK,20181003,13:06,577.95,578.5,577.8,578.15,17766
AXISBANK,20181003,13:07,578.1,578.85,578,578.05,13453
AXISBANK,20181003,13:08,577.7,578.3,577.7,578,24637
AXISBANK,20181003,13:09,578.15,578.2,577.85,578,14560
AXISBANK,20181003,13:10,578.2,578.4,577.95,577.95,21261
AXISBANK,20181003,13:11,578.15,578.25,577.85,577.95,15007
AXISBANK,20181003,13:12,577.95,578.2,577.45,577.95,17515
AXISBANK,20181003,13:13,577.6,578.4,577.6,578,23633
AXISBANK,20181003,13:14,577.95,578.8,577.95,578.65,17448
AXISBANK,20181003,13:15,578.65,579,578.65,578.95,22604
AXISBANK,20181003,13:16,578.95,579.85,578.95,579.7,31930
AXISBANK,20181003,13:17,579.65,580,579.1,579.95,26529
AXISBANK,20181003,13:18,579.9,580,579.6,579.95,20435
AXISBANK,20181003,13:19,580,580,578.55,578.55,38765
AXISBANK,20181003,13:20,578.75,579.05,578.15,578.9,21893
AXISBANK,20181003,13:21,578.4,578.85,577.05,577.5,42335
AXISBANK,20181003,13:22,577.35,577.85,577.3,577.7,14275
AXISBANK,20181003,13:23,577.9,578.4,577.5,577.55,17978
AXISBANK,20181003,13:24,577.55,578,577.4,578,8297
AXISBANK,20181003,13:25,578,578.7,577.85,578.4,19982
AXISBANK,20181003,13:26,578.5,578.7,577.8,577.85,18977
AXISBANK,20181003,13:27,577.85,578.8,577.85,578.8,14384
AXISBANK,20181003,13:28,578.8,578.9,578.45,578.45,14906
AXISBANK,20181003,13:29,578.5,578.7,577.65,578.5,19191
AXISBANK,20181003,13:30,578.5,578.5,578,578.2,16420
AXISBANK,20181003,13:31,578.15,578.4,577.5,577.85,41490
AXISBANK,20181003,13:32,577.75,577.9,575.65,576.85,102714
AXISBANK,20181003,13:33,576.8,578.05,576.7,577.9,23561
AXISBANK,20181003,13:34,577.9,578,577.5,578,10357
AXISBANK,20181003,13:35,577.95,578.2,577.7,578,30295
AXISBANK,20181003,13:36,577.9,578,577.5,577.85,10231
AXISBANK,20181003,13:37,577.8,578.05,577.75,578,11997
AXISBANK,20181003,13:38,578,578,577.45,578,30003
AXISBANK,20181003,13:39,577.9,578,577.5,578,13906
AXISBANK,20181003,13:40,578,578.1,577.75,578,23066
AXISBANK,20181003,13:41,577.95,578,577.7,577.95,13605
AXISBANK,20181003,13:42,577.9,578,577.3,577.5,17160
AXISBANK,20181003,13:43,577.55,578.2,577.4,577.85,78855
AXISBANK,20181003,13:44,577.6,578,577.55,578,18337
AXISBANK,20181003,13:45,577.95,578.2,577.95,578,18900
AXISBANK,20181003,13:46,578,578,577.75,577.95,10883
AXISBANK,20181003,13:47,577.85,578.2,577.65,577.9,23964
AXISBANK,20181003,13:48,577.85,578.2,577.6,577.9,26365
AXISBANK,20181003,13:49,577.85,578,577.45,577.9,18485
AXISBANK,20181003,13:50,577.75,578.2,577.75,578.05,10004
AXISBANK,20181003,13:51,578.15,578.35,577.7,577.7,35415
AXISBANK,20181003,13:52,578,578,577,577.5,62099
AXISBANK,20181003,13:53,577.4,577.7,577.3,577.7,10161
AXISBANK,20181003,13:54,577.7,577.8,577.45,577.8,9130
AXISBANK,20181003,13:55,577.55,578,577.5,577.95,13391
AXISBANK,20181003,13:56,577.95,578,577.35,577.4,10995
AXISBANK,20181003,13:57,577.45,577.65,576.8,577,64698
AXISBANK,20181003,13:58,576.85,577.35,576.8,577.2,134559
AXISBANK,20181003,13:59,577.05,577.9,577.05,577.9,15042
AXISBANK,20181003,14:00,577.65,578.2,577.5,578.2,19052
AXISBANK,20181003,14:01,578.15,578.2,577.5,577.7,14740
AXISBANK,20181003,14:02,577.5,578.1,576.75,577,441857
AXISBANK,20181003,14:03,576.8,577.05,576.8,576.9,27983
AXISBANK,20181003,14:04,576.9,577.25,576.65,576.95,24607
AXISBANK,20181003,14:05,577,577.3,576.85,577,26090
AXISBANK,20181003,14:06,577,577.25,576.7,576.95,14583
AXISBANK,20181003,14:07,576.7,577.25,576.7,576.95,21251
AXISBANK,20181003,14:08,576.95,576.95,576.1,576.3,27021
AXISBANK,20181003,14:09,576.2,577,576.15,577,16378
AXISBANK,20181003,14:10,576.95,577.3,576.7,577,39795
AXISBANK,20181003,14:11,576.95,577.1,576.8,577,112892
AXISBANK,20181003,14:12,576.85,577.35,576.4,576.95,83658
AXISBANK,20181003,14:13,576.65,577.15,576.6,577.15,51752
AXISBANK,20181003,14:14,576.9,577,576.7,576.7,18120
AXISBANK,20181003,14:15,576.75,577.35,576.65,576.9,44853
AXISBANK,20181003,14:16,577.2,577.3,576.7,577,26123
AXISBANK,20181003,14:17,576.9,577.4,576.8,577,44476
AXISBANK,20181003,14:18,577.2,577.7,576.3,576.3,145698
AXISBANK,20181003,14:19,576.3,576.9,576.15,576.25,43492
AXISBANK,20181003,14:20,576.5,577,575.8,576.9,46709
AXISBANK,20181003,14:21,576.55,576.85,575.85,576.8,59703
AXISBANK,20181003,14:22,576.75,576.8,575.5,575.7,587276
AXISBANK,20181003,14:23,575.45,576,575.2,576,15569
AXISBANK,20181003,14:24,576,576,575.45,575.95,14875
AXISBANK,20181003,14:25,575.65,576.25,575.65,575.85,29881
AXISBANK,20181003,14:26,575.8,576.15,575.65,575.9,23149
AXISBANK,20181003,14:27,575.55,576.2,575.55,575.85,15498
AXISBANK,20181003,14:28,575.85,576.45,575.8,576.15,25772
AXISBANK,20181003,14:29,576.15,576.45,575.8,576,20612
AXISBANK,20181003,14:30,575.9,576.1,575.5,576,14416
AXISBANK,20181003,14:31,575.85,575.95,573.45,575,130675
AXISBANK,20181003,14:32,575,575.85,575,575.55,20231
AXISBANK,20181003,14:33,575.4,575.45,574.45,574.7,25585
AXISBANK,20181003,14:34,574.7,575.35,574.5,574.85,26930
AXISBANK,20181003,14:35,575.1,575.5,574.55,575,18304
AXISBANK,20181003,14:36,575,576.3,574.75,576,41610
AXISBANK,20181003,14:37,575.8,576.45,575.8,576.4,28031
AXISBANK,20181003,14:38,576.15,576.15,575.4,575.85,23746
AXISBANK,20181003,14:39,575.6,576,575.5,575.75,5532
AXISBANK,20181003,14:40,575.6,576,575.5,575.85,11197
AXISBANK,20181003,14:41,575.9,575.9,575.3,575.3,13691
AXISBANK,20181003,14:42,575.25,576.2,575.25,576.2,28734
AXISBANK,20181003,14:43,576,576.2,575.55,575.75,20326
AXISBANK,20181003,14:44,575.9,576,575.55,575.95,11338
AXISBANK,20181003,14:45,575.8,576,575.6,575.85,10091
AXISBANK,20181003,14:46,575.95,575.95,575.45,575.55,17702
AXISBANK,20181003,14:47,575.55,576.15,575.4,575.4,71614
AXISBANK,20181003,14:48,575.4,576,575.4,576,22993
AXISBANK,20181003,14:49,575.95,576.2,575.75,576,30419
AXISBANK,20181003,14:50,575.85,576,575.7,575.8,39592
AXISBANK,20181003,14:51,575.75,576,575.5,575.75,27865
AXISBANK,20181003,14:52,575.55,575.75,574.65,574.85,56920
AXISBANK,20181003,14:53,574.85,575.1,573.35,573.35,77966
AXISBANK,20181003,14:54,573.2,574.5,573.2,574.25,42805
AXISBANK,20181003,14:55,574.25,574.75,573.2,574.4,56916
AXISBANK,20181003,14:56,574.35,575.4,574.35,575.3,29816
AXISBANK,20181003,14:57,575.15,576,575.05,575.8,28213
AXISBANK,20181003,14:58,575.55,575.85,574.95,575.4,25203
AXISBANK,20181003,14:59,575.3,575.8,575.2,575.7,21645
AXISBANK,20181003,15:00,575.6,575.9,575.45,575.45,24157
AXISBANK,20181003,15:01,575.45,575.45,574.45,574.45,51635
AXISBANK,20181003,15:02,574.45,575,574.2,574.7,31601
AXISBANK,20181003,15:03,574.9,575.05,574.55,574.55,30599
AXISBANK,20181003,15:04,574.55,575.05,574.5,574.95,34791
AXISBANK,20181003,15:05,574.95,575.1,574.75,575,56919
AXISBANK,20181003,15:06,574.8,575.05,574.35,574.45,35017
AXISBANK,20181003,15:07,574.2,575,574.2,574.7,25795
AXISBANK,20181003,15:08,574.7,574.95,574.3,574.35,34298
AXISBANK,20181003,15:09,574.3,575,574.25,574.65,27596
AXISBANK,20181003,15:10,574.7,575,574.6,574.95,31030
AXISBANK,20181003,15:11,574.7,575,572.3,572.3,116007
AXISBANK,20181003,15:12,572.4,573.9,572.3,573.2,66688
AXISBANK,20181003,15:13,573.55,573.6,571.25,571.8,114579
AXISBANK,20181003,15:14,572,573.5,571.65,573.5,44630
AXISBANK,20181003,15:15,573.15,573.15,572.55,572.65,49317
AXISBANK,20181003,15:16,572.65,573.4,571.35,571.35,136124
AXISBANK,20181003,15:17,571.35,571.35,569.1,569.75,145998
AXISBANK,20181003,15:18,570,571,569.65,570.1,88151
AXISBANK,20181003,15:19,570,570.8,569.8,570.5,88754
AXISBANK,20181003,15:20,570.5,571.9,570.5,571.6,43175
AXISBANK,20181003,15:21,571.6,571.65,570.2,570.55,74908
AXISBANK,20181003,15:22,570.5,571.35,570.5,571.25,40852
AXISBANK,20181003,15:23,571.2,572,570.4,570.65,105612
AXISBANK,20181003,15:24,570.75,571.15,570,570.2,96144
AXISBANK,20181003,15:25,570.95,572.3,570.95,572.05,30701
AXISBANK,20181003,15:26,572.05,572.85,571.75,571.75,35018
AXISBANK,20181003,15:27,572,572.3,571.5,571.5,24269
AXISBANK,20181003,15:28,571.5,572.3,571.4,571.75,44184
AXISBANK,20181003,15:29,571.75,572.65,571.75,572.6,30414
AXISBANK,20181003,15:30,572.2,572.9,571.9,571.95,19890
AXISBANK,20181003,15:31,571.95,571.95,571.95,571.95,10
AXISBANK,20181003,15:32,572.25,572.25,572.25,572.25,1
AXISBANK,20181003,15:41,572.25,572.25,572.25,572.25,125
AXISBANK,20181003,15:42,572.25,572.25,571.95,572.25,130
AXISBANK,20181003,15:44,572.25,572.25,572.25,572.25,10
AXISBANK,20181003,15:45,572.25,572.25,572.25,572.25,9
AXISBANK,20181003,15:47,572.25,572.25,572.25,572.25,163
AXISBANK,20181003,15:50,572.25,572.25,572.25,572.25,10
AXISBANK,20181003,15:51,572.25,572.25,572.25,572.25,2
AXISBANK,20181003,15:53,572.25,572.25,572.25,572.25,9
AXISBANK,20181003,15:56,572.25,572.25,572.25,572.25,1
AXISBANK,20181003,15:59,571.95,571.95,571.95,571.95,1
AXISBANK,20181003,16:00,572.25,572.25,572.25,572.25,50
AXISBANK,20181003,16:36,572.25,572.25,572.25,572.25,1
