HCLTECH_F1,20181003,09:16,1105.05,1108.5,1103.65,1105,68600
HCLTECH_F1,20181003,09:17,1104.8,1107.1,1103.8,1106.8,37800
HCLTECH_F1,20181003,09:18,1107,1107.95,1106.2,1107.25,56000
HCLTECH_F1,20181003,09:19,1106.5,1107.4,1105.2,1106.9,39900
HCLTECH_F1,20181003,09:20,1107.05,1107.7,1106.7,1106.75,35000
HCLTECH_F1,20181003,09:21,1106.75,1106.95,1106.25,1106.75,12600
HCLTECH_F1,20181003,09:22,1106.9,1107.85,1105.9,1107.85,60200
HCLTECH_F1,20181003,09:23,1107.55,1107.55,1105.9,1106.7,42000
HCLTECH_F1,20181003,09:24,1106.4,1107.7,1106,1107.7,22400
HCLTECH_F1,20181003,09:25,1107.05,1107.9,1107,1107,23800
HCLTECH_F1,20181003,09:26,1106.75,1107.7,1106.1,1106.1,14700
HCLTECH_F1,20181003,09:27,1106.3,1106.45,1098.4,1101,79800
HCLTECH_F1,20181003,09:28,1100.15,1100.75,1093.25,1096.95,77700
HCLTECH_F1,20181003,09:29,1096.9,1096.9,1094.65,1095.6,24500
HCLTECH_F1,20181003,09:30,1095.25,1095.25,1093.55,1094.3,31500
HCLTECH_F1,20181003,09:31,1094.2,1097.35,1094.2,1096.5,40600
HCLTECH_F1,20181003,09:32,1096.5,1097.4,1095.15,1096.4,23100
HCLTECH_F1,20181003,09:33,1095.55,1096.5,1094.6,1096.3,24500
HCLTECH_F1,20181003,09:34,1095.35,1095.8,1093.75,1094.55,29400
HCLTECH_F1,20181003,09:35,1094.05,1096.05,1094.05,1094.55,18900
HCLTECH_F1,20181003,09:36,1094.9,1096.05,1094,1095,32900
HCLTECH_F1,20181003,09:37,1094.8,1094.8,1091.5,1093.45,46200
HCLTECH_F1,20181003,09:38,1093,1093.2,1091.25,1093.2,29400
HCLTECH_F1,20181003,09:39,1092.8,1094.6,1092.65,1094.35,18200
HCLTECH_F1,20181003,09:40,1095,1095.35,1094.45,1094.85,14000
HCLTECH_F1,20181003,09:41,1094.25,1094.25,1092.15,1092.2,14700
HCLTECH_F1,20181003,09:42,1093.05,1093.05,1090.6,1092.3,42700
HCLTECH_F1,20181003,09:43,1091.35,1092,1090.95,1091,37800
HCLTECH_F1,20181003,09:44,1090.95,1092.15,1088.7,1089.55,42700
HCLTECH_F1,20181003,09:45,1089.5,1091.4,1088.15,1090.25,57400
HCLTECH_F1,20181003,09:46,1090.05,1092.1,1089,1091.05,28700
HCLTECH_F1,20181003,09:47,1091.85,1091.85,1088,1088,18200
HCLTECH_F1,20181003,09:48,1087.15,1087.15,1083.55,1085.15,94500
HCLTECH_F1,20181003,09:49,1085.5,1089,1083.25,1088.1,77000
HCLTECH_F1,20181003,09:50,1088.3,1088.6,1086.3,1087,37800
HCLTECH_F1,20181003,09:51,1087.65,1088.8,1087.4,1088,24500
HCLTECH_F1,20181003,09:52,1087.55,1087.6,1086.55,1086.55,10500
HCLTECH_F1,20181003,09:53,1086.4,1086.55,1085.15,1085.8,28700
HCLTECH_F1,20181003,09:54,1086.2,1087.5,1085.95,1087.5,16100
HCLTECH_F1,20181003,09:55,1087.55,1087.55,1085.85,1086.4,16800
HCLTECH_F1,20181003,09:56,1086.45,1087.3,1086.05,1086.45,14700
HCLTECH_F1,20181003,09:57,1086.05,1088.7,1086.05,1088.7,12600
HCLTECH_F1,20181003,09:58,1088.6,1089,1088.35,1088.35,8400
HCLTECH_F1,20181003,09:59,1088.2,1088.5,1088.2,1088.5,2800
HCLTECH_F1,20181003,10:00,1088.55,1088.95,1088.15,1088.15,9100
HCLTECH_F1,20181003,10:01,1088.55,1090.45,1088.55,1089.95,10500
HCLTECH_F1,20181003,10:02,1090.05,1090.2,1089.6,1089.9,5600
HCLTECH_F1,20181003,10:03,1089.5,1090.85,1088.4,1090.5,21700
HCLTECH_F1,20181003,10:04,1090.1,1093.6,1090.1,1092.25,34300
HCLTECH_F1,20181003,10:05,1091.55,1091.8,1091.15,1091.55,7000
HCLTECH_F1,20181003,10:06,1091.6,1091.7,1091.6,1091.6,4900
HCLTECH_F1,20181003,10:07,1091.45,1092.05,1091.25,1091.25,11200
HCLTECH_F1,20181003,10:08,1091.5,1092.5,1091.5,1092.5,8400
HCLTECH_F1,20181003,10:09,1092.45,1093.65,1091.65,1093.15,14000
HCLTECH_F1,20181003,10:10,1093,1093,1092.45,1093,4900
HCLTECH_F1,20181003,10:11,1093.3,1093.3,1092,1092.3,7000
HCLTECH_F1,20181003,10:12,1092.05,1092.05,1091.95,1091.95,4900
HCLTECH_F1,20181003,10:13,1091.65,1091.65,1090.6,1090.6,7700
HCLTECH_F1,20181003,10:14,1091,1091.15,1091,1091.15,6300
HCLTECH_F1,20181003,10:15,1092,1092,1091.5,1091.75,9100
HCLTECH_F1,20181003,10:16,1091.5,1092.1,1091.5,1092.1,18900
HCLTECH_F1,20181003,10:17,1092.3,1092.8,1092.3,1092.8,6300
HCLTECH_F1,20181003,10:18,1091.5,1091.7,1091.4,1091.4,4200
HCLTECH_F1,20181003,10:19,1091.55,1091.55,1091.1,1091.1,7000
HCLTECH_F1,20181003,10:20,1091,1092.5,1091,1092.5,13300
HCLTECH_F1,20181003,10:21,1092.2,1092.25,1091.35,1091.35,10500
HCLTECH_F1,20181003,10:22,1090.95,1092.45,1090.95,1092.45,4900
HCLTECH_F1,20181003,10:23,1092.55,1093.1,1091.3,1093.1,14700
HCLTECH_F1,20181003,10:24,1093,1093.45,1092,1092.1,14000
HCLTECH_F1,20181003,10:25,1091.95,1092,1091.3,1091.8,7000
HCLTECH_F1,20181003,10:26,1091.85,1092.3,1091.85,1092.2,8400
HCLTECH_F1,20181003,10:28,1092.3,1093,1091.3,1091.55,17500
HCLTECH_F1,20181003,10:29,1091.9,1092.8,1091.9,1092.4,4200
HCLTECH_F1,20181003,10:30,1092.45,1092.75,1092.45,1092.6,3500
HCLTECH_F1,20181003,10:31,1093,1093,1092.1,1092.3,4200
HCLTECH_F1,20181003,10:32,1092.2,1092.8,1092.2,1092.8,2100
HCLTECH_F1,20181003,10:33,1092.65,1093.15,1092.65,1092.65,4900
HCLTECH_F1,20181003,10:34,1092.85,1094,1092.85,1093.95,11900
HCLTECH_F1,20181003,10:35,1094.55,1094.55,1094.25,1094.25,4200
HCLTECH_F1,20181003,10:36,1093.8,1093.8,1093,1093.35,9100
HCLTECH_F1,20181003,10:37,1093.35,1093.35,1092.7,1092.7,3500
HCLTECH_F1,20181003,10:38,1092.7,1092.7,1092.6,1092.6,2800
HCLTECH_F1,20181003,10:39,1092.95,1093.1,1092.45,1093.1,5600
HCLTECH_F1,20181003,10:40,1093.05,1093.9,1093.05,1093.9,6300
HCLTECH_F1,20181003,10:41,1093.95,1094,1093.95,1093.95,4900
HCLTECH_F1,20181003,10:42,1094,1094.05,1094,1094.05,4200
HCLTECH_F1,20181003,10:43,1094.8,1096,1094.8,1095.55,16100
HCLTECH_F1,20181003,10:44,1095.15,1095.15,1091.4,1091.6,31500
HCLTECH_F1,20181003,10:45,1092.35,1092.9,1092.35,1092.35,9100
HCLTECH_F1,20181003,10:46,1092.65,1093.15,1092.1,1092.1,6300
HCLTECH_F1,20181003,10:47,1091.4,1092.45,1091.1,1092.4,15400
HCLTECH_F1,20181003,10:48,1092.15,1092.15,1091.55,1091.75,8400
HCLTECH_F1,20181003,10:49,1091.3,1091.3,1091.3,1091.3,1400
HCLTECH_F1,20181003,10:50,1091.05,1091.2,1089.55,1089.55,7000
HCLTECH_F1,20181003,10:51,1089.55,1091.45,1089.55,1091.45,13300
HCLTECH_F1,20181003,10:52,1091.25,1092,1090.9,1091.25,4200
HCLTECH_F1,20181003,10:53,1090.9,1090.9,1090.9,1090.9,2100
HCLTECH_F1,20181003,10:54,1090.9,1090.9,1090.25,1090.25,4200
HCLTECH_F1,20181003,10:55,1090.25,1091.15,1090.15,1090.15,5600
HCLTECH_F1,20181003,10:56,1089.8,1089.85,1089.4,1089.85,5600
HCLTECH_F1,20181003,10:57,1088.8,1089.25,1088.8,1089.25,8400
HCLTECH_F1,20181003,10:58,1089.25,1089.25,1088.85,1088.85,8400
HCLTECH_F1,20181003,10:59,1088.25,1089.2,1088.25,1088.8,4200
HCLTECH_F1,20181003,11:00,1089.1,1089.1,1088.9,1089,4900
HCLTECH_F1,20181003,11:01,1088.95,1090.65,1088.95,1089.1,16800
HCLTECH_F1,20181003,11:02,1089.9,1090.75,1089.9,1090.5,2800
HCLTECH_F1,20181003,11:03,1090.4,1090.85,1090.4,1090.55,2800
HCLTECH_F1,20181003,11:04,1090.6,1090.95,1090.35,1090.95,5600
HCLTECH_F1,20181003,11:05,1090.9,1090.9,1090.3,1090.3,3500
HCLTECH_F1,20181003,11:06,1090.2,1090.2,1088.55,1088.55,9100
HCLTECH_F1,20181003,11:07,1088.5,1089,1088.05,1088.05,14700
HCLTECH_F1,20181003,11:08,1088,1088.5,1087.6,1088.05,16100
HCLTECH_F1,20181003,11:09,1087.8,1087.8,1085.75,1086.1,30100
HCLTECH_F1,20181003,11:10,1085.75,1085.75,1084.75,1085.15,35700
HCLTECH_F1,20181003,11:11,1085.1,1085.2,1080.05,1082.4,86100
HCLTECH_F1,20181003,11:12,1081.85,1082.6,1080.15,1082.6,32200
HCLTECH_F1,20181003,11:13,1081.95,1082.65,1081.95,1082.3,2800
HCLTECH_F1,20181003,11:14,1083.8,1085.95,1083.8,1085.15,9800
HCLTECH_F1,20181003,11:15,1084.45,1085.8,1084.45,1085.8,6300
HCLTECH_F1,20181003,11:16,1085.55,1086.6,1085.55,1086.6,8400
HCLTECH_F1,20181003,11:17,1087,1087.8,1086.95,1087.35,21000
HCLTECH_F1,20181003,11:18,1086.9,1087.15,1086.9,1087.15,1400
HCLTECH_F1,20181003,11:19,1087.95,1089.9,1087.8,1088.85,14000
HCLTECH_F1,20181003,11:20,1088.75,1088.75,1088.75,1088.75,700
HCLTECH_F1,20181003,11:21,1088.4,1089.45,1088.4,1089.45,3500
HCLTECH_F1,20181003,11:22,1089.1,1090.9,1088.9,1090.9,7700
HCLTECH_F1,20181003,11:23,1091.25,1091.9,1090.8,1090.8,11200
HCLTECH_F1,20181003,11:24,1091.05,1093.2,1091,1092.85,20300
HCLTECH_F1,20181003,11:25,1092.55,1092.8,1091.9,1092.65,4200
HCLTECH_F1,20181003,11:26,1092.8,1092.8,1091.5,1091.85,7700
HCLTECH_F1,20181003,11:27,1091.25,1092.05,1090.8,1090.95,11200
HCLTECH_F1,20181003,11:28,1090.5,1091.55,1090.5,1091.55,6300
HCLTECH_F1,20181003,11:29,1090.75,1091.1,1090.2,1090.75,9100
HCLTECH_F1,20181003,11:30,1090.3,1090.3,1089.3,1090.2,4200
HCLTECH_F1,20181003,11:31,1090.7,1091.3,1090.7,1091.3,1400
HCLTECH_F1,20181003,11:32,1091.15,1091.15,1090.3,1090.8,3500
HCLTECH_F1,20181003,11:33,1090.65,1091.25,1090.65,1091.25,2800
HCLTECH_F1,20181003,11:34,1091.4,1091.4,1090.6,1090.6,2800
HCLTECH_F1,20181003,11:35,1091.25,1092.4,1091.25,1092.4,4200
HCLTECH_F1,20181003,11:36,1091.75,1092,1091.55,1092,4900
HCLTECH_F1,20181003,11:37,1092,1092,1091.5,1092,3500
HCLTECH_F1,20181003,11:38,1092.15,1092.15,1091.6,1091.6,2800
HCLTECH_F1,20181003,11:39,1092,1092.05,1092,1092.05,2100
HCLTECH_F1,20181003,11:40,1091.7,1091.7,1091.7,1091.7,1400
HCLTECH_F1,20181003,11:41,1091.7,1091.95,1091.7,1091.95,2100
HCLTECH_F1,20181003,11:42,1092,1092,1091.7,1091.9,6300
HCLTECH_F1,20181003,11:43,1091.75,1091.75,1091.75,1091.75,1400
HCLTECH_F1,20181003,11:44,1091.75,1092.45,1091.75,1092.15,11900
HCLTECH_F1,20181003,11:45,1092.15,1092.7,1092.15,1092.7,2800
HCLTECH_F1,20181003,11:46,1092.7,1092.8,1092.65,1092.8,3500
HCLTECH_F1,20181003,11:47,1093.5,1093.8,1093.5,1093.75,13300
HCLTECH_F1,20181003,11:48,1091.75,1091.75,1091.05,1091.05,13300
HCLTECH_F1,20181003,11:49,1091.3,1093.15,1091.3,1092.6,20300
HCLTECH_F1,20181003,11:50,1092.15,1092.15,1091.7,1091.7,4200
HCLTECH_F1,20181003,11:51,1091.25,1091.45,1091.05,1091.2,4200
HCLTECH_F1,20181003,11:52,1089.5,1090.1,1089.5,1090.1,5600
HCLTECH_F1,20181003,11:53,1090.1,1090.45,1090.1,1090.45,2800
HCLTECH_F1,20181003,11:54,1091,1091.25,1091,1091.25,1400
HCLTECH_F1,20181003,11:55,1090.9,1091.4,1090.9,1091.4,2100
HCLTECH_F1,20181003,11:56,1091.45,1091.45,1090.05,1090.4,4900
HCLTECH_F1,20181003,11:57,1090.55,1090.6,1090.55,1090.6,1400
HCLTECH_F1,20181003,11:58,1089.95,1090.4,1089.9,1090.3,7700
HCLTECH_F1,20181003,11:59,1090.9,1090.9,1090.05,1090.05,2800
HCLTECH_F1,20181003,12:00,1090.05,1091.35,1090.05,1090.05,7000
HCLTECH_F1,20181003,12:01,1090,1090.7,1090,1090.7,2100
HCLTECH_F1,20181003,12:02,1090.5,1090.5,1090.5,1090.5,2100
HCLTECH_F1,20181003,12:03,1090,1090.65,1090,1090.65,2800
HCLTECH_F1,20181003,12:04,1090.8,1091.25,1090.8,1091.25,2100
HCLTECH_F1,20181003,12:05,1091.25,1092.4,1091.1,1092.4,5600
HCLTECH_F1,20181003,12:06,1091.9,1091.9,1091.9,1091.9,2100
HCLTECH_F1,20181003,12:07,1092.3,1092.5,1092.3,1092.5,2100
HCLTECH_F1,20181003,12:08,1092.5,1093.9,1092.5,1092.65,6300
HCLTECH_F1,20181003,12:09,1092.55,1093,1091.5,1091.5,13300
HCLTECH_F1,20181003,12:10,1092.15,1092.75,1092.15,1092.45,6300
HCLTECH_F1,20181003,12:11,1092.4,1092.4,1091.95,1091.95,3500
HCLTECH_F1,20181003,12:12,1091.45,1091.45,1091.45,1091.45,700
HCLTECH_F1,20181003,12:13,1091.75,1093.35,1091.75,1093,9800
HCLTECH_F1,20181003,12:14,1092.65,1092.65,1092.45,1092.45,3500
HCLTECH_F1,20181003,12:15,1092.2,1092.3,1092.2,1092.25,2100
HCLTECH_F1,20181003,12:16,1092.25,1092.25,1092.25,1092.25,700
HCLTECH_F1,20181003,12:17,1092.5,1093.1,1092.5,1092.85,6300
HCLTECH_F1,20181003,12:18,1092.6,1092.6,1092.35,1092.35,3500
HCLTECH_F1,20181003,12:19,1091.9,1092.4,1091.85,1091.85,18900
HCLTECH_F1,20181003,12:20,1092.1,1092.1,1092.1,1092.1,1400
HCLTECH_F1,20181003,12:21,1091.75,1091.75,1090,1090,9800
HCLTECH_F1,20181003,12:22,1091.15,1091.15,1089.3,1089.4,18200
HCLTECH_F1,20181003,12:23,1089,1089,1087.65,1088,12600
HCLTECH_F1,20181003,12:24,1087.9,1088,1087.2,1087.2,8400
HCLTECH_F1,20181003,12:25,1086.8,1087.1,1086.8,1087.1,2100
HCLTECH_F1,20181003,12:26,1087.25,1087.25,1086.35,1087.15,7700
HCLTECH_F1,20181003,12:27,1087.15,1087.15,1086.7,1086.75,9800
HCLTECH_F1,20181003,12:28,1086.95,1087.15,1084.55,1084.7,15400
HCLTECH_F1,20181003,12:29,1085.05,1086,1085,1085,10500
HCLTECH_F1,20181003,12:30,1086.1,1086.1,1085.65,1085.8,4900
HCLTECH_F1,20181003,12:31,1085.7,1085.85,1085.35,1085.85,2800
HCLTECH_F1,20181003,12:32,1085.7,1085.85,1085.1,1085.55,7000
HCLTECH_F1,20181003,12:33,1084.55,1084.6,1083.35,1084.4,16100
HCLTECH_F1,20181003,12:34,1084.05,1084.6,1084.05,1084.25,4200
HCLTECH_F1,20181003,12:35,1084.65,1085,1084.5,1085,10500
HCLTECH_F1,20181003,12:36,1084.65,1084.65,1083.75,1084.65,9800
HCLTECH_F1,20181003,12:37,1084.85,1084.85,1084.7,1084.7,5600
HCLTECH_F1,20181003,12:38,1084.95,1085.5,1084.8,1085.5,4900
HCLTECH_F1,20181003,12:39,1086.55,1088.55,1086.55,1088,10500
HCLTECH_F1,20181003,12:40,1088.8,1089.2,1088.55,1089.2,5600
HCLTECH_F1,20181003,12:41,1088.7,1089.1,1087.4,1089.1,8400
HCLTECH_F1,20181003,12:42,1090.3,1090.4,1088.05,1088.05,6300
HCLTECH_F1,20181003,12:43,1087.9,1088.3,1087.9,1088.3,2800
HCLTECH_F1,20181003,12:44,1088.5,1089.3,1088.15,1089.3,5600
HCLTECH_F1,20181003,12:45,1089.25,1089.25,1088.05,1088.05,4900
HCLTECH_F1,20181003,12:46,1088.2,1088.2,1088.2,1088.2,700
HCLTECH_F1,20181003,12:47,1088.7,1088.9,1088.7,1088.9,2800
HCLTECH_F1,20181003,12:48,1088.4,1088.4,1088.3,1088.3,3500
HCLTECH_F1,20181003,12:49,1088.3,1088.3,1088.3,1088.3,700
HCLTECH_F1,20181003,12:50,1087.6,1087.6,1086.8,1086.8,6300
HCLTECH_F1,20181003,12:51,1087.25,1087.5,1087.25,1087.5,2100
HCLTECH_F1,20181003,12:52,1087.95,1088.1,1087.95,1088.1,3500
HCLTECH_F1,20181003,12:53,1088.05,1088.05,1087.45,1087.45,2800
HCLTECH_F1,20181003,12:55,1088.25,1088.45,1088.25,1088.45,3500
HCLTECH_F1,20181003,12:56,1088,1088,1087.4,1087.4,3500
HCLTECH_F1,20181003,12:57,1088,1088,1087.35,1087.35,4200
HCLTECH_F1,20181003,12:58,1087.4,1087.4,1087.4,1087.4,700
HCLTECH_F1,20181003,12:59,1088.25,1088.25,1087.95,1087.95,4200
HCLTECH_F1,20181003,13:00,1088.35,1088.35,1088,1088,2800
HCLTECH_F1,20181003,13:01,1088,1088.85,1087.95,1087.95,9100
HCLTECH_F1,20181003,13:02,1088,1088.05,1088,1088.05,4900
HCLTECH_F1,20181003,13:03,1087.55,1087.55,1087.55,1087.55,1400
HCLTECH_F1,20181003,13:04,1087.35,1087.85,1087.15,1087.85,8400
HCLTECH_F1,20181003,13:05,1087.35,1087.35,1087.35,1087.35,700
HCLTECH_F1,20181003,13:06,1087.05,1087.15,1086.75,1087.05,11200
HCLTECH_F1,20181003,13:07,1088.3,1088.5,1088.3,1088.5,4200
HCLTECH_F1,20181003,13:08,1087.9,1087.9,1087.9,1087.9,700
HCLTECH_F1,20181003,13:09,1088.5,1089.05,1088.5,1089.05,2800
HCLTECH_F1,20181003,13:10,1089.4,1090,1089.4,1090,6300
HCLTECH_F1,20181003,13:11,1089.8,1090.25,1089.8,1090,3500
HCLTECH_F1,20181003,13:12,1090.05,1090.05,1089.85,1089.9,4900
HCLTECH_F1,20181003,13:13,1090.55,1091.9,1090.15,1091.1,16100
HCLTECH_F1,20181003,13:14,1091.6,1091.75,1091.6,1091.75,2100
HCLTECH_F1,20181003,13:15,1091.75,1091.75,1090.2,1090.95,11200
HCLTECH_F1,20181003,13:16,1090.6,1090.6,1089.55,1090.05,11200
HCLTECH_F1,20181003,13:17,1090.55,1090.55,1090.55,1090.55,2100
HCLTECH_F1,20181003,13:18,1090.9,1090.9,1090.25,1090.65,3500
HCLTECH_F1,20181003,13:19,1091.1,1091.1,1091,1091.05,4200
HCLTECH_F1,20181003,13:20,1090.75,1091,1090.75,1091,2100
HCLTECH_F1,20181003,13:21,1091.75,1091.9,1091.35,1091.35,4200
HCLTECH_F1,20181003,13:22,1091.05,1091.05,1090.95,1090.95,1400
HCLTECH_F1,20181003,13:23,1091.65,1091.65,1090.9,1091.3,8400
HCLTECH_F1,20181003,13:24,1090.65,1090.9,1090.65,1090.85,3500
HCLTECH_F1,20181003,13:25,1091,1091.45,1091,1091.25,5600
HCLTECH_F1,20181003,13:26,1091,1091.6,1091,1091.6,3500
HCLTECH_F1,20181003,13:27,1091.5,1092.65,1091.5,1092.5,10500
HCLTECH_F1,20181003,13:28,1092.95,1092.95,1092.05,1092.05,3500
HCLTECH_F1,20181003,13:29,1091.95,1092.9,1091.95,1092.05,6300
HCLTECH_F1,20181003,13:30,1091.8,1093.15,1091.8,1092.4,8400
HCLTECH_F1,20181003,13:31,1092.4,1092.4,1091.5,1092.1,6300
HCLTECH_F1,20181003,13:32,1091.55,1091.55,1091.5,1091.5,1400
HCLTECH_F1,20181003,13:33,1091.5,1091.5,1091.2,1091.2,4200
HCLTECH_F1,20181003,13:34,1091.15,1091.25,1090.7,1090.7,2100
HCLTECH_F1,20181003,13:35,1092.1,1092.1,1090.4,1090.4,11200
HCLTECH_F1,20181003,13:36,1090.95,1091.65,1090.95,1091.25,5600
HCLTECH_F1,20181003,13:37,1090.75,1090.75,1090.15,1090.15,2800
HCLTECH_F1,20181003,13:38,1090.4,1090.95,1089.9,1090.95,5600
HCLTECH_F1,20181003,13:39,1091,1091,1089.55,1089.55,8400
HCLTECH_F1,20181003,13:40,1090.4,1090.9,1090.4,1090.75,4900
HCLTECH_F1,20181003,13:41,1090.75,1091.25,1090.5,1091,4200
HCLTECH_F1,20181003,13:42,1090.9,1091.2,1090.9,1091.15,6300
HCLTECH_F1,20181003,13:43,1091.15,1091.5,1091.15,1091.45,8400
HCLTECH_F1,20181003,13:44,1091.1,1092,1090.95,1090.95,5600
HCLTECH_F1,20181003,13:45,1090.65,1091.3,1090.65,1091.3,4200
HCLTECH_F1,20181003,13:46,1091.1,1092.25,1091,1092.25,4900
HCLTECH_F1,20181003,13:47,1091.55,1091.7,1091,1091.7,5600
HCLTECH_F1,20181003,13:48,1091.65,1091.65,1091.45,1091.5,2800
HCLTECH_F1,20181003,13:49,1091.8,1091.85,1091.35,1091.35,4900
HCLTECH_F1,20181003,13:50,1091.35,1091.35,1091.2,1091.2,4200
HCLTECH_F1,20181003,13:51,1091.7,1092.95,1091.7,1092.55,11200
HCLTECH_F1,20181003,13:52,1092,1092,1091.6,1091.6,2100
HCLTECH_F1,20181003,13:53,1091.95,1091.95,1091.35,1091.35,4200
HCLTECH_F1,20181003,13:54,1091,1091.6,1090.9,1091.6,3500
HCLTECH_F1,20181003,13:55,1091.5,1091.5,1091,1091,2800
HCLTECH_F1,20181003,13:56,1091.15,1091.15,1090.15,1090.7,5600
HCLTECH_F1,20181003,13:57,1090.2,1090.8,1090.2,1090.8,1400
HCLTECH_F1,20181003,13:58,1091.1,1091.15,1090.6,1090.6,9100
HCLTECH_F1,20181003,13:59,1090.6,1091,1090.55,1091,2100
HCLTECH_F1,20181003,14:00,1091.6,1091.6,1091.45,1091.45,4900
HCLTECH_F1,20181003,14:01,1091.25,1091.25,1091.25,1091.25,700
HCLTECH_F1,20181003,14:02,1091.15,1091.85,1091.05,1091.5,7700
HCLTECH_F1,20181003,14:03,1091.9,1092.3,1091.9,1092.1,3500
HCLTECH_F1,20181003,14:04,1092.05,1092.05,1091.1,1091.1,7000
HCLTECH_F1,20181003,14:05,1090.7,1091.1,1090.55,1091.1,8400
HCLTECH_F1,20181003,14:06,1090.95,1090.95,1090.05,1090.45,3500
HCLTECH_F1,20181003,14:07,1090.05,1090.05,1089.1,1089.4,6300
HCLTECH_F1,20181003,14:08,1089.05,1089.3,1089.05,1089.25,4900
HCLTECH_F1,20181003,14:09,1088.15,1089.35,1088.15,1088.25,7000
HCLTECH_F1,20181003,14:10,1088.1,1090.25,1088.1,1090.25,13300
HCLTECH_F1,20181003,14:11,1090.2,1090.2,1090.2,1090.2,700
HCLTECH_F1,20181003,14:12,1089.85,1089.85,1089.1,1089.45,7000
HCLTECH_F1,20181003,14:13,1088.9,1089.2,1088.9,1089.2,2100
HCLTECH_F1,20181003,14:14,1089.25,1089.25,1088.95,1088.95,4900
HCLTECH_F1,20181003,14:15,1088.55,1089.45,1088.55,1088.6,2800
HCLTECH_F1,20181003,14:16,1089.55,1089.55,1089.55,1089.55,700
HCLTECH_F1,20181003,14:17,1090.05,1090.3,1089.55,1090.3,7000
HCLTECH_F1,20181003,14:18,1090.3,1091.1,1090.3,1091.05,4200
HCLTECH_F1,20181003,14:19,1091.25,1091.7,1090.95,1091.6,11200
HCLTECH_F1,20181003,14:20,1091.7,1092.25,1091.4,1092.25,7700
HCLTECH_F1,20181003,14:21,1092.05,1092.25,1091.95,1092.25,7000
HCLTECH_F1,20181003,14:22,1092.1,1093.6,1092.1,1092.35,37100
HCLTECH_F1,20181003,14:23,1092.2,1092.45,1091.55,1091.55,9100
HCLTECH_F1,20181003,14:24,1091.6,1092.25,1091.45,1092.15,14000
HCLTECH_F1,20181003,14:25,1092,1092,1091.45,1091.65,11200
HCLTECH_F1,20181003,14:26,1091.2,1092.5,1091.2,1092.1,16800
HCLTECH_F1,20181003,14:27,1091.85,1092.4,1091.4,1091.4,11200
HCLTECH_F1,20181003,14:28,1091.45,1091.95,1091.45,1091.5,3500
HCLTECH_F1,20181003,14:29,1091.5,1091.5,1090.8,1090.8,7000
HCLTECH_F1,20181003,14:30,1090.6,1091.45,1090.4,1090.8,4900
HCLTECH_F1,20181003,14:31,1090.8,1090.95,1090.65,1090.95,2800
HCLTECH_F1,20181003,14:32,1091,1091,1091,1091,700
HCLTECH_F1,20181003,14:33,1091.35,1092.15,1091.2,1092.15,11900
HCLTECH_F1,20181003,14:34,1091.9,1091.9,1091.8,1091.9,5600
HCLTECH_F1,20181003,14:35,1091.9,1092.9,1091.85,1091.85,11200
HCLTECH_F1,20181003,14:36,1092.4,1092.6,1092,1092.6,16100
HCLTECH_F1,20181003,14:37,1093.1,1093.1,1092.85,1092.85,1400
HCLTECH_F1,20181003,14:38,1092.8,1092.8,1092.45,1092.8,7000
HCLTECH_F1,20181003,14:39,1092,1092.35,1092,1092.15,4900
HCLTECH_F1,20181003,14:40,1091.85,1091.85,1091.65,1091.65,2800
HCLTECH_F1,20181003,14:41,1091.65,1091.8,1091,1091,7000
HCLTECH_F1,20181003,14:42,1091,1092.65,1091,1092,9800
HCLTECH_F1,20181003,14:43,1092.05,1092.8,1091.85,1092,25200
HCLTECH_F1,20181003,14:44,1092.9,1093.45,1092.7,1092.7,9800
HCLTECH_F1,20181003,14:45,1092.35,1095,1092.1,1095,21000
HCLTECH_F1,20181003,14:46,1095.1,1095.1,1093.75,1094.35,5600
HCLTECH_F1,20181003,14:47,1094.3,1094.95,1094.3,1094.95,4900
HCLTECH_F1,20181003,14:48,1094.7,1095.95,1094.7,1095.95,5600
HCLTECH_F1,20181003,14:49,1095.65,1098.35,1095.65,1096.7,18200
HCLTECH_F1,20181003,14:50,1096.7,1096.7,1096,1096.3,9800
HCLTECH_F1,20181003,14:51,1096.25,1096.25,1095,1095,15400
HCLTECH_F1,20181003,14:52,1094.05,1094.35,1093.75,1094.35,7700
HCLTECH_F1,20181003,14:53,1094.55,1094.55,1094.3,1094.3,2800
HCLTECH_F1,20181003,14:54,1094,1094,1093.65,1093.9,2800
HCLTECH_F1,20181003,14:55,1094.05,1094.05,1093.1,1093.7,5600
HCLTECH_F1,20181003,14:56,1093.7,1093.7,1093.05,1093.2,4900
HCLTECH_F1,20181003,14:57,1092.75,1093.2,1092.75,1092.95,6300
HCLTECH_F1,20181003,14:58,1093,1094.15,1093,1094.15,7000
HCLTECH_F1,20181003,14:59,1093.75,1093.75,1093.05,1093.1,4900
HCLTECH_F1,20181003,15:00,1093.6,1093.95,1093.5,1093.5,7700
HCLTECH_F1,20181003,15:01,1093.5,1094.85,1093.5,1094.85,5600
HCLTECH_F1,20181003,15:02,1094.8,1095.8,1094.8,1095.7,13300
HCLTECH_F1,20181003,15:03,1095.6,1095.6,1094.2,1094.3,10500
HCLTECH_F1,20181003,15:04,1095.2,1096.6,1095.2,1096.5,9100
HCLTECH_F1,20181003,15:05,1096,1097.25,1096,1096.2,4900
HCLTECH_F1,20181003,15:06,1096.55,1097.3,1096.4,1096.4,7700
HCLTECH_F1,20181003,15:07,1096.35,1096.5,1096,1096.1,6300
HCLTECH_F1,20181003,15:08,1096.65,1096.65,1096.65,1096.65,2800
HCLTECH_F1,20181003,15:09,1096.9,1098,1096.9,1098,7700
HCLTECH_F1,20181003,15:10,1098.05,1098.9,1097.4,1098.35,11200
HCLTECH_F1,20181003,15:11,1098.15,1098.5,1097.45,1097.75,8400
HCLTECH_F1,20181003,15:12,1098.3,1100.1,1098.3,1099.5,16800
HCLTECH_F1,20181003,15:13,1099.65,1101.3,1099.65,1101.3,29400
HCLTECH_F1,20181003,15:14,1101,1101,1099.15,1100.05,35000
HCLTECH_F1,20181003,15:15,1100.3,1100.3,1098.45,1098.45,17500
HCLTECH_F1,20181003,15:16,1098.7,1099.95,1098.7,1099.05,12600
HCLTECH_F1,20181003,15:17,1098.75,1099.35,1097.75,1097.95,19600
HCLTECH_F1,20181003,15:18,1098.1,1098.7,1097.35,1097.35,7000
HCLTECH_F1,20181003,15:19,1097.55,1097.8,1097.15,1097.4,6300
HCLTECH_F1,20181003,15:20,1099,1099.75,1098.95,1099,21700
HCLTECH_F1,20181003,15:21,1099.1,1099.45,1098.35,1099.2,22400
HCLTECH_F1,20181003,15:22,1099.5,1099.5,1097.55,1098,33600
HCLTECH_F1,20181003,15:23,1097.85,1099.2,1097.85,1098.45,21000
HCLTECH_F1,20181003,15:24,1098.5,1098.7,1097.7,1098,14700
HCLTECH_F1,20181003,15:25,1097.75,1098.65,1097.75,1098.05,7000
HCLTECH_F1,20181003,15:26,1098.2,1099.55,1098.2,1099.55,13300
HCLTECH_F1,20181003,15:27,1099.7,1100,1098.5,1099.05,21000
HCLTECH_F1,20181003,15:28,1099.5,1099.95,1097.7,1098.1,32900
HCLTECH_F1,20181003,15:29,1097.6,1098.45,1095,1095,45500
HCLTECH_F1,20181003,15:30,1095.5,1096.25,1093,1093,47600
HCLTECH_F1,20181003,16:37,1098.05,1098.05,1098.05,1098.05,1
