SAIL,20171213,09:08,80.25,80.25,80.25,80.25,13456
SAIL,20171213,09:16,80.3,80.5,80.1,80.2,35554
SAIL,20171213,09:17,80.2,80.4,80.05,80.2,57552
SAIL,20171213,09:18,80.2,80.3,80.2,80.3,45497
SAIL,20171213,09:19,80.3,80.65,80.3,80.65,45042
SAIL,20171213,09:20,80.55,80.65,80.45,80.45,47676
SAIL,20171213,09:21,80.45,80.45,80.3,80.35,38177
SAIL,20171213,09:22,80.3,80.35,80.1,80.2,42574
SAIL,20171213,09:23,80.2,80.5,80.2,80.5,41681
SAIL,20171213,09:24,80.45,80.55,80.45,80.5,28196
SAIL,20171213,09:25,80.5,80.6,80.4,80.6,28808
SAIL,20171213,09:26,80.55,80.6,80.5,80.55,16105
SAIL,20171213,09:27,80.5,80.55,80.45,80.45,7895
SAIL,20171213,09:28,80.45,80.45,80.3,80.3,24828
SAIL,20171213,09:29,80.3,80.4,80.3,80.3,4665
SAIL,20171213,09:30,80.35,80.4,80.3,80.4,11191
SAIL,20171213,09:31,80.35,80.5,80.3,80.5,40029
SAIL,20171213,09:32,80.5,80.5,80.4,80.4,10415
SAIL,20171213,09:33,80.4,80.5,80.4,80.45,8341
SAIL,20171213,09:34,80.45,80.5,80.4,80.4,7837
SAIL,20171213,09:35,80.4,80.55,80.4,80.55,5537
SAIL,20171213,09:36,80.5,80.65,80.5,80.6,34940
SAIL,20171213,09:37,80.6,80.65,80.6,80.6,6009
SAIL,20171213,09:38,80.6,80.7,80.6,80.7,13492
SAIL,20171213,09:39,80.65,80.7,80.4,80.55,62117
SAIL,20171213,09:40,80.5,80.5,80.4,80.4,37906
SAIL,20171213,09:41,80.35,80.45,80.25,80.3,62437
SAIL,20171213,09:42,80.3,80.4,80,80.15,86349
SAIL,20171213,09:43,80.05,80.1,79.85,80.05,56789
SAIL,20171213,09:44,80.05,80.05,79.9,79.95,21074
SAIL,20171213,09:45,79.95,80,79.9,79.95,41625
SAIL,20171213,09:46,79.9,80,79.9,79.95,20459
SAIL,20171213,09:47,79.95,80,79.85,79.9,20621
SAIL,20171213,09:48,79.9,79.9,79.6,79.8,91399
SAIL,20171213,09:49,79.8,79.9,79.75,79.9,25478
SAIL,20171213,09:50,79.9,79.9,79.8,79.85,18036
SAIL,20171213,09:51,79.85,79.9,79.7,79.75,33917
SAIL,20171213,09:52,79.75,79.85,79.7,79.85,26572
SAIL,20171213,09:53,79.8,79.85,79.7,79.75,11152
SAIL,20171213,09:54,79.7,79.85,79.7,79.75,7364
SAIL,20171213,09:55,79.7,79.8,79.7,79.8,17430
SAIL,20171213,09:56,79.8,79.85,79.55,79.6,60719
SAIL,20171213,09:57,79.6,79.75,79.6,79.7,19621
SAIL,20171213,09:58,79.6,79.7,79.55,79.55,20871
SAIL,20171213,09:59,79.6,79.6,79.5,79.5,43287
SAIL,20171213,10:00,79.5,79.65,79.5,79.6,14932
SAIL,20171213,10:01,79.55,79.65,79.55,79.6,18915
SAIL,20171213,10:02,79.55,79.65,79.3,79.55,119736
SAIL,20171213,10:03,79.45,79.5,79.4,79.45,25600
SAIL,20171213,10:04,79.4,79.45,79.4,79.45,10678
SAIL,20171213,10:05,79.5,79.55,79.4,79.45,16035
SAIL,20171213,10:06,79.45,79.5,79.45,79.45,10629
SAIL,20171213,10:07,79.45,79.55,79.45,79.5,8501
SAIL,20171213,10:08,79.45,79.5,79.4,79.45,14082
SAIL,20171213,10:09,79.45,79.45,79.2,79.3,58683
SAIL,20171213,10:10,79.25,79.35,79.25,79.25,17509
SAIL,20171213,10:11,79.3,79.3,79.1,79.1,23527
SAIL,20171213,10:12,79.15,79.2,79.05,79.15,42155
SAIL,20171213,10:13,79.25,79.25,79.15,79.15,115705
SAIL,20171213,10:14,79.15,79.2,79.1,79.2,21355
SAIL,20171213,10:15,79.15,79.25,79.1,79.15,14037
SAIL,20171213,10:16,79.15,79.25,79.15,79.25,6793
SAIL,20171213,10:17,79.2,79.3,79.15,79.25,16455
SAIL,20171213,10:18,79.15,79.25,79.1,79.2,24206
SAIL,20171213,10:19,79.15,79.2,79.1,79.2,6413
SAIL,20171213,10:20,79.15,79.35,79.15,79.3,52232
SAIL,20171213,10:21,79.35,79.35,79.3,79.35,7510
SAIL,20171213,10:22,79.35,79.45,79.3,79.45,14479
SAIL,20171213,10:23,79.4,79.45,79.35,79.35,5458
SAIL,20171213,10:24,79.35,79.4,79.35,79.4,19283
SAIL,20171213,10:25,79.35,79.4,79.35,79.4,9231
SAIL,20171213,10:26,79.35,79.45,79.35,79.45,6471
SAIL,20171213,10:27,79.35,79.45,79.35,79.4,3455
SAIL,20171213,10:28,79.45,79.5,79.4,79.45,22147
SAIL,20171213,10:29,79.45,79.5,79.45,79.45,5224
SAIL,20171213,10:30,79.45,79.5,79.25,79.3,53941
SAIL,20171213,10:31,79.3,79.4,79.3,79.3,6474
SAIL,20171213,10:32,79.3,79.35,79.3,79.3,4874
SAIL,20171213,10:33,79.3,79.35,79.3,79.3,9075
SAIL,20171213,10:34,79.3,79.4,79.3,79.4,13551
SAIL,20171213,10:35,79.35,79.4,79.25,79.25,4734
SAIL,20171213,10:36,79.25,79.25,79.1,79.2,47495
SAIL,20171213,10:37,79.2,79.25,79.15,79.15,9331
SAIL,20171213,10:38,79.15,79.3,79.15,79.25,9166
SAIL,20171213,10:39,79.25,79.25,79.15,79.2,25277
SAIL,20171213,10:40,79.2,79.25,79.15,79.15,4968
SAIL,20171213,10:41,79.2,79.25,79.2,79.2,5284
SAIL,20171213,10:42,79.25,79.25,79.2,79.2,6160
SAIL,20171213,10:43,79.15,79.25,79.15,79.25,4316
SAIL,20171213,10:44,79.15,79.3,79.15,79.25,11346
SAIL,20171213,10:45,79.25,79.35,79.25,79.25,3657
SAIL,20171213,10:46,79.35,79.35,79.25,79.25,14806
SAIL,20171213,10:47,79.25,79.5,79.25,79.4,27601
SAIL,20171213,10:48,79.4,79.45,79.35,79.45,3913
SAIL,20171213,10:49,79.4,79.5,79.35,79.45,14521
SAIL,20171213,10:50,79.45,79.5,79.35,79.5,11733
SAIL,20171213,10:51,79.5,79.5,79.45,79.45,36244
SAIL,20171213,10:52,79.45,79.5,79.45,79.5,5871
SAIL,20171213,10:53,79.45,79.5,79.4,79.45,4653
SAIL,20171213,10:54,79.4,79.4,79.3,79.3,10301
SAIL,20171213,10:55,79.3,79.45,79.3,79.3,8223
SAIL,20171213,10:56,79.35,79.4,79.3,79.4,6430
SAIL,20171213,10:57,79.4,79.4,79.3,79.35,2964
SAIL,20171213,10:58,79.35,79.5,79.35,79.4,20738
SAIL,20171213,10:59,79.45,79.5,79.4,79.45,9648
SAIL,20171213,11:00,79.45,79.6,79.4,79.6,29727
SAIL,20171213,11:01,79.55,79.55,79.5,79.55,10358
SAIL,20171213,11:02,79.55,79.6,79.5,79.6,5565
SAIL,20171213,11:03,79.55,79.7,79.5,79.5,41465
SAIL,20171213,11:04,79.45,79.6,79.45,79.6,30061
SAIL,20171213,11:05,79.5,79.55,79.45,79.5,6138
SAIL,20171213,11:06,79.5,79.8,79.5,79.8,92033
SAIL,20171213,11:07,79.8,79.8,79.6,79.7,51090
SAIL,20171213,11:08,79.7,79.9,79.7,79.9,63448
SAIL,20171213,11:09,79.9,80,79.85,79.9,39644
SAIL,20171213,11:10,79.95,80,79.85,80,25203
SAIL,20171213,11:11,79.9,80,79.85,79.9,17485
SAIL,20171213,11:12,79.85,79.9,79.8,79.85,14399
SAIL,20171213,11:13,79.85,79.85,79.75,79.8,6335
SAIL,20171213,11:14,79.75,79.8,79.7,79.8,9901
SAIL,20171213,11:15,79.75,79.9,79.75,79.9,24184
SAIL,20171213,11:16,79.85,79.9,79.75,79.85,43780
SAIL,20171213,11:17,79.9,79.9,79.75,79.8,9715
SAIL,20171213,11:18,79.8,79.85,79.75,79.75,10911
SAIL,20171213,11:19,79.8,79.8,79.75,79.8,10127
SAIL,20171213,11:20,79.75,79.9,79.75,79.85,57986
SAIL,20171213,11:21,79.8,79.85,79.75,79.8,6825
SAIL,20171213,11:22,79.75,79.85,79.7,79.85,25469
SAIL,20171213,11:23,79.85,79.95,79.8,79.9,11925
SAIL,20171213,11:24,79.9,79.95,79.85,79.9,16622
SAIL,20171213,11:25,79.9,79.9,79.8,79.85,20960
SAIL,20171213,11:26,79.8,79.85,79.75,79.75,10006
SAIL,20171213,11:27,79.75,79.75,79.7,79.75,10553
SAIL,20171213,11:28,79.75,79.75,79.6,79.6,19556
SAIL,20171213,11:29,79.6,79.7,79.5,79.5,23991
SAIL,20171213,11:30,79.5,79.65,79.5,79.65,15253
SAIL,20171213,11:31,79.65,79.7,79.6,79.7,18416
SAIL,20171213,11:32,79.65,79.8,79.65,79.7,30497
SAIL,20171213,11:33,79.7,79.8,79.7,79.8,3962
SAIL,20171213,11:34,79.75,79.75,79.7,79.75,5850
SAIL,20171213,11:35,79.7,79.75,79.7,79.7,2515
SAIL,20171213,11:36,79.7,79.85,79.7,79.8,17688
SAIL,20171213,11:37,79.85,79.9,79.7,79.8,48436
SAIL,20171213,11:38,79.8,79.8,79.65,79.75,19102
SAIL,20171213,11:39,79.65,79.8,79.65,79.7,9111
SAIL,20171213,11:40,79.7,79.8,79.65,79.7,9211
SAIL,20171213,11:41,79.65,79.65,79.6,79.65,3406
SAIL,20171213,11:42,79.6,79.6,79.55,79.55,42863
SAIL,20171213,11:43,79.55,79.65,79.55,79.6,2223
SAIL,20171213,11:44,79.6,79.7,79.55,79.65,20910
SAIL,20171213,11:45,79.6,79.7,79.6,79.65,5073
SAIL,20171213,11:46,79.65,79.7,79.55,79.6,9736
SAIL,20171213,11:47,79.6,79.7,79.6,79.7,4899
SAIL,20171213,11:48,79.7,79.7,79.6,79.6,4946
SAIL,20171213,11:49,79.6,79.8,79.6,79.75,42283
SAIL,20171213,11:50,79.75,79.85,79.75,79.75,3688
SAIL,20171213,11:51,79.75,79.8,79.7,79.8,26208
SAIL,20171213,11:52,79.8,79.9,79.75,79.8,28897
SAIL,20171213,11:53,79.85,79.9,79.8,79.8,20756
SAIL,20171213,11:54,79.8,79.85,79.75,79.8,12755
SAIL,20171213,11:55,79.8,79.9,79.8,79.9,3661
SAIL,20171213,11:56,79.8,79.9,79.8,79.9,16787
SAIL,20171213,11:57,79.8,79.85,79.75,79.85,5783
SAIL,20171213,11:58,79.8,79.85,79.75,79.75,3617
SAIL,20171213,11:59,79.75,79.8,79.75,79.8,3316
SAIL,20171213,12:00,79.75,79.8,79.75,79.75,3362
SAIL,20171213,12:01,79.75,79.8,79.75,79.75,9652
SAIL,20171213,12:02,79.75,79.8,79.75,79.75,2121
SAIL,20171213,12:03,79.75,79.8,79.7,79.7,5932
SAIL,20171213,12:04,79.7,79.8,79.65,79.7,3556
SAIL,20171213,12:05,79.65,79.75,79.65,79.7,5249
SAIL,20171213,12:06,79.7,79.75,79.7,79.75,3900
SAIL,20171213,12:07,79.7,79.75,79.65,79.75,8990
SAIL,20171213,12:08,79.75,79.8,79.65,79.7,11811
SAIL,20171213,12:09,79.7,79.8,79.65,79.65,3352
SAIL,20171213,12:10,79.7,79.75,79.7,79.75,8737
SAIL,20171213,12:11,79.75,81.05,79.75,80.9,407913
SAIL,20171213,12:12,80.95,81.25,80.85,80.95,213243
SAIL,20171213,12:13,80.95,81.3,80.85,81.25,259085
SAIL,20171213,12:14,81.25,81.25,80.65,80.75,396407
SAIL,20171213,12:15,80.65,80.75,80.5,80.5,127103
SAIL,20171213,12:16,80.55,80.55,80.3,80.4,126093
SAIL,20171213,12:17,80.45,80.65,80.4,80.6,113278
SAIL,20171213,12:18,80.55,80.65,80.55,80.6,67287
SAIL,20171213,12:19,80.6,80.65,80.55,80.55,53888
SAIL,20171213,12:20,80.55,80.55,80.3,80.4,110742
SAIL,20171213,12:21,80.45,80.55,80.4,80.4,48824
SAIL,20171213,12:22,80.4,80.4,80.3,80.3,56705
SAIL,20171213,12:23,80.3,80.35,80.1,80.15,90437
SAIL,20171213,12:24,80.15,80.15,79.7,79.9,208939
SAIL,20171213,12:25,79.95,80.15,79.9,80.1,32176
SAIL,20171213,12:26,80.15,80.2,80.05,80.15,23830
SAIL,20171213,12:27,80.1,80.15,80,80.05,24845
SAIL,20171213,12:28,80.05,80.2,80.05,80.2,32976
SAIL,20171213,12:29,80.2,80.3,80.15,80.2,15251
SAIL,20171213,12:30,80.25,80.25,80.15,80.15,21485
SAIL,20171213,12:31,80.15,80.2,80.15,80.15,5691
SAIL,20171213,12:32,80.15,80.25,80.1,80.2,8826
SAIL,20171213,12:33,80.15,80.3,80.15,80.3,16213
SAIL,20171213,12:34,80.2,80.2,80.15,80.2,8339
SAIL,20171213,12:35,80.2,80.25,80.15,80.2,7935
SAIL,20171213,12:36,80.2,80.25,80.15,80.15,7700
SAIL,20171213,12:37,80.15,80.25,80.15,80.15,5150
SAIL,20171213,12:38,80.15,80.2,80.15,80.15,3820
SAIL,20171213,12:39,80.15,80.2,80.1,80.1,13228
SAIL,20171213,12:40,80.1,80.15,80.05,80.1,16308
SAIL,20171213,12:41,80.1,80.1,80,80.05,14409
SAIL,20171213,12:42,80.05,80.1,79.95,80,68076
SAIL,20171213,12:43,80,80,79.85,80,48620
SAIL,20171213,12:44,79.9,80,79.9,79.95,22190
SAIL,20171213,12:45,79.95,80,79.9,80,13917
SAIL,20171213,12:46,80,80.1,80,80,33587
SAIL,20171213,12:47,80,80.05,80,80.05,6081
SAIL,20171213,12:48,80.05,80.1,80,80.1,22298
SAIL,20171213,12:49,80.05,80.1,80.05,80.1,5411
SAIL,20171213,12:50,80.1,80.1,79.95,80,8540
SAIL,20171213,12:51,80,80.05,79.9,79.95,9193
SAIL,20171213,12:52,79.95,80,79.9,80,4899
SAIL,20171213,12:53,79.95,80,79.9,79.95,13494
SAIL,20171213,12:54,79.9,79.95,79.9,79.9,3536
SAIL,20171213,12:55,79.9,79.95,79.9,79.95,8011
SAIL,20171213,12:56,79.9,79.9,79.8,79.8,19637
SAIL,20171213,12:57,79.8,80,79.8,79.85,25305
SAIL,20171213,12:58,79.9,80,79.9,79.9,5089
SAIL,20171213,12:59,79.9,80,79.9,79.9,2885
SAIL,20171213,13:00,79.9,80,79.9,79.9,4363
SAIL,20171213,13:01,79.9,80,79.9,80,2300
SAIL,20171213,13:02,79.95,80,79.9,80,4201
SAIL,20171213,13:03,79.9,79.95,79.9,79.95,4350
SAIL,20171213,13:04,79.9,80,79.9,79.9,4914
SAIL,20171213,13:05,79.9,79.95,79.9,79.9,3370
SAIL,20171213,13:06,79.95,80.05,79.9,80.05,26421
SAIL,20171213,13:07,79.95,80,79.9,79.95,3427
SAIL,20171213,13:08,79.9,80,79.9,79.95,2957
SAIL,20171213,13:09,79.95,80.05,79.9,79.9,11707
SAIL,20171213,13:10,79.9,79.95,79.9,79.9,2102
SAIL,20171213,13:11,79.9,79.95,79.9,79.9,5161
SAIL,20171213,13:12,79.9,79.95,79.9,79.9,3320
SAIL,20171213,13:13,79.9,79.95,79.8,79.85,26277
SAIL,20171213,13:14,79.85,79.9,79.85,79.85,4125
SAIL,20171213,13:15,79.85,79.9,79.85,79.85,4525
SAIL,20171213,13:16,79.85,79.9,79.85,79.9,5273
SAIL,20171213,13:17,79.8,79.9,79.8,79.85,2170
SAIL,20171213,13:18,79.85,79.9,79.8,79.8,4909
SAIL,20171213,13:19,79.8,79.85,79.8,79.85,4215
SAIL,20171213,13:20,79.8,79.85,79.8,79.8,3485
SAIL,20171213,13:21,79.8,79.9,79.8,79.85,12770
SAIL,20171213,13:22,79.9,79.9,79.8,79.8,5059
SAIL,20171213,13:23,79.8,79.85,79.8,79.8,7366
SAIL,20171213,13:24,79.8,79.85,79.8,79.8,4990
SAIL,20171213,13:25,79.8,79.85,79.8,79.8,4563
SAIL,20171213,13:26,79.8,79.85,79.75,79.75,6279
SAIL,20171213,13:27,79.75,79.8,79.75,79.75,3370
SAIL,20171213,13:28,79.8,79.8,79.75,79.75,5892
SAIL,20171213,13:29,79.75,79.75,79.5,79.55,51900
SAIL,20171213,13:30,79.55,79.65,79.55,79.65,13009
SAIL,20171213,13:31,79.6,79.65,79.6,79.65,14942
SAIL,20171213,13:32,79.65,79.7,79.65,79.7,4651
SAIL,20171213,13:33,79.65,79.65,79.6,79.6,6458
SAIL,20171213,13:34,79.6,79.7,79.6,79.65,11473
SAIL,20171213,13:35,79.65,79.7,79.65,79.65,5365
SAIL,20171213,13:36,79.65,79.7,79.6,79.65,2291
SAIL,20171213,13:37,79.6,79.7,79.6,79.65,5112
SAIL,20171213,13:38,79.6,79.75,79.6,79.65,14337
SAIL,20171213,13:39,79.65,79.7,79.6,79.7,3517
SAIL,20171213,13:40,79.65,79.7,79.65,79.65,8241
SAIL,20171213,13:41,79.65,79.8,79.65,79.7,24227
SAIL,20171213,13:42,79.7,79.8,79.7,79.7,5626
SAIL,20171213,13:43,79.7,79.9,79.7,79.85,56997
SAIL,20171213,13:44,79.85,79.9,79.8,79.9,13461
SAIL,20171213,13:45,79.9,80,79.8,79.95,63812
SAIL,20171213,13:46,79.9,80,79.9,79.9,33070
SAIL,20171213,13:47,79.9,80.15,79.9,80,44351
SAIL,20171213,13:48,80,80.1,79.95,80,14034
SAIL,20171213,13:49,80,80.05,79.85,79.95,36656
SAIL,20171213,13:50,79.95,79.95,79.85,79.85,6054
SAIL,20171213,13:51,79.85,79.9,79.75,79.8,10073
SAIL,20171213,13:52,79.8,79.9,79.75,79.8,7629
SAIL,20171213,13:53,79.75,79.75,79.6,79.6,27136
SAIL,20171213,13:54,79.6,79.75,79.55,79.6,25370
SAIL,20171213,13:55,79.6,79.7,79.6,79.65,3833
SAIL,20171213,13:56,79.6,79.6,79.5,79.55,59084
SAIL,20171213,13:57,79.5,79.6,79.5,79.5,37880
SAIL,20171213,13:58,79.5,79.55,79.4,79.4,13174
SAIL,20171213,13:59,79.45,79.5,79.35,79.45,57058
SAIL,20171213,14:00,79.45,79.5,79.35,79.45,23349
SAIL,20171213,14:01,79.4,79.4,79.3,79.35,45989
SAIL,20171213,14:02,79.3,79.5,79.3,79.45,25886
SAIL,20171213,14:03,79.5,79.5,79.35,79.5,12479
SAIL,20171213,14:04,79.4,79.5,79.35,79.45,8960
SAIL,20171213,14:05,79.35,79.35,79.2,79.2,42540
SAIL,20171213,14:06,79.15,79.35,79.15,79.3,43179
SAIL,20171213,14:07,79.25,79.3,79.2,79.25,16957
SAIL,20171213,14:08,79.25,79.35,79.2,79.3,29940
SAIL,20171213,14:09,79.3,79.5,79.3,79.45,39586
SAIL,20171213,14:10,79.3,79.4,79.3,79.35,6938
SAIL,20171213,14:11,79.35,79.4,79.25,79.35,12829
SAIL,20171213,14:12,79.25,79.5,79.25,79.4,16815
SAIL,20171213,14:13,79.4,79.5,79.4,79.45,20011
SAIL,20171213,14:14,79.4,79.45,79.35,79.35,7232
SAIL,20171213,14:15,79.4,79.4,79.1,79.15,55878
SAIL,20171213,14:16,79.15,79.2,79.05,79.2,35261
SAIL,20171213,14:17,79.2,79.25,79.1,79.15,18911
SAIL,20171213,14:18,79.15,79.25,79.15,79.2,6958
SAIL,20171213,14:19,79.15,79.3,79.15,79.3,13808
SAIL,20171213,14:20,79.2,79.2,79.05,79.1,14160
SAIL,20171213,14:21,79.1,79.15,79,79.1,67230
SAIL,20171213,14:22,79.1,79.25,79.1,79.1,50474
SAIL,20171213,14:23,79.05,79.1,78.85,79.1,47339
SAIL,20171213,14:24,79.05,79.15,79,79.05,46180
SAIL,20171213,14:25,79.1,79.1,78.95,79.05,15911
SAIL,20171213,14:26,79,79.15,79,79.15,10414
SAIL,20171213,14:27,79.15,79.2,79.1,79.2,7959
SAIL,20171213,14:28,79.2,79.25,79.15,79.25,14505
SAIL,20171213,14:29,79.2,79.3,79.2,79.25,23716
SAIL,20171213,14:30,79.25,79.3,79.15,79.15,12673
SAIL,20171213,14:31,79.15,79.35,79.15,79.2,37920
SAIL,20171213,14:32,79.15,79.25,79.1,79.15,13352
SAIL,20171213,14:33,79.15,79.25,79.15,79.15,6255
SAIL,20171213,14:34,79.15,79.2,79,79.1,14712
SAIL,20171213,14:35,79.05,79.1,78.95,79.05,33680
SAIL,20171213,14:36,78.95,79.05,78.9,79.05,12752
SAIL,20171213,14:37,79.15,79.15,79,79.05,15837
SAIL,20171213,14:38,79,79.1,79,79.05,4160
SAIL,20171213,14:39,79,79.1,79,79.05,4390
SAIL,20171213,14:40,79.05,79.15,79,79,5176
SAIL,20171213,14:41,79,79.1,79,79.1,2488
SAIL,20171213,14:42,79.05,79.1,78.95,78.95,31800
SAIL,20171213,14:43,78.9,78.95,78.75,78.75,33910
SAIL,20171213,14:44,78.75,78.85,78.6,78.65,65183
SAIL,20171213,14:45,78.65,78.75,78.55,78.7,33387
SAIL,20171213,14:46,78.6,78.65,78.25,78.3,142060
SAIL,20171213,14:47,78.35,78.4,78.2,78.2,48997
SAIL,20171213,14:48,78.25,78.6,78.2,78.55,68887
SAIL,20171213,14:49,78.55,78.55,78.3,78.3,18397
SAIL,20171213,14:50,78.3,78.5,78.3,78.4,16167
SAIL,20171213,14:51,78.4,78.55,78.35,78.55,14682
SAIL,20171213,14:52,78.5,78.65,78.5,78.6,43215
SAIL,20171213,14:53,78.6,78.75,78.6,78.75,34803
SAIL,20171213,14:54,78.65,78.8,78.55,78.8,35550
SAIL,20171213,14:55,78.8,78.9,78.55,78.6,40877
SAIL,20171213,14:56,78.6,78.75,78.4,78.55,53305
SAIL,20171213,14:57,78.6,78.65,78.4,78.45,33053
SAIL,20171213,14:58,78.4,78.5,78.3,78.35,44934
SAIL,20171213,14:59,78.25,78.3,78.2,78.25,31031
SAIL,20171213,15:00,78.2,78.4,78.1,78.3,29250
SAIL,20171213,15:01,78.35,78.4,78.2,78.3,26065
SAIL,20171213,15:02,78.25,78.4,78.25,78.4,17241
SAIL,20171213,15:03,78.35,78.45,78.35,78.4,21865
SAIL,20171213,15:04,78.4,78.5,78.35,78.35,42686
SAIL,20171213,15:05,78.35,78.4,78.3,78.35,23580
SAIL,20171213,15:06,78.3,78.45,78.3,78.4,25436
SAIL,20171213,15:07,78.3,78.35,78.25,78.25,24765
SAIL,20171213,15:08,78.2,78.35,78.2,78.35,29901
SAIL,20171213,15:09,78.35,78.45,78.35,78.4,17610
SAIL,20171213,15:10,78.4,78.5,78.4,78.5,31235
SAIL,20171213,15:11,78.45,78.5,78.4,78.5,65510
SAIL,20171213,15:12,78.45,78.55,78.45,78.5,50687
SAIL,20171213,15:13,78.5,78.55,78.45,78.55,44084
SAIL,20171213,15:14,78.55,78.6,78.5,78.6,31162
SAIL,20171213,15:15,78.55,78.65,78.55,78.65,35862
SAIL,20171213,15:16,78.6,78.8,78.6,78.75,46308
SAIL,20171213,15:17,78.6,78.65,78.2,78.25,227181
SAIL,20171213,15:18,78.3,78.45,78.3,78.45,54429
SAIL,20171213,15:19,78.45,78.45,78.35,78.45,36019
SAIL,20171213,15:20,78.45,78.5,78.4,78.45,26393
SAIL,20171213,15:21,78.4,78.5,78.35,78.4,63622
SAIL,20171213,15:22,78.4,78.6,78.4,78.5,63043
SAIL,20171213,15:23,78.55,78.55,78.4,78.45,74711
SAIL,20171213,15:24,78.4,78.5,78.4,78.5,40217
SAIL,20171213,15:25,78.45,78.5,78.4,78.5,32013
SAIL,20171213,15:26,78.5,78.55,78.45,78.5,51186
SAIL,20171213,15:27,78.5,78.5,78.4,78.45,35486
SAIL,20171213,15:28,78.4,78.45,78.35,78.45,38681
SAIL,20171213,15:29,78.4,78.4,78.25,78.35,32613
SAIL,20171213,15:30,78.4,78.45,78.25,78.25,47002
SAIL,20171213,15:32,78.45,78.45,78.45,78.45,1
SAIL,20171213,15:41,78.45,78.45,78.45,78.45,100
SAIL,20171213,15:42,78.45,78.45,78.45,78.45,655
SAIL,20171213,15:43,78.45,78.45,78.45,78.45,100
SAIL,20171213,15:47,78.45,78.45,78.45,78.45,5
SAIL,20171213,15:54,78.25,78.25,78.25,78.25,5
SAIL,20171213,15:58,78.45,78.45,78.45,78.45,180
SAIL,20171213,16:36,78.45,78.45,78.45,78.45,1
