RBLBANK_F1,20201230,09:16,233.45,233.70,233.10,233.20,57200,6908200
RBLBANK_F1,20201230,09:17,232.95,233.00,231.40,231.60,109200,6908200
RBLBANK_F1,20201230,09:18,231.50,231.50,230.00,230.00,80600,6887400
RBLBANK_F1,20201230,09:19,230.00,230.00,228.55,228.55,117000,6887400
RBLBANK_F1,20201230,09:20,228.70,229.00,228.25,229.00,96200,6887400
RBLBANK_F1,20201230,09:21,229.30,230.45,229.00,230.35,163800,6843200
RBLBANK_F1,20201230,09:22,230.40,230.80,229.90,229.90,75400,6843200
RBLBANK_F1,20201230,09:23,229.80,229.80,228.55,229.00,59800,6843200
RBLBANK_F1,20201230,09:24,228.80,228.85,228.15,228.40,59800,6838000
RBLBANK_F1,20201230,09:25,228.60,228.60,228.35,228.60,33800,6838000
RBLBANK_F1,20201230,09:26,228.30,228.30,227.85,228.20,33800,6838000
RBLBANK_F1,20201230,09:27,228.40,228.55,228.10,228.35,54600,6825000
RBLBANK_F1,20201230,09:28,228.85,229.15,228.50,229.00,96200,6825000
RBLBANK_F1,20201230,09:29,229.20,229.75,229.20,229.75,28600,6825000
RBLBANK_F1,20201230,09:30,229.40,229.40,229.25,229.25,41600,6825000
RBLBANK_F1,20201230,09:31,229.00,229.00,228.60,228.80,33800,6825000
RBLBANK_F1,20201230,09:32,229.00,229.10,228.85,229.00,39000,6825000
RBLBANK_F1,20201230,09:33,228.85,229.55,228.85,229.40,26000,6806800
RBLBANK_F1,20201230,09:34,229.50,229.55,229.40,229.50,13000,6806800
RBLBANK_F1,20201230,09:35,229.60,229.85,229.55,229.60,46800,6806800
RBLBANK_F1,20201230,09:36,229.65,229.70,229.50,229.50,49400,6773000
RBLBANK_F1,20201230,09:37,229.50,229.50,229.40,229.45,31200,6773000
RBLBANK_F1,20201230,09:38,229.55,229.55,229.25,229.25,31200,6773000
RBLBANK_F1,20201230,09:39,229.25,229.25,229.25,229.25,2600,6736600
RBLBANK_F1,20201230,09:40,229.50,229.70,229.50,229.65,7800,6736600
RBLBANK_F1,20201230,09:41,229.90,229.95,229.30,229.30,57200,6736600
RBLBANK_F1,20201230,09:42,229.30,229.45,229.25,229.45,7800,6728800
RBLBANK_F1,20201230,09:43,229.50,229.50,229.25,229.25,119600,6728800
RBLBANK_F1,20201230,09:44,229.60,229.70,229.60,229.70,10400,6728800
RBLBANK_F1,20201230,09:45,229.85,229.85,229.55,229.60,33800,6728800
RBLBANK_F1,20201230,09:46,229.80,230.05,229.80,230.05,23400,6728800
RBLBANK_F1,20201230,09:47,229.90,229.90,229.60,229.65,44200,6728800
RBLBANK_F1,20201230,09:48,229.45,229.45,229.45,229.45,2600,6723600
RBLBANK_F1,20201230,09:49,229.70,229.90,229.65,229.90,23400,6723600
RBLBANK_F1,20201230,09:50,229.95,230.00,229.80,229.80,20800,6723600
RBLBANK_F1,20201230,09:51,229.80,230.00,229.70,229.70,36400,6684600
RBLBANK_F1,20201230,09:52,229.70,229.90,229.65,229.90,20800,6684600
RBLBANK_F1,20201230,09:53,229.90,229.90,229.60,229.60,13000,6684600
RBLBANK_F1,20201230,09:54,229.50,229.60,229.50,229.55,10400,6661200
RBLBANK_F1,20201230,09:55,229.60,229.65,229.60,229.60,13000,6661200
RBLBANK_F1,20201230,09:56,229.60,229.60,229.50,229.60,54600,6661200
RBLBANK_F1,20201230,09:57,229.40,229.40,229.05,229.05,26000,6619600
RBLBANK_F1,20201230,09:58,229.05,229.20,229.05,229.20,41600,6619600
RBLBANK_F1,20201230,09:59,229.20,230.00,229.20,229.85,59800,6619600
RBLBANK_F1,20201230,10:00,230.00,230.60,230.00,230.55,67600,6528600
RBLBANK_F1,20201230,10:01,230.50,231.05,230.45,230.75,122200,6528600
RBLBANK_F1,20201230,10:02,230.95,231.15,230.55,230.70,75400,6528600
RBLBANK_F1,20201230,10:03,230.70,230.95,230.60,230.60,44200,6416800
RBLBANK_F1,20201230,10:04,230.60,230.85,230.60,230.75,49400,6416800
RBLBANK_F1,20201230,10:05,230.65,230.65,230.25,230.45,135200,6416800
RBLBANK_F1,20201230,10:06,230.30,230.40,230.20,230.40,13000,6245200
RBLBANK_F1,20201230,10:07,230.35,230.35,230.00,230.00,31200,6245200
RBLBANK_F1,20201230,10:08,230.00,230.15,229.85,230.00,39000,6245200
RBLBANK_F1,20201230,10:09,230.10,230.10,230.00,230.00,23400,6195800
RBLBANK_F1,20201230,10:10,230.00,230.05,230.00,230.05,13000,6195800
RBLBANK_F1,20201230,10:11,229.85,230.00,229.75,229.95,20800,6195800
RBLBANK_F1,20201230,10:12,230.15,230.15,229.65,229.75,20800,6159400
RBLBANK_F1,20201230,10:13,229.95,230.00,229.90,229.90,10400,6159400
RBLBANK_F1,20201230,10:14,230.10,230.30,230.10,230.15,33800,6159400
RBLBANK_F1,20201230,10:15,230.05,230.25,230.05,230.25,7800,6120400
RBLBANK_F1,20201230,10:16,230.40,230.40,230.25,230.25,49400,6120400
RBLBANK_F1,20201230,10:17,230.25,230.30,230.25,230.25,15600,6120400
RBLBANK_F1,20201230,10:18,230.30,230.40,230.20,230.40,26000,6078800
RBLBANK_F1,20201230,10:19,230.35,230.35,230.00,230.00,20800,6078800
RBLBANK_F1,20201230,10:20,229.95,229.95,229.70,229.70,23400,6078800
RBLBANK_F1,20201230,10:21,229.30,229.30,229.20,229.20,31200,6068400
RBLBANK_F1,20201230,10:22,228.80,228.85,228.75,228.85,70200,6068400
RBLBANK_F1,20201230,10:23,228.80,229.00,228.80,229.00,20800,6068400
RBLBANK_F1,20201230,10:24,229.25,229.25,229.10,229.10,15600,6060600
RBLBANK_F1,20201230,10:25,229.10,229.30,229.10,229.30,26000,6060600
RBLBANK_F1,20201230,10:26,229.30,229.30,228.70,228.70,46800,6060600
RBLBANK_F1,20201230,10:27,228.65,228.80,228.30,228.80,104000,6034600
RBLBANK_F1,20201230,10:28,228.45,228.50,228.45,228.45,15600,6034600
RBLBANK_F1,20201230,10:29,228.50,228.50,228.35,228.50,44200,6034600
RBLBANK_F1,20201230,10:30,228.30,228.40,228.20,228.40,41600,6042400
RBLBANK_F1,20201230,10:32,228.50,228.50,228.30,228.40,78000,6042400
RBLBANK_F1,20201230,10:33,228.45,229.05,228.45,228.90,59800,6042400
RBLBANK_F1,20201230,10:34,229.00,229.00,228.80,228.90,31200,6026800
RBLBANK_F1,20201230,10:35,228.90,228.90,228.80,228.80,13000,6026800
RBLBANK_F1,20201230,10:36,229.00,229.50,229.00,229.35,65000,5998200
RBLBANK_F1,20201230,10:37,229.30,229.30,229.10,229.20,20800,5998200
RBLBANK_F1,20201230,10:38,229.60,229.60,229.40,229.40,44200,5998200
RBLBANK_F1,20201230,10:39,229.50,229.55,229.40,229.55,7800,5974800
RBLBANK_F1,20201230,10:40,229.45,229.45,229.45,229.45,5200,5974800
RBLBANK_F1,20201230,10:41,229.45,230.10,229.45,230.00,31200,5974800
RBLBANK_F1,20201230,10:42,230.00,230.25,230.00,230.20,31200,5954000
RBLBANK_F1,20201230,10:43,230.05,230.05,229.80,229.90,33800,5954000
RBLBANK_F1,20201230,10:44,229.80,230.30,229.80,230.30,52000,5954000
RBLBANK_F1,20201230,10:45,230.30,230.35,230.30,230.35,28600,5954000
RBLBANK_F1,20201230,10:46,230.45,230.50,230.35,230.50,10400,5889000
RBLBANK_F1,20201230,10:47,230.60,230.60,230.50,230.55,15600,5889000
RBLBANK_F1,20201230,10:48,230.55,230.55,230.55,230.55,5200,5889000
RBLBANK_F1,20201230,10:49,230.80,230.80,230.60,230.60,15600,5808400
RBLBANK_F1,20201230,10:50,230.55,230.55,230.50,230.50,15600,5808400
RBLBANK_F1,20201230,10:51,230.50,230.60,230.50,230.60,5200,5808400
RBLBANK_F1,20201230,10:52,230.65,231.00,230.65,230.85,26000,5816200
RBLBANK_F1,20201230,10:53,230.85,231.10,230.85,230.95,18200,5816200
RBLBANK_F1,20201230,10:55,230.80,230.90,230.80,230.90,5200,5813600
RBLBANK_F1,20201230,10:56,230.90,230.90,230.60,230.75,23400,5813600
RBLBANK_F1,20201230,10:57,230.75,231.25,230.75,231.25,31200,5813600
RBLBANK_F1,20201230,10:58,231.35,231.35,231.35,231.35,5200,5803200
RBLBANK_F1,20201230,10:59,231.55,231.75,231.55,231.75,54600,5803200
RBLBANK_F1,20201230,11:00,231.75,231.75,231.25,231.25,18200,5803200
RBLBANK_F1,20201230,11:01,231.25,231.50,231.25,231.50,7800,5792800
RBLBANK_F1,20201230,11:02,231.50,231.50,231.40,231.40,18200,5792800
RBLBANK_F1,20201230,11:03,231.20,231.20,230.80,230.80,15600,5792800
RBLBANK_F1,20201230,11:04,230.75,230.80,230.75,230.80,5200,5777200
RBLBANK_F1,20201230,11:05,230.65,230.65,230.45,230.45,18200,5777200
RBLBANK_F1,20201230,11:06,230.50,230.50,230.50,230.50,5200,5777200
RBLBANK_F1,20201230,11:07,230.50,230.50,230.25,230.45,18200,5761600
RBLBANK_F1,20201230,11:08,230.50,230.60,230.50,230.60,10400,5761600
RBLBANK_F1,20201230,11:09,230.70,230.80,230.50,230.80,33800,5761600
RBLBANK_F1,20201230,11:10,230.75,231.00,230.75,231.00,15600,5743400
RBLBANK_F1,20201230,11:11,230.95,230.95,230.85,230.95,7800,5743400
RBLBANK_F1,20201230,11:12,230.95,230.95,230.80,230.95,7800,5740800
RBLBANK_F1,20201230,11:13,230.85,230.90,230.85,230.90,10400,5740800
RBLBANK_F1,20201230,11:14,230.85,230.85,230.70,230.80,13000,5740800
RBLBANK_F1,20201230,11:16,230.60,230.60,230.45,230.45,5200,5725200
RBLBANK_F1,20201230,11:17,230.45,230.45,230.45,230.45,2600,5725200
RBLBANK_F1,20201230,11:18,230.40,230.45,230.40,230.45,15600,5725200
RBLBANK_F1,20201230,11:20,230.55,230.55,230.55,230.55,5200,5722600
RBLBANK_F1,20201230,11:21,230.70,230.70,230.70,230.70,7800,5722600
RBLBANK_F1,20201230,11:22,230.60,230.75,230.60,230.75,7800,5717400
RBLBANK_F1,20201230,11:23,230.70,230.70,230.70,230.70,5200,5717400
RBLBANK_F1,20201230,11:24,230.75,231.30,230.75,231.00,28600,5717400
RBLBANK_F1,20201230,11:25,231.05,231.05,231.05,231.05,2600,5714800
RBLBANK_F1,20201230,11:26,231.15,231.30,231.05,231.05,18200,5714800
RBLBANK_F1,20201230,11:27,230.85,230.90,230.85,230.90,13000,5714800
RBLBANK_F1,20201230,11:28,230.65,230.80,230.65,230.80,5200,5707000
RBLBANK_F1,20201230,11:30,230.90,230.90,230.50,230.50,117000,5707000
RBLBANK_F1,20201230,11:31,230.75,230.75,230.75,230.75,2600,5688800
RBLBANK_F1,20201230,11:32,231.20,231.20,231.20,231.20,5200,5688800
RBLBANK_F1,20201230,11:33,230.95,230.95,230.95,230.95,2600,5688800
RBLBANK_F1,20201230,11:35,230.75,230.75,230.70,230.70,5200,5694000
RBLBANK_F1,20201230,11:36,230.75,230.75,230.70,230.70,5200,5694000
RBLBANK_F1,20201230,11:37,230.45,230.65,230.45,230.55,10400,5673200
RBLBANK_F1,20201230,11:38,230.30,230.30,230.30,230.30,5200,5673200
RBLBANK_F1,20201230,11:39,230.50,230.75,230.50,230.70,75400,5673200
RBLBANK_F1,20201230,11:40,230.45,230.80,230.45,230.80,18200,5686200
RBLBANK_F1,20201230,11:41,230.65,230.70,230.65,230.70,5200,5686200
RBLBANK_F1,20201230,11:42,230.50,230.50,230.35,230.35,5200,5686200
RBLBANK_F1,20201230,11:43,230.55,230.60,230.55,230.60,7800,5683600
RBLBANK_F1,20201230,11:44,230.55,230.55,230.55,230.55,7800,5683600
RBLBANK_F1,20201230,11:45,230.90,230.90,230.90,230.90,15600,5683600
RBLBANK_F1,20201230,11:46,230.75,231.30,230.75,231.30,18200,5696600
RBLBANK_F1,20201230,11:47,231.50,231.50,231.35,231.35,49400,5696600
RBLBANK_F1,20201230,11:48,231.25,231.45,231.25,231.45,10400,5696600
RBLBANK_F1,20201230,11:49,231.45,231.45,231.15,231.15,13000,5613400
RBLBANK_F1,20201230,11:51,231.15,231.15,231.15,231.15,7800,5613400
RBLBANK_F1,20201230,11:52,231.10,231.10,231.10,231.10,10400,5587400
RBLBANK_F1,20201230,11:53,231.20,231.20,231.20,231.20,5200,5587400
RBLBANK_F1,20201230,11:54,231.25,231.25,231.25,231.25,5200,5587400
RBLBANK_F1,20201230,11:55,231.20,231.20,231.20,231.20,5200,5587400
RBLBANK_F1,20201230,11:56,231.35,231.35,231.35,231.35,2600,5592600
RBLBANK_F1,20201230,11:57,231.10,231.10,230.85,230.85,13000,5592600
RBLBANK_F1,20201230,11:58,231.00,231.20,231.00,231.20,13000,5571800
RBLBANK_F1,20201230,12:00,230.65,230.65,230.55,230.55,7800,5571800
RBLBANK_F1,20201230,12:01,230.40,230.65,230.40,230.65,10400,5564000
RBLBANK_F1,20201230,12:02,230.65,230.65,230.25,230.30,31200,5564000
RBLBANK_F1,20201230,12:03,230.15,230.50,230.10,230.50,10400,5564000
RBLBANK_F1,20201230,12:04,230.50,230.50,230.50,230.50,5200,5574400
RBLBANK_F1,20201230,12:05,230.80,230.80,230.55,230.55,10400,5574400
RBLBANK_F1,20201230,12:06,230.80,230.95,230.75,230.75,10400,5574400
RBLBANK_F1,20201230,12:07,230.65,230.65,230.65,230.65,2600,5569200
RBLBANK_F1,20201230,12:08,230.70,230.80,230.70,230.80,18200,5569200
RBLBANK_F1,20201230,12:09,230.95,230.95,230.85,230.85,5200,5569200
RBLBANK_F1,20201230,12:10,230.75,230.75,230.75,230.75,2600,5579600
RBLBANK_F1,20201230,12:11,230.85,231.30,230.85,231.25,31200,5579600
RBLBANK_F1,20201230,12:12,231.20,231.20,231.10,231.10,7800,5579600
RBLBANK_F1,20201230,12:13,231.20,231.20,231.20,231.20,2600,5579600
RBLBANK_F1,20201230,12:14,231.00,231.00,231.00,231.00,2600,5402800
RBLBANK_F1,20201230,12:15,231.00,231.20,230.95,231.20,20800,5402800
RBLBANK_F1,20201230,12:16,231.50,231.50,231.30,231.35,13000,5410600
RBLBANK_F1,20201230,12:17,231.35,231.35,231.20,231.30,28600,5410600
RBLBANK_F1,20201230,12:19,231.20,231.35,231.20,231.35,39000,5392400
RBLBANK_F1,20201230,12:20,231.25,231.35,231.25,231.25,41600,5392400
RBLBANK_F1,20201230,12:21,231.25,231.25,230.85,230.95,23400,5392400
RBLBANK_F1,20201230,12:22,230.95,231.00,230.50,230.50,20800,5413200
RBLBANK_F1,20201230,12:23,230.50,230.75,230.50,230.70,28600,5413200
RBLBANK_F1,20201230,12:24,230.70,230.75,230.70,230.75,7800,5413200
RBLBANK_F1,20201230,12:25,230.45,230.65,230.35,230.40,83200,5449600
RBLBANK_F1,20201230,12:26,230.40,230.40,230.40,230.40,2600,5449600
RBLBANK_F1,20201230,12:27,230.65,230.65,230.65,230.65,28600,5449600
RBLBANK_F1,20201230,12:28,230.60,230.60,230.45,230.45,10400,5392400
RBLBANK_F1,20201230,12:29,230.65,230.85,230.65,230.85,78000,5392400
RBLBANK_F1,20201230,12:30,230.75,230.75,230.55,230.55,7800,5392400
RBLBANK_F1,20201230,12:31,230.60,230.60,230.50,230.50,10400,5436600
RBLBANK_F1,20201230,12:32,230.60,230.60,230.60,230.60,2600,5436600
RBLBANK_F1,20201230,12:33,230.60,230.65,230.60,230.65,5200,5436600
RBLBANK_F1,20201230,12:34,230.55,230.60,230.55,230.60,7800,5387200
RBLBANK_F1,20201230,12:35,230.60,230.80,230.60,230.80,5200,5387200
RBLBANK_F1,20201230,12:37,230.25,230.25,230.25,230.25,18200,5327400
RBLBANK_F1,20201230,12:38,230.15,230.25,229.55,230.20,70200,5327400
RBLBANK_F1,20201230,12:39,230.00,230.45,230.00,230.45,10400,5327400
RBLBANK_F1,20201230,12:40,229.90,230.30,229.60,229.60,130000,5332600
RBLBANK_F1,20201230,12:41,229.40,229.40,229.35,229.35,26000,5332600
RBLBANK_F1,20201230,12:42,229.25,229.25,228.65,228.65,132600,5332600
RBLBANK_F1,20201230,12:43,228.75,228.75,228.30,228.65,153400,5236400
RBLBANK_F1,20201230,12:44,228.70,228.85,228.55,228.80,41600,5236400
RBLBANK_F1,20201230,12:45,228.80,228.80,228.50,228.60,62400,5236400
RBLBANK_F1,20201230,12:46,228.65,228.85,228.50,228.50,54600,5148000
RBLBANK_F1,20201230,12:47,228.40,228.50,228.30,228.50,44200,5148000
RBLBANK_F1,20201230,12:48,228.50,228.80,228.50,228.80,26000,5148000
RBLBANK_F1,20201230,12:49,228.95,229.05,228.85,229.05,15600,5161000
RBLBANK_F1,20201230,12:50,229.05,229.25,229.05,229.25,20800,5161000
RBLBANK_F1,20201230,12:51,229.35,229.50,229.25,229.50,23400,5161000
RBLBANK_F1,20201230,12:52,229.50,229.60,229.50,229.60,39000,5101200
RBLBANK_F1,20201230,12:53,229.70,229.70,229.70,229.70,5200,5101200
RBLBANK_F1,20201230,12:54,229.65,229.85,229.65,229.85,10400,5101200
RBLBANK_F1,20201230,12:56,229.70,229.70,229.70,229.70,13000,5096000
RBLBANK_F1,20201230,12:57,229.70,229.90,229.70,229.90,36400,5096000
RBLBANK_F1,20201230,12:58,229.65,229.65,229.65,229.65,2600,5080400
RBLBANK_F1,20201230,12:59,229.65,229.65,229.55,229.60,13000,5080400
RBLBANK_F1,20201230,13:00,229.45,229.45,229.40,229.40,7800,5080400
RBLBANK_F1,20201230,13:01,229.25,229.70,229.25,229.70,31200,5067400
RBLBANK_F1,20201230,13:02,230.20,230.20,229.90,230.05,36400,5067400
RBLBANK_F1,20201230,13:03,230.05,230.05,230.00,230.00,10400,5067400
RBLBANK_F1,20201230,13:04,230.10,230.10,230.10,230.10,2600,5059600
RBLBANK_F1,20201230,13:05,230.40,230.55,230.05,230.05,20800,5059600
RBLBANK_F1,20201230,13:06,230.15,230.15,230.15,230.15,13000,5059600
RBLBANK_F1,20201230,13:07,230.35,230.35,230.20,230.20,15600,5054400
RBLBANK_F1,20201230,13:08,230.15,230.15,230.15,230.15,5200,5054400
RBLBANK_F1,20201230,13:10,230.25,230.45,230.25,230.45,15600,5057000
RBLBANK_F1,20201230,13:11,230.55,230.60,230.40,230.45,26000,5057000
RBLBANK_F1,20201230,13:12,230.40,230.40,230.30,230.30,5200,5057000
RBLBANK_F1,20201230,13:13,230.15,230.15,230.10,230.10,10400,5057000
RBLBANK_F1,20201230,13:14,230.20,230.40,230.20,230.40,5200,5049200
RBLBANK_F1,20201230,13:16,229.85,229.90,229.85,229.90,5200,5041400
RBLBANK_F1,20201230,13:17,230.20,230.20,230.10,230.10,39000,5041400
RBLBANK_F1,20201230,13:18,229.80,229.85,229.80,229.85,36400,5041400
RBLBANK_F1,20201230,13:19,229.80,229.80,229.80,229.80,2600,5041400
RBLBANK_F1,20201230,13:20,229.45,229.45,229.30,229.30,13000,5012800
RBLBANK_F1,20201230,13:21,229.55,229.75,229.55,229.55,49400,5012800
RBLBANK_F1,20201230,13:22,229.35,229.45,229.20,229.35,31200,4966000
RBLBANK_F1,20201230,13:23,229.30,229.45,228.95,228.95,33800,4966000
RBLBANK_F1,20201230,13:24,228.95,229.05,228.95,228.95,15600,4966000
RBLBANK_F1,20201230,13:25,229.00,229.20,228.95,229.20,20800,4924400
RBLBANK_F1,20201230,13:26,229.05,229.05,229.05,229.05,2600,4924400
RBLBANK_F1,20201230,13:27,229.10,229.10,229.05,229.05,13000,4924400
RBLBANK_F1,20201230,13:28,229.05,229.05,229.05,229.05,2600,4911400
RBLBANK_F1,20201230,13:29,229.00,229.00,228.95,228.95,23400,4911400
RBLBANK_F1,20201230,13:30,228.90,228.90,228.80,228.80,26000,4911400
RBLBANK_F1,20201230,13:31,228.90,229.10,228.90,229.05,23400,4916600
RBLBANK_F1,20201230,13:32,228.95,229.15,228.95,229.15,10400,4916600
RBLBANK_F1,20201230,13:33,229.00,229.10,229.00,229.10,7800,4916600
RBLBANK_F1,20201230,13:34,229.25,229.35,229.25,229.35,13000,4916600
RBLBANK_F1,20201230,13:36,229.15,229.15,229.15,229.15,2600,4916600
RBLBANK_F1,20201230,13:37,229.20,229.20,229.15,229.15,7800,4908800
RBLBANK_F1,20201230,13:38,229.10,229.10,228.80,228.80,10400,4908800
RBLBANK_F1,20201230,13:39,228.95,229.10,228.95,229.10,23400,4908800
RBLBANK_F1,20201230,13:40,229.10,229.50,229.10,229.40,13000,4908800
RBLBANK_F1,20201230,13:41,229.55,229.80,229.55,229.80,5200,4908800
RBLBANK_F1,20201230,13:42,230.15,230.15,229.95,229.95,20800,4908800
RBLBANK_F1,20201230,13:43,229.90,230.20,229.90,230.20,10400,4914000
RBLBANK_F1,20201230,13:44,230.20,230.35,230.20,230.25,13000,4914000
RBLBANK_F1,20201230,13:45,230.45,230.45,230.25,230.25,13000,4914000
RBLBANK_F1,20201230,13:46,230.20,230.20,230.20,230.20,2600,4908800
RBLBANK_F1,20201230,13:49,230.00,230.15,230.00,230.15,13000,4903600
RBLBANK_F1,20201230,13:50,230.10,230.25,230.10,230.25,5200,4903600
RBLBANK_F1,20201230,13:51,230.25,230.60,230.25,230.55,18200,4903600
RBLBANK_F1,20201230,13:52,230.40,230.40,230.40,230.40,2600,4898400
RBLBANK_F1,20201230,13:53,230.50,230.50,230.50,230.50,2600,4898400
RBLBANK_F1,20201230,13:54,230.25,230.25,230.15,230.15,15600,4898400
RBLBANK_F1,20201230,13:55,230.20,230.30,230.15,230.30,18200,4888000
RBLBANK_F1,20201230,13:56,230.45,230.45,230.45,230.45,2600,4888000
RBLBANK_F1,20201230,13:57,230.30,230.35,230.20,230.25,31200,4888000
RBLBANK_F1,20201230,13:59,230.30,230.50,230.30,230.35,26000,4862000
RBLBANK_F1,20201230,14:00,230.35,230.40,230.35,230.40,13000,4862000
RBLBANK_F1,20201230,14:01,230.55,230.70,230.55,230.70,26000,4854200
RBLBANK_F1,20201230,14:02,230.75,231.00,230.75,231.00,23400,4854200
RBLBANK_F1,20201230,14:03,230.95,231.15,230.90,231.15,18200,4854200
RBLBANK_F1,20201230,14:04,231.00,231.00,230.85,230.85,15600,4841200
RBLBANK_F1,20201230,14:06,230.95,230.95,230.90,230.90,13000,4841200
RBLBANK_F1,20201230,14:07,230.95,231.35,230.95,231.35,39000,4846400
RBLBANK_F1,20201230,14:08,231.25,231.25,231.25,231.25,2600,4846400
RBLBANK_F1,20201230,14:09,231.20,231.30,231.15,231.15,33800,4846400
RBLBANK_F1,20201230,14:10,231.50,231.75,231.35,231.35,156000,4799600
RBLBANK_F1,20201230,14:11,231.40,231.70,231.35,231.35,39000,4799600
RBLBANK_F1,20201230,14:12,231.55,231.60,231.40,231.60,15600,4799600
RBLBANK_F1,20201230,14:13,231.55,231.55,230.90,230.90,33800,4817800
RBLBANK_F1,20201230,14:14,230.90,230.90,230.90,230.90,20800,4817800
RBLBANK_F1,20201230,14:15,230.95,230.95,230.50,230.50,44200,4817800
RBLBANK_F1,20201230,14:16,230.55,230.75,230.50,230.75,20800,4820400
RBLBANK_F1,20201230,14:17,230.70,230.70,230.60,230.60,10400,4820400
RBLBANK_F1,20201230,14:18,230.75,230.75,230.65,230.65,15600,4820400
RBLBANK_F1,20201230,14:19,230.45,230.45,230.35,230.35,7800,4810000
RBLBANK_F1,20201230,14:20,230.45,230.70,230.45,230.50,26000,4810000
RBLBANK_F1,20201230,14:21,230.50,230.50,230.45,230.45,7800,4810000
RBLBANK_F1,20201230,14:22,230.50,230.55,230.50,230.50,13000,4807400
RBLBANK_F1,20201230,14:23,230.50,230.50,230.50,230.50,10400,4807400
RBLBANK_F1,20201230,14:24,230.45,230.50,230.35,230.50,28600,4807400
RBLBANK_F1,20201230,14:25,230.50,230.50,230.50,230.50,2600,4781400
RBLBANK_F1,20201230,14:26,230.60,230.60,230.60,230.60,5200,4781400
RBLBANK_F1,20201230,14:27,230.70,230.70,230.65,230.65,10400,4781400
RBLBANK_F1,20201230,14:28,230.70,230.70,230.55,230.55,10400,4768400
RBLBANK_F1,20201230,14:29,230.70,231.00,230.65,231.00,31200,4768400
RBLBANK_F1,20201230,14:31,230.90,231.00,230.90,231.00,20800,4739800
RBLBANK_F1,20201230,14:32,231.05,231.25,231.05,231.05,20800,4739800
RBLBANK_F1,20201230,14:33,231.00,231.00,231.00,231.00,5200,4739800
RBLBANK_F1,20201230,14:34,230.90,230.90,230.85,230.85,10400,4739800
RBLBANK_F1,20201230,14:35,230.70,230.70,230.70,230.70,5200,4734600
RBLBANK_F1,20201230,14:36,230.75,230.90,230.75,230.90,5200,4734600
RBLBANK_F1,20201230,14:37,230.85,230.85,230.85,230.85,2600,4726800
RBLBANK_F1,20201230,14:38,230.70,230.70,230.70,230.70,2600,4726800
RBLBANK_F1,20201230,14:39,230.70,230.80,230.70,230.80,10400,4726800
RBLBANK_F1,20201230,14:40,230.60,230.75,230.60,230.75,10400,4726800
RBLBANK_F1,20201230,14:42,230.90,230.90,230.75,230.75,5200,4726800
RBLBANK_F1,20201230,14:43,230.75,230.75,230.75,230.75,5200,4724200
RBLBANK_F1,20201230,14:44,230.65,230.80,230.65,230.65,13000,4724200
RBLBANK_F1,20201230,14:45,230.65,230.95,230.65,230.95,18200,4724200
RBLBANK_F1,20201230,14:46,230.95,231.00,230.70,230.70,33800,4700800
RBLBANK_F1,20201230,14:47,230.60,230.90,230.60,230.90,10400,4700800
RBLBANK_F1,20201230,14:48,230.90,231.00,230.90,231.00,33800,4700800
RBLBANK_F1,20201230,14:49,230.90,230.90,230.85,230.85,5200,4700800
RBLBANK_F1,20201230,14:50,230.75,230.75,230.75,230.75,2600,4669600
RBLBANK_F1,20201230,14:51,230.80,231.10,230.80,231.10,36400,4669600
RBLBANK_F1,20201230,14:52,231.05,231.50,231.05,231.50,52000,4638400
RBLBANK_F1,20201230,14:53,231.25,231.25,231.25,231.25,2600,4638400
RBLBANK_F1,20201230,14:54,231.40,231.40,231.30,231.30,18200,4638400
RBLBANK_F1,20201230,14:55,231.50,231.55,231.40,231.55,54600,4638400
RBLBANK_F1,20201230,14:56,231.45,231.55,231.45,231.55,20800,4604600
RBLBANK_F1,20201230,14:57,231.65,231.75,231.50,231.75,18200,4604600
RBLBANK_F1,20201230,14:58,231.70,231.75,231.55,231.75,26000,4591600
RBLBANK_F1,20201230,14:59,231.70,231.70,231.50,231.50,20800,4591600
RBLBANK_F1,20201230,15:00,231.60,231.85,231.60,231.75,26000,4591600
RBLBANK_F1,20201230,15:01,231.75,232.10,231.75,232.10,130000,4591600
RBLBANK_F1,20201230,15:02,232.00,232.05,231.95,232.00,41600,4474600
RBLBANK_F1,20201230,15:03,232.05,232.20,232.05,232.15,20800,4474600
RBLBANK_F1,20201230,15:04,232.15,232.15,231.95,231.95,31200,4474600
RBLBANK_F1,20201230,15:05,232.10,232.15,232.00,232.00,33800,4430400
RBLBANK_F1,20201230,15:06,231.90,232.00,231.85,232.00,18200,4430400
RBLBANK_F1,20201230,15:07,231.80,231.85,231.80,231.85,7800,4430400
RBLBANK_F1,20201230,15:08,231.85,231.95,231.85,231.85,20800,4396600
RBLBANK_F1,20201230,15:09,231.75,231.90,231.75,231.85,10400,4396600
RBLBANK_F1,20201230,15:10,231.90,232.10,231.90,232.00,93600,4396600
RBLBANK_F1,20201230,15:11,232.20,232.60,232.20,232.55,70200,4329000
RBLBANK_F1,20201230,15:12,232.40,232.80,232.40,232.75,49400,4329000
RBLBANK_F1,20201230,15:13,232.70,232.80,232.65,232.65,33800,4269200
RBLBANK_F1,20201230,15:14,232.75,232.75,232.40,232.40,28600,4269200
RBLBANK_F1,20201230,15:15,232.50,232.60,232.50,232.60,10400,4269200
RBLBANK_F1,20201230,15:16,232.35,232.65,232.35,232.55,26000,4248400
RBLBANK_F1,20201230,15:17,232.55,232.60,232.45,232.45,23400,4248400
RBLBANK_F1,20201230,15:18,232.30,232.30,232.20,232.30,57200,4248400
RBLBANK_F1,20201230,15:19,232.05,232.05,231.85,231.85,52000,4248400
RBLBANK_F1,20201230,15:20,232.20,232.20,232.00,232.00,57200,3835000
RBLBANK_F1,20201230,15:21,232.00,232.25,231.85,232.10,54600,3835000
RBLBANK_F1,20201230,15:22,232.00,232.10,231.95,231.95,57200,3835000
RBLBANK_F1,20201230,15:23,231.80,232.00,231.80,231.80,26000,3741400
RBLBANK_F1,20201230,15:24,231.85,232.00,231.85,232.00,10400,3741400
RBLBANK_F1,20201230,15:25,231.80,231.90,231.80,231.85,44200,3741400
RBLBANK_F1,20201230,15:26,231.90,232.00,231.80,232.00,33800,3694600
RBLBANK_F1,20201230,15:27,232.00,232.10,232.00,232.10,31200,3694600
RBLBANK_F1,20201230,15:28,232.10,232.10,231.60,231.60,54600,3694600
RBLBANK_F1,20201230,15:29,231.40,231.45,231.25,231.25,46800,3647800
RBLBANK_F1,20201230,15:30,231.35,231.45,231.20,231.20,26000,3647800
RBLBANK_F1,20201230,18:03,232.10,232.10,232.10,232.10,1,3276000
