SUNTV,20180618,09:08,910.05,910.05,910.05,910.05,541
SUNTV,20180618,09:16,908.25,912.5,908.25,909.15,17351
SUNTV,20180618,09:17,908.85,912.45,908.55,911.15,8755
SUNTV,20180618,09:18,911.35,911.4,910.25,910.4,5122
SUNTV,20180618,09:19,910.4,910.4,908.4,909.1,4867
SUNTV,20180618,09:20,908.8,910.5,908.8,910.5,5678
SUNTV,20180618,09:21,910.3,910.3,908.05,908.05,2860
SUNTV,20180618,09:22,907.65,908.1,905,905.45,7471
SUNTV,20180618,09:23,905.2,908.1,905,907.85,3895
SUNTV,20180618,09:24,907.8,907.8,905.75,905.85,1694
SUNTV,20180618,09:25,905.75,906.5,904.15,904.35,5217
SUNTV,20180618,09:26,904.35,904.35,901.2,903.25,7265
SUNTV,20180618,09:27,903,903.5,901.1,901.45,3412
SUNTV,20180618,09:28,901.75,903.7,901.45,902.3,6515
SUNTV,20180618,09:29,902.25,903,902.25,902.95,2775
SUNTV,20180618,09:30,902.5,903,901.55,902.25,2313
SUNTV,20180618,09:31,902.25,902.7,901.8,901.8,2739
SUNTV,20180618,09:32,901.85,902.95,901.55,901.85,3629
SUNTV,20180618,09:33,901.9,902.35,900.3,900.3,4259
SUNTV,20180618,09:34,900.2,900.95,899.5,899.7,6903
SUNTV,20180618,09:35,899.75,899.75,895.5,896.2,9990
SUNTV,20180618,09:36,896.2,896.65,894.15,896.35,12588
SUNTV,20180618,09:37,896.05,898.05,896,897.5,4203
SUNTV,20180618,09:38,897.1,898.8,897,898.5,2185
SUNTV,20180618,09:39,898,898.5,897.15,897.3,4176
SUNTV,20180618,09:40,897,897.2,896,896,2921
SUNTV,20180618,09:41,896,896,895,895.85,4121
SUNTV,20180618,09:42,895.85,896,892.25,892.45,16816
SUNTV,20180618,09:43,891.95,891.95,889.15,890.45,24067
SUNTV,20180618,09:44,890.05,891,889.75,890.15,13556
SUNTV,20180618,09:45,890.15,890.15,888.85,889,8667
SUNTV,20180618,09:46,889,889.4,888,888.35,6995
SUNTV,20180618,09:47,888.2,889.45,887.2,888.9,12550
SUNTV,20180618,09:48,888.9,893.35,888.9,892.1,10168
SUNTV,20180618,09:49,892.45,892.45,891.15,891.15,3912
SUNTV,20180618,09:50,891.7,893,891.05,892.35,3734
SUNTV,20180618,09:51,892.35,895,892.35,894.6,8198
SUNTV,20180618,09:52,894.6,894.75,890.1,890.8,10390
SUNTV,20180618,09:53,891,891.75,890.8,891.1,4217
SUNTV,20180618,09:54,891.1,891.65,888.9,889.25,13658
SUNTV,20180618,09:55,889.8,890.7,888.25,888.65,7785
SUNTV,20180618,09:56,888.7,889.8,888.5,889.7,5950
SUNTV,20180618,09:57,889.75,890.45,885.3,888,28626
SUNTV,20180618,09:58,887.15,888.5,887.1,888,15387
SUNTV,20180618,09:59,887.65,888,886.85,887.3,9681
SUNTV,20180618,10:00,887.45,887.45,886.25,886.3,8073
SUNTV,20180618,10:01,886.4,886.9,886,886.5,11685
SUNTV,20180618,10:02,886.5,886.85,885.1,885.6,7677
SUNTV,20180618,10:03,886,886.7,886,886.65,4529
SUNTV,20180618,10:04,886.65,886.8,886.05,886.8,3604
SUNTV,20180618,10:05,886.65,890,886.3,890,7826
SUNTV,20180618,10:06,889.95,891.1,889.95,890.5,5545
SUNTV,20180618,10:07,890.35,891.3,890.05,891.3,1951
SUNTV,20180618,10:08,891.75,892.3,891.1,892.25,3233
SUNTV,20180618,10:09,892.25,894.25,892,894,5637
SUNTV,20180618,10:10,893.95,894.05,892.25,893,7659
SUNTV,20180618,10:11,892.9,893.25,892,892.85,3630
SUNTV,20180618,10:12,892.55,892.9,891.45,891.5,2954
SUNTV,20180618,10:13,891.5,892,890,890.1,3097
SUNTV,20180618,10:14,890.3,890.6,890,890.6,3494
SUNTV,20180618,10:15,891.8,892,890.1,890.3,3652
SUNTV,20180618,10:16,890.3,890.65,890.2,890.65,740
SUNTV,20180618,10:17,890.4,891.45,890.4,890.95,1551
SUNTV,20180618,10:18,890.9,891.15,890,890.1,2347
SUNTV,20180618,10:19,890.1,891.25,890.1,891.25,4086
SUNTV,20180618,10:20,891,892,891,891.75,4131
SUNTV,20180618,10:21,891.7,892.5,891.45,892.1,2686
SUNTV,20180618,10:22,892.5,894,892.5,892.9,3851
SUNTV,20180618,10:23,892.9,893,892.7,892.75,2211
SUNTV,20180618,10:24,892.75,894.9,892.75,894.75,5014
SUNTV,20180618,10:25,894.75,896.9,894.55,895.4,11212
SUNTV,20180618,10:26,895.4,895.65,893.2,893.55,3602
SUNTV,20180618,10:27,893.4,894.8,893.2,894.6,4328
SUNTV,20180618,10:28,894.5,894.9,893.9,894.2,3194
SUNTV,20180618,10:29,894.25,894.25,893.4,893.5,3473
SUNTV,20180618,10:30,893.55,893.55,892.45,892.95,3157
SUNTV,20180618,10:31,892.9,893,892.15,893,3473
SUNTV,20180618,10:32,893,893,892.5,892.7,480
SUNTV,20180618,10:33,892.9,893,892.6,892.9,3836
SUNTV,20180618,10:34,892.9,893.25,892.9,893,6977
SUNTV,20180618,10:35,893,893,892.6,892.6,13328
SUNTV,20180618,10:36,892.85,893,891.75,893,10275
SUNTV,20180618,10:37,893,893,892.65,892.95,2766
SUNTV,20180618,10:38,892.95,893.5,892.9,893,7945
SUNTV,20180618,10:39,893.3,893.3,892.2,892.2,685
SUNTV,20180618,10:40,892.7,892.7,891.1,891.1,2541
SUNTV,20180618,10:41,891.15,891.65,890.4,890.4,3033
SUNTV,20180618,10:42,890.4,890.95,890.15,890.15,2567
SUNTV,20180618,10:43,890.15,891.8,889.6,891.2,4197
SUNTV,20180618,10:44,891.65,892.6,891.55,892.6,958
SUNTV,20180618,10:45,892.6,892.6,891.55,891.55,1270
SUNTV,20180618,10:46,891.55,891.7,890.55,890.6,1515
SUNTV,20180618,10:47,890.95,891.65,890.05,890.05,3220
SUNTV,20180618,10:48,890.15,890.95,890.15,890.2,1682
SUNTV,20180618,10:49,890.2,890.45,889.2,889.2,4802
SUNTV,20180618,10:50,889.45,890.75,889.15,890.7,2389
SUNTV,20180618,10:51,890.15,890.75,889.5,889.95,3254
SUNTV,20180618,10:52,889.75,890.65,889.75,889.9,1903
SUNTV,20180618,10:53,890,890.4,889.5,890,670
SUNTV,20180618,10:54,890,890.45,890,890.1,613
SUNTV,20180618,10:55,890.05,890.55,889.5,889.5,1452
SUNTV,20180618,10:56,889.85,890,889.6,890,520
SUNTV,20180618,10:57,889.75,890.7,889.65,890,1287
SUNTV,20180618,10:58,890,890,889.7,889.7,444
SUNTV,20180618,10:59,890,890.3,889.5,890,6573
SUNTV,20180618,11:00,890,890,889.8,890,477
SUNTV,20180618,11:01,890,890.25,889.8,890.05,2852
SUNTV,20180618,11:02,890.05,890.05,887.6,888.45,7249
SUNTV,20180618,11:03,888.45,888.7,888.1,888.1,1719
SUNTV,20180618,11:04,888.45,888.5,888,888.5,1959
SUNTV,20180618,11:05,888.45,888.95,888.1,888.95,2084
SUNTV,20180618,11:06,888.5,889.7,888.5,889.65,3743
SUNTV,20180618,11:07,889.65,890.7,889.65,889.95,2044
SUNTV,20180618,11:08,889.55,890,889.55,889.9,454
SUNTV,20180618,11:09,890,890,889.15,889.45,506
SUNTV,20180618,11:10,889.75,889.75,888.5,889.25,1194
SUNTV,20180618,11:11,889.25,889.4,889.25,889.3,309
SUNTV,20180618,11:12,889.65,889.8,888,888,4062
SUNTV,20180618,11:13,888.15,888.15,887.1,887.3,2405
SUNTV,20180618,11:14,887.5,887.85,885.15,887.45,15397
SUNTV,20180618,11:15,887.5,888,887.2,887.8,1858
SUNTV,20180618,11:16,887.7,887.8,887.45,887.8,1274
SUNTV,20180618,11:17,887.7,888.05,887.7,888.05,1978
SUNTV,20180618,11:18,888.05,888.05,887.5,887.5,2180
SUNTV,20180618,11:19,887.55,888,887.35,887.4,2684
SUNTV,20180618,11:20,887.4,887.5,887.3,887.5,1553
SUNTV,20180618,11:21,887.5,887.5,886.8,887,1823
SUNTV,20180618,11:22,886.8,886.8,885.5,885.85,2758
SUNTV,20180618,11:23,885.5,886.6,885.5,886.55,738
SUNTV,20180618,11:24,886.7,886.75,886.05,886.5,639
SUNTV,20180618,11:25,886.3,888,886.3,887.65,2801
SUNTV,20180618,11:26,887.5,887.65,886.65,886.7,2053
SUNTV,20180618,11:27,886.7,887.5,886.3,887,2587
SUNTV,20180618,11:28,886.35,887,886.35,886.85,1175
SUNTV,20180618,11:29,886.65,887.5,886.5,887.15,2598
SUNTV,20180618,11:30,887.2,887.6,886.75,886.9,924
SUNTV,20180618,11:31,887.25,887.25,886.4,887.1,1060
SUNTV,20180618,11:32,886.75,886.75,886.5,886.55,495
SUNTV,20180618,11:33,886.5,887.15,885.5,886.5,3878
SUNTV,20180618,11:34,886.5,887.25,886.45,886.5,1222
SUNTV,20180618,11:35,886.3,887.05,885.5,886,2822
SUNTV,20180618,11:36,886,886.9,885.55,886.05,819
SUNTV,20180618,11:37,886.1,887,886,886,1535
SUNTV,20180618,11:38,886,886.85,886,886.85,766
SUNTV,20180618,11:39,886.9,887.5,886.35,887.5,2583
SUNTV,20180618,11:40,887.15,887.5,886.75,887.3,600
SUNTV,20180618,11:41,887.3,887.3,886.75,886.85,661
SUNTV,20180618,11:42,887.3,887.5,886.85,887.45,698
SUNTV,20180618,11:43,887.5,887.5,887.15,887.4,537
SUNTV,20180618,11:44,887.2,888.25,887.2,888.25,1885
SUNTV,20180618,11:45,888.25,888.5,887.5,887.5,3744
SUNTV,20180618,11:46,887.5,888,887.4,887.8,461
SUNTV,20180618,11:47,887.5,887.7,886.5,887.25,1308
SUNTV,20180618,11:48,887,887.75,887,887.2,541
SUNTV,20180618,11:49,887,887,886.05,886.5,1579
SUNTV,20180618,11:50,886.5,886.5,886.05,886.5,744
SUNTV,20180618,11:51,886.3,887.6,886.3,887.5,1004
SUNTV,20180618,11:52,887.75,888.45,887.45,888.45,888
SUNTV,20180618,11:53,888,888.5,888,888,990
SUNTV,20180618,11:54,887.75,888.35,887.4,887.4,1047
SUNTV,20180618,11:55,887.05,888.15,887,887.7,450
SUNTV,20180618,11:56,887.7,888,887.5,888,592
SUNTV,20180618,11:57,888.25,888.5,888.05,888.45,606
SUNTV,20180618,11:58,888.45,888.6,888,888,611
SUNTV,20180618,11:59,888.45,888.45,887.75,888.4,684
SUNTV,20180618,12:00,888,888.5,887.2,887.2,1204
SUNTV,20180618,12:01,887,888.05,886.7,887.95,1430
SUNTV,20180618,12:02,887.7,888.45,887.5,887.5,999
SUNTV,20180618,12:03,887.5,888.25,887.2,888.25,2783
SUNTV,20180618,12:04,888.45,889,888.3,889,2947
SUNTV,20180618,12:05,888.95,889.1,888.45,888.45,1079
SUNTV,20180618,12:06,888.45,888.85,888.4,888.85,1748
SUNTV,20180618,12:07,888.85,889.2,888.55,889.15,1727
SUNTV,20180618,12:08,889.05,889.3,887.45,887.85,6110
SUNTV,20180618,12:09,888.2,888.2,887.3,887.85,771
SUNTV,20180618,12:10,887.85,888,887.4,887.4,767
SUNTV,20180618,12:11,887.4,887.7,887.15,887.4,1440
SUNTV,20180618,12:12,887.15,888.7,887.15,888.7,2547
SUNTV,20180618,12:13,888.15,889.1,888.15,888.85,787
SUNTV,20180618,12:14,888.9,889.05,888.25,888.95,3266
SUNTV,20180618,12:15,888.55,889.3,888.2,888.5,2149
SUNTV,20180618,12:16,888.85,889.3,888.4,888.95,2159
SUNTV,20180618,12:17,888.45,889.3,888.45,889.15,1911
SUNTV,20180618,12:18,888.6,889,888.55,888.85,532
SUNTV,20180618,12:19,888.6,889.3,888.55,889,3960
SUNTV,20180618,12:20,889,889,888.55,888.7,526
SUNTV,20180618,12:21,888.7,888.95,888.65,888.95,580
SUNTV,20180618,12:22,888.75,889.3,888.7,889.15,3052
SUNTV,20180618,12:23,889,889.3,888.5,888.8,3541
SUNTV,20180618,12:24,888.8,889,888.25,888.8,4569
SUNTV,20180618,12:25,888.8,888.8,887.45,887.95,2698
SUNTV,20180618,12:26,887.6,887.95,887.55,887.65,578
SUNTV,20180618,12:27,887.65,888.25,886.05,887.2,4848
SUNTV,20180618,12:28,887.6,887.9,886.75,887.9,1137
SUNTV,20180618,12:29,887.45,888.5,887,887,2076
SUNTV,20180618,12:30,887.15,887.4,886.7,887.05,766
SUNTV,20180618,12:31,886.6,887.7,886.6,887.3,6857
SUNTV,20180618,12:32,886.95,887.5,883.05,883.8,30509
SUNTV,20180618,12:33,883.75,884.25,882.1,882.55,25994
SUNTV,20180618,12:34,882.55,884.35,882.25,884.35,8687
SUNTV,20180618,12:35,884.3,885.35,884.15,885.2,4116
SUNTV,20180618,12:36,885.3,885.4,885,885.4,1728
SUNTV,20180618,12:37,885.35,886,885.25,885.95,1669
SUNTV,20180618,12:38,885.95,886.4,885.2,885.45,2313
SUNTV,20180618,12:39,885.3,885.55,885,885.3,1712
SUNTV,20180618,12:40,885.3,885.65,884.75,885.65,1011
SUNTV,20180618,12:41,885.65,886.45,885.2,885.95,7950
SUNTV,20180618,12:42,885.8,886,884.1,884.45,2870
SUNTV,20180618,12:43,884,885.3,883.7,884.7,4443
SUNTV,20180618,12:44,884.7,885.9,884.7,885.2,889
SUNTV,20180618,12:45,885.1,886.5,884.75,886.5,1371
SUNTV,20180618,12:46,886.5,887.75,886.2,886.55,6838
SUNTV,20180618,12:47,886.1,886.6,885.05,886.6,2778
SUNTV,20180618,12:48,886.05,886.5,885.2,886.2,786
SUNTV,20180618,12:49,886.15,886.5,885.5,886,931
SUNTV,20180618,12:50,885.55,886.2,885.55,886.15,593
SUNTV,20180618,12:51,886.15,886.95,886.15,886.75,4768
SUNTV,20180618,12:52,886.75,886.85,886.4,886.75,857
SUNTV,20180618,12:53,886.4,886.75,886.1,886.5,560
SUNTV,20180618,12:54,886.5,886.5,886.25,886.4,349
SUNTV,20180618,12:55,886.45,886.45,886.05,886.05,1990
SUNTV,20180618,12:56,886.05,886.1,885.5,885.55,1126
SUNTV,20180618,12:57,885.75,885.75,885.3,885.3,1211
SUNTV,20180618,12:58,885.4,885.95,885.2,885.6,1043
SUNTV,20180618,12:59,885.35,885.75,885.3,885.5,2176
SUNTV,20180618,13:00,885.5,885.7,885.5,885.5,508
SUNTV,20180618,13:01,885.5,885.5,884.6,884.6,2340
SUNTV,20180618,13:02,884.65,884.75,884.2,884.2,1441
SUNTV,20180618,13:03,884.3,884.8,884.3,884.6,843
SUNTV,20180618,13:04,884.8,885.35,884.6,885.35,405
SUNTV,20180618,13:05,885.35,885.6,885,885.25,820
SUNTV,20180618,13:06,885.45,885.95,885.35,885.35,586
SUNTV,20180618,13:07,885.35,885.6,884,884.25,3832
SUNTV,20180618,13:08,884.3,886,884.2,886,2486
SUNTV,20180618,13:09,885.85,887.25,885.6,885.85,3879
SUNTV,20180618,13:10,885.95,886.3,885.6,885.75,860
SUNTV,20180618,13:11,885.65,886.45,885.6,886.25,2901
SUNTV,20180618,13:12,886.15,886.2,884.2,885.35,2610
SUNTV,20180618,13:13,885.7,885.8,885.05,885.5,1713
SUNTV,20180618,13:14,885.5,885.8,885.2,885.7,1158
SUNTV,20180618,13:15,885.6,886.15,885.05,885.25,1442
SUNTV,20180618,13:16,885.05,885.15,884.6,885.15,1308
SUNTV,20180618,13:17,884.95,885.2,884.5,884.95,1331
SUNTV,20180618,13:18,884.65,885.6,884.65,885.25,10543
SUNTV,20180618,13:19,885.75,886.55,885.6,886.5,2198
SUNTV,20180618,13:20,886.2,886.55,885.5,886,467
SUNTV,20180618,13:21,886,886.45,885.55,886.45,504
SUNTV,20180618,13:22,886.05,886.35,886.05,886.1,320
SUNTV,20180618,13:23,886.1,886.15,885.05,885.65,1615
SUNTV,20180618,13:24,885.75,886.1,885.75,886,551
SUNTV,20180618,13:25,886,886.1,885.15,885.55,1053
SUNTV,20180618,13:26,885.55,886.3,885.4,886.05,438
SUNTV,20180618,13:27,886.2,887.6,886.15,886.55,1774
SUNTV,20180618,13:28,886.5,887.3,886.2,886.2,2553
SUNTV,20180618,13:29,886.1,886.5,885.1,885.7,1594
SUNTV,20180618,13:30,885.6,886.25,885.35,886,1062
SUNTV,20180618,13:31,886.05,886.55,885.55,886.55,447
SUNTV,20180618,13:32,886.1,886.65,885.8,886.65,602
SUNTV,20180618,13:33,886,886.5,885.95,885.95,455
SUNTV,20180618,13:34,886.1,887,886.1,886.15,765
SUNTV,20180618,13:35,886.1,886.45,886,886.45,464
SUNTV,20180618,13:36,886.45,887,886.45,886.85,829
SUNTV,20180618,13:37,886.95,887,886.55,886.6,3016
SUNTV,20180618,13:38,886.65,887,886.55,886.7,334
SUNTV,20180618,13:39,886.85,887.15,886.7,886.7,1068
SUNTV,20180618,13:40,886.75,887.65,886.7,886.7,3451
SUNTV,20180618,13:41,886.35,887,886.15,887,1088
SUNTV,20180618,13:42,886.9,887.5,886.65,887.3,1115
SUNTV,20180618,13:43,887.3,887.9,887.2,887.6,1401
SUNTV,20180618,13:44,887.2,887.6,887,887,486
SUNTV,20180618,13:45,887,887,885.05,886.5,6963
SUNTV,20180618,13:46,886.4,890,886.4,889.8,20185
SUNTV,20180618,13:47,889.5,889.5,887.6,887.6,5224
SUNTV,20180618,13:48,887.1,887.25,885.45,885.45,2780
SUNTV,20180618,13:49,885.45,887.75,885.4,887.75,2394
SUNTV,20180618,13:50,887.75,888.25,887,887,3863
SUNTV,20180618,13:51,886.55,887.15,886.3,886.75,3481
SUNTV,20180618,13:52,886.7,888.5,886.65,888.2,2927
SUNTV,20180618,13:53,888.25,889.5,888.1,889.25,7328
SUNTV,20180618,13:54,889.2,889.35,886.95,887.95,8326
SUNTV,20180618,13:55,887.85,888.2,887.75,887.95,534
SUNTV,20180618,13:56,887.9,887.95,886.25,886.25,3654
SUNTV,20180618,13:57,886,886.4,885.6,885.85,1742
SUNTV,20180618,13:58,885.85,886.4,885.85,886.3,1454
SUNTV,20180618,13:59,886.4,886.45,885.4,885.45,2942
SUNTV,20180618,14:00,885.35,886.05,885.1,886.05,690
SUNTV,20180618,14:01,885.7,886.05,885.25,885.95,915
SUNTV,20180618,14:02,886.15,886.3,885.55,886.2,525
SUNTV,20180618,14:03,886.2,886.7,885.95,886.2,1522
SUNTV,20180618,14:04,886.3,886.7,886,886.7,408
SUNTV,20180618,14:05,886.35,886.55,886.1,886.3,525
SUNTV,20180618,14:06,886.2,887.55,886.2,887.35,912
SUNTV,20180618,14:07,887.4,887.9,886.9,886.9,1046
SUNTV,20180618,14:08,886.95,887.65,886.35,887.45,726
SUNTV,20180618,14:09,887.35,888.25,887.35,887.65,2482
SUNTV,20180618,14:10,887.55,887.9,887.05,887.9,1605
SUNTV,20180618,14:11,887.8,888.2,887.55,888,547
SUNTV,20180618,14:12,887.75,888,887.55,887.85,998
SUNTV,20180618,14:13,888,889.7,887.8,889.6,2574
SUNTV,20180618,14:14,889.6,889.85,887.65,888.25,2658
SUNTV,20180618,14:15,888.1,888.1,887.2,887.75,1021
SUNTV,20180618,14:16,887.35,887.75,887.1,887.65,640
SUNTV,20180618,14:17,887.65,888.8,887.65,887.85,4547
SUNTV,20180618,14:18,887.8,888.4,887.65,887.75,1598
SUNTV,20180618,14:19,887.75,887.95,887,887.6,548
SUNTV,20180618,14:20,887.6,887.6,887.2,887.6,1609
SUNTV,20180618,14:21,887.3,887.9,887.3,887.8,527
SUNTV,20180618,14:22,887.9,887.9,887.35,887.7,595
SUNTV,20180618,14:23,887.5,887.7,887.3,887.7,326
SUNTV,20180618,14:24,887.25,887.9,887.05,887.4,2530
SUNTV,20180618,14:25,887.4,887.55,886.7,886.7,632
SUNTV,20180618,14:26,886.7,887.25,886.7,887.1,359
SUNTV,20180618,14:27,886.9,887.1,886.1,886.5,2182
SUNTV,20180618,14:28,886.5,887.4,886.5,887.4,2781
SUNTV,20180618,14:29,887.4,887.4,885,885,12231
SUNTV,20180618,14:30,884.8,884.8,883,884.2,16325
SUNTV,20180618,14:31,884.2,886,884.2,885.55,3309
SUNTV,20180618,14:32,885.6,885.6,884.25,885.35,4321
SUNTV,20180618,14:33,885.4,886.65,884.8,886.65,5106
SUNTV,20180618,14:34,886.4,887.7,886.05,886.6,7790
SUNTV,20180618,14:35,886.05,887.5,886.05,886.35,890
SUNTV,20180618,14:36,886.1,887.2,886.1,887,533
SUNTV,20180618,14:37,886.9,888.2,886.7,888.2,2744
SUNTV,20180618,14:38,888,888,887,887,837
SUNTV,20180618,14:39,887,887,886,886.05,1291
SUNTV,20180618,14:40,885.5,886,885.5,886,920
SUNTV,20180618,14:41,886.1,886.9,885.65,886.6,672
SUNTV,20180618,14:42,886.25,886.8,886,886.1,1118
SUNTV,20180618,14:43,886.4,886.4,886,886.3,576
SUNTV,20180618,14:44,886.2,886.9,886.2,886.4,692
SUNTV,20180618,14:45,886.5,887.2,886.2,887.2,876
SUNTV,20180618,14:46,887,887.5,886.5,887.5,935
SUNTV,20180618,14:47,887.4,888,887,887,4174
SUNTV,20180618,14:48,887,887.35,886.6,886.6,1443
SUNTV,20180618,14:49,886.4,886.65,886,886.6,3170
SUNTV,20180618,14:50,886.55,886.9,885.5,886.8,3945
SUNTV,20180618,14:51,886.8,886.85,885.4,886.85,2755
SUNTV,20180618,14:52,885.3,886.05,885.3,885.8,1409
SUNTV,20180618,14:53,885.8,886.8,885.8,886.4,1060
SUNTV,20180618,14:54,886.4,886.8,886.15,886.4,756
SUNTV,20180618,14:55,886.4,887.4,886.25,887.4,3425
SUNTV,20180618,14:56,887.1,888,887,888,2430
SUNTV,20180618,14:57,887.45,888.15,886.95,887.1,2219
SUNTV,20180618,14:58,886.85,887.75,886.85,887.35,623
SUNTV,20180618,14:59,887.35,887.5,886.8,887.35,1804
SUNTV,20180618,15:00,887.35,887.35,887.05,887.05,934
SUNTV,20180618,15:01,887.15,887.35,886.8,887.05,1851
SUNTV,20180618,15:02,886.55,887,886.55,886.7,1953
SUNTV,20180618,15:03,886.65,886.75,886.5,886.5,5418
SUNTV,20180618,15:04,886.5,886.75,885.7,885.75,4414
SUNTV,20180618,15:05,885.75,885.8,885.2,885.2,3321
SUNTV,20180618,15:06,885.25,886,885.25,885.3,4565
SUNTV,20180618,15:07,885.25,886.7,885.25,885.75,3020
SUNTV,20180618,15:08,885.75,886,885.1,885.2,4013
SUNTV,20180618,15:09,885,885.7,885,885.4,2750
SUNTV,20180618,15:10,885.9,886.25,885.45,886.25,4607
SUNTV,20180618,15:11,886.1,886.7,885,885.2,8853
SUNTV,20180618,15:12,884.85,885.5,884.55,885.4,4009
SUNTV,20180618,15:13,885.05,885.35,884.1,884.4,5464
SUNTV,20180618,15:14,884.4,884.75,883.65,884.7,5009
SUNTV,20180618,15:15,884.3,884.3,883,883.8,4435
SUNTV,20180618,15:16,883.8,884.3,882.5,883.15,24293
SUNTV,20180618,15:17,883.15,883.15,881.1,881.7,33165
SUNTV,20180618,15:18,882,882.8,881.6,882.05,3903
SUNTV,20180618,15:19,882.1,883.6,882,882.5,9648
SUNTV,20180618,15:20,882.5,883.4,882.3,883.2,8685
SUNTV,20180618,15:21,883.15,883.2,880.5,881.4,18808
SUNTV,20180618,15:22,881.5,881.65,880.2,880.65,11128
SUNTV,20180618,15:23,881.15,881.2,880.05,880.6,4508
SUNTV,20180618,15:24,881.45,881.9,880.75,881.5,5498
SUNTV,20180618,15:25,881.8,882,881.2,882,3965
SUNTV,20180618,15:26,881.65,882.05,881.6,882,6273
SUNTV,20180618,15:27,882,882.05,881.5,881.5,3881
SUNTV,20180618,15:28,881.55,881.95,880.5,880.95,6325
SUNTV,20180618,15:29,880.5,881.45,880.5,880.8,3850
SUNTV,20180618,15:30,880.8,881.4,880,881,6349
SUNTV,20180618,15:31,881,881,881,881,4
SUNTV,20180618,15:32,883.05,883.05,883.05,883.05,1
SUNTV,20180618,15:41,883.05,883.05,883.05,883.05,62
SUNTV,20180618,15:42,883.05,883.05,883.05,883.05,25
SUNTV,20180618,15:43,883.05,883.05,881,881,40
SUNTV,20180618,15:56,883.05,883.05,883.05,883.05,30
SUNTV,20180618,16:37,883.05,883.05,883.05,883.05,1
