RELINFRA_F1,20180123,09:16,513,514.25,512.35,513.95,37700
RELINFRA_F1,20180123,09:17,512.45,513.85,512.45,512.5,55900
RELINFRA_F1,20180123,09:18,512.5,512.9,511.1,511.55,32500
RELINFRA_F1,20180123,09:19,512,512.85,512,512.65,44200
RELINFRA_F1,20180123,09:20,512.6,513.95,512.6,513.25,61100
RELINFRA_F1,20180123,09:21,513.5,513.5,512.7,513.3,22100
RELINFRA_F1,20180123,09:22,512.9,514.85,512.9,514.3,152100
RELINFRA_F1,20180123,09:23,514.45,514.65,514,514,28600
RELINFRA_F1,20180123,09:24,513.8,513.8,512.4,512.4,37700
RELINFRA_F1,20180123,09:25,512.5,513.7,511.6,512.05,57200
RELINFRA_F1,20180123,09:26,512,513.35,512,512,24700
RELINFRA_F1,20180123,09:27,512,512.65,510.1,510.75,50700
RELINFRA_F1,20180123,09:28,510.85,512.35,510.85,512.05,23400
RELINFRA_F1,20180123,09:29,512,512.3,511.9,512.3,19500
RELINFRA_F1,20180123,09:30,512.35,513,511.65,513,32500
RELINFRA_F1,20180123,09:31,512.7,513.65,512.5,513.65,23400
RELINFRA_F1,20180123,09:32,513.55,513.75,513.3,513.75,20800
RELINFRA_F1,20180123,09:33,513.75,514.7,513.5,514.6,58500
RELINFRA_F1,20180123,09:34,514.55,514.7,513.55,514.25,19500
RELINFRA_F1,20180123,09:35,514,514.4,513.85,514.35,16900
RELINFRA_F1,20180123,09:36,514.2,514.6,513.85,513.85,18200
RELINFRA_F1,20180123,09:37,513.75,513.9,513.45,513.45,11700
RELINFRA_F1,20180123,09:38,513.4,513.5,513.25,513.25,9100
RELINFRA_F1,20180123,09:39,513.5,513.5,512.8,513,23400
RELINFRA_F1,20180123,09:40,512.9,513.25,512.85,512.85,19500
RELINFRA_F1,20180123,09:41,513.05,513.05,512.45,512.45,16900
RELINFRA_F1,20180123,09:42,512.8,512.95,512.55,512.55,10400
RELINFRA_F1,20180123,09:43,512.75,513.25,512.2,513.25,26000
RELINFRA_F1,20180123,09:44,513.25,513.25,512.3,512.3,59800
RELINFRA_F1,20180123,09:45,512.45,512.6,512,512.25,19500
RELINFRA_F1,20180123,09:46,512.25,512.95,511.25,512.95,35100
RELINFRA_F1,20180123,09:47,512.65,513.25,512.65,513.25,7800
RELINFRA_F1,20180123,09:48,513.3,514.5,513.3,514.5,46800
RELINFRA_F1,20180123,09:49,514.25,514.4,513.75,514.4,23400
RELINFRA_F1,20180123,09:50,514.5,515.9,514.5,515.15,87100
RELINFRA_F1,20180123,09:51,514.75,515.6,514.75,515.35,40300
RELINFRA_F1,20180123,09:52,515.65,515.9,515.35,515.9,24700
RELINFRA_F1,20180123,09:53,515.8,516.9,515.5,516.5,45500
RELINFRA_F1,20180123,09:54,516.25,516.5,515.85,516.4,31200
RELINFRA_F1,20180123,09:55,516,516.7,515.9,516.25,28600
RELINFRA_F1,20180123,09:56,516.85,516.85,516,516.4,33800
RELINFRA_F1,20180123,09:57,516.4,516.4,515.8,515.8,13000
RELINFRA_F1,20180123,09:58,515.7,515.8,515.1,515.45,23400
RELINFRA_F1,20180123,09:59,515,515.5,515,515.5,26000
RELINFRA_F1,20180123,10:00,515.35,515.35,514.8,515.35,19500
RELINFRA_F1,20180123,10:01,515.4,515.45,515.1,515.45,10400
RELINFRA_F1,20180123,10:02,515.6,515.6,515.1,515.1,27300
RELINFRA_F1,20180123,10:03,515,515.8,514.95,515.4,29900
RELINFRA_F1,20180123,10:04,515.25,515.25,514.7,514.7,18200
RELINFRA_F1,20180123,10:05,515,515,514.6,514.7,15600
RELINFRA_F1,20180123,10:06,514.65,514.65,514.1,514.35,26000
RELINFRA_F1,20180123,10:07,514.25,514.85,514.25,514.55,11700
RELINFRA_F1,20180123,10:08,514.55,515,514.55,515,11700
RELINFRA_F1,20180123,10:09,515.2,515.4,515,515.35,32500
RELINFRA_F1,20180123,10:10,515.35,517.8,515.25,517.5,107900
RELINFRA_F1,20180123,10:11,517.95,521.1,517.5,520.3,319800
RELINFRA_F1,20180123,10:12,520.1,527.6,520.1,527.4,479700
RELINFRA_F1,20180123,10:13,527.35,527.6,525.25,526.3,280800
RELINFRA_F1,20180123,10:14,526.45,531.15,526.45,529.95,414700
RELINFRA_F1,20180123,10:15,530.2,530.8,528.65,529,243100
RELINFRA_F1,20180123,10:16,529,529.4,528.05,529,170300
RELINFRA_F1,20180123,10:17,529,530.65,528.75,530.65,171600
RELINFRA_F1,20180123,10:18,530.65,532.25,530,530.1,175500
RELINFRA_F1,20180123,10:19,530.1,530.1,528.5,528.6,80600
RELINFRA_F1,20180123,10:20,528.6,531.25,528.6,531.2,117000
RELINFRA_F1,20180123,10:21,531,531.85,529.85,530.2,158600
RELINFRA_F1,20180123,10:22,530.5,530.5,529.75,529.75,52000
RELINFRA_F1,20180123,10:23,529.65,531.15,529.2,530.45,45500
RELINFRA_F1,20180123,10:24,530.75,531.6,530.25,531.6,79300
RELINFRA_F1,20180123,10:25,531.7,531.8,529.75,529.75,62400
RELINFRA_F1,20180123,10:26,530,531.75,530,531.75,94900
RELINFRA_F1,20180123,10:27,531.35,533.85,531.25,533.05,265200
RELINFRA_F1,20180123,10:28,532.9,533.5,532.4,533.25,94900
RELINFRA_F1,20180123,10:29,532.75,533.05,531.1,531.45,98800
RELINFRA_F1,20180123,10:30,531.15,532.8,531.15,532.5,50700
RELINFRA_F1,20180123,10:31,532.2,532.45,531.55,531.55,41600
RELINFRA_F1,20180123,10:32,531.8,531.8,529.15,529.15,70200
RELINFRA_F1,20180123,10:33,529.15,530.35,529.15,530.35,57200
RELINFRA_F1,20180123,10:34,530.55,530.9,529.85,530,46800
RELINFRA_F1,20180123,10:35,529.6,530.15,529,529,50700
RELINFRA_F1,20180123,10:36,529,529.65,528.65,529.4,39000
RELINFRA_F1,20180123,10:37,529.1,529.15,528,528.4,52000
RELINFRA_F1,20180123,10:38,528.5,528.5,528.05,528.4,28600
RELINFRA_F1,20180123,10:39,528.2,528.5,528.1,528.25,28600
RELINFRA_F1,20180123,10:40,528.6,529.2,528.4,528.9,27300
RELINFRA_F1,20180123,10:41,528.5,528.65,528.05,528.3,24700
RELINFRA_F1,20180123,10:42,528.15,528.3,526.8,527,192400
RELINFRA_F1,20180123,10:43,527.2,527.5,526.1,527.5,67600
RELINFRA_F1,20180123,10:44,527.5,527.75,527.4,527.4,23400
RELINFRA_F1,20180123,10:45,527.5,527.75,527,527.45,36400
RELINFRA_F1,20180123,10:46,527.3,527.75,526.85,527.75,18200
RELINFRA_F1,20180123,10:47,527.85,528.5,527.45,527.45,28600
RELINFRA_F1,20180123,10:48,527.45,527.75,526.6,527,50700
RELINFRA_F1,20180123,10:49,527,528.05,527,527.7,31200
RELINFRA_F1,20180123,10:50,527.9,528,527.3,527.55,13000
RELINFRA_F1,20180123,10:51,527.1,527.45,527,527,20800
RELINFRA_F1,20180123,10:52,527.1,527.25,526.25,526.4,23400
RELINFRA_F1,20180123,10:53,526.7,527,526.2,527,37700
RELINFRA_F1,20180123,10:54,527,528,527,528,24700
RELINFRA_F1,20180123,10:55,527.55,527.65,527.3,527.55,9100
RELINFRA_F1,20180123,10:57,527.3,527.85,527.2,527.7,20800
RELINFRA_F1,20180123,10:58,527.5,527.5,527.2,527.2,3900
RELINFRA_F1,20180123,10:59,527.35,527.35,526.8,526.8,6500
RELINFRA_F1,20180123,11:00,526.95,527.25,526.9,527.25,24700
RELINFRA_F1,20180123,11:01,527.5,527.75,527.35,527.4,14300
RELINFRA_F1,20180123,11:02,527.4,527.65,527.1,527.6,18200
RELINFRA_F1,20180123,11:03,527.75,527.75,527.75,527.75,2600
RELINFRA_F1,20180123,11:04,527.75,527.95,527.35,527.6,28600
RELINFRA_F1,20180123,11:05,527.75,527.95,527.75,527.9,6500
RELINFRA_F1,20180123,11:06,528.5,529,528.5,528.55,49400
RELINFRA_F1,20180123,11:07,528.7,528.75,528.1,528.1,14300
RELINFRA_F1,20180123,11:08,527.85,528.1,527.15,527.75,14300
RELINFRA_F1,20180123,11:09,528.05,528.05,527.9,527.9,13000
RELINFRA_F1,20180123,11:10,527.4,527.4,526.55,526.55,19500
RELINFRA_F1,20180123,11:11,526.95,527.4,526.75,527.4,5200
RELINFRA_F1,20180123,11:12,527,527.25,526.75,527.1,16900
RELINFRA_F1,20180123,11:13,527,527,526.45,526.45,15600
RELINFRA_F1,20180123,11:14,526.45,527.5,526.45,527.3,15600
RELINFRA_F1,20180123,11:15,527.5,527.5,526.9,527.2,14300
RELINFRA_F1,20180123,11:16,527.55,527.65,526.9,527.35,13000
RELINFRA_F1,20180123,11:17,527.35,527.35,526.45,526.45,14300
RELINFRA_F1,20180123,11:18,526.5,526.8,526.45,526.6,41600
RELINFRA_F1,20180123,11:19,526.6,526.7,526.45,526.45,9100
RELINFRA_F1,20180123,11:20,527,527.05,527,527.05,2600
RELINFRA_F1,20180123,11:21,527.1,527.4,527,527.2,22100
RELINFRA_F1,20180123,11:22,527.05,527.6,526.85,526.85,11700
RELINFRA_F1,20180123,11:23,527.15,527.15,526.9,526.9,2600
RELINFRA_F1,20180123,11:24,526.8,526.9,526.8,526.85,14300
RELINFRA_F1,20180123,11:25,527.15,527.15,526.85,526.85,6500
RELINFRA_F1,20180123,11:26,526.75,526.75,526.55,526.75,6500
RELINFRA_F1,20180123,11:27,526.75,526.75,526.55,526.55,5200
RELINFRA_F1,20180123,11:28,526.6,526.6,526.15,526.4,19500
RELINFRA_F1,20180123,11:29,526.7,526.7,523.75,524.65,111800
RELINFRA_F1,20180123,11:30,524.95,525.3,524.8,524.8,29900
RELINFRA_F1,20180123,11:31,524.95,525.7,524.95,525.45,13000
RELINFRA_F1,20180123,11:32,525.1,525.25,525.1,525.25,3900
RELINFRA_F1,20180123,11:33,525.25,525.45,525.25,525.4,13000
RELINFRA_F1,20180123,11:34,525.5,525.8,525.4,525.8,10400
RELINFRA_F1,20180123,11:35,525.8,526.45,525.5,526.05,26000
RELINFRA_F1,20180123,11:36,526,526,525.3,525.6,22100
RELINFRA_F1,20180123,11:37,525.4,525.6,525.2,525.2,24700
RELINFRA_F1,20180123,11:38,525.2,525.7,524.55,525.1,41600
RELINFRA_F1,20180123,11:39,525.1,526,525,525.8,15600
RELINFRA_F1,20180123,11:40,525.55,526,525.3,525.3,3900
RELINFRA_F1,20180123,11:41,524.9,525.05,524.9,525.05,5200
RELINFRA_F1,20180123,11:42,524.6,524.8,524.5,524.5,9100
RELINFRA_F1,20180123,11:43,524.6,525.1,524.5,525.1,14300
RELINFRA_F1,20180123,11:44,524.85,524.85,524.85,524.85,14300
RELINFRA_F1,20180123,11:45,524.55,524.55,524,524.25,13000
RELINFRA_F1,20180123,11:46,524.3,524.45,523.8,523.8,35100
RELINFRA_F1,20180123,11:47,523.95,524.45,523.95,524,32500
RELINFRA_F1,20180123,11:48,523.8,524.1,523.3,523.45,33800
RELINFRA_F1,20180123,11:49,523.3,523.6,522.9,523.6,26000
RELINFRA_F1,20180123,11:50,523.5,523.75,522.95,523.5,41600
RELINFRA_F1,20180123,11:51,522.95,524.1,522.95,523.75,33800
RELINFRA_F1,20180123,11:52,523.85,524,523.65,524,9100
RELINFRA_F1,20180123,11:53,524,524.1,523.85,523.85,3900
RELINFRA_F1,20180123,11:54,523.85,524,523.5,523.6,11700
RELINFRA_F1,20180123,11:55,523.65,524.15,523.6,523.9,16900
RELINFRA_F1,20180123,11:56,524.2,524.2,523.75,524,10400
RELINFRA_F1,20180123,11:57,523.85,524.2,523.8,524,9100
RELINFRA_F1,20180123,11:58,524,524.25,523.9,523.9,20800
RELINFRA_F1,20180123,11:59,523.6,523.75,523.5,523.75,11700
RELINFRA_F1,20180123,12:00,523.65,524.4,523.3,524.4,10400
RELINFRA_F1,20180123,12:01,523.8,523.8,523.65,523.65,11700
RELINFRA_F1,20180123,12:02,523.35,523.75,523.35,523.55,9100
RELINFRA_F1,20180123,12:03,523.6,523.65,523.6,523.6,3900
RELINFRA_F1,20180123,12:04,523.6,523.9,523.4,523.9,7800
RELINFRA_F1,20180123,12:05,523.9,523.9,523.7,523.7,11700
RELINFRA_F1,20180123,12:06,524,524.3,523.75,524.05,14300
RELINFRA_F1,20180123,12:07,524,524,524,524,5200
RELINFRA_F1,20180123,12:08,523.9,524.25,523.9,524,6500
RELINFRA_F1,20180123,12:09,523.7,524,523.7,523.75,14300
RELINFRA_F1,20180123,12:10,523.75,524.05,523.75,524,11700
RELINFRA_F1,20180123,12:11,523.8,523.8,523.8,523.8,1300
RELINFRA_F1,20180123,12:12,524.05,524.05,523.7,524.05,35100
RELINFRA_F1,20180123,12:13,524.15,524.45,524,524.45,9100
RELINFRA_F1,20180123,12:14,524.3,524.5,524.15,524.5,14300
RELINFRA_F1,20180123,12:15,524.5,524.5,524,524,18200
RELINFRA_F1,20180123,12:16,524.65,525.1,524.4,524.4,44200
RELINFRA_F1,20180123,12:17,524.4,524.9,524.4,524.85,24700
RELINFRA_F1,20180123,12:18,524.6,524.6,524.2,524.4,15600
RELINFRA_F1,20180123,12:19,524.85,524.95,524.5,524.5,15600
RELINFRA_F1,20180123,12:20,524.55,524.7,524.4,524.7,11700
RELINFRA_F1,20180123,12:21,525,525,523.05,523.05,58500
RELINFRA_F1,20180123,12:22,523.05,523.1,522.2,522.4,55900
RELINFRA_F1,20180123,12:23,522.45,522.65,521.8,521.8,13000
RELINFRA_F1,20180123,12:24,522.15,522.8,521.7,522.8,14300
RELINFRA_F1,20180123,12:25,522.8,523,522.15,522.7,18200
RELINFRA_F1,20180123,12:26,522.7,522.95,522.65,522.75,16900
RELINFRA_F1,20180123,12:27,522.4,523,522.4,522.7,27300
RELINFRA_F1,20180123,12:28,522.95,523.25,522.7,523,13000
RELINFRA_F1,20180123,12:29,522.65,523.1,522.65,522.9,7800
RELINFRA_F1,20180123,12:30,522.65,522.9,522.15,522.35,40300
RELINFRA_F1,20180123,12:31,522.3,522.3,521.5,522,28600
RELINFRA_F1,20180123,12:32,522.1,522.35,521.75,522,41600
RELINFRA_F1,20180123,12:33,522,523,521.45,523,35100
RELINFRA_F1,20180123,12:34,522.5,522.7,521.25,521.85,80600
RELINFRA_F1,20180123,12:35,521.6,522.5,521.6,522.1,65000
RELINFRA_F1,20180123,12:36,522.15,522.5,521.6,522.3,33800
RELINFRA_F1,20180123,12:37,522,522.45,522,522.45,49400
RELINFRA_F1,20180123,12:38,522.45,522.8,522,522,9100
RELINFRA_F1,20180123,12:39,521.9,522.3,521.9,522.3,7800
RELINFRA_F1,20180123,12:40,522.2,522.5,522.2,522.5,5200
RELINFRA_F1,20180123,12:41,522.05,522.45,521.95,521.95,6500
RELINFRA_F1,20180123,12:42,522.05,522.05,521.65,521.85,5200
RELINFRA_F1,20180123,12:43,522,522.5,522,522.05,13000
RELINFRA_F1,20180123,12:44,522.1,522.1,521.65,521.9,29900
RELINFRA_F1,20180123,12:45,521.65,521.75,521.35,521.75,9100
RELINFRA_F1,20180123,12:46,521.4,521.55,521.05,521.4,24700
RELINFRA_F1,20180123,12:47,520.25,520.5,519.8,520,67600
RELINFRA_F1,20180123,12:48,520.35,520.35,519,519,50700
RELINFRA_F1,20180123,12:49,518.95,519.55,518.75,519.25,52000
RELINFRA_F1,20180123,12:50,518.9,519.7,518.9,519.3,15600
RELINFRA_F1,20180123,12:51,519.35,519.35,518.9,519,22100
RELINFRA_F1,20180123,12:52,519,519,517.6,518.1,41600
RELINFRA_F1,20180123,12:53,517.95,518.25,517.4,517.95,40300
RELINFRA_F1,20180123,12:54,518.25,518.7,517.95,518.45,24700
RELINFRA_F1,20180123,12:55,518.35,518.7,518.3,518.7,19500
RELINFRA_F1,20180123,12:56,518.5,518.7,518.5,518.6,10400
RELINFRA_F1,20180123,12:57,518.7,518.7,517.7,517.7,14300
RELINFRA_F1,20180123,12:58,517.8,518.1,517.7,518,26000
RELINFRA_F1,20180123,12:59,517.95,518.35,517.4,517.4,14300
RELINFRA_F1,20180123,13:00,517.15,517.65,516.45,516.7,55900
RELINFRA_F1,20180123,13:01,516.8,516.8,515.95,516.5,50700
RELINFRA_F1,20180123,13:02,516.8,517.3,516.8,517.05,23400
RELINFRA_F1,20180123,13:03,517.5,517.9,517.5,517.65,15600
RELINFRA_F1,20180123,13:04,517.3,517.6,517.2,517.3,20800
RELINFRA_F1,20180123,13:05,517.35,517.6,517.1,517.55,9100
RELINFRA_F1,20180123,13:06,517.65,518.7,517.65,518.05,24700
RELINFRA_F1,20180123,13:07,518.25,519.6,518.25,519.6,24700
RELINFRA_F1,20180123,13:08,518.8,519.2,518.2,518.4,28600
RELINFRA_F1,20180123,13:09,518.55,518.55,518.2,518.2,2600
RELINFRA_F1,20180123,13:10,518.2,518.2,517.25,517.5,24700
RELINFRA_F1,20180123,13:11,518.05,518.05,517,517.5,29900
RELINFRA_F1,20180123,13:12,517.5,517.5,517,517.1,19500
RELINFRA_F1,20180123,13:13,516.85,517.05,516.75,517.05,10400
RELINFRA_F1,20180123,13:14,517.25,517.25,516.75,517.05,18200
RELINFRA_F1,20180123,13:15,517.1,517.65,517.1,517.65,5200
RELINFRA_F1,20180123,13:16,517.4,517.65,516.7,517.2,50700
RELINFRA_F1,20180123,13:17,517.6,517.85,517.25,517.85,123500
RELINFRA_F1,20180123,13:18,517.55,518.3,517.3,518.3,65000
RELINFRA_F1,20180123,13:19,518.55,518.55,517.75,517.75,70200
RELINFRA_F1,20180123,13:20,517.7,517.9,517.45,517.9,102700
RELINFRA_F1,20180123,13:21,517.55,518,517.55,517.8,39000
RELINFRA_F1,20180123,13:22,518,518.3,518,518.3,11700
RELINFRA_F1,20180123,13:23,518.15,519.15,518.15,518.45,28600
RELINFRA_F1,20180123,13:24,518.45,518.8,518.35,518.6,16900
RELINFRA_F1,20180123,13:25,518.6,519,518.6,518.6,31200
RELINFRA_F1,20180123,13:26,518.7,519.1,518.7,519,24700
RELINFRA_F1,20180123,13:27,518.8,519.3,518.7,519.3,27300
RELINFRA_F1,20180123,13:28,519,519.35,519,519.35,14300
RELINFRA_F1,20180123,13:29,519.35,519.45,519.25,519.35,11700
RELINFRA_F1,20180123,13:30,519.35,519.7,518.95,519.7,80600
RELINFRA_F1,20180123,13:31,519.35,520,519.25,519.45,93600
RELINFRA_F1,20180123,13:32,519.45,519.95,519.05,519.8,48100
RELINFRA_F1,20180123,13:33,519.65,519.65,519.15,519.3,54600
RELINFRA_F1,20180123,13:34,519.25,519.55,518.35,519,70200
RELINFRA_F1,20180123,13:35,519.25,519.45,519.05,519.1,53300
RELINFRA_F1,20180123,13:36,519.05,519.55,518.75,519.1,88400
RELINFRA_F1,20180123,13:37,519.05,519.4,518.3,518.8,61100
RELINFRA_F1,20180123,13:38,518.8,518.8,517.6,517.6,26000
RELINFRA_F1,20180123,13:39,517.6,518.8,517.6,518.15,13000
RELINFRA_F1,20180123,13:40,518,518.6,517.65,518.4,14300
RELINFRA_F1,20180123,13:41,518,518.25,517.8,517.8,6500
RELINFRA_F1,20180123,13:42,517.55,517.55,516.15,516.15,126100
RELINFRA_F1,20180123,13:43,516.45,517.2,516.3,517.2,11700
RELINFRA_F1,20180123,13:44,517.4,517.6,517.4,517.6,20800
RELINFRA_F1,20180123,13:45,517.45,517.45,516.95,517,37700
RELINFRA_F1,20180123,13:46,517.05,517.2,516.25,516.25,16900
RELINFRA_F1,20180123,13:47,516.75,516.75,516.25,516.3,11700
RELINFRA_F1,20180123,13:48,516.7,517.15,516.7,516.9,11700
RELINFRA_F1,20180123,13:49,517.15,517.45,516.95,517.45,9100
RELINFRA_F1,20180123,13:50,517.2,517.3,517.2,517.25,6500
RELINFRA_F1,20180123,13:51,516.95,517.7,516.95,517.7,11700
RELINFRA_F1,20180123,13:52,517,517.85,516.85,517.85,9100
RELINFRA_F1,20180123,13:53,517.6,517.7,517.4,517.7,7800
RELINFRA_F1,20180123,13:54,517,517.4,517,517.4,6500
RELINFRA_F1,20180123,13:55,517.35,517.35,517.35,517.35,2600
RELINFRA_F1,20180123,13:56,517.25,517.25,517.1,517.1,3900
RELINFRA_F1,20180123,13:57,517,517.4,517,517.4,5200
RELINFRA_F1,20180123,13:58,517.1,517.5,517.1,517.5,19500
RELINFRA_F1,20180123,13:59,517.9,518,517.9,518,5200
RELINFRA_F1,20180123,14:00,518,518.4,518,518.35,10400
RELINFRA_F1,20180123,14:01,518.25,518.25,518.25,518.25,28600
RELINFRA_F1,20180123,14:02,518.7,518.9,518.7,518.7,9100
RELINFRA_F1,20180123,14:03,518.5,518.65,518.4,518.65,7800
RELINFRA_F1,20180123,14:04,518.7,518.95,518.7,518.95,3900
RELINFRA_F1,20180123,14:05,518.65,518.9,518.5,518.9,9100
RELINFRA_F1,20180123,14:06,518.65,519.9,518.65,519.9,26000
RELINFRA_F1,20180123,14:07,520.45,520.45,519.95,520.1,23400
RELINFRA_F1,20180123,14:08,520.15,520.15,519.5,520.05,13000
RELINFRA_F1,20180123,14:09,519.8,519.95,519.6,519.95,10400
RELINFRA_F1,20180123,14:10,519.5,519.85,519.4,519.4,9100
RELINFRA_F1,20180123,14:11,519.6,519.7,519.45,519.45,6500
RELINFRA_F1,20180123,14:12,519.7,519.7,519.35,519.35,7800
RELINFRA_F1,20180123,14:13,519.6,520,519.6,519.75,15600
RELINFRA_F1,20180123,14:14,519.8,519.8,519.3,519.35,5200
RELINFRA_F1,20180123,14:15,518.95,518.95,517.75,517.75,15600
RELINFRA_F1,20180123,14:16,518.05,518.7,518.05,518.35,5200
RELINFRA_F1,20180123,14:17,518.1,518.25,517.9,518,6500
RELINFRA_F1,20180123,14:18,517.9,518.15,517.9,518.15,6500
RELINFRA_F1,20180123,14:19,518.15,518.5,517.8,518.5,9100
RELINFRA_F1,20180123,14:20,518.15,518.15,516.25,517.85,45500
RELINFRA_F1,20180123,14:21,517.7,517.7,516.9,516.9,18200
RELINFRA_F1,20180123,14:22,516.9,518.15,516.9,518.15,32500
RELINFRA_F1,20180123,14:23,517.55,518.05,517.55,517.6,13000
RELINFRA_F1,20180123,14:24,517.65,517.85,517.5,517.65,16900
RELINFRA_F1,20180123,14:25,517.75,517.75,517.75,517.75,2600
RELINFRA_F1,20180123,14:26,517.75,518.15,517.75,518.15,16900
RELINFRA_F1,20180123,14:27,517.9,518.35,517.9,518.35,13000
RELINFRA_F1,20180123,14:28,518.35,518.55,517.8,517.8,16900
RELINFRA_F1,20180123,14:29,517.8,518.1,517.8,517.8,10400
RELINFRA_F1,20180123,14:30,517.5,517.5,517,517.5,9100
RELINFRA_F1,20180123,14:31,517.8,518.15,517.8,518.15,10400
RELINFRA_F1,20180123,14:32,518,519.55,518,519.2,49400
RELINFRA_F1,20180123,14:33,519,519.45,519,519.35,15600
RELINFRA_F1,20180123,14:34,519,519.3,519,519,6500
RELINFRA_F1,20180123,14:35,519.2,519.2,518.75,518.75,5200
RELINFRA_F1,20180123,14:36,518.45,518.9,518.45,518.9,6500
RELINFRA_F1,20180123,14:37,518.9,518.9,518.9,518.9,6500
RELINFRA_F1,20180123,14:38,518.4,518.4,518.4,518.4,5200
RELINFRA_F1,20180123,14:39,518.4,518.9,518.4,518.9,3900
RELINFRA_F1,20180123,14:40,518.45,518.45,518.45,518.45,1300
RELINFRA_F1,20180123,14:41,518.6,518.6,518.6,518.6,1300
RELINFRA_F1,20180123,14:42,518.5,519,518.5,519,31200
RELINFRA_F1,20180123,14:43,519.3,519.3,519.3,519.3,6500
RELINFRA_F1,20180123,14:44,519.3,519.3,519.1,519.1,2600
RELINFRA_F1,20180123,14:45,519.1,519.1,518.85,519,10400
RELINFRA_F1,20180123,14:46,519.3,519.3,519.3,519.3,5200
RELINFRA_F1,20180123,14:47,519.4,519.6,519.4,519.6,11700
RELINFRA_F1,20180123,14:48,519.6,519.6,519.3,519.3,2600
RELINFRA_F1,20180123,14:49,518.95,518.95,518.6,518.6,3900
RELINFRA_F1,20180123,14:50,519.1,519.1,518.5,518.5,15600
RELINFRA_F1,20180123,14:51,518.35,519,518.25,519,5200
RELINFRA_F1,20180123,14:52,518.75,518.95,518.75,518.95,2600
RELINFRA_F1,20180123,14:53,518.45,518.75,518.45,518.75,7800
RELINFRA_F1,20180123,14:54,518.75,518.75,518.65,518.65,3900
RELINFRA_F1,20180123,14:55,518.6,518.75,518.6,518.65,5200
RELINFRA_F1,20180123,14:56,518.7,518.9,518.3,518.3,3900
RELINFRA_F1,20180123,14:57,518,518.2,518,518.2,23400
RELINFRA_F1,20180123,14:58,518.25,518.3,518,518.3,6500
RELINFRA_F1,20180123,14:59,518.2,518.2,518.05,518.05,2600
RELINFRA_F1,20180123,15:00,518.2,518.2,517.85,518.2,16900
RELINFRA_F1,20180123,15:01,518.2,518.85,518.15,518.55,19500
RELINFRA_F1,20180123,15:02,518.8,518.95,518.8,518.95,6500
RELINFRA_F1,20180123,15:03,519.2,519.4,518.35,518.35,19500
RELINFRA_F1,20180123,15:04,518.75,518.75,518.75,518.75,1300
RELINFRA_F1,20180123,15:05,518.9,519.1,518.75,518.75,19500
RELINFRA_F1,20180123,15:06,518.5,518.5,518.5,518.5,1300
RELINFRA_F1,20180123,15:07,518.5,518.5,518.25,518.25,9100
RELINFRA_F1,20180123,15:08,518,518.25,517.05,517.05,48100
RELINFRA_F1,20180123,15:09,517.05,517.85,517.05,517.85,6500
RELINFRA_F1,20180123,15:10,517.85,518.1,517.4,518,18200
RELINFRA_F1,20180123,15:11,518.05,518.15,517.6,518,15600
RELINFRA_F1,20180123,15:12,517.75,518.2,517.65,518.2,9100
RELINFRA_F1,20180123,15:13,518.35,518.35,518,518,16900
RELINFRA_F1,20180123,15:14,518.05,518.2,517.25,517.85,27300
RELINFRA_F1,20180123,15:15,517.85,518.05,517.6,518.05,13000
RELINFRA_F1,20180123,15:16,518,518,516.7,516.8,61100
RELINFRA_F1,20180123,15:17,516.85,518,516.85,517.65,39000
RELINFRA_F1,20180123,15:18,517.45,517.55,516.95,517.55,24700
RELINFRA_F1,20180123,15:19,517.65,517.65,517.35,517.55,16900
RELINFRA_F1,20180123,15:20,517.95,518.25,517.6,517.6,29900
RELINFRA_F1,20180123,15:21,517.5,517.95,517.05,517.95,52000
RELINFRA_F1,20180123,15:22,517.8,518.4,517.4,517.9,36400
RELINFRA_F1,20180123,15:23,517.9,518.25,517.55,518.1,52000
RELINFRA_F1,20180123,15:24,518.1,518.4,518.1,518.4,14300
RELINFRA_F1,20180123,15:25,518.4,518.5,518,518,16900
RELINFRA_F1,20180123,15:26,518.2,518.35,517.55,517.75,45500
RELINFRA_F1,20180123,15:27,517.55,518.25,517.5,518.05,33800
RELINFRA_F1,20180123,15:28,518.1,518.1,517.5,517.5,41600
RELINFRA_F1,20180123,15:29,517.75,518,517.75,517.8,40300
RELINFRA_F1,20180123,15:30,517.8,518.6,517.8,518.5,26000
RELINFRA_F1,20180123,15:31,518.5,518.5,518.5,518.5,1300
RELINFRA_F1,20180123,16:36,517.9,517.9,517.9,517.9,1
