HEROMOTOCO,20180102,09:08,3781,3781,3781,3781,263
HEROMOTOCO,20180102,09:16,3781,3784.35,3770.05,3779.35,2362
HEROMOTOCO,20180102,09:17,3778.8,3780.95,3775.95,3778.95,1377
HEROMOTOCO,20180102,09:18,3779.15,3779.85,3773.6,3775.5,1818
HEROMOTOCO,20180102,09:19,3775.5,3783,3774,3782.3,2309
HEROMOTOCO,20180102,09:20,3781.85,3782.95,3776.55,3782.25,2540
HEROMOTOCO,20180102,09:21,3782.2,3783,3778.05,3780.45,2435
HEROMOTOCO,20180102,09:22,3780.05,3783.6,3775.05,3778.05,2984
HEROMOTOCO,20180102,09:23,3778.5,3780.4,3776.9,3778.4,938
HEROMOTOCO,20180102,09:24,3778.4,3781.85,3776.9,3777,710
HEROMOTOCO,20180102,09:25,3770.55,3775.65,3770.55,3775,1249
HEROMOTOCO,20180102,09:26,3774,3779.5,3774,3776,441
HEROMOTOCO,20180102,09:27,3776,3776.95,3773.1,3776.4,253
HEROMOTOCO,20180102,09:28,3776.9,3776.9,3762,3770.9,2727
HEROMOTOCO,20180102,09:29,3770.1,3777.45,3770,3776.95,752
HEROMOTOCO,20180102,09:30,3776,3779.55,3776,3779,888
HEROMOTOCO,20180102,09:31,3780,3780.3,3776.3,3776.55,577
HEROMOTOCO,20180102,09:32,3778,3779,3776.65,3779,228
HEROMOTOCO,20180102,09:33,3778,3778.9,3777.7,3778.85,196
HEROMOTOCO,20180102,09:34,3777.6,3778.9,3771.25,3773.6,1343
HEROMOTOCO,20180102,09:35,3773.9,3775.25,3768.85,3770.45,498
HEROMOTOCO,20180102,09:36,3770.45,3772.45,3769.15,3772.45,301
HEROMOTOCO,20180102,09:37,3770.45,3770.45,3762.1,3769.4,1180
HEROMOTOCO,20180102,09:38,3769.35,3773.85,3765.05,3769.3,811
HEROMOTOCO,20180102,09:39,3769.45,3769.45,3763.85,3764.45,472
HEROMOTOCO,20180102,09:40,3763,3764.05,3753,3755.65,3456
HEROMOTOCO,20180102,09:41,3755,3756.95,3743.45,3748.75,2921
HEROMOTOCO,20180102,09:42,3749.05,3752.5,3745.5,3749.85,805
HEROMOTOCO,20180102,09:43,3751.85,3753.95,3750.6,3751.9,457
HEROMOTOCO,20180102,09:44,3752.9,3754.95,3751.75,3753.95,943
HEROMOTOCO,20180102,09:45,3753.95,3756.35,3753.95,3754,498
HEROMOTOCO,20180102,09:46,3754.75,3758.85,3754.75,3758,153
HEROMOTOCO,20180102,09:47,3758,3758.45,3752.9,3754.2,673
HEROMOTOCO,20180102,09:48,3754.45,3755.8,3752.05,3754,453
HEROMOTOCO,20180102,09:49,3754,3754,3748.85,3748.85,592
HEROMOTOCO,20180102,09:50,3748.1,3750,3748.05,3748.05,361
HEROMOTOCO,20180102,09:51,3748.9,3754.9,3748.9,3754.9,921
HEROMOTOCO,20180102,09:52,3754,3754,3750.15,3751.4,126
HEROMOTOCO,20180102,09:53,3751.3,3753.7,3751.3,3753.5,325
HEROMOTOCO,20180102,09:54,3753.5,3756.45,3753.5,3754,687
HEROMOTOCO,20180102,09:55,3754,3755.5,3751.5,3753.1,673
HEROMOTOCO,20180102,09:56,3751.6,3753.6,3751.1,3753.6,142
HEROMOTOCO,20180102,09:57,3753.65,3753.65,3750.05,3751.3,261
HEROMOTOCO,20180102,09:58,3750.05,3751.25,3750,3751,226
HEROMOTOCO,20180102,09:59,3749.85,3752.4,3749,3752.3,219
HEROMOTOCO,20180102,10:00,3752.95,3755.5,3750.5,3751.7,592
HEROMOTOCO,20180102,10:01,3750.5,3750.95,3749.8,3750.8,132
HEROMOTOCO,20180102,10:02,3749.8,3749.8,3743.2,3747.85,1968
HEROMOTOCO,20180102,10:03,3745.8,3748.9,3744.55,3748.55,376
HEROMOTOCO,20180102,10:04,3748.75,3748.75,3745.7,3745.7,164
HEROMOTOCO,20180102,10:05,3745.5,3745.5,3743.2,3743.2,342
HEROMOTOCO,20180102,10:06,3745.1,3745.1,3736.05,3738.65,2003
HEROMOTOCO,20180102,10:07,3738.65,3742,3736,3742,661
HEROMOTOCO,20180102,10:08,3743,3743.25,3742,3743,103
HEROMOTOCO,20180102,10:09,3743,3743,3742,3742.35,683
HEROMOTOCO,20180102,10:10,3742.35,3743,3740,3741.6,270
HEROMOTOCO,20180102,10:11,3741.6,3745.95,3741.6,3743.1,225
HEROMOTOCO,20180102,10:12,3743.9,3745,3743.25,3744.95,101
HEROMOTOCO,20180102,10:13,3744.7,3749,3743.5,3748.7,347
HEROMOTOCO,20180102,10:14,3748.5,3750.9,3748.5,3750.9,150
HEROMOTOCO,20180102,10:15,3750,3752,3749.95,3751.05,368
HEROMOTOCO,20180102,10:16,3751.3,3752.45,3750,3750,154
HEROMOTOCO,20180102,10:17,3749.6,3749.95,3748,3749.5,321
HEROMOTOCO,20180102,10:18,3749.5,3749.5,3746.2,3748.1,142
HEROMOTOCO,20180102,10:19,3746.65,3748.5,3746.65,3748,123
HEROMOTOCO,20180102,10:20,3748,3748,3746.65,3748,53
HEROMOTOCO,20180102,10:21,3748,3748,3747.85,3747.85,26
HEROMOTOCO,20180102,10:22,3747.85,3748,3746.05,3748,218
HEROMOTOCO,20180102,10:23,3750.05,3750.95,3750,3750.1,670
HEROMOTOCO,20180102,10:24,3750,3750,3749.85,3749.85,17
HEROMOTOCO,20180102,10:25,3749,3752,3749,3750.55,250
HEROMOTOCO,20180102,10:26,3751.8,3751.8,3747.5,3749.95,300
HEROMOTOCO,20180102,10:27,3750,3751.7,3750,3751.7,54
HEROMOTOCO,20180102,10:28,3750.75,3750.75,3750.35,3750.75,60
HEROMOTOCO,20180102,10:29,3750.75,3750.75,3749.95,3749.95,30
HEROMOTOCO,20180102,10:30,3750.45,3751.05,3750.45,3751.05,209
HEROMOTOCO,20180102,10:31,3751.05,3751.6,3747.45,3748.35,125
HEROMOTOCO,20180102,10:32,3748.35,3750.8,3746.6,3750.8,114
HEROMOTOCO,20180102,10:33,3751,3756.85,3751,3756.85,384
HEROMOTOCO,20180102,10:34,3756.85,3759,3753.6,3758.4,299
HEROMOTOCO,20180102,10:35,3758.15,3758.15,3753.6,3756.95,180
HEROMOTOCO,20180102,10:36,3758.6,3758.6,3756.2,3756.2,178
HEROMOTOCO,20180102,10:37,3756.2,3756.2,3752.65,3752.65,93
HEROMOTOCO,20180102,10:38,3751.55,3752.65,3751.05,3752.65,85
HEROMOTOCO,20180102,10:39,3751.2,3751.2,3750,3750.95,167
HEROMOTOCO,20180102,10:40,3751,3751.75,3751,3751.05,65
HEROMOTOCO,20180102,10:41,3751.05,3755.5,3751,3754.9,167
HEROMOTOCO,20180102,10:42,3754.05,3754.05,3751.1,3751.95,183
HEROMOTOCO,20180102,10:43,3751.95,3751.95,3747.95,3750.5,337
HEROMOTOCO,20180102,10:44,3750,3750,3747.6,3748.8,19
HEROMOTOCO,20180102,10:45,3747.6,3750.95,3747,3750.95,179
HEROMOTOCO,20180102,10:46,3750.1,3750.1,3749.75,3749.75,19
HEROMOTOCO,20180102,10:47,3749.55,3749.55,3748.1,3749.55,18
HEROMOTOCO,20180102,10:48,3750.05,3750.05,3747,3747.45,196
HEROMOTOCO,20180102,10:49,3743.4,3751,3743.05,3749.95,565
HEROMOTOCO,20180102,10:50,3748.05,3749.95,3747.9,3748.95,132
HEROMOTOCO,20180102,10:51,3747.8,3748.75,3745.45,3747.6,792
HEROMOTOCO,20180102,10:52,3748.75,3749.75,3747.5,3747.65,76
HEROMOTOCO,20180102,10:53,3747.65,3748.65,3745.7,3747.1,124
HEROMOTOCO,20180102,10:54,3747.1,3748.95,3747.1,3747.65,264
HEROMOTOCO,20180102,10:55,3746.4,3747.2,3743,3746.35,277
HEROMOTOCO,20180102,10:56,3746.4,3751,3746.4,3750.95,54
HEROMOTOCO,20180102,10:57,3750.05,3750.05,3748.4,3748.4,47
HEROMOTOCO,20180102,10:58,3748.4,3748.4,3747,3748.3,99
HEROMOTOCO,20180102,10:59,3748.3,3748.3,3747,3747,5
HEROMOTOCO,20180102,11:00,3748.95,3751,3748.95,3751,312
HEROMOTOCO,20180102,11:01,3750,3750,3748,3748.85,212
HEROMOTOCO,20180102,11:02,3747.05,3750,3747.05,3750,155
HEROMOTOCO,20180102,11:03,3748.85,3749.85,3748.85,3749.75,51
HEROMOTOCO,20180102,11:04,3749.75,3750,3749.65,3750,53
HEROMOTOCO,20180102,11:05,3750,3753.9,3750,3753.75,545
HEROMOTOCO,20180102,11:06,3753.95,3753.95,3748,3749.8,271
HEROMOTOCO,20180102,11:07,3747,3749.25,3747,3748.15,459
HEROMOTOCO,20180102,11:08,3748.15,3749.95,3748.15,3749.95,230
HEROMOTOCO,20180102,11:09,3748.7,3749.95,3747,3747.3,138
HEROMOTOCO,20180102,11:10,3747.9,3749.2,3747.05,3747.05,169
HEROMOTOCO,20180102,11:11,3747.05,3748.8,3746.05,3747.75,580
HEROMOTOCO,20180102,11:12,3747.75,3752,3747.75,3749.6,156
HEROMOTOCO,20180102,11:13,3748.5,3748.5,3747.05,3748.2,68
HEROMOTOCO,20180102,11:14,3748.2,3748.2,3745.25,3747.95,602
HEROMOTOCO,20180102,11:15,3748.95,3748.95,3744.15,3744.15,83
HEROMOTOCO,20180102,11:16,3744.15,3744.95,3743.5,3744.65,23
HEROMOTOCO,20180102,11:17,3744.65,3748.9,3744,3745.8,129
HEROMOTOCO,20180102,11:18,3745.8,3745.8,3744.1,3745,87
HEROMOTOCO,20180102,11:19,3745,3745.65,3744.65,3745.3,46
HEROMOTOCO,20180102,11:20,3745.3,3745.6,3745.3,3745.55,54
HEROMOTOCO,20180102,11:21,3745.55,3745.6,3745,3745.6,97
HEROMOTOCO,20180102,11:22,3745,3749.95,3745,3749.95,203
HEROMOTOCO,20180102,11:23,3748,3749.95,3748,3749.4,7
HEROMOTOCO,20180102,11:24,3747.7,3749.4,3747.7,3749.35,188
HEROMOTOCO,20180102,11:25,3749.45,3749.45,3747.75,3747.8,149
HEROMOTOCO,20180102,11:26,3747.25,3748.15,3747,3748.1,145
HEROMOTOCO,20180102,11:27,3748.1,3750.95,3747.15,3750.95,1032
HEROMOTOCO,20180102,11:28,3750.95,3751.5,3748.55,3751,355
HEROMOTOCO,20180102,11:29,3750.95,3750.95,3750.05,3750.1,76
HEROMOTOCO,20180102,11:30,3750.95,3751,3750.1,3751,63
HEROMOTOCO,20180102,11:31,3750.05,3751,3750.05,3750.05,87
HEROMOTOCO,20180102,11:32,3750.05,3750.95,3750.05,3750.95,106
HEROMOTOCO,20180102,11:33,3750.05,3750.15,3750,3750,176
HEROMOTOCO,20180102,11:34,3750,3750.15,3749,3749.25,177
HEROMOTOCO,20180102,11:35,3749.25,3749.25,3747.05,3748.75,17
HEROMOTOCO,20180102,11:36,3748.75,3749.6,3748,3749.6,68
HEROMOTOCO,20180102,11:37,3749.6,3750.95,3749.6,3750.95,156
HEROMOTOCO,20180102,11:38,3749.6,3750.95,3749.6,3750.95,139
HEROMOTOCO,20180102,11:39,3750.95,3750.95,3747.85,3748.35,281
HEROMOTOCO,20180102,11:40,3746.5,3748.05,3745.5,3746.65,93
HEROMOTOCO,20180102,11:41,3748.75,3748.75,3746,3746,175
HEROMOTOCO,20180102,11:42,3747.4,3748.2,3745,3747.95,180
HEROMOTOCO,20180102,11:43,3746.15,3749.45,3746.15,3748.35,129
HEROMOTOCO,20180102,11:44,3748.35,3750,3747.65,3748.8,125
HEROMOTOCO,20180102,11:45,3748.8,3750,3748.45,3749.5,261
HEROMOTOCO,20180102,11:46,3749.95,3750.55,3749,3749.9,72
HEROMOTOCO,20180102,11:47,3750,3750,3748.3,3748.45,134
HEROMOTOCO,20180102,11:48,3748.45,3748.45,3747,3748.45,101
HEROMOTOCO,20180102,11:49,3747.6,3748.5,3747.2,3748.5,43
HEROMOTOCO,20180102,11:50,3747.25,3748.95,3747.2,3747.3,150
HEROMOTOCO,20180102,11:51,3747.3,3747.45,3746.55,3747.45,165
HEROMOTOCO,20180102,11:52,3747.7,3749.25,3747.25,3747.95,103
HEROMOTOCO,20180102,11:53,3747.1,3748.45,3747.1,3748.45,110
HEROMOTOCO,20180102,11:54,3747.1,3748.6,3747.1,3748.6,30
HEROMOTOCO,20180102,11:55,3747.2,3748.65,3746.1,3747.9,156
HEROMOTOCO,20180102,11:56,3747.15,3747.9,3747.15,3747.9,43
HEROMOTOCO,20180102,11:57,3747.2,3748.5,3747.1,3747.15,180
HEROMOTOCO,20180102,11:58,3747.7,3748.45,3747.1,3748.45,86
HEROMOTOCO,20180102,11:59,3748.45,3749.85,3746,3747.95,464
HEROMOTOCO,20180102,12:00,3746.2,3747.9,3746.2,3747.8,22
HEROMOTOCO,20180102,12:01,3744.85,3746,3744.55,3746,601
HEROMOTOCO,20180102,12:02,3746,3746,3743.5,3745.45,538
HEROMOTOCO,20180102,12:03,3745.45,3751,3744.5,3751,313
HEROMOTOCO,20180102,12:04,3751,3751,3747.4,3747.65,337
HEROMOTOCO,20180102,12:05,3747.75,3747.75,3745.6,3747.65,85
HEROMOTOCO,20180102,12:06,3747.65,3750,3747.65,3750,53
HEROMOTOCO,20180102,12:07,3750,3750.3,3747.15,3748.25,221
HEROMOTOCO,20180102,12:08,3748.25,3749.55,3748.25,3748.75,97
HEROMOTOCO,20180102,12:09,3748.75,3750.6,3748.75,3750,183
HEROMOTOCO,20180102,12:10,3750,3750.95,3750,3750.95,105
HEROMOTOCO,20180102,12:11,3750.95,3751,3750.2,3750.95,57
HEROMOTOCO,20180102,12:12,3751,3752.5,3750.05,3751.95,414
HEROMOTOCO,20180102,12:13,3752,3752,3750.1,3751.5,236
HEROMOTOCO,20180102,12:14,3750,3750.15,3749.7,3750.15,201
HEROMOTOCO,20180102,12:15,3750,3750,3749,3749.7,74
HEROMOTOCO,20180102,12:16,3749.7,3750,3749.7,3750,64
HEROMOTOCO,20180102,12:17,3750,3750,3748.75,3750,157
HEROMOTOCO,20180102,12:18,3749,3750,3748.9,3749.95,26
HEROMOTOCO,20180102,12:19,3749.95,3749.95,3748,3748,125
HEROMOTOCO,20180102,12:20,3747.75,3749.15,3747.75,3749.15,28
HEROMOTOCO,20180102,12:21,3748.1,3749.15,3746.1,3747.45,211
HEROMOTOCO,20180102,12:22,3747.45,3747.45,3746.15,3747.45,45
HEROMOTOCO,20180102,12:23,3747.45,3752,3747.45,3752,455
HEROMOTOCO,20180102,12:24,3752.2,3752.2,3752.2,3752.2,31
HEROMOTOCO,20180102,12:25,3751,3751,3750,3750,32
HEROMOTOCO,20180102,12:26,3750,3750.05,3749.05,3750.05,63
HEROMOTOCO,20180102,12:27,3750.4,3751.2,3750.25,3750.25,187
HEROMOTOCO,20180102,12:28,3750.25,3750.7,3748.25,3750,201
HEROMOTOCO,20180102,12:29,3748.25,3752,3748.25,3752,241
HEROMOTOCO,20180102,12:30,3752,3752,3750.65,3751.3,229
HEROMOTOCO,20180102,12:31,3751,3751.8,3751,3751.45,80
HEROMOTOCO,20180102,12:32,3751.3,3751.35,3749.85,3749.95,217
HEROMOTOCO,20180102,12:33,3749.6,3750,3747.25,3749.6,117
HEROMOTOCO,20180102,12:34,3749.6,3749.6,3747.25,3748.45,163
HEROMOTOCO,20180102,12:35,3748.45,3748.9,3748.25,3748.85,74
HEROMOTOCO,20180102,12:36,3748.9,3750.9,3748.9,3750.65,283
HEROMOTOCO,20180102,12:37,3750.75,3751.85,3748.8,3748.8,1192
HEROMOTOCO,20180102,12:38,3750.55,3751.45,3750,3751.2,92
HEROMOTOCO,20180102,12:39,3750,3750,3747.35,3748.5,277
HEROMOTOCO,20180102,12:40,3748.4,3749.85,3748.4,3749.85,56
HEROMOTOCO,20180102,12:41,3749.85,3750,3747.4,3749.25,257
HEROMOTOCO,20180102,12:42,3747.85,3749.55,3747.2,3748.5,103
HEROMOTOCO,20180102,12:43,3748.5,3748.8,3747.35,3748.45,55
HEROMOTOCO,20180102,12:44,3748.45,3748.45,3747.35,3748.25,37
HEROMOTOCO,20180102,12:45,3747.8,3747.8,3747.35,3747.35,140
HEROMOTOCO,20180102,12:46,3747.35,3747.35,3745,3745,211
HEROMOTOCO,20180102,12:47,3745,3749.7,3745,3747.45,1311
HEROMOTOCO,20180102,12:48,3745.8,3750,3745.55,3747.85,323
HEROMOTOCO,20180102,12:49,3745.95,3749,3745.9,3747.7,153
HEROMOTOCO,20180102,12:50,3748.95,3748.95,3745.55,3747.7,59
HEROMOTOCO,20180102,12:51,3746.25,3749.75,3744.5,3747.3,1460
HEROMOTOCO,20180102,12:52,3746.15,3748.1,3745.65,3745.65,194
HEROMOTOCO,20180102,12:53,3745.65,3748.3,3745.35,3748.15,71
HEROMOTOCO,20180102,12:54,3746.5,3748.45,3746.5,3747.7,45
HEROMOTOCO,20180102,12:55,3746.5,3747.1,3746.5,3747.05,107
HEROMOTOCO,20180102,12:56,3746.5,3747.05,3745.3,3746,192
HEROMOTOCO,20180102,12:57,3743.9,3746,3743.9,3745.85,135
HEROMOTOCO,20180102,12:58,3745.85,3747.95,3743.5,3745.35,226
HEROMOTOCO,20180102,12:59,3743.8,3747.6,3743.65,3744.95,290
HEROMOTOCO,20180102,13:00,3743,3745.95,3743,3745.4,190
HEROMOTOCO,20180102,13:01,3744.35,3746.15,3743.1,3745.5,192
HEROMOTOCO,20180102,13:02,3745.5,3748.9,3743.7,3748.2,606
HEROMOTOCO,20180102,13:03,3747.9,3748.4,3745.55,3747.1,103
HEROMOTOCO,20180102,13:04,3747.05,3750.1,3744.3,3749.45,671
HEROMOTOCO,20180102,13:05,3749.35,3750.95,3749.35,3750.95,104
HEROMOTOCO,20180102,13:06,3750,3750.1,3746.9,3750.1,171
HEROMOTOCO,20180102,13:07,3748.65,3750.05,3747.7,3750.05,141
HEROMOTOCO,20180102,13:08,3747.35,3749.25,3747.35,3749,46
HEROMOTOCO,20180102,13:09,3749,3755,3747.85,3754.9,807
HEROMOTOCO,20180102,13:10,3753.05,3754.45,3753.05,3753.85,111
HEROMOTOCO,20180102,13:11,3753.2,3753.95,3751.4,3752.3,288
HEROMOTOCO,20180102,13:12,3750.7,3751.15,3750.05,3751.15,36
HEROMOTOCO,20180102,13:13,3750.2,3751.6,3750.2,3751.55,48
HEROMOTOCO,20180102,13:14,3751.6,3752,3747.95,3747.95,107
HEROMOTOCO,20180102,13:15,3749.1,3750.7,3747.05,3750.7,338
HEROMOTOCO,20180102,13:16,3750.1,3750.1,3748.6,3750.05,350
HEROMOTOCO,20180102,13:17,3749,3751.35,3749,3751.15,150
HEROMOTOCO,20180102,13:18,3750.05,3751.15,3750.05,3751.05,70
HEROMOTOCO,20180102,13:19,3751.1,3751.9,3750.55,3751.25,149
HEROMOTOCO,20180102,13:20,3751.25,3751.95,3750.05,3751.25,105
HEROMOTOCO,20180102,13:21,3751.2,3751.2,3749.85,3750.6,60
HEROMOTOCO,20180102,13:22,3749.35,3750.25,3748.2,3748.9,258
HEROMOTOCO,20180102,13:23,3747.45,3752.75,3747.45,3751.4,339
HEROMOTOCO,20180102,13:24,3752.85,3752.85,3751.45,3752.7,178
HEROMOTOCO,20180102,13:25,3752.2,3752.2,3750,3751.3,101
HEROMOTOCO,20180102,13:26,3751,3752.05,3751,3751.85,93
HEROMOTOCO,20180102,13:27,3751.55,3751.95,3750,3751.95,219
HEROMOTOCO,20180102,13:28,3751.95,3753.75,3751.95,3753.75,301
HEROMOTOCO,20180102,13:29,3753.4,3753.4,3751,3753.35,224
HEROMOTOCO,20180102,13:30,3752,3753.35,3752,3753.35,139
HEROMOTOCO,20180102,13:31,3752.05,3753.75,3752.05,3753.3,72
HEROMOTOCO,20180102,13:32,3752.6,3753.4,3749.25,3751.05,200
HEROMOTOCO,20180102,13:33,3751.15,3753.25,3750,3753.25,1061
HEROMOTOCO,20180102,13:34,3751.2,3752.5,3751.2,3752.35,65
HEROMOTOCO,20180102,13:35,3752.4,3755,3752.4,3755,322
HEROMOTOCO,20180102,13:36,3755,3755,3751.9,3751.9,105
HEROMOTOCO,20180102,13:37,3750,3751.8,3750,3750.2,66
HEROMOTOCO,20180102,13:38,3751.5,3753,3750.2,3752.25,72
HEROMOTOCO,20180102,13:39,3751.65,3754,3751.65,3752.95,191
HEROMOTOCO,20180102,13:40,3752.85,3752.85,3751.6,3751.9,101
HEROMOTOCO,20180102,13:41,3751.65,3751.85,3749.65,3751.45,152
HEROMOTOCO,20180102,13:42,3750.05,3751.45,3749,3749.85,386
HEROMOTOCO,20180102,13:43,3749.85,3751.05,3749.85,3750.05,173
HEROMOTOCO,20180102,13:44,3750.05,3751.85,3750.05,3751.8,216
HEROMOTOCO,20180102,13:45,3751.9,3756,3751.9,3755.95,461
HEROMOTOCO,20180102,13:46,3755.95,3759.8,3755.15,3759.8,862
HEROMOTOCO,20180102,13:47,3759.8,3759.95,3757.6,3759,362
HEROMOTOCO,20180102,13:48,3758.95,3767.15,3758.25,3767.1,1761
HEROMOTOCO,20180102,13:49,3767.75,3767.8,3761.65,3762.2,650
HEROMOTOCO,20180102,13:50,3762.2,3766.95,3762.2,3765,327
HEROMOTOCO,20180102,13:51,3765.1,3765.1,3762.1,3762.5,306
HEROMOTOCO,20180102,13:52,3762.5,3764.65,3762.5,3762.95,181
HEROMOTOCO,20180102,13:53,3762.95,3762.95,3760.4,3760.55,249
HEROMOTOCO,20180102,13:54,3760.6,3760.95,3759.1,3759.1,344
HEROMOTOCO,20180102,13:55,3761,3764.6,3761,3764.15,195
HEROMOTOCO,20180102,13:56,3764.5,3764.65,3758.6,3759.15,152
HEROMOTOCO,20180102,13:57,3760,3760,3753.25,3754.15,437
HEROMOTOCO,20180102,13:58,3754.2,3754.9,3751.55,3751.55,155
HEROMOTOCO,20180102,13:59,3752.35,3752.35,3751.5,3752.05,99
HEROMOTOCO,20180102,14:00,3752.3,3753.9,3749,3750.7,1027
HEROMOTOCO,20180102,14:01,3750.85,3750.85,3748.2,3750.6,659
HEROMOTOCO,20180102,14:02,3751.75,3752.8,3750,3751.1,376
HEROMOTOCO,20180102,14:03,3751.6,3756.8,3750.7,3756.3,254
HEROMOTOCO,20180102,14:04,3753.2,3755.9,3750,3751.1,124
HEROMOTOCO,20180102,14:05,3751.1,3751.1,3750,3750.05,157
HEROMOTOCO,20180102,14:06,3750.4,3758,3750.05,3756.4,687
HEROMOTOCO,20180102,14:07,3755.75,3767.2,3754.05,3767.15,773
HEROMOTOCO,20180102,14:08,3767.4,3767.4,3759.4,3760.7,669
HEROMOTOCO,20180102,14:09,3760.8,3761.9,3759.05,3761.1,170
HEROMOTOCO,20180102,14:10,3761.6,3761.9,3758.4,3760.05,432
HEROMOTOCO,20180102,14:11,3758.55,3760.1,3758.1,3758.1,305
HEROMOTOCO,20180102,14:12,3756.9,3758.3,3756.9,3757,158
HEROMOTOCO,20180102,14:13,3757,3757.95,3757,3757.4,137
HEROMOTOCO,20180102,14:14,3757,3757,3753.9,3753.9,187
HEROMOTOCO,20180102,14:15,3753.95,3756.5,3751.75,3756.5,214
HEROMOTOCO,20180102,14:16,3756.5,3756.5,3755.8,3755.8,195
HEROMOTOCO,20180102,14:17,3753.25,3755.75,3753,3753.25,311
HEROMOTOCO,20180102,14:18,3752.9,3752.9,3751.5,3752.05,86
HEROMOTOCO,20180102,14:19,3752.15,3752.15,3750.6,3751.45,184
HEROMOTOCO,20180102,14:20,3751.45,3754.9,3751.25,3753.2,202
HEROMOTOCO,20180102,14:21,3752.3,3752.35,3751.45,3752.2,146
HEROMOTOCO,20180102,14:22,3752.25,3754.95,3752.05,3754.4,123
HEROMOTOCO,20180102,14:23,3754.4,3758.7,3754.4,3758.7,256
HEROMOTOCO,20180102,14:24,3758.55,3759.85,3755.45,3756.6,148
HEROMOTOCO,20180102,14:25,3757.05,3757.05,3754.75,3755.25,81
HEROMOTOCO,20180102,14:26,3754.8,3755.2,3751.4,3751.95,197
HEROMOTOCO,20180102,14:27,3751.95,3755,3751.95,3755,210
HEROMOTOCO,20180102,14:28,3755,3756.6,3751.35,3751.35,266
HEROMOTOCO,20180102,14:29,3753.5,3754.75,3751,3752.5,71
HEROMOTOCO,20180102,14:30,3752.55,3752.6,3748.8,3750,2116
HEROMOTOCO,20180102,14:31,3751.3,3751.9,3751,3751.9,73
HEROMOTOCO,20180102,14:32,3752.7,3752.7,3751.55,3751.7,172
HEROMOTOCO,20180102,14:33,3752.1,3752.1,3750.1,3751.9,105
HEROMOTOCO,20180102,14:34,3751.9,3752.75,3751.9,3752.6,63
HEROMOTOCO,20180102,14:35,3752.35,3752.6,3750,3751.15,619
HEROMOTOCO,20180102,14:36,3751.2,3751.2,3748.85,3749.55,361
HEROMOTOCO,20180102,14:37,3749.55,3750.05,3748,3750.05,577
HEROMOTOCO,20180102,14:38,3750.95,3751.1,3748.05,3750,595
HEROMOTOCO,20180102,14:39,3750.05,3755.7,3750,3755.7,313
HEROMOTOCO,20180102,14:40,3755.45,3755.65,3754.2,3754.3,194
HEROMOTOCO,20180102,14:41,3754.3,3754.3,3753.3,3753.9,88
HEROMOTOCO,20180102,14:42,3753.55,3753.55,3752.5,3752.75,79
HEROMOTOCO,20180102,14:43,3752.5,3753,3751.55,3751.55,183
HEROMOTOCO,20180102,14:44,3751.4,3752.8,3751.4,3752.45,71
HEROMOTOCO,20180102,14:45,3752.15,3755.3,3752.15,3754.45,309
HEROMOTOCO,20180102,14:46,3752.35,3754.45,3750.85,3751.05,263
HEROMOTOCO,20180102,14:47,3750,3755.45,3750,3755.45,240
HEROMOTOCO,20180102,14:48,3755.45,3756.95,3754.1,3756.6,114
HEROMOTOCO,20180102,14:49,3756.3,3757.9,3755.65,3755.85,526
HEROMOTOCO,20180102,14:50,3756.8,3757.45,3753.6,3754.75,387
HEROMOTOCO,20180102,14:51,3753.6,3755.8,3750,3751.1,581
HEROMOTOCO,20180102,14:52,3750.05,3752.95,3750.05,3751.15,235
HEROMOTOCO,20180102,14:53,3751.15,3751.15,3750,3750.55,295
HEROMOTOCO,20180102,14:54,3750.1,3754.2,3750.1,3750.95,304
HEROMOTOCO,20180102,14:55,3750,3752.5,3750,3752.5,317
HEROMOTOCO,20180102,14:56,3755.8,3755.8,3754.1,3754.95,333
HEROMOTOCO,20180102,14:57,3754,3755.65,3750,3750.75,381
HEROMOTOCO,20180102,14:58,3750.1,3753.6,3750.1,3752.95,156
HEROMOTOCO,20180102,14:59,3752.35,3753.7,3751.7,3753.7,334
HEROMOTOCO,20180102,15:00,3753.7,3754.45,3752.7,3752.7,332
HEROMOTOCO,20180102,15:01,3751.05,3753.8,3750.05,3753.8,333
HEROMOTOCO,20180102,15:02,3753.9,3755,3752.8,3754.25,127
HEROMOTOCO,20180102,15:03,3754.25,3755.8,3754.2,3755.65,477
HEROMOTOCO,20180102,15:04,3755.55,3757,3752.95,3753.3,676
HEROMOTOCO,20180102,15:05,3753.1,3756.6,3753.05,3755.85,602
HEROMOTOCO,20180102,15:06,3756.45,3775,3753.6,3764.55,10063
HEROMOTOCO,20180102,15:07,3765.35,3769,3762.25,3763.3,3370
HEROMOTOCO,20180102,15:08,3763.25,3765,3751,3752.25,4781
HEROMOTOCO,20180102,15:09,3752.2,3760.95,3747.75,3756.9,10190
HEROMOTOCO,20180102,15:10,3757,3765,3757,3765,8825
HEROMOTOCO,20180102,15:11,3765,3765,3737.6,3741.95,17054
HEROMOTOCO,20180102,15:12,3741.8,3744,3719.25,3729.7,13504
HEROMOTOCO,20180102,15:13,3727.35,3729.95,3724.35,3725.8,9727
HEROMOTOCO,20180102,15:14,3725.4,3732.75,3722.2,3731.3,9365
HEROMOTOCO,20180102,15:15,3731.75,3738.1,3729,3732.05,4490
HEROMOTOCO,20180102,15:16,3733.65,3737,3731,3735.6,4065
HEROMOTOCO,20180102,15:17,3735.6,3737,3734.45,3735.05,3806
HEROMOTOCO,20180102,15:18,3735.05,3736.9,3734.5,3735.55,4672
HEROMOTOCO,20180102,15:19,3735,3738,3734.5,3736,3913
HEROMOTOCO,20180102,15:20,3736.45,3740,3733,3736.05,3940
HEROMOTOCO,20180102,15:21,3736.05,3739.7,3735.1,3738.8,3385
HEROMOTOCO,20180102,15:22,3738.8,3744.35,3738,3743.4,3849
HEROMOTOCO,20180102,15:23,3743.4,3744.95,3741.7,3744,1574
HEROMOTOCO,20180102,15:24,3743.95,3744.05,3739.5,3739.5,2123
HEROMOTOCO,20180102,15:25,3739.5,3740.8,3739.5,3740,3167
HEROMOTOCO,20180102,15:26,3740,3742,3740,3742,1443
HEROMOTOCO,20180102,15:27,3742.15,3744,3740,3740,1392
HEROMOTOCO,20180102,15:28,3740,3741.95,3740,3741,1671
HEROMOTOCO,20180102,15:29,3741,3741.85,3740,3740,3372
HEROMOTOCO,20180102,15:30,3741,3742,3740,3740.05,1026
HEROMOTOCO,20180102,15:32,3743.85,3743.85,3743.85,3743.85,1
HEROMOTOCO,20180102,15:41,3743.85,3743.85,3743.85,3743.85,5
HEROMOTOCO,20180102,15:43,3743.85,3743.85,3740.05,3740.05,4
HEROMOTOCO,20180102,15:49,3743.85,3743.85,3743.85,3743.85,8
HEROMOTOCO,20180102,16:36,3743.85,3743.85,3743.85,3743.85,1
