KOTAKBANK,20190403,09:08,1342.00,1342.00,1342.00,1342.00,1092,0
KOTAKBANK,20190403,09:16,1342.80,1346.15,1342.00,1343.45,14348,0
KOTAKBANK,20190403,09:17,1343.25,1346.00,1342.50,1345.15,8581,0
KOTAKBANK,20190403,09:18,1345.15,1345.45,1342.90,1343.50,9398,0
KOTAKBANK,20190403,09:19,1343.50,1345.10,1343.50,1344.95,7406,0
KOTAKBANK,20190403,09:20,1344.95,1346.00,1344.90,1345.50,10629,0
KOTAKBANK,20190403,09:21,1345.55,1345.95,1344.00,1345.75,10535,0
KOTAKBANK,20190403,09:22,1345.80,1345.95,1345.00,1345.45,5781,0
KOTAKBANK,20190403,09:23,1345.45,1345.45,1342.65,1343.40,7289,0
KOTAKBANK,20190403,09:24,1343.30,1344.10,1342.80,1343.50,7277,0
KOTAKBANK,20190403,09:25,1343.40,1344.50,1343.00,1344.00,4746,0
KOTAKBANK,20190403,09:26,1343.95,1345.95,1343.95,1345.85,6905,0
KOTAKBANK,20190403,09:27,1345.95,1346.95,1345.60,1346.90,6829,0
KOTAKBANK,20190403,09:28,1346.90,1346.95,1346.00,1346.50,7151,0
KOTAKBANK,20190403,09:29,1346.50,1348.00,1346.00,1347.35,15809,0
KOTAKBANK,20190403,09:30,1347.05,1348.75,1347.00,1348.45,16209,0
KOTAKBANK,20190403,09:31,1348.20,1350.95,1348.20,1350.95,40373,0
KOTAKBANK,20190403,09:32,1350.90,1352.50,1350.70,1350.70,31469,0
KOTAKBANK,20190403,09:33,1351.00,1353.75,1351.00,1353.30,23260,0
KOTAKBANK,20190403,09:34,1353.30,1353.75,1352.70,1353.75,22106,0
KOTAKBANK,20190403,09:35,1353.80,1355.95,1353.55,1354.80,36511,0
KOTAKBANK,20190403,09:36,1355.00,1357.45,1355.00,1357.40,25704,0
KOTAKBANK,20190403,09:37,1357.20,1357.20,1355.00,1355.85,23729,0
KOTAKBANK,20190403,09:38,1355.80,1355.85,1353.00,1353.00,18313,0
KOTAKBANK,20190403,09:39,1353.05,1353.65,1350.50,1351.00,19262,0
KOTAKBANK,20190403,09:40,1351.00,1353.00,1351.00,1353.00,8884,0
KOTAKBANK,20190403,09:41,1352.65,1353.45,1352.05,1352.80,8374,0
KOTAKBANK,20190403,09:42,1352.80,1353.00,1351.50,1352.75,10809,0
KOTAKBANK,20190403,09:43,1353.00,1353.75,1351.90,1353.30,12328,0
KOTAKBANK,20190403,09:44,1353.30,1354.70,1353.05,1354.00,10266,0
KOTAKBANK,20190403,09:45,1354.20,1354.35,1352.00,1352.40,10529,0
KOTAKBANK,20190403,09:46,1352.45,1354.50,1352.45,1354.50,5957,0
KOTAKBANK,20190403,09:47,1354.10,1355.00,1353.55,1354.70,15639,0
KOTAKBANK,20190403,09:48,1354.80,1354.80,1353.55,1354.10,7086,0
KOTAKBANK,20190403,09:49,1354.00,1354.20,1352.50,1352.70,7053,0
KOTAKBANK,20190403,09:50,1352.35,1352.50,1350.20,1350.90,17896,0
KOTAKBANK,20190403,09:51,1350.70,1351.80,1350.20,1350.90,12509,0
KOTAKBANK,20190403,09:52,1350.90,1351.20,1350.40,1350.80,9414,0
KOTAKBANK,20190403,09:53,1350.25,1350.85,1350.00,1350.20,5516,0
KOTAKBANK,20190403,09:54,1350.00,1350.25,1348.05,1349.10,19798,0
KOTAKBANK,20190403,09:55,1349.55,1349.60,1348.30,1349.20,7837,0
KOTAKBANK,20190403,09:56,1348.95,1349.00,1348.30,1349.00,8305,0
KOTAKBANK,20190403,09:57,1349.00,1349.25,1348.30,1348.60,6858,0
KOTAKBANK,20190403,09:58,1348.50,1348.95,1348.00,1348.50,6221,0
KOTAKBANK,20190403,09:59,1348.55,1348.55,1347.20,1347.95,10606,0
KOTAKBANK,20190403,10:00,1347.95,1347.95,1347.10,1347.10,4553,0
KOTAKBANK,20190403,10:01,1347.65,1347.65,1346.05,1346.55,12300,0
KOTAKBANK,20190403,10:02,1346.25,1348.00,1346.15,1348.00,5761,0
KOTAKBANK,20190403,10:03,1347.10,1348.35,1347.10,1348.00,2590,0
KOTAKBANK,20190403,10:04,1348.00,1348.45,1347.65,1347.70,3410,0
KOTAKBANK,20190403,10:05,1347.70,1349.40,1347.70,1349.40,3893,0
KOTAKBANK,20190403,10:06,1349.40,1349.75,1349.00,1349.10,3770,0
KOTAKBANK,20190403,10:07,1349.05,1349.65,1349.05,1349.60,2171,0
KOTAKBANK,20190403,10:08,1349.65,1350.75,1349.65,1350.75,5957,0
KOTAKBANK,20190403,10:09,1350.90,1351.60,1350.25,1351.10,4977,0
KOTAKBANK,20190403,10:10,1351.40,1352.30,1350.55,1352.30,4605,0
KOTAKBANK,20190403,10:11,1352.10,1352.70,1351.25,1351.90,2756,0
KOTAKBANK,20190403,10:12,1351.90,1351.90,1351.30,1351.65,1478,0
KOTAKBANK,20190403,10:13,1351.65,1352.30,1351.55,1352.30,3270,0
KOTAKBANK,20190403,10:14,1351.70,1352.95,1351.70,1352.95,3644,0
KOTAKBANK,20190403,10:15,1352.95,1352.95,1352.20,1352.55,2627,0
KOTAKBANK,20190403,10:16,1352.55,1352.70,1352.05,1352.20,4978,0
KOTAKBANK,20190403,10:17,1352.15,1352.20,1350.90,1351.00,2783,0
KOTAKBANK,20190403,10:18,1350.55,1351.00,1348.90,1349.35,5917,0
KOTAKBANK,20190403,10:19,1349.30,1349.30,1347.65,1348.55,7151,0
KOTAKBANK,20190403,10:20,1348.20,1348.50,1347.85,1348.25,3759,0
KOTAKBANK,20190403,10:21,1348.30,1348.30,1347.85,1347.85,1779,0
KOTAKBANK,20190403,10:22,1347.90,1347.90,1347.25,1347.30,8807,0
KOTAKBANK,20190403,10:23,1347.30,1348.10,1347.20,1348.10,3949,0
KOTAKBANK,20190403,10:24,1348.00,1350.05,1348.00,1349.90,5481,0
KOTAKBANK,20190403,10:25,1349.85,1350.55,1349.10,1349.15,2904,0
KOTAKBANK,20190403,10:26,1349.10,1349.50,1348.00,1348.25,3548,0
KOTAKBANK,20190403,10:27,1348.15,1349.00,1348.00,1348.65,4495,0
KOTAKBANK,20190403,10:28,1348.30,1349.15,1348.10,1348.90,4107,0
KOTAKBANK,20190403,10:29,1348.40,1348.80,1348.15,1348.50,1627,0
KOTAKBANK,20190403,10:30,1348.25,1349.00,1348.10,1348.90,3260,0
KOTAKBANK,20190403,10:31,1349.00,1349.00,1348.00,1348.00,4541,0
KOTAKBANK,20190403,10:32,1348.00,1348.80,1347.40,1348.80,4679,0
KOTAKBANK,20190403,10:33,1348.90,1348.90,1347.90,1348.45,600,0
KOTAKBANK,20190403,10:34,1348.40,1348.40,1347.35,1347.45,3579,0
KOTAKBANK,20190403,10:35,1347.55,1348.40,1347.45,1348.40,3260,0
KOTAKBANK,20190403,10:36,1348.40,1350.45,1348.05,1349.15,5895,0
KOTAKBANK,20190403,10:37,1349.30,1351.60,1349.30,1351.35,3138,0
KOTAKBANK,20190403,10:38,1351.30,1351.30,1350.65,1350.95,1830,0
KOTAKBANK,20190403,10:39,1350.85,1351.70,1350.80,1351.45,3839,0
KOTAKBANK,20190403,10:40,1351.00,1351.85,1350.35,1350.40,2486,0
KOTAKBANK,20190403,10:41,1350.35,1350.55,1349.75,1350.55,2665,0
KOTAKBANK,20190403,10:42,1350.05,1350.55,1350.05,1350.50,1535,0
KOTAKBANK,20190403,10:43,1350.55,1350.55,1350.00,1350.15,1281,0
KOTAKBANK,20190403,10:44,1350.05,1350.50,1349.50,1349.85,2124,0
KOTAKBANK,20190403,10:45,1349.85,1349.85,1348.20,1348.55,2264,0
KOTAKBANK,20190403,10:46,1348.20,1349.25,1348.10,1348.65,2540,0
KOTAKBANK,20190403,10:47,1348.20,1349.65,1348.20,1349.10,1736,0
KOTAKBANK,20190403,10:48,1349.10,1349.10,1348.20,1348.75,2346,0
KOTAKBANK,20190403,10:49,1348.75,1348.90,1348.10,1348.15,2350,0
KOTAKBANK,20190403,10:50,1348.15,1349.40,1348.10,1349.25,1567,0
KOTAKBANK,20190403,10:51,1349.00,1349.00,1348.50,1348.60,1552,0
KOTAKBANK,20190403,10:52,1348.50,1350.25,1348.10,1349.50,3658,0
KOTAKBANK,20190403,10:53,1349.65,1350.90,1349.00,1350.20,2770,0
KOTAKBANK,20190403,10:54,1350.05,1352.00,1349.80,1352.00,11311,0
KOTAKBANK,20190403,10:55,1351.95,1353.00,1351.20,1352.00,10666,0
KOTAKBANK,20190403,10:56,1352.05,1352.15,1351.00,1351.40,3319,0
KOTAKBANK,20190403,10:57,1351.35,1351.40,1350.80,1350.85,1941,0
KOTAKBANK,20190403,10:58,1350.60,1351.10,1350.35,1350.35,1846,0
KOTAKBANK,20190403,10:59,1350.40,1350.55,1349.60,1350.20,2007,0
KOTAKBANK,20190403,11:00,1350.20,1350.70,1349.65,1350.60,1774,0
KOTAKBANK,20190403,11:01,1350.50,1350.50,1349.35,1349.50,1279,0
KOTAKBANK,20190403,11:02,1349.45,1349.80,1349.10,1349.65,1912,0
KOTAKBANK,20190403,11:03,1349.55,1350.35,1349.20,1350.35,2379,0
KOTAKBANK,20190403,11:04,1350.20,1350.40,1350.20,1350.30,2550,0
KOTAKBANK,20190403,11:05,1350.25,1350.30,1349.85,1349.90,2654,0
KOTAKBANK,20190403,11:06,1349.90,1349.90,1348.60,1348.60,1790,0
KOTAKBANK,20190403,11:07,1348.55,1348.90,1348.15,1348.90,3769,0
KOTAKBANK,20190403,11:08,1348.50,1348.70,1347.50,1347.60,6152,0
KOTAKBANK,20190403,11:09,1347.60,1348.35,1347.55,1348.10,2287,0
KOTAKBANK,20190403,11:10,1348.10,1348.35,1347.75,1348.15,1069,0
KOTAKBANK,20190403,11:11,1348.15,1348.25,1348.00,1348.25,1837,0
KOTAKBANK,20190403,11:12,1348.25,1348.25,1348.00,1348.15,1081,0
KOTAKBANK,20190403,11:13,1348.15,1348.90,1348.00,1348.90,1989,0
KOTAKBANK,20190403,11:14,1348.90,1349.05,1348.05,1348.85,1489,0
KOTAKBANK,20190403,11:15,1348.90,1348.90,1348.00,1348.00,1704,0
KOTAKBANK,20190403,11:16,1348.05,1348.05,1347.50,1347.75,3781,0
KOTAKBANK,20190403,11:17,1347.75,1347.90,1347.60,1347.60,1498,0
KOTAKBANK,20190403,11:18,1347.60,1348.00,1347.60,1347.95,2849,0
KOTAKBANK,20190403,11:19,1347.95,1347.95,1347.70,1347.80,1032,0
KOTAKBANK,20190403,11:20,1347.80,1347.80,1347.55,1347.55,1405,0
KOTAKBANK,20190403,11:21,1347.60,1348.00,1347.50,1347.95,3558,0
KOTAKBANK,20190403,11:22,1347.55,1347.90,1347.50,1347.85,1026,0
KOTAKBANK,20190403,11:23,1347.65,1347.70,1347.60,1347.65,1777,0
KOTAKBANK,20190403,11:24,1347.65,1347.70,1347.60,1347.60,2108,0
KOTAKBANK,20190403,11:25,1347.65,1347.65,1347.00,1347.15,2718,0
KOTAKBANK,20190403,11:26,1347.10,1347.35,1347.10,1347.25,3104,0
KOTAKBANK,20190403,11:27,1347.15,1347.15,1345.55,1346.65,5094,0
KOTAKBANK,20190403,11:28,1346.20,1346.60,1345.30,1345.30,3672,0
KOTAKBANK,20190403,11:29,1345.25,1345.70,1345.00,1345.65,7868,0
KOTAKBANK,20190403,11:30,1345.60,1345.95,1345.20,1345.85,1771,0
KOTAKBANK,20190403,11:31,1345.75,1346.60,1345.25,1346.20,2853,0
KOTAKBANK,20190403,11:32,1346.00,1346.30,1345.55,1346.10,1160,0
KOTAKBANK,20190403,11:33,1345.65,1346.10,1345.40,1345.60,2368,0
KOTAKBANK,20190403,11:34,1345.55,1345.85,1345.50,1345.60,2338,0
KOTAKBANK,20190403,11:35,1345.55,1345.55,1343.40,1344.85,8910,0
KOTAKBANK,20190403,11:36,1344.90,1344.90,1344.50,1344.80,1671,0
KOTAKBANK,20190403,11:37,1344.75,1346.80,1344.75,1345.20,6090,0
KOTAKBANK,20190403,11:38,1345.10,1345.95,1344.90,1345.65,1397,0
KOTAKBANK,20190403,11:39,1345.65,1346.00,1345.05,1346.00,2418,0
KOTAKBANK,20190403,11:40,1345.85,1346.00,1344.10,1344.10,1607,0
KOTAKBANK,20190403,11:41,1344.30,1346.00,1344.30,1345.75,10019,0
KOTAKBANK,20190403,11:42,1345.55,1346.85,1345.20,1346.45,2267,0
KOTAKBANK,20190403,11:43,1346.10,1346.85,1346.10,1346.80,2282,0
KOTAKBANK,20190403,11:44,1346.75,1347.25,1346.35,1347.10,4935,0
KOTAKBANK,20190403,11:45,1347.10,1347.10,1346.45,1347.05,3095,0
KOTAKBANK,20190403,11:46,1347.05,1347.20,1347.00,1347.20,1729,0
KOTAKBANK,20190403,11:47,1347.15,1347.80,1347.15,1347.70,2207,0
KOTAKBANK,20190403,11:48,1347.70,1347.85,1347.50,1347.80,2120,0
KOTAKBANK,20190403,11:49,1347.85,1348.05,1347.50,1348.00,3839,0
KOTAKBANK,20190403,11:50,1348.00,1348.10,1347.60,1348.05,1950,0
KOTAKBANK,20190403,11:51,1348.05,1349.15,1347.75,1348.45,4537,0
KOTAKBANK,20190403,11:52,1348.40,1349.75,1348.40,1349.50,2953,0
KOTAKBANK,20190403,11:53,1349.40,1350.25,1349.05,1349.95,4283,0
KOTAKBANK,20190403,11:54,1349.65,1350.85,1349.65,1350.00,3958,0
KOTAKBANK,20190403,11:55,1350.15,1350.15,1349.65,1349.90,4399,0
KOTAKBANK,20190403,11:56,1349.65,1350.15,1349.65,1350.15,6271,0
KOTAKBANK,20190403,11:57,1350.70,1350.70,1349.65,1350.15,4955,0
KOTAKBANK,20190403,11:58,1350.05,1350.10,1350.00,1350.05,1539,0
KOTAKBANK,20190403,11:59,1350.00,1350.95,1350.00,1350.85,3210,0
KOTAKBANK,20190403,12:00,1350.70,1351.00,1350.10,1350.10,1187,0
KOTAKBANK,20190403,12:01,1350.20,1350.80,1350.10,1350.35,389,0
KOTAKBANK,20190403,12:02,1350.30,1350.30,1349.00,1349.75,19690,0
KOTAKBANK,20190403,12:03,1349.65,1350.75,1349.65,1350.05,4316,0
KOTAKBANK,20190403,12:04,1350.05,1350.45,1349.70,1349.70,10661,0
KOTAKBANK,20190403,12:05,1350.00,1350.40,1349.70,1350.35,5946,0
KOTAKBANK,20190403,12:06,1350.30,1350.70,1349.75,1350.55,11429,0
KOTAKBANK,20190403,12:07,1350.10,1350.50,1348.00,1348.90,12459,0
KOTAKBANK,20190403,12:08,1348.95,1349.90,1348.95,1349.70,2795,0
KOTAKBANK,20190403,12:09,1349.75,1350.40,1349.60,1350.10,2433,0
KOTAKBANK,20190403,12:10,1350.10,1350.45,1349.95,1350.45,1692,0
KOTAKBANK,20190403,12:11,1350.45,1350.80,1350.40,1350.70,2882,0
KOTAKBANK,20190403,12:12,1350.65,1350.80,1350.65,1350.65,1264,0
KOTAKBANK,20190403,12:13,1350.70,1350.70,1349.95,1350.35,2219,0
KOTAKBANK,20190403,12:14,1350.05,1350.65,1350.05,1350.60,4237,0
KOTAKBANK,20190403,12:15,1350.35,1350.35,1350.00,1350.20,3164,0
KOTAKBANK,20190403,12:16,1350.35,1351.90,1350.10,1351.75,12878,0
KOTAKBANK,20190403,12:17,1351.30,1352.90,1351.00,1352.20,12948,0
KOTAKBANK,20190403,12:18,1352.05,1352.35,1352.00,1352.00,21068,0
KOTAKBANK,20190403,12:19,1352.00,1352.05,1352.00,1352.05,16878,0
KOTAKBANK,20190403,12:20,1352.00,1352.05,1352.00,1352.00,2895,0
KOTAKBANK,20190403,12:21,1352.00,1352.10,1351.45,1351.85,7040,0
KOTAKBANK,20190403,12:22,1351.85,1352.20,1351.50,1351.50,4678,0
KOTAKBANK,20190403,12:23,1351.55,1352.35,1351.00,1352.35,4411,0
KOTAKBANK,20190403,12:24,1352.30,1352.85,1351.80,1352.75,8768,0
KOTAKBANK,20190403,12:25,1352.75,1353.00,1352.20,1352.70,8032,0
KOTAKBANK,20190403,12:26,1352.50,1352.90,1351.80,1352.85,4552,0
KOTAKBANK,20190403,12:27,1352.85,1352.85,1352.00,1352.50,3167,0
KOTAKBANK,20190403,12:28,1352.30,1352.30,1350.00,1351.55,5417,0
KOTAKBANK,20190403,12:29,1351.50,1352.35,1350.00,1351.00,7795,0
KOTAKBANK,20190403,12:30,1351.05,1351.10,1350.70,1350.90,1916,0
KOTAKBANK,20190403,12:31,1350.70,1351.35,1350.65,1351.25,2355,0
KOTAKBANK,20190403,12:32,1351.25,1351.80,1350.85,1351.80,1519,0
KOTAKBANK,20190403,12:33,1351.90,1352.50,1351.20,1352.30,2127,0
KOTAKBANK,20190403,12:34,1352.40,1352.70,1352.15,1352.70,3040,0
KOTAKBANK,20190403,12:35,1352.65,1352.70,1351.45,1352.20,1754,0
KOTAKBANK,20190403,12:36,1351.90,1352.00,1351.40,1351.95,1213,0
KOTAKBANK,20190403,12:37,1351.90,1352.45,1351.00,1351.60,2982,0
KOTAKBANK,20190403,12:38,1351.55,1351.60,1350.55,1350.90,1269,0
KOTAKBANK,20190403,12:39,1350.80,1351.35,1350.55,1351.35,940,0
KOTAKBANK,20190403,12:40,1351.00,1352.00,1351.00,1351.80,1633,0
KOTAKBANK,20190403,12:41,1351.75,1351.85,1351.10,1351.80,968,0
KOTAKBANK,20190403,12:42,1351.80,1351.80,1351.20,1351.50,1818,0
KOTAKBANK,20190403,12:43,1351.10,1351.45,1350.55,1351.00,1691,0
KOTAKBANK,20190403,12:44,1350.80,1351.50,1350.30,1351.45,1427,0
KOTAKBANK,20190403,12:45,1351.10,1351.45,1351.00,1351.40,974,0
KOTAKBANK,20190403,12:46,1351.45,1351.50,1351.15,1351.45,2134,0
KOTAKBANK,20190403,12:47,1351.10,1351.75,1351.10,1351.75,1744,0
KOTAKBANK,20190403,12:48,1351.65,1351.65,1351.35,1351.60,1508,0
KOTAKBANK,20190403,12:49,1351.50,1351.55,1350.85,1351.40,642,0
KOTAKBANK,20190403,12:50,1351.35,1351.80,1351.05,1351.55,1195,0
KOTAKBANK,20190403,12:51,1351.55,1352.00,1351.55,1352.00,968,0
KOTAKBANK,20190403,12:52,1352.00,1352.80,1351.75,1352.80,1929,0
KOTAKBANK,20190403,12:53,1352.75,1354.00,1352.65,1353.00,10009,0
KOTAKBANK,20190403,12:54,1353.00,1353.05,1351.80,1352.65,1648,0
KOTAKBANK,20190403,12:55,1352.35,1353.00,1352.30,1353.00,1784,0
KOTAKBANK,20190403,12:56,1352.95,1354.40,1352.25,1354.40,7321,0
KOTAKBANK,20190403,12:57,1354.60,1355.95,1354.40,1355.90,15560,0
KOTAKBANK,20190403,12:58,1355.90,1356.20,1355.00,1355.50,12703,0
KOTAKBANK,20190403,12:59,1355.40,1355.40,1353.75,1353.85,4658,0
KOTAKBANK,20190403,13:00,1353.85,1355.50,1353.50,1355.50,3345,0
KOTAKBANK,20190403,13:01,1355.10,1355.50,1353.95,1354.65,7665,0
KOTAKBANK,20190403,13:02,1354.65,1354.65,1354.00,1354.20,1488,0
KOTAKBANK,20190403,13:03,1354.00,1354.25,1353.55,1354.25,2657,0
KOTAKBANK,20190403,13:04,1354.20,1354.25,1353.35,1353.75,2130,0
KOTAKBANK,20190403,13:05,1353.70,1354.25,1352.90,1353.40,2972,0
KOTAKBANK,20190403,13:06,1353.00,1353.35,1352.10,1352.40,2136,0
KOTAKBANK,20190403,13:07,1352.30,1352.35,1351.50,1351.65,4020,0
KOTAKBANK,20190403,13:08,1351.60,1352.00,1351.10,1352.00,2133,0
KOTAKBANK,20190403,13:09,1351.95,1351.95,1351.30,1351.30,813,0
KOTAKBANK,20190403,13:10,1351.35,1351.55,1351.00,1351.55,1767,0
KOTAKBANK,20190403,13:11,1351.65,1351.65,1350.95,1351.00,2973,0
KOTAKBANK,20190403,13:12,1350.95,1350.95,1349.60,1350.00,20783,0
KOTAKBANK,20190403,13:13,1350.00,1350.40,1349.95,1350.00,8845,0
KOTAKBANK,20190403,13:14,1350.00,1350.15,1348.25,1348.50,40751,0
KOTAKBANK,20190403,13:15,1349.20,1352.20,1348.50,1352.05,4164,0
KOTAKBANK,20190403,13:16,1352.30,1353.40,1352.00,1352.30,4589,0
KOTAKBANK,20190403,13:17,1352.00,1352.40,1350.95,1351.00,2996,0
KOTAKBANK,20190403,13:18,1351.00,1353.10,1350.90,1353.10,2666,0
KOTAKBANK,20190403,13:19,1352.70,1353.50,1352.25,1353.25,7647,0
KOTAKBANK,20190403,13:20,1353.35,1355.85,1353.00,1354.90,14058,0
KOTAKBANK,20190403,13:21,1354.90,1356.00,1354.85,1355.45,12722,0
KOTAKBANK,20190403,13:22,1355.70,1356.00,1354.45,1355.00,13887,0
KOTAKBANK,20190403,13:23,1354.35,1355.50,1354.00,1354.85,15131,0
KOTAKBANK,20190403,13:24,1355.00,1355.65,1354.85,1355.50,7176,0
KOTAKBANK,20190403,13:25,1355.55,1356.00,1354.50,1354.70,9839,0
KOTAKBANK,20190403,13:26,1354.65,1355.00,1354.50,1354.65,4715,0
KOTAKBANK,20190403,13:27,1354.50,1355.00,1354.10,1354.70,8221,0
KOTAKBANK,20190403,13:28,1354.70,1355.10,1354.65,1354.75,5190,0
KOTAKBANK,20190403,13:29,1354.30,1355.30,1354.20,1354.35,5923,0
KOTAKBANK,20190403,13:30,1354.35,1355.00,1354.05,1354.05,3416,0
KOTAKBANK,20190403,13:31,1354.00,1354.00,1352.00,1352.00,11013,0
KOTAKBANK,20190403,13:32,1352.80,1352.80,1351.95,1352.00,2851,0
KOTAKBANK,20190403,13:33,1352.40,1352.40,1351.00,1351.30,3542,0
KOTAKBANK,20190403,13:34,1351.35,1352.90,1351.10,1352.90,4104,0
KOTAKBANK,20190403,13:35,1352.70,1352.85,1351.25,1351.95,5310,0
KOTAKBANK,20190403,13:36,1351.85,1352.05,1351.20,1352.00,3467,0
KOTAKBANK,20190403,13:37,1352.35,1352.35,1351.60,1351.80,2747,0
KOTAKBANK,20190403,13:38,1351.80,1351.80,1350.30,1350.40,4580,0
KOTAKBANK,20190403,13:39,1350.45,1350.50,1349.10,1350.30,10032,0
KOTAKBANK,20190403,13:40,1350.05,1350.20,1349.00,1349.25,5296,0
KOTAKBANK,20190403,13:41,1349.10,1349.45,1348.70,1349.15,7156,0
KOTAKBANK,20190403,13:42,1349.00,1349.75,1349.00,1349.00,8392,0
KOTAKBANK,20190403,13:43,1349.75,1349.75,1348.75,1349.00,5523,0
KOTAKBANK,20190403,13:44,1349.40,1349.40,1348.75,1349.00,1555,0
KOTAKBANK,20190403,13:45,1348.85,1348.95,1348.50,1348.55,6971,0
KOTAKBANK,20190403,13:46,1348.65,1349.40,1348.65,1348.95,3524,0
KOTAKBANK,20190403,13:47,1348.80,1349.00,1348.00,1348.75,11044,0
KOTAKBANK,20190403,13:48,1349.55,1350.75,1348.40,1350.75,328719,0
KOTAKBANK,20190403,13:49,1351.20,1351.30,1349.90,1351.25,2612,0
KOTAKBANK,20190403,13:50,1351.50,1352.00,1350.75,1351.95,3705,0
KOTAKBANK,20190403,13:51,1352.00,1353.70,1351.85,1353.65,5050,0
KOTAKBANK,20190403,13:52,1353.60,1354.75,1353.60,1354.60,13780,0
KOTAKBANK,20190403,13:53,1354.55,1355.10,1354.00,1354.25,10347,0
KOTAKBANK,20190403,13:54,1354.45,1354.45,1353.50,1353.50,4827,0
KOTAKBANK,20190403,13:55,1354.00,1354.00,1351.80,1352.35,3191,0
KOTAKBANK,20190403,13:56,1352.25,1352.25,1351.40,1352.00,3017,0
KOTAKBANK,20190403,13:57,1352.00,1353.05,1352.00,1353.05,1580,0
KOTAKBANK,20190403,13:58,1353.60,1353.60,1352.05,1352.75,2498,0
KOTAKBANK,20190403,13:59,1352.70,1353.00,1351.80,1352.00,2167,0
KOTAKBANK,20190403,14:00,1352.40,1352.40,1350.50,1350.75,3433,0
KOTAKBANK,20190403,14:01,1350.90,1352.00,1350.55,1352.00,1707,0
KOTAKBANK,20190403,14:02,1352.45,1352.45,1351.35,1351.40,1922,0
KOTAKBANK,20190403,14:03,1351.40,1351.40,1351.00,1351.15,2270,0
KOTAKBANK,20190403,14:04,1351.15,1351.75,1351.00,1351.50,1014,0
KOTAKBANK,20190403,14:05,1351.60,1351.70,1351.10,1351.70,1025,0
KOTAKBANK,20190403,14:06,1352.00,1352.00,1351.50,1351.85,1896,0
KOTAKBANK,20190403,14:07,1351.90,1352.30,1351.10,1351.85,2373,0
KOTAKBANK,20190403,14:08,1352.00,1352.00,1351.00,1351.00,1319,0
KOTAKBANK,20190403,14:09,1351.85,1351.85,1348.40,1348.65,13373,0
KOTAKBANK,20190403,14:10,1348.50,1348.65,1346.50,1346.50,16307,0
KOTAKBANK,20190403,14:11,1346.75,1348.00,1346.00,1347.10,12503,0
KOTAKBANK,20190403,14:12,1347.10,1347.50,1346.00,1346.00,17722,0
KOTAKBANK,20190403,14:13,1346.00,1347.05,1345.45,1346.50,14241,0
KOTAKBANK,20190403,14:14,1346.45,1347.00,1345.45,1346.55,12185,0
KOTAKBANK,20190403,14:15,1347.00,1348.00,1346.75,1348.00,8101,0
KOTAKBANK,20190403,14:16,1348.00,1348.35,1347.05,1347.05,11638,0
KOTAKBANK,20190403,14:17,1348.10,1349.00,1347.70,1349.00,5962,0
KOTAKBANK,20190403,14:18,1348.35,1349.00,1347.45,1347.80,6362,0
KOTAKBANK,20190403,14:19,1347.40,1348.30,1347.00,1347.70,2039,0
KOTAKBANK,20190403,14:20,1347.30,1347.55,1346.10,1346.85,4639,0
KOTAKBANK,20190403,14:21,1346.90,1346.90,1344.25,1346.35,11187,0
KOTAKBANK,20190403,14:22,1346.30,1347.60,1346.30,1347.35,4139,0
KOTAKBANK,20190403,14:23,1347.95,1348.00,1347.05,1347.60,2831,0
KOTAKBANK,20190403,14:24,1347.55,1347.60,1346.50,1346.95,3399,0
KOTAKBANK,20190403,14:25,1347.05,1347.05,1345.50,1346.00,3426,0
KOTAKBANK,20190403,14:26,1346.40,1346.40,1345.10,1345.10,5603,0
KOTAKBANK,20190403,14:27,1345.45,1346.35,1345.10,1346.05,4852,0
KOTAKBANK,20190403,14:28,1345.80,1348.55,1345.75,1347.10,15796,0
KOTAKBANK,20190403,14:29,1347.05,1347.30,1346.75,1346.75,6065,0
KOTAKBANK,20190403,14:30,1346.70,1346.70,1345.70,1346.10,5282,0
KOTAKBANK,20190403,14:31,1346.00,1346.50,1344.45,1344.85,9938,0
KOTAKBANK,20190403,14:32,1344.90,1345.30,1338.30,1338.65,30888,0
KOTAKBANK,20190403,14:33,1339.55,1340.35,1339.00,1339.50,9084,0
KOTAKBANK,20190403,14:34,1339.50,1341.45,1339.25,1339.25,5354,0
KOTAKBANK,20190403,14:35,1339.25,1341.00,1339.00,1340.85,3901,0
KOTAKBANK,20190403,14:36,1340.85,1342.65,1340.15,1340.75,6663,0
KOTAKBANK,20190403,14:37,1340.00,1341.30,1339.65,1341.30,4138,0
KOTAKBANK,20190403,14:38,1341.00,1342.00,1340.85,1340.85,6337,0
KOTAKBANK,20190403,14:39,1340.95,1341.45,1340.50,1340.80,1695,0
KOTAKBANK,20190403,14:40,1340.80,1342.80,1340.35,1342.25,3016,0
KOTAKBANK,20190403,14:41,1342.05,1342.80,1342.00,1342.55,3309,0
KOTAKBANK,20190403,14:42,1342.55,1342.85,1342.00,1342.15,2395,0
KOTAKBANK,20190403,14:43,1342.75,1343.65,1342.10,1343.00,3658,0
KOTAKBANK,20190403,14:44,1343.35,1343.95,1343.00,1343.10,7284,0
KOTAKBANK,20190403,14:45,1343.15,1343.55,1341.65,1341.65,9818,0
KOTAKBANK,20190403,14:46,1341.70,1343.00,1341.40,1342.85,3851,0
KOTAKBANK,20190403,14:47,1342.85,1344.05,1342.60,1343.90,1629,0
KOTAKBANK,20190403,14:48,1343.85,1344.40,1343.10,1344.20,2859,0
KOTAKBANK,20190403,14:49,1344.20,1344.45,1343.50,1343.95,2027,0
KOTAKBANK,20190403,14:50,1343.95,1343.95,1343.20,1343.50,2286,0
KOTAKBANK,20190403,14:51,1343.75,1344.60,1343.20,1343.20,6401,0
KOTAKBANK,20190403,14:52,1343.20,1343.20,1341.90,1341.90,4971,0
KOTAKBANK,20190403,14:53,1341.95,1342.00,1339.60,1340.00,12699,0
KOTAKBANK,20190403,14:54,1340.00,1340.00,1339.45,1339.75,8784,0
KOTAKBANK,20190403,14:55,1340.00,1340.00,1339.45,1339.50,7062,0
KOTAKBANK,20190403,14:56,1339.55,1339.70,1339.00,1339.00,8888,0
KOTAKBANK,20190403,14:57,1339.00,1339.00,1337.05,1338.50,13685,0
KOTAKBANK,20190403,14:58,1338.35,1338.35,1335.10,1335.15,11695,0
KOTAKBANK,20190403,14:59,1335.15,1338.40,1335.15,1338.40,9216,0
KOTAKBANK,20190403,15:00,1337.45,1338.75,1336.50,1338.75,4589,0
KOTAKBANK,20190403,15:01,1338.10,1339.40,1337.00,1339.00,4107,0
KOTAKBANK,20190403,15:02,1338.10,1339.40,1338.05,1339.00,5361,0
KOTAKBANK,20190403,15:03,1339.00,1339.40,1338.00,1338.00,7320,0
KOTAKBANK,20190403,15:04,1338.05,1338.05,1336.40,1337.45,6475,0
KOTAKBANK,20190403,15:05,1337.05,1337.05,1335.00,1335.95,13111,0
KOTAKBANK,20190403,15:06,1335.95,1336.10,1334.95,1335.05,12038,0
KOTAKBANK,20190403,15:07,1335.10,1335.75,1334.50,1335.00,9230,0
KOTAKBANK,20190403,15:08,1334.80,1334.90,1332.40,1334.85,10113,0
KOTAKBANK,20190403,15:09,1334.50,1336.65,1334.20,1336.00,11304,0
KOTAKBANK,20190403,15:10,1336.15,1336.80,1335.20,1336.00,7738,0
KOTAKBANK,20190403,15:11,1336.20,1336.25,1334.55,1335.30,8255,0
KOTAKBANK,20190403,15:12,1335.35,1336.00,1335.00,1335.00,15475,0
KOTAKBANK,20190403,15:13,1334.50,1336.40,1334.15,1336.40,16147,0
KOTAKBANK,20190403,15:14,1336.40,1336.65,1334.55,1335.15,15078,0
KOTAKBANK,20190403,15:15,1335.15,1335.60,1334.00,1334.30,13633,0
KOTAKBANK,20190403,15:16,1334.35,1335.60,1334.10,1334.40,11522,0
KOTAKBANK,20190403,15:17,1334.35,1334.40,1331.00,1332.10,22968,0
KOTAKBANK,20190403,15:18,1332.25,1333.15,1331.20,1332.75,17734,0
KOTAKBANK,20190403,15:19,1332.75,1333.95,1332.75,1333.25,6895,0
KOTAKBANK,20190403,15:20,1332.80,1333.95,1332.40,1333.40,23302,0
KOTAKBANK,20190403,15:21,1333.45,1333.50,1332.40,1333.20,11028,0
KOTAKBANK,20190403,15:22,1333.20,1333.45,1331.40,1333.00,14894,0
KOTAKBANK,20190403,15:23,1333.35,1333.85,1333.00,1333.65,5953,0
KOTAKBANK,20190403,15:24,1333.85,1334.30,1333.10,1334.20,12862,0
KOTAKBANK,20190403,15:25,1334.00,1334.00,1332.15,1333.65,19443,0
KOTAKBANK,20190403,15:26,1333.65,1334.80,1333.35,1333.95,10529,0
KOTAKBANK,20190403,15:27,1333.95,1335.50,1333.95,1335.30,12390,0
KOTAKBANK,20190403,15:28,1335.15,1335.50,1333.45,1333.70,6847,0
KOTAKBANK,20190403,15:29,1332.80,1333.60,1332.00,1332.45,11203,0
KOTAKBANK,20190403,15:30,1332.55,1334.30,1331.95,1332.00,17330,0
KOTAKBANK,20190403,15:31,1333.00,1333.00,1333.00,1333.00,10,0
KOTAKBANK,20190403,15:32,1334.20,1334.20,1334.20,1334.20,0,0
KOTAKBANK,20190403,15:41,1334.20,1334.20,1334.20,1334.20,216,0
KOTAKBANK,20190403,15:42,1334.20,1334.20,1334.20,1334.20,161,0
KOTAKBANK,20190403,15:43,1334.20,1334.20,1334.20,1334.20,100,0
KOTAKBANK,20190403,15:47,1334.20,1334.20,1334.20,1334.20,50,0
KOTAKBANK,20190403,15:49,1334.20,1334.20,1334.20,1334.20,30,0
KOTAKBANK,20190403,15:50,1334.20,1334.20,1334.20,1334.20,50,0
KOTAKBANK,20190403,15:55,1334.20,1334.20,1334.20,1334.20,122,0
KOTAKBANK,20190403,15:57,1334.20,1334.20,1334.20,1334.20,1,0
KOTAKBANK,20190403,16:36,1334.20,1334.20,1334.20,1334.20,0,0
