VOLTAS,20190710,09:08,600.30,600.30,600.30,600.30,1883,0
VOLTAS,20190710,09:16,600.80,601.05,597.20,597.20,20078,0
VOLTAS,20190710,09:17,597.35,598.10,596.45,597.45,7394,0
VOLTAS,20190710,09:18,597.15,597.50,595.50,595.80,11746,0
VOLTAS,20190710,09:19,595.40,595.80,594.50,595.40,8994,0
VOLTAS,20190710,09:20,595.40,597.05,595.40,596.85,5992,0
VOLTAS,20190710,09:21,597.05,597.05,593.70,594.60,9066,0
VOLTAS,20190710,09:22,594.60,594.80,593.50,593.70,9744,0
VOLTAS,20190710,09:23,593.60,594.75,593.50,594.00,5237,0
VOLTAS,20190710,09:24,594.00,594.25,593.55,593.55,3652,0
VOLTAS,20190710,09:25,593.90,594.90,593.65,594.75,9957,0
VOLTAS,20190710,09:26,594.50,594.95,594.00,594.00,11335,0
VOLTAS,20190710,09:27,594.05,594.65,594.00,594.50,5477,0
VOLTAS,20190710,09:28,594.50,595.50,594.25,595.50,9272,0
VOLTAS,20190710,09:29,595.30,595.95,595.05,595.60,5920,0
VOLTAS,20190710,09:30,595.80,596.00,595.10,595.10,2882,0
VOLTAS,20190710,09:31,595.20,595.40,595.10,595.15,8471,0
VOLTAS,20190710,09:32,595.15,595.95,595.00,595.00,4351,0
VOLTAS,20190710,09:33,595.10,595.30,594.10,595.15,7069,0
VOLTAS,20190710,09:34,595.50,595.80,595.00,595.00,3461,0
VOLTAS,20190710,09:35,595.10,595.75,595.00,595.50,3644,0
VOLTAS,20190710,09:36,595.40,595.80,595.20,595.70,1073,0
VOLTAS,20190710,09:37,595.70,595.80,595.05,595.05,2452,0
VOLTAS,20190710,09:38,595.00,595.30,594.10,595.00,10257,0
VOLTAS,20190710,09:39,595.00,595.30,595.00,595.00,6352,0
VOLTAS,20190710,09:40,595.05,595.45,595.00,595.05,3444,0
VOLTAS,20190710,09:41,595.05,596.15,595.05,595.15,2755,0
VOLTAS,20190710,09:42,595.50,595.50,595.00,595.05,986,0
VOLTAS,20190710,09:43,595.00,595.45,594.20,594.20,10040,0
VOLTAS,20190710,09:44,594.10,595.15,594.00,595.10,5718,0
VOLTAS,20190710,09:45,595.10,595.75,595.10,595.75,2113,0
VOLTAS,20190710,09:46,595.70,595.90,595.60,595.70,901,0
VOLTAS,20190710,09:47,595.70,596.25,595.70,596.15,2008,0
VOLTAS,20190710,09:48,596.05,596.05,595.00,595.05,3286,0
VOLTAS,20190710,09:49,595.00,595.50,595.00,595.30,4901,0
VOLTAS,20190710,09:50,595.30,595.40,595.00,595.05,1007,0
VOLTAS,20190710,09:51,595.00,596.00,595.00,595.65,2337,0
VOLTAS,20190710,09:52,596.45,596.50,596.05,596.40,1378,0
VOLTAS,20190710,09:53,596.40,596.40,595.35,595.40,2114,0
VOLTAS,20190710,09:54,595.65,595.70,595.10,595.25,1340,0
VOLTAS,20190710,09:55,595.25,595.50,595.15,595.15,1897,0
VOLTAS,20190710,09:56,595.00,595.20,594.85,595.10,12327,0
VOLTAS,20190710,09:57,595.20,595.20,594.70,595.05,10479,0
VOLTAS,20190710,09:58,595.05,595.40,595.00,595.10,808,0
VOLTAS,20190710,09:59,595.35,595.40,595.00,595.05,856,0
VOLTAS,20190710,10:00,595.00,595.50,595.00,595.40,1135,0
VOLTAS,20190710,10:01,595.10,595.35,594.00,594.00,9795,0
VOLTAS,20190710,10:02,594.00,594.10,592.95,592.95,22260,0
VOLTAS,20190710,10:03,592.35,593.95,592.10,592.80,24364,0
VOLTAS,20190710,10:04,592.60,593.65,592.55,593.00,18736,0
VOLTAS,20190710,10:05,592.85,593.00,592.20,592.40,3129,0
VOLTAS,20190710,10:06,592.20,592.20,590.70,591.20,15938,0
VOLTAS,20190710,10:07,591.00,591.85,591.00,591.55,5479,0
VOLTAS,20190710,10:08,591.55,591.90,591.20,591.55,3545,0
VOLTAS,20190710,10:09,591.90,592.45,591.55,591.80,3531,0
VOLTAS,20190710,10:10,591.85,592.20,591.15,591.35,3938,0
VOLTAS,20190710,10:11,591.40,591.90,591.20,591.30,1177,0
VOLTAS,20190710,10:12,591.30,592.00,591.00,592.00,3253,0
VOLTAS,20190710,10:13,591.80,593.15,591.70,592.75,3335,0
VOLTAS,20190710,10:14,592.85,593.05,592.75,592.80,1686,0
VOLTAS,20190710,10:15,592.90,593.40,592.60,592.70,3382,0
VOLTAS,20190710,10:16,592.85,593.00,592.25,592.25,524,0
VOLTAS,20190710,10:17,592.25,592.50,592.05,592.30,1386,0
VOLTAS,20190710,10:18,592.35,592.85,592.35,592.55,727,0
VOLTAS,20190710,10:19,592.60,592.70,592.00,592.05,3143,0
VOLTAS,20190710,10:20,592.40,592.50,591.90,591.90,1479,0
VOLTAS,20190710,10:21,592.00,592.50,591.45,592.50,2501,0
VOLTAS,20190710,10:22,591.90,592.90,591.80,592.55,1601,0
VOLTAS,20190710,10:23,592.85,593.15,591.90,591.90,2170,0
VOLTAS,20190710,10:24,592.00,593.00,591.95,592.70,547,0
VOLTAS,20190710,10:25,592.75,592.90,592.55,592.70,551,0
VOLTAS,20190710,10:26,592.80,593.00,592.65,592.75,437,0
VOLTAS,20190710,10:27,593.00,593.45,593.00,593.45,1171,0
VOLTAS,20190710,10:28,593.50,593.50,593.00,593.15,997,0
VOLTAS,20190710,10:29,593.15,593.30,592.55,592.70,1161,0
VOLTAS,20190710,10:30,593.40,594.25,593.15,594.00,4675,0
VOLTAS,20190710,10:31,594.00,594.25,593.35,593.35,838,0
VOLTAS,20190710,10:32,593.35,593.80,593.25,593.80,847,0
VOLTAS,20190710,10:33,593.50,594.00,593.30,594.00,935,0
VOLTAS,20190710,10:34,593.75,594.90,593.60,594.60,3784,0
VOLTAS,20190710,10:35,594.60,594.90,594.10,594.10,983,0
VOLTAS,20190710,10:36,594.35,595.05,594.10,594.75,4355,0
VOLTAS,20190710,10:37,594.75,595.20,594.70,595.00,2066,0
VOLTAS,20190710,10:38,595.10,595.10,594.40,594.45,1035,0
VOLTAS,20190710,10:39,594.45,594.60,594.00,594.25,1015,0
VOLTAS,20190710,10:40,594.05,594.05,593.45,593.90,982,0
VOLTAS,20190710,10:41,593.55,594.25,593.40,594.05,774,0
VOLTAS,20190710,10:42,594.40,594.40,594.05,594.40,1031,0
VOLTAS,20190710,10:43,594.40,595.00,594.40,594.70,1422,0
VOLTAS,20190710,10:44,594.65,594.70,594.10,594.30,1091,0
VOLTAS,20190710,10:45,594.45,594.45,594.10,594.25,388,0
VOLTAS,20190710,10:46,594.15,594.35,593.80,593.95,462,0
VOLTAS,20190710,10:47,594.10,594.50,594.00,594.10,1117,0
VOLTAS,20190710,10:48,594.50,594.80,594.20,594.25,1067,0
VOLTAS,20190710,10:49,594.30,594.30,593.40,593.80,1305,0
VOLTAS,20190710,10:50,593.45,594.20,593.45,593.85,1704,0
VOLTAS,20190710,10:51,594.05,594.15,593.85,593.95,387,0
VOLTAS,20190710,10:52,594.05,594.35,593.90,594.05,900,0
VOLTAS,20190710,10:53,594.15,594.60,593.90,594.30,1108,0
VOLTAS,20190710,10:54,594.20,594.60,593.85,594.20,1064,0
VOLTAS,20190710,10:55,594.30,594.45,593.65,593.85,1209,0
VOLTAS,20190710,10:56,593.80,594.55,593.60,594.25,605,0
VOLTAS,20190710,10:57,594.15,594.60,594.05,594.35,950,0
VOLTAS,20190710,10:58,594.35,594.50,594.35,594.35,1142,0
VOLTAS,20190710,10:59,594.35,594.50,594.10,594.40,515,0
VOLTAS,20190710,11:00,594.50,595.55,594.40,595.55,7065,0
VOLTAS,20190710,11:01,595.60,596.45,595.60,596.15,3504,0
VOLTAS,20190710,11:02,596.15,596.35,596.00,596.00,3351,0
VOLTAS,20190710,11:03,596.00,596.30,595.85,596.00,1464,0
VOLTAS,20190710,11:04,596.20,596.20,596.00,596.20,453,0
VOLTAS,20190710,11:05,596.05,596.20,595.80,595.80,938,0
VOLTAS,20190710,11:06,595.50,595.60,594.75,594.75,993,0
VOLTAS,20190710,11:07,594.70,595.40,594.70,594.70,2044,0
VOLTAS,20190710,11:08,594.90,594.90,594.30,594.40,751,0
VOLTAS,20190710,11:09,594.40,594.40,593.90,593.90,626,0
VOLTAS,20190710,11:10,593.90,594.30,593.80,593.80,710,0
VOLTAS,20190710,11:11,594.05,594.20,593.10,593.50,1507,0
VOLTAS,20190710,11:12,593.60,593.60,593.10,593.20,503,0
VOLTAS,20190710,11:13,592.75,592.75,591.50,591.75,7172,0
VOLTAS,20190710,11:14,591.85,592.00,591.75,591.95,770,0
VOLTAS,20190710,11:15,591.95,593.00,591.95,592.90,2761,0
VOLTAS,20190710,11:16,592.90,592.90,591.75,592.00,1555,0
VOLTAS,20190710,11:17,592.20,592.25,591.75,591.80,655,0
VOLTAS,20190710,11:18,591.85,592.00,591.80,591.85,1291,0
VOLTAS,20190710,11:19,591.90,592.25,591.85,592.05,1054,0
VOLTAS,20190710,11:20,592.00,592.40,592.00,592.30,816,0
VOLTAS,20190710,11:21,592.00,592.45,591.90,592.45,706,0
VOLTAS,20190710,11:22,592.20,592.80,592.10,592.75,332,0
VOLTAS,20190710,11:23,592.60,592.80,592.30,592.80,1709,0
VOLTAS,20190710,11:24,592.80,592.80,592.50,592.60,503,0
VOLTAS,20190710,11:25,592.80,592.90,592.40,592.90,860,0
VOLTAS,20190710,11:26,592.75,592.85,592.40,592.40,413,0
VOLTAS,20190710,11:27,592.45,592.90,592.35,592.35,658,0
VOLTAS,20190710,11:28,592.35,592.80,592.10,592.30,803,0
VOLTAS,20190710,11:29,592.15,592.55,592.00,592.00,410,0
VOLTAS,20190710,11:30,592.15,593.00,592.15,592.25,1537,0
VOLTAS,20190710,11:31,592.25,592.50,592.10,592.15,481,0
VOLTAS,20190710,11:32,592.40,592.40,591.60,591.65,2575,0
VOLTAS,20190710,11:33,591.75,591.80,591.50,591.50,562,0
VOLTAS,20190710,11:34,591.65,591.65,591.30,591.45,2382,0
VOLTAS,20190710,11:35,591.50,591.50,591.30,591.35,487,0
VOLTAS,20190710,11:36,591.30,591.50,591.30,591.30,675,0
VOLTAS,20190710,11:37,591.40,591.50,591.20,591.35,1542,0
VOLTAS,20190710,11:38,591.35,591.95,591.05,591.95,3067,0
VOLTAS,20190710,11:39,591.95,591.95,591.60,591.60,898,0
VOLTAS,20190710,11:40,591.55,591.55,591.15,591.50,912,0
VOLTAS,20190710,11:41,591.45,591.80,591.45,591.80,656,0
VOLTAS,20190710,11:42,591.75,591.75,591.15,591.50,769,0
VOLTAS,20190710,11:43,591.65,591.65,591.25,591.45,897,0
VOLTAS,20190710,11:44,591.40,591.60,591.15,591.60,958,0
VOLTAS,20190710,11:45,591.50,591.80,591.45,591.60,468,0
VOLTAS,20190710,11:46,591.55,591.65,591.20,591.45,922,0
VOLTAS,20190710,11:47,591.30,591.75,591.20,591.30,484,0
VOLTAS,20190710,11:48,591.60,591.60,591.30,591.30,413,0
VOLTAS,20190710,11:49,591.45,592.40,591.30,592.40,1344,0
VOLTAS,20190710,11:50,592.05,592.20,592.00,592.05,424,0
VOLTAS,20190710,11:51,592.50,593.05,592.40,593.00,2421,0
VOLTAS,20190710,11:52,593.10,593.10,592.75,592.75,1039,0
VOLTAS,20190710,11:53,592.70,593.10,592.70,592.75,602,0
VOLTAS,20190710,11:54,592.70,592.95,592.60,592.95,1011,0
VOLTAS,20190710,11:55,592.75,593.00,592.55,592.55,706,0
VOLTAS,20190710,11:56,592.55,592.55,592.20,592.40,613,0
VOLTAS,20190710,11:57,592.35,593.00,592.25,593.00,560,0
VOLTAS,20190710,11:58,593.10,593.50,592.50,592.90,758,0
VOLTAS,20190710,11:59,592.80,593.10,592.60,593.10,1539,0
VOLTAS,20190710,12:00,593.20,593.55,593.05,593.55,471,0
VOLTAS,20190710,12:01,593.20,593.30,592.45,592.55,1194,0
VOLTAS,20190710,12:02,592.55,592.75,592.25,592.25,660,0
VOLTAS,20190710,12:03,592.30,592.35,592.00,592.10,693,0
VOLTAS,20190710,12:04,592.00,592.30,591.55,591.65,2333,0
VOLTAS,20190710,12:05,591.70,591.70,591.30,591.40,572,0
VOLTAS,20190710,12:06,591.45,592.00,591.45,591.60,1076,0
VOLTAS,20190710,12:07,591.55,591.90,591.40,591.60,537,0
VOLTAS,20190710,12:08,591.60,592.00,591.55,591.75,615,0
VOLTAS,20190710,12:09,591.70,592.00,591.60,591.60,451,0
VOLTAS,20190710,12:10,591.65,592.00,591.65,592.00,1110,0
VOLTAS,20190710,12:11,591.95,592.00,591.60,592.00,973,0
VOLTAS,20190710,12:12,591.85,591.95,591.60,591.60,583,0
VOLTAS,20190710,12:13,591.65,592.00,591.60,592.00,452,0
VOLTAS,20190710,12:14,592.00,592.55,591.60,592.55,1977,0
VOLTAS,20190710,12:15,592.95,592.95,592.30,592.95,697,0
VOLTAS,20190710,12:16,592.55,592.75,592.30,592.45,543,0
VOLTAS,20190710,12:17,592.75,593.00,592.30,592.70,1104,0
VOLTAS,20190710,12:18,592.80,594.30,592.75,593.75,4642,0
VOLTAS,20190710,12:19,593.90,593.95,593.75,593.95,694,0
VOLTAS,20190710,12:20,593.90,594.95,593.90,594.80,4733,0
VOLTAS,20190710,12:21,594.65,594.95,594.25,594.25,1369,0
VOLTAS,20190710,12:22,594.20,594.45,594.10,594.20,426,0
VOLTAS,20190710,12:23,594.10,594.20,593.60,593.70,2367,0
VOLTAS,20190710,12:24,593.80,594.20,593.45,593.55,1628,0
VOLTAS,20190710,12:25,593.85,593.85,592.85,592.90,921,0
VOLTAS,20190710,12:26,593.10,593.15,592.85,592.85,402,0
VOLTAS,20190710,12:27,592.85,592.90,592.30,592.35,433,0
VOLTAS,20190710,12:28,592.35,592.75,592.10,592.30,2779,0
VOLTAS,20190710,12:29,592.35,592.75,592.05,592.65,2455,0
VOLTAS,20190710,12:30,592.75,593.20,592.35,592.55,723,0
VOLTAS,20190710,12:31,592.45,592.45,591.90,591.90,1615,0
VOLTAS,20190710,12:32,591.80,591.95,591.65,591.70,950,0
VOLTAS,20190710,12:33,591.80,592.30,591.50,591.95,1760,0
VOLTAS,20190710,12:34,592.25,592.25,591.70,591.75,432,0
VOLTAS,20190710,12:35,592.05,592.15,591.70,591.70,369,0
VOLTAS,20190710,12:36,591.80,592.10,591.70,592.10,413,0
VOLTAS,20190710,12:37,591.90,592.30,591.75,591.80,520,0
VOLTAS,20190710,12:38,591.80,592.15,591.70,591.90,454,0
VOLTAS,20190710,12:39,591.70,592.00,591.60,591.80,989,0
VOLTAS,20190710,12:40,591.75,592.15,591.40,591.40,2578,0
VOLTAS,20190710,12:41,591.45,591.85,591.30,591.80,632,0
VOLTAS,20190710,12:42,591.50,591.80,591.50,591.50,389,0
VOLTAS,20190710,12:43,591.55,591.60,591.20,591.60,1648,0
VOLTAS,20190710,12:44,591.35,591.60,591.20,591.25,1014,0
VOLTAS,20190710,12:45,591.35,591.95,591.25,591.60,1835,0
VOLTAS,20190710,12:46,591.60,591.85,591.40,591.45,859,0
VOLTAS,20190710,12:47,591.75,591.80,591.50,591.55,375,0
VOLTAS,20190710,12:48,591.50,591.75,591.45,591.75,394,0
VOLTAS,20190710,12:49,591.60,591.75,591.45,591.55,833,0
VOLTAS,20190710,12:50,591.60,591.75,591.25,591.40,1305,0
VOLTAS,20190710,12:51,591.40,591.70,591.20,591.70,1120,0
VOLTAS,20190710,12:52,591.65,591.65,591.20,591.20,709,0
VOLTAS,20190710,12:53,591.25,591.25,590.60,590.95,6971,0
VOLTAS,20190710,12:54,590.55,591.40,590.55,591.30,3168,0
VOLTAS,20190710,12:55,591.05,591.50,591.05,591.35,2048,0
VOLTAS,20190710,12:56,591.45,591.60,591.30,591.50,796,0
VOLTAS,20190710,12:57,591.55,592.05,591.35,591.60,722,0
VOLTAS,20190710,12:58,591.60,592.10,591.60,592.00,460,0
VOLTAS,20190710,12:59,591.95,592.20,591.85,592.20,573,0
VOLTAS,20190710,13:00,592.05,592.20,591.90,592.20,452,0
VOLTAS,20190710,13:01,592.30,592.30,591.95,592.00,392,0
VOLTAS,20190710,13:02,591.95,592.20,591.85,591.90,408,0
VOLTAS,20190710,13:03,591.95,592.30,591.80,591.85,356,0
VOLTAS,20190710,13:04,591.85,592.20,591.50,591.50,1842,0
VOLTAS,20190710,13:05,591.90,592.50,591.65,592.50,3078,0
VOLTAS,20190710,13:06,592.40,592.40,592.05,592.05,506,0
VOLTAS,20190710,13:07,592.20,592.85,592.00,592.85,2184,0
VOLTAS,20190710,13:08,592.65,592.80,592.40,592.45,376,0
VOLTAS,20190710,13:09,592.40,592.90,592.20,592.90,1874,0
VOLTAS,20190710,13:10,592.90,592.90,592.55,592.55,911,0
VOLTAS,20190710,13:11,592.90,593.40,592.60,593.15,1252,0
VOLTAS,20190710,13:12,593.15,593.40,593.10,593.10,440,0
VOLTAS,20190710,13:13,593.15,593.30,593.10,593.15,656,0
VOLTAS,20190710,13:14,593.25,593.35,592.85,593.20,668,0
VOLTAS,20190710,13:15,593.15,593.15,592.55,593.15,564,0
VOLTAS,20190710,13:16,592.90,593.40,592.90,593.05,735,0
VOLTAS,20190710,13:17,593.10,593.30,592.80,593.00,481,0
VOLTAS,20190710,13:18,592.90,593.25,592.60,592.90,736,0
VOLTAS,20190710,13:19,593.25,596.00,593.25,595.90,8616,0
VOLTAS,20190710,13:20,595.85,596.55,595.85,596.45,8238,0
VOLTAS,20190710,13:21,596.45,597.30,596.35,596.90,8351,0
VOLTAS,20190710,13:22,596.50,596.60,596.30,596.50,2257,0
VOLTAS,20190710,13:23,596.50,597.40,596.50,597.15,3290,0
VOLTAS,20190710,13:24,597.00,597.00,596.10,596.40,6103,0
VOLTAS,20190710,13:25,596.30,596.30,595.15,595.60,2473,0
VOLTAS,20190710,13:26,595.30,595.30,594.20,594.25,4112,0
VOLTAS,20190710,13:27,594.45,594.60,593.70,594.10,4362,0
VOLTAS,20190710,13:28,594.05,594.20,593.50,593.50,1225,0
VOLTAS,20190710,13:29,593.40,594.30,593.05,593.80,3186,0
VOLTAS,20190710,13:30,593.90,594.10,593.75,594.05,583,0
VOLTAS,20190710,13:31,594.05,595.50,594.05,595.45,3944,0
VOLTAS,20190710,13:32,594.90,594.95,594.75,594.75,520,0
VOLTAS,20190710,13:33,594.85,594.95,594.35,594.95,926,0
VOLTAS,20190710,13:34,595.25,595.65,595.05,595.65,2937,0
VOLTAS,20190710,13:35,595.50,595.65,595.25,595.65,403,0
VOLTAS,20190710,13:36,595.65,596.60,595.65,596.00,2197,0
VOLTAS,20190710,13:37,596.45,596.45,596.00,596.25,179,0
VOLTAS,20190710,13:38,596.30,596.30,596.05,596.20,1070,0
VOLTAS,20190710,13:39,596.20,596.90,596.20,596.70,2860,0
VOLTAS,20190710,13:40,596.70,596.85,596.15,596.55,798,0
VOLTAS,20190710,13:41,596.30,596.55,596.30,596.40,420,0
VOLTAS,20190710,13:42,596.85,598.00,596.85,597.00,5420,0
VOLTAS,20190710,13:43,596.95,597.05,596.05,596.90,3168,0
VOLTAS,20190710,13:44,596.50,597.90,596.50,597.65,1690,0
VOLTAS,20190710,13:45,597.80,598.40,597.30,598.20,5341,0
VOLTAS,20190710,13:46,598.20,598.30,597.50,597.50,5442,0
VOLTAS,20190710,13:47,597.85,597.85,596.50,596.55,1885,0
VOLTAS,20190710,13:48,596.35,597.45,596.10,597.45,1412,0
VOLTAS,20190710,13:49,597.40,597.40,596.90,597.20,1614,0
VOLTAS,20190710,13:50,597.30,597.90,597.30,597.65,2498,0
VOLTAS,20190710,13:51,597.65,598.00,597.60,597.95,438,0
VOLTAS,20190710,13:52,597.25,597.65,597.25,597.35,506,0
VOLTAS,20190710,13:53,597.35,597.35,596.10,596.10,4276,0
VOLTAS,20190710,13:54,596.35,597.20,596.30,596.45,3130,0
VOLTAS,20190710,13:55,596.45,596.45,595.60,596.25,2850,0
VOLTAS,20190710,13:56,596.00,596.15,595.70,596.00,4688,0
VOLTAS,20190710,13:57,595.75,595.90,595.30,595.60,2801,0
VOLTAS,20190710,13:58,595.40,595.40,594.25,594.50,5202,0
VOLTAS,20190710,13:59,594.50,594.90,594.10,594.90,2864,0
VOLTAS,20190710,14:00,594.60,594.90,594.10,594.50,3296,0
VOLTAS,20190710,14:01,594.20,594.55,593.50,593.75,3448,0
VOLTAS,20190710,14:02,593.70,594.45,593.00,594.10,6012,0
VOLTAS,20190710,14:03,594.10,594.10,592.75,593.10,5780,0
VOLTAS,20190710,14:04,593.10,593.10,592.50,592.95,3214,0
VOLTAS,20190710,14:05,592.50,592.85,592.10,592.60,4526,0
VOLTAS,20190710,14:06,592.55,592.75,592.55,592.75,673,0
VOLTAS,20190710,14:07,592.65,593.55,592.55,593.45,928,0
VOLTAS,20190710,14:08,593.10,593.40,592.80,593.20,1359,0
VOLTAS,20190710,14:09,593.20,593.70,592.85,593.40,1433,0
VOLTAS,20190710,14:10,593.50,593.80,593.00,593.45,493,0
VOLTAS,20190710,14:11,593.45,594.00,593.35,594.00,1001,0
VOLTAS,20190710,14:12,593.75,594.00,593.25,593.90,399,0
VOLTAS,20190710,14:13,593.90,593.90,593.15,593.45,279,0
VOLTAS,20190710,14:14,593.25,594.00,593.25,594.00,684,0
VOLTAS,20190710,14:15,593.75,594.20,593.35,593.35,1070,0
VOLTAS,20190710,14:16,593.30,593.35,592.85,593.15,846,0
VOLTAS,20190710,14:17,592.75,592.95,592.60,592.60,1218,0
VOLTAS,20190710,14:18,592.75,592.85,592.30,592.85,572,0
VOLTAS,20190710,14:19,592.75,592.85,592.45,592.85,257,0
VOLTAS,20190710,14:20,592.85,592.85,592.50,592.85,531,0
VOLTAS,20190710,14:21,592.85,592.85,592.40,592.85,645,0
VOLTAS,20190710,14:22,592.85,592.85,592.45,592.75,316,0
VOLTAS,20190710,14:23,592.80,592.85,592.60,592.85,182,0
VOLTAS,20190710,14:24,592.85,593.05,592.60,592.80,1119,0
VOLTAS,20190710,14:25,592.80,593.00,592.60,593.00,381,0
VOLTAS,20190710,14:26,593.00,593.20,592.65,593.10,176,0
VOLTAS,20190710,14:27,593.10,593.10,592.80,593.00,545,0
VOLTAS,20190710,14:28,593.00,593.00,592.70,593.00,347,0
VOLTAS,20190710,14:29,593.00,593.00,592.25,592.25,1319,0
VOLTAS,20190710,14:30,592.20,592.50,591.95,592.40,4362,0
VOLTAS,20190710,14:31,592.60,592.70,591.50,591.75,3073,0
VOLTAS,20190710,14:32,591.70,592.15,591.40,591.80,968,0
VOLTAS,20190710,14:33,592.05,592.75,591.90,592.75,815,0
VOLTAS,20190710,14:34,592.75,593.00,592.75,593.00,283,0
VOLTAS,20190710,14:35,593.00,593.10,592.80,592.85,1183,0
VOLTAS,20190710,14:36,592.95,593.15,592.55,593.05,5034,0
VOLTAS,20190710,14:37,593.05,593.05,592.80,593.00,2115,0
VOLTAS,20190710,14:38,593.00,593.00,592.55,592.70,1052,0
VOLTAS,20190710,14:39,592.70,592.70,592.65,592.65,327,0
VOLTAS,20190710,14:40,592.65,592.70,591.90,592.25,3202,0
VOLTAS,20190710,14:41,592.25,592.25,591.50,591.75,898,0
VOLTAS,20190710,14:42,592.10,592.65,591.90,592.65,3817,0
VOLTAS,20190710,14:43,592.55,592.55,592.30,592.30,226,0
VOLTAS,20190710,14:44,592.45,592.85,592.30,592.85,3091,0
VOLTAS,20190710,14:45,592.85,593.05,592.45,592.80,3484,0
VOLTAS,20190710,14:46,592.75,592.90,592.65,592.70,2057,0
VOLTAS,20190710,14:47,592.70,592.70,592.35,592.35,3666,0
VOLTAS,20190710,14:48,592.30,592.65,592.00,592.00,737,0
VOLTAS,20190710,14:49,592.40,592.65,592.40,592.55,598,0
VOLTAS,20190710,14:50,592.55,592.60,592.10,592.35,1616,0
VOLTAS,20190710,14:51,592.40,592.40,591.75,591.80,530,0
VOLTAS,20190710,14:52,592.00,592.20,591.70,592.00,238,0
VOLTAS,20190710,14:53,592.00,592.30,591.70,592.00,1238,0
VOLTAS,20190710,14:54,592.00,592.50,592.00,592.40,951,0
VOLTAS,20190710,14:55,592.40,592.50,592.35,592.50,885,0
VOLTAS,20190710,14:56,592.50,592.55,592.35,592.50,910,0
VOLTAS,20190710,14:57,592.50,592.50,592.50,592.50,328,0
VOLTAS,20190710,14:58,592.50,592.50,592.30,592.50,1381,0
VOLTAS,20190710,14:59,592.55,592.55,592.00,592.00,3167,0
VOLTAS,20190710,15:00,592.00,592.00,591.25,591.50,2505,0
VOLTAS,20190710,15:01,591.50,591.75,591.15,591.45,2536,0
VOLTAS,20190710,15:02,591.15,591.15,589.10,590.65,26340,0
VOLTAS,20190710,15:03,590.65,591.90,590.65,591.45,2777,0
VOLTAS,20190710,15:04,591.90,592.30,591.50,591.85,2809,0
VOLTAS,20190710,15:05,592.15,592.45,591.05,591.20,6288,0
VOLTAS,20190710,15:06,591.20,591.40,590.50,590.50,3938,0
VOLTAS,20190710,15:07,590.50,591.00,590.50,590.55,2534,0
VOLTAS,20190710,15:08,590.75,590.90,589.70,590.00,7270,0
VOLTAS,20190710,15:09,590.00,591.10,590.00,590.80,4463,0
VOLTAS,20190710,15:10,591.10,591.35,590.95,591.00,1262,0
VOLTAS,20190710,15:11,591.25,591.40,590.80,591.10,5007,0
VOLTAS,20190710,15:12,591.05,591.10,590.35,590.60,3147,0
VOLTAS,20190710,15:13,590.50,590.60,589.95,590.00,4314,0
VOLTAS,20190710,15:14,590.00,590.35,589.85,590.00,3491,0
VOLTAS,20190710,15:15,590.00,591.00,590.00,591.00,4634,0
VOLTAS,20190710,15:16,591.50,591.50,590.60,590.80,18057,0
VOLTAS,20190710,15:17,590.80,591.45,590.80,591.35,9547,0
VOLTAS,20190710,15:18,591.35,591.35,590.85,590.90,4419,0
VOLTAS,20190710,15:19,591.00,591.45,590.85,591.10,10438,0
VOLTAS,20190710,15:20,591.15,591.30,590.90,591.05,25458,0
VOLTAS,20190710,15:21,591.05,591.10,590.50,590.50,6824,0
VOLTAS,20190710,15:22,590.65,591.30,590.50,591.30,4760,0
VOLTAS,20190710,15:23,591.30,591.30,590.60,590.60,8511,0
VOLTAS,20190710,15:24,591.05,591.10,590.65,591.00,2037,0
VOLTAS,20190710,15:25,591.00,592.00,590.80,592.00,98655,0
VOLTAS,20190710,15:26,592.00,592.00,591.05,591.10,126290,0
VOLTAS,20190710,15:27,591.10,591.25,590.25,590.55,14681,0
VOLTAS,20190710,15:28,590.65,591.10,590.45,590.65,2572,0
VOLTAS,20190710,15:29,590.65,591.50,590.50,590.50,10514,0
VOLTAS,20190710,15:30,591.15,591.50,590.45,591.10,9121,0
VOLTAS,20190710,15:32,591.30,591.30,591.30,591.30,0,0
VOLTAS,20190710,15:45,591.30,591.30,591.30,591.30,25,0
VOLTAS,20190710,16:39,591.30,591.30,591.30,591.30,0,0
