BANKBARODA_F1,20210820,09:16,77.30,77.50,77.05,77.30,1053000,153504000
BANKBARODA_F1,20210820,09:17,77.15,77.30,77.00,77.30,549900,153504000
BANKBARODA_F1,20210820,09:18,77.20,77.35,77.00,77.35,292500,154170896
BANKBARODA_F1,20210820,09:19,77.35,77.60,77.25,77.55,210600,154170896
BANKBARODA_F1,20210820,09:20,77.70,77.80,77.60,77.80,386100,154170896
BANKBARODA_F1,20210820,09:21,77.80,77.80,77.70,77.75,538200,154229408
BANKBARODA_F1,20210820,09:22,77.70,77.90,77.60,77.80,245700,154229408
BANKBARODA_F1,20210820,09:23,77.80,77.80,77.60,77.70,234000,154229408
BANKBARODA_F1,20210820,09:24,77.75,77.95,77.75,77.75,245700,154463392
BANKBARODA_F1,20210820,09:25,77.85,77.85,77.75,77.85,58500,154463392
BANKBARODA_F1,20210820,09:26,77.80,77.90,77.80,77.90,105300,154463392
BANKBARODA_F1,20210820,09:27,78.05,78.20,78.00,78.00,596700,154603808
BANKBARODA_F1,20210820,09:28,78.00,78.00,77.95,77.95,140400,154603808
BANKBARODA_F1,20210820,09:29,77.95,78.00,77.90,78.00,81900,154603808
BANKBARODA_F1,20210820,09:30,78.00,78.05,78.00,78.05,128700,154779296
BANKBARODA_F1,20210820,09:31,78.10,78.10,77.95,77.95,292500,154779296
BANKBARODA_F1,20210820,09:32,77.95,78.00,77.90,78.00,140400,154779296
BANKBARODA_F1,20210820,09:33,77.90,77.90,77.90,77.90,35100,154779296
BANKBARODA_F1,20210820,09:34,78.00,78.05,78.00,78.05,81900,154908000
BANKBARODA_F1,20210820,09:35,78.15,78.15,78.10,78.10,58500,154908000
BANKBARODA_F1,20210820,09:36,78.10,78.15,78.10,78.10,140400,154755904
BANKBARODA_F1,20210820,09:37,78.15,78.15,78.15,78.15,117000,154755904
BANKBARODA_F1,20210820,09:38,78.10,78.20,78.10,78.20,152100,154755904
BANKBARODA_F1,20210820,09:39,78.25,78.25,78.15,78.15,81900,154638896
BANKBARODA_F1,20210820,09:40,78.10,78.20,78.10,78.10,46800,154638896
BANKBARODA_F1,20210820,09:41,78.10,78.30,78.10,78.30,210600,154638896
BANKBARODA_F1,20210820,09:42,78.20,78.20,78.15,78.15,152100,154592096
BANKBARODA_F1,20210820,09:43,78.25,78.25,78.20,78.20,198900,154592096
BANKBARODA_F1,20210820,09:44,78.20,78.20,78.10,78.15,93600,154592096
BANKBARODA_F1,20210820,09:45,78.10,78.10,77.90,77.90,117000,154440000
BANKBARODA_F1,20210820,09:46,77.95,77.95,77.85,77.85,163800,154440000
BANKBARODA_F1,20210820,09:47,77.85,78.00,77.85,78.00,152100,154440000
BANKBARODA_F1,20210820,09:48,78.00,78.00,78.00,78.00,23400,154440000
BANKBARODA_F1,20210820,09:49,78.00,78.05,78.00,78.00,93600,154440000
BANKBARODA_F1,20210820,09:50,78.00,78.20,78.00,78.15,93600,154440000
BANKBARODA_F1,20210820,09:51,78.15,78.20,78.10,78.10,93600,154416608
BANKBARODA_F1,20210820,09:52,78.10,78.10,78.05,78.05,81900,154416608
BANKBARODA_F1,20210820,09:53,78.10,78.15,78.00,78.00,152100,154416608
BANKBARODA_F1,20210820,09:54,78.00,78.00,78.00,78.00,105300,154440000
BANKBARODA_F1,20210820,09:55,78.10,78.20,78.10,78.20,35100,154440000
BANKBARODA_F1,20210820,09:56,78.10,78.10,78.05,78.05,46800,154440000
BANKBARODA_F1,20210820,09:58,78.05,78.05,78.05,78.05,35100,154451696
BANKBARODA_F1,20210820,09:59,78.00,78.00,78.00,78.00,35100,154451696
BANKBARODA_F1,20210820,10:00,78.00,78.00,77.90,77.90,70200,154440000
BANKBARODA_F1,20210820,10:01,77.85,77.85,77.85,77.85,152100,154440000
BANKBARODA_F1,20210820,10:02,77.85,77.85,77.70,77.70,210600,154440000
BANKBARODA_F1,20210820,10:03,77.75,77.80,77.75,77.80,128700,154498496
BANKBARODA_F1,20210820,10:04,77.75,77.85,77.70,77.85,117000,154498496
BANKBARODA_F1,20210820,10:05,77.90,77.90,77.85,77.85,81900,154498496
BANKBARODA_F1,20210820,10:06,77.85,77.85,77.85,77.85,23400,154498496
BANKBARODA_F1,20210820,10:07,77.85,77.85,77.65,77.70,444600,154521904
BANKBARODA_F1,20210820,10:08,77.70,77.70,77.70,77.70,81900,154521904
BANKBARODA_F1,20210820,10:09,77.70,77.70,77.70,77.70,11700,154428304
BANKBARODA_F1,20210820,10:10,77.65,77.65,77.50,77.50,152100,154428304
BANKBARODA_F1,20210820,10:11,77.55,77.55,77.50,77.50,81900,154428304
BANKBARODA_F1,20210820,10:12,77.45,77.50,77.45,77.50,163800,154486800
BANKBARODA_F1,20210820,10:13,77.50,77.50,77.45,77.45,93600,154486800
BANKBARODA_F1,20210820,10:14,77.45,77.50,77.45,77.50,152100,154486800
BANKBARODA_F1,20210820,10:15,77.50,77.50,77.50,77.50,11700,154592096
BANKBARODA_F1,20210820,10:16,77.50,77.50,77.40,77.40,128700,154592096
BANKBARODA_F1,20210820,10:17,77.35,77.45,77.35,77.35,187200,154592096
BANKBARODA_F1,20210820,10:18,77.35,77.40,77.35,77.40,105300,154767600
BANKBARODA_F1,20210820,10:19,77.35,77.35,77.25,77.25,409500,154767600
BANKBARODA_F1,20210820,10:20,77.25,77.35,77.25,77.35,81900,154767600
BANKBARODA_F1,20210820,10:21,77.30,77.40,77.30,77.30,81900,154685696
BANKBARODA_F1,20210820,10:22,77.30,77.30,77.25,77.25,81900,154685696
BANKBARODA_F1,20210820,10:23,77.20,77.20,77.10,77.10,198900,154685696
BANKBARODA_F1,20210820,10:24,77.05,77.10,77.05,77.10,292500,154826096
BANKBARODA_F1,20210820,10:25,77.10,77.10,77.10,77.10,210600,154826096
BANKBARODA_F1,20210820,10:26,77.10,77.10,77.00,77.00,70200,154826096
BANKBARODA_F1,20210820,10:27,77.05,77.05,77.00,77.00,105300,155048400
BANKBARODA_F1,20210820,10:28,77.00,77.10,76.90,76.95,245700,155048400
BANKBARODA_F1,20210820,10:29,76.90,77.05,76.90,77.05,128700,155048400
BANKBARODA_F1,20210820,10:30,77.00,77.00,76.90,76.95,152100,155142000
BANKBARODA_F1,20210820,10:31,76.95,77.00,76.90,76.95,163800,155142000
BANKBARODA_F1,20210820,10:32,77.10,77.10,77.00,77.00,631800,155142000
BANKBARODA_F1,20210820,10:33,77.00,77.00,76.90,76.90,514800,155668496
BANKBARODA_F1,20210820,10:34,77.00,77.00,76.80,76.80,198900,155668496
BANKBARODA_F1,20210820,10:35,76.65,76.75,76.65,76.75,222300,155668496
BANKBARODA_F1,20210820,10:36,76.75,76.75,76.65,76.70,210600,155984400
BANKBARODA_F1,20210820,10:37,76.70,76.70,76.60,76.65,175500,155984400
BANKBARODA_F1,20210820,10:38,76.65,76.65,76.65,76.65,128700,155984400
BANKBARODA_F1,20210820,10:39,76.60,76.75,76.55,76.60,351000,155996096
BANKBARODA_F1,20210820,10:40,76.65,76.75,76.65,76.65,163800,155996096
BANKBARODA_F1,20210820,10:41,76.65,76.75,76.65,76.70,596700,155996096
BANKBARODA_F1,20210820,10:42,76.75,76.75,76.70,76.70,81900,155996096
BANKBARODA_F1,20210820,10:43,76.75,76.75,76.55,76.65,140400,156031200
BANKBARODA_F1,20210820,10:44,76.60,76.65,76.60,76.65,117000,156031200
BANKBARODA_F1,20210820,10:45,76.60,76.70,76.60,76.65,128700,156066304
BANKBARODA_F1,20210820,10:46,76.65,76.65,76.60,76.65,58500,156066304
BANKBARODA_F1,20210820,10:47,76.60,76.70,76.60,76.70,105300,156066304
BANKBARODA_F1,20210820,10:48,76.70,76.75,76.70,76.75,128700,156171600
BANKBARODA_F1,20210820,10:49,76.70,76.70,76.70,76.70,46800,156171600
BANKBARODA_F1,20210820,10:50,76.75,76.75,76.65,76.70,105300,156171600
BANKBARODA_F1,20210820,10:51,76.70,76.75,76.70,76.75,81900,156265200
BANKBARODA_F1,20210820,10:52,76.65,76.65,76.50,76.55,351000,156265200
BANKBARODA_F1,20210820,10:53,76.55,76.55,76.40,76.50,456300,156265200
BANKBARODA_F1,20210820,10:54,76.50,76.50,76.20,76.30,362700,156709792
BANKBARODA_F1,20210820,10:55,76.25,76.25,76.15,76.15,175500,156709792
BANKBARODA_F1,20210820,10:56,76.15,76.20,76.15,76.15,140400,156709792
BANKBARODA_F1,20210820,10:57,76.05,76.10,76.05,76.05,140400,156709792
BANKBARODA_F1,20210820,10:58,76.10,76.15,75.95,76.15,397800,156709792
BANKBARODA_F1,20210820,10:59,76.10,76.10,76.05,76.05,128700,156709792
BANKBARODA_F1,20210820,11:00,76.10,76.15,76.05,76.10,152100,156733200
BANKBARODA_F1,20210820,11:01,76.05,76.15,76.05,76.15,93600,156733200
BANKBARODA_F1,20210820,11:02,76.20,76.20,76.15,76.15,690300,156733200
BANKBARODA_F1,20210820,11:03,76.20,76.40,76.20,76.40,468000,156756608
BANKBARODA_F1,20210820,11:04,76.35,76.35,76.30,76.30,374400,156756608
BANKBARODA_F1,20210820,11:05,76.35,76.35,76.20,76.20,70200,156756608
BANKBARODA_F1,20210820,11:06,76.15,76.15,76.15,76.15,2878200,156955504
BANKBARODA_F1,20210820,11:07,76.10,76.35,76.10,76.35,128700,156955504
BANKBARODA_F1,20210820,11:08,76.35,76.35,76.35,76.35,46800,156955504
BANKBARODA_F1,20210820,11:09,76.35,76.35,76.30,76.30,23400,156955504
BANKBARODA_F1,20210820,11:10,76.40,76.40,76.35,76.35,81900,156873600
BANKBARODA_F1,20210820,11:11,76.30,76.35,76.30,76.35,140400,156873600
BANKBARODA_F1,20210820,11:12,76.30,76.30,76.30,76.30,117000,156674704
BANKBARODA_F1,20210820,11:13,76.30,76.30,76.25,76.30,198900,156674704
BANKBARODA_F1,20210820,11:14,76.35,76.40,76.35,76.40,70200,156674704
BANKBARODA_F1,20210820,11:15,76.40,76.40,76.25,76.25,93600,156663008
BANKBARODA_F1,20210820,11:16,76.25,76.25,76.20,76.20,117000,156663008
BANKBARODA_F1,20210820,11:17,76.25,76.25,76.20,76.25,339300,156663008
BANKBARODA_F1,20210820,11:18,76.30,76.30,76.25,76.30,152100,156464096
BANKBARODA_F1,20210820,11:19,76.30,76.30,76.30,76.30,269100,156464096
BANKBARODA_F1,20210820,11:20,76.30,76.45,76.30,76.45,351000,156464096
BANKBARODA_F1,20210820,11:21,76.45,76.70,76.45,76.70,339300,156780000
BANKBARODA_F1,20210820,11:22,76.70,76.70,76.70,76.70,70200,156780000
BANKBARODA_F1,20210820,11:23,76.75,76.75,76.75,76.75,269100,156780000
BANKBARODA_F1,20210820,11:24,76.70,76.70,76.60,76.60,175500,156780000
BANKBARODA_F1,20210820,11:25,76.65,76.70,76.60,76.70,117000,156744896
BANKBARODA_F1,20210820,11:26,76.70,76.70,76.65,76.70,117000,156744896
BANKBARODA_F1,20210820,11:27,76.70,76.75,76.70,76.70,152100,156756608
BANKBARODA_F1,20210820,11:28,76.70,76.70,76.70,76.70,163800,156756608
BANKBARODA_F1,20210820,11:29,76.70,76.70,76.55,76.55,70200,156756608
BANKBARODA_F1,20210820,11:30,76.55,76.60,76.55,76.60,35100,156756608
BANKBARODA_F1,20210820,11:31,76.60,76.60,76.50,76.50,58500,156850208
BANKBARODA_F1,20210820,11:32,76.65,76.65,76.65,76.65,163800,156850208
BANKBARODA_F1,20210820,11:33,76.65,76.75,76.65,76.75,105300,156967200
BANKBARODA_F1,20210820,11:34,76.85,76.95,76.80,76.80,257400,156967200
BANKBARODA_F1,20210820,11:35,76.80,76.80,76.80,76.80,46800,156967200
BANKBARODA_F1,20210820,11:36,76.75,76.90,76.75,76.90,58500,156932096
BANKBARODA_F1,20210820,11:37,76.90,76.95,76.90,76.95,128700,156932096
BANKBARODA_F1,20210820,11:38,76.85,76.85,76.80,76.80,35100,156932096
BANKBARODA_F1,20210820,11:39,76.85,76.85,76.85,76.85,70200,156932096
BANKBARODA_F1,20210820,11:40,76.85,76.90,76.85,76.90,23400,156943808
BANKBARODA_F1,20210820,11:41,76.85,76.90,76.80,76.80,81900,156943808
BANKBARODA_F1,20210820,11:42,76.80,76.80,76.80,76.80,23400,156943808
BANKBARODA_F1,20210820,11:43,76.80,76.80,76.80,76.80,23400,156908704
BANKBARODA_F1,20210820,11:44,76.80,76.80,76.80,76.80,11700,156908704
BANKBARODA_F1,20210820,11:45,76.65,76.65,76.65,76.65,58500,156967200
BANKBARODA_F1,20210820,11:46,76.65,76.65,76.60,76.60,58500,156967200
BANKBARODA_F1,20210820,11:47,76.55,76.65,76.50,76.65,210600,156967200
BANKBARODA_F1,20210820,11:48,76.60,76.60,76.55,76.55,23400,156967200
BANKBARODA_F1,20210820,11:49,76.60,76.65,76.60,76.65,105300,157025696
BANKBARODA_F1,20210820,11:50,76.60,76.60,76.55,76.60,46800,157025696
BANKBARODA_F1,20210820,11:51,76.55,76.55,76.55,76.55,23400,157025696
BANKBARODA_F1,20210820,11:52,76.55,76.55,76.55,76.55,46800,157014000
BANKBARODA_F1,20210820,11:53,76.55,76.60,76.55,76.60,23400,157014000
BANKBARODA_F1,20210820,11:54,76.60,76.60,76.55,76.55,35100,157014000
BANKBARODA_F1,20210820,11:55,76.55,76.55,76.45,76.45,58500,157014000
BANKBARODA_F1,20210820,11:56,76.45,76.45,76.45,76.45,234000,157014000
BANKBARODA_F1,20210820,11:57,76.45,76.45,76.40,76.45,152100,157014000
BANKBARODA_F1,20210820,11:58,76.45,76.45,76.45,76.45,11700,157119296
BANKBARODA_F1,20210820,11:59,76.45,76.45,76.45,76.45,11700,157119296
BANKBARODA_F1,20210820,12:00,76.40,76.45,76.40,76.45,23400,157131008
BANKBARODA_F1,20210820,12:01,76.45,76.45,76.45,76.45,23400,157131008
BANKBARODA_F1,20210820,12:02,76.45,76.60,76.45,76.60,140400,157131008
BANKBARODA_F1,20210820,12:03,76.60,76.60,76.60,76.60,23400,157131008
BANKBARODA_F1,20210820,12:04,76.55,76.55,76.45,76.45,58500,157060800
BANKBARODA_F1,20210820,12:05,76.40,76.40,76.35,76.35,58500,157060800
BANKBARODA_F1,20210820,12:06,76.35,76.35,76.35,76.35,23400,157072496
BANKBARODA_F1,20210820,12:07,76.35,76.35,76.35,76.35,46800,157072496
BANKBARODA_F1,20210820,12:08,76.35,76.35,76.35,76.35,11700,157072496
BANKBARODA_F1,20210820,12:09,76.40,76.40,76.40,76.40,105300,157072496
BANKBARODA_F1,20210820,12:10,76.35,76.40,76.35,76.40,70200,157248000
BANKBARODA_F1,20210820,12:11,76.40,76.40,76.40,76.40,117000,157248000
BANKBARODA_F1,20210820,12:12,76.45,76.45,76.45,76.45,23400,157248000
BANKBARODA_F1,20210820,12:13,76.45,76.45,76.35,76.35,35100,157329904
BANKBARODA_F1,20210820,12:14,76.35,76.35,76.35,76.35,35100,157329904
BANKBARODA_F1,20210820,12:15,76.35,76.35,76.35,76.35,35100,157329904
BANKBARODA_F1,20210820,12:16,76.30,76.30,76.25,76.25,81900,155727008
BANKBARODA_F1,20210820,12:17,76.25,76.30,76.20,76.30,117000,155727008
BANKBARODA_F1,20210820,12:18,76.35,76.35,76.30,76.30,23400,155727008
BANKBARODA_F1,20210820,12:19,76.25,76.25,76.20,76.25,198900,155668496
BANKBARODA_F1,20210820,12:20,76.35,76.35,76.35,76.35,58500,155668496
BANKBARODA_F1,20210820,12:21,76.30,76.30,76.15,76.15,269100,155668496
BANKBARODA_F1,20210820,12:22,76.10,76.10,76.10,76.10,23400,155937600
BANKBARODA_F1,20210820,12:23,76.15,76.25,76.15,76.15,93600,155937600
BANKBARODA_F1,20210820,12:24,76.25,76.25,76.20,76.20,175500,155937600
BANKBARODA_F1,20210820,12:25,76.20,76.25,76.20,76.25,46800,155972704
BANKBARODA_F1,20210820,12:26,76.30,76.40,76.30,76.40,152100,155972704
BANKBARODA_F1,20210820,12:27,76.50,76.55,76.50,76.55,807300,155972704
BANKBARODA_F1,20210820,12:28,76.55,76.55,76.55,76.55,374400,156452400
BANKBARODA_F1,20210820,12:29,76.55,76.55,76.50,76.50,117000,156452400
BANKBARODA_F1,20210820,12:30,76.40,76.40,76.40,76.40,58500,156452400
BANKBARODA_F1,20210820,12:31,76.40,76.40,76.30,76.30,23400,156557696
BANKBARODA_F1,20210820,12:32,76.30,76.35,76.30,76.35,23400,156557696
BANKBARODA_F1,20210820,12:33,76.35,76.35,76.30,76.30,46800,156557696
BANKBARODA_F1,20210820,12:35,76.35,76.35,76.30,76.35,163800,156546000
BANKBARODA_F1,20210820,12:36,76.30,76.30,76.25,76.25,81900,156674704
BANKBARODA_F1,20210820,12:37,76.25,76.25,76.25,76.25,11700,156674704
BANKBARODA_F1,20210820,12:38,76.20,76.20,76.10,76.10,152100,156674704
BANKBARODA_F1,20210820,12:40,76.25,76.25,76.20,76.20,93600,156698096
BANKBARODA_F1,20210820,12:41,76.30,76.30,76.30,76.30,58500,156698096
BANKBARODA_F1,20210820,12:42,76.20,76.20,76.20,76.20,81900,156698096
BANKBARODA_F1,20210820,12:43,76.20,76.30,76.20,76.30,70200,156756608
BANKBARODA_F1,20210820,12:44,76.25,76.25,76.15,76.20,187200,156756608
BANKBARODA_F1,20210820,12:45,76.15,76.25,76.15,76.25,105300,156756608
BANKBARODA_F1,20210820,12:46,76.20,76.20,76.15,76.15,70200,156791696
BANKBARODA_F1,20210820,12:47,76.15,76.15,76.15,76.15,46800,156791696
BANKBARODA_F1,20210820,12:48,76.20,76.20,76.20,76.20,46800,156791696
BANKBARODA_F1,20210820,12:49,76.15,76.15,76.15,76.15,23400,156838496
BANKBARODA_F1,20210820,12:50,76.15,76.15,76.15,76.15,11700,156838496
BANKBARODA_F1,20210820,12:51,76.15,76.15,76.15,76.15,11700,156838496
BANKBARODA_F1,20210820,12:52,76.20,76.20,76.20,76.20,35100,156850208
BANKBARODA_F1,20210820,12:53,76.20,76.20,76.20,76.20,70200,156850208
BANKBARODA_F1,20210820,12:54,76.20,76.25,76.15,76.25,58500,156850208
BANKBARODA_F1,20210820,12:55,76.20,76.20,76.20,76.20,11700,156908704
BANKBARODA_F1,20210820,12:56,76.15,76.15,76.10,76.10,234000,156908704
BANKBARODA_F1,20210820,12:57,76.10,76.10,76.05,76.05,46800,156908704
BANKBARODA_F1,20210820,12:58,76.05,76.05,75.95,75.95,198900,156978896
BANKBARODA_F1,20210820,12:59,76.00,76.00,75.85,75.85,198900,156978896
BANKBARODA_F1,20210820,13:00,75.85,75.85,75.75,75.80,93600,156978896
BANKBARODA_F1,20210820,13:01,75.80,75.80,75.70,75.70,105300,156990592
BANKBARODA_F1,20210820,13:02,75.70,75.80,75.70,75.80,152100,156990592
BANKBARODA_F1,20210820,13:03,75.75,75.80,75.75,75.80,93600,156990592
BANKBARODA_F1,20210820,13:04,75.75,75.75,75.60,75.65,292500,157107600
BANKBARODA_F1,20210820,13:05,75.65,75.70,75.65,75.70,93600,157107600
BANKBARODA_F1,20210820,13:06,75.80,75.80,75.70,75.70,81900,157107600
BANKBARODA_F1,20210820,13:07,75.75,75.75,75.75,75.75,93600,157306496
BANKBARODA_F1,20210820,13:08,75.70,75.70,75.65,75.70,58500,157306496
BANKBARODA_F1,20210820,13:09,75.40,75.55,75.35,75.35,1485900,157306496
BANKBARODA_F1,20210820,13:10,75.35,75.40,75.30,75.30,210600,158020192
BANKBARODA_F1,20210820,13:11,75.25,75.30,75.25,75.30,269100,158020192
BANKBARODA_F1,20210820,13:12,75.35,75.35,75.25,75.35,315900,158020192
BANKBARODA_F1,20210820,13:13,75.35,75.35,75.30,75.30,105300,158418000
BANKBARODA_F1,20210820,13:14,75.25,75.30,75.20,75.20,58500,158418000
BANKBARODA_F1,20210820,13:15,75.15,75.15,75.10,75.15,304200,158418000
BANKBARODA_F1,20210820,13:16,75.15,75.20,75.15,75.15,456300,158535008
BANKBARODA_F1,20210820,13:17,75.15,75.15,75.10,75.15,971100,158535008
BANKBARODA_F1,20210820,13:18,75.10,75.15,75.00,75.00,140400,158535008
BANKBARODA_F1,20210820,13:19,75.05,75.10,74.90,74.95,280800,158581792
BANKBARODA_F1,20210820,13:20,74.90,75.05,74.90,75.05,421200,158581792
BANKBARODA_F1,20210820,13:21,75.00,75.00,75.00,75.00,70200,158581792
BANKBARODA_F1,20210820,13:22,75.05,75.20,75.05,75.20,128700,158745600
BANKBARODA_F1,20210820,13:23,75.15,75.20,75.15,75.20,128700,158745600
BANKBARODA_F1,20210820,13:24,75.20,75.25,75.20,75.25,175500,158745600
BANKBARODA_F1,20210820,13:25,75.35,75.40,75.35,75.40,105300,158710496
BANKBARODA_F1,20210820,13:26,75.40,75.40,75.40,75.40,46800,158710496
BANKBARODA_F1,20210820,13:27,75.35,75.35,75.35,75.35,70200,158710496
BANKBARODA_F1,20210820,13:28,75.40,75.40,75.30,75.30,105300,158768992
BANKBARODA_F1,20210820,13:29,75.35,75.50,75.35,75.45,70200,158768992
BANKBARODA_F1,20210820,13:30,75.50,75.50,75.50,75.50,58500,158768992
BANKBARODA_F1,20210820,13:31,75.50,75.55,75.50,75.50,105300,158733904
BANKBARODA_F1,20210820,13:32,75.55,75.55,75.50,75.50,140400,158733904
BANKBARODA_F1,20210820,13:33,75.45,75.45,75.40,75.40,163800,158733904
BANKBARODA_F1,20210820,13:34,75.45,75.60,75.45,75.60,245700,158815808
BANKBARODA_F1,20210820,13:35,75.50,75.50,75.20,75.20,678600,158815808
BANKBARODA_F1,20210820,13:36,75.10,75.20,75.10,75.20,491400,158815808
BANKBARODA_F1,20210820,13:37,75.20,75.30,75.20,75.25,468000,158733904
BANKBARODA_F1,20210820,13:38,75.25,75.25,75.20,75.20,81900,158733904
BANKBARODA_F1,20210820,13:39,75.20,75.20,75.15,75.20,58500,158733904
BANKBARODA_F1,20210820,13:40,75.20,75.20,75.10,75.10,140400,158780704
BANKBARODA_F1,20210820,13:41,75.10,75.10,75.05,75.05,105300,158780704
BANKBARODA_F1,20210820,13:42,75.10,75.10,75.10,75.10,152100,158780704
BANKBARODA_F1,20210820,13:43,75.00,75.00,74.95,74.95,210600,158804096
BANKBARODA_F1,20210820,13:44,75.00,75.00,75.00,75.00,58500,158804096
BANKBARODA_F1,20210820,13:45,75.10,75.10,75.10,75.10,35100,158804096
BANKBARODA_F1,20210820,13:46,75.05,75.05,75.05,75.05,46800,158792400
BANKBARODA_F1,20210820,13:47,75.10,75.15,75.10,75.15,70200,158792400
BANKBARODA_F1,20210820,13:48,75.15,75.15,75.15,75.15,11700,158792400
BANKBARODA_F1,20210820,13:49,75.15,75.15,75.15,75.15,140400,158745600
BANKBARODA_F1,20210820,13:50,75.15,75.15,75.15,75.15,35100,158745600
BANKBARODA_F1,20210820,13:51,75.15,75.15,75.00,75.00,117000,158745600
BANKBARODA_F1,20210820,13:52,75.00,75.05,74.95,74.95,175500,158780704
BANKBARODA_F1,20210820,13:53,74.85,74.90,74.85,74.85,140400,158780704
BANKBARODA_F1,20210820,13:54,74.85,74.95,74.85,74.95,234000,158780704
BANKBARODA_F1,20210820,13:55,74.95,74.95,74.90,74.90,81900,158874304
BANKBARODA_F1,20210820,13:56,74.90,74.95,74.90,74.90,234000,158874304
BANKBARODA_F1,20210820,13:57,74.80,74.85,74.80,74.80,105300,158874304
BANKBARODA_F1,20210820,13:58,74.75,74.80,74.75,74.75,479700,159272096
BANKBARODA_F1,20210820,13:59,74.70,74.70,74.65,74.65,327600,159272096
BANKBARODA_F1,20210820,14:00,74.65,74.65,74.60,74.65,128700,159272096
BANKBARODA_F1,20210820,14:01,74.60,74.75,74.50,74.65,561600,159810304
BANKBARODA_F1,20210820,14:02,74.70,74.75,74.70,74.75,70200,159810304
BANKBARODA_F1,20210820,14:03,74.65,74.75,74.65,74.75,140400,159810304
BANKBARODA_F1,20210820,14:04,74.70,74.85,74.70,74.85,128700,160067696
BANKBARODA_F1,20210820,14:05,74.80,74.85,74.75,74.75,222300,160067696
BANKBARODA_F1,20210820,14:06,74.75,74.80,74.75,74.80,58500,160067696
BANKBARODA_F1,20210820,14:07,74.75,74.75,74.75,74.75,128700,160243200
BANKBARODA_F1,20210820,14:08,74.70,74.80,74.70,74.80,210600,160243200
BANKBARODA_F1,20210820,14:09,74.75,74.75,74.75,74.75,23400,160243200
BANKBARODA_F1,20210820,14:10,74.75,74.75,74.65,74.65,128700,160395296
BANKBARODA_F1,20210820,14:11,74.65,74.75,74.65,74.75,117000,160395296
BANKBARODA_F1,20210820,14:12,74.80,74.80,74.75,74.75,128700,160395296
BANKBARODA_F1,20210820,14:13,74.70,74.75,74.70,74.75,46800,160512304
BANKBARODA_F1,20210820,14:14,74.75,74.80,74.75,74.80,81900,160512304
BANKBARODA_F1,20210820,14:15,74.75,74.75,74.75,74.75,105300,160512304
BANKBARODA_F1,20210820,14:16,74.75,74.75,74.70,74.70,81900,160617600
BANKBARODA_F1,20210820,14:17,74.75,74.75,74.70,74.70,117000,160617600
BANKBARODA_F1,20210820,14:18,74.75,74.95,74.60,74.95,222300,160617600
BANKBARODA_F1,20210820,14:19,74.95,75.00,74.95,75.00,117000,160629296
BANKBARODA_F1,20210820,14:20,75.10,75.10,75.00,75.00,93600,160629296
BANKBARODA_F1,20210820,14:21,75.05,75.10,75.05,75.05,117000,160629296
BANKBARODA_F1,20210820,14:22,75.10,75.15,75.10,75.15,93600,160734592
BANKBARODA_F1,20210820,14:23,75.20,75.20,75.00,75.00,105300,160734592
BANKBARODA_F1,20210820,14:24,75.05,75.05,74.95,75.05,175500,160734592
BANKBARODA_F1,20210820,14:25,75.10,75.10,75.00,75.00,128700,160769696
BANKBARODA_F1,20210820,14:26,75.00,75.00,74.95,74.95,117000,160769696
BANKBARODA_F1,20210820,14:27,75.00,75.10,75.00,75.05,304200,160769696
BANKBARODA_F1,20210820,14:28,75.05,75.05,75.00,75.00,93600,160851600
BANKBARODA_F1,20210820,14:29,75.00,75.00,74.95,74.95,58500,160851600
BANKBARODA_F1,20210820,14:30,75.00,75.00,75.00,75.00,58500,160851600
BANKBARODA_F1,20210820,14:31,74.95,74.95,74.95,74.95,105300,160851600
BANKBARODA_F1,20210820,14:32,74.95,74.95,74.90,74.90,128700,160851600
BANKBARODA_F1,20210820,14:33,74.95,74.95,74.95,74.95,70200,160851600
BANKBARODA_F1,20210820,14:34,74.95,75.00,74.95,75.00,152100,160781408
BANKBARODA_F1,20210820,14:35,75.00,75.05,75.00,75.00,70200,160781408
BANKBARODA_F1,20210820,14:36,75.05,75.05,75.05,75.05,479700,160781408
BANKBARODA_F1,20210820,14:37,75.10,75.10,74.95,74.95,152100,160769696
BANKBARODA_F1,20210820,14:38,74.95,74.95,74.90,74.90,175500,160769696
BANKBARODA_F1,20210820,14:39,74.95,74.95,74.85,74.85,58500,160769696
BANKBARODA_F1,20210820,14:40,74.90,74.90,74.85,74.85,315900,160091104
BANKBARODA_F1,20210820,14:41,74.85,74.85,74.80,74.80,128700,160091104
BANKBARODA_F1,20210820,14:42,74.80,74.80,74.60,74.60,561600,160091104
BANKBARODA_F1,20210820,14:43,74.65,74.65,74.50,74.50,234000,159927296
BANKBARODA_F1,20210820,14:44,74.55,74.60,74.55,74.60,187200,159927296
BANKBARODA_F1,20210820,14:45,74.60,74.60,74.55,74.55,93600,159927296
BANKBARODA_F1,20210820,14:46,74.55,74.55,74.45,74.50,234000,160102800
BANKBARODA_F1,20210820,14:47,74.55,74.65,74.55,74.60,163800,160102800
BANKBARODA_F1,20210820,14:48,74.55,74.55,74.55,74.55,93600,160102800
BANKBARODA_F1,20210820,14:49,74.60,74.60,74.55,74.55,70200,160149600
BANKBARODA_F1,20210820,14:50,74.50,74.50,74.45,74.50,140400,160149600
BANKBARODA_F1,20210820,14:51,74.55,74.55,74.50,74.50,58500,160149600
BANKBARODA_F1,20210820,14:52,74.60,74.60,74.60,74.60,175500,160208096
BANKBARODA_F1,20210820,14:53,74.60,74.60,74.55,74.55,46800,160208096
BANKBARODA_F1,20210820,14:54,74.55,74.60,74.55,74.55,81900,160208096
BANKBARODA_F1,20210820,14:55,74.55,74.60,74.55,74.60,58500,160172992
BANKBARODA_F1,20210820,14:56,74.55,74.65,74.55,74.55,198900,160172992
BANKBARODA_F1,20210820,14:57,74.55,74.60,74.55,74.55,105300,160172992
BANKBARODA_F1,20210820,14:58,74.60,74.60,74.55,74.55,198900,160161296
BANKBARODA_F1,20210820,14:59,74.55,74.60,74.55,74.55,105300,160161296
BANKBARODA_F1,20210820,15:00,74.55,74.55,74.50,74.50,35100,160161296
BANKBARODA_F1,20210820,15:01,74.50,74.65,74.50,74.65,292500,160313408
BANKBARODA_F1,20210820,15:02,74.65,74.65,74.50,74.50,351000,160313408
BANKBARODA_F1,20210820,15:03,74.45,74.55,74.45,74.45,140400,160313408
BANKBARODA_F1,20210820,15:04,74.45,74.55,74.45,74.50,140400,160360192
BANKBARODA_F1,20210820,15:05,74.50,74.50,74.50,74.50,128700,160360192
BANKBARODA_F1,20210820,15:06,74.60,74.60,74.45,74.45,269100,160360192
BANKBARODA_F1,20210820,15:07,74.40,74.45,74.40,74.40,81900,160371904
BANKBARODA_F1,20210820,15:08,74.45,74.50,74.40,74.45,187200,160371904
BANKBARODA_F1,20210820,15:09,74.55,74.55,74.40,74.40,269100,160371904
BANKBARODA_F1,20210820,15:10,74.35,74.50,74.35,74.45,444600,160360192
BANKBARODA_F1,20210820,15:11,74.45,74.45,74.45,74.45,35100,160360192
BANKBARODA_F1,20210820,15:12,74.40,74.40,74.40,74.40,128700,160360192
BANKBARODA_F1,20210820,15:13,74.35,74.40,74.35,74.40,117000,160442096
BANKBARODA_F1,20210820,15:14,74.45,74.45,74.35,74.40,58500,160442096
BANKBARODA_F1,20210820,15:15,74.30,74.30,74.20,74.20,163800,160442096
BANKBARODA_F1,20210820,15:16,74.25,74.30,74.15,74.30,327600,160512304
BANKBARODA_F1,20210820,15:17,74.20,74.20,74.10,74.10,374400,160512304
BANKBARODA_F1,20210820,15:18,74.05,74.25,74.05,74.25,678600,160512304
BANKBARODA_F1,20210820,15:19,74.25,74.25,74.00,74.00,503100,160477200
BANKBARODA_F1,20210820,15:20,73.90,73.95,73.85,73.95,456300,160477200
BANKBARODA_F1,20210820,15:21,73.90,73.90,73.90,73.90,397800,160477200
BANKBARODA_F1,20210820,15:22,73.90,73.90,73.70,73.70,304200,161062208
BANKBARODA_F1,20210820,15:23,73.85,74.00,73.85,73.90,678600,161062208
BANKBARODA_F1,20210820,15:24,73.80,73.90,73.80,73.80,198900,161062208
BANKBARODA_F1,20210820,15:25,73.85,73.85,73.80,73.80,257400,160442096
BANKBARODA_F1,20210820,15:26,73.80,73.85,73.80,73.85,234000,160442096
BANKBARODA_F1,20210820,15:27,73.80,73.80,73.80,73.80,163800,160442096
BANKBARODA_F1,20210820,15:28,73.75,73.90,73.75,73.90,468000,160535696
BANKBARODA_F1,20210820,15:29,73.75,73.75,73.60,73.65,549900,160535696
BANKBARODA_F1,20210820,15:30,73.55,73.60,73.55,73.55,386100,160535696
BANKBARODA_F1,20210820,15:31,73.60,73.60,73.60,73.60,58500,160535696
BANKBARODA_F1,20210820,18:27,74.10,74.10,74.10,74.10,1,143324992
