INDUSINDBK_F1,20220801,09:16,1038.00,1038.00,1032.40,1035.35,20700,26199000
INDUSINDBK_F1,20220801,09:17,1035.60,1042.10,1035.60,1040.35,71100,26199000
INDUSINDBK_F1,20220801,09:18,1040.65,1040.70,1035.40,1035.75,125100,26208900
INDUSINDBK_F1,20220801,09:19,1035.25,1035.25,1029.95,1031.90,81000,26208900
INDUSINDBK_F1,20220801,09:20,1031.90,1031.90,1027.55,1028.35,79200,26208900
INDUSINDBK_F1,20220801,09:21,1028.45,1028.45,1026.60,1026.60,54000,26202600
INDUSINDBK_F1,20220801,09:22,1027.25,1028.65,1027.25,1028.30,20700,26202600
INDUSINDBK_F1,20220801,09:23,1028.00,1030.25,1027.25,1030.00,100800,26202600
INDUSINDBK_F1,20220801,09:24,1029.80,1031.15,1028.65,1030.40,53100,26157600
INDUSINDBK_F1,20220801,09:25,1030.50,1032.00,1030.30,1031.90,52200,26157600
INDUSINDBK_F1,20220801,09:26,1031.75,1032.20,1030.80,1030.95,60300,26157600
INDUSINDBK_F1,20220801,09:27,1030.05,1030.15,1027.60,1027.60,119700,26096400
INDUSINDBK_F1,20220801,09:28,1027.00,1028.75,1027.00,1028.75,30600,26096400
INDUSINDBK_F1,20220801,09:29,1028.75,1029.20,1027.00,1027.85,46800,26096400
INDUSINDBK_F1,20220801,09:30,1028.30,1028.95,1026.10,1027.00,66600,26110800
INDUSINDBK_F1,20220801,09:31,1026.90,1028.15,1026.70,1027.80,43200,26110800
INDUSINDBK_F1,20220801,09:32,1027.05,1028.70,1027.05,1028.00,16200,26110800
INDUSINDBK_F1,20220801,09:33,1027.50,1027.85,1026.60,1027.85,17100,26134200
INDUSINDBK_F1,20220801,09:34,1027.40,1027.90,1026.75,1027.70,12600,26134200
INDUSINDBK_F1,20220801,09:35,1027.00,1028.05,1026.40,1027.30,34200,26134200
INDUSINDBK_F1,20220801,09:36,1027.75,1028.90,1027.15,1028.90,15300,26144100
INDUSINDBK_F1,20220801,09:37,1028.65,1029.15,1027.70,1027.70,27900,26144100
INDUSINDBK_F1,20220801,09:38,1027.40,1030.00,1027.35,1028.85,28800,26144100
INDUSINDBK_F1,20220801,09:39,1028.35,1029.90,1028.35,1028.60,13500,26144100
INDUSINDBK_F1,20220801,09:40,1028.35,1028.35,1027.50,1027.50,13500,26144100
INDUSINDBK_F1,20220801,09:41,1027.50,1027.55,1025.10,1026.00,35100,26144100
INDUSINDBK_F1,20220801,09:42,1026.25,1027.35,1026.25,1027.00,12600,26151300
INDUSINDBK_F1,20220801,09:43,1027.75,1028.25,1026.45,1027.05,18900,26151300
INDUSINDBK_F1,20220801,09:44,1027.50,1028.15,1026.50,1028.00,39600,26151300
INDUSINDBK_F1,20220801,09:45,1028.25,1028.70,1027.80,1028.70,2700,26151300
INDUSINDBK_F1,20220801,09:46,1028.70,1028.70,1027.45,1027.45,10800,26134200
INDUSINDBK_F1,20220801,09:47,1027.45,1027.45,1025.60,1025.60,20700,26134200
INDUSINDBK_F1,20220801,09:48,1026.00,1027.15,1026.00,1026.55,23400,26132400
INDUSINDBK_F1,20220801,09:49,1026.75,1027.70,1026.50,1026.50,13500,26132400
INDUSINDBK_F1,20220801,09:50,1026.60,1028.05,1025.90,1028.05,36900,26132400
INDUSINDBK_F1,20220801,09:51,1029.00,1029.70,1028.70,1028.70,18900,26112600
INDUSINDBK_F1,20220801,09:52,1028.75,1030.70,1028.60,1028.90,78300,26112600
INDUSINDBK_F1,20220801,09:53,1028.60,1028.80,1028.15,1028.80,16200,26112600
INDUSINDBK_F1,20220801,09:54,1028.85,1028.85,1027.50,1027.50,13500,26124300
INDUSINDBK_F1,20220801,09:55,1027.35,1027.55,1026.00,1027.00,84600,26124300
INDUSINDBK_F1,20220801,09:56,1027.35,1027.65,1026.45,1026.45,8100,26124300
INDUSINDBK_F1,20220801,09:57,1026.35,1026.35,1024.70,1025.55,49500,26110800
INDUSINDBK_F1,20220801,09:58,1025.50,1025.50,1022.55,1023.00,53100,26110800
INDUSINDBK_F1,20220801,09:59,1022.50,1022.95,1021.10,1022.10,105300,26110800
INDUSINDBK_F1,20220801,10:00,1022.55,1022.55,1019.70,1021.00,58500,26065800
INDUSINDBK_F1,20220801,10:01,1021.10,1021.10,1019.50,1020.50,22500,26065800
INDUSINDBK_F1,20220801,10:02,1020.50,1021.35,1019.05,1019.65,28800,26065800
INDUSINDBK_F1,20220801,10:03,1019.80,1020.05,1019.80,1020.05,8100,26063100
INDUSINDBK_F1,20220801,10:04,1020.10,1020.75,1020.10,1020.65,7200,26063100
INDUSINDBK_F1,20220801,10:05,1020.90,1021.10,1020.00,1020.40,28800,26063100
INDUSINDBK_F1,20220801,10:06,1020.20,1020.90,1019.45,1019.45,21600,26039700
INDUSINDBK_F1,20220801,10:07,1019.75,1020.80,1019.25,1020.80,16200,26039700
INDUSINDBK_F1,20220801,10:08,1020.25,1021.05,1019.85,1020.65,24300,26039700
INDUSINDBK_F1,20220801,10:09,1020.85,1022.20,1020.70,1022.20,20700,26059500
INDUSINDBK_F1,20220801,10:10,1022.20,1023.10,1022.00,1022.45,15300,26059500
INDUSINDBK_F1,20220801,10:11,1022.45,1023.90,1022.20,1023.50,28800,26059500
INDUSINDBK_F1,20220801,10:12,1023.75,1024.45,1023.65,1023.70,37800,26063100
INDUSINDBK_F1,20220801,10:13,1023.60,1023.60,1023.00,1023.25,6300,26063100
INDUSINDBK_F1,20220801,10:14,1024.40,1024.50,1023.85,1024.40,13500,26063100
INDUSINDBK_F1,20220801,10:15,1024.75,1024.90,1024.20,1024.60,9900,26016300
INDUSINDBK_F1,20220801,10:16,1024.60,1025.45,1024.60,1025.10,23400,26016300
INDUSINDBK_F1,20220801,10:17,1025.75,1026.35,1025.00,1025.00,19800,26016300
INDUSINDBK_F1,20220801,10:18,1024.95,1025.35,1024.60,1025.00,8100,26018100
INDUSINDBK_F1,20220801,10:19,1025.00,1027.35,1024.85,1026.30,92700,26018100
INDUSINDBK_F1,20220801,10:20,1026.40,1027.05,1026.20,1026.20,22500,26018100
INDUSINDBK_F1,20220801,10:21,1026.25,1026.35,1026.25,1026.35,3600,26018100
INDUSINDBK_F1,20220801,10:22,1025.40,1026.05,1025.15,1025.35,11700,26054100
INDUSINDBK_F1,20220801,10:23,1025.55,1025.60,1025.10,1025.35,4500,26054100
INDUSINDBK_F1,20220801,10:24,1025.25,1026.85,1025.15,1026.85,14400,26036100
INDUSINDBK_F1,20220801,10:25,1026.70,1026.70,1026.00,1026.00,9000,26036100
INDUSINDBK_F1,20220801,10:26,1026.00,1026.00,1025.90,1025.90,9000,26036100
INDUSINDBK_F1,20220801,10:27,1025.40,1026.30,1025.40,1026.30,2700,26040600
INDUSINDBK_F1,20220801,10:28,1026.00,1026.00,1025.35,1025.75,5400,26040600
INDUSINDBK_F1,20220801,10:29,1025.50,1026.45,1025.50,1026.15,5400,26040600
INDUSINDBK_F1,20220801,10:30,1026.00,1026.00,1025.95,1025.95,1800,26038800
INDUSINDBK_F1,20220801,10:31,1026.00,1026.00,1025.65,1025.65,3600,26038800
INDUSINDBK_F1,20220801,10:32,1025.75,1025.75,1025.75,1025.75,5400,26038800
INDUSINDBK_F1,20220801,10:33,1025.75,1025.75,1025.75,1025.75,2700,26038800
INDUSINDBK_F1,20220801,10:34,1026.35,1026.35,1026.35,1026.35,900,26042400
INDUSINDBK_F1,20220801,10:35,1026.35,1026.35,1025.85,1025.85,5400,26042400
INDUSINDBK_F1,20220801,10:36,1025.55,1025.55,1025.55,1025.55,1800,26042400
INDUSINDBK_F1,20220801,10:37,1026.20,1026.35,1026.00,1026.00,8100,26044200
INDUSINDBK_F1,20220801,10:38,1025.70,1026.00,1025.70,1026.00,1800,26044200
INDUSINDBK_F1,20220801,10:39,1026.35,1026.35,1026.35,1026.35,900,26044200
INDUSINDBK_F1,20220801,10:40,1026.50,1026.60,1026.10,1026.60,5400,25969500
INDUSINDBK_F1,20220801,10:41,1026.85,1028.80,1026.85,1028.05,24300,25969500
INDUSINDBK_F1,20220801,10:42,1028.05,1029.10,1027.85,1029.10,16200,25968600
INDUSINDBK_F1,20220801,10:43,1029.50,1031.40,1029.50,1031.25,18900,25968600
INDUSINDBK_F1,20220801,10:44,1031.15,1031.60,1030.55,1030.55,14400,25968600
INDUSINDBK_F1,20220801,10:45,1030.65,1031.60,1030.65,1030.95,16200,25981200
INDUSINDBK_F1,20220801,10:46,1030.65,1030.65,1029.55,1029.55,38700,25981200
INDUSINDBK_F1,20220801,10:47,1029.50,1029.50,1028.70,1029.15,25200,25981200
INDUSINDBK_F1,20220801,10:48,1029.10,1029.10,1028.75,1028.75,5400,25981200
INDUSINDBK_F1,20220801,10:49,1029.25,1029.55,1029.25,1029.55,9000,26008200
INDUSINDBK_F1,20220801,10:50,1029.10,1030.00,1029.10,1029.30,20700,26008200
INDUSINDBK_F1,20220801,10:51,1029.55,1029.70,1029.10,1029.10,18900,26022600
INDUSINDBK_F1,20220801,10:52,1029.60,1030.40,1029.45,1029.70,18900,26022600
INDUSINDBK_F1,20220801,10:53,1029.45,1029.45,1029.05,1029.05,2700,26022600
INDUSINDBK_F1,20220801,10:54,1029.10,1029.20,1029.10,1029.20,3600,26031600
INDUSINDBK_F1,20220801,10:55,1029.50,1030.15,1029.50,1030.15,37800,26031600
INDUSINDBK_F1,20220801,10:56,1030.30,1030.30,1030.10,1030.10,5400,26031600
INDUSINDBK_F1,20220801,10:57,1030.15,1030.15,1029.80,1029.80,3600,26055000
INDUSINDBK_F1,20220801,10:58,1029.80,1029.80,1029.35,1029.35,2700,26055000
INDUSINDBK_F1,20220801,10:59,1029.45,1029.45,1029.25,1029.25,1800,26055000
INDUSINDBK_F1,20220801,11:00,1029.25,1029.50,1029.25,1029.50,3600,26055000
INDUSINDBK_F1,20220801,11:01,1029.40,1029.40,1029.40,1029.40,900,26054100
INDUSINDBK_F1,20220801,11:02,1030.60,1030.60,1029.95,1030.05,12600,26054100
INDUSINDBK_F1,20220801,11:03,1029.75,1029.90,1029.75,1029.90,1800,26057700
INDUSINDBK_F1,20220801,11:04,1029.65,1029.65,1029.65,1029.65,900,26057700
INDUSINDBK_F1,20220801,11:05,1029.40,1029.40,1029.40,1029.40,900,26057700
INDUSINDBK_F1,20220801,11:06,1029.00,1029.05,1029.00,1029.05,2700,26057700
INDUSINDBK_F1,20220801,11:07,1028.80,1028.80,1028.10,1028.45,7200,26057700
INDUSINDBK_F1,20220801,11:08,1028.05,1028.05,1028.00,1028.00,2700,26057700
INDUSINDBK_F1,20220801,11:09,1027.80,1028.90,1027.80,1028.90,15300,26061300
INDUSINDBK_F1,20220801,11:10,1028.85,1028.90,1028.85,1028.90,2700,26061300
INDUSINDBK_F1,20220801,11:11,1029.70,1029.70,1029.25,1029.25,5400,26061300
INDUSINDBK_F1,20220801,11:12,1028.70,1028.70,1028.50,1028.60,4500,26066700
INDUSINDBK_F1,20220801,11:13,1028.45,1028.45,1027.90,1028.10,13500,26066700
INDUSINDBK_F1,20220801,11:14,1029.10,1029.10,1028.45,1028.45,9900,26066700
INDUSINDBK_F1,20220801,11:15,1028.15,1028.15,1026.40,1026.40,16200,26082900
INDUSINDBK_F1,20220801,11:16,1026.80,1027.65,1026.60,1026.60,12600,26082900
INDUSINDBK_F1,20220801,11:17,1026.50,1027.00,1026.05,1026.30,10800,26082900
INDUSINDBK_F1,20220801,11:18,1026.15,1026.95,1026.15,1026.95,6300,26088300
INDUSINDBK_F1,20220801,11:19,1027.35,1027.35,1026.85,1026.85,5400,26088300
INDUSINDBK_F1,20220801,11:20,1027.00,1027.00,1027.00,1027.00,1800,26088300
INDUSINDBK_F1,20220801,11:21,1026.90,1027.15,1026.30,1027.15,6300,26092800
INDUSINDBK_F1,20220801,11:22,1027.10,1027.10,1026.40,1026.40,4500,26092800
INDUSINDBK_F1,20220801,11:24,1026.25,1026.30,1025.75,1025.75,8100,26089200
INDUSINDBK_F1,20220801,11:25,1025.80,1026.00,1025.70,1025.70,9000,26089200
INDUSINDBK_F1,20220801,11:26,1026.20,1026.20,1025.00,1025.00,18000,26089200
INDUSINDBK_F1,20220801,11:27,1025.45,1025.45,1024.70,1024.70,7200,26100000
INDUSINDBK_F1,20220801,11:28,1024.50,1025.55,1023.40,1025.05,34200,26100000
INDUSINDBK_F1,20220801,11:29,1025.40,1026.05,1025.30,1026.00,7200,26100000
INDUSINDBK_F1,20220801,11:30,1026.45,1026.50,1026.35,1026.35,3600,26100000
INDUSINDBK_F1,20220801,11:31,1027.30,1028.95,1027.20,1028.50,20700,26120700
INDUSINDBK_F1,20220801,11:32,1028.55,1028.55,1027.50,1027.85,11700,26120700
INDUSINDBK_F1,20220801,11:33,1027.70,1027.70,1027.50,1027.50,3600,26123400
INDUSINDBK_F1,20220801,11:34,1027.85,1027.85,1026.55,1026.65,13500,26123400
INDUSINDBK_F1,20220801,11:35,1026.50,1027.05,1026.30,1026.45,11700,26123400
INDUSINDBK_F1,20220801,11:37,1026.55,1026.70,1026.00,1026.00,9000,26123400
INDUSINDBK_F1,20220801,11:38,1026.20,1026.30,1026.05,1026.05,3600,26123400
INDUSINDBK_F1,20220801,11:39,1026.50,1026.75,1025.65,1026.75,18000,26122500
INDUSINDBK_F1,20220801,11:40,1026.55,1026.55,1025.70,1025.70,17100,26122500
INDUSINDBK_F1,20220801,11:41,1026.55,1026.55,1024.80,1025.00,15300,26122500
INDUSINDBK_F1,20220801,11:42,1025.10,1025.80,1025.10,1025.40,4500,26122500
INDUSINDBK_F1,20220801,11:43,1025.50,1025.50,1025.50,1025.50,1800,26125200
INDUSINDBK_F1,20220801,11:44,1025.70,1025.70,1024.35,1024.50,27000,26125200
INDUSINDBK_F1,20220801,11:45,1024.50,1025.05,1024.10,1024.95,30600,26067600
INDUSINDBK_F1,20220801,11:46,1024.65,1024.95,1023.40,1024.65,23400,26067600
INDUSINDBK_F1,20220801,11:47,1024.95,1024.95,1024.95,1024.95,1800,26067600
INDUSINDBK_F1,20220801,11:48,1024.60,1025.25,1024.60,1025.00,40500,26067600
INDUSINDBK_F1,20220801,11:49,1026.25,1027.25,1026.25,1026.85,6300,26070300
INDUSINDBK_F1,20220801,11:50,1026.75,1026.75,1026.00,1026.00,5400,26070300
INDUSINDBK_F1,20220801,11:51,1025.90,1025.90,1025.90,1025.90,900,26076600
INDUSINDBK_F1,20220801,11:52,1025.70,1025.70,1025.70,1025.70,900,26076600
INDUSINDBK_F1,20220801,11:53,1025.70,1025.90,1025.40,1025.40,6300,26076600
INDUSINDBK_F1,20220801,11:54,1025.05,1025.05,1024.80,1025.00,4500,26076600
INDUSINDBK_F1,20220801,11:55,1025.60,1025.60,1025.00,1025.00,3600,26069400
INDUSINDBK_F1,20220801,11:56,1024.55,1025.00,1024.55,1025.00,6300,26069400
INDUSINDBK_F1,20220801,11:57,1024.95,1024.95,1024.50,1024.50,5400,26069400
INDUSINDBK_F1,20220801,11:58,1024.55,1024.55,1023.55,1023.55,7200,26071200
INDUSINDBK_F1,20220801,11:59,1023.55,1024.80,1023.55,1024.65,17100,26071200
INDUSINDBK_F1,20220801,12:00,1024.30,1024.30,1024.00,1024.00,17100,26071200
INDUSINDBK_F1,20220801,12:01,1024.00,1024.00,1024.00,1024.00,2700,26073900
INDUSINDBK_F1,20220801,12:02,1024.05,1024.05,1024.05,1024.05,900,26073900
INDUSINDBK_F1,20220801,12:03,1024.15,1024.90,1024.00,1024.90,23400,26073900
INDUSINDBK_F1,20220801,12:04,1024.75,1025.00,1024.75,1025.00,1800,26073000
INDUSINDBK_F1,20220801,12:05,1024.95,1025.00,1024.55,1025.00,2700,26073000
INDUSINDBK_F1,20220801,12:06,1024.45,1024.45,1024.10,1024.10,2700,26073000
INDUSINDBK_F1,20220801,12:07,1024.25,1024.25,1023.85,1023.95,5400,26075700
INDUSINDBK_F1,20220801,12:08,1023.90,1023.90,1023.35,1023.35,5400,26075700
INDUSINDBK_F1,20220801,12:09,1023.45,1023.45,1022.30,1022.30,38700,26075700
INDUSINDBK_F1,20220801,12:10,1022.35,1023.50,1021.50,1023.15,36900,26078400
INDUSINDBK_F1,20220801,12:11,1024.25,1024.25,1023.40,1023.40,13500,26078400
INDUSINDBK_F1,20220801,12:12,1023.05,1023.05,1022.35,1022.45,13500,26078400
INDUSINDBK_F1,20220801,12:13,1023.15,1023.55,1023.15,1023.55,2700,26012700
INDUSINDBK_F1,20220801,12:14,1024.00,1024.00,1023.70,1023.70,3600,26012700
INDUSINDBK_F1,20220801,12:15,1024.50,1024.70,1024.15,1024.20,5400,26012700
INDUSINDBK_F1,20220801,12:16,1024.25,1024.25,1023.60,1023.60,12600,26012700
INDUSINDBK_F1,20220801,12:17,1024.25,1025.85,1024.20,1025.80,14400,26012700
INDUSINDBK_F1,20220801,12:18,1026.50,1026.50,1026.05,1026.05,3600,26012700
INDUSINDBK_F1,20220801,12:19,1026.20,1026.25,1026.20,1026.20,11700,26010900
INDUSINDBK_F1,20220801,12:20,1026.30,1026.30,1024.75,1024.75,8100,26010900
INDUSINDBK_F1,20220801,12:21,1025.90,1025.90,1024.85,1024.90,9900,26010900
INDUSINDBK_F1,20220801,12:22,1025.15,1025.15,1024.15,1024.15,15300,26011800
INDUSINDBK_F1,20220801,12:23,1024.15,1025.35,1023.65,1024.00,22500,26011800
INDUSINDBK_F1,20220801,12:24,1024.25,1025.00,1024.25,1024.60,3600,26019900
INDUSINDBK_F1,20220801,12:25,1024.60,1025.00,1024.60,1024.70,7200,26019900
INDUSINDBK_F1,20220801,12:26,1024.35,1024.65,1023.50,1023.50,8100,26019900
INDUSINDBK_F1,20220801,12:27,1023.90,1024.00,1023.05,1023.05,38700,26019900
INDUSINDBK_F1,20220801,12:28,1025.05,1025.80,1025.00,1025.50,7200,26012700
INDUSINDBK_F1,20220801,12:29,1025.00,1025.25,1024.55,1024.90,10800,26012700
INDUSINDBK_F1,20220801,12:30,1024.80,1024.80,1024.25,1024.30,7200,26012700
INDUSINDBK_F1,20220801,12:31,1024.70,1026.15,1024.60,1025.65,17100,26013600
INDUSINDBK_F1,20220801,12:32,1025.30,1026.00,1025.25,1026.00,19800,26013600
INDUSINDBK_F1,20220801,12:33,1025.55,1025.55,1024.05,1024.05,13500,26013600
INDUSINDBK_F1,20220801,12:34,1024.45,1024.45,1023.55,1023.55,20700,26019900
INDUSINDBK_F1,20220801,12:35,1025.15,1025.90,1025.15,1025.75,6300,26019900
INDUSINDBK_F1,20220801,12:36,1026.00,1026.00,1025.65,1026.00,7200,26019900
INDUSINDBK_F1,20220801,12:37,1026.90,1026.90,1025.80,1025.80,24300,26041500
INDUSINDBK_F1,20220801,12:38,1025.75,1026.60,1025.75,1026.60,8100,26041500
INDUSINDBK_F1,20220801,12:39,1025.80,1026.40,1025.80,1026.10,9900,26041500
INDUSINDBK_F1,20220801,12:40,1026.70,1027.00,1026.50,1026.50,4500,26063100
INDUSINDBK_F1,20220801,12:41,1026.30,1026.65,1025.70,1025.70,11700,26063100
INDUSINDBK_F1,20220801,12:42,1025.70,1026.20,1025.55,1025.90,12600,26063100
INDUSINDBK_F1,20220801,12:43,1026.15,1026.15,1025.75,1025.75,1800,26069400
INDUSINDBK_F1,20220801,12:44,1025.80,1026.15,1025.80,1025.85,8100,26069400
INDUSINDBK_F1,20220801,12:45,1025.50,1025.50,1024.80,1024.80,14400,26069400
INDUSINDBK_F1,20220801,12:46,1025.50,1026.90,1025.50,1026.90,11700,26069400
INDUSINDBK_F1,20220801,12:47,1027.20,1027.95,1027.20,1027.90,9000,26069400
INDUSINDBK_F1,20220801,12:48,1027.90,1028.00,1027.80,1027.80,5400,26069400
INDUSINDBK_F1,20220801,12:49,1027.55,1028.25,1027.55,1028.00,9000,26066700
INDUSINDBK_F1,20220801,12:50,1027.65,1028.45,1027.65,1028.45,6300,26066700
INDUSINDBK_F1,20220801,12:51,1028.10,1028.50,1028.10,1028.30,5400,26066700
INDUSINDBK_F1,20220801,12:52,1028.05,1028.05,1027.10,1027.20,19800,26064900
INDUSINDBK_F1,20220801,12:53,1027.75,1028.40,1027.75,1028.20,6300,26064900
INDUSINDBK_F1,20220801,12:54,1028.00,1028.00,1027.70,1028.00,2700,26064900
INDUSINDBK_F1,20220801,12:55,1029.00,1029.50,1028.80,1029.50,18900,26069400
INDUSINDBK_F1,20220801,12:56,1029.15,1029.15,1028.15,1028.15,6300,26069400
INDUSINDBK_F1,20220801,12:57,1028.00,1028.00,1028.00,1028.00,2700,26069400
INDUSINDBK_F1,20220801,12:58,1027.55,1027.55,1027.55,1027.55,900,25900200
INDUSINDBK_F1,20220801,12:59,1029.00,1029.60,1029.00,1029.60,2700,25900200
INDUSINDBK_F1,20220801,13:00,1029.65,1030.10,1029.15,1029.40,24300,25900200
INDUSINDBK_F1,20220801,13:01,1029.10,1029.50,1028.70,1028.70,7200,25913700
INDUSINDBK_F1,20220801,13:02,1029.00,1029.35,1029.00,1029.35,1800,25913700
INDUSINDBK_F1,20220801,13:03,1029.50,1029.95,1029.50,1029.60,6300,25913700
INDUSINDBK_F1,20220801,13:04,1029.95,1029.95,1029.95,1029.95,900,25915500
INDUSINDBK_F1,20220801,13:05,1029.60,1030.20,1029.60,1030.20,5400,25915500
INDUSINDBK_F1,20220801,13:06,1030.20,1030.50,1029.55,1029.55,21600,25915500
INDUSINDBK_F1,20220801,13:07,1029.55,1029.85,1029.45,1029.50,9000,25922700
INDUSINDBK_F1,20220801,13:08,1029.75,1029.75,1029.00,1029.00,3600,25922700
INDUSINDBK_F1,20220801,13:09,1028.95,1028.95,1027.30,1027.65,28800,25922700
INDUSINDBK_F1,20220801,13:10,1028.00,1028.00,1027.75,1028.00,17100,25926300
INDUSINDBK_F1,20220801,13:11,1028.70,1028.70,1028.30,1028.65,2700,25926300
INDUSINDBK_F1,20220801,13:12,1029.60,1029.90,1029.60,1029.60,3600,25926300
INDUSINDBK_F1,20220801,13:13,1030.30,1030.55,1029.90,1030.55,43200,25929900
INDUSINDBK_F1,20220801,13:14,1031.00,1031.60,1031.00,1031.00,26100,25929900
INDUSINDBK_F1,20220801,13:15,1031.55,1031.55,1031.50,1031.50,4500,25929900
INDUSINDBK_F1,20220801,13:16,1031.50,1031.50,1030.50,1030.70,26100,25979400
INDUSINDBK_F1,20220801,13:17,1030.40,1031.15,1030.20,1031.15,5400,25979400
INDUSINDBK_F1,20220801,13:18,1030.55,1031.40,1030.20,1031.40,9000,25979400
INDUSINDBK_F1,20220801,13:19,1031.10,1031.65,1031.10,1031.60,9000,25989300
INDUSINDBK_F1,20220801,13:20,1031.60,1031.60,1030.75,1030.80,9000,25989300
INDUSINDBK_F1,20220801,13:21,1031.25,1031.45,1030.85,1031.35,9000,25989300
INDUSINDBK_F1,20220801,13:22,1030.85,1031.25,1030.85,1031.05,4500,26002800
INDUSINDBK_F1,20220801,13:23,1031.00,1031.40,1031.00,1031.40,4500,26002800
INDUSINDBK_F1,20220801,13:24,1031.55,1031.60,1031.00,1031.60,6300,26002800
INDUSINDBK_F1,20220801,13:25,1031.55,1033.15,1031.55,1032.90,49500,26004600
INDUSINDBK_F1,20220801,13:26,1032.90,1032.90,1031.70,1031.70,13500,26004600
INDUSINDBK_F1,20220801,13:27,1031.65,1032.35,1031.65,1031.90,5400,26004600
INDUSINDBK_F1,20220801,13:28,1032.40,1033.40,1032.40,1033.40,8100,26005500
INDUSINDBK_F1,20220801,13:29,1033.05,1033.10,1032.75,1033.10,7200,26005500
INDUSINDBK_F1,20220801,13:30,1033.60,1034.45,1033.20,1034.45,27900,26005500
INDUSINDBK_F1,20220801,13:31,1034.45,1034.45,1033.45,1033.45,14400,26003700
INDUSINDBK_F1,20220801,13:32,1033.55,1033.55,1033.15,1033.15,8100,26003700
INDUSINDBK_F1,20220801,13:33,1033.30,1033.30,1032.50,1032.90,20700,26003700
INDUSINDBK_F1,20220801,13:34,1032.95,1033.65,1032.90,1033.65,8100,26027100
INDUSINDBK_F1,20220801,13:35,1033.40,1035.40,1033.40,1035.40,62100,26027100
INDUSINDBK_F1,20220801,13:36,1035.35,1035.50,1032.90,1032.90,20700,26027100
INDUSINDBK_F1,20220801,13:37,1031.75,1032.20,1031.40,1031.55,54900,26059500
INDUSINDBK_F1,20220801,13:38,1031.90,1032.00,1031.10,1032.00,15300,26059500
INDUSINDBK_F1,20220801,13:39,1032.20,1032.50,1032.20,1032.50,8100,26059500
INDUSINDBK_F1,20220801,13:40,1032.90,1034.40,1032.70,1034.40,14400,26071200
INDUSINDBK_F1,20220801,13:41,1034.20,1034.90,1033.50,1034.50,30600,26071200
INDUSINDBK_F1,20220801,13:42,1034.50,1034.70,1033.15,1034.05,26100,26071200
INDUSINDBK_F1,20220801,13:43,1034.10,1034.30,1033.65,1034.05,15300,26082900
INDUSINDBK_F1,20220801,13:44,1033.65,1034.50,1033.65,1033.65,10800,26082900
INDUSINDBK_F1,20220801,13:45,1033.60,1034.05,1033.15,1034.05,8100,26082900
INDUSINDBK_F1,20220801,13:46,1034.60,1034.80,1034.05,1034.50,19800,26093700
INDUSINDBK_F1,20220801,13:47,1034.70,1034.95,1034.10,1034.95,17100,26093700
INDUSINDBK_F1,20220801,13:48,1034.45,1035.45,1034.40,1034.75,17100,26093700
INDUSINDBK_F1,20220801,13:49,1035.10,1035.10,1034.60,1034.75,4500,26107200
INDUSINDBK_F1,20220801,13:50,1035.00,1035.00,1034.60,1034.60,2700,26107200
INDUSINDBK_F1,20220801,13:51,1034.50,1034.95,1034.45,1034.80,9900,26107200
INDUSINDBK_F1,20220801,13:52,1034.85,1035.05,1034.50,1035.00,10800,26115300
INDUSINDBK_F1,20220801,13:53,1034.95,1034.95,1034.50,1034.65,2700,26115300
INDUSINDBK_F1,20220801,13:54,1034.50,1035.20,1034.40,1035.20,12600,26115300
INDUSINDBK_F1,20220801,13:55,1035.40,1035.70,1035.20,1035.40,14400,26131500
INDUSINDBK_F1,20220801,13:56,1035.25,1035.65,1035.05,1035.05,9000,26131500
INDUSINDBK_F1,20220801,13:57,1034.95,1035.00,1034.55,1034.90,22500,26131500
INDUSINDBK_F1,20220801,13:58,1034.65,1035.15,1034.65,1035.10,4500,26154000
INDUSINDBK_F1,20220801,13:59,1035.45,1035.90,1035.15,1035.60,19800,26154000
INDUSINDBK_F1,20220801,14:00,1035.85,1035.85,1035.35,1035.80,16200,26154000
INDUSINDBK_F1,20220801,14:01,1035.65,1035.65,1034.40,1034.40,28800,26167500
INDUSINDBK_F1,20220801,14:02,1034.25,1034.55,1034.25,1034.55,2700,26167500
INDUSINDBK_F1,20220801,14:03,1035.15,1035.25,1035.00,1035.00,5400,26167500
INDUSINDBK_F1,20220801,14:04,1034.75,1034.95,1034.15,1034.35,11700,26179200
INDUSINDBK_F1,20220801,14:05,1034.65,1035.50,1034.65,1035.50,8100,26179200
INDUSINDBK_F1,20220801,14:06,1035.50,1035.50,1034.35,1034.60,12600,26179200
INDUSINDBK_F1,20220801,14:07,1034.45,1035.00,1034.35,1034.40,15300,26196300
INDUSINDBK_F1,20220801,14:08,1034.35,1035.05,1034.35,1035.05,6300,26196300
INDUSINDBK_F1,20220801,14:09,1035.00,1035.15,1034.95,1035.15,5400,26196300
INDUSINDBK_F1,20220801,14:10,1035.20,1036.55,1035.20,1036.25,36000,26199900
INDUSINDBK_F1,20220801,14:11,1036.25,1036.25,1035.65,1035.65,9000,26199900
INDUSINDBK_F1,20220801,14:12,1036.25,1036.25,1036.00,1036.00,10800,26199900
INDUSINDBK_F1,20220801,14:13,1036.00,1036.55,1035.60,1036.50,16200,26222400
INDUSINDBK_F1,20220801,14:14,1036.05,1036.35,1035.70,1035.90,9900,26222400
INDUSINDBK_F1,20220801,14:15,1035.55,1035.55,1035.25,1035.30,4500,26222400
INDUSINDBK_F1,20220801,14:16,1036.30,1036.30,1035.40,1036.20,20700,26218800
INDUSINDBK_F1,20220801,14:17,1036.45,1036.45,1035.65,1035.95,21600,26218800
INDUSINDBK_F1,20220801,14:18,1036.00,1036.45,1035.65,1036.00,18900,26218800
INDUSINDBK_F1,20220801,14:19,1035.95,1036.30,1035.95,1036.30,4500,26236800
INDUSINDBK_F1,20220801,14:20,1036.25,1036.35,1035.70,1036.00,8100,26236800
INDUSINDBK_F1,20220801,14:21,1035.75,1036.20,1035.60,1035.75,7200,26236800
INDUSINDBK_F1,20220801,14:22,1035.80,1036.05,1035.30,1035.40,9000,26236800
INDUSINDBK_F1,20220801,14:23,1035.30,1036.00,1035.30,1035.80,14400,26236800
INDUSINDBK_F1,20220801,14:24,1035.85,1036.35,1035.60,1035.60,10800,26236800
INDUSINDBK_F1,20220801,14:25,1035.70,1036.30,1035.60,1035.60,5400,26242200
INDUSINDBK_F1,20220801,14:26,1035.95,1035.95,1035.70,1035.70,2700,26242200
INDUSINDBK_F1,20220801,14:27,1036.20,1036.35,1036.20,1036.35,5400,26242200
INDUSINDBK_F1,20220801,14:28,1036.45,1037.05,1036.30,1037.00,24300,26244900
INDUSINDBK_F1,20220801,14:29,1037.00,1037.55,1036.70,1037.55,34200,26244900
INDUSINDBK_F1,20220801,14:30,1037.90,1038.30,1037.85,1038.00,14400,26244900
INDUSINDBK_F1,20220801,14:31,1038.00,1039.20,1037.85,1039.20,27000,26287200
INDUSINDBK_F1,20220801,14:32,1038.75,1039.00,1038.55,1039.00,19800,26287200
INDUSINDBK_F1,20220801,14:33,1039.15,1039.40,1038.50,1038.75,20700,26287200
INDUSINDBK_F1,20220801,14:34,1039.00,1039.25,1038.75,1038.75,12600,26316000
INDUSINDBK_F1,20220801,14:35,1038.70,1039.00,1037.05,1037.05,28800,26316000
INDUSINDBK_F1,20220801,14:36,1037.25,1037.95,1035.95,1037.95,16200,26316000
INDUSINDBK_F1,20220801,14:37,1038.00,1038.60,1037.70,1038.60,20700,26339400
INDUSINDBK_F1,20220801,14:38,1038.60,1038.60,1038.60,1038.60,900,26339400
INDUSINDBK_F1,20220801,14:39,1038.55,1038.80,1038.40,1038.80,13500,26339400
INDUSINDBK_F1,20220801,14:40,1039.35,1039.50,1038.40,1038.40,31500,26343900
INDUSINDBK_F1,20220801,14:41,1038.50,1038.50,1037.85,1038.35,16200,26343900
INDUSINDBK_F1,20220801,14:42,1038.10,1039.05,1038.10,1038.80,8100,26343900
INDUSINDBK_F1,20220801,14:43,1039.10,1039.55,1039.10,1039.20,14400,26346600
INDUSINDBK_F1,20220801,14:44,1039.35,1039.55,1039.25,1039.55,9900,26346600
INDUSINDBK_F1,20220801,14:45,1039.40,1039.50,1038.95,1038.95,8100,26346600
INDUSINDBK_F1,20220801,14:46,1038.95,1038.95,1038.25,1038.25,16200,26352900
INDUSINDBK_F1,20220801,14:47,1038.35,1038.40,1037.20,1037.20,36900,26352900
INDUSINDBK_F1,20220801,14:48,1037.00,1037.75,1036.75,1037.30,18900,26352900
INDUSINDBK_F1,20220801,14:49,1037.40,1038.60,1037.40,1038.60,6300,26356500
INDUSINDBK_F1,20220801,14:50,1039.00,1039.00,1037.80,1037.80,15300,26356500
INDUSINDBK_F1,20220801,14:51,1038.05,1038.40,1038.00,1038.15,9000,26356500
INDUSINDBK_F1,20220801,14:52,1038.55,1038.70,1038.00,1038.50,25200,26359200
INDUSINDBK_F1,20220801,14:53,1038.30,1039.25,1038.25,1038.30,26100,26359200
INDUSINDBK_F1,20220801,14:54,1038.25,1038.30,1037.85,1037.85,6300,26359200
INDUSINDBK_F1,20220801,14:55,1038.05,1038.80,1038.05,1038.55,22500,26379900
INDUSINDBK_F1,20220801,14:56,1038.55,1038.95,1038.55,1038.75,13500,26379900
INDUSINDBK_F1,20220801,14:57,1038.60,1038.80,1038.55,1038.65,23400,26379900
INDUSINDBK_F1,20220801,14:58,1038.60,1039.25,1038.60,1039.25,6300,26386200
INDUSINDBK_F1,20220801,14:59,1038.70,1039.10,1038.45,1039.10,18000,26386200
INDUSINDBK_F1,20220801,15:00,1038.85,1039.30,1038.85,1039.25,28800,26386200
INDUSINDBK_F1,20220801,15:01,1039.10,1040.80,1038.70,1040.80,47700,26393400
INDUSINDBK_F1,20220801,15:02,1040.40,1040.70,1039.80,1039.85,27900,26393400
INDUSINDBK_F1,20220801,15:03,1039.35,1039.35,1038.70,1039.00,29700,26393400
INDUSINDBK_F1,20220801,15:04,1038.95,1039.20,1038.60,1038.70,35100,26410500
INDUSINDBK_F1,20220801,15:05,1038.90,1038.95,1038.30,1038.70,22500,26410500
INDUSINDBK_F1,20220801,15:06,1038.50,1038.85,1038.20,1038.35,19800,26410500
INDUSINDBK_F1,20220801,15:07,1038.25,1038.30,1038.00,1038.30,21600,26432100
INDUSINDBK_F1,20220801,15:08,1038.30,1038.40,1037.70,1037.75,16200,26432100
INDUSINDBK_F1,20220801,15:09,1037.55,1037.90,1037.45,1037.60,15300,26432100
INDUSINDBK_F1,20220801,15:10,1037.10,1037.10,1036.10,1036.10,25200,26441100
INDUSINDBK_F1,20220801,15:11,1035.85,1036.05,1034.30,1036.05,38700,26441100
INDUSINDBK_F1,20220801,15:12,1035.65,1036.05,1035.25,1035.25,10800,26441100
INDUSINDBK_F1,20220801,15:13,1035.05,1035.05,1034.20,1034.20,32400,26453700
INDUSINDBK_F1,20220801,15:14,1033.85,1034.55,1033.85,1034.20,22500,26453700
INDUSINDBK_F1,20220801,15:15,1034.60,1034.60,1033.00,1033.00,28800,26453700
INDUSINDBK_F1,20220801,15:16,1032.70,1034.15,1032.10,1033.90,49500,26469000
INDUSINDBK_F1,20220801,15:17,1033.85,1033.85,1033.15,1033.75,24300,26469000
INDUSINDBK_F1,20220801,15:18,1033.85,1034.50,1032.15,1033.15,108000,26469000
INDUSINDBK_F1,20220801,15:19,1033.05,1033.75,1032.90,1033.55,20700,26467200
INDUSINDBK_F1,20220801,15:20,1033.40,1034.00,1032.90,1033.65,33300,26467200
INDUSINDBK_F1,20220801,15:21,1033.60,1034.95,1033.00,1034.05,39600,26467200
INDUSINDBK_F1,20220801,15:22,1033.70,1034.70,1033.25,1034.25,35100,26504100
INDUSINDBK_F1,20220801,15:23,1034.70,1034.85,1034.15,1034.75,16200,26504100
INDUSINDBK_F1,20220801,15:24,1034.75,1034.75,1033.70,1033.95,28800,26504100
INDUSINDBK_F1,20220801,15:25,1033.60,1033.75,1033.15,1033.40,43200,26516700
INDUSINDBK_F1,20220801,15:26,1033.40,1034.15,1033.25,1034.10,25200,26516700
INDUSINDBK_F1,20220801,15:27,1033.90,1034.15,1033.90,1034.00,7200,26516700
INDUSINDBK_F1,20220801,15:28,1034.30,1034.50,1034.10,1034.20,23400,26522100
INDUSINDBK_F1,20220801,15:29,1034.50,1034.50,1033.05,1033.80,76500,26522100
INDUSINDBK_F1,20220801,15:30,1033.90,1035.10,1033.30,1034.40,35100,26522100
INDUSINDBK_F1,20220801,18:19,1035.15,1035.15,1035.15,1035.15,1,25358400
