ONGC_F1,20170524,09:16,175.45,175.45,174.75,174.8,138750
ONGC_F1,20170524,09:17,174.85,175,174.8,175,82500
ONGC_F1,20170524,09:18,175,175.35,174.95,175.15,176250
ONGC_F1,20170524,09:19,175.1,175.1,174.8,174.8,153750
ONGC_F1,20170524,09:20,174.7,174.9,174.7,174.85,67500
ONGC_F1,20170524,09:21,174.85,174.85,174.4,174.45,296250
ONGC_F1,20170524,09:22,174.35,174.45,174.35,174.35,52500
ONGC_F1,20170524,09:23,174.5,174.5,174.4,174.5,153750
ONGC_F1,20170524,09:24,174.4,174.4,174.15,174.4,165000
ONGC_F1,20170524,09:25,174.4,174.65,174.4,174.65,101250
ONGC_F1,20170524,09:26,174.65,174.75,174.3,174.3,123750
ONGC_F1,20170524,09:27,174.35,174.6,174.35,174.6,52500
ONGC_F1,20170524,09:28,174.5,174.55,174.3,174.5,56250
ONGC_F1,20170524,09:29,174.4,174.55,174.4,174.4,67500
ONGC_F1,20170524,09:30,174.35,174.5,174.3,174.5,60000
ONGC_F1,20170524,09:31,174.5,174.5,174.35,174.45,105000
ONGC_F1,20170524,09:32,174.45,174.45,174.35,174.4,198750
ONGC_F1,20170524,09:33,174.4,174.45,174.4,174.4,37500
ONGC_F1,20170524,09:34,174.4,174.4,174.3,174.3,30000
ONGC_F1,20170524,09:35,174.25,174.25,174.2,174.25,30000
ONGC_F1,20170524,09:36,174.25,174.3,174.15,174.25,131250
ONGC_F1,20170524,09:37,174.25,174.3,174.25,174.25,101250
ONGC_F1,20170524,09:38,174.3,174.35,174.15,174.2,517500
ONGC_F1,20170524,09:39,174.1,174.1,173.85,173.9,146250
ONGC_F1,20170524,09:40,173.9,174,173.65,173.65,131250
ONGC_F1,20170524,09:41,173.65,173.7,173.65,173.65,45000
ONGC_F1,20170524,09:42,173.6,173.85,173.6,173.7,60000
ONGC_F1,20170524,09:43,173.75,173.75,173.65,173.65,45000
ONGC_F1,20170524,09:44,173.65,173.65,173.35,173.5,97500
ONGC_F1,20170524,09:45,173.5,173.5,173.35,173.4,105000
ONGC_F1,20170524,09:46,173.3,173.4,173.2,173.2,93750
ONGC_F1,20170524,09:47,173.2,173.25,173.05,173.05,60000
ONGC_F1,20170524,09:48,173.05,173.25,173,173.25,97500
ONGC_F1,20170524,09:49,173.2,173.2,173.1,173.1,86250
ONGC_F1,20170524,09:50,173.2,173.25,173.2,173.25,67500
ONGC_F1,20170524,09:51,173.25,173.45,173.25,173.35,45000
ONGC_F1,20170524,09:52,173.35,173.35,173.3,173.3,26250
ONGC_F1,20170524,09:53,173.3,173.3,173.3,173.3,7500
ONGC_F1,20170524,09:54,173.25,173.3,173.15,173.15,90000
ONGC_F1,20170524,09:55,173.25,173.3,173.15,173.15,75000
ONGC_F1,20170524,09:56,173.15,173.2,173.15,173.2,15000
ONGC_F1,20170524,09:57,173.3,173.4,173.2,173.2,120000
ONGC_F1,20170524,09:58,173.2,173.3,173.2,173.3,56250
ONGC_F1,20170524,09:59,173.3,173.4,173.3,173.4,52500
ONGC_F1,20170524,10:00,173.4,173.5,173.4,173.45,82500
ONGC_F1,20170524,10:01,173.55,173.9,173.55,173.85,78750
ONGC_F1,20170524,10:02,173.85,174.15,173.85,174.15,97500
ONGC_F1,20170524,10:03,174.1,174.1,174,174,63750
ONGC_F1,20170524,10:04,173.9,174.15,173.9,174.1,56250
ONGC_F1,20170524,10:05,174.2,174.4,174.15,174.4,142500
ONGC_F1,20170524,10:06,174.4,174.4,174.15,174.2,41250
ONGC_F1,20170524,10:07,174.2,174.25,174.2,174.25,22500
ONGC_F1,20170524,10:08,174.15,174.25,174.15,174.2,26250
ONGC_F1,20170524,10:09,174.2,174.2,174.2,174.2,3750
ONGC_F1,20170524,10:10,174.1,174.1,174.05,174.05,56250
ONGC_F1,20170524,10:11,174.1,174.1,174.05,174.05,41250
ONGC_F1,20170524,10:12,174.05,174.25,174.05,174.25,30000
ONGC_F1,20170524,10:13,174.15,174.25,174.15,174.25,56250
ONGC_F1,20170524,10:14,174.25,174.25,174.25,174.25,37500
ONGC_F1,20170524,10:15,174.2,174.3,174.15,174.25,198750
ONGC_F1,20170524,10:16,174.25,174.3,174.1,174.25,127500
ONGC_F1,20170524,10:17,174.25,174.25,174.15,174.15,37500
ONGC_F1,20170524,10:18,174.15,174.15,174.15,174.15,45000
ONGC_F1,20170524,10:19,174.1,174.1,174.1,174.1,15000
ONGC_F1,20170524,10:20,174.2,174.2,174.15,174.2,18750
ONGC_F1,20170524,10:21,174.15,174.3,174.15,174.25,22500
ONGC_F1,20170524,10:22,174.25,174.35,174.25,174.35,7500
ONGC_F1,20170524,10:23,174.3,174.3,174.25,174.25,26250
ONGC_F1,20170524,10:24,174.3,174.3,174.3,174.3,22500
ONGC_F1,20170524,10:25,174.25,174.25,174.25,174.25,26250
ONGC_F1,20170524,10:26,174.3,174.3,174.2,174.2,18750
ONGC_F1,20170524,10:27,174.35,174.5,174.35,174.5,56250
ONGC_F1,20170524,10:28,174.45,174.45,174.35,174.35,26250
ONGC_F1,20170524,10:29,174.4,174.6,174.4,174.55,45000
ONGC_F1,20170524,10:30,174.5,174.7,174.45,174.7,135000
ONGC_F1,20170524,10:31,174.8,174.8,174.75,174.8,67500
ONGC_F1,20170524,10:32,174.75,174.8,174.65,174.75,63750
ONGC_F1,20170524,10:33,174.8,174.8,174.7,174.75,48750
ONGC_F1,20170524,10:34,174.75,174.85,174.75,174.8,22500
ONGC_F1,20170524,10:35,174.8,174.85,174.75,174.85,63750
ONGC_F1,20170524,10:36,174.8,174.8,174.7,174.7,18750
ONGC_F1,20170524,10:37,174.65,174.75,174.65,174.7,18750
ONGC_F1,20170524,10:38,174.7,174.9,174.7,174.9,97500
ONGC_F1,20170524,10:39,174.8,174.9,174.8,174.9,22500
ONGC_F1,20170524,10:40,174.95,175.05,174.9,175.05,56250
ONGC_F1,20170524,10:41,175.15,175.15,175.05,175.15,112500
ONGC_F1,20170524,10:42,175.15,175.25,175.1,175.25,56250
ONGC_F1,20170524,10:43,175.4,175.6,175.4,175.45,247500
ONGC_F1,20170524,10:44,175.5,175.5,175.4,175.5,45000
ONGC_F1,20170524,10:45,175.5,175.6,175.45,175.55,78750
ONGC_F1,20170524,10:46,175.55,175.55,175.45,175.45,15000
ONGC_F1,20170524,10:47,175.45,175.55,175.45,175.55,78750
ONGC_F1,20170524,10:48,175.6,175.65,175.55,175.65,45000
ONGC_F1,20170524,10:49,175.65,175.65,175.55,175.65,146250
ONGC_F1,20170524,10:50,175.65,175.9,175.65,175.9,86250
ONGC_F1,20170524,10:51,175.9,176,175.9,176,56250
ONGC_F1,20170524,10:52,176,176,175.95,175.95,33750
ONGC_F1,20170524,10:53,175.95,176.15,175.95,176.05,75000
ONGC_F1,20170524,10:54,176.05,176.05,175.9,176,97500
ONGC_F1,20170524,10:55,175.95,176.1,175.95,176,236250
ONGC_F1,20170524,10:56,176.05,176.2,176,176.1,135000
ONGC_F1,20170524,10:57,176.25,176.5,176.25,176.45,138750
ONGC_F1,20170524,10:58,176.55,176.55,176.35,176.4,82500
ONGC_F1,20170524,10:59,176.4,176.4,176.15,176.25,45000
ONGC_F1,20170524,11:00,176.25,176.3,176.25,176.25,18750
ONGC_F1,20170524,11:01,176.15,176.25,176.15,176.25,41250
ONGC_F1,20170524,11:02,176.2,176.2,176.1,176.1,22500
ONGC_F1,20170524,11:03,175.9,175.9,175.6,175.75,116250
ONGC_F1,20170524,11:04,175.65,175.65,175.6,175.6,33750
ONGC_F1,20170524,11:05,175.65,175.75,175.6,175.75,112500
ONGC_F1,20170524,11:06,175.7,175.8,175.7,175.8,22500
ONGC_F1,20170524,11:07,175.7,176.1,175.7,176,41250
ONGC_F1,20170524,11:08,176.1,176.1,175.95,175.95,15000
ONGC_F1,20170524,11:09,175.95,176,175.8,175.8,45000
ONGC_F1,20170524,11:10,175.8,175.95,175.8,175.95,22500
ONGC_F1,20170524,11:11,176,176.05,176,176.05,7500
ONGC_F1,20170524,11:12,175.95,175.95,175.95,175.95,3750
ONGC_F1,20170524,11:13,175.8,175.8,175.8,175.8,18750
ONGC_F1,20170524,11:14,175.75,175.8,175.75,175.8,15000
ONGC_F1,20170524,11:15,175.7,175.75,175.65,175.75,71250
ONGC_F1,20170524,11:16,175.75,175.75,175.75,175.75,22500
ONGC_F1,20170524,11:17,175.7,175.8,175.7,175.8,7500
ONGC_F1,20170524,11:18,175.7,175.75,175.65,175.75,48750
ONGC_F1,20170524,11:19,175.75,175.8,175.75,175.8,15000
ONGC_F1,20170524,11:21,175.75,175.75,175.7,175.7,30000
ONGC_F1,20170524,11:22,175.65,175.75,175.65,175.65,37500
ONGC_F1,20170524,11:23,175.65,175.75,175.6,175.6,11250
ONGC_F1,20170524,11:24,175.6,175.6,175.6,175.6,11250
ONGC_F1,20170524,11:25,175.65,175.7,175.65,175.7,26250
ONGC_F1,20170524,11:26,175.55,175.7,175.55,175.65,67500
ONGC_F1,20170524,11:27,175.65,175.65,175.6,175.6,33750
ONGC_F1,20170524,11:28,175.6,175.75,175.6,175.65,22500
ONGC_F1,20170524,11:29,175.65,175.8,175.65,175.65,26250
ONGC_F1,20170524,11:30,175.7,175.7,175.65,175.65,11250
ONGC_F1,20170524,11:31,175.6,175.6,175.55,175.6,41250
ONGC_F1,20170524,11:32,175.6,175.75,175.6,175.75,48750
ONGC_F1,20170524,11:33,175.7,175.8,175.65,175.7,67500
ONGC_F1,20170524,11:34,175.75,175.8,175.75,175.8,22500
ONGC_F1,20170524,11:36,175.85,175.85,175.75,175.85,45000
ONGC_F1,20170524,11:37,175.85,175.85,175.8,175.8,37500
ONGC_F1,20170524,11:38,175.8,175.9,175.8,175.85,22500
ONGC_F1,20170524,11:39,175.85,175.95,175.85,175.85,33750
ONGC_F1,20170524,11:40,176,176.05,176,176,37500
ONGC_F1,20170524,11:41,176.05,176.05,175.9,175.9,7500
ONGC_F1,20170524,11:42,176,176,175.75,175.75,52500
ONGC_F1,20170524,11:43,175.85,175.85,175.85,175.85,461250
ONGC_F1,20170524,11:44,175.75,175.8,175.5,175.5,105000
ONGC_F1,20170524,11:45,175.55,175.55,175.55,175.55,48750
ONGC_F1,20170524,11:46,175.55,175.6,175.5,175.55,86250
ONGC_F1,20170524,11:47,175.65,175.65,175.5,175.5,52500
ONGC_F1,20170524,11:48,175.55,175.6,175.45,175.45,45000
ONGC_F1,20170524,11:49,175.45,175.55,175.45,175.55,41250
ONGC_F1,20170524,11:50,175.65,175.65,175.6,175.6,52500
ONGC_F1,20170524,11:51,175.55,175.55,175.5,175.5,48750
ONGC_F1,20170524,11:52,175.5,175.6,175.5,175.55,26250
ONGC_F1,20170524,11:53,175.55,175.55,175.4,175.4,45000
ONGC_F1,20170524,11:54,175.4,175.55,175.4,175.45,78750
ONGC_F1,20170524,11:55,175.4,175.55,175.4,175.55,26250
ONGC_F1,20170524,11:56,175.45,175.55,175.45,175.55,11250
ONGC_F1,20170524,11:57,175.4,175.5,175.35,175.35,142500
ONGC_F1,20170524,11:58,175.3,175.4,175.25,175.25,153750
ONGC_F1,20170524,11:59,175.35,175.45,175.35,175.45,7500
ONGC_F1,20170524,12:00,175.45,175.45,175.3,175.35,71250
ONGC_F1,20170524,12:01,175.45,175.45,175.3,175.45,78750
ONGC_F1,20170524,12:02,175.3,175.3,175.3,175.3,26250
ONGC_F1,20170524,12:03,175.3,175.3,175.3,175.3,3750
ONGC_F1,20170524,12:04,175.4,175.4,175.4,175.4,7500
ONGC_F1,20170524,12:05,175.4,175.45,175.35,175.45,33750
ONGC_F1,20170524,12:06,175.4,175.4,175.35,175.35,71250
ONGC_F1,20170524,12:07,175.35,175.45,175.35,175.45,15000
ONGC_F1,20170524,12:08,175.45,175.45,175.3,175.35,22500
ONGC_F1,20170524,12:09,175.4,175.4,175.4,175.4,15000
ONGC_F1,20170524,12:10,175.3,175.4,175.3,175.4,18750
ONGC_F1,20170524,12:11,175.45,175.5,175.4,175.5,18750
ONGC_F1,20170524,12:12,175.5,175.5,175.4,175.45,18750
ONGC_F1,20170524,12:13,175.35,175.4,175.3,175.3,30000
ONGC_F1,20170524,12:14,175.3,175.3,175.3,175.3,7500
ONGC_F1,20170524,12:15,175.3,175.5,175.3,175.4,41250
ONGC_F1,20170524,12:16,175.5,175.5,175.5,175.5,7500
ONGC_F1,20170524,12:17,175.5,175.5,175.45,175.45,15000
ONGC_F1,20170524,12:18,175.3,175.45,175.3,175.3,37500
ONGC_F1,20170524,12:19,175.25,175.45,175.25,175.45,15000
ONGC_F1,20170524,12:20,175.45,175.45,175.3,175.3,33750
ONGC_F1,20170524,12:21,175.5,175.5,175.5,175.5,15000
ONGC_F1,20170524,12:22,175.4,175.45,175.4,175.45,26250
ONGC_F1,20170524,12:23,175.45,175.45,175.3,175.4,48750
ONGC_F1,20170524,12:24,175.5,175.5,175.5,175.5,7500
ONGC_F1,20170524,12:25,175.5,175.5,175.4,175.4,26250
ONGC_F1,20170524,12:26,175.4,175.45,175.4,175.45,11250
ONGC_F1,20170524,12:27,175.4,175.4,175.4,175.4,18750
ONGC_F1,20170524,12:28,175.4,175.6,175.4,175.6,48750
ONGC_F1,20170524,12:29,175.6,175.7,175.5,175.65,60000
ONGC_F1,20170524,12:30,175.75,175.75,175.4,175.4,78750
ONGC_F1,20170524,12:31,175.5,175.5,175.5,175.5,7500
ONGC_F1,20170524,12:32,175.65,175.65,175.65,175.65,15000
ONGC_F1,20170524,12:33,175.7,175.7,175.45,175.5,18750
ONGC_F1,20170524,12:34,175.5,175.5,175.3,175.3,26250
ONGC_F1,20170524,12:35,175.2,175.25,175.15,175.15,30000
ONGC_F1,20170524,12:36,175.2,175.3,175.05,175.05,123750
ONGC_F1,20170524,12:37,175.05,175.05,174.7,174.8,86250
ONGC_F1,20170524,12:38,174.8,174.8,174.5,174.5,285000
ONGC_F1,20170524,12:39,174.5,174.8,174.5,174.8,56250
ONGC_F1,20170524,12:40,174.65,174.75,174.5,174.75,105000
ONGC_F1,20170524,12:41,174.7,174.7,174.5,174.65,180000
ONGC_F1,20170524,12:42,174.65,174.8,174.65,174.65,33750
ONGC_F1,20170524,12:43,174.7,174.75,174.7,174.75,11250
ONGC_F1,20170524,12:44,174.65,174.65,174.5,174.5,41250
ONGC_F1,20170524,12:45,174.4,174.55,174.4,174.55,63750
ONGC_F1,20170524,12:46,174.55,174.8,174.45,174.8,71250
ONGC_F1,20170524,12:47,174.85,174.9,174.8,174.9,11250
ONGC_F1,20170524,12:48,174.9,174.95,174.85,174.85,30000
ONGC_F1,20170524,12:49,174.85,174.85,174.85,174.85,15000
ONGC_F1,20170524,12:50,174.6,174.75,174.6,174.75,52500
ONGC_F1,20170524,12:51,174.8,175.1,174.8,175.1,30000
ONGC_F1,20170524,12:52,175.1,175.25,175.1,175.25,67500
ONGC_F1,20170524,12:53,175.25,175.25,174.9,175.05,135000
ONGC_F1,20170524,12:54,174.95,174.95,174.6,174.6,56250
ONGC_F1,20170524,12:55,174.65,174.65,174.5,174.5,37500
ONGC_F1,20170524,12:56,174.5,174.5,174.25,174.25,90000
ONGC_F1,20170524,12:57,174.35,174.8,174.35,174.35,90000
ONGC_F1,20170524,12:58,174.5,174.5,174.2,174.25,105000
ONGC_F1,20170524,12:59,174.25,174.55,174.2,174.25,93750
ONGC_F1,20170524,13:00,174.2,174.25,174.15,174.15,26250
ONGC_F1,20170524,13:01,174.15,174.35,174.15,174.35,37500
ONGC_F1,20170524,13:02,174.25,174.25,174.1,174.15,52500
ONGC_F1,20170524,13:03,174.15,174.15,173.9,174.05,176250
ONGC_F1,20170524,13:04,173.9,174,173.4,173.4,105000
ONGC_F1,20170524,13:05,173.5,173.7,173.5,173.6,97500
ONGC_F1,20170524,13:06,173.7,173.7,173.5,173.7,63750
ONGC_F1,20170524,13:07,173.8,174.05,173.8,174,67500
ONGC_F1,20170524,13:08,173.95,173.95,173.75,173.85,60000
ONGC_F1,20170524,13:09,173.95,174.05,173.85,174,120000
ONGC_F1,20170524,13:10,174,174.05,173.9,173.9,48750
ONGC_F1,20170524,13:11,173.75,174.05,173.75,173.9,97500
ONGC_F1,20170524,13:12,174,174,173.7,173.85,56250
ONGC_F1,20170524,13:13,173.8,174.1,173.8,174.05,82500
ONGC_F1,20170524,13:14,174,174.15,173.85,174.1,97500
ONGC_F1,20170524,13:15,173.85,174.1,173.85,174.05,86250
ONGC_F1,20170524,13:16,174.05,174.1,173.95,174.1,60000
ONGC_F1,20170524,13:17,174.1,174.1,173.95,173.95,48750
ONGC_F1,20170524,13:18,174.05,174.05,173.85,174,71250
ONGC_F1,20170524,13:19,174,174.05,173.85,173.9,63750
ONGC_F1,20170524,13:20,174,174.05,173.95,174,45000
ONGC_F1,20170524,13:21,174,174.1,173.95,174.1,56250
ONGC_F1,20170524,13:22,174,174.1,174,174.05,26250
ONGC_F1,20170524,13:23,174.1,174.1,173.9,173.9,33750
ONGC_F1,20170524,13:24,174,174.1,174,174,22500
ONGC_F1,20170524,13:25,174.05,174.05,173.9,174,33750
ONGC_F1,20170524,13:26,173.85,174,173.85,174,120000
ONGC_F1,20170524,13:27,173.9,173.9,173.9,173.9,11250
ONGC_F1,20170524,13:28,173.85,174,173.85,173.95,37500
ONGC_F1,20170524,13:29,173.95,174.1,173.9,174.1,86250
ONGC_F1,20170524,13:30,174,174.1,173.95,174.1,75000
ONGC_F1,20170524,13:31,174.1,174.1,174.05,174.05,22500
ONGC_F1,20170524,13:32,174.1,174.15,174.1,174.15,41250
ONGC_F1,20170524,13:34,174.2,174.2,174.2,174.2,7500
ONGC_F1,20170524,13:35,174.35,174.4,174.3,174.3,195000
ONGC_F1,20170524,13:36,174.3,174.3,174.3,174.3,105000
ONGC_F1,20170524,13:37,174.25,174.25,174.25,174.25,26250
ONGC_F1,20170524,13:38,174.2,174.4,174.2,174.25,18750
ONGC_F1,20170524,13:39,174.2,174.35,174.1,174.35,37500
ONGC_F1,20170524,13:40,174.3,174.3,174.3,174.3,22500
ONGC_F1,20170524,13:41,174.35,174.35,174.25,174.25,382500
ONGC_F1,20170524,13:42,174.2,174.5,174.2,174.5,105000
ONGC_F1,20170524,13:43,174.55,174.6,174.5,174.5,56250
ONGC_F1,20170524,13:44,174.7,174.8,174.7,174.75,63750
ONGC_F1,20170524,13:45,174.5,174.5,174.5,174.5,15000
ONGC_F1,20170524,13:46,174.3,174.3,174.15,174.25,33750
ONGC_F1,20170524,13:47,174.1,174.25,174.1,174.25,22500
ONGC_F1,20170524,13:48,174.25,174.25,174.2,174.25,33750
ONGC_F1,20170524,13:49,174.2,174.2,174.2,174.2,3750
ONGC_F1,20170524,13:50,174.35,174.35,174.1,174.1,45000
ONGC_F1,20170524,13:51,174.05,174.15,174,174.1,33750
ONGC_F1,20170524,13:52,174.1,174.1,174.1,174.1,3750
ONGC_F1,20170524,13:53,174.15,174.2,174,174.1,67500
ONGC_F1,20170524,13:54,174.05,174.05,174,174,26250
ONGC_F1,20170524,13:55,174,174.2,174,174.1,101250
ONGC_F1,20170524,13:56,174,174.15,174,174.1,48750
ONGC_F1,20170524,13:57,174.05,174.1,174.05,174.1,15000
ONGC_F1,20170524,13:58,174.1,174.1,174.05,174.05,30000
ONGC_F1,20170524,13:59,173.95,174.2,173.95,174.2,206250
ONGC_F1,20170524,14:00,174.15,174.2,174,174,22500
ONGC_F1,20170524,14:01,174,174.05,174,174,15000
ONGC_F1,20170524,14:02,174.1,174.1,174,174.05,11250
ONGC_F1,20170524,14:03,174,174.05,174,174.05,22500
ONGC_F1,20170524,14:04,174,174.05,174,174.05,153750
ONGC_F1,20170524,14:05,174,174,174,174,15000
ONGC_F1,20170524,14:06,174,174.1,174,174.1,18750
ONGC_F1,20170524,14:07,174.1,174.1,174.1,174.1,22500
ONGC_F1,20170524,14:08,174.1,174.1,174.1,174.1,37500
ONGC_F1,20170524,14:09,174,174,173.9,173.9,15000
ONGC_F1,20170524,14:10,173.85,174,173.85,174,60000
ONGC_F1,20170524,14:11,173.95,174,173.85,173.95,37500
ONGC_F1,20170524,14:12,173.95,174.1,173.85,174,33750
ONGC_F1,20170524,14:13,174,174.05,173.85,173.85,30000
ONGC_F1,20170524,14:14,173.85,174.05,173.85,174.05,82500
ONGC_F1,20170524,14:15,174,174,173.85,173.85,48750
ONGC_F1,20170524,14:16,173.95,174,173.9,174,22500
ONGC_F1,20170524,14:17,174,174.1,174,174,30000
ONGC_F1,20170524,14:18,174.05,174.15,174.05,174.05,48750
ONGC_F1,20170524,14:19,174,174.1,174,174.05,22500
ONGC_F1,20170524,14:20,174.1,174.1,174,174.05,30000
ONGC_F1,20170524,14:21,174,174.05,173.9,174.05,41250
ONGC_F1,20170524,14:22,173.95,174.05,173.85,173.9,26250
ONGC_F1,20170524,14:23,173.9,174.1,173.9,173.95,41250
ONGC_F1,20170524,14:24,174,174.05,174,174.05,11250
ONGC_F1,20170524,14:25,174.05,174.05,174.05,174.05,22500
ONGC_F1,20170524,14:26,174,174.1,174,174.05,22500
ONGC_F1,20170524,14:27,174.05,174.05,173.95,173.95,48750
ONGC_F1,20170524,14:28,173.95,174.05,173.9,174.05,138750
ONGC_F1,20170524,14:29,174,174,173.9,174,30000
ONGC_F1,20170524,14:30,174.05,174.05,173.9,173.9,45000
ONGC_F1,20170524,14:31,173.9,173.95,173.9,173.95,78750
ONGC_F1,20170524,14:32,174,174,173.9,173.9,33750
ONGC_F1,20170524,14:33,174,174.1,173.95,174.05,56250
ONGC_F1,20170524,14:34,174.05,174.05,173.95,173.95,67500
ONGC_F1,20170524,14:35,174.05,174.15,174,174.15,26250
ONGC_F1,20170524,14:36,174.05,174.05,174.05,174.05,11250
ONGC_F1,20170524,14:37,173.95,173.95,173.95,173.95,127500
ONGC_F1,20170524,14:38,173.95,174,173.9,174,52500
ONGC_F1,20170524,14:39,173.95,174.1,173.9,174,60000
ONGC_F1,20170524,14:40,173.95,174.05,173.95,174,93750
ONGC_F1,20170524,14:41,174,174,173.9,173.95,101250
ONGC_F1,20170524,14:42,173.95,174.05,173.95,174.05,67500
ONGC_F1,20170524,14:43,174,174,173.9,173.9,60000
ONGC_F1,20170524,14:44,174,174,173.85,173.95,48750
ONGC_F1,20170524,14:45,173.9,174,173.8,173.8,202500
ONGC_F1,20170524,14:46,173.8,173.95,173.7,173.8,71250
ONGC_F1,20170524,14:47,173.75,173.8,173.7,173.7,90000
ONGC_F1,20170524,14:48,173.75,173.9,173.75,173.85,33750
ONGC_F1,20170524,14:49,173.95,174,173.85,173.95,86250
ONGC_F1,20170524,14:50,174,174,173.9,173.95,78750
ONGC_F1,20170524,14:51,173.95,173.95,173.9,173.9,11250
ONGC_F1,20170524,14:52,173.9,174.05,173.9,173.95,48750
ONGC_F1,20170524,14:53,173.95,173.95,173.85,173.9,116250
ONGC_F1,20170524,14:54,173.9,173.95,173.85,173.9,45000
ONGC_F1,20170524,14:55,173.9,174,173.9,174,41250
ONGC_F1,20170524,14:56,174,174.05,173.95,174.05,56250
ONGC_F1,20170524,14:57,174.1,174.1,174.05,174.05,78750
ONGC_F1,20170524,14:58,173.9,174.1,173.9,174.1,33750
ONGC_F1,20170524,14:59,174.1,174.1,174,174.1,472500
ONGC_F1,20170524,15:00,174.05,174.1,174,174,33750
ONGC_F1,20170524,15:01,174.05,174.15,174,174,63750
ONGC_F1,20170524,15:02,174.05,174.25,174,174.15,52500
ONGC_F1,20170524,15:03,174.2,174.2,174.1,174.2,26250
ONGC_F1,20170524,15:04,174.2,174.2,174.05,174.05,15000
ONGC_F1,20170524,15:05,174.05,174.1,174.05,174.1,18750
ONGC_F1,20170524,15:06,174.1,174.1,173.95,174,56250
ONGC_F1,20170524,15:07,174,174.1,174,174,22500
ONGC_F1,20170524,15:08,174.05,174.1,173.95,174.1,105000
ONGC_F1,20170524,15:09,174.1,174.1,173.9,173.9,48750
ONGC_F1,20170524,15:10,173.9,173.9,173.7,173.75,71250
ONGC_F1,20170524,15:11,173.85,174.1,173.8,174,105000
ONGC_F1,20170524,15:12,173.9,173.95,173.9,173.95,52500
ONGC_F1,20170524,15:13,173.95,173.95,173.8,173.8,26250
ONGC_F1,20170524,15:14,173.85,173.85,173.85,173.85,26250
ONGC_F1,20170524,15:15,173.85,173.9,173.75,173.8,90000
ONGC_F1,20170524,15:16,173.9,173.9,173.6,173.7,123750
ONGC_F1,20170524,15:17,173.65,173.65,173.55,173.6,90000
ONGC_F1,20170524,15:18,173.5,173.6,173.45,173.45,52500
ONGC_F1,20170524,15:19,173.5,173.55,173.3,173.3,63750
ONGC_F1,20170524,15:20,173.45,173.45,173.25,173.3,48750
ONGC_F1,20170524,15:21,173.25,173.5,173.25,173.3,90000
ONGC_F1,20170524,15:22,173.3,173.3,173.1,173.1,120000
ONGC_F1,20170524,15:23,173.2,173.4,173.15,173.4,176250
ONGC_F1,20170524,15:24,173.35,173.4,173.25,173.4,90000
ONGC_F1,20170524,15:25,173.3,173.55,173.3,173.4,326250
ONGC_F1,20170524,15:26,173.5,173.65,173.5,173.65,138750
ONGC_F1,20170524,15:27,173.65,173.8,173.6,173.8,75000
ONGC_F1,20170524,15:28,173.8,174,173.7,174,101250
ONGC_F1,20170524,15:29,174,174.05,173.9,173.9,75000
ONGC_F1,20170524,15:30,173.9,173.95,173.65,173.65,71250
ONGC_F1,20170524,16:43,173.65,173.65,173.65,173.65,1
