SYNDIBANK_F1,20170623,09:16,78.35,78.55,78.35,78.5,54000
SYNDIBANK_F1,20170623,09:17,78.6,78.6,78.5,78.5,72000
SYNDIBANK_F1,20170623,09:18,78.6,78.7,78.6,78.7,36000
SYNDIBANK_F1,20170623,09:19,78.7,78.7,78.7,78.7,18000
SYNDIBANK_F1,20170623,09:20,78.7,78.7,78.7,78.7,9000
SYNDIBANK_F1,20170623,09:21,78.55,78.6,78.45,78.45,72000
SYNDIBANK_F1,20170623,09:22,78.3,78.4,78.3,78.3,45000
SYNDIBANK_F1,20170623,09:23,78.3,78.45,78.3,78.35,45000
SYNDIBANK_F1,20170623,09:24,78.3,78.35,78.3,78.35,27000
SYNDIBANK_F1,20170623,09:25,78.35,78.35,78.35,78.35,9000
SYNDIBANK_F1,20170623,09:26,78.3,78.3,78.2,78.2,81000
SYNDIBANK_F1,20170623,09:27,78.35,78.45,78.35,78.45,63000
SYNDIBANK_F1,20170623,09:29,78.4,78.4,78.4,78.4,18000
SYNDIBANK_F1,20170623,09:30,78.4,78.4,78.4,78.4,9000
SYNDIBANK_F1,20170623,09:31,78.6,78.65,78.6,78.65,72000
SYNDIBANK_F1,20170623,09:32,78.65,78.65,78.6,78.6,18000
SYNDIBANK_F1,20170623,09:33,78.6,78.6,78.6,78.6,9000
SYNDIBANK_F1,20170623,09:34,78.6,78.6,78.5,78.5,45000
SYNDIBANK_F1,20170623,09:35,78.45,78.45,78.45,78.45,9000
SYNDIBANK_F1,20170623,09:36,78.35,78.4,78.35,78.4,18000
SYNDIBANK_F1,20170623,09:37,78.45,78.45,78.45,78.45,9000
SYNDIBANK_F1,20170623,09:39,78.4,78.4,78.25,78.25,144000
SYNDIBANK_F1,20170623,09:40,78.2,78.25,78.2,78.25,18000
SYNDIBANK_F1,20170623,09:41,78.15,78.15,78,78.1,90000
SYNDIBANK_F1,20170623,09:42,78,78,78,78,18000
SYNDIBANK_F1,20170623,09:43,78.2,78.2,78.2,78.2,9000
SYNDIBANK_F1,20170623,09:44,78.2,78.5,78.2,78.4,144000
SYNDIBANK_F1,20170623,09:45,78.35,78.35,78.25,78.25,45000
SYNDIBANK_F1,20170623,09:46,78.2,78.2,78.2,78.2,18000
SYNDIBANK_F1,20170623,09:47,78.05,78.05,77.95,77.95,36000
SYNDIBANK_F1,20170623,09:48,77.9,77.9,77.8,77.8,63000
SYNDIBANK_F1,20170623,09:49,77.8,77.9,77.8,77.9,54000
SYNDIBANK_F1,20170623,09:50,77.85,77.85,77.75,77.8,54000
SYNDIBANK_F1,20170623,09:51,77.75,77.75,77.65,77.65,36000
SYNDIBANK_F1,20170623,09:52,77.7,78.1,77.7,77.95,135000
SYNDIBANK_F1,20170623,09:53,77.95,78.05,77.95,78.05,72000
SYNDIBANK_F1,20170623,09:55,77.85,77.9,77.85,77.85,27000
SYNDIBANK_F1,20170623,09:57,77.85,77.85,77.85,77.85,36000
SYNDIBANK_F1,20170623,09:58,77.8,77.8,77.65,77.65,63000
SYNDIBANK_F1,20170623,09:59,77.55,77.55,77.5,77.5,54000
SYNDIBANK_F1,20170623,10:00,77.55,77.65,77.55,77.65,36000
SYNDIBANK_F1,20170623,10:01,77.65,77.65,77.65,77.65,9000
SYNDIBANK_F1,20170623,10:02,77.7,77.7,77.55,77.55,18000
SYNDIBANK_F1,20170623,10:03,77.55,77.55,77.45,77.5,54000
SYNDIBANK_F1,20170623,10:04,77.5,77.5,77.4,77.4,45000
SYNDIBANK_F1,20170623,10:05,77.3,77.35,77.3,77.35,63000
SYNDIBANK_F1,20170623,10:06,77.3,77.35,77.3,77.35,36000
SYNDIBANK_F1,20170623,10:07,77.3,77.4,77.3,77.4,18000
SYNDIBANK_F1,20170623,10:08,77.1,77.4,77.1,77.35,234000
SYNDIBANK_F1,20170623,10:09,77.4,77.45,77.4,77.4,36000
SYNDIBANK_F1,20170623,10:10,77.3,77.3,77.25,77.3,36000
SYNDIBANK_F1,20170623,10:11,77.4,77.4,77.4,77.4,9000
SYNDIBANK_F1,20170623,10:12,77.3,77.3,77.3,77.3,18000
SYNDIBANK_F1,20170623,10:13,77.35,77.35,77.25,77.35,54000
SYNDIBANK_F1,20170623,10:14,77.35,77.6,77.35,77.5,81000
SYNDIBANK_F1,20170623,10:15,77.5,77.5,77.5,77.5,18000
SYNDIBANK_F1,20170623,10:16,77.55,77.55,77.55,77.55,9000
SYNDIBANK_F1,20170623,10:17,77.6,77.6,77.6,77.6,9000
SYNDIBANK_F1,20170623,10:18,77.55,77.7,77.55,77.7,45000
SYNDIBANK_F1,20170623,10:19,77.65,77.65,77.65,77.65,9000
SYNDIBANK_F1,20170623,10:21,77.7,77.7,77.7,77.7,9000
SYNDIBANK_F1,20170623,10:23,77.6,77.6,77.6,77.6,9000
SYNDIBANK_F1,20170623,10:25,77.7,77.9,77.7,77.85,54000
SYNDIBANK_F1,20170623,10:26,77.8,77.8,77.8,77.8,9000
SYNDIBANK_F1,20170623,10:27,77.85,77.85,77.75,77.75,36000
SYNDIBANK_F1,20170623,10:28,77.65,77.65,77.65,77.65,27000
SYNDIBANK_F1,20170623,10:29,77.55,77.6,77.45,77.45,81000
SYNDIBANK_F1,20170623,10:30,77.45,77.45,77.45,77.45,9000
SYNDIBANK_F1,20170623,10:31,77.4,77.4,77.4,77.4,27000
SYNDIBANK_F1,20170623,10:32,77.45,77.45,77.45,77.45,9000
SYNDIBANK_F1,20170623,10:33,77.4,77.45,77.4,77.45,27000
SYNDIBANK_F1,20170623,10:34,77.5,77.5,77.5,77.5,18000
SYNDIBANK_F1,20170623,10:35,77.4,77.4,77.25,77.3,54000
SYNDIBANK_F1,20170623,10:36,77.2,77.2,77.2,77.2,9000
SYNDIBANK_F1,20170623,10:37,77.2,77.2,77,77,162000
SYNDIBANK_F1,20170623,10:38,77.15,77.15,77.15,77.15,18000
SYNDIBANK_F1,20170623,10:39,77.05,77.05,77.05,77.05,9000
SYNDIBANK_F1,20170623,10:41,77.05,77.05,77.05,77.05,9000
SYNDIBANK_F1,20170623,10:42,77.05,77.05,77,77,18000
SYNDIBANK_F1,20170623,10:43,76.95,76.95,76.95,76.95,54000
SYNDIBANK_F1,20170623,10:44,76.95,76.95,76.8,76.85,63000
SYNDIBANK_F1,20170623,10:45,76.85,76.85,76.8,76.8,45000
SYNDIBANK_F1,20170623,10:46,76.75,76.75,76.65,76.65,117000
SYNDIBANK_F1,20170623,10:47,76.55,76.75,76.55,76.75,135000
SYNDIBANK_F1,20170623,10:48,76.75,76.75,76.75,76.75,27000
SYNDIBANK_F1,20170623,10:49,76.95,76.95,76.9,76.9,36000
SYNDIBANK_F1,20170623,10:50,76.9,77,76.9,77,63000
SYNDIBANK_F1,20170623,10:51,77,77,77,77,45000
SYNDIBANK_F1,20170623,10:52,77,77,77,77,9000
SYNDIBANK_F1,20170623,10:53,76.95,76.95,76.95,76.95,18000
SYNDIBANK_F1,20170623,10:56,76.95,77,76.95,77,18000
SYNDIBANK_F1,20170623,10:58,77,77,77,77,9000
SYNDIBANK_F1,20170623,10:59,77,77,76.95,76.95,36000
SYNDIBANK_F1,20170623,11:00,77,77,76.85,76.85,27000
SYNDIBANK_F1,20170623,11:01,76.85,76.85,76.85,76.85,18000
SYNDIBANK_F1,20170623,11:02,76.8,76.8,76.8,76.8,18000
SYNDIBANK_F1,20170623,11:05,76.85,76.85,76.85,76.85,9000
SYNDIBANK_F1,20170623,11:06,76.85,76.95,76.85,76.95,27000
SYNDIBANK_F1,20170623,11:07,76.8,76.8,76.75,76.75,18000
SYNDIBANK_F1,20170623,11:08,76.75,76.75,76.75,76.75,9000
SYNDIBANK_F1,20170623,11:12,76.85,76.85,76.85,76.85,18000
SYNDIBANK_F1,20170623,11:13,76.85,76.85,76.85,76.85,27000
SYNDIBANK_F1,20170623,11:14,76.95,76.95,76.9,76.9,27000
SYNDIBANK_F1,20170623,11:17,76.95,77,76.95,77,45000
SYNDIBANK_F1,20170623,11:18,76.9,77,76.9,77,18000
SYNDIBANK_F1,20170623,11:23,76.85,76.85,76.85,76.85,9000
SYNDIBANK_F1,20170623,11:25,76.8,76.8,76.8,76.8,9000
SYNDIBANK_F1,20170623,11:27,76.85,76.85,76.8,76.8,18000
SYNDIBANK_F1,20170623,11:28,76.85,76.85,76.85,76.85,18000
SYNDIBANK_F1,20170623,11:29,76.7,76.7,76.7,76.7,18000
SYNDIBANK_F1,20170623,11:30,76.7,76.7,76.6,76.6,90000
SYNDIBANK_F1,20170623,11:31,76.55,76.55,76.4,76.4,144000
SYNDIBANK_F1,20170623,11:32,76.45,76.45,76.35,76.35,45000
SYNDIBANK_F1,20170623,11:33,76.3,76.3,76.25,76.25,63000
SYNDIBANK_F1,20170623,11:34,76.2,76.2,76.15,76.15,81000
SYNDIBANK_F1,20170623,11:35,76.25,76.25,76.15,76.15,90000
SYNDIBANK_F1,20170623,11:36,76.05,76.05,76.05,76.05,18000
SYNDIBANK_F1,20170623,11:37,76.05,76.35,76.05,76.35,27000
SYNDIBANK_F1,20170623,11:38,76.25,76.25,76.2,76.2,18000
SYNDIBANK_F1,20170623,11:39,76.4,76.5,76.4,76.45,45000
SYNDIBANK_F1,20170623,11:40,76.4,76.4,76.4,76.4,18000
SYNDIBANK_F1,20170623,11:42,76.35,76.4,76.3,76.4,63000
SYNDIBANK_F1,20170623,11:43,76.25,76.25,76.2,76.2,36000
SYNDIBANK_F1,20170623,11:44,76.2,76.2,76.1,76.1,99000
SYNDIBANK_F1,20170623,11:45,76,76,76,76,54000
SYNDIBANK_F1,20170623,11:46,75.9,75.95,75.85,75.95,99000
SYNDIBANK_F1,20170623,11:47,75.95,75.95,75.95,75.95,9000
SYNDIBANK_F1,20170623,11:48,76,76.2,76,76.2,36000
SYNDIBANK_F1,20170623,11:49,76.35,76.4,76.2,76.4,144000
SYNDIBANK_F1,20170623,11:50,76.5,76.5,76.5,76.5,72000
SYNDIBANK_F1,20170623,11:51,76.5,76.55,76.5,76.5,81000
SYNDIBANK_F1,20170623,11:52,76.45,76.45,76.45,76.45,9000
SYNDIBANK_F1,20170623,11:54,76.5,76.5,76.5,76.5,18000
SYNDIBANK_F1,20170623,11:56,76.5,76.5,76.5,76.5,18000
SYNDIBANK_F1,20170623,11:58,76.6,76.75,76.6,76.75,54000
SYNDIBANK_F1,20170623,11:59,76.75,76.75,76.75,76.75,18000
SYNDIBANK_F1,20170623,12:00,76.7,76.7,76.7,76.7,9000
SYNDIBANK_F1,20170623,12:01,76.8,76.8,76.8,76.8,18000
SYNDIBANK_F1,20170623,12:02,76.75,76.75,76.75,76.75,9000
SYNDIBANK_F1,20170623,12:04,76.8,76.8,76.8,76.8,9000
SYNDIBANK_F1,20170623,12:05,76.8,76.95,76.8,76.95,54000
SYNDIBANK_F1,20170623,12:06,77,77,76.8,76.95,135000
SYNDIBANK_F1,20170623,12:07,77,77,77,77,72000
SYNDIBANK_F1,20170623,12:08,76.9,76.9,76.9,76.9,9000
SYNDIBANK_F1,20170623,12:11,76.8,76.8,76.8,76.8,9000
SYNDIBANK_F1,20170623,12:12,76.9,76.9,76.9,76.9,18000
SYNDIBANK_F1,20170623,12:13,76.9,76.9,76.9,76.9,9000
SYNDIBANK_F1,20170623,12:14,76.85,76.9,76.85,76.9,27000
SYNDIBANK_F1,20170623,12:15,77,77,77,77,18000
SYNDIBANK_F1,20170623,12:16,77,77,77,77,9000
SYNDIBANK_F1,20170623,12:18,77.15,77.15,77.1,77.1,45000
SYNDIBANK_F1,20170623,12:19,77.2,77.2,77.15,77.15,18000
SYNDIBANK_F1,20170623,12:21,77.2,77.2,77.2,77.2,18000
SYNDIBANK_F1,20170623,12:22,77.2,77.2,77.1,77.1,27000
SYNDIBANK_F1,20170623,12:23,77.1,77.1,77.1,77.1,9000
SYNDIBANK_F1,20170623,12:27,77,77.05,76.95,77.05,45000
SYNDIBANK_F1,20170623,12:28,77.1,77.1,77.1,77.1,162000
SYNDIBANK_F1,20170623,12:29,77.1,77.1,77.1,77.1,9000
SYNDIBANK_F1,20170623,12:33,76.85,76.85,76.85,76.85,18000
SYNDIBANK_F1,20170623,12:35,77,77,77,77,9000
SYNDIBANK_F1,20170623,12:36,77,77.1,77,77.1,27000
SYNDIBANK_F1,20170623,12:37,77.1,77.1,77.1,77.1,9000
SYNDIBANK_F1,20170623,12:38,77.1,77.15,77.1,77.15,18000
SYNDIBANK_F1,20170623,12:39,77.3,77.3,77.3,77.3,18000
SYNDIBANK_F1,20170623,12:40,77.35,77.35,77.35,77.35,45000
SYNDIBANK_F1,20170623,12:42,77.3,77.3,77.3,77.3,9000
SYNDIBANK_F1,20170623,12:43,77.2,77.3,77.2,77.3,27000
SYNDIBANK_F1,20170623,12:44,77.25,77.25,77.15,77.15,36000
SYNDIBANK_F1,20170623,12:46,77.2,77.2,77.15,77.15,18000
SYNDIBANK_F1,20170623,12:47,77.25,77.25,77.25,77.25,9000
SYNDIBANK_F1,20170623,12:48,77.3,77.3,77.3,77.3,9000
SYNDIBANK_F1,20170623,12:51,77.2,77.3,77.2,77.3,18000
SYNDIBANK_F1,20170623,12:55,77.3,77.3,77.3,77.3,9000
SYNDIBANK_F1,20170623,12:56,77.3,77.3,77.25,77.25,45000
SYNDIBANK_F1,20170623,12:58,77.25,77.25,77.25,77.25,90000
SYNDIBANK_F1,20170623,12:59,77.25,77.25,77.2,77.2,36000
SYNDIBANK_F1,20170623,13:00,77.15,77.15,77.15,77.15,18000
SYNDIBANK_F1,20170623,13:01,77.2,77.2,77.2,77.2,18000
SYNDIBANK_F1,20170623,13:03,77.25,77.3,77.25,77.3,18000
SYNDIBANK_F1,20170623,13:04,77.25,77.25,77.25,77.25,9000
SYNDIBANK_F1,20170623,13:05,77.25,77.5,77.25,77.5,108000
SYNDIBANK_F1,20170623,13:06,77.55,77.7,77.55,77.7,180000
SYNDIBANK_F1,20170623,13:07,77.7,77.8,77.7,77.75,54000
SYNDIBANK_F1,20170623,13:08,77.8,77.8,77.7,77.75,90000
SYNDIBANK_F1,20170623,13:09,77.65,77.65,77.55,77.55,36000
SYNDIBANK_F1,20170623,13:10,77.55,77.6,77.55,77.6,36000
SYNDIBANK_F1,20170623,13:11,77.55,77.55,77.55,77.55,36000
SYNDIBANK_F1,20170623,13:12,77.4,77.4,77.4,77.4,9000
SYNDIBANK_F1,20170623,13:13,77.4,77.4,77.4,77.4,9000
SYNDIBANK_F1,20170623,13:15,77.4,77.5,77.4,77.5,27000
SYNDIBANK_F1,20170623,13:21,77.2,77.2,77.2,77.2,18000
SYNDIBANK_F1,20170623,13:23,77.2,77.2,77.2,77.2,18000
SYNDIBANK_F1,20170623,13:26,77.45,77.45,77.45,77.45,18000
SYNDIBANK_F1,20170623,13:27,77.4,77.5,77.4,77.5,36000
SYNDIBANK_F1,20170623,13:28,77.5,77.5,77.5,77.5,18000
SYNDIBANK_F1,20170623,13:29,77.5,77.5,77.5,77.5,9000
SYNDIBANK_F1,20170623,13:30,77.5,77.5,77.4,77.4,18000
SYNDIBANK_F1,20170623,13:45,77.4,77.4,77.4,77.4,18000
SYNDIBANK_F1,20170623,13:48,77.05,77.05,77.05,77.05,9000
SYNDIBANK_F1,20170623,13:49,77,77,77,77,54000
SYNDIBANK_F1,20170623,13:51,76.95,76.95,76.9,76.9,45000
SYNDIBANK_F1,20170623,13:52,76.85,76.85,76.8,76.8,90000
SYNDIBANK_F1,20170623,13:53,76.8,77,76.8,77,63000
SYNDIBANK_F1,20170623,13:56,77,77,77,77,9000
SYNDIBANK_F1,20170623,13:57,76.85,76.85,76.85,76.85,18000
SYNDIBANK_F1,20170623,13:58,76.9,77,76.9,77,18000
SYNDIBANK_F1,20170623,14:00,77,77.1,77,77.05,63000
SYNDIBANK_F1,20170623,14:01,77.1,77.1,77.1,77.1,9000
SYNDIBANK_F1,20170623,14:05,77.35,77.35,77.25,77.25,63000
SYNDIBANK_F1,20170623,14:06,77.3,77.3,77.3,77.3,9000
SYNDIBANK_F1,20170623,14:09,77.3,77.3,77.3,77.3,9000
SYNDIBANK_F1,20170623,14:10,77.25,77.3,77.25,77.3,18000
SYNDIBANK_F1,20170623,14:13,77.25,77.25,77.25,77.25,9000
SYNDIBANK_F1,20170623,14:15,77.3,77.3,77.3,77.3,18000
SYNDIBANK_F1,20170623,14:18,77.25,77.25,77.25,77.25,9000
SYNDIBANK_F1,20170623,14:19,77.2,77.2,77.1,77.15,27000
SYNDIBANK_F1,20170623,14:23,77.05,77.1,77.05,77.1,18000
SYNDIBANK_F1,20170623,14:26,77.05,77.05,77.05,77.05,9000
SYNDIBANK_F1,20170623,14:27,77.1,77.1,77.1,77.1,9000
SYNDIBANK_F1,20170623,14:29,77.1,77.1,77.1,77.1,9000
SYNDIBANK_F1,20170623,14:30,77.15,77.35,77.15,77.35,36000
SYNDIBANK_F1,20170623,14:31,77.35,77.35,77.35,77.35,9000
SYNDIBANK_F1,20170623,14:33,77.35,77.35,77.35,77.35,9000
SYNDIBANK_F1,20170623,14:34,77.3,77.3,77.3,77.3,18000
SYNDIBANK_F1,20170623,14:35,77.25,77.25,77.25,77.25,9000
SYNDIBANK_F1,20170623,14:36,77.2,77.2,77.2,77.2,9000
SYNDIBANK_F1,20170623,14:37,77.15,77.15,77.1,77.1,27000
SYNDIBANK_F1,20170623,14:38,77.05,77.05,77.05,77.05,9000
SYNDIBANK_F1,20170623,14:39,76.95,76.95,76.9,76.9,27000
SYNDIBANK_F1,20170623,14:41,76.95,76.95,76.95,76.95,9000
SYNDIBANK_F1,20170623,14:43,76.95,76.95,76.95,76.95,9000
SYNDIBANK_F1,20170623,14:44,77,77.1,77,77.1,18000
SYNDIBANK_F1,20170623,14:45,76.95,76.95,76.95,76.95,9000
SYNDIBANK_F1,20170623,14:46,76.9,76.9,76.85,76.85,18000
SYNDIBANK_F1,20170623,14:47,76.85,76.85,76.7,76.7,162000
SYNDIBANK_F1,20170623,14:48,76.75,76.75,76.7,76.7,45000
SYNDIBANK_F1,20170623,14:49,76.8,76.8,76.8,76.8,18000
SYNDIBANK_F1,20170623,14:54,76.8,76.8,76.8,76.8,18000
SYNDIBANK_F1,20170623,14:55,76.8,76.8,76.8,76.8,18000
SYNDIBANK_F1,20170623,14:58,76.7,76.7,76.7,76.7,36000
SYNDIBANK_F1,20170623,14:59,76.75,76.75,76.75,76.75,9000
SYNDIBANK_F1,20170623,15:03,76.7,76.75,76.7,76.75,18000
SYNDIBANK_F1,20170623,15:04,76.75,76.75,76.75,76.75,9000
SYNDIBANK_F1,20170623,15:05,76.75,76.75,76.7,76.7,18000
SYNDIBANK_F1,20170623,15:06,76.75,76.75,76.7,76.7,45000
SYNDIBANK_F1,20170623,15:07,76.75,76.8,76.75,76.8,63000
SYNDIBANK_F1,20170623,15:09,76.7,76.7,76.65,76.65,54000
SYNDIBANK_F1,20170623,15:11,76.7,76.7,76.7,76.7,9000
SYNDIBANK_F1,20170623,15:12,76.65,76.65,76.65,76.65,36000
SYNDIBANK_F1,20170623,15:13,76.55,76.55,76.55,76.55,54000
SYNDIBANK_F1,20170623,15:14,76.6,76.6,76.55,76.55,36000
SYNDIBANK_F1,20170623,15:15,76.6,76.6,76.6,76.6,36000
SYNDIBANK_F1,20170623,15:16,76.7,76.7,76.65,76.65,36000
SYNDIBANK_F1,20170623,15:17,76.65,76.7,76.55,76.7,63000
SYNDIBANK_F1,20170623,15:18,76.65,76.7,76.65,76.65,54000
SYNDIBANK_F1,20170623,15:19,76.7,76.75,76.7,76.75,72000
SYNDIBANK_F1,20170623,15:20,76.65,76.65,76.65,76.65,18000
SYNDIBANK_F1,20170623,15:21,76.65,76.65,76.6,76.6,18000
SYNDIBANK_F1,20170623,15:22,76.7,76.7,76.55,76.55,45000
SYNDIBANK_F1,20170623,15:23,76.55,76.65,76.55,76.65,45000
SYNDIBANK_F1,20170623,15:24,76.75,76.75,76.75,76.75,63000
SYNDIBANK_F1,20170623,15:25,76.8,76.8,76.75,76.8,90000
SYNDIBANK_F1,20170623,15:26,76.75,76.8,76.75,76.75,36000
SYNDIBANK_F1,20170623,15:27,76.7,76.75,76.7,76.75,18000
SYNDIBANK_F1,20170623,15:28,76.7,76.7,76.7,76.7,18000
SYNDIBANK_F1,20170623,15:29,76.6,76.7,76.6,76.7,63000
SYNDIBANK_F1,20170623,15:30,76.7,76.7,76.7,76.7,27000
SYNDIBANK_F1,20170623,15:31,76.7,76.7,76.7,76.7,27000
SYNDIBANK_F1,20170623,16:32,76.7,76.7,76.7,76.7,1
