ULTRACEMCO_F1,20210913,09:16,7948.50,7951.25,7948.50,7948.50,500,1637800
ULTRACEMCO_F1,20210913,09:17,7932.35,7951.80,7931.00,7944.25,1900,1637800
ULTRACEMCO_F1,20210913,09:18,7957.95,7958.00,7943.35,7953.70,1900,1638100
ULTRACEMCO_F1,20210913,09:19,7946.40,7946.40,7933.90,7939.10,1500,1638100
ULTRACEMCO_F1,20210913,09:20,7951.15,7951.15,7928.05,7935.15,1800,1638100
ULTRACEMCO_F1,20210913,09:21,7931.85,7934.70,7923.25,7923.25,1000,1639000
ULTRACEMCO_F1,20210913,09:22,7916.65,7922.45,7906.15,7922.45,2600,1639000
ULTRACEMCO_F1,20210913,09:23,7928.55,7928.60,7928.55,7928.60,200,1639000
ULTRACEMCO_F1,20210913,09:24,7932.05,7939.35,7932.05,7939.35,300,1639000
ULTRACEMCO_F1,20210913,09:25,7944.85,7944.85,7939.60,7941.85,400,1638500
ULTRACEMCO_F1,20210913,09:26,7941.85,7944.30,7940.00,7944.30,500,1638500
ULTRACEMCO_F1,20210913,09:27,7944.45,7949.85,7941.10,7949.85,800,1638800
ULTRACEMCO_F1,20210913,09:28,7948.60,7948.60,7946.55,7946.55,300,1638800
ULTRACEMCO_F1,20210913,09:29,7947.00,7947.00,7940.00,7942.30,500,1638800
ULTRACEMCO_F1,20210913,09:30,7947.90,7949.50,7941.10,7945.95,900,1639000
ULTRACEMCO_F1,20210913,09:31,7929.60,7929.60,7929.60,7929.60,100,1639000
ULTRACEMCO_F1,20210913,09:32,7929.65,7934.10,7925.90,7934.10,600,1639000
ULTRACEMCO_F1,20210913,09:33,7938.80,7938.80,7938.80,7938.80,100,1639000
ULTRACEMCO_F1,20210913,09:34,7942.00,7942.00,7942.00,7942.00,100,1639400
ULTRACEMCO_F1,20210913,09:35,7933.70,7933.70,7927.95,7927.95,300,1639400
ULTRACEMCO_F1,20210913,09:36,7925.20,7932.65,7925.20,7932.65,200,1639500
ULTRACEMCO_F1,20210913,09:37,7926.25,7926.25,7922.70,7922.70,300,1639500
ULTRACEMCO_F1,20210913,09:38,7927.75,7932.00,7927.75,7932.00,500,1639500
ULTRACEMCO_F1,20210913,09:39,7934.60,7934.60,7934.60,7934.60,100,1639500
ULTRACEMCO_F1,20210913,09:40,7936.85,7938.00,7936.85,7938.00,600,1639900
ULTRACEMCO_F1,20210913,09:41,7938.75,7938.75,7938.75,7938.75,100,1639900
ULTRACEMCO_F1,20210913,09:42,7939.90,7946.65,7939.90,7946.65,600,1640600
ULTRACEMCO_F1,20210913,09:43,7941.65,7945.00,7940.70,7940.70,400,1640600
ULTRACEMCO_F1,20210913,09:44,7943.95,7947.90,7943.95,7947.90,400,1640600
ULTRACEMCO_F1,20210913,09:46,7947.40,7949.80,7947.00,7947.40,700,1639400
ULTRACEMCO_F1,20210913,09:47,7945.65,7945.65,7941.00,7941.00,500,1639400
ULTRACEMCO_F1,20210913,09:48,7941.05,7941.45,7932.15,7935.00,400,1640400
ULTRACEMCO_F1,20210913,09:49,7927.30,7927.30,7927.30,7927.30,100,1640400
ULTRACEMCO_F1,20210913,09:51,7926.50,7926.50,7926.50,7926.50,300,1640400
ULTRACEMCO_F1,20210913,09:52,7929.80,7929.85,7928.05,7928.05,800,1640600
ULTRACEMCO_F1,20210913,09:53,7926.10,7926.50,7923.05,7926.50,700,1640600
ULTRACEMCO_F1,20210913,09:54,7927.20,7927.20,7927.20,7927.20,100,1640600
ULTRACEMCO_F1,20210913,09:55,7920.70,7920.70,7920.70,7920.70,900,1641400
ULTRACEMCO_F1,20210913,09:56,7921.50,7926.75,7920.20,7926.75,700,1641400
ULTRACEMCO_F1,20210913,09:57,7925.00,7929.35,7918.65,7927.50,1700,1642100
ULTRACEMCO_F1,20210913,09:58,7927.90,7927.90,7924.20,7924.85,400,1642100
ULTRACEMCO_F1,20210913,09:59,7919.60,7921.50,7919.60,7920.05,500,1642100
ULTRACEMCO_F1,20210913,10:00,7922.00,7924.15,7922.00,7924.15,300,1642100
ULTRACEMCO_F1,20210913,10:01,7924.20,7924.70,7918.25,7918.25,1800,1642100
ULTRACEMCO_F1,20210913,10:02,7919.95,7919.95,7919.95,7919.95,600,1642100
ULTRACEMCO_F1,20210913,10:03,7923.75,7923.75,7919.60,7920.05,400,1642100
ULTRACEMCO_F1,20210913,10:04,7922.00,7922.00,7922.00,7922.00,200,1642600
ULTRACEMCO_F1,20210913,10:05,7924.65,7924.65,7921.95,7921.95,500,1642600
ULTRACEMCO_F1,20210913,10:06,7925.85,7927.90,7925.85,7927.90,300,1642600
ULTRACEMCO_F1,20210913,10:07,7926.00,7926.00,7926.00,7926.00,100,1642600
ULTRACEMCO_F1,20210913,10:08,7922.00,7922.00,7922.00,7922.00,100,1642100
ULTRACEMCO_F1,20210913,10:09,7922.00,7922.00,7922.00,7922.00,200,1642100
ULTRACEMCO_F1,20210913,10:12,7922.45,7922.45,7922.45,7922.45,100,1642100
ULTRACEMCO_F1,20210913,10:13,7922.15,7922.15,7922.15,7922.15,100,1642100
ULTRACEMCO_F1,20210913,10:15,7926.25,7926.25,7926.25,7926.25,100,1642100
ULTRACEMCO_F1,20210913,10:16,7926.25,7927.00,7926.25,7927.00,300,1642100
ULTRACEMCO_F1,20210913,10:18,7920.05,7920.85,7919.55,7919.55,600,1642100
ULTRACEMCO_F1,20210913,10:21,7913.85,7915.05,7913.85,7915.05,200,1642600
ULTRACEMCO_F1,20210913,10:22,7919.45,7920.15,7919.45,7920.15,500,1642600
ULTRACEMCO_F1,20210913,10:23,7923.65,7923.65,7923.65,7923.65,100,1642600
ULTRACEMCO_F1,20210913,10:26,7914.20,7920.00,7914.20,7920.00,900,1642800
ULTRACEMCO_F1,20210913,10:29,7915.00,7915.00,7915.00,7915.00,200,1643300
ULTRACEMCO_F1,20210913,10:30,7913.00,7913.00,7910.00,7910.00,500,1643300
ULTRACEMCO_F1,20210913,10:32,7914.45,7914.45,7914.45,7914.45,100,1643800
ULTRACEMCO_F1,20210913,10:33,7920.00,7920.00,7915.45,7915.45,200,1644000
ULTRACEMCO_F1,20210913,10:34,7919.25,7920.10,7919.25,7920.10,500,1644000
ULTRACEMCO_F1,20210913,10:35,7924.65,7924.65,7924.65,7924.65,100,1644000
ULTRACEMCO_F1,20210913,10:37,7912.95,7912.95,7906.15,7906.15,800,1644000
ULTRACEMCO_F1,20210913,10:38,7912.70,7912.70,7912.70,7912.70,200,1644000
ULTRACEMCO_F1,20210913,10:39,7909.70,7914.40,7909.70,7914.40,200,1644000
ULTRACEMCO_F1,20210913,10:40,7903.35,7903.35,7903.35,7903.35,800,1644600
ULTRACEMCO_F1,20210913,10:41,7904.70,7911.20,7904.70,7911.20,300,1644600
ULTRACEMCO_F1,20210913,10:42,7911.85,7914.00,7911.85,7914.00,200,1644600
ULTRACEMCO_F1,20210913,10:43,7915.00,7915.00,7910.25,7910.25,200,1644600
ULTRACEMCO_F1,20210913,10:49,7908.95,7908.95,7908.95,7908.95,300,1642400
ULTRACEMCO_F1,20210913,10:51,7915.25,7915.25,7915.25,7915.25,100,1642700
ULTRACEMCO_F1,20210913,10:53,7913.10,7913.10,7913.10,7913.10,100,1642700
ULTRACEMCO_F1,20210913,10:54,7918.85,7918.85,7918.85,7918.85,100,1642700
ULTRACEMCO_F1,20210913,10:55,7910.00,7910.00,7910.00,7910.00,400,1642700
ULTRACEMCO_F1,20210913,10:56,7914.55,7914.55,7914.55,7914.55,100,1642600
ULTRACEMCO_F1,20210913,10:57,7915.00,7923.55,7915.00,7923.55,500,1642900
ULTRACEMCO_F1,20210913,10:59,7922.00,7922.00,7922.00,7922.00,100,1642900
ULTRACEMCO_F1,20210913,11:00,7924.90,7925.00,7924.90,7925.00,300,1642900
ULTRACEMCO_F1,20210913,11:01,7925.05,7927.90,7925.05,7927.90,400,1643100
ULTRACEMCO_F1,20210913,11:04,7925.45,7928.00,7925.45,7928.00,200,1643300
ULTRACEMCO_F1,20210913,11:05,7923.70,7923.70,7923.25,7923.25,700,1643300
ULTRACEMCO_F1,20210913,11:11,7923.25,7923.25,7923.25,7923.25,100,1643400
ULTRACEMCO_F1,20210913,11:13,7926.00,7936.90,7926.00,7936.90,1100,1643400
ULTRACEMCO_F1,20210913,11:14,7945.00,7945.00,7943.00,7943.00,500,1643400
ULTRACEMCO_F1,20210913,11:15,7941.40,7941.40,7941.40,7941.40,100,1643400
ULTRACEMCO_F1,20210913,11:16,7940.70,7940.70,7937.15,7937.15,500,1642800
ULTRACEMCO_F1,20210913,11:19,7939.45,7939.45,7939.45,7939.45,100,1642500
ULTRACEMCO_F1,20210913,11:20,7938.30,7938.30,7938.30,7938.30,100,1642500
ULTRACEMCO_F1,20210913,11:22,7936.00,7936.50,7936.00,7936.50,500,1642500
ULTRACEMCO_F1,20210913,11:23,7940.35,7946.35,7940.35,7946.25,2300,1642500
ULTRACEMCO_F1,20210913,11:25,7952.05,7952.05,7952.05,7952.05,400,1642300
ULTRACEMCO_F1,20210913,11:26,7953.70,7953.70,7953.70,7953.70,100,1642300
ULTRACEMCO_F1,20210913,11:27,7950.00,7950.00,7950.00,7950.00,200,1642300
ULTRACEMCO_F1,20210913,11:28,7950.00,7950.00,7950.00,7950.00,100,1642300
ULTRACEMCO_F1,20210913,11:30,7956.00,7956.00,7949.50,7949.50,1200,1642600
ULTRACEMCO_F1,20210913,11:31,7955.50,7955.50,7955.50,7955.50,100,1642400
ULTRACEMCO_F1,20210913,11:32,7955.50,7955.50,7955.50,7955.50,100,1642400
ULTRACEMCO_F1,20210913,11:33,7957.00,7957.00,7956.50,7956.50,200,1642400
ULTRACEMCO_F1,20210913,11:34,7952.30,7952.30,7952.30,7952.30,100,1642400
ULTRACEMCO_F1,20210913,11:36,7957.00,7957.00,7957.00,7957.00,100,1642400
ULTRACEMCO_F1,20210913,11:38,7953.15,7953.15,7953.15,7953.15,100,1642400
ULTRACEMCO_F1,20210913,11:39,7957.00,7957.00,7957.00,7957.00,100,1642400
ULTRACEMCO_F1,20210913,11:40,7957.20,7957.20,7957.20,7957.20,200,1642400
ULTRACEMCO_F1,20210913,11:41,7954.50,7956.95,7954.50,7956.95,300,1642400
ULTRACEMCO_F1,20210913,11:43,7955.00,7955.00,7955.00,7955.00,100,1642400
ULTRACEMCO_F1,20210913,11:44,7954.20,7956.00,7954.20,7956.00,200,1642400
ULTRACEMCO_F1,20210913,11:46,7957.20,7957.20,7957.20,7957.20,100,1642300
ULTRACEMCO_F1,20210913,11:47,7958.00,7964.15,7958.00,7963.90,1400,1642300
ULTRACEMCO_F1,20210913,11:48,7963.00,7963.00,7958.00,7958.00,300,1642300
ULTRACEMCO_F1,20210913,11:49,7960.00,7960.00,7956.70,7956.70,300,1642400
ULTRACEMCO_F1,20210913,11:52,7958.00,7961.15,7958.00,7960.75,300,1642200
ULTRACEMCO_F1,20210913,11:56,7949.15,7952.00,7949.15,7952.00,300,1642400
ULTRACEMCO_F1,20210913,11:58,7954.35,7954.35,7954.35,7954.35,400,1642300
ULTRACEMCO_F1,20210913,12:06,7958.90,7958.90,7958.90,7958.90,200,1642500
ULTRACEMCO_F1,20210913,12:07,7958.95,7958.95,7958.95,7958.95,100,1642000
ULTRACEMCO_F1,20210913,12:08,7961.55,7961.55,7961.55,7961.55,200,1642000
ULTRACEMCO_F1,20210913,12:09,7956.00,7956.00,7956.00,7956.00,100,1642000
ULTRACEMCO_F1,20210913,12:12,7952.20,7952.20,7952.20,7952.20,100,1642200
ULTRACEMCO_F1,20210913,12:15,7961.45,7961.45,7961.45,7961.45,300,1642200
ULTRACEMCO_F1,20210913,12:16,7962.00,7962.00,7962.00,7962.00,300,1642300
ULTRACEMCO_F1,20210913,12:21,7961.00,7961.00,7961.00,7961.00,300,1642200
ULTRACEMCO_F1,20210913,12:23,7963.90,7963.90,7960.10,7960.10,500,1642100
ULTRACEMCO_F1,20210913,12:25,7960.00,7960.00,7960.00,7960.00,100,1642000
ULTRACEMCO_F1,20210913,12:26,7956.05,7956.05,7950.15,7950.15,600,1642000
ULTRACEMCO_F1,20210913,12:29,7950.00,7950.00,7946.20,7946.20,200,1642000
ULTRACEMCO_F1,20210913,12:30,7940.00,7940.00,7940.00,7940.00,100,1642000
ULTRACEMCO_F1,20210913,12:31,7943.00,7947.85,7943.00,7947.85,1100,1642200
ULTRACEMCO_F1,20210913,12:33,7947.85,7947.85,7947.85,7947.85,100,1642200
ULTRACEMCO_F1,20210913,12:36,7942.55,7942.55,7942.55,7942.55,100,1642600
ULTRACEMCO_F1,20210913,12:37,7944.00,7944.00,7944.00,7944.00,100,1642500
ULTRACEMCO_F1,20210913,12:42,7945.85,7945.85,7945.85,7945.85,200,1642500
ULTRACEMCO_F1,20210913,12:47,7947.10,7947.10,7947.10,7947.10,300,1642700
ULTRACEMCO_F1,20210913,12:49,7942.15,7942.15,7942.15,7942.15,100,1642700
ULTRACEMCO_F1,20210913,12:51,7949.70,7949.70,7949.70,7949.70,200,1642800
ULTRACEMCO_F1,20210913,12:58,7956.00,7956.00,7956.00,7956.00,100,1642700
ULTRACEMCO_F1,20210913,13:00,7956.00,7956.00,7951.70,7951.70,400,1642700
ULTRACEMCO_F1,20210913,13:01,7960.45,7960.45,7956.00,7956.00,800,1642900
ULTRACEMCO_F1,20210913,13:07,7960.00,7960.50,7960.00,7960.50,200,1643000
ULTRACEMCO_F1,20210913,13:08,7959.95,7959.95,7959.95,7959.95,100,1643100
ULTRACEMCO_F1,20210913,13:10,7960.55,7960.55,7960.55,7960.55,400,1643100
ULTRACEMCO_F1,20210913,13:11,7961.85,7961.85,7961.85,7961.85,100,1643100
ULTRACEMCO_F1,20210913,13:12,7956.60,7956.60,7956.60,7956.60,200,1643100
ULTRACEMCO_F1,20210913,13:13,7958.60,7958.60,7958.60,7958.60,100,1643100
ULTRACEMCO_F1,20210913,13:15,7958.60,7958.60,7958.60,7958.60,300,1643200
ULTRACEMCO_F1,20210913,13:16,7958.00,7963.85,7958.00,7963.85,600,1643400
ULTRACEMCO_F1,20210913,13:18,7960.00,7963.95,7960.00,7963.70,300,1643400
ULTRACEMCO_F1,20210913,13:21,7957.75,7957.75,7957.75,7957.75,100,1643300
ULTRACEMCO_F1,20210913,13:24,7962.00,7962.00,7962.00,7962.00,100,1643300
ULTRACEMCO_F1,20210913,13:26,7961.65,7961.65,7961.65,7961.65,100,1643200
ULTRACEMCO_F1,20210913,13:30,7957.65,7957.65,7955.65,7955.65,600,1643300
ULTRACEMCO_F1,20210913,13:40,7958.00,7958.00,7958.00,7958.00,200,1642700
ULTRACEMCO_F1,20210913,13:41,7959.85,7959.85,7956.85,7956.85,1000,1642700
ULTRACEMCO_F1,20210913,13:42,7955.90,7957.70,7955.90,7957.70,200,1642700
ULTRACEMCO_F1,20210913,13:44,7951.80,7951.80,7950.00,7950.00,200,1643100
ULTRACEMCO_F1,20210913,13:46,7949.15,7951.30,7949.15,7951.30,400,1643100
ULTRACEMCO_F1,20210913,13:47,7951.20,7951.20,7951.20,7951.20,100,1643100
ULTRACEMCO_F1,20210913,13:53,7950.25,7951.55,7950.25,7951.55,200,1642800
ULTRACEMCO_F1,20210913,13:54,7950.35,7950.35,7950.35,7950.35,100,1642800
ULTRACEMCO_F1,20210913,13:55,7951.00,7951.00,7951.00,7951.00,600,1642800
ULTRACEMCO_F1,20210913,13:56,7951.05,7951.05,7951.05,7951.05,100,1642800
ULTRACEMCO_F1,20210913,13:57,7954.85,7958.00,7954.85,7958.00,700,1642900
ULTRACEMCO_F1,20210913,14:02,7962.75,7962.75,7958.25,7962.00,500,1642900
ULTRACEMCO_F1,20210913,14:06,7963.00,7964.95,7961.25,7961.55,1200,1642800
ULTRACEMCO_F1,20210913,14:07,7960.05,7960.05,7960.05,7960.05,100,1642800
ULTRACEMCO_F1,20210913,14:12,7959.00,7959.00,7959.00,7959.00,100,1643100
ULTRACEMCO_F1,20210913,14:14,7960.00,7960.00,7960.00,7960.00,100,1643000
ULTRACEMCO_F1,20210913,14:15,7960.00,7960.00,7960.00,7960.00,100,1643000
ULTRACEMCO_F1,20210913,14:17,7964.15,7964.15,7960.15,7960.15,200,1643200
ULTRACEMCO_F1,20210913,14:19,7960.00,7960.00,7955.00,7957.70,1300,1642700
ULTRACEMCO_F1,20210913,14:20,7951.50,7951.50,7950.00,7950.00,1100,1642700
ULTRACEMCO_F1,20210913,14:23,7964.10,7964.10,7964.10,7964.10,100,1642200
ULTRACEMCO_F1,20210913,14:25,7962.20,7962.20,7962.20,7962.20,100,1642200
ULTRACEMCO_F1,20210913,14:26,7956.05,7960.25,7956.05,7960.25,200,1642200
ULTRACEMCO_F1,20210913,14:30,7959.65,7959.65,7959.65,7959.65,100,1642300
ULTRACEMCO_F1,20210913,14:31,7961.00,7962.20,7961.00,7962.20,200,1642400
ULTRACEMCO_F1,20210913,14:32,7959.45,7962.80,7959.45,7959.55,300,1642400
ULTRACEMCO_F1,20210913,14:33,7963.35,7966.00,7953.40,7953.40,1700,1642400
ULTRACEMCO_F1,20210913,14:34,7957.10,7957.10,7956.05,7956.05,200,1642200
ULTRACEMCO_F1,20210913,14:36,7958.55,7960.95,7958.55,7960.95,800,1642200
ULTRACEMCO_F1,20210913,14:40,7956.70,7956.70,7950.75,7950.75,200,1642400
ULTRACEMCO_F1,20210913,14:42,7953.60,7953.60,7948.00,7948.00,200,1642200
ULTRACEMCO_F1,20210913,14:43,7943.30,7943.30,7943.30,7943.30,100,1641700
ULTRACEMCO_F1,20210913,14:44,7942.55,7942.55,7942.55,7942.55,100,1641700
ULTRACEMCO_F1,20210913,14:45,7938.35,7940.00,7936.50,7936.50,400,1641700
ULTRACEMCO_F1,20210913,14:46,7931.25,7931.25,7931.25,7931.25,200,1641600
ULTRACEMCO_F1,20210913,14:47,7930.55,7935.75,7930.55,7935.75,300,1641600
ULTRACEMCO_F1,20210913,14:48,7930.30,7930.30,7930.30,7930.30,300,1641600
ULTRACEMCO_F1,20210913,14:49,7934.10,7934.10,7934.10,7934.10,400,1641600
ULTRACEMCO_F1,20210913,14:50,7934.00,7934.00,7933.70,7933.70,200,1641100
ULTRACEMCO_F1,20210913,14:51,7930.20,7935.00,7930.20,7935.00,200,1641100
ULTRACEMCO_F1,20210913,14:52,7936.50,7936.50,7936.50,7936.50,100,1641100
ULTRACEMCO_F1,20210913,14:54,7934.60,7942.20,7934.60,7935.70,400,1641100
ULTRACEMCO_F1,20210913,14:58,7937.25,7937.25,7936.75,7936.75,200,1640900
ULTRACEMCO_F1,20210913,15:01,7939.30,7954.95,7939.30,7954.95,1200,1640800
ULTRACEMCO_F1,20210913,15:02,7957.60,7957.60,7957.60,7957.60,100,1640800
ULTRACEMCO_F1,20210913,15:04,7959.35,7959.35,7959.35,7959.35,100,1640800
ULTRACEMCO_F1,20210913,15:05,7956.25,7956.25,7956.25,7956.25,200,1640700
ULTRACEMCO_F1,20210913,15:08,7955.90,7955.90,7955.90,7955.90,100,1640600
ULTRACEMCO_F1,20210913,15:09,7955.50,7955.50,7955.00,7955.00,200,1640600
ULTRACEMCO_F1,20210913,15:10,7954.85,7954.85,7954.70,7954.70,400,1640600
ULTRACEMCO_F1,20210913,15:11,7955.70,7955.70,7955.70,7955.70,200,1640400
ULTRACEMCO_F1,20210913,15:12,7955.70,7955.70,7955.70,7955.70,200,1640400
ULTRACEMCO_F1,20210913,15:13,7953.90,7953.90,7953.90,7953.90,100,1640400
ULTRACEMCO_F1,20210913,15:14,7955.45,7955.45,7955.45,7955.45,200,1640500
ULTRACEMCO_F1,20210913,15:15,7954.35,7954.35,7954.35,7954.35,100,1640500
ULTRACEMCO_F1,20210913,15:16,7952.45,7952.45,7952.45,7952.45,200,1640500
ULTRACEMCO_F1,20210913,15:17,7954.00,7954.00,7953.00,7953.00,600,1640800
ULTRACEMCO_F1,20210913,15:18,7951.20,7951.20,7947.05,7947.05,900,1640800
ULTRACEMCO_F1,20210913,15:19,7952.00,7952.00,7952.00,7952.00,100,1640800
ULTRACEMCO_F1,20210913,15:20,7949.30,7949.30,7947.35,7947.35,500,1641000
ULTRACEMCO_F1,20210913,15:21,7952.35,7955.00,7952.35,7955.00,500,1641000
ULTRACEMCO_F1,20210913,15:22,7953.25,7957.25,7953.25,7957.25,1000,1641000
ULTRACEMCO_F1,20210913,15:23,7956.00,7956.65,7956.00,7956.20,900,1641400
ULTRACEMCO_F1,20210913,15:24,7959.00,7959.00,7958.85,7958.85,400,1641400
ULTRACEMCO_F1,20210913,15:25,7957.75,7962.00,7957.05,7962.00,700,1641400
ULTRACEMCO_F1,20210913,15:26,7962.00,7962.00,7959.35,7960.15,1200,1642400
ULTRACEMCO_F1,20210913,15:27,7960.05,7961.00,7960.05,7961.00,300,1642400
ULTRACEMCO_F1,20210913,15:28,7958.85,7962.05,7958.85,7962.05,600,1642400
ULTRACEMCO_F1,20210913,15:29,7961.80,7961.80,7951.00,7951.00,800,1643200
ULTRACEMCO_F1,20210913,15:30,7949.65,7956.45,7935.15,7935.15,1700,1643200
ULTRACEMCO_F1,20210913,18:21,7953.55,7953.55,7953.55,7953.55,1,1638100
