HDFCLIFE_F1,20210205,09:16,688.35,688.40,683.00,686.90,40700,9212500
HDFCLIFE_F1,20210205,09:17,686.55,686.55,684.25,685.00,24200,9212500
HDFCLIFE_F1,20210205,09:18,685.25,686.45,685.15,686.45,40700,9233400
HDFCLIFE_F1,20210205,09:19,686.60,687.00,686.10,686.30,17600,9233400
HDFCLIFE_F1,20210205,09:20,686.00,686.00,684.60,685.00,38500,9233400
HDFCLIFE_F1,20210205,09:21,684.15,685.70,684.15,685.70,16500,9259800
HDFCLIFE_F1,20210205,09:22,685.35,685.40,683.25,683.55,31900,9259800
HDFCLIFE_F1,20210205,09:23,683.50,685.95,683.25,685.95,68200,9259800
HDFCLIFE_F1,20210205,09:24,686.85,688.00,686.40,687.10,61600,9325800
HDFCLIFE_F1,20210205,09:25,686.65,686.90,685.65,686.25,12100,9325800
HDFCLIFE_F1,20210205,09:26,686.10,686.10,685.60,685.80,6600,9325800
HDFCLIFE_F1,20210205,09:27,685.85,685.85,685.10,685.15,7700,9342300
HDFCLIFE_F1,20210205,09:28,685.10,685.20,684.20,684.30,15400,9342300
HDFCLIFE_F1,20210205,09:29,684.15,684.95,684.15,684.35,24200,9342300
HDFCLIFE_F1,20210205,09:30,684.20,684.80,684.15,684.75,8800,9364300
HDFCLIFE_F1,20210205,09:31,684.25,686.10,684.25,686.10,13200,9364300
HDFCLIFE_F1,20210205,09:32,685.85,686.00,685.55,685.55,12100,9364300
HDFCLIFE_F1,20210205,09:33,685.50,685.50,685.00,685.05,15400,9378600
HDFCLIFE_F1,20210205,09:34,685.50,685.50,684.65,685.00,11000,9378600
HDFCLIFE_F1,20210205,09:35,684.65,684.65,684.35,684.35,7700,9378600
HDFCLIFE_F1,20210205,09:36,684.35,684.45,683.65,683.65,24200,9389600
HDFCLIFE_F1,20210205,09:37,684.20,685.00,684.10,685.00,19800,9389600
HDFCLIFE_F1,20210205,09:38,684.45,684.75,684.10,684.10,9900,9389600
HDFCLIFE_F1,20210205,09:39,683.95,684.40,683.95,684.35,8800,9397300
HDFCLIFE_F1,20210205,09:40,684.35,684.35,683.95,683.95,3300,9397300
HDFCLIFE_F1,20210205,09:41,683.95,684.15,683.95,684.15,5500,9397300
HDFCLIFE_F1,20210205,09:42,683.75,684.00,683.75,684.00,2200,9402800
HDFCLIFE_F1,20210205,09:43,683.75,683.95,683.70,683.95,9900,9402800
HDFCLIFE_F1,20210205,09:44,683.90,683.90,683.65,683.65,2200,9402800
HDFCLIFE_F1,20210205,09:45,683.80,683.80,683.60,683.60,7700,9401700
HDFCLIFE_F1,20210205,09:46,684.10,684.25,683.65,683.65,7700,9401700
HDFCLIFE_F1,20210205,09:47,683.80,684.40,683.80,684.40,8800,9401700
HDFCLIFE_F1,20210205,09:48,683.80,683.90,683.45,683.45,8800,9417100
HDFCLIFE_F1,20210205,09:49,683.40,683.45,682.10,682.35,26400,9417100
HDFCLIFE_F1,20210205,09:50,681.60,681.90,681.10,681.90,20900,9417100
HDFCLIFE_F1,20210205,09:51,681.00,681.25,680.20,681.00,17600,9435800
HDFCLIFE_F1,20210205,09:52,681.00,681.05,680.15,680.40,15400,9435800
HDFCLIFE_F1,20210205,09:53,680.50,681.85,680.50,681.85,6600,9435800
HDFCLIFE_F1,20210205,09:54,681.00,681.55,680.80,680.80,8800,9435800
HDFCLIFE_F1,20210205,09:55,681.65,681.75,681.65,681.75,4400,9435800
HDFCLIFE_F1,20210205,09:56,681.90,682.00,681.40,681.40,4400,9435800
HDFCLIFE_F1,20210205,09:57,681.85,682.75,681.85,682.75,5500,9422600
HDFCLIFE_F1,20210205,09:58,681.75,682.30,681.50,682.10,11000,9422600
HDFCLIFE_F1,20210205,09:59,681.00,682.25,681.00,682.25,12100,9422600
HDFCLIFE_F1,20210205,10:00,682.50,682.50,682.00,682.00,2200,9422600
HDFCLIFE_F1,20210205,10:01,681.80,681.80,681.80,681.80,1100,9432500
HDFCLIFE_F1,20210205,10:02,681.00,681.00,680.15,680.70,13200,9432500
HDFCLIFE_F1,20210205,10:03,680.85,681.00,680.35,681.00,6600,9439100
HDFCLIFE_F1,20210205,10:04,680.95,681.40,680.95,681.40,5500,9439100
HDFCLIFE_F1,20210205,10:05,681.50,681.75,681.15,681.75,14300,9439100
HDFCLIFE_F1,20210205,10:06,681.75,683.00,681.75,683.00,9900,9439100
HDFCLIFE_F1,20210205,10:07,682.70,682.70,682.60,682.60,3300,9439100
HDFCLIFE_F1,20210205,10:08,682.50,682.50,682.50,682.50,1100,9439100
HDFCLIFE_F1,20210205,10:09,682.90,683.00,682.20,683.00,8800,9443500
HDFCLIFE_F1,20210205,10:10,682.05,682.05,682.05,682.05,5500,9443500
HDFCLIFE_F1,20210205,10:11,681.75,681.75,681.50,681.50,13200,9443500
HDFCLIFE_F1,20210205,10:12,681.00,681.50,681.00,681.00,4400,9452300
HDFCLIFE_F1,20210205,10:13,680.65,680.65,680.45,680.50,5500,9452300
HDFCLIFE_F1,20210205,10:14,680.50,680.80,680.50,680.80,3300,9452300
HDFCLIFE_F1,20210205,10:15,680.60,680.60,680.20,680.20,8800,9454500
HDFCLIFE_F1,20210205,10:16,678.95,679.55,678.45,678.85,39600,9454500
HDFCLIFE_F1,20210205,10:17,679.30,680.75,679.30,680.75,8800,9454500
HDFCLIFE_F1,20210205,10:18,680.85,681.40,680.85,681.30,6600,9454500
HDFCLIFE_F1,20210205,10:19,681.30,681.30,678.00,678.50,42900,9458900
HDFCLIFE_F1,20210205,10:20,678.55,678.80,678.45,678.80,12100,9458900
HDFCLIFE_F1,20210205,10:21,678.35,679.00,678.35,678.55,13200,9458900
HDFCLIFE_F1,20210205,10:22,678.60,678.60,677.05,677.80,29700,9458900
HDFCLIFE_F1,20210205,10:23,676.85,677.25,676.85,677.05,13200,9458900
HDFCLIFE_F1,20210205,10:24,677.05,677.15,676.60,677.15,18700,9468800
HDFCLIFE_F1,20210205,10:25,677.00,677.55,677.00,677.20,13200,9468800
HDFCLIFE_F1,20210205,10:26,677.20,677.55,676.80,676.80,18700,9468800
HDFCLIFE_F1,20210205,10:27,675.80,676.45,675.20,675.20,47300,9490800
HDFCLIFE_F1,20210205,10:28,676.30,676.55,675.90,675.90,5500,9490800
HDFCLIFE_F1,20210205,10:29,676.85,677.00,676.60,677.00,12100,9490800
HDFCLIFE_F1,20210205,10:30,676.95,676.95,676.95,676.95,1100,9490800
HDFCLIFE_F1,20210205,10:31,676.05,676.50,675.35,675.35,9900,9498500
HDFCLIFE_F1,20210205,10:32,675.95,676.00,675.65,675.65,3300,9498500
HDFCLIFE_F1,20210205,10:33,675.90,677.20,675.90,677.20,13200,9504000
HDFCLIFE_F1,20210205,10:34,677.50,677.50,676.45,677.00,37400,9504000
HDFCLIFE_F1,20210205,10:35,677.15,677.15,676.50,676.50,11000,9504000
HDFCLIFE_F1,20210205,10:36,677.45,677.45,676.75,676.75,16500,9529300
HDFCLIFE_F1,20210205,10:37,676.65,676.95,676.30,676.95,9900,9529300
HDFCLIFE_F1,20210205,10:38,676.95,677.05,676.95,677.05,5500,9529300
HDFCLIFE_F1,20210205,10:39,677.05,677.05,676.55,676.60,4400,9543600
HDFCLIFE_F1,20210205,10:40,676.95,677.50,676.35,677.50,7700,9543600
HDFCLIFE_F1,20210205,10:41,677.10,677.40,677.00,677.40,4400,9543600
HDFCLIFE_F1,20210205,10:42,676.85,677.15,676.40,677.10,7700,9543600
HDFCLIFE_F1,20210205,10:43,677.40,677.40,676.70,676.70,3300,9554600
HDFCLIFE_F1,20210205,10:44,677.10,677.35,677.10,677.35,2200,9554600
HDFCLIFE_F1,20210205,10:45,676.60,677.40,676.60,677.40,8800,9555700
HDFCLIFE_F1,20210205,10:46,677.55,678.40,677.55,678.40,9900,9555700
HDFCLIFE_F1,20210205,10:47,678.15,678.65,678.00,678.45,8800,9555700
HDFCLIFE_F1,20210205,10:48,678.45,678.45,678.30,678.30,2200,9555700
HDFCLIFE_F1,20210205,10:49,678.00,678.00,677.70,677.70,4400,9564500
HDFCLIFE_F1,20210205,10:50,677.25,677.50,677.25,677.50,2200,9564500
HDFCLIFE_F1,20210205,10:51,677.45,677.45,677.45,677.45,2200,9564500
HDFCLIFE_F1,20210205,10:52,677.50,677.50,677.50,677.50,2200,9557900
HDFCLIFE_F1,20210205,10:53,677.45,677.70,677.45,677.70,3300,9557900
HDFCLIFE_F1,20210205,10:54,677.80,677.80,677.60,677.60,2200,9557900
HDFCLIFE_F1,20210205,10:55,677.35,677.80,677.35,677.75,6600,9560100
HDFCLIFE_F1,20210205,10:56,677.25,677.25,676.50,676.50,7700,9560100
HDFCLIFE_F1,20210205,10:57,677.00,677.00,676.35,676.35,3300,9561200
HDFCLIFE_F1,20210205,10:58,676.80,676.80,676.30,676.30,3300,9561200
HDFCLIFE_F1,20210205,10:59,676.45,677.50,676.45,677.25,14300,9561200
HDFCLIFE_F1,20210205,11:00,677.45,677.45,677.35,677.35,2200,9561200
HDFCLIFE_F1,20210205,11:01,677.85,678.25,677.40,678.00,18700,9566700
HDFCLIFE_F1,20210205,11:02,677.80,677.80,677.80,677.80,1100,9566700
HDFCLIFE_F1,20210205,11:03,678.15,678.40,678.15,678.40,3300,9575500
HDFCLIFE_F1,20210205,11:04,678.15,678.30,678.15,678.30,5500,9575500
HDFCLIFE_F1,20210205,11:05,678.50,678.50,678.50,678.50,2200,9575500
HDFCLIFE_F1,20210205,11:06,678.15,678.15,678.15,678.15,2200,9575500
HDFCLIFE_F1,20210205,11:07,678.30,678.30,678.25,678.25,4400,9576600
HDFCLIFE_F1,20210205,11:08,678.30,678.30,678.25,678.25,2200,9576600
HDFCLIFE_F1,20210205,11:10,678.20,678.45,678.20,678.45,2200,9579900
HDFCLIFE_F1,20210205,11:11,678.15,678.15,678.15,678.15,2200,9579900
HDFCLIFE_F1,20210205,11:12,678.30,678.30,678.30,678.30,1100,9579900
HDFCLIFE_F1,20210205,11:13,678.30,678.30,677.80,677.80,2200,9421500
HDFCLIFE_F1,20210205,11:14,678.05,678.55,678.05,678.55,6600,9421500
HDFCLIFE_F1,20210205,11:15,678.65,678.65,678.65,678.65,1100,9421500
HDFCLIFE_F1,20210205,11:16,678.35,678.50,678.30,678.50,7700,9420400
HDFCLIFE_F1,20210205,11:17,678.35,678.95,678.35,678.95,4400,9420400
HDFCLIFE_F1,20210205,11:18,678.50,679.15,678.50,679.15,4400,9424800
HDFCLIFE_F1,20210205,11:20,678.90,678.90,678.80,678.80,3300,9424800
HDFCLIFE_F1,20210205,11:21,678.95,679.10,678.55,678.55,8800,9424800
HDFCLIFE_F1,20210205,11:22,678.55,678.55,678.40,678.40,3300,9421500
HDFCLIFE_F1,20210205,11:23,678.60,678.60,678.05,678.05,4400,9421500
HDFCLIFE_F1,20210205,11:25,678.80,678.80,678.80,678.80,2200,9419300
HDFCLIFE_F1,20210205,11:26,678.25,678.85,678.25,678.85,5500,9419300
HDFCLIFE_F1,20210205,11:27,679.00,679.70,679.00,679.70,13200,9419300
HDFCLIFE_F1,20210205,11:28,679.55,679.75,679.10,679.10,3300,9416000
HDFCLIFE_F1,20210205,11:30,678.75,678.75,678.40,678.60,5500,9416000
HDFCLIFE_F1,20210205,11:31,678.00,678.50,678.00,678.15,15400,9417100
HDFCLIFE_F1,20210205,11:32,678.90,678.90,677.80,677.80,3300,9417100
HDFCLIFE_F1,20210205,11:33,678.30,678.30,678.30,678.30,2200,9417100
HDFCLIFE_F1,20210205,11:34,678.60,678.60,678.60,678.60,2200,9428100
HDFCLIFE_F1,20210205,11:35,678.35,678.35,678.35,678.35,1100,9428100
HDFCLIFE_F1,20210205,11:37,678.40,678.85,678.40,678.65,5500,9429200
HDFCLIFE_F1,20210205,11:38,678.70,678.70,678.70,678.70,1100,9429200
HDFCLIFE_F1,20210205,11:39,678.80,678.80,678.45,678.45,4400,9429200
HDFCLIFE_F1,20210205,11:41,679.00,679.00,679.00,679.00,1100,9433600
HDFCLIFE_F1,20210205,11:42,679.00,679.00,678.75,678.80,4400,9433600
HDFCLIFE_F1,20210205,11:43,678.15,678.15,678.10,678.10,2200,9434700
HDFCLIFE_F1,20210205,11:44,678.05,678.05,678.05,678.05,1100,9434700
HDFCLIFE_F1,20210205,11:45,678.60,678.60,678.20,678.20,2200,9434700
HDFCLIFE_F1,20210205,11:46,677.85,678.00,677.15,677.15,15400,9434700
HDFCLIFE_F1,20210205,11:47,677.15,677.65,677.10,677.65,6600,9434700
HDFCLIFE_F1,20210205,11:48,677.90,678.00,677.85,677.85,6600,9434700
HDFCLIFE_F1,20210205,11:49,678.00,678.00,678.00,678.00,1100,9444600
HDFCLIFE_F1,20210205,11:51,678.00,678.00,677.55,677.65,12100,9444600
HDFCLIFE_F1,20210205,11:53,677.55,677.55,677.55,677.55,2200,9453400
HDFCLIFE_F1,20210205,11:54,678.10,678.10,677.70,677.70,3300,9453400
HDFCLIFE_F1,20210205,11:56,677.85,678.05,677.70,678.05,6600,9455600
HDFCLIFE_F1,20210205,11:57,678.15,678.15,678.00,678.00,8800,9455600
HDFCLIFE_F1,20210205,11:58,677.05,677.10,677.05,677.05,6600,9466600
HDFCLIFE_F1,20210205,11:59,677.05,677.30,677.05,677.30,3300,9466600
HDFCLIFE_F1,20210205,12:00,677.75,677.75,677.75,677.75,4400,9466600
HDFCLIFE_F1,20210205,12:01,677.40,677.85,677.40,677.75,4400,9472100
HDFCLIFE_F1,20210205,12:02,677.60,677.95,677.60,677.95,2200,9472100
HDFCLIFE_F1,20210205,12:03,677.95,677.95,677.95,677.95,1100,9472100
HDFCLIFE_F1,20210205,12:05,678.45,678.45,678.40,678.40,2200,9474300
HDFCLIFE_F1,20210205,12:06,678.45,678.45,678.45,678.45,4400,9474300
HDFCLIFE_F1,20210205,12:07,678.50,678.50,678.50,678.50,3300,9476500
HDFCLIFE_F1,20210205,12:08,678.20,678.50,678.20,678.45,4400,9476500
HDFCLIFE_F1,20210205,12:09,678.50,678.50,678.00,678.00,6600,9476500
HDFCLIFE_F1,20210205,12:10,678.25,678.25,678.25,678.25,4400,9485300
HDFCLIFE_F1,20210205,12:11,677.80,678.35,677.80,678.35,3300,9485300
HDFCLIFE_F1,20210205,12:13,678.00,678.35,678.00,678.05,4400,9485300
HDFCLIFE_F1,20210205,12:14,678.30,678.30,678.30,678.30,7700,9485300
HDFCLIFE_F1,20210205,12:15,678.10,678.10,678.10,678.10,2200,9485300
HDFCLIFE_F1,20210205,12:16,678.25,678.35,678.25,678.35,6600,9495200
HDFCLIFE_F1,20210205,12:17,678.05,678.10,678.05,678.10,5500,9495200
HDFCLIFE_F1,20210205,12:18,678.25,678.45,678.25,678.45,2200,9495200
HDFCLIFE_F1,20210205,12:19,678.15,678.15,678.00,678.00,4400,9500700
HDFCLIFE_F1,20210205,12:20,678.30,678.30,678.10,678.10,3300,9500700
HDFCLIFE_F1,20210205,12:21,678.35,678.50,678.20,678.50,6600,9500700
HDFCLIFE_F1,20210205,12:22,678.50,678.50,678.35,678.50,5500,9506200
HDFCLIFE_F1,20210205,12:23,678.90,679.00,678.60,678.75,13200,9506200
HDFCLIFE_F1,20210205,12:24,678.80,679.00,678.80,678.95,4400,9506200
HDFCLIFE_F1,20210205,12:25,679.05,679.05,678.90,678.90,11000,9512800
HDFCLIFE_F1,20210205,12:26,678.85,678.85,678.40,678.40,15400,9512800
HDFCLIFE_F1,20210205,12:27,678.45,678.45,677.55,677.55,24200,9512800
HDFCLIFE_F1,20210205,12:28,677.55,677.55,677.30,677.30,45100,9521600
HDFCLIFE_F1,20210205,12:29,677.05,677.05,676.80,676.80,8800,9521600
HDFCLIFE_F1,20210205,12:30,676.50,676.85,676.50,676.85,8800,9521600
HDFCLIFE_F1,20210205,12:31,676.90,677.25,676.75,676.75,18700,9528200
HDFCLIFE_F1,20210205,12:32,677.05,677.05,676.45,676.45,6600,9528200
HDFCLIFE_F1,20210205,12:33,676.85,677.05,676.85,677.05,4400,9528200
HDFCLIFE_F1,20210205,12:34,677.00,678.40,677.00,678.40,20900,9535900
HDFCLIFE_F1,20210205,12:35,677.10,677.50,676.70,676.80,8800,9535900
HDFCLIFE_F1,20210205,12:36,677.60,677.60,677.45,677.50,14300,9535900
HDFCLIFE_F1,20210205,12:37,677.30,677.30,676.75,676.75,3300,9539200
HDFCLIFE_F1,20210205,12:39,677.30,677.30,676.85,676.85,2200,9539200
HDFCLIFE_F1,20210205,12:40,677.00,677.65,677.00,677.65,7700,9543600
HDFCLIFE_F1,20210205,12:41,677.05,677.05,677.05,677.05,1100,9543600
HDFCLIFE_F1,20210205,12:43,677.45,677.45,677.15,677.15,2200,9548000
HDFCLIFE_F1,20210205,12:45,677.15,677.55,677.05,677.05,4400,9548000
HDFCLIFE_F1,20210205,12:46,677.50,677.50,677.50,677.50,7700,9549100
HDFCLIFE_F1,20210205,12:47,677.30,677.50,677.10,677.10,5500,9549100
HDFCLIFE_F1,20210205,12:48,677.30,677.30,677.30,677.30,1100,9549100
HDFCLIFE_F1,20210205,12:49,677.05,677.10,676.60,677.05,13200,9512800
HDFCLIFE_F1,20210205,12:50,677.05,677.05,676.60,676.60,5500,9512800
HDFCLIFE_F1,20210205,12:51,676.80,676.80,676.80,676.80,1100,9512800
HDFCLIFE_F1,20210205,12:52,677.35,677.35,677.05,677.05,2200,9521600
HDFCLIFE_F1,20210205,12:53,677.15,677.20,677.15,677.20,2200,9521600
HDFCLIFE_F1,20210205,12:54,677.50,678.30,677.30,677.85,35200,9521600
HDFCLIFE_F1,20210205,12:55,678.25,678.25,677.80,677.80,3300,9524900
HDFCLIFE_F1,20210205,12:56,677.85,677.85,677.80,677.80,14300,9524900
HDFCLIFE_F1,20210205,12:57,678.15,678.15,678.15,678.15,1100,9524900
HDFCLIFE_F1,20210205,12:58,677.85,677.85,677.85,677.85,1100,9533700
HDFCLIFE_F1,20210205,12:59,677.90,678.45,677.90,678.40,14300,9533700
HDFCLIFE_F1,20210205,13:00,678.50,678.60,677.85,678.55,13200,9533700
HDFCLIFE_F1,20210205,13:01,678.50,679.25,678.50,679.20,42900,9546900
HDFCLIFE_F1,20210205,13:02,679.05,679.05,678.35,678.35,29700,9546900
HDFCLIFE_F1,20210205,13:03,678.05,678.50,678.05,678.50,4400,9546900
HDFCLIFE_F1,20210205,13:04,678.95,678.95,678.65,678.65,3300,9575500
HDFCLIFE_F1,20210205,13:05,679.00,679.00,678.70,678.70,4400,9575500
HDFCLIFE_F1,20210205,13:06,678.55,678.95,678.35,678.95,6600,9575500
HDFCLIFE_F1,20210205,13:07,678.80,678.80,678.80,678.80,4400,9575500
HDFCLIFE_F1,20210205,13:08,679.05,679.05,678.70,678.70,9900,9582100
HDFCLIFE_F1,20210205,13:09,679.15,679.15,679.05,679.05,3300,9582100
HDFCLIFE_F1,20210205,13:11,679.05,679.05,679.00,679.00,2200,9576600
HDFCLIFE_F1,20210205,13:12,678.85,678.95,678.70,678.95,5500,9576600
HDFCLIFE_F1,20210205,13:13,678.90,678.90,678.90,678.90,4400,9573300
HDFCLIFE_F1,20210205,13:14,679.10,679.15,678.75,678.75,14300,9573300
HDFCLIFE_F1,20210205,13:15,678.40,678.40,678.40,678.40,1100,9573300
HDFCLIFE_F1,20210205,13:16,678.15,678.70,678.15,678.70,2200,9578800
HDFCLIFE_F1,20210205,13:17,678.85,679.35,678.85,679.35,8800,9578800
HDFCLIFE_F1,20210205,13:18,678.65,678.65,678.00,678.00,5500,9578800
HDFCLIFE_F1,20210205,13:19,678.55,678.55,678.55,678.55,1100,9579900
HDFCLIFE_F1,20210205,13:20,678.30,678.95,678.30,678.95,2200,9579900
HDFCLIFE_F1,20210205,13:21,678.00,678.00,678.00,678.00,16500,9579900
HDFCLIFE_F1,20210205,13:22,677.70,677.70,677.25,677.25,6600,9588700
HDFCLIFE_F1,20210205,13:24,677.25,678.00,676.20,678.00,24200,9588700
HDFCLIFE_F1,20210205,13:25,677.65,677.65,677.65,677.65,1100,9589800
HDFCLIFE_F1,20210205,13:26,677.65,677.65,677.65,677.65,1100,9589800
HDFCLIFE_F1,20210205,13:27,677.45,677.45,677.45,677.45,2200,9589800
HDFCLIFE_F1,20210205,13:29,677.85,677.85,677.85,677.85,2200,9588700
HDFCLIFE_F1,20210205,13:30,678.25,678.25,677.60,677.60,2200,9588700
HDFCLIFE_F1,20210205,13:33,678.50,678.70,677.85,677.85,11000,9587600
HDFCLIFE_F1,20210205,13:34,677.85,677.85,677.85,677.85,1100,9587600
HDFCLIFE_F1,20210205,13:35,677.50,677.50,677.00,677.00,2200,9574400
HDFCLIFE_F1,20210205,13:36,677.35,677.60,677.05,677.60,4400,9574400
HDFCLIFE_F1,20210205,13:37,677.60,677.60,677.60,677.60,1100,9574400
HDFCLIFE_F1,20210205,13:39,677.30,677.30,677.30,677.30,2200,9572200
HDFCLIFE_F1,20210205,13:40,677.25,677.25,677.25,677.25,2200,9574400
HDFCLIFE_F1,20210205,13:41,677.25,677.25,677.25,677.25,2200,9574400
HDFCLIFE_F1,20210205,13:42,677.40,677.70,677.40,677.70,2200,9574400
HDFCLIFE_F1,20210205,13:43,677.50,677.50,677.50,677.50,8800,9574400
HDFCLIFE_F1,20210205,13:44,677.50,677.50,677.30,677.30,2200,9574400
HDFCLIFE_F1,20210205,13:46,677.00,677.00,677.00,677.00,4400,9574400
HDFCLIFE_F1,20210205,13:47,677.25,677.50,677.25,677.50,4400,9566700
HDFCLIFE_F1,20210205,13:48,678.10,678.60,678.10,678.60,5500,9566700
HDFCLIFE_F1,20210205,13:49,678.50,678.90,678.50,678.90,2200,9566700
HDFCLIFE_F1,20210205,13:50,679.00,679.15,679.00,679.15,6600,9566700
HDFCLIFE_F1,20210205,13:52,679.25,679.50,679.25,679.50,4400,9570000
HDFCLIFE_F1,20210205,13:53,679.00,679.10,678.95,679.10,5500,9570000
HDFCLIFE_F1,20210205,13:54,678.75,679.00,678.15,678.95,7700,9570000
HDFCLIFE_F1,20210205,13:57,678.60,678.70,678.60,678.70,3300,9572200
HDFCLIFE_F1,20210205,13:58,678.65,678.65,678.65,678.65,3300,9572200
HDFCLIFE_F1,20210205,13:59,678.70,678.70,678.70,678.70,3300,9572200
HDFCLIFE_F1,20210205,14:00,678.70,678.70,678.70,678.70,1100,9572200
HDFCLIFE_F1,20210205,14:01,678.30,678.30,678.10,678.10,3300,9573300
HDFCLIFE_F1,20210205,14:02,679.15,679.45,679.15,679.45,6600,9573300
HDFCLIFE_F1,20210205,14:03,679.75,680.00,679.55,680.00,18700,9573300
HDFCLIFE_F1,20210205,14:04,680.20,680.50,680.20,680.50,5500,9568900
HDFCLIFE_F1,20210205,14:05,679.95,680.35,679.75,679.75,8800,9568900
HDFCLIFE_F1,20210205,14:06,680.00,680.80,680.00,680.55,18700,9568900
HDFCLIFE_F1,20210205,14:07,680.65,681.00,680.65,680.80,7700,9577700
HDFCLIFE_F1,20210205,14:08,681.05,681.50,680.95,681.45,12100,9577700
HDFCLIFE_F1,20210205,14:09,681.45,681.55,681.10,681.50,7700,9577700
HDFCLIFE_F1,20210205,14:10,681.50,681.55,681.20,681.20,4400,9581000
HDFCLIFE_F1,20210205,14:11,681.15,681.50,681.15,681.50,5500,9581000
HDFCLIFE_F1,20210205,14:12,681.60,681.60,681.10,681.10,12100,9581000
HDFCLIFE_F1,20210205,14:13,681.50,681.90,681.25,681.90,9900,9582100
HDFCLIFE_F1,20210205,14:14,681.95,682.10,681.55,681.90,9900,9582100
HDFCLIFE_F1,20210205,14:15,681.90,682.00,681.60,681.60,6600,9582100
HDFCLIFE_F1,20210205,14:16,681.70,682.00,681.60,682.00,6600,9585400
HDFCLIFE_F1,20210205,14:17,682.05,682.05,681.85,682.00,3300,9585400
HDFCLIFE_F1,20210205,14:18,681.35,681.40,681.35,681.40,4400,9585400
HDFCLIFE_F1,20210205,14:19,681.35,681.80,681.35,681.50,4400,9582100
HDFCLIFE_F1,20210205,14:20,681.80,681.95,681.40,681.95,3300,9582100
HDFCLIFE_F1,20210205,14:21,682.05,682.05,681.60,681.60,5500,9582100
HDFCLIFE_F1,20210205,14:22,681.70,681.70,680.05,680.05,9900,9587600
HDFCLIFE_F1,20210205,14:24,680.90,680.90,680.90,680.90,1100,9587600
HDFCLIFE_F1,20210205,14:25,681.05,681.05,681.05,681.05,1100,9587600
HDFCLIFE_F1,20210205,14:27,681.05,681.70,681.05,681.70,2200,9578800
HDFCLIFE_F1,20210205,14:28,681.95,682.20,681.70,682.00,14300,9578800
HDFCLIFE_F1,20210205,14:29,681.20,681.50,681.20,681.50,7700,9578800
HDFCLIFE_F1,20210205,14:30,681.50,681.50,681.15,681.15,2200,9578800
HDFCLIFE_F1,20210205,14:31,681.10,681.10,681.10,681.10,1100,9578800
HDFCLIFE_F1,20210205,14:32,681.80,681.80,681.35,681.35,4400,9578800
HDFCLIFE_F1,20210205,14:33,681.90,682.15,681.90,682.15,7700,9578800
HDFCLIFE_F1,20210205,14:34,682.15,682.15,682.15,682.15,6600,9579900
HDFCLIFE_F1,20210205,14:35,682.40,682.40,682.15,682.30,14300,9579900
HDFCLIFE_F1,20210205,14:36,682.35,682.35,682.10,682.30,8800,9579900
HDFCLIFE_F1,20210205,14:37,682.00,682.00,681.95,681.95,5500,9582100
HDFCLIFE_F1,20210205,14:38,681.60,682.00,681.60,681.80,6600,9582100
HDFCLIFE_F1,20210205,14:39,681.80,681.95,681.80,681.95,3300,9582100
HDFCLIFE_F1,20210205,14:40,682.50,682.70,682.50,682.50,13200,9529300
HDFCLIFE_F1,20210205,14:41,682.30,682.45,682.05,682.05,5500,9529300
HDFCLIFE_F1,20210205,14:42,682.00,682.00,681.20,681.65,16500,9529300
HDFCLIFE_F1,20210205,14:43,681.40,681.40,681.40,681.40,6600,9529300
HDFCLIFE_F1,20210205,14:44,681.35,681.35,681.35,681.35,1100,9526000
HDFCLIFE_F1,20210205,14:45,681.00,682.30,681.00,682.30,15400,9526000
HDFCLIFE_F1,20210205,14:46,682.10,683.20,682.10,682.15,17600,9530400
HDFCLIFE_F1,20210205,14:47,682.15,682.15,681.80,681.80,5500,9530400
HDFCLIFE_F1,20210205,14:48,682.05,682.65,682.05,682.35,14300,9530400
HDFCLIFE_F1,20210205,14:49,682.10,682.10,681.55,682.00,27500,9533700
HDFCLIFE_F1,20210205,14:50,682.00,682.00,682.00,682.00,1100,9533700
HDFCLIFE_F1,20210205,14:51,682.10,682.55,682.10,682.55,11000,9533700
HDFCLIFE_F1,20210205,14:52,682.50,682.50,682.35,682.35,13200,9523800
HDFCLIFE_F1,20210205,14:53,682.95,682.95,682.60,682.60,8800,9523800
HDFCLIFE_F1,20210205,14:54,682.60,682.60,682.60,682.60,1100,9523800
HDFCLIFE_F1,20210205,14:55,682.75,683.00,682.75,682.85,12100,9521600
HDFCLIFE_F1,20210205,14:56,683.00,683.00,682.85,682.90,8800,9521600
HDFCLIFE_F1,20210205,14:57,682.90,682.90,682.65,682.65,2200,9521600
HDFCLIFE_F1,20210205,14:58,682.75,682.75,682.50,682.50,5500,9521600
HDFCLIFE_F1,20210205,14:59,682.30,682.30,681.50,681.50,27500,9523800
HDFCLIFE_F1,20210205,15:00,681.50,681.80,681.10,681.10,30800,9523800
HDFCLIFE_F1,20210205,15:01,681.00,682.00,681.00,682.00,31900,9523800
HDFCLIFE_F1,20210205,15:02,682.35,682.35,682.35,682.35,1100,9550200
HDFCLIFE_F1,20210205,15:03,682.30,682.30,682.30,682.30,2200,9550200
HDFCLIFE_F1,20210205,15:04,682.50,683.15,682.50,683.15,9900,9550200
HDFCLIFE_F1,20210205,15:05,683.25,683.25,683.20,683.20,5500,9552400
HDFCLIFE_F1,20210205,15:06,683.20,683.20,682.75,683.05,11000,9552400
HDFCLIFE_F1,20210205,15:07,683.20,683.35,682.90,682.90,8800,9551300
HDFCLIFE_F1,20210205,15:08,683.00,683.40,683.00,683.25,6600,9551300
HDFCLIFE_F1,20210205,15:09,682.85,683.10,682.75,682.95,15400,9551300
HDFCLIFE_F1,20210205,15:10,683.00,683.35,683.00,683.25,24200,9551300
HDFCLIFE_F1,20210205,15:11,682.80,683.40,682.80,683.40,17600,9551300
HDFCLIFE_F1,20210205,15:12,683.65,683.65,683.40,683.40,4400,9551300
HDFCLIFE_F1,20210205,15:13,683.30,684.40,683.30,684.40,33000,9541400
HDFCLIFE_F1,20210205,15:14,684.35,684.40,684.00,684.15,17600,9541400
HDFCLIFE_F1,20210205,15:15,684.75,685.45,684.75,685.15,58300,9541400
HDFCLIFE_F1,20210205,15:16,685.20,685.65,685.10,685.10,31900,9521600
HDFCLIFE_F1,20210205,15:17,685.05,685.60,684.90,685.00,37400,9521600
HDFCLIFE_F1,20210205,15:18,685.40,685.45,684.65,685.00,34100,9521600
HDFCLIFE_F1,20210205,15:19,684.70,685.75,684.70,685.75,24200,9510600
HDFCLIFE_F1,20210205,15:20,685.55,685.55,684.80,685.30,30800,9510600
HDFCLIFE_F1,20210205,15:21,685.30,685.35,685.00,685.00,15400,9510600
HDFCLIFE_F1,20210205,15:22,685.20,685.25,684.60,684.60,14300,9510600
HDFCLIFE_F1,20210205,15:23,685.00,685.00,685.00,685.00,23100,9505100
HDFCLIFE_F1,20210205,15:24,685.00,685.00,684.65,684.65,17600,9505100
HDFCLIFE_F1,20210205,15:25,684.65,684.65,684.60,684.60,4400,9500700
HDFCLIFE_F1,20210205,15:26,684.35,684.65,684.05,684.20,33000,9500700
HDFCLIFE_F1,20210205,15:27,684.40,684.55,684.00,684.00,8800,9500700
HDFCLIFE_F1,20210205,15:28,683.60,684.10,683.30,683.90,19800,9500700
HDFCLIFE_F1,20210205,15:29,683.90,684.00,683.90,684.00,16500,9500700
HDFCLIFE_F1,20210205,15:30,684.20,684.50,684.15,684.15,27500,9500700
HDFCLIFE_F1,20210205,15:31,684.25,684.25,684.25,684.25,2200,9500700
HDFCLIFE_F1,20210205,18:14,684.35,684.35,684.35,684.35,1,9321400
