PFC_F1,20170809,09:16,136.1,136.35,135.65,135.75,150000
PFC_F1,20170809,09:17,135.7,135.85,135.45,135.65,174000
PFC_F1,20170809,09:18,135.6,135.85,135.6,135.85,126000
PFC_F1,20170809,09:19,135.85,136,135.65,136,72000
PFC_F1,20170809,09:20,136,136.1,135.75,135.75,114000
PFC_F1,20170809,09:21,135.7,136.2,135.55,136.2,144000
PFC_F1,20170809,09:22,136.2,136.6,135.95,135.95,192000
PFC_F1,20170809,09:23,136,136.15,135.9,136.15,108000
PFC_F1,20170809,09:24,136,136.5,135.9,136.5,120000
PFC_F1,20170809,09:25,136.5,136.75,136.15,136.75,108000
PFC_F1,20170809,09:26,136.8,137.4,136.8,137.05,354000
PFC_F1,20170809,09:27,137,137.3,137,137.2,186000
PFC_F1,20170809,09:28,137.15,137.2,136.75,136.9,174000
PFC_F1,20170809,09:29,137,137,136.75,136.9,108000
PFC_F1,20170809,09:30,136.9,136.95,136.65,136.75,54000
PFC_F1,20170809,09:31,136.55,136.55,136.35,136.35,168000
PFC_F1,20170809,09:32,136.4,136.6,136.15,136.5,324000
PFC_F1,20170809,09:33,136.65,136.75,136.5,136.75,96000
PFC_F1,20170809,09:34,136.65,136.8,136.6,136.8,36000
PFC_F1,20170809,09:35,136.65,137.1,136.6,137.1,78000
PFC_F1,20170809,09:36,137,137.05,136.8,136.95,84000
PFC_F1,20170809,09:37,137,137.35,137,137.3,222000
PFC_F1,20170809,09:38,137.4,137.5,137.25,137.5,144000
PFC_F1,20170809,09:39,137.35,137.8,137.35,137.75,168000
PFC_F1,20170809,09:40,137.7,137.85,137.5,137.7,180000
PFC_F1,20170809,09:41,137.7,137.8,137.65,137.8,102000
PFC_F1,20170809,09:42,137.8,137.8,137.7,137.7,72000
PFC_F1,20170809,09:43,137.6,137.6,137.5,137.5,48000
PFC_F1,20170809,09:44,137.6,137.65,137.45,137.55,138000
PFC_F1,20170809,09:45,137.55,137.75,137.5,137.7,156000
PFC_F1,20170809,09:46,137.7,137.8,137.65,137.8,78000
PFC_F1,20170809,09:47,137.75,138.5,137.75,138.35,1008000
PFC_F1,20170809,09:48,138.5,138.65,138.5,138.65,246000
PFC_F1,20170809,09:49,138.7,138.8,138.6,138.7,246000
PFC_F1,20170809,09:50,138.65,138.65,138.2,138.5,180000
PFC_F1,20170809,09:51,138.45,138.45,138.1,138.1,132000
PFC_F1,20170809,09:52,138.1,138.2,138.1,138.15,66000
PFC_F1,20170809,09:53,138.2,138.2,138.2,138.2,30000
PFC_F1,20170809,09:54,138.1,138.3,138.1,138.3,90000
PFC_F1,20170809,09:55,138.3,138.7,138.3,138.7,138000
PFC_F1,20170809,09:56,138.6,138.75,138.55,138.7,246000
PFC_F1,20170809,09:57,138.75,138.8,138.5,138.5,240000
PFC_F1,20170809,09:58,138.55,138.65,138.45,138.5,198000
PFC_F1,20170809,09:59,138.4,138.45,138.35,138.4,60000
PFC_F1,20170809,10:00,138.35,138.35,138.2,138.2,72000
PFC_F1,20170809,10:01,138.2,138.3,138.1,138.1,114000
PFC_F1,20170809,10:02,138,138,137.7,137.7,144000
PFC_F1,20170809,10:03,137.7,137.9,137.6,137.6,162000
PFC_F1,20170809,10:04,137.55,137.65,137.5,137.65,246000
PFC_F1,20170809,10:05,137.6,137.8,137.6,137.8,42000
PFC_F1,20170809,10:06,137.75,137.85,137.75,137.85,96000
PFC_F1,20170809,10:07,137.85,137.85,137.7,137.85,90000
PFC_F1,20170809,10:08,137.75,137.8,137.75,137.8,30000
PFC_F1,20170809,10:10,137.9,137.9,137.7,137.7,60000
PFC_F1,20170809,10:11,137.75,137.75,137.65,137.7,18000
PFC_F1,20170809,10:12,137.8,137.8,137.8,137.8,18000
PFC_F1,20170809,10:13,137.8,137.85,137.8,137.8,102000
PFC_F1,20170809,10:14,137.8,138,137.8,137.9,72000
PFC_F1,20170809,10:15,138,138.1,137.9,138,102000
PFC_F1,20170809,10:16,138,138,138,138,12000
PFC_F1,20170809,10:17,138.1,138.1,138,138.1,48000
PFC_F1,20170809,10:18,138.2,138.25,137.95,138.1,102000
PFC_F1,20170809,10:19,138,138,137.95,137.95,54000
PFC_F1,20170809,10:20,137.9,137.9,137.9,137.9,6000
PFC_F1,20170809,10:21,137.9,137.9,137.9,137.9,12000
PFC_F1,20170809,10:22,138,138.05,138,138.05,24000
PFC_F1,20170809,10:23,137.95,138.05,137.9,138.05,60000
PFC_F1,20170809,10:24,137.95,137.95,137.95,137.95,18000
PFC_F1,20170809,10:25,138,138,137.9,137.9,30000
PFC_F1,20170809,10:26,137.95,138,137.9,137.9,30000
PFC_F1,20170809,10:27,138,138,138,138,6000
PFC_F1,20170809,10:28,137.95,138,137.95,137.95,48000
PFC_F1,20170809,10:29,138,138,137.75,137.75,54000
PFC_F1,20170809,10:30,137.9,138,137.65,137.7,162000
PFC_F1,20170809,10:31,137.65,137.65,137.4,137.4,54000
PFC_F1,20170809,10:32,137.5,137.55,137.3,137.35,78000
PFC_F1,20170809,10:33,137.45,137.55,137.4,137.5,30000
PFC_F1,20170809,10:34,137.5,137.5,137.25,137.25,36000
PFC_F1,20170809,10:35,137.25,137.3,137.1,137.25,96000
PFC_F1,20170809,10:36,137.1,137.15,137.1,137.1,30000
PFC_F1,20170809,10:37,137.05,137.2,137,137.2,72000
PFC_F1,20170809,10:38,137.25,137.4,137.25,137.4,24000
PFC_F1,20170809,10:39,137.5,137.7,137.5,137.65,48000
PFC_F1,20170809,10:40,137.7,137.85,137.7,137.75,60000
PFC_F1,20170809,10:41,137.8,137.8,137.75,137.75,30000
PFC_F1,20170809,10:42,137.85,137.85,137.85,137.85,6000
PFC_F1,20170809,10:43,137.8,137.95,137.7,137.8,66000
PFC_F1,20170809,10:44,137.6,137.6,137.6,137.6,12000
PFC_F1,20170809,10:45,137.5,137.5,137.5,137.5,6000
PFC_F1,20170809,10:47,137.4,137.6,137.4,137.6,18000
PFC_F1,20170809,10:48,137.5,137.5,137.35,137.45,36000
PFC_F1,20170809,10:49,137.35,137.35,137.35,137.35,12000
PFC_F1,20170809,10:50,137.6,137.6,137.5,137.5,18000
PFC_F1,20170809,10:53,137.5,137.5,137.35,137.35,42000
PFC_F1,20170809,10:54,137.3,137.4,137.3,137.4,12000
PFC_F1,20170809,10:56,137.25,137.35,137.25,137.35,54000
PFC_F1,20170809,10:57,137.25,137.25,137.25,137.25,6000
PFC_F1,20170809,10:58,137.25,137.25,137.25,137.25,6000
PFC_F1,20170809,11:00,137.2,137.25,137.2,137.25,24000
PFC_F1,20170809,11:01,137.25,137.3,137.25,137.3,18000
PFC_F1,20170809,11:02,137.25,137.3,137.25,137.3,18000
PFC_F1,20170809,11:03,137.2,137.2,137.15,137.15,12000
PFC_F1,20170809,11:04,137.15,137.15,137.1,137.15,30000
PFC_F1,20170809,11:05,137.15,137.2,137.1,137.2,30000
PFC_F1,20170809,11:06,137.15,137.25,137.15,137.25,12000
PFC_F1,20170809,11:08,137.2,137.2,137.1,137.1,12000
PFC_F1,20170809,11:09,137.15,137.3,137.15,137.3,12000
PFC_F1,20170809,11:10,137.3,137.3,137.3,137.3,12000
PFC_F1,20170809,11:12,137.35,137.35,137.35,137.35,6000
PFC_F1,20170809,11:14,137.35,137.35,137.35,137.35,6000
PFC_F1,20170809,11:15,137.35,137.35,137.3,137.3,18000
PFC_F1,20170809,11:17,137.4,137.4,137.3,137.3,18000
PFC_F1,20170809,11:19,137.25,137.25,137.25,137.25,6000
PFC_F1,20170809,11:20,137.15,137.15,137.15,137.15,18000
PFC_F1,20170809,11:21,137.1,137.1,136.95,136.95,78000
PFC_F1,20170809,11:22,136.8,136.9,136.75,136.85,144000
PFC_F1,20170809,11:23,136.75,136.75,136.75,136.75,6000
PFC_F1,20170809,11:24,136.75,136.75,136.7,136.75,66000
PFC_F1,20170809,11:25,136.7,136.8,136.7,136.8,42000
PFC_F1,20170809,11:26,136.85,136.9,136.85,136.9,66000
PFC_F1,20170809,11:27,136.9,136.9,136.9,136.9,6000
PFC_F1,20170809,11:29,136.85,136.85,136.85,136.85,6000
PFC_F1,20170809,11:30,136.85,136.85,136.85,136.85,18000
PFC_F1,20170809,11:31,136.8,136.8,136.7,136.7,60000
PFC_F1,20170809,11:33,136.75,136.75,136.75,136.75,12000
PFC_F1,20170809,11:34,136.85,136.85,136.85,136.85,6000
PFC_F1,20170809,11:37,136.85,136.95,136.85,136.95,24000
PFC_F1,20170809,11:38,137,137,137,137,6000
PFC_F1,20170809,11:39,137,137,136.9,137,24000
PFC_F1,20170809,11:41,136.75,136.75,136.75,136.75,30000
PFC_F1,20170809,11:42,136.55,136.55,136.45,136.45,72000
PFC_F1,20170809,11:44,136.4,136.4,136.3,136.3,30000
PFC_F1,20170809,11:45,136.35,136.35,136.35,136.35,24000
PFC_F1,20170809,11:46,136.2,136.3,136.2,136.2,96000
PFC_F1,20170809,11:47,136.25,136.25,136.25,136.25,24000
PFC_F1,20170809,11:48,136.3,136.3,136.3,136.3,42000
PFC_F1,20170809,11:49,136.3,136.3,136.25,136.25,42000
PFC_F1,20170809,11:50,136.3,136.3,136.3,136.3,18000
PFC_F1,20170809,11:51,136.15,136.15,136.1,136.1,66000
PFC_F1,20170809,11:52,136.05,136.05,135.9,135.9,90000
PFC_F1,20170809,11:53,135.9,135.9,135.85,135.9,90000
PFC_F1,20170809,11:54,135.9,135.95,135.9,135.9,24000
PFC_F1,20170809,11:55,135.95,135.95,135.85,135.9,30000
PFC_F1,20170809,11:56,135.95,135.95,135.9,135.95,24000
PFC_F1,20170809,11:57,135.95,136,135.9,135.9,24000
PFC_F1,20170809,11:58,135.8,136.15,135.8,136.15,90000
PFC_F1,20170809,11:59,136.15,136.15,136.1,136.1,18000
PFC_F1,20170809,12:00,136.15,136.3,136.15,136.3,30000
PFC_F1,20170809,12:01,136.35,136.4,136.35,136.4,60000
PFC_F1,20170809,12:02,136.6,136.75,136.6,136.65,66000
PFC_F1,20170809,12:03,136.7,136.75,136.4,136.4,60000
PFC_F1,20170809,12:04,136.35,136.45,136.3,136.45,18000
PFC_F1,20170809,12:05,136.45,136.5,136.4,136.5,30000
PFC_F1,20170809,12:06,136.5,136.5,136.5,136.5,12000
PFC_F1,20170809,12:07,136.7,136.7,136.6,136.6,12000
PFC_F1,20170809,12:09,136.7,136.7,136.6,136.7,18000
PFC_F1,20170809,12:10,136.75,136.8,136.7,136.7,18000
PFC_F1,20170809,12:11,136.7,136.75,136.7,136.75,30000
PFC_F1,20170809,12:12,136.7,136.75,136.7,136.75,30000
PFC_F1,20170809,12:14,136.85,136.85,136.85,136.85,6000
PFC_F1,20170809,12:15,136.9,136.95,136.9,136.95,12000
PFC_F1,20170809,12:16,137,137,136.95,136.95,12000
PFC_F1,20170809,12:17,136.9,136.95,136.9,136.9,18000
PFC_F1,20170809,12:18,136.95,137,136.95,136.95,30000
PFC_F1,20170809,12:19,136.9,137,136.9,137,18000
PFC_F1,20170809,12:20,136.9,137,136.9,137,18000
PFC_F1,20170809,12:21,136.9,137,136.9,137,12000
PFC_F1,20170809,12:22,136.85,136.85,136.85,136.85,6000
PFC_F1,20170809,12:23,136.85,136.85,136.85,136.85,12000
PFC_F1,20170809,12:24,136.95,136.95,136.95,136.95,6000
PFC_F1,20170809,12:25,136.95,136.95,136.9,136.9,12000
PFC_F1,20170809,12:27,137,137.05,137,137.05,18000
PFC_F1,20170809,12:28,137,137.15,137,137.15,30000
PFC_F1,20170809,12:30,137.2,137.2,137.1,137.1,12000
PFC_F1,20170809,12:32,137.1,137.15,137.1,137.15,12000
PFC_F1,20170809,12:33,137.15,137.15,137.15,137.15,12000
PFC_F1,20170809,12:34,137.05,137.15,137.05,137.15,12000
PFC_F1,20170809,12:35,137.05,137.05,137.05,137.05,6000
PFC_F1,20170809,12:36,137.05,137.1,136.95,137,36000
PFC_F1,20170809,12:39,136.9,136.9,136.9,136.9,6000
PFC_F1,20170809,12:40,136.95,136.95,136.85,136.95,18000
PFC_F1,20170809,12:41,136.95,136.95,136.95,136.95,6000
PFC_F1,20170809,12:42,136.85,136.9,136.85,136.9,18000
PFC_F1,20170809,12:43,136.8,136.8,136.75,136.75,18000
PFC_F1,20170809,12:44,136.75,136.75,136.5,136.5,24000
PFC_F1,20170809,12:45,136.5,136.5,136.4,136.4,24000
PFC_F1,20170809,12:46,136.4,136.4,136.35,136.35,12000
PFC_F1,20170809,12:48,136.45,136.45,136.45,136.45,18000
PFC_F1,20170809,12:49,136.55,136.55,136.55,136.55,12000
PFC_F1,20170809,12:53,136.7,136.7,136.65,136.65,12000
PFC_F1,20170809,12:54,136.7,136.7,136.5,136.5,18000
PFC_F1,20170809,12:56,136.75,136.75,136.75,136.75,12000
PFC_F1,20170809,12:59,136.9,136.9,136.9,136.9,6000
PFC_F1,20170809,13:00,136.95,137,136.95,136.95,24000
PFC_F1,20170809,13:01,137,137,137,137,6000
PFC_F1,20170809,13:02,137.1,137.1,136.9,136.9,30000
PFC_F1,20170809,13:03,136.95,136.95,136.95,136.95,6000
PFC_F1,20170809,13:05,136.9,136.9,136.75,136.75,18000
PFC_F1,20170809,13:07,136.85,136.85,136.85,136.85,6000
PFC_F1,20170809,13:08,136.85,136.85,136.85,136.85,6000
PFC_F1,20170809,13:09,136.95,136.95,136.95,136.95,12000
PFC_F1,20170809,13:10,137,137,136.95,136.95,18000
PFC_F1,20170809,13:12,136.8,136.8,136.8,136.8,6000
PFC_F1,20170809,13:14,136.6,136.65,136.5,136.65,24000
PFC_F1,20170809,13:15,136.5,136.5,136.5,136.5,6000
PFC_F1,20170809,13:16,136.3,136.3,136.15,136.15,48000
PFC_F1,20170809,13:17,136.2,136.35,136.2,136.35,24000
PFC_F1,20170809,13:18,136.35,136.35,136.25,136.35,18000
PFC_F1,20170809,13:19,136.4,136.4,136.4,136.4,6000
PFC_F1,20170809,13:21,136.4,136.4,136.4,136.4,6000
PFC_F1,20170809,13:22,136.45,136.45,136.35,136.35,12000
PFC_F1,20170809,13:23,136.45,136.45,135.9,135.9,378000
PFC_F1,20170809,13:24,135.9,135.95,135.9,135.9,42000
PFC_F1,20170809,13:25,135.7,135.85,135.65,135.75,162000
PFC_F1,20170809,13:26,135.75,135.75,135.55,135.65,48000
PFC_F1,20170809,13:27,135.65,135.7,135.5,135.65,108000
PFC_F1,20170809,13:28,135.75,135.9,135.75,135.9,24000
PFC_F1,20170809,13:29,135.9,135.9,135.85,135.9,18000
PFC_F1,20170809,13:30,135.9,135.9,135.6,135.6,66000
PFC_F1,20170809,13:31,135.65,135.85,135.65,135.85,12000
PFC_F1,20170809,13:32,135.95,135.95,135.75,135.8,48000
PFC_F1,20170809,13:33,135.65,135.7,135.65,135.7,66000
PFC_F1,20170809,13:34,135.6,135.65,135.5,135.5,42000
PFC_F1,20170809,13:35,135.55,135.55,135.35,135.4,96000
PFC_F1,20170809,13:36,135.5,135.6,135.5,135.6,54000
PFC_F1,20170809,13:37,135.55,135.55,135.45,135.45,66000
PFC_F1,20170809,13:38,135.45,135.5,135.4,135.4,54000
PFC_F1,20170809,13:39,135.4,135.45,135.3,135.4,78000
PFC_F1,20170809,13:40,135.35,135.45,134.9,135.1,432000
PFC_F1,20170809,13:41,135.05,135.05,134.9,134.9,84000
PFC_F1,20170809,13:42,134.65,134.8,134.4,134.6,312000
PFC_F1,20170809,13:43,134.6,134.75,134.35,134.75,90000
PFC_F1,20170809,13:44,134.85,134.85,134.65,134.75,66000
PFC_F1,20170809,13:45,134.9,135.15,134.9,135.15,78000
PFC_F1,20170809,13:46,135.15,135.25,135.15,135.25,48000
PFC_F1,20170809,13:47,135.25,135.25,135.2,135.2,24000
PFC_F1,20170809,13:48,135.1,135.15,135.1,135.1,36000
PFC_F1,20170809,13:49,135.05,135.05,134.95,134.95,42000
PFC_F1,20170809,13:50,135,135,134.8,134.8,30000
PFC_F1,20170809,13:51,134.8,134.85,134.65,134.7,60000
PFC_F1,20170809,13:52,134.7,134.7,134.6,134.6,108000
PFC_F1,20170809,13:53,134.6,134.7,134.45,134.45,168000
PFC_F1,20170809,13:54,134.5,134.5,134.3,134.4,120000
PFC_F1,20170809,13:55,134.4,134.5,134.35,134.5,84000
PFC_F1,20170809,13:56,134.35,134.55,134.35,134.5,84000
PFC_F1,20170809,13:57,134.45,134.5,134.35,134.4,36000
PFC_F1,20170809,13:58,134.3,134.45,134.3,134.45,24000
PFC_F1,20170809,13:59,134.4,134.45,134.4,134.45,30000
PFC_F1,20170809,14:00,134.4,134.4,134.25,134.35,42000
PFC_F1,20170809,14:01,134.3,134.4,134.3,134.35,36000
PFC_F1,20170809,14:02,134.25,134.45,134.25,134.45,36000
PFC_F1,20170809,14:03,134.25,134.45,134.25,134.45,78000
PFC_F1,20170809,14:04,134.35,134.4,134.35,134.4,18000
PFC_F1,20170809,14:05,134.4,134.45,134.4,134.45,24000
PFC_F1,20170809,14:06,134.35,134.35,134.35,134.35,36000
PFC_F1,20170809,14:07,134.3,134.3,133.6,133.85,378000
PFC_F1,20170809,14:08,133.9,133.95,133.85,133.9,36000
PFC_F1,20170809,14:09,133.75,134.25,133.75,134.25,102000
PFC_F1,20170809,14:10,134.1,134.2,134,134,90000
PFC_F1,20170809,14:11,134.15,134.2,134,134.2,36000
PFC_F1,20170809,14:12,134.2,134.2,134.2,134.2,36000
PFC_F1,20170809,14:13,134.2,134.2,134.2,134.2,6000
PFC_F1,20170809,14:14,134,134,134,134,72000
PFC_F1,20170809,14:15,134,134.1,134,134,84000
PFC_F1,20170809,14:16,134.15,134.5,134.15,134.5,114000
PFC_F1,20170809,14:17,134.5,134.55,134.4,134.5,126000
PFC_F1,20170809,14:18,134.45,134.45,134.35,134.35,12000
PFC_F1,20170809,14:19,134.35,134.4,134.1,134.15,78000
PFC_F1,20170809,14:20,134.2,134.2,134.05,134.05,84000
PFC_F1,20170809,14:21,133.85,133.85,133.45,133.75,234000
PFC_F1,20170809,14:22,133.75,134,133.75,133.95,108000
PFC_F1,20170809,14:23,134.05,134.2,133.95,134.1,54000
PFC_F1,20170809,14:24,134.1,134.45,134.1,134.45,42000
PFC_F1,20170809,14:25,134.5,134.7,134.4,134.7,96000
PFC_F1,20170809,14:26,134.7,134.9,134.7,134.8,192000
PFC_F1,20170809,14:27,134.8,134.8,134.75,134.75,36000
PFC_F1,20170809,14:28,134.8,135,134.7,135,96000
PFC_F1,20170809,14:29,135,135.15,134.95,134.95,120000
PFC_F1,20170809,14:30,135,135,134.85,134.85,66000
PFC_F1,20170809,14:31,134.85,134.9,134.75,134.75,24000
PFC_F1,20170809,14:32,134.65,134.75,134.65,134.75,18000
PFC_F1,20170809,14:33,134.8,134.8,134.8,134.8,12000
PFC_F1,20170809,14:34,134.85,134.85,134.8,134.8,18000
PFC_F1,20170809,14:35,134.9,134.9,134.75,134.8,30000
PFC_F1,20170809,14:36,134.9,134.9,134.75,134.8,30000
PFC_F1,20170809,14:37,134.95,135,134.9,135,30000
PFC_F1,20170809,14:38,135.1,135.1,135.05,135.1,36000
PFC_F1,20170809,14:39,135.15,135.15,135.15,135.15,30000
PFC_F1,20170809,14:40,135.2,135.3,135.2,135.3,42000
PFC_F1,20170809,14:41,135.3,135.45,135.2,135.25,150000
PFC_F1,20170809,14:42,135.2,135.3,135.2,135.2,36000
PFC_F1,20170809,14:43,135.05,135.35,135.05,135.35,150000
PFC_F1,20170809,14:44,135.4,135.45,135.25,135.4,168000
PFC_F1,20170809,14:45,135.4,135.45,135.25,135.25,72000
PFC_F1,20170809,14:46,135.25,135.25,135,135,78000
PFC_F1,20170809,14:47,135.05,135.05,135,135,42000
PFC_F1,20170809,14:48,135.05,135.25,135.05,135.25,12000
PFC_F1,20170809,14:49,135.15,135.2,135.15,135.2,18000
PFC_F1,20170809,14:50,135.1,135.1,135.05,135.1,18000
PFC_F1,20170809,14:51,135,135,135,135,12000
PFC_F1,20170809,14:52,135.1,135.3,135.1,135.3,42000
PFC_F1,20170809,14:53,135.35,135.35,135.35,135.35,12000
PFC_F1,20170809,14:55,135.15,135.25,135.15,135.25,54000
PFC_F1,20170809,14:56,135.3,135.4,135.3,135.4,24000
PFC_F1,20170809,14:57,135.3,135.3,135.3,135.3,24000
PFC_F1,20170809,14:58,135.25,135.25,135.1,135.2,84000
PFC_F1,20170809,14:59,135.3,135.9,135.25,135.85,612000
PFC_F1,20170809,15:00,135.8,136.2,135.75,136.05,714000
PFC_F1,20170809,15:01,136.2,136.2,136.05,136.1,192000
PFC_F1,20170809,15:02,136.1,136.2,136,136.2,108000
PFC_F1,20170809,15:03,136.1,136.2,135.9,136,222000
PFC_F1,20170809,15:04,135.9,135.9,135.75,135.75,78000
PFC_F1,20170809,15:05,135.7,135.7,135.45,135.5,132000
PFC_F1,20170809,15:06,135.5,135.85,135.5,135.85,78000
PFC_F1,20170809,15:07,135.8,135.8,135.75,135.75,60000
PFC_F1,20170809,15:08,135.75,135.9,135.75,135.8,60000
PFC_F1,20170809,15:09,135.8,135.8,135.8,135.8,18000
PFC_F1,20170809,15:10,135.75,135.75,135.45,135.45,270000
PFC_F1,20170809,15:11,135.5,135.5,135.5,135.5,48000
PFC_F1,20170809,15:12,135.5,135.5,135.35,135.35,90000
PFC_F1,20170809,15:13,135.4,135.45,135.3,135.4,72000
PFC_F1,20170809,15:14,135.25,135.25,135.1,135.2,54000
PFC_F1,20170809,15:15,135.15,135.15,135,135,162000
PFC_F1,20170809,15:16,134.9,134.9,134.7,134.7,162000
PFC_F1,20170809,15:17,134.75,134.75,134.3,134.3,192000
PFC_F1,20170809,15:18,134.25,134.6,134.25,134.3,174000
PFC_F1,20170809,15:19,134.4,134.4,134.25,134.3,96000
PFC_F1,20170809,15:20,134.4,134.4,134.1,134.1,132000
PFC_F1,20170809,15:21,134.1,134.2,134.05,134.15,222000
PFC_F1,20170809,15:22,134.05,134.15,133.9,134.05,168000
PFC_F1,20170809,15:23,134.1,134.1,133.8,133.8,258000
PFC_F1,20170809,15:24,133.7,133.9,133.7,133.9,96000
PFC_F1,20170809,15:25,133.9,134.05,133.9,134.05,150000
PFC_F1,20170809,15:26,134,134.2,134,134.1,156000
PFC_F1,20170809,15:27,134.05,134.05,133.75,133.85,102000
PFC_F1,20170809,15:28,133.8,134,133.8,133.95,114000
PFC_F1,20170809,15:29,133.85,134,133.8,133.9,90000
PFC_F1,20170809,15:30,133.9,134.3,133.9,134.3,240000
PFC_F1,20170809,16:34,134.8,134.8,134.8,134.8,1
