IDEA,20220309,09:08,10.00,10.00,10.00,10.00,769329,0
IDEA,20220309,09:16,10.00,10.10,9.95,10.00,4610153,0
IDEA,20220309,09:17,10.00,10.10,10.00,10.10,1898566,0
IDEA,20220309,09:18,10.05,10.10,10.00,10.05,2746211,0
IDEA,20220309,09:19,10.05,10.05,9.95,10.05,3405399,0
IDEA,20220309,09:20,10.05,10.05,10.00,10.00,698669,0
IDEA,20220309,09:21,10.00,10.05,9.95,10.05,715218,0
IDEA,20220309,09:22,10.05,10.05,10.00,10.00,317103,0
IDEA,20220309,09:23,10.05,10.10,10.05,10.10,780549,0
IDEA,20220309,09:24,10.05,10.10,10.05,10.05,315238,0
IDEA,20220309,09:25,10.10,10.10,10.05,10.10,128954,0
IDEA,20220309,09:26,10.10,10.15,10.05,10.15,5200448,0
IDEA,20220309,09:27,10.20,10.20,10.15,10.20,3114015,0
IDEA,20220309,09:28,10.15,10.20,10.15,10.15,1075762,0
IDEA,20220309,09:29,10.15,10.15,10.10,10.15,147922,0
IDEA,20220309,09:30,10.15,10.15,10.10,10.15,77971,0
IDEA,20220309,09:31,10.15,10.15,10.10,10.10,131180,0
IDEA,20220309,09:32,10.10,10.15,10.10,10.10,2548390,0
IDEA,20220309,09:33,10.15,10.15,10.10,10.15,147542,0
IDEA,20220309,09:34,10.10,10.15,10.10,10.10,900133,0
IDEA,20220309,09:35,10.10,10.10,10.05,10.10,274542,0
IDEA,20220309,09:36,10.10,10.10,10.05,10.10,2605367,0
IDEA,20220309,09:37,10.05,10.10,10.05,10.10,172099,0
IDEA,20220309,09:38,10.10,10.10,10.05,10.10,89165,0
IDEA,20220309,09:39,10.10,10.10,10.05,10.10,90441,0
IDEA,20220309,09:40,10.10,10.10,10.05,10.05,68939,0
IDEA,20220309,09:41,10.10,10.10,10.05,10.10,131339,0
IDEA,20220309,09:42,10.10,10.10,10.05,10.05,46527,0
IDEA,20220309,09:43,10.05,10.10,10.00,10.05,2375215,0
IDEA,20220309,09:44,10.05,10.05,10.00,10.05,1570203,0
IDEA,20220309,09:45,10.00,10.05,10.00,10.05,121776,0
IDEA,20220309,09:46,10.05,10.05,10.00,10.05,166206,0
IDEA,20220309,09:47,10.00,10.10,10.00,10.05,848716,0
IDEA,20220309,09:48,10.10,10.10,10.05,10.10,102859,0
IDEA,20220309,09:49,10.10,10.10,10.05,10.05,1307572,0
IDEA,20220309,09:50,10.10,10.10,10.05,10.10,88325,0
IDEA,20220309,09:51,10.10,10.10,10.00,10.10,1801647,0
IDEA,20220309,09:52,10.10,10.10,10.05,10.10,88094,0
IDEA,20220309,09:53,10.05,10.10,10.05,10.10,1491877,0
IDEA,20220309,09:54,10.10,10.10,10.05,10.10,129889,0
IDEA,20220309,09:55,10.10,10.10,10.05,10.05,257223,0
IDEA,20220309,09:56,10.10,10.10,10.05,10.05,61067,0
IDEA,20220309,09:57,10.10,10.10,10.05,10.05,152430,0
IDEA,20220309,09:58,10.10,10.10,10.05,10.10,60368,0
IDEA,20220309,09:59,10.10,10.10,10.05,10.05,40569,0
IDEA,20220309,10:00,10.10,10.10,10.05,10.05,60785,0
IDEA,20220309,10:01,10.10,10.10,10.05,10.10,50148,0
IDEA,20220309,10:02,10.05,10.10,10.05,10.05,286633,0
IDEA,20220309,10:03,10.05,10.10,10.05,10.05,84178,0
IDEA,20220309,10:04,10.05,10.10,10.05,10.10,184695,0
IDEA,20220309,10:05,10.10,10.10,10.05,10.10,411137,0
IDEA,20220309,10:06,10.10,10.10,10.05,10.10,72436,0
IDEA,20220309,10:07,10.05,10.10,10.05,10.10,135835,0
IDEA,20220309,10:08,10.10,10.10,10.05,10.10,39486,0
IDEA,20220309,10:09,10.05,10.10,10.05,10.10,44326,0
IDEA,20220309,10:10,10.05,10.10,10.05,10.10,80554,0
IDEA,20220309,10:11,10.05,10.10,10.05,10.10,88078,0
IDEA,20220309,10:12,10.05,10.10,10.05,10.10,103290,0
IDEA,20220309,10:13,10.05,10.10,10.05,10.10,49234,0
IDEA,20220309,10:14,10.10,10.10,10.05,10.05,521581,0
IDEA,20220309,10:15,10.05,10.10,10.05,10.10,47141,0
IDEA,20220309,10:16,10.05,10.15,10.05,10.15,3977497,0
IDEA,20220309,10:17,10.10,10.15,10.10,10.10,65628,0
IDEA,20220309,10:18,10.10,10.15,10.10,10.15,39767,0
IDEA,20220309,10:19,10.15,10.15,10.10,10.15,126908,0
IDEA,20220309,10:20,10.15,10.15,10.10,10.10,163950,0
IDEA,20220309,10:21,10.10,10.15,10.10,10.15,1404844,0
IDEA,20220309,10:22,10.15,10.15,10.10,10.15,62021,0
IDEA,20220309,10:23,10.15,10.15,10.10,10.15,50573,0
IDEA,20220309,10:24,10.15,10.15,10.10,10.10,165015,0
IDEA,20220309,10:25,10.15,10.15,10.10,10.15,67193,0
IDEA,20220309,10:26,10.15,10.15,10.10,10.15,25216,0
IDEA,20220309,10:27,10.10,10.15,10.10,10.10,39550,0
IDEA,20220309,10:28,10.15,10.15,10.10,10.15,48462,0
IDEA,20220309,10:29,10.15,10.15,10.10,10.15,196100,0
IDEA,20220309,10:30,10.15,10.15,10.10,10.15,50370,0
IDEA,20220309,10:31,10.10,10.15,10.10,10.10,46713,0
IDEA,20220309,10:32,10.10,10.15,10.10,10.10,86541,0
IDEA,20220309,10:33,10.10,10.15,10.10,10.10,54145,0
IDEA,20220309,10:34,10.15,10.15,10.10,10.10,96321,0
IDEA,20220309,10:35,10.15,10.15,10.10,10.10,86346,0
IDEA,20220309,10:36,10.10,10.15,10.10,10.15,82654,0
IDEA,20220309,10:37,10.15,10.15,10.10,10.15,175573,0
IDEA,20220309,10:38,10.15,10.15,10.10,10.10,54704,0
IDEA,20220309,10:39,10.10,10.15,10.10,10.15,61981,0
IDEA,20220309,10:40,10.10,10.15,10.10,10.15,57219,0
IDEA,20220309,10:41,10.10,10.15,10.10,10.15,40878,0
IDEA,20220309,10:42,10.15,10.20,10.10,10.20,3769597,0
IDEA,20220309,10:43,10.20,10.20,10.15,10.20,280537,0
IDEA,20220309,10:44,10.15,10.20,10.15,10.15,90792,0
IDEA,20220309,10:45,10.20,10.20,10.15,10.15,145002,0
IDEA,20220309,10:46,10.20,10.20,10.15,10.20,176147,0
IDEA,20220309,10:47,10.15,10.20,10.15,10.15,268113,0
IDEA,20220309,10:48,10.20,10.20,10.15,10.20,119522,0
IDEA,20220309,10:49,10.15,10.20,10.15,10.15,46877,0
IDEA,20220309,10:50,10.20,10.20,10.15,10.20,26645,0
IDEA,20220309,10:51,10.20,10.20,10.15,10.20,98596,0
IDEA,20220309,10:52,10.15,10.20,10.15,10.20,40969,0
IDEA,20220309,10:53,10.20,10.20,10.15,10.20,585738,0
IDEA,20220309,10:54,10.20,10.20,10.15,10.15,114051,0
IDEA,20220309,10:55,10.20,10.30,10.20,10.30,9280823,0
IDEA,20220309,10:56,10.30,10.30,10.20,10.25,2323385,0
IDEA,20220309,10:57,10.25,10.30,10.20,10.30,4406054,0
IDEA,20220309,10:58,10.25,10.30,10.20,10.30,1584258,0
IDEA,20220309,10:59,10.30,10.30,10.25,10.25,279135,0
IDEA,20220309,11:00,10.30,10.30,10.25,10.30,224446,0
IDEA,20220309,11:01,10.25,10.30,10.20,10.25,1597530,0
IDEA,20220309,11:02,10.25,10.25,10.20,10.20,141161,0
IDEA,20220309,11:03,10.20,10.30,10.20,10.30,1570237,0
IDEA,20220309,11:04,10.25,10.30,10.20,10.25,1310432,0
IDEA,20220309,11:05,10.25,10.25,10.20,10.25,735572,0
IDEA,20220309,11:06,10.20,10.25,10.20,10.20,67525,0
IDEA,20220309,11:07,10.25,10.25,10.20,10.25,62498,0
IDEA,20220309,11:08,10.20,10.30,10.20,10.25,2797798,0
IDEA,20220309,11:09,10.25,10.25,10.20,10.25,2838545,0
IDEA,20220309,11:10,10.20,10.25,10.20,10.20,148361,0
IDEA,20220309,11:11,10.20,10.25,10.20,10.20,174961,0
IDEA,20220309,11:12,10.20,10.25,10.15,10.20,2651403,0
IDEA,20220309,11:13,10.20,10.25,10.15,10.20,3005958,0
IDEA,20220309,11:14,10.25,10.25,10.20,10.25,55366,0
IDEA,20220309,11:15,10.20,10.25,10.15,10.20,1131104,0
IDEA,20220309,11:16,10.20,10.20,10.15,10.15,125411,0
IDEA,20220309,11:17,10.15,10.20,10.15,10.15,162189,0
IDEA,20220309,11:18,10.20,10.20,10.15,10.20,31325,0
IDEA,20220309,11:19,10.20,10.20,10.15,10.20,39900,0
IDEA,20220309,11:20,10.20,10.20,10.10,10.20,4048581,0
IDEA,20220309,11:21,10.20,10.20,10.15,10.15,90647,0
IDEA,20220309,11:22,10.20,10.20,10.15,10.15,38058,0
IDEA,20220309,11:23,10.15,10.20,10.15,10.20,44942,0
IDEA,20220309,11:24,10.15,10.20,10.15,10.15,41661,0
IDEA,20220309,11:25,10.20,10.20,10.15,10.20,256826,0
IDEA,20220309,11:26,10.15,10.20,10.15,10.20,37528,0
IDEA,20220309,11:27,10.20,10.20,10.15,10.15,49743,0
IDEA,20220309,11:28,10.20,10.20,10.15,10.20,28189,0
IDEA,20220309,11:29,10.20,10.20,10.15,10.20,58389,0
IDEA,20220309,11:30,10.20,10.20,10.15,10.15,30313,0
IDEA,20220309,11:31,10.20,10.20,10.15,10.20,19871,0
IDEA,20220309,11:32,10.20,10.20,10.15,10.20,16499,0
IDEA,20220309,11:33,10.20,10.20,10.15,10.20,72314,0
IDEA,20220309,11:34,10.15,10.20,10.15,10.15,23155,0
IDEA,20220309,11:35,10.20,10.20,10.15,10.20,10675,0
IDEA,20220309,11:36,10.15,10.20,10.15,10.20,1053623,0
IDEA,20220309,11:37,10.15,10.20,10.15,10.20,58946,0
IDEA,20220309,11:38,10.20,10.20,10.15,10.15,43517,0
IDEA,20220309,11:39,10.15,10.20,10.15,10.20,47202,0
IDEA,20220309,11:40,10.15,10.20,10.15,10.20,58458,0
IDEA,20220309,11:41,10.20,10.20,10.15,10.15,70212,0
IDEA,20220309,11:42,10.15,10.20,10.15,10.15,37775,0
IDEA,20220309,11:43,10.20,10.20,10.15,10.20,42494,0
IDEA,20220309,11:44,10.20,10.20,10.15,10.20,64039,0
IDEA,20220309,11:45,10.15,10.20,10.15,10.20,23273,0
IDEA,20220309,11:46,10.20,10.20,10.15,10.15,197233,0
IDEA,20220309,11:47,10.20,10.20,10.15,10.15,149457,0
IDEA,20220309,11:48,10.15,10.20,10.15,10.15,37760,0
IDEA,20220309,11:49,10.15,10.20,10.15,10.15,9587,0
IDEA,20220309,11:50,10.20,10.20,10.15,10.15,46551,0
IDEA,20220309,11:51,10.15,10.20,10.15,10.20,36774,0
IDEA,20220309,11:52,10.15,10.20,10.15,10.20,20254,0
IDEA,20220309,11:53,10.15,10.20,10.15,10.15,28885,0
IDEA,20220309,11:54,10.20,10.20,10.15,10.20,110634,0
IDEA,20220309,11:55,10.15,10.20,10.15,10.15,42414,0
IDEA,20220309,11:56,10.15,10.20,10.15,10.15,1556938,0
IDEA,20220309,11:57,10.15,10.20,10.15,10.20,152043,0
IDEA,20220309,11:58,10.20,10.20,10.15,10.20,41840,0
IDEA,20220309,11:59,10.20,10.20,10.15,10.20,1845963,0
IDEA,20220309,12:00,10.15,10.20,10.15,10.15,13642,0
IDEA,20220309,12:01,10.20,10.20,10.15,10.20,578119,0
IDEA,20220309,12:02,10.20,10.20,10.15,10.15,378627,0
IDEA,20220309,12:03,10.20,10.20,10.15,10.15,47252,0
IDEA,20220309,12:04,10.20,10.20,10.15,10.20,18473,0
IDEA,20220309,12:05,10.20,10.20,10.15,10.20,37833,0
IDEA,20220309,12:06,10.20,10.20,10.15,10.15,4125208,0
IDEA,20220309,12:07,10.15,10.15,10.10,10.15,52634,0
IDEA,20220309,12:08,10.15,10.15,10.10,10.10,84727,0
IDEA,20220309,12:09,10.15,10.15,10.10,10.10,17137,0
IDEA,20220309,12:10,10.15,10.15,10.10,10.15,36483,0
IDEA,20220309,12:11,10.15,10.15,10.10,10.15,48507,0
IDEA,20220309,12:12,10.15,10.20,10.15,10.20,1090630,0
IDEA,20220309,12:13,10.20,10.20,10.15,10.15,79529,0
IDEA,20220309,12:14,10.20,10.20,10.15,10.20,5502,0
IDEA,20220309,12:15,10.20,10.20,10.15,10.20,187708,0
IDEA,20220309,12:16,10.20,10.20,10.15,10.20,101718,0
IDEA,20220309,12:17,10.20,10.20,10.15,10.20,12632,0
IDEA,20220309,12:18,10.20,10.20,10.15,10.20,47749,0
IDEA,20220309,12:19,10.20,10.20,10.15,10.20,25314,0
IDEA,20220309,12:20,10.20,10.20,10.15,10.15,32762,0
IDEA,20220309,12:21,10.15,10.20,10.15,10.20,47101,0
IDEA,20220309,12:22,10.20,10.20,10.15,10.20,18825,0
IDEA,20220309,12:23,10.20,10.20,10.15,10.20,24085,0
IDEA,20220309,12:24,10.15,10.20,10.15,10.15,15384,0
IDEA,20220309,12:25,10.20,10.20,10.15,10.20,55083,0
IDEA,20220309,12:26,10.15,10.20,10.15,10.15,35675,0
IDEA,20220309,12:27,10.20,10.20,10.15,10.20,68847,0
IDEA,20220309,12:28,10.20,10.20,10.15,10.15,48791,0
IDEA,20220309,12:29,10.20,10.20,10.15,10.20,24319,0
IDEA,20220309,12:30,10.20,10.20,10.15,10.20,40715,0
IDEA,20220309,12:31,10.15,10.20,10.15,10.15,37092,0
IDEA,20220309,12:32,10.15,10.20,10.15,10.15,98494,0
IDEA,20220309,12:33,10.20,10.20,10.15,10.20,104688,0
IDEA,20220309,12:34,10.20,10.20,10.15,10.20,31016,0
IDEA,20220309,12:35,10.20,10.20,10.15,10.20,44264,0
IDEA,20220309,12:36,10.20,10.20,10.15,10.15,50874,0
IDEA,20220309,12:37,10.20,10.20,10.15,10.20,68797,0
IDEA,20220309,12:38,10.20,10.20,10.15,10.15,43227,0
IDEA,20220309,12:39,10.20,10.20,10.15,10.20,25120,0
IDEA,20220309,12:40,10.20,10.20,10.15,10.20,15098,0
IDEA,20220309,12:41,10.20,10.20,10.15,10.20,11286,0
IDEA,20220309,12:42,10.20,10.20,10.15,10.20,33731,0
IDEA,20220309,12:43,10.20,10.20,10.15,10.20,45893,0
IDEA,20220309,12:44,10.20,10.20,10.15,10.20,280057,0
IDEA,20220309,12:45,10.20,10.20,10.15,10.15,42159,0
IDEA,20220309,12:46,10.15,10.20,10.15,10.15,27306,0
IDEA,20220309,12:47,10.20,10.20,10.15,10.20,8128,0
IDEA,20220309,12:48,10.15,10.20,10.15,10.20,86487,0
IDEA,20220309,12:49,10.20,10.20,10.15,10.20,37327,0
IDEA,20220309,12:50,10.20,10.20,10.15,10.20,40900,0
IDEA,20220309,12:51,10.20,10.20,10.15,10.20,15522,0
IDEA,20220309,12:52,10.15,10.20,10.15,10.20,34343,0
IDEA,20220309,12:53,10.20,10.20,10.15,10.15,26678,0
IDEA,20220309,12:54,10.20,10.20,10.15,10.20,51026,0
IDEA,20220309,12:55,10.20,10.20,10.15,10.15,31066,0
IDEA,20220309,12:56,10.20,10.20,10.15,10.20,104721,0
IDEA,20220309,12:57,10.20,10.20,10.15,10.20,77690,0
IDEA,20220309,12:58,10.20,10.20,10.20,10.20,45677,0
IDEA,20220309,12:59,10.20,10.20,10.15,10.15,26299,0
IDEA,20220309,13:00,10.20,10.20,10.15,10.20,64549,0
IDEA,20220309,13:01,10.20,10.25,10.15,10.20,2044903,0
IDEA,20220309,13:02,10.20,10.25,10.20,10.25,1000440,0
IDEA,20220309,13:03,10.25,10.30,10.20,10.25,2954735,0
IDEA,20220309,13:04,10.25,10.25,10.20,10.25,30668,0
IDEA,20220309,13:05,10.25,10.25,10.20,10.25,121089,0
IDEA,20220309,13:06,10.25,10.25,10.20,10.25,54961,0
IDEA,20220309,13:07,10.25,10.25,10.20,10.20,142569,0
IDEA,20220309,13:08,10.25,10.25,10.20,10.25,694790,0
IDEA,20220309,13:09,10.25,10.25,10.20,10.20,75149,0
IDEA,20220309,13:10,10.25,10.25,10.20,10.25,121258,0
IDEA,20220309,13:11,10.25,10.25,10.20,10.25,80160,0
IDEA,20220309,13:12,10.25,10.25,10.20,10.20,23804,0
IDEA,20220309,13:13,10.25,10.25,10.20,10.25,30438,0
IDEA,20220309,13:14,10.25,10.25,10.20,10.20,127501,0
IDEA,20220309,13:15,10.20,10.25,10.20,10.25,51970,0
IDEA,20220309,13:16,10.20,10.25,10.20,10.25,85101,0
IDEA,20220309,13:17,10.25,10.25,10.20,10.20,81610,0
IDEA,20220309,13:18,10.20,10.25,10.20,10.25,118029,0
IDEA,20220309,13:19,10.20,10.25,10.20,10.25,1600190,0
IDEA,20220309,13:20,10.25,10.25,10.20,10.20,57258,0
IDEA,20220309,13:21,10.20,10.25,10.20,10.25,39911,0
IDEA,20220309,13:22,10.25,10.25,10.20,10.25,36666,0
IDEA,20220309,13:23,10.25,10.25,10.20,10.25,29666,0
IDEA,20220309,13:24,10.20,10.25,10.20,10.25,21195,0
IDEA,20220309,13:25,10.20,10.25,10.20,10.25,133804,0
IDEA,20220309,13:26,10.20,10.25,10.20,10.25,107730,0
IDEA,20220309,13:27,10.25,10.25,10.20,10.25,50946,0
IDEA,20220309,13:28,10.25,10.25,10.20,10.25,96981,0
IDEA,20220309,13:29,10.25,10.25,10.15,10.20,2545291,0
IDEA,20220309,13:30,10.15,10.20,10.15,10.20,1760679,0
IDEA,20220309,13:31,10.15,10.20,10.15,10.20,13588,0
IDEA,20220309,13:32,10.20,10.20,10.15,10.20,213895,0
IDEA,20220309,13:33,10.20,10.20,10.15,10.20,21038,0
IDEA,20220309,13:34,10.15,10.20,10.15,10.20,25538,0
IDEA,20220309,13:35,10.20,10.20,10.15,10.20,30798,0
IDEA,20220309,13:36,10.15,10.20,10.15,10.20,63807,0
IDEA,20220309,13:37,10.15,10.20,10.15,10.15,21672,0
IDEA,20220309,13:38,10.20,10.25,10.15,10.20,1188312,0
IDEA,20220309,13:39,10.20,10.25,10.20,10.25,36838,0
IDEA,20220309,13:40,10.25,10.25,10.20,10.25,36277,0
IDEA,20220309,13:41,10.25,10.25,10.20,10.25,25508,0
IDEA,20220309,13:42,10.25,10.25,10.20,10.25,30643,0
IDEA,20220309,13:43,10.25,10.25,10.20,10.20,32577,0
IDEA,20220309,13:44,10.25,10.25,10.20,10.25,42964,0
IDEA,20220309,13:45,10.25,10.25,10.20,10.20,54536,0
IDEA,20220309,13:46,10.25,10.25,10.20,10.20,30662,0
IDEA,20220309,13:47,10.20,10.25,10.20,10.20,59986,0
IDEA,20220309,13:48,10.25,10.25,10.20,10.20,23642,0
IDEA,20220309,13:49,10.20,10.25,10.20,10.25,26918,0
IDEA,20220309,13:50,10.25,10.25,10.20,10.25,31333,0
IDEA,20220309,13:51,10.20,10.25,10.20,10.20,3710761,0
IDEA,20220309,13:52,10.20,10.25,10.15,10.25,1289875,0
IDEA,20220309,13:53,10.20,10.25,10.20,10.25,98670,0
IDEA,20220309,13:54,10.25,10.25,10.20,10.25,28043,0
IDEA,20220309,13:55,10.20,10.25,10.20,10.20,21729,0
IDEA,20220309,13:56,10.20,10.25,10.20,10.25,31212,0
IDEA,20220309,13:57,10.25,10.25,10.20,10.25,760269,0
IDEA,20220309,13:58,10.25,10.25,10.20,10.20,24306,0
IDEA,20220309,13:59,10.20,10.25,10.20,10.20,33983,0
IDEA,20220309,14:00,10.20,10.25,10.20,10.25,1094500,0
IDEA,20220309,14:01,10.20,10.25,10.20,10.25,34702,0
IDEA,20220309,14:02,10.20,10.25,10.20,10.25,77659,0
IDEA,20220309,14:03,10.25,10.25,10.20,10.25,46369,0
IDEA,20220309,14:04,10.25,10.25,10.20,10.25,40376,0
IDEA,20220309,14:05,10.25,10.25,10.20,10.25,55510,0
IDEA,20220309,14:06,10.25,10.25,10.20,10.25,20752,0
IDEA,20220309,14:07,10.25,10.25,10.20,10.20,157309,0
IDEA,20220309,14:08,10.25,10.25,10.20,10.25,65737,0
IDEA,20220309,14:09,10.25,10.25,10.20,10.25,82919,0
IDEA,20220309,14:10,10.20,10.25,10.20,10.25,35790,0
IDEA,20220309,14:11,10.25,10.25,10.20,10.20,85141,0
IDEA,20220309,14:12,10.25,10.25,10.20,10.25,32879,0
IDEA,20220309,14:13,10.20,10.25,10.20,10.20,22352,0
IDEA,20220309,14:14,10.25,10.25,10.20,10.25,49763,0
IDEA,20220309,14:15,10.25,10.25,10.20,10.25,52546,0
IDEA,20220309,14:16,10.25,10.25,10.20,10.20,420251,0
IDEA,20220309,14:17,10.20,10.25,10.20,10.20,57041,0
IDEA,20220309,14:18,10.25,10.25,10.20,10.20,29834,0
IDEA,20220309,14:19,10.25,10.25,10.20,10.20,24331,0
IDEA,20220309,14:20,10.25,10.25,10.20,10.25,40197,0
IDEA,20220309,14:21,10.25,10.25,10.20,10.25,152826,0
IDEA,20220309,14:22,10.20,10.25,10.20,10.20,100197,0
IDEA,20220309,14:23,10.20,10.25,10.20,10.25,76533,0
IDEA,20220309,14:24,10.20,10.25,10.20,10.20,742891,0
IDEA,20220309,14:25,10.25,10.25,10.20,10.25,134729,0
IDEA,20220309,14:26,10.20,10.25,10.20,10.20,45218,0
IDEA,20220309,14:27,10.20,10.25,10.20,10.20,49075,0
IDEA,20220309,14:28,10.20,10.25,10.20,10.25,84163,0
IDEA,20220309,14:29,10.20,10.25,10.20,10.20,76717,0
IDEA,20220309,14:30,10.25,10.25,10.20,10.20,69900,0
IDEA,20220309,14:31,10.25,10.25,10.20,10.20,122630,0
IDEA,20220309,14:32,10.20,10.30,10.20,10.25,4394966,0
IDEA,20220309,14:33,10.25,10.30,10.25,10.25,127654,0
IDEA,20220309,14:34,10.25,10.30,10.25,10.30,63380,0
IDEA,20220309,14:35,10.30,10.30,10.25,10.30,61543,0
IDEA,20220309,14:36,10.25,10.30,10.25,10.30,51328,0
IDEA,20220309,14:37,10.25,10.30,10.25,10.30,154895,0
IDEA,20220309,14:38,10.30,10.30,10.25,10.25,141636,0
IDEA,20220309,14:39,10.25,10.35,10.25,10.35,8474813,0
IDEA,20220309,14:40,10.35,10.35,10.30,10.30,1031589,0
IDEA,20220309,14:41,10.30,10.35,10.30,10.30,211709,0
IDEA,20220309,14:42,10.30,10.35,10.30,10.35,89152,0
IDEA,20220309,14:43,10.35,10.35,10.30,10.30,772005,0
IDEA,20220309,14:44,10.30,10.35,10.30,10.30,56980,0
IDEA,20220309,14:45,10.30,10.35,10.30,10.30,72915,0
IDEA,20220309,14:46,10.35,10.35,10.30,10.30,622437,0
IDEA,20220309,14:47,10.35,10.40,10.35,10.40,947844,0
IDEA,20220309,14:48,10.40,10.40,10.35,10.40,452259,0
IDEA,20220309,14:49,10.35,10.40,10.35,10.35,268809,0
IDEA,20220309,14:50,10.35,10.40,10.35,10.40,188759,0
IDEA,20220309,14:51,10.35,10.40,10.35,10.40,226757,0
IDEA,20220309,14:52,10.35,10.40,10.35,10.40,62478,0
IDEA,20220309,14:53,10.35,10.40,10.35,10.40,387002,0
IDEA,20220309,14:54,10.40,10.40,10.35,10.40,270343,0
IDEA,20220309,14:55,10.35,10.40,10.35,10.40,143059,0
IDEA,20220309,14:56,10.35,10.40,10.35,10.35,80767,0
IDEA,20220309,14:57,10.35,10.35,10.30,10.35,1259190,0
IDEA,20220309,14:58,10.30,10.35,10.30,10.30,55954,0
IDEA,20220309,14:59,10.35,10.35,10.30,10.35,214555,0
IDEA,20220309,15:00,10.35,10.35,10.30,10.30,62851,0
IDEA,20220309,15:01,10.35,10.35,10.30,10.30,107938,0
IDEA,20220309,15:02,10.35,10.35,10.25,10.25,2913023,0
IDEA,20220309,15:03,10.30,10.30,10.25,10.25,71524,0
IDEA,20220309,15:04,10.25,10.30,10.25,10.25,76759,0
IDEA,20220309,15:05,10.30,10.30,10.25,10.30,691869,0
IDEA,20220309,15:06,10.30,10.30,10.25,10.30,72368,0
IDEA,20220309,15:07,10.30,10.30,10.25,10.30,165782,0
IDEA,20220309,15:08,10.25,10.30,10.25,10.30,175651,0
IDEA,20220309,15:09,10.30,10.30,10.25,10.30,81116,0
IDEA,20220309,15:10,10.30,10.30,10.25,10.25,151920,0
IDEA,20220309,15:11,10.25,10.30,10.25,10.25,156439,0
IDEA,20220309,15:12,10.30,10.30,10.25,10.30,273360,0
IDEA,20220309,15:13,10.25,10.30,10.25,10.25,139111,0
IDEA,20220309,15:14,10.30,10.30,10.25,10.25,244110,0
IDEA,20220309,15:15,10.25,10.30,10.25,10.30,236471,0
IDEA,20220309,15:16,10.25,10.35,10.25,10.35,9028169,0
IDEA,20220309,15:17,10.35,10.35,10.30,10.30,745834,0
IDEA,20220309,15:18,10.35,10.35,10.30,10.35,237987,0
IDEA,20220309,15:19,10.30,10.35,10.30,10.35,241193,0
IDEA,20220309,15:20,10.30,10.35,10.30,10.30,558760,0
IDEA,20220309,15:21,10.30,10.35,10.30,10.35,1708373,0
IDEA,20220309,15:22,10.30,10.35,10.25,10.30,3899730,0
IDEA,20220309,15:23,10.30,10.35,10.30,10.35,240122,0
IDEA,20220309,15:24,10.35,10.35,10.30,10.35,127378,0
IDEA,20220309,15:25,10.30,10.35,10.30,10.35,2846462,0
IDEA,20220309,15:26,10.30,10.35,10.30,10.35,449465,0
IDEA,20220309,15:27,10.35,10.35,10.30,10.30,158984,0
IDEA,20220309,15:28,10.35,10.35,10.25,10.30,3362678,0
IDEA,20220309,15:29,10.25,10.30,10.25,10.30,4214341,0
IDEA,20220309,15:30,10.25,10.30,10.25,10.25,2247022,0
IDEA,20220309,15:31,10.25,10.25,10.25,10.25,213355,0
IDEA,20220309,15:32,10.30,10.30,10.30,10.30,0,0
IDEA,20220309,15:41,10.30,10.30,10.30,10.30,50000,0
