BHARATFORG,20191220,09:08,492.00,492.00,492.00,492.00,2879,0
BHARATFORG,20191220,09:16,490.10,492.90,490.05,490.50,24751,0
BHARATFORG,20191220,09:17,490.25,491.50,490.25,491.20,11036,0
BHARATFORG,20191220,09:18,491.25,491.90,490.50,491.45,12342,0
BHARATFORG,20191220,09:19,491.45,492.45,491.25,491.95,10879,0
BHARATFORG,20191220,09:20,491.90,492.60,491.50,492.00,11724,0
BHARATFORG,20191220,09:21,491.70,492.15,491.30,492.00,16259,0
BHARATFORG,20191220,09:22,491.55,492.20,491.55,491.95,6384,0
BHARATFORG,20191220,09:23,491.95,492.35,491.75,491.95,11963,0
BHARATFORG,20191220,09:24,491.85,492.20,491.50,492.10,6656,0
BHARATFORG,20191220,09:25,492.00,492.30,491.50,491.65,11131,0
BHARATFORG,20191220,09:26,492.00,492.20,491.80,491.90,3280,0
BHARATFORG,20191220,09:27,491.50,491.75,491.50,491.50,2140,0
BHARATFORG,20191220,09:28,491.50,491.90,491.30,491.40,4946,0
BHARATFORG,20191220,09:29,491.50,491.65,491.30,491.35,4928,0
BHARATFORG,20191220,09:30,491.50,491.70,491.30,491.50,17568,0
BHARATFORG,20191220,09:31,491.50,491.55,491.30,491.35,3252,0
BHARATFORG,20191220,09:32,491.40,491.85,491.40,491.55,6494,0
BHARATFORG,20191220,09:33,491.65,491.70,491.00,491.30,6435,0
BHARATFORG,20191220,09:34,491.25,491.50,491.00,491.05,3702,0
BHARATFORG,20191220,09:35,491.35,491.50,491.05,491.45,5736,0
BHARATFORG,20191220,09:36,491.50,491.80,491.45,491.50,10827,0
BHARATFORG,20191220,09:37,491.50,491.70,491.35,491.60,9998,0
BHARATFORG,20191220,09:38,491.50,491.65,491.40,491.50,5007,0
BHARATFORG,20191220,09:39,491.45,491.45,491.00,491.35,4922,0
BHARATFORG,20191220,09:40,491.25,491.70,491.05,491.70,5797,0
BHARATFORG,20191220,09:41,491.70,491.80,491.05,491.40,5938,0
BHARATFORG,20191220,09:42,491.40,491.85,491.00,491.75,4298,0
BHARATFORG,20191220,09:43,491.75,491.75,491.60,491.75,1125,0
BHARATFORG,20191220,09:44,491.75,493.85,491.75,493.85,17114,0
BHARATFORG,20191220,09:45,493.85,495.35,493.65,495.35,14907,0
BHARATFORG,20191220,09:46,495.10,495.90,495.10,495.65,10974,0
BHARATFORG,20191220,09:47,495.40,495.40,494.00,494.35,6768,0
BHARATFORG,20191220,09:48,494.30,495.05,494.30,494.80,8301,0
BHARATFORG,20191220,09:49,494.90,495.00,494.60,494.90,4427,0
BHARATFORG,20191220,09:50,494.90,495.00,494.00,494.75,12365,0
BHARATFORG,20191220,09:51,494.60,495.00,494.40,494.75,3593,0
BHARATFORG,20191220,09:52,494.75,494.75,494.00,494.15,6899,0
BHARATFORG,20191220,09:53,494.20,494.20,492.80,492.80,12019,0
BHARATFORG,20191220,09:54,492.80,493.25,492.50,493.20,9531,0
BHARATFORG,20191220,09:55,493.15,493.25,490.45,490.90,9095,0
BHARATFORG,20191220,09:56,491.10,491.50,490.90,491.40,4155,0
BHARATFORG,20191220,09:57,491.35,491.40,491.05,491.35,2925,0
BHARATFORG,20191220,09:58,491.30,492.05,491.30,491.80,4679,0
BHARATFORG,20191220,09:59,491.80,492.00,491.55,492.00,2005,0
BHARATFORG,20191220,10:00,492.00,492.45,492.00,492.10,4767,0
BHARATFORG,20191220,10:01,492.10,492.90,492.10,492.40,8347,0
BHARATFORG,20191220,10:02,492.40,493.30,492.40,493.10,9782,0
BHARATFORG,20191220,10:03,493.25,493.40,492.75,492.75,4326,0
BHARATFORG,20191220,10:04,492.95,492.95,492.50,492.50,4336,0
BHARATFORG,20191220,10:05,492.50,492.50,492.00,492.05,1935,0
BHARATFORG,20191220,10:06,492.30,492.40,491.75,491.95,5849,0
BHARATFORG,20191220,10:07,492.00,492.00,491.15,491.40,4801,0
BHARATFORG,20191220,10:08,491.40,492.00,491.30,491.75,1257,0
BHARATFORG,20191220,10:09,491.70,492.65,491.70,492.65,4575,0
BHARATFORG,20191220,10:10,492.70,493.10,492.60,492.75,1270,0
BHARATFORG,20191220,10:11,492.50,492.50,492.00,492.00,1716,0
BHARATFORG,20191220,10:12,491.85,491.85,491.50,491.70,1467,0
BHARATFORG,20191220,10:13,491.70,491.90,491.50,491.85,1009,0
BHARATFORG,20191220,10:14,491.80,492.00,491.30,491.30,3341,0
BHARATFORG,20191220,10:15,491.30,491.30,490.10,490.70,11912,0
BHARATFORG,20191220,10:16,490.35,491.00,490.00,490.60,21862,0
BHARATFORG,20191220,10:17,490.60,490.65,490.30,490.35,4230,0
BHARATFORG,20191220,10:18,490.25,490.60,490.05,490.30,3703,0
BHARATFORG,20191220,10:19,490.30,490.30,490.00,490.15,8195,0
BHARATFORG,20191220,10:20,490.10,490.70,489.50,489.80,7207,0
BHARATFORG,20191220,10:21,489.80,489.90,489.25,489.60,9588,0
BHARATFORG,20191220,10:22,489.90,490.80,489.20,490.80,6995,0
BHARATFORG,20191220,10:23,491.00,491.30,490.45,490.50,3500,0
BHARATFORG,20191220,10:24,490.30,490.45,490.00,490.20,2805,0
BHARATFORG,20191220,10:25,490.20,490.70,490.05,490.30,3054,0
BHARATFORG,20191220,10:26,490.25,490.70,490.25,490.60,1146,0
BHARATFORG,20191220,10:27,490.65,490.70,490.10,490.10,1268,0
BHARATFORG,20191220,10:28,490.10,490.35,490.05,490.35,1701,0
BHARATFORG,20191220,10:29,490.05,490.40,490.05,490.05,1427,0
BHARATFORG,20191220,10:30,490.05,490.40,490.00,490.40,1968,0
BHARATFORG,20191220,10:31,490.40,490.50,490.30,490.50,1182,0
BHARATFORG,20191220,10:32,490.50,490.90,490.50,490.90,1852,0
BHARATFORG,20191220,10:33,490.90,490.90,490.50,490.70,397,0
BHARATFORG,20191220,10:34,490.80,490.80,490.05,490.55,2884,0
BHARATFORG,20191220,10:35,490.30,490.80,490.10,490.55,2945,0
BHARATFORG,20191220,10:36,490.65,490.90,490.30,490.85,678,0
BHARATFORG,20191220,10:37,490.70,491.00,490.65,491.00,1727,0
BHARATFORG,20191220,10:38,491.00,492.55,490.70,492.45,7243,0
BHARATFORG,20191220,10:39,492.15,492.50,492.10,492.40,2338,0
BHARATFORG,20191220,10:40,492.40,492.40,491.90,491.90,1212,0
BHARATFORG,20191220,10:41,491.90,492.00,491.45,491.95,1153,0
BHARATFORG,20191220,10:42,491.80,492.05,491.75,491.95,581,0
BHARATFORG,20191220,10:43,492.00,492.00,491.60,491.70,800,0
BHARATFORG,20191220,10:44,491.70,491.85,491.55,491.65,1044,0
BHARATFORG,20191220,10:45,491.70,492.20,491.65,491.90,2780,0
BHARATFORG,20191220,10:46,491.70,491.85,491.55,491.85,368,0
BHARATFORG,20191220,10:47,491.70,491.80,491.55,491.70,852,0
BHARATFORG,20191220,10:48,491.70,491.70,490.95,490.95,496,0
BHARATFORG,20191220,10:49,490.95,490.95,490.60,490.60,608,0
BHARATFORG,20191220,10:50,490.50,491.40,490.40,491.40,1331,0
BHARATFORG,20191220,10:51,491.55,491.60,491.00,491.55,575,0
BHARATFORG,20191220,10:52,491.55,491.55,491.05,491.15,405,0
BHARATFORG,20191220,10:53,491.00,491.65,491.00,491.45,780,0
BHARATFORG,20191220,10:54,491.70,491.70,491.25,491.25,540,0
BHARATFORG,20191220,10:55,491.25,491.50,490.90,491.40,1181,0
BHARATFORG,20191220,10:56,491.00,491.90,491.00,491.65,2174,0
BHARATFORG,20191220,10:57,491.80,491.80,491.55,491.60,418,0
BHARATFORG,20191220,10:58,491.55,491.70,491.10,491.15,549,0
BHARATFORG,20191220,10:59,490.70,490.95,490.60,490.65,1992,0
BHARATFORG,20191220,11:00,490.60,490.60,490.35,490.50,834,0
BHARATFORG,20191220,11:01,490.20,490.35,490.10,490.10,2017,0
BHARATFORG,20191220,11:02,490.15,490.45,490.10,490.45,1756,0
BHARATFORG,20191220,11:03,490.95,491.00,490.20,490.45,1873,0
BHARATFORG,20191220,11:04,490.20,490.60,490.20,490.30,1224,0
BHARATFORG,20191220,11:05,490.70,490.80,490.25,490.25,919,0
BHARATFORG,20191220,11:06,490.55,490.55,490.20,490.50,1453,0
BHARATFORG,20191220,11:07,490.50,490.50,490.25,490.25,3464,0
BHARATFORG,20191220,11:08,490.35,490.75,490.30,490.40,1132,0
BHARATFORG,20191220,11:09,490.60,490.60,490.25,490.50,294,0
BHARATFORG,20191220,11:10,490.30,490.60,490.30,490.60,1412,0
BHARATFORG,20191220,11:11,491.00,491.00,490.40,490.75,1044,0
BHARATFORG,20191220,11:12,490.75,492.00,490.75,492.00,6985,0
BHARATFORG,20191220,11:13,492.15,492.35,492.00,492.05,1240,0
BHARATFORG,20191220,11:14,492.00,492.10,491.60,491.60,1041,0
BHARATFORG,20191220,11:15,491.70,492.00,491.05,491.05,451,0
BHARATFORG,20191220,11:16,491.30,491.30,490.90,491.00,1017,0
BHARATFORG,20191220,11:17,490.90,491.10,490.80,491.10,724,0
BHARATFORG,20191220,11:18,491.10,491.10,490.50,490.70,380,0
BHARATFORG,20191220,11:19,490.55,491.10,490.50,491.00,3605,0
BHARATFORG,20191220,11:20,490.80,491.00,490.50,490.50,788,0
BHARATFORG,20191220,11:21,490.50,490.85,490.50,490.70,1314,0
BHARATFORG,20191220,11:22,490.80,490.80,490.50,490.65,718,0
BHARATFORG,20191220,11:23,490.75,491.05,490.75,490.95,1380,0
BHARATFORG,20191220,11:24,490.90,491.00,490.75,490.95,597,0
BHARATFORG,20191220,11:25,490.75,490.80,490.35,490.55,1587,0
BHARATFORG,20191220,11:26,490.45,491.30,490.25,491.25,1789,0
BHARATFORG,20191220,11:27,491.25,491.30,491.00,491.00,1030,0
BHARATFORG,20191220,11:28,491.00,491.30,491.00,491.05,1075,0
BHARATFORG,20191220,11:29,491.05,491.05,490.75,491.00,472,0
BHARATFORG,20191220,11:30,490.80,492.00,490.80,491.65,4371,0
BHARATFORG,20191220,11:31,491.65,491.85,491.45,491.85,649,0
BHARATFORG,20191220,11:32,491.85,491.85,491.35,491.70,483,0
BHARATFORG,20191220,11:33,491.70,491.75,491.05,491.05,2657,0
BHARATFORG,20191220,11:34,491.05,491.50,491.00,491.50,1045,0
BHARATFORG,20191220,11:35,491.50,491.55,490.90,490.95,2448,0
BHARATFORG,20191220,11:36,491.00,491.30,490.65,491.25,1395,0
BHARATFORG,20191220,11:37,491.00,491.25,490.85,490.85,1573,0
BHARATFORG,20191220,11:38,490.70,491.45,490.70,491.25,5264,0
BHARATFORG,20191220,11:39,491.40,491.65,491.25,491.60,1816,0
BHARATFORG,20191220,11:40,491.70,491.80,491.50,491.80,573,0
BHARATFORG,20191220,11:41,491.50,491.90,491.50,491.90,1131,0
BHARATFORG,20191220,11:42,491.90,492.50,491.75,492.40,4797,0
BHARATFORG,20191220,11:43,492.35,492.50,492.10,492.45,1351,0
BHARATFORG,20191220,11:44,492.35,492.35,492.00,492.35,3650,0
BHARATFORG,20191220,11:45,492.30,492.30,491.55,491.55,528,0
BHARATFORG,20191220,11:46,491.45,491.70,490.60,490.65,2284,0
BHARATFORG,20191220,11:47,490.70,490.80,490.50,490.65,3879,0
BHARATFORG,20191220,11:48,490.50,490.65,490.50,490.60,558,0
BHARATFORG,20191220,11:49,490.55,490.65,490.50,490.50,1274,0
BHARATFORG,20191220,11:50,490.50,490.70,490.50,490.65,1763,0
BHARATFORG,20191220,11:51,490.90,490.90,490.65,490.75,633,0
BHARATFORG,20191220,11:52,490.75,490.80,490.40,490.55,4270,0
BHARATFORG,20191220,11:53,490.60,490.80,490.20,490.80,4208,0
BHARATFORG,20191220,11:54,490.75,490.85,490.45,490.75,1118,0
BHARATFORG,20191220,11:55,490.55,490.95,490.55,490.90,440,0
BHARATFORG,20191220,11:56,490.80,490.80,490.50,490.55,553,0
BHARATFORG,20191220,11:57,490.60,490.60,490.30,490.35,580,0
BHARATFORG,20191220,11:58,490.30,490.50,490.30,490.50,1091,0
BHARATFORG,20191220,11:59,490.50,490.50,490.25,490.50,386,0
BHARATFORG,20191220,12:00,490.50,490.50,490.30,490.35,144,0
BHARATFORG,20191220,12:01,490.40,490.70,490.00,490.45,8651,0
BHARATFORG,20191220,12:02,490.45,490.55,490.00,490.20,3748,0
BHARATFORG,20191220,12:03,490.50,490.50,490.30,490.45,28,0
BHARATFORG,20191220,12:04,490.45,490.45,490.40,490.40,32,0
BHARATFORG,20191220,12:05,490.40,490.75,490.35,490.75,3332,0
BHARATFORG,20191220,12:06,490.70,491.15,490.65,491.10,1799,0
BHARATFORG,20191220,12:07,491.15,491.20,490.65,491.20,2078,0
BHARATFORG,20191220,12:08,491.20,491.45,491.20,491.40,1598,0
BHARATFORG,20191220,12:09,491.35,491.40,491.10,491.10,1813,0
BHARATFORG,20191220,12:10,491.00,491.00,490.50,490.80,3802,0
BHARATFORG,20191220,12:11,491.40,492.60,491.30,492.35,12481,0
BHARATFORG,20191220,12:12,492.35,494.15,492.05,493.95,23480,0
BHARATFORG,20191220,12:13,493.95,494.10,493.60,494.10,17821,0
BHARATFORG,20191220,12:14,494.25,496.00,494.20,494.80,29721,0
BHARATFORG,20191220,12:15,494.75,495.00,494.15,494.40,5973,0
BHARATFORG,20191220,12:16,494.30,494.70,493.75,494.35,6943,0
BHARATFORG,20191220,12:17,494.35,494.50,494.25,494.25,2228,0
BHARATFORG,20191220,12:18,494.80,495.00,494.20,494.50,8542,0
BHARATFORG,20191220,12:19,494.25,494.50,494.10,494.20,1616,0
BHARATFORG,20191220,12:20,494.10,494.15,493.90,494.15,4157,0
BHARATFORG,20191220,12:21,494.15,494.85,493.95,493.95,3957,0
BHARATFORG,20191220,12:22,494.00,494.40,493.55,493.55,1974,0
BHARATFORG,20191220,12:23,493.75,493.75,493.25,493.55,4510,0
BHARATFORG,20191220,12:24,493.25,493.70,493.10,493.70,3337,0
BHARATFORG,20191220,12:25,493.45,493.50,493.30,493.50,1740,0
BHARATFORG,20191220,12:26,493.25,493.40,493.10,493.30,484,0
BHARATFORG,20191220,12:27,493.30,493.65,493.30,493.30,2952,0
BHARATFORG,20191220,12:28,493.10,493.50,493.10,493.50,201,0
BHARATFORG,20191220,12:29,493.20,493.45,493.15,493.15,435,0
BHARATFORG,20191220,12:30,493.20,493.30,492.50,492.80,4189,0
BHARATFORG,20191220,12:31,492.65,492.75,492.10,492.50,2924,0
BHARATFORG,20191220,12:32,492.45,492.80,492.45,492.80,967,0
BHARATFORG,20191220,12:33,492.75,492.85,492.75,492.75,215,0
BHARATFORG,20191220,12:34,492.75,493.40,492.75,493.00,2370,0
BHARATFORG,20191220,12:35,492.95,493.15,492.95,493.00,1270,0
BHARATFORG,20191220,12:36,493.00,493.45,493.00,493.40,1367,0
BHARATFORG,20191220,12:37,493.60,493.60,493.40,493.60,580,0
BHARATFORG,20191220,12:38,493.50,493.60,493.20,493.20,1193,0
BHARATFORG,20191220,12:39,493.60,493.60,492.70,492.70,1950,0
BHARATFORG,20191220,12:40,492.85,492.90,492.70,492.70,887,0
BHARATFORG,20191220,12:41,492.80,493.15,492.80,492.90,1014,0
BHARATFORG,20191220,12:42,493.05,493.05,492.60,492.95,458,0
BHARATFORG,20191220,12:43,492.85,492.85,492.50,492.50,444,0
BHARATFORG,20191220,12:44,492.85,493.70,492.65,492.65,3039,0
BHARATFORG,20191220,12:45,492.85,493.00,492.85,493.00,200,0
BHARATFORG,20191220,12:46,493.00,493.00,492.85,493.00,250,0
BHARATFORG,20191220,12:47,492.95,493.20,492.85,492.85,353,0
BHARATFORG,20191220,12:48,492.90,493.05,492.80,493.00,2166,0
BHARATFORG,20191220,12:49,493.25,493.25,492.80,492.80,19,0
BHARATFORG,20191220,12:50,492.65,493.10,492.60,493.10,2281,0
BHARATFORG,20191220,12:51,492.80,493.35,492.75,493.00,1827,0
BHARATFORG,20191220,12:52,493.05,493.05,492.70,493.00,395,0
BHARATFORG,20191220,12:53,493.00,493.05,493.00,493.00,2632,0
BHARATFORG,20191220,12:54,493.00,493.00,492.75,492.75,709,0
BHARATFORG,20191220,12:55,492.90,492.90,492.60,492.60,857,0
BHARATFORG,20191220,12:56,492.60,492.80,492.60,492.80,2278,0
BHARATFORG,20191220,12:57,492.55,492.85,492.55,492.80,1401,0
BHARATFORG,20191220,12:58,492.75,492.80,492.75,492.80,56,0
BHARATFORG,20191220,12:59,492.80,493.25,492.80,493.00,2859,0
BHARATFORG,20191220,13:00,493.10,493.25,492.80,493.00,705,0
BHARATFORG,20191220,13:01,493.15,493.25,492.60,492.60,464,0
BHARATFORG,20191220,13:02,492.90,493.30,492.90,493.30,837,0
BHARATFORG,20191220,13:03,493.05,493.25,493.05,493.20,167,0
BHARATFORG,20191220,13:04,492.90,493.00,492.80,492.80,528,0
BHARATFORG,20191220,13:05,492.80,492.80,492.75,492.80,116,0
BHARATFORG,20191220,13:06,492.80,493.80,492.60,493.60,15150,0
BHARATFORG,20191220,13:07,493.60,494.10,493.60,494.10,2382,0
BHARATFORG,20191220,13:08,494.00,494.00,493.65,493.80,1829,0
BHARATFORG,20191220,13:09,493.55,493.80,493.55,493.80,119,0
BHARATFORG,20191220,13:10,493.70,493.80,493.55,493.70,1655,0
BHARATFORG,20191220,13:11,493.70,493.70,493.50,493.60,1101,0
BHARATFORG,20191220,13:12,493.20,493.75,493.20,493.55,2598,0
BHARATFORG,20191220,13:13,493.55,493.55,493.20,493.40,446,0
BHARATFORG,20191220,13:14,493.35,493.35,493.00,493.00,168,0
BHARATFORG,20191220,13:15,492.70,493.15,492.70,492.95,2551,0
BHARATFORG,20191220,13:16,492.70,492.95,492.10,492.45,3571,0
BHARATFORG,20191220,13:17,492.30,492.60,492.20,492.50,1474,0
BHARATFORG,20191220,13:18,492.50,493.55,492.50,493.55,1223,0
BHARATFORG,20191220,13:19,493.55,493.80,493.05,493.35,408,0
BHARATFORG,20191220,13:20,493.30,493.30,492.90,492.90,9,0
BHARATFORG,20191220,13:21,492.95,493.05,492.65,492.65,244,0
BHARATFORG,20191220,13:22,492.60,492.60,492.20,492.20,645,0
BHARATFORG,20191220,13:23,492.20,492.25,491.45,491.70,7272,0
BHARATFORG,20191220,13:24,491.65,492.45,491.60,492.45,166,0
BHARATFORG,20191220,13:25,492.30,492.65,492.30,492.60,346,0
BHARATFORG,20191220,13:26,492.35,492.55,492.05,492.10,787,0
BHARATFORG,20191220,13:27,492.15,492.40,491.60,491.95,1223,0
BHARATFORG,20191220,13:28,491.95,492.30,491.95,491.95,2479,0
BHARATFORG,20191220,13:29,492.05,492.15,492.00,492.10,2095,0
BHARATFORG,20191220,13:30,492.00,492.15,492.00,492.15,233,0
BHARATFORG,20191220,13:31,492.10,492.15,491.55,491.75,537,0
BHARATFORG,20191220,13:32,491.50,491.65,491.50,491.65,308,0
BHARATFORG,20191220,13:33,491.65,491.65,491.00,491.00,6152,0
BHARATFORG,20191220,13:34,491.25,491.60,491.00,491.30,406,0
BHARATFORG,20191220,13:35,491.10,491.30,491.00,491.30,1607,0
BHARATFORG,20191220,13:36,491.30,491.45,491.05,491.45,2029,0
BHARATFORG,20191220,13:37,491.45,491.50,491.30,491.45,881,0
BHARATFORG,20191220,13:38,491.50,491.95,491.25,491.95,1153,0
BHARATFORG,20191220,13:39,491.95,492.50,491.95,492.50,2945,0
BHARATFORG,20191220,13:40,492.50,492.75,492.35,492.70,659,0
BHARATFORG,20191220,13:41,492.40,492.55,491.70,492.00,529,0
BHARATFORG,20191220,13:42,491.95,491.95,491.50,491.95,705,0
BHARATFORG,20191220,13:43,491.95,491.95,491.55,491.85,232,0
BHARATFORG,20191220,13:44,491.75,492.80,491.25,492.80,3762,0
BHARATFORG,20191220,13:45,492.75,492.75,492.20,492.40,415,0
BHARATFORG,20191220,13:46,492.15,492.15,491.85,492.15,149,0
BHARATFORG,20191220,13:47,491.65,492.10,491.65,492.10,261,0
BHARATFORG,20191220,13:48,492.10,492.30,491.95,492.20,309,0
BHARATFORG,20191220,13:49,492.20,492.20,492.00,492.00,30,0
BHARATFORG,20191220,13:50,492.00,492.00,491.75,492.00,136,0
BHARATFORG,20191220,13:51,492.00,492.00,491.50,491.50,559,0
BHARATFORG,20191220,13:52,491.75,491.75,491.40,491.70,861,0
BHARATFORG,20191220,13:53,491.70,491.70,491.35,491.60,845,0
BHARATFORG,20191220,13:54,491.60,492.20,491.60,491.75,3258,0
BHARATFORG,20191220,13:55,492.10,492.10,491.30,491.55,1850,0
BHARATFORG,20191220,13:56,491.55,491.85,491.05,491.60,14122,0
BHARATFORG,20191220,13:57,491.75,492.35,491.25,492.35,8789,0
BHARATFORG,20191220,13:58,492.35,492.35,492.05,492.30,4874,0
BHARATFORG,20191220,13:59,492.30,492.50,492.30,492.50,1559,0
BHARATFORG,20191220,14:00,492.50,492.50,492.10,492.10,878,0
BHARATFORG,20191220,14:01,492.50,493.00,492.35,492.90,2576,0
BHARATFORG,20191220,14:02,492.80,493.00,492.70,492.95,887,0
BHARATFORG,20191220,14:03,493.00,493.00,492.55,492.55,1843,0
BHARATFORG,20191220,14:04,492.80,492.80,492.25,492.25,798,0
BHARATFORG,20191220,14:05,492.60,492.60,492.25,492.55,355,0
BHARATFORG,20191220,14:06,492.55,492.55,492.05,492.35,336,0
BHARATFORG,20191220,14:07,492.35,492.45,492.10,492.35,1231,0
BHARATFORG,20191220,14:08,492.30,492.30,492.00,492.00,909,0
BHARATFORG,20191220,14:09,492.00,492.80,492.00,492.30,3467,0
BHARATFORG,20191220,14:10,492.40,492.95,492.40,492.70,297,0
BHARATFORG,20191220,14:11,492.70,492.90,492.40,492.75,773,0
BHARATFORG,20191220,14:12,492.75,493.00,492.75,492.75,5097,0
BHARATFORG,20191220,14:13,492.75,492.90,492.30,492.30,883,0
BHARATFORG,20191220,14:14,492.50,492.85,492.45,492.80,1297,0
BHARATFORG,20191220,14:15,492.80,492.95,492.80,492.95,781,0
BHARATFORG,20191220,14:16,492.50,493.00,492.50,492.55,1802,0
BHARATFORG,20191220,14:17,492.85,492.85,492.45,492.45,453,0
BHARATFORG,20191220,14:18,492.75,492.75,492.70,492.70,189,0
BHARATFORG,20191220,14:19,492.65,492.65,492.40,492.60,282,0
BHARATFORG,20191220,14:20,492.60,492.60,492.35,492.35,1196,0
BHARATFORG,20191220,14:21,492.30,492.30,492.05,492.10,555,0
BHARATFORG,20191220,14:22,492.10,492.10,492.05,492.10,482,0
BHARATFORG,20191220,14:23,492.10,492.10,492.00,492.10,2642,0
BHARATFORG,20191220,14:24,492.15,492.15,492.00,492.05,2788,0
BHARATFORG,20191220,14:25,492.10,492.15,492.00,492.00,323,0
BHARATFORG,20191220,14:26,492.15,492.85,492.00,492.85,3871,0
BHARATFORG,20191220,14:27,492.90,493.00,492.50,493.00,4027,0
BHARATFORG,20191220,14:28,493.10,493.25,492.70,492.75,338,0
BHARATFORG,20191220,14:29,493.00,493.00,492.20,492.30,1323,0
BHARATFORG,20191220,14:30,492.50,493.00,492.30,493.00,2588,0
BHARATFORG,20191220,14:31,493.00,493.25,492.65,492.75,530,0
BHARATFORG,20191220,14:32,492.95,493.00,492.60,492.65,1720,0
BHARATFORG,20191220,14:33,492.65,492.85,492.50,492.50,202,0
BHARATFORG,20191220,14:34,492.75,492.75,492.20,492.25,1385,0
BHARATFORG,20191220,14:35,492.15,492.15,491.80,491.80,4053,0
BHARATFORG,20191220,14:36,492.00,492.00,491.50,491.65,2622,0
BHARATFORG,20191220,14:37,491.65,491.70,491.35,491.45,1457,0
BHARATFORG,20191220,14:38,491.45,491.80,491.45,491.70,1498,0
BHARATFORG,20191220,14:39,491.65,491.70,491.45,491.50,694,0
BHARATFORG,20191220,14:40,491.65,491.90,491.55,491.80,1672,0
BHARATFORG,20191220,14:41,491.85,491.85,491.50,491.55,1411,0
BHARATFORG,20191220,14:42,491.65,491.75,491.50,491.65,1942,0
BHARATFORG,20191220,14:43,491.85,492.20,491.80,491.80,402,0
BHARATFORG,20191220,14:44,492.15,492.50,491.80,492.50,1886,0
BHARATFORG,20191220,14:45,492.20,492.70,492.20,492.30,1346,0
BHARATFORG,20191220,14:46,492.50,492.75,492.30,492.65,520,0
BHARATFORG,20191220,14:47,492.60,493.00,492.60,493.00,2143,0
BHARATFORG,20191220,14:48,492.95,493.10,492.50,492.50,850,0
BHARATFORG,20191220,14:49,492.65,493.00,492.50,492.65,2265,0
BHARATFORG,20191220,14:50,492.95,492.95,492.60,492.60,1157,0
BHARATFORG,20191220,14:51,492.60,492.95,492.60,492.85,2181,0
BHARATFORG,20191220,14:52,492.85,492.85,492.60,492.60,594,0
BHARATFORG,20191220,14:53,492.75,492.75,492.10,492.10,1206,0
BHARATFORG,20191220,14:54,492.45,492.85,492.45,492.55,1812,0
BHARATFORG,20191220,14:55,492.50,492.65,492.20,492.20,453,0
BHARATFORG,20191220,14:56,492.10,492.85,492.05,492.35,2742,0
BHARATFORG,20191220,14:57,492.30,493.45,492.30,493.45,10448,0
BHARATFORG,20191220,14:58,493.45,493.45,493.10,493.35,3736,0
BHARATFORG,20191220,14:59,493.35,493.70,493.00,493.45,4861,0
BHARATFORG,20191220,15:00,493.50,493.65,493.00,493.10,2998,0
BHARATFORG,20191220,15:01,493.20,493.50,493.15,493.50,4136,0
BHARATFORG,20191220,15:02,493.50,493.90,493.45,493.75,7459,0
BHARATFORG,20191220,15:03,493.75,493.90,493.75,493.80,6820,0
BHARATFORG,20191220,15:04,493.90,493.90,492.35,492.50,11217,0
BHARATFORG,20191220,15:05,492.50,492.50,491.50,491.50,18561,0
BHARATFORG,20191220,15:06,491.55,491.65,491.35,491.60,11905,0
BHARATFORG,20191220,15:07,491.60,492.80,491.35,492.80,22893,0
BHARATFORG,20191220,15:08,492.75,493.00,492.50,492.80,4835,0
BHARATFORG,20191220,15:09,492.80,492.85,492.25,492.30,6767,0
BHARATFORG,20191220,15:10,492.25,492.25,491.65,491.75,12070,0
BHARATFORG,20191220,15:11,491.90,492.00,491.60,491.95,33035,0
BHARATFORG,20191220,15:12,492.15,492.70,492.05,492.20,8570,0
BHARATFORG,20191220,15:13,492.45,492.80,492.15,492.25,4428,0
BHARATFORG,20191220,15:14,492.25,492.25,492.15,492.15,4322,0
BHARATFORG,20191220,15:15,492.15,492.20,492.00,492.00,12596,0
BHARATFORG,20191220,15:16,492.00,492.20,492.00,492.05,15717,0
BHARATFORG,20191220,15:17,492.05,492.25,492.00,492.25,16467,0
BHARATFORG,20191220,15:18,492.20,492.85,492.20,492.80,10541,0
BHARATFORG,20191220,15:19,492.75,492.75,492.05,492.15,10483,0
BHARATFORG,20191220,15:20,492.15,492.20,492.10,492.20,12494,0
BHARATFORG,20191220,15:21,492.10,492.20,492.00,492.15,15409,0
BHARATFORG,20191220,15:22,492.20,492.20,492.00,492.00,9903,0
BHARATFORG,20191220,15:23,492.05,492.05,492.00,492.05,13408,0
BHARATFORG,20191220,15:24,492.05,492.25,492.00,492.20,21106,0
BHARATFORG,20191220,15:25,492.20,492.25,492.10,492.20,6966,0
BHARATFORG,20191220,15:26,492.20,492.25,492.05,492.10,3555,0
BHARATFORG,20191220,15:27,492.10,492.10,492.00,492.05,9810,0
BHARATFORG,20191220,15:28,492.05,492.10,492.00,492.05,20434,0
BHARATFORG,20191220,15:29,492.00,492.25,492.00,492.25,6243,0
BHARATFORG,20191220,15:30,492.15,492.95,492.00,492.95,3299,0
BHARATFORG,20191220,15:33,492.15,492.15,492.15,492.15,0,0
BHARATFORG,20191220,15:41,492.15,492.15,492.15,492.15,1,0
BHARATFORG,20191220,16:39,492.15,492.15,492.15,492.15,0,0
