ZINC_F2,20220630,09:01,299.55,299.55,298.50,298.85,17,1592
ZINC_F2,20220630,09:02,299.00,299.00,298.40,298.40,17,1595
ZINC_F2,20220630,09:03,298.40,298.45,298.30,298.35,11,1606
ZINC_F2,20220630,09:04,298.45,298.45,298.30,298.45,9,1610
ZINC_F2,20220630,09:05,298.55,298.70,298.45,298.55,4,1618
ZINC_F2,20220630,09:06,298.35,298.50,298.30,298.50,5,1623
ZINC_F2,20220630,09:07,298.35,298.35,298.30,298.30,3,1625
ZINC_F2,20220630,09:08,298.40,298.40,298.30,298.35,7,1628
ZINC_F2,20220630,09:09,298.30,298.35,298.30,298.35,2,1627
ZINC_F2,20220630,09:10,298.25,298.35,298.25,298.35,4,1624
ZINC_F2,20220630,09:11,298.25,298.25,298.20,298.25,4,1624
ZINC_F2,20220630,09:13,298.20,298.20,297.80,297.80,11,1629
ZINC_F2,20220630,09:14,297.80,297.85,297.70,297.85,4,1628
ZINC_F2,20220630,09:15,297.80,297.85,297.70,297.80,9,1630
ZINC_F2,20220630,09:16,297.70,297.70,297.20,297.50,7,1631
ZINC_F2,20220630,09:17,297.35,297.45,297.30,297.30,5,1631
ZINC_F2,20220630,09:18,297.40,297.40,297.10,297.35,11,1627
ZINC_F2,20220630,09:19,297.35,297.35,297.35,297.35,4,1628
ZINC_F2,20220630,09:20,297.40,297.40,297.25,297.25,2,1631
ZINC_F2,20220630,09:21,297.40,297.40,297.20,297.20,20,1645
ZINC_F2,20220630,09:22,297.20,297.25,297.15,297.25,5,1645
ZINC_F2,20220630,09:23,297.35,297.55,297.35,297.45,9,1649
ZINC_F2,20220630,09:24,297.40,297.50,297.40,297.50,4,1650
ZINC_F2,20220630,09:25,297.50,297.55,297.50,297.50,9,1651
ZINC_F2,20220630,09:26,297.55,297.60,297.45,297.55,8,1659
ZINC_F2,20220630,09:27,297.45,297.45,297.40,297.40,5,1662
ZINC_F2,20220630,09:28,297.35,297.55,297.35,297.55,3,1662
ZINC_F2,20220630,09:29,297.50,297.50,297.45,297.50,8,1664
ZINC_F2,20220630,09:30,297.45,297.45,297.45,297.45,1,1665
ZINC_F2,20220630,09:31,297.50,297.75,297.40,297.55,10,1676
ZINC_F2,20220630,09:32,297.65,297.75,297.65,297.75,3,1677
ZINC_F2,20220630,09:33,297.80,297.80,297.80,297.80,1,1676
ZINC_F2,20220630,09:34,297.80,297.80,297.65,297.65,6,1680
ZINC_F2,20220630,09:35,297.70,297.70,297.70,297.70,1,1681
ZINC_F2,20220630,09:36,297.70,297.80,297.65,297.65,7,1684
ZINC_F2,20220630,09:37,297.60,297.70,297.60,297.65,3,1686
ZINC_F2,20220630,09:38,297.65,297.65,297.65,297.65,3,1683
ZINC_F2,20220630,09:39,297.65,297.65,297.65,297.65,1,1683
ZINC_F2,20220630,09:40,297.70,297.75,297.70,297.75,3,1682
ZINC_F2,20220630,09:41,297.75,297.75,297.75,297.75,2,1682
ZINC_F2,20220630,09:42,297.70,297.70,297.70,297.70,1,1683
ZINC_F2,20220630,09:43,297.80,297.80,297.80,297.80,1,1684
ZINC_F2,20220630,09:45,297.80,297.80,297.80,297.80,1,1685
ZINC_F2,20220630,09:47,297.80,297.80,297.75,297.75,2,1685
ZINC_F2,20220630,09:48,297.85,297.85,297.80,297.80,3,1685
ZINC_F2,20220630,09:50,297.90,297.90,297.80,297.90,3,1687
ZINC_F2,20220630,09:55,297.90,297.90,297.85,297.85,2,1685
ZINC_F2,20220630,09:57,297.80,297.80,297.80,297.80,1,1687
ZINC_F2,20220630,09:58,297.80,297.80,297.80,297.80,2,1688
ZINC_F2,20220630,10:00,297.80,297.80,297.80,297.80,1,1689
ZINC_F2,20220630,10:01,297.85,297.85,297.50,297.50,7,1692
ZINC_F2,20220630,10:02,297.55,297.70,297.55,297.70,2,1692
ZINC_F2,20220630,10:03,297.55,297.55,297.55,297.55,2,1689
ZINC_F2,20220630,10:04,297.55,297.65,297.50,297.50,4,1690
ZINC_F2,20220630,10:05,297.50,297.50,297.45,297.45,10,1690
ZINC_F2,20220630,10:06,297.45,297.45,297.45,297.45,2,1691
ZINC_F2,20220630,10:07,297.45,297.45,297.45,297.45,1,1691
ZINC_F2,20220630,10:08,297.50,297.50,297.50,297.50,1,1693
ZINC_F2,20220630,10:09,297.55,297.55,297.55,297.55,2,1691
ZINC_F2,20220630,10:10,297.45,297.45,297.45,297.45,1,1697
ZINC_F2,20220630,10:11,297.45,297.45,297.45,297.45,1,1696
ZINC_F2,20220630,10:12,297.45,297.45,297.45,297.45,1,1696
ZINC_F2,20220630,10:13,297.45,297.45,297.45,297.45,7,1696
ZINC_F2,20220630,10:14,297.45,297.50,297.45,297.50,3,1697
ZINC_F2,20220630,10:15,297.50,297.50,297.50,297.50,2,1700
ZINC_F2,20220630,10:16,297.55,297.55,297.50,297.50,2,1701
ZINC_F2,20220630,10:17,297.40,297.40,297.20,297.20,12,1704
ZINC_F2,20220630,10:18,297.15,297.15,296.90,297.10,7,1710
ZINC_F2,20220630,10:19,297.25,297.25,297.25,297.25,1,1711
ZINC_F2,20220630,10:20,297.10,297.10,296.85,297.10,7,1714
ZINC_F2,20220630,10:21,297.00,297.05,297.00,297.05,3,1714
ZINC_F2,20220630,10:22,297.05,297.20,297.05,297.20,2,1715
ZINC_F2,20220630,10:23,297.20,297.20,297.20,297.20,1,1716
ZINC_F2,20220630,10:24,297.25,297.25,297.15,297.15,2,1719
ZINC_F2,20220630,10:25,297.20,297.20,297.20,297.20,1,1720
ZINC_F2,20220630,10:28,297.10,297.10,297.10,297.10,1,1721
ZINC_F2,20220630,10:30,297.15,297.15,297.15,297.15,1,1721
ZINC_F2,20220630,10:31,297.15,297.15,297.15,297.15,1,1722
ZINC_F2,20220630,10:32,297.15,297.15,297.15,297.15,2,1723
ZINC_F2,20220630,10:33,297.15,297.15,297.10,297.10,2,1720
ZINC_F2,20220630,10:36,297.15,297.15,297.00,297.00,2,1721
ZINC_F2,20220630,10:37,297.15,297.15,297.15,297.15,1,1722
ZINC_F2,20220630,10:39,297.10,297.30,297.10,297.30,3,1722
ZINC_F2,20220630,10:40,297.30,297.40,297.30,297.40,3,1722
ZINC_F2,20220630,10:41,297.30,297.30,297.10,297.10,2,1723
ZINC_F2,20220630,10:42,297.30,297.30,297.30,297.30,1,1723
ZINC_F2,20220630,10:43,297.25,297.30,297.25,297.30,3,1724
ZINC_F2,20220630,10:44,297.30,297.30,297.30,297.30,1,1725
ZINC_F2,20220630,10:45,297.35,297.35,297.35,297.35,1,1726
ZINC_F2,20220630,10:46,297.45,297.50,297.45,297.50,2,1727
ZINC_F2,20220630,10:47,297.50,297.50,297.35,297.35,5,1726
ZINC_F2,20220630,10:48,297.35,297.60,297.35,297.60,8,1728
ZINC_F2,20220630,10:49,297.60,297.65,297.55,297.55,7,1729
ZINC_F2,20220630,10:51,297.50,297.60,297.50,297.60,2,1726
ZINC_F2,20220630,10:52,297.45,297.45,297.45,297.45,1,1727
ZINC_F2,20220630,10:53,297.45,297.45,297.45,297.45,2,1728
ZINC_F2,20220630,10:54,297.45,297.60,297.45,297.60,6,1734
ZINC_F2,20220630,10:55,297.60,297.80,297.60,297.75,19,1762
ZINC_F2,20220630,10:56,297.80,298.20,297.70,298.00,30,1705
ZINC_F2,20220630,10:57,297.90,298.00,297.85,298.00,8,1702
ZINC_F2,20220630,10:58,298.05,298.20,298.05,298.10,11,1711
ZINC_F2,20220630,10:59,298.00,298.10,298.00,298.10,20,1693
ZINC_F2,20220630,11:00,298.00,298.15,298.00,298.15,2,1691
ZINC_F2,20220630,11:01,298.00,298.05,298.00,298.00,5,1692
ZINC_F2,20220630,11:02,298.10,298.10,297.60,297.60,14,1694
ZINC_F2,20220630,11:03,297.60,297.60,297.25,297.25,3,1694
ZINC_F2,20220630,11:04,297.25,297.35,297.25,297.35,2,1693
ZINC_F2,20220630,11:05,297.45,297.45,297.05,297.05,4,1699
ZINC_F2,20220630,11:06,297.25,297.45,297.25,297.45,3,1701
ZINC_F2,20220630,11:07,297.45,297.65,297.45,297.65,3,1703
ZINC_F2,20220630,11:08,297.60,297.60,297.55,297.55,3,1707
ZINC_F2,20220630,11:09,297.55,297.55,297.55,297.55,2,1708
ZINC_F2,20220630,11:10,297.70,297.95,297.70,297.95,3,1706
ZINC_F2,20220630,11:11,297.85,298.30,297.80,298.20,12,1708
ZINC_F2,20220630,11:12,298.10,298.20,298.00,298.00,4,1709
ZINC_F2,20220630,11:13,297.85,297.85,297.85,297.85,3,1709
ZINC_F2,20220630,11:14,298.05,298.05,298.05,298.05,1,1709
ZINC_F2,20220630,11:15,298.10,298.20,298.10,298.15,3,1712
ZINC_F2,20220630,11:16,298.10,298.50,298.10,298.45,8,1713
ZINC_F2,20220630,11:17,298.50,298.55,298.50,298.55,6,1713
ZINC_F2,20220630,11:18,298.45,298.45,298.40,298.40,2,1713
ZINC_F2,20220630,11:19,298.35,298.35,298.15,298.15,3,1715
ZINC_F2,20220630,11:20,298.15,298.15,298.00,298.00,2,1716
ZINC_F2,20220630,11:21,298.20,298.25,298.00,298.25,8,1717
ZINC_F2,20220630,11:22,298.30,298.50,298.30,298.50,10,1719
ZINC_F2,20220630,11:23,298.70,298.70,298.55,298.60,9,1719
ZINC_F2,20220630,11:24,298.60,298.60,298.50,298.50,2,1719
ZINC_F2,20220630,11:25,298.50,298.50,298.45,298.45,2,1720
ZINC_F2,20220630,11:26,298.30,298.30,298.30,298.30,1,1720
ZINC_F2,20220630,11:27,298.40,298.40,298.40,298.40,1,1721
ZINC_F2,20220630,11:28,298.30,298.35,298.30,298.35,2,1720
ZINC_F2,20220630,11:29,298.30,298.30,297.85,297.85,7,1716
ZINC_F2,20220630,11:30,297.70,297.75,297.55,297.55,9,1716
ZINC_F2,20220630,11:31,297.75,297.95,297.75,297.95,3,1717
ZINC_F2,20220630,11:32,297.80,297.95,297.80,297.95,6,1717
ZINC_F2,20220630,11:33,297.95,298.00,297.95,298.00,4,1717
ZINC_F2,20220630,11:34,298.00,298.25,298.00,298.05,3,1717
ZINC_F2,20220630,11:35,298.35,298.35,298.20,298.20,3,1717
ZINC_F2,20220630,11:36,298.05,298.05,297.90,297.90,3,1715
ZINC_F2,20220630,11:37,298.10,298.30,298.10,298.30,2,1716
ZINC_F2,20220630,11:38,298.20,298.40,298.20,298.40,3,1716
ZINC_F2,20220630,11:39,298.40,298.40,298.40,298.40,1,1716
ZINC_F2,20220630,11:40,298.20,298.45,298.20,298.35,10,1716
ZINC_F2,20220630,11:41,298.20,298.20,298.20,298.20,4,1721
ZINC_F2,20220630,11:42,298.35,298.50,298.30,298.50,6,1725
ZINC_F2,20220630,11:43,298.50,298.60,298.45,298.45,7,1728
ZINC_F2,20220630,11:44,298.50,298.65,298.50,298.65,6,1731
ZINC_F2,20220630,11:45,298.65,298.70,298.50,298.70,7,1734
ZINC_F2,20220630,11:46,298.70,298.75,298.70,298.70,6,1737
ZINC_F2,20220630,11:47,298.60,298.90,298.50,298.75,11,1722
ZINC_F2,20220630,11:48,298.90,298.95,298.90,298.95,3,1718
ZINC_F2,20220630,11:49,298.95,298.95,298.90,298.95,7,1714
ZINC_F2,20220630,11:50,298.90,298.90,298.80,298.80,6,1711
ZINC_F2,20220630,11:51,298.80,298.90,298.70,298.90,11,1704
ZINC_F2,20220630,11:52,298.75,298.75,298.40,298.40,9,1705
ZINC_F2,20220630,11:53,298.50,298.55,298.50,298.55,2,1707
ZINC_F2,20220630,11:54,298.50,298.85,298.50,298.85,5,1708
ZINC_F2,20220630,11:55,298.85,298.85,298.85,298.85,1,1708
ZINC_F2,20220630,11:56,298.75,298.75,298.60,298.70,5,1709
ZINC_F2,20220630,11:57,298.70,298.70,298.70,298.70,1,1709
ZINC_F2,20220630,11:58,298.70,298.70,298.55,298.55,4,1710
ZINC_F2,20220630,11:59,298.50,298.50,298.50,298.50,1,1710
ZINC_F2,20220630,12:00,298.45,298.45,298.40,298.40,4,1712
ZINC_F2,20220630,12:01,298.30,298.35,298.05,298.05,8,1710
ZINC_F2,20220630,12:02,298.25,298.25,298.20,298.20,3,1707
ZINC_F2,20220630,12:03,298.05,298.05,298.00,298.00,4,1710
ZINC_F2,20220630,12:04,298.00,298.20,297.95,298.20,9,1716
ZINC_F2,20220630,12:05,298.20,298.20,298.05,298.05,4,1719
ZINC_F2,20220630,12:06,298.05,298.05,297.85,298.00,4,1719
ZINC_F2,20220630,12:07,298.00,298.00,297.90,297.90,2,1717
ZINC_F2,20220630,12:08,297.80,297.85,297.75,297.80,9,1724
ZINC_F2,20220630,12:09,297.80,297.80,297.75,297.75,2,1723
ZINC_F2,20220630,12:10,297.70,297.95,297.70,297.95,2,1723
ZINC_F2,20220630,12:11,298.00,298.00,298.00,298.00,2,1722
ZINC_F2,20220630,12:12,298.10,298.10,298.00,298.00,4,1721
ZINC_F2,20220630,12:13,297.80,297.80,297.80,297.80,1,1721
ZINC_F2,20220630,12:14,297.80,297.80,297.70,297.70,2,1719
ZINC_F2,20220630,12:15,297.75,297.75,297.75,297.75,2,1724
ZINC_F2,20220630,12:16,297.75,297.85,297.75,297.85,3,1724
ZINC_F2,20220630,12:17,297.90,298.15,297.75,298.15,5,1725
ZINC_F2,20220630,12:18,298.10,298.35,298.10,298.30,7,1725
ZINC_F2,20220630,12:19,298.20,298.30,298.05,298.30,4,1725
ZINC_F2,20220630,12:21,298.15,298.15,298.10,298.10,3,1722
ZINC_F2,20220630,12:22,298.05,298.05,298.00,298.00,2,1725
ZINC_F2,20220630,12:23,297.90,297.90,297.75,297.85,5,1727
ZINC_F2,20220630,12:24,297.80,297.80,297.80,297.80,1,1728
ZINC_F2,20220630,12:25,297.65,297.65,297.55,297.65,10,1723
ZINC_F2,20220630,12:26,297.60,297.75,297.60,297.75,3,1722
ZINC_F2,20220630,12:27,297.95,297.95,297.95,297.95,1,1723
ZINC_F2,20220630,12:28,297.70,297.70,297.70,297.70,1,1723
ZINC_F2,20220630,12:29,297.70,297.70,297.60,297.60,2,1725
ZINC_F2,20220630,12:30,297.55,297.70,297.55,297.70,2,1726
ZINC_F2,20220630,12:31,297.80,297.80,297.30,297.30,9,1724
ZINC_F2,20220630,12:32,297.40,297.50,297.40,297.50,3,1724
ZINC_F2,20220630,12:33,297.30,297.30,297.30,297.30,1,1724
ZINC_F2,20220630,12:34,297.30,297.35,297.05,297.15,9,1724
ZINC_F2,20220630,12:35,297.15,297.35,297.15,297.35,3,1724
ZINC_F2,20220630,12:36,297.10,297.20,297.10,297.20,3,1724
ZINC_F2,20220630,12:37,297.10,297.15,297.10,297.15,3,1724
ZINC_F2,20220630,12:38,297.15,297.20,297.15,297.20,4,1723
ZINC_F2,20220630,12:39,297.10,297.10,297.00,297.00,5,1724
ZINC_F2,20220630,12:40,297.20,297.20,297.00,297.10,4,1726
ZINC_F2,20220630,12:41,297.00,297.00,296.90,296.90,3,1728
ZINC_F2,20220630,12:42,296.40,296.45,296.10,296.40,17,1723
ZINC_F2,20220630,12:43,296.35,296.55,296.35,296.50,7,1723
ZINC_F2,20220630,12:44,296.45,296.50,296.45,296.45,3,1726
ZINC_F2,20220630,12:45,296.45,296.45,296.45,296.45,1,1726
ZINC_F2,20220630,12:46,296.55,296.60,296.50,296.50,5,1727
ZINC_F2,20220630,12:47,296.50,296.55,296.45,296.50,5,1732
ZINC_F2,20220630,12:48,296.50,296.50,296.50,296.50,1,1733
ZINC_F2,20220630,12:49,296.50,296.50,296.40,296.40,4,1735
ZINC_F2,20220630,12:50,296.40,296.40,295.90,295.90,13,1730
ZINC_F2,20220630,12:51,296.00,296.00,295.80,295.95,8,1735
ZINC_F2,20220630,12:52,296.00,296.00,295.55,295.60,11,1736
ZINC_F2,20220630,12:53,295.65,295.65,295.00,295.25,13,1741
ZINC_F2,20220630,12:54,295.45,295.60,295.35,295.55,6,1743
ZINC_F2,20220630,12:55,295.60,295.80,295.60,295.80,4,1745
ZINC_F2,20220630,12:56,295.90,295.95,295.65,295.65,7,1744
ZINC_F2,20220630,12:58,295.70,296.00,295.70,295.85,8,1749
ZINC_F2,20220630,12:59,295.75,295.90,295.65,295.75,5,1749
ZINC_F2,20220630,13:00,295.85,295.85,295.60,295.60,2,1749
ZINC_F2,20220630,13:01,295.60,295.60,295.25,295.25,10,1768
ZINC_F2,20220630,13:02,295.35,295.35,295.15,295.15,13,1772
ZINC_F2,20220630,13:03,295.05,295.40,295.00,295.40,5,1773
ZINC_F2,20220630,13:04,295.25,295.35,295.15,295.35,3,1771
ZINC_F2,20220630,13:05,295.50,295.80,295.50,295.80,7,1769
ZINC_F2,20220630,13:06,295.75,296.20,295.75,296.20,13,1763
ZINC_F2,20220630,13:07,296.05,296.05,295.85,295.95,7,1756
ZINC_F2,20220630,13:08,295.85,295.90,295.70,295.90,5,1757
ZINC_F2,20220630,13:09,295.95,296.00,295.95,296.00,4,1756
ZINC_F2,20220630,13:10,295.95,295.95,295.95,295.95,1,1755
ZINC_F2,20220630,13:11,296.00,296.00,296.00,296.00,1,1756
ZINC_F2,20220630,13:12,295.95,295.95,295.95,295.95,1,1756
ZINC_F2,20220630,13:13,295.75,295.85,295.70,295.70,4,1754
ZINC_F2,20220630,13:14,295.75,295.75,295.65,295.65,2,1754
ZINC_F2,20220630,13:15,295.85,295.85,295.60,295.60,2,1755
ZINC_F2,20220630,13:16,295.60,295.60,295.50,295.50,2,1759
ZINC_F2,20220630,13:17,295.45,295.45,295.30,295.35,5,1756
ZINC_F2,20220630,13:18,295.35,295.50,295.35,295.50,6,1756
ZINC_F2,20220630,13:19,295.50,295.55,295.50,295.55,7,1759
ZINC_F2,20220630,13:20,295.70,295.85,295.70,295.85,3,1761
ZINC_F2,20220630,13:21,295.85,296.00,295.85,296.00,5,1761
ZINC_F2,20220630,13:22,296.20,296.40,296.20,296.30,4,1760
ZINC_F2,20220630,13:23,296.10,296.20,295.85,295.85,6,1762
ZINC_F2,20220630,13:24,295.75,295.80,295.75,295.80,2,1760
ZINC_F2,20220630,13:25,295.65,295.65,295.60,295.60,2,1762
ZINC_F2,20220630,13:26,295.70,295.80,295.70,295.80,2,1762
ZINC_F2,20220630,13:27,295.80,295.90,295.80,295.90,3,1763
ZINC_F2,20220630,13:28,295.90,296.00,295.90,296.00,3,1763
ZINC_F2,20220630,13:29,295.70,296.10,295.70,296.10,3,1764
ZINC_F2,20220630,13:30,296.10,296.10,296.00,296.00,4,1765
ZINC_F2,20220630,13:31,296.20,296.20,295.90,295.90,4,1769
ZINC_F2,20220630,13:32,296.15,296.15,296.15,296.15,1,1769
ZINC_F2,20220630,13:33,295.95,295.95,295.80,295.80,2,1769
ZINC_F2,20220630,13:35,295.95,295.95,295.95,295.95,1,1769
ZINC_F2,20220630,13:36,296.10,296.20,296.10,296.20,2,1766
ZINC_F2,20220630,13:38,296.35,296.35,296.35,296.35,2,1767
ZINC_F2,20220630,13:39,296.35,296.50,296.35,296.50,4,1763
ZINC_F2,20220630,13:40,296.40,296.60,296.30,296.55,7,1764
ZINC_F2,20220630,13:41,296.40,296.40,296.40,296.40,1,1764
ZINC_F2,20220630,13:42,296.30,296.95,296.30,296.80,7,1765
ZINC_F2,20220630,13:43,296.60,296.60,296.50,296.50,2,1767
ZINC_F2,20220630,13:44,296.50,296.60,296.40,296.40,5,1764
ZINC_F2,20220630,13:45,296.40,296.40,296.40,296.40,1,1765
ZINC_F2,20220630,13:46,296.40,296.40,296.40,296.40,1,1764
ZINC_F2,20220630,13:47,296.40,296.70,296.40,296.70,3,1762
ZINC_F2,20220630,13:48,296.40,296.40,296.00,296.00,5,1766
ZINC_F2,20220630,13:49,296.00,296.00,295.80,295.80,5,1770
ZINC_F2,20220630,13:50,295.80,295.90,295.75,295.75,4,1769
ZINC_F2,20220630,13:51,295.70,295.70,295.60,295.70,5,1772
ZINC_F2,20220630,13:52,295.60,295.60,295.60,295.60,1,1773
ZINC_F2,20220630,13:53,295.60,295.60,295.35,295.35,4,1774
ZINC_F2,20220630,13:54,295.45,295.45,295.35,295.35,3,1779
ZINC_F2,20220630,13:55,295.45,295.50,295.35,295.50,5,1782
ZINC_F2,20220630,13:56,295.45,295.55,295.40,295.55,4,1782
ZINC_F2,20220630,13:57,295.40,295.45,295.40,295.45,2,1783
ZINC_F2,20220630,13:58,295.50,295.65,295.35,295.35,4,1782
ZINC_F2,20220630,13:59,295.55,295.55,295.55,295.55,1,1783
ZINC_F2,20220630,14:00,295.65,295.65,295.65,295.65,1,1784
ZINC_F2,20220630,14:01,295.65,295.65,295.65,295.65,1,1784
ZINC_F2,20220630,14:02,295.50,295.70,295.50,295.70,4,1779
ZINC_F2,20220630,14:04,295.70,295.70,295.50,295.50,3,1784
ZINC_F2,20220630,14:05,295.50,295.60,295.50,295.60,4,1783
ZINC_F2,20220630,14:06,295.45,295.50,295.45,295.50,3,1782
ZINC_F2,20220630,14:07,295.40,295.40,294.35,294.70,7,1784
ZINC_F2,20220630,14:08,294.55,294.85,294.50,294.75,8,1776
ZINC_F2,20220630,14:09,294.65,294.85,294.50,294.60,8,1774
ZINC_F2,20220630,14:10,294.40,294.65,294.35,294.65,5,1788
ZINC_F2,20220630,14:11,294.50,294.65,294.50,294.65,5,1787
ZINC_F2,20220630,14:12,294.60,294.60,294.55,294.55,3,1787
ZINC_F2,20220630,14:13,294.55,294.60,294.45,294.45,6,1786
ZINC_F2,20220630,14:14,294.55,294.90,294.50,294.90,4,1787
ZINC_F2,20220630,14:15,294.65,294.85,294.65,294.85,4,1790
ZINC_F2,20220630,14:16,294.75,294.75,294.60,294.75,5,1791
ZINC_F2,20220630,14:18,294.80,295.15,294.80,295.10,6,1791
ZINC_F2,20220630,14:19,295.00,295.10,295.00,295.10,4,1793
ZINC_F2,20220630,14:20,295.10,295.10,294.80,294.80,3,1798
ZINC_F2,20220630,14:21,294.70,294.80,294.60,294.60,5,1797
ZINC_F2,20220630,14:22,294.60,294.60,294.50,294.60,4,1798
ZINC_F2,20220630,14:23,294.75,294.75,294.65,294.65,2,1797
ZINC_F2,20220630,14:24,294.65,294.65,294.65,294.65,1,1798
ZINC_F2,20220630,14:25,294.50,294.50,294.50,294.50,2,1801
ZINC_F2,20220630,14:26,294.55,294.55,294.55,294.55,1,1801
ZINC_F2,20220630,14:27,294.60,294.60,294.40,294.40,4,1809
ZINC_F2,20220630,14:28,294.30,294.30,294.10,294.20,9,1818
ZINC_F2,20220630,14:29,294.05,294.05,294.00,294.00,3,1814
ZINC_F2,20220630,14:30,294.00,294.20,294.00,294.15,4,1810
ZINC_F2,20220630,14:31,294.45,294.50,294.45,294.50,4,1810
ZINC_F2,20220630,14:32,294.50,294.50,294.45,294.45,3,1811
ZINC_F2,20220630,14:33,294.30,294.30,294.10,294.10,5,1819
ZINC_F2,20220630,14:34,294.00,294.00,293.90,294.00,5,1822
ZINC_F2,20220630,14:35,294.00,294.25,293.90,294.25,13,1827
ZINC_F2,20220630,14:36,294.20,294.30,294.10,294.30,6,1832
ZINC_F2,20220630,14:37,294.35,294.35,294.30,294.30,2,1831
ZINC_F2,20220630,14:38,294.30,294.45,294.20,294.20,5,1830
ZINC_F2,20220630,14:39,294.35,294.35,294.35,294.35,2,1832
ZINC_F2,20220630,14:40,294.10,294.35,294.10,294.35,2,1831
ZINC_F2,20220630,14:41,294.10,294.10,293.70,293.75,7,1842
ZINC_F2,20220630,14:42,293.90,293.90,293.90,293.90,3,1844
ZINC_F2,20220630,14:43,293.80,294.10,293.70,293.70,9,1846
ZINC_F2,20220630,14:44,293.60,293.65,293.50,293.65,10,1846
ZINC_F2,20220630,14:45,293.55,293.70,293.55,293.55,5,1846
ZINC_F2,20220630,14:46,293.50,293.50,293.50,293.50,2,1848
ZINC_F2,20220630,14:47,293.55,293.65,293.20,293.30,9,1864
ZINC_F2,20220630,14:48,293.35,293.35,293.20,293.25,6,1861
ZINC_F2,20220630,14:49,293.50,293.65,293.35,293.65,13,1858
ZINC_F2,20220630,14:50,293.65,293.65,293.35,293.50,7,1859
ZINC_F2,20220630,14:51,293.55,293.55,293.55,293.55,2,1860
ZINC_F2,20220630,14:52,293.50,293.65,293.40,293.50,8,1859
ZINC_F2,20220630,14:53,293.65,293.90,293.65,293.85,10,1855
ZINC_F2,20220630,14:54,293.85,294.10,293.85,294.10,7,1851
ZINC_F2,20220630,14:55,294.10,294.10,293.85,293.85,7,1854
ZINC_F2,20220630,14:56,294.05,294.05,293.95,293.95,5,1860
ZINC_F2,20220630,14:57,293.90,294.05,293.85,293.85,7,1863
ZINC_F2,20220630,14:59,294.00,294.00,293.95,293.95,5,1867
ZINC_F2,20220630,15:00,293.80,293.85,293.65,293.65,3,1870
ZINC_F2,20220630,15:01,293.60,293.70,293.60,293.70,3,1870
ZINC_F2,20220630,15:02,293.60,293.60,293.60,293.60,1,1870
ZINC_F2,20220630,15:03,293.65,293.70,293.65,293.70,2,1868
ZINC_F2,20220630,15:04,293.65,293.65,293.65,293.65,3,1867
ZINC_F2,20220630,15:05,293.80,293.80,293.65,293.65,3,1868
ZINC_F2,20220630,15:06,293.80,293.80,293.70,293.70,2,1869
ZINC_F2,20220630,15:07,293.70,293.70,293.70,293.70,3,1872
ZINC_F2,20220630,15:08,293.75,293.75,293.75,293.75,1,1870
ZINC_F2,20220630,15:09,293.85,294.00,293.85,294.00,4,1867
ZINC_F2,20220630,15:10,294.05,294.05,294.00,294.00,5,1870
ZINC_F2,20220630,15:11,293.95,293.95,293.90,293.90,2,1871
ZINC_F2,20220630,15:12,294.00,294.00,294.00,294.00,1,1872
ZINC_F2,20220630,15:13,294.05,294.05,294.05,294.05,1,1872
ZINC_F2,20220630,15:15,294.05,294.05,294.05,294.05,1,1872
ZINC_F2,20220630,15:16,294.15,294.15,294.00,294.00,2,1873
ZINC_F2,20220630,15:17,293.80,293.80,293.50,293.50,5,1878
ZINC_F2,20220630,15:18,293.45,293.45,293.30,293.30,4,1877
ZINC_F2,20220630,15:19,293.50,293.50,292.50,293.20,5,1885
ZINC_F2,20220630,15:20,292.90,293.10,292.25,292.25,12,1898
ZINC_F2,20220630,15:21,292.35,292.60,292.35,292.40,9,1904
ZINC_F2,20220630,15:22,292.55,292.65,292.35,292.35,9,1914
ZINC_F2,20220630,15:23,292.30,292.50,292.30,292.45,5,1917
ZINC_F2,20220630,15:24,292.50,292.50,292.45,292.50,4,1922
ZINC_F2,20220630,15:25,292.55,293.05,292.55,293.05,4,1924
ZINC_F2,20220630,15:26,293.05,293.05,292.90,293.05,5,1927
ZINC_F2,20220630,15:27,293.00,293.15,293.00,293.15,2,1928
ZINC_F2,20220630,15:28,293.30,293.35,293.20,293.20,5,1934
ZINC_F2,20220630,15:29,293.20,293.40,293.20,293.40,2,1932
ZINC_F2,20220630,15:30,293.65,293.80,293.65,293.75,5,1930
ZINC_F2,20220630,15:31,293.80,293.90,293.60,293.90,7,1925
ZINC_F2,20220630,15:32,293.90,293.95,293.90,293.95,4,1927
ZINC_F2,20220630,15:33,293.80,293.80,293.55,293.55,2,1928
ZINC_F2,20220630,15:35,293.55,293.55,293.55,293.55,1,1928
ZINC_F2,20220630,15:36,293.70,293.70,293.50,293.55,4,1933
ZINC_F2,20220630,15:37,293.70,293.70,293.70,293.70,1,1934
ZINC_F2,20220630,15:38,293.55,293.60,293.55,293.60,2,1934
ZINC_F2,20220630,15:39,293.55,293.65,293.30,293.30,5,1937
ZINC_F2,20220630,15:40,293.40,293.40,293.40,293.40,1,1938
ZINC_F2,20220630,15:42,293.50,293.50,293.50,293.50,2,1940
ZINC_F2,20220630,15:43,293.65,293.65,293.65,293.65,1,1941
ZINC_F2,20220630,15:44,293.65,293.65,293.50,293.60,3,1944
ZINC_F2,20220630,15:45,293.40,293.50,293.40,293.50,2,1946
ZINC_F2,20220630,15:46,293.45,293.45,293.45,293.45,1,1947
ZINC_F2,20220630,15:47,293.50,293.50,293.50,293.50,1,1947
ZINC_F2,20220630,15:48,293.60,293.65,293.60,293.65,2,1949
ZINC_F2,20220630,15:49,293.60,293.60,293.55,293.60,3,1949
ZINC_F2,20220630,15:50,293.50,293.50,293.50,293.50,1,1951
ZINC_F2,20220630,15:52,293.40,293.40,293.40,293.40,1,1952
ZINC_F2,20220630,15:53,293.40,293.40,293.40,293.40,1,1951
ZINC_F2,20220630,15:54,293.30,293.30,293.30,293.30,1,1951
ZINC_F2,20220630,15:56,293.10,293.10,293.10,293.10,3,1955
ZINC_F2,20220630,15:57,293.30,293.30,293.20,293.20,5,1958
ZINC_F2,20220630,15:58,293.15,293.20,293.15,293.20,2,1960
ZINC_F2,20220630,15:59,293.30,293.45,293.30,293.45,2,1960
ZINC_F2,20220630,16:00,293.55,293.55,293.40,293.40,2,1959
ZINC_F2,20220630,16:01,293.60,293.60,293.50,293.50,2,1960
ZINC_F2,20220630,16:03,293.50,293.50,293.50,293.50,2,1961
ZINC_F2,20220630,16:04,293.50,293.50,293.35,293.35,2,1963
ZINC_F2,20220630,16:08,293.50,293.60,293.50,293.50,4,1965
ZINC_F2,20220630,16:09,293.50,293.50,293.50,293.50,1,1965
ZINC_F2,20220630,16:12,293.40,293.60,293.40,293.60,3,1966
ZINC_F2,20220630,16:13,293.60,293.60,293.60,293.60,1,1966
ZINC_F2,20220630,16:14,293.70,293.75,293.70,293.75,2,1965
ZINC_F2,20220630,16:15,293.75,293.75,293.75,293.75,1,1964
ZINC_F2,20220630,16:16,293.60,293.60,293.60,293.60,1,1964
ZINC_F2,20220630,16:18,293.60,293.60,293.60,293.60,2,1966
ZINC_F2,20220630,16:20,293.50,293.50,293.50,293.50,1,1966
ZINC_F2,20220630,16:22,293.70,293.70,293.70,293.70,1,1966
ZINC_F2,20220630,16:23,293.80,293.80,293.75,293.75,2,1966
ZINC_F2,20220630,16:24,293.75,293.80,293.75,293.80,2,1967
ZINC_F2,20220630,16:25,293.70,293.70,293.70,293.70,1,1968
ZINC_F2,20220630,16:26,293.70,293.70,293.70,293.70,1,1967
ZINC_F2,20220630,16:27,293.85,293.85,293.80,293.80,2,1967
ZINC_F2,20220630,16:28,293.70,293.70,293.70,293.70,1,1966
ZINC_F2,20220630,16:29,293.60,293.65,293.60,293.65,2,1966
ZINC_F2,20220630,16:31,293.50,293.50,293.50,293.50,2,1964
ZINC_F2,20220630,16:32,293.40,293.40,293.40,293.40,1,1963
ZINC_F2,20220630,16:33,293.45,293.45,293.35,293.35,2,1962
ZINC_F2,20220630,16:34,293.35,293.35,293.35,293.35,1,1962
ZINC_F2,20220630,16:35,293.45,293.45,293.45,293.45,1,1962
ZINC_F2,20220630,16:36,293.45,293.55,293.45,293.55,2,1961
ZINC_F2,20220630,16:37,293.50,293.60,293.50,293.60,2,1961
ZINC_F2,20220630,16:38,293.60,293.60,293.60,293.60,1,1962
ZINC_F2,20220630,16:39,293.65,293.65,293.60,293.60,2,1962
ZINC_F2,20220630,16:40,293.60,293.65,293.60,293.65,3,1963
ZINC_F2,20220630,16:41,293.70,293.70,293.70,293.70,1,1962
ZINC_F2,20220630,16:42,293.80,293.90,293.80,293.90,2,1964
ZINC_F2,20220630,16:44,293.90,293.90,293.70,293.70,2,1963
ZINC_F2,20220630,16:45,293.85,293.90,293.70,293.90,3,1961
ZINC_F2,20220630,16:46,294.00,294.15,294.00,294.15,7,1954
ZINC_F2,20220630,16:47,294.25,294.25,294.15,294.15,3,1956
ZINC_F2,20220630,16:48,294.10,294.25,294.10,294.25,4,1955
ZINC_F2,20220630,16:49,294.25,294.25,293.85,293.85,7,1956
ZINC_F2,20220630,16:50,293.85,293.95,293.85,293.95,2,1958
ZINC_F2,20220630,16:51,293.70,293.70,293.70,293.70,1,1958
ZINC_F2,20220630,16:53,293.70,293.70,293.70,293.70,1,1959
ZINC_F2,20220630,16:54,293.55,293.75,293.55,293.75,3,1964
ZINC_F2,20220630,16:55,293.65,293.65,293.65,293.65,1,1965
ZINC_F2,20220630,16:56,293.80,293.80,293.80,293.80,1,1966
ZINC_F2,20220630,16:58,293.95,293.95,293.65,293.65,4,1966
ZINC_F2,20220630,16:59,293.65,293.65,293.45,293.45,2,1966
ZINC_F2,20220630,17:00,293.40,293.40,293.35,293.35,2,1965
ZINC_F2,20220630,17:01,293.35,293.35,293.35,293.35,2,1965
ZINC_F2,20220630,17:03,293.45,293.45,293.35,293.35,3,1965
ZINC_F2,20220630,17:04,293.30,293.50,293.30,293.50,3,1965
ZINC_F2,20220630,17:05,293.15,293.15,293.00,293.00,6,1965
ZINC_F2,20220630,17:06,293.00,293.00,292.95,292.95,2,1965
ZINC_F2,20220630,17:07,292.90,292.90,292.65,292.80,6,1970
ZINC_F2,20220630,17:08,292.70,292.70,292.50,292.50,6,1963
ZINC_F2,20220630,17:09,292.65,292.65,292.40,292.40,8,1967
ZINC_F2,20220630,17:10,292.50,292.60,292.50,292.60,3,1968
ZINC_F2,20220630,17:11,292.50,292.55,292.45,292.55,5,1966
ZINC_F2,20220630,17:12,292.45,292.55,292.45,292.45,4,1966
ZINC_F2,20220630,17:13,292.50,292.70,292.50,292.70,6,1964
ZINC_F2,20220630,17:14,292.95,293.25,292.95,293.15,9,1960
ZINC_F2,20220630,17:15,293.15,293.15,293.00,293.00,2,1960
ZINC_F2,20220630,17:16,292.95,293.00,292.95,293.00,3,1960
ZINC_F2,20220630,17:17,292.80,292.80,292.60,292.60,2,1960
ZINC_F2,20220630,17:18,292.50,292.50,292.25,292.45,5,1956
ZINC_F2,20220630,17:19,292.30,292.45,292.30,292.45,3,1957
ZINC_F2,20220630,17:20,292.45,292.60,292.45,292.60,2,1957
ZINC_F2,20220630,17:21,292.45,292.60,292.45,292.50,4,1959
ZINC_F2,20220630,17:22,292.65,292.80,292.65,292.80,2,1959
ZINC_F2,20220630,17:23,292.60,292.85,292.55,292.55,8,1958
ZINC_F2,20220630,17:24,292.55,292.55,292.50,292.50,2,1961
ZINC_F2,20220630,17:25,292.35,292.35,292.00,292.00,17,1980
ZINC_F2,20220630,17:26,292.05,292.35,292.00,292.25,14,1982
ZINC_F2,20220630,17:27,292.00,292.15,292.00,292.05,6,1990
ZINC_F2,20220630,17:28,292.10,292.15,292.10,292.15,4,1994
ZINC_F2,20220630,17:29,292.10,292.10,292.00,292.10,6,2000
ZINC_F2,20220630,17:30,292.05,292.05,292.00,292.00,18,2030
ZINC_F2,20220630,17:31,292.05,292.20,292.00,292.20,13,2048
ZINC_F2,20220630,17:32,292.25,292.30,292.25,292.30,4,2049
ZINC_F2,20220630,17:33,292.20,292.30,292.15,292.30,4,2051
ZINC_F2,20220630,17:34,292.30,292.50,292.30,292.50,5,2051
ZINC_F2,20220630,17:35,292.40,292.50,292.40,292.50,2,2050
ZINC_F2,20220630,17:36,292.35,292.50,292.30,292.50,3,2052
ZINC_F2,20220630,17:37,292.30,292.30,292.25,292.25,7,2051
ZINC_F2,20220630,17:38,292.30,292.30,292.30,292.30,1,2053
ZINC_F2,20220630,17:39,292.20,292.30,292.20,292.30,2,2054
ZINC_F2,20220630,17:40,292.40,292.40,292.20,292.20,5,2059
ZINC_F2,20220630,17:41,292.15,292.15,292.10,292.15,5,2061
ZINC_F2,20220630,17:42,292.10,292.10,292.00,292.10,7,2064
ZINC_F2,20220630,17:43,292.00,292.00,291.85,291.90,12,2087
ZINC_F2,20220630,17:44,291.90,292.00,291.85,292.00,5,2095
ZINC_F2,20220630,17:45,292.10,292.10,291.90,292.05,5,2098
ZINC_F2,20220630,17:46,292.05,292.05,292.05,292.05,1,2099
ZINC_F2,20220630,17:47,292.05,292.10,292.05,292.10,3,2100
ZINC_F2,20220630,17:48,292.10,292.10,292.10,292.10,2,2101
ZINC_F2,20220630,17:49,291.90,291.90,291.80,291.90,5,2101
ZINC_F2,20220630,17:50,291.80,291.80,291.55,291.70,3,2103
ZINC_F2,20220630,17:51,291.75,291.80,291.70,291.80,4,2103
ZINC_F2,20220630,17:52,291.85,291.95,291.65,291.65,4,2103
ZINC_F2,20220630,17:53,291.55,291.55,291.40,291.40,4,2106
ZINC_F2,20220630,17:54,291.40,291.45,291.20,291.30,18,2124
ZINC_F2,20220630,17:55,291.35,291.35,291.10,291.15,16,2114
ZINC_F2,20220630,17:56,291.10,291.20,290.30,290.55,22,2131
ZINC_F2,20220630,17:57,290.55,290.75,290.30,290.30,9,2132
ZINC_F2,20220630,17:58,290.20,290.20,289.25,289.45,30,2160
ZINC_F2,20220630,17:59,289.50,290.00,289.50,290.00,20,2162
ZINC_F2,20220630,18:00,289.70,289.80,289.55,289.65,10,2155
ZINC_F2,20220630,18:01,289.60,290.15,289.60,289.80,11,2159
ZINC_F2,20220630,18:02,289.80,290.40,289.80,290.35,6,2162
ZINC_F2,20220630,18:03,290.40,290.90,290.30,290.75,10,2160
ZINC_F2,20220630,18:04,290.45,290.50,290.45,290.50,5,2159
ZINC_F2,20220630,18:05,290.60,290.75,290.40,290.40,6,2161
ZINC_F2,20220630,18:06,290.65,290.65,290.30,290.30,6,2164
ZINC_F2,20220630,18:07,290.30,290.55,290.30,290.55,8,2164
ZINC_F2,20220630,18:08,290.70,290.70,290.30,290.30,7,2167
ZINC_F2,20220630,18:09,290.45,290.45,290.45,290.45,2,2165
ZINC_F2,20220630,18:10,290.45,290.45,290.30,290.45,4,2165
ZINC_F2,20220630,18:11,290.30,290.35,290.10,290.25,7,2168
ZINC_F2,20220630,18:12,290.10,290.40,290.05,290.40,6,2170
ZINC_F2,20220630,18:13,290.40,291.00,290.40,291.00,15,2176
ZINC_F2,20220630,18:14,291.00,291.00,290.75,291.00,11,2183
ZINC_F2,20220630,18:15,291.00,291.20,290.90,290.90,11,2186
ZINC_F2,20220630,18:16,290.90,291.00,290.80,290.80,9,2187
ZINC_F2,20220630,18:17,290.95,290.95,290.35,290.35,13,2195
ZINC_F2,20220630,18:18,290.50,290.60,290.35,290.60,4,2199
ZINC_F2,20220630,18:19,290.70,290.70,290.15,290.25,18,2212
ZINC_F2,20220630,18:20,290.30,290.65,290.30,290.65,7,2212
ZINC_F2,20220630,18:21,290.60,290.85,290.60,290.65,6,2211
ZINC_F2,20220630,18:22,290.55,290.65,290.55,290.55,3,2214
ZINC_F2,20220630,18:23,290.55,290.70,290.50,290.50,5,2216
ZINC_F2,20220630,18:24,290.30,290.50,290.00,290.00,8,2223
ZINC_F2,20220630,18:25,290.10,290.20,289.65,290.20,16,2237
ZINC_F2,20220630,18:26,290.05,290.45,290.05,290.45,6,2240
ZINC_F2,20220630,18:27,290.40,290.40,290.05,290.05,6,2245
ZINC_F2,20220630,18:28,290.00,290.00,289.65,290.00,8,2249
ZINC_F2,20220630,18:29,290.20,290.20,289.90,289.90,5,2255
ZINC_F2,20220630,18:30,289.85,289.85,288.25,288.40,25,2258
ZINC_F2,20220630,18:31,288.50,289.40,288.50,289.40,17,2253
ZINC_F2,20220630,18:32,289.35,289.55,288.90,289.00,10,2254
ZINC_F2,20220630,18:33,289.00,289.45,289.00,289.20,18,2248
ZINC_F2,20220630,18:34,289.35,289.50,289.35,289.50,9,2248
ZINC_F2,20220630,18:35,289.80,289.95,289.55,289.80,9,2242
ZINC_F2,20220630,18:36,289.55,289.55,289.00,289.00,9,2244
ZINC_F2,20220630,18:37,289.00,289.30,289.00,289.25,11,2255
ZINC_F2,20220630,18:38,289.50,289.60,289.05,289.05,6,2256
ZINC_F2,20220630,18:40,289.40,289.40,289.10,289.35,4,2258
ZINC_F2,20220630,18:41,289.50,289.65,289.50,289.50,4,2259
ZINC_F2,20220630,18:42,289.80,289.90,289.70,289.70,5,2259
ZINC_F2,20220630,18:43,289.70,289.70,289.60,289.70,3,2262
ZINC_F2,20220630,18:44,289.75,289.75,289.60,289.75,3,2264
ZINC_F2,20220630,18:45,289.75,290.00,289.75,290.00,6,2262
ZINC_F2,20220630,18:46,289.90,289.90,289.05,289.25,13,2267
ZINC_F2,20220630,18:47,289.05,289.45,289.05,289.45,3,2268
ZINC_F2,20220630,18:48,289.45,289.90,289.45,289.90,8,2269
ZINC_F2,20220630,18:49,289.95,290.60,289.95,290.20,14,2271
ZINC_F2,20220630,18:50,290.15,290.40,290.15,290.30,8,2275
ZINC_F2,20220630,18:51,290.15,290.15,289.90,289.95,8,2278
ZINC_F2,20220630,18:52,289.90,289.95,289.65,289.65,7,2283
ZINC_F2,20220630,18:53,289.70,289.70,289.70,289.70,1,2284
ZINC_F2,20220630,18:54,289.85,290.00,289.70,289.95,6,2282
ZINC_F2,20220630,18:55,289.95,289.95,289.95,289.95,2,2282
ZINC_F2,20220630,18:56,289.90,290.00,289.80,290.00,6,2287
ZINC_F2,20220630,18:57,289.80,290.00,289.75,289.85,6,2294
ZINC_F2,20220630,18:58,290.15,290.15,290.15,290.15,1,2294
ZINC_F2,20220630,18:59,290.05,290.05,289.80,289.85,6,2305
ZINC_F2,20220630,19:00,289.65,289.65,289.50,289.65,3,2307
ZINC_F2,20220630,19:01,289.60,289.80,289.40,289.70,8,2310
ZINC_F2,20220630,19:02,289.70,289.70,289.65,289.65,2,2309
ZINC_F2,20220630,19:03,289.65,289.90,289.65,289.90,2,2309
ZINC_F2,20220630,19:04,289.65,289.95,289.65,289.85,7,2310
ZINC_F2,20220630,19:05,289.65,289.65,289.50,289.60,3,2313
ZINC_F2,20220630,19:06,289.75,289.85,289.75,289.85,2,2316
ZINC_F2,20220630,19:07,289.60,289.60,289.15,289.15,5,2316
ZINC_F2,20220630,19:08,289.15,289.20,289.15,289.20,3,2320
ZINC_F2,20220630,19:09,289.00,289.00,289.00,289.00,5,2318
ZINC_F2,20220630,19:10,289.10,289.15,288.50,288.50,9,2322
ZINC_F2,20220630,19:11,288.55,288.75,288.50,288.75,13,2328
ZINC_F2,20220630,19:12,288.50,288.50,288.50,288.50,3,2328
ZINC_F2,20220630,19:13,288.55,288.65,288.50,288.60,10,2332
ZINC_F2,20220630,19:14,288.80,288.80,288.50,288.50,5,2336
ZINC_F2,20220630,19:15,288.40,288.80,288.40,288.80,4,2340
ZINC_F2,20220630,19:16,288.70,288.70,288.70,288.70,1,2340
ZINC_F2,20220630,19:17,288.50,288.95,288.50,288.85,6,2336
ZINC_F2,20220630,19:18,289.00,289.00,288.70,288.90,5,2339
ZINC_F2,20220630,19:19,289.00,289.00,288.95,288.95,2,2339
ZINC_F2,20220630,19:20,288.95,289.25,288.95,289.05,5,2336
ZINC_F2,20220630,19:22,289.00,289.15,289.00,289.15,4,2339
ZINC_F2,20220630,19:23,289.25,289.25,289.15,289.25,3,2339
ZINC_F2,20220630,19:24,289.40,289.40,289.30,289.30,3,2338
ZINC_F2,20220630,19:25,289.30,289.35,289.30,289.35,2,2337
ZINC_F2,20220630,19:26,289.30,289.30,289.10,289.10,3,2337
ZINC_F2,20220630,19:27,289.05,289.25,289.05,289.10,6,2339
ZINC_F2,20220630,19:31,289.00,289.05,289.00,289.05,5,2340
ZINC_F2,20220630,19:33,288.80,289.20,288.80,289.20,7,2343
ZINC_F2,20220630,19:34,289.20,289.75,289.20,289.55,18,2332
ZINC_F2,20220630,19:35,289.60,289.85,289.60,289.70,8,2330
ZINC_F2,20220630,19:36,289.70,289.70,289.60,289.60,5,2336
ZINC_F2,20220630,19:37,289.60,289.60,289.55,289.60,3,2335
ZINC_F2,20220630,19:38,289.40,289.40,289.40,289.40,2,2328
ZINC_F2,20220630,19:39,289.45,289.75,289.45,289.75,7,2328
ZINC_F2,20220630,19:40,289.75,289.75,289.60,289.60,3,2332
ZINC_F2,20220630,19:41,289.50,289.55,289.40,289.40,3,2331
ZINC_F2,20220630,19:42,289.40,289.40,289.30,289.30,6,2331
ZINC_F2,20220630,19:45,289.45,289.50,289.30,289.50,3,2332
ZINC_F2,20220630,19:46,289.50,289.50,289.50,289.50,1,2333
ZINC_F2,20220630,19:47,289.30,289.30,289.20,289.20,2,2335
ZINC_F2,20220630,19:48,289.00,289.00,288.60,288.85,4,2333
ZINC_F2,20220630,19:49,289.00,289.00,288.85,288.85,3,2334
ZINC_F2,20220630,19:50,289.10,289.10,289.10,289.10,1,2338
ZINC_F2,20220630,19:52,288.80,288.80,288.70,288.70,2,2335
ZINC_F2,20220630,19:53,288.95,289.10,288.80,288.80,16,2348
ZINC_F2,20220630,19:54,288.75,288.85,288.70,288.85,9,2355
ZINC_F2,20220630,19:55,288.90,289.20,288.85,288.85,5,2357
ZINC_F2,20220630,19:56,288.90,288.90,288.90,288.90,2,2358
ZINC_F2,20220630,19:57,289.05,289.05,289.00,289.00,2,2355
ZINC_F2,20220630,19:58,289.00,289.00,289.00,289.00,1,2355
ZINC_F2,20220630,19:59,289.00,289.35,289.00,289.35,3,2354
ZINC_F2,20220630,20:00,288.90,288.90,288.60,288.75,6,2355
ZINC_F2,20220630,20:01,288.75,288.80,288.55,288.55,6,2355
ZINC_F2,20220630,20:02,288.60,288.80,288.60,288.60,4,2356
ZINC_F2,20220630,20:03,288.50,288.50,288.40,288.50,5,2354
ZINC_F2,20220630,20:04,288.60,288.95,288.60,288.70,6,2355
ZINC_F2,20220630,20:05,288.50,288.50,288.50,288.50,1,2353
ZINC_F2,20220630,20:06,288.70,288.70,288.60,288.60,2,2352
ZINC_F2,20220630,20:07,288.50,288.50,288.40,288.40,6,2352
ZINC_F2,20220630,20:08,288.35,288.45,288.10,288.10,11,2352
ZINC_F2,20220630,20:09,288.10,288.20,287.25,287.25,16,2335
ZINC_F2,20220630,20:10,287.40,287.85,287.30,287.85,15,2340
ZINC_F2,20220630,20:11,287.90,288.30,287.90,287.90,15,2338
ZINC_F2,20220630,20:12,287.80,287.80,287.40,287.55,14,2340
ZINC_F2,20220630,20:13,287.55,287.60,286.90,287.00,15,2336
ZINC_F2,20220630,20:14,286.80,287.15,286.35,286.60,28,2338
ZINC_F2,20220630,20:15,286.60,286.80,286.35,286.60,11,2341
ZINC_F2,20220630,20:16,286.45,286.45,286.00,286.10,17,2339
ZINC_F2,20220630,20:17,286.30,286.45,286.15,286.30,5,2339
ZINC_F2,20220630,20:18,286.45,286.75,286.40,286.40,9,2341
ZINC_F2,20220630,20:19,286.35,286.55,286.30,286.45,10,2338
ZINC_F2,20220630,20:20,286.30,286.55,286.30,286.40,13,2333
ZINC_F2,20220630,20:21,286.45,287.15,286.45,287.00,9,2330
ZINC_F2,20220630,20:22,286.85,287.00,286.80,286.80,6,2337
ZINC_F2,20220630,20:23,286.95,286.95,286.60,286.65,5,2341
ZINC_F2,20220630,20:24,286.40,286.70,286.40,286.70,2,2341
ZINC_F2,20220630,20:25,286.85,286.85,286.85,286.85,1,2341
ZINC_F2,20220630,20:26,287.00,287.15,287.00,287.00,3,2336
ZINC_F2,20220630,20:27,287.15,287.90,287.15,287.85,17,2336
ZINC_F2,20220630,20:28,287.50,287.50,287.40,287.40,2,2335
ZINC_F2,20220630,20:29,287.00,287.25,287.00,287.25,8,2334
ZINC_F2,20220630,20:30,287.10,287.30,287.05,287.05,7,2333
ZINC_F2,20220630,20:31,287.15,287.55,287.00,287.00,15,2331
ZINC_F2,20220630,20:32,286.85,286.85,286.70,286.70,5,2325
ZINC_F2,20220630,20:33,286.55,286.65,285.85,285.95,23,2330
ZINC_F2,20220630,20:34,286.10,286.10,285.65,286.00,15,2325
ZINC_F2,20220630,20:35,285.90,286.30,285.90,286.30,9,2321
ZINC_F2,20220630,20:36,286.40,286.60,286.25,286.60,6,2327
ZINC_F2,20220630,20:37,286.70,286.70,286.70,286.70,1,2328
ZINC_F2,20220630,20:38,286.45,286.70,286.45,286.70,2,2329
ZINC_F2,20220630,20:39,286.70,286.70,286.60,286.60,3,2329
ZINC_F2,20220630,20:41,286.40,286.40,286.40,286.40,2,2330
ZINC_F2,20220630,20:42,286.40,286.40,286.35,286.35,6,2329
ZINC_F2,20220630,20:44,286.45,286.70,286.40,286.65,6,2328
ZINC_F2,20220630,20:45,286.50,286.50,286.50,286.50,2,2327
ZINC_F2,20220630,20:46,286.50,286.70,286.50,286.70,2,2329
ZINC_F2,20220630,20:47,286.90,286.90,286.85,286.90,4,2331
ZINC_F2,20220630,20:50,286.80,286.85,286.80,286.85,2,2332
ZINC_F2,20220630,20:51,286.85,287.00,286.85,287.00,3,2331
ZINC_F2,20220630,20:52,287.10,287.10,286.85,286.90,6,2330
ZINC_F2,20220630,20:53,286.95,286.95,286.95,286.95,1,2327
ZINC_F2,20220630,20:54,287.05,287.35,287.05,287.35,2,2325
ZINC_F2,20220630,20:55,287.20,287.45,287.15,287.15,10,2325
ZINC_F2,20220630,20:56,287.05,287.05,287.05,287.05,5,2327
ZINC_F2,20220630,20:58,287.30,287.35,287.15,287.15,7,2329
ZINC_F2,20220630,20:59,287.05,287.05,287.05,287.05,2,2328
ZINC_F2,20220630,21:01,287.50,287.50,287.25,287.50,3,2327
ZINC_F2,20220630,21:02,287.55,287.60,287.20,287.35,7,2331
ZINC_F2,20220630,21:03,287.40,287.50,287.15,287.15,3,2330
ZINC_F2,20220630,21:04,287.20,287.20,287.05,287.05,2,2332
ZINC_F2,20220630,21:05,287.05,287.05,287.05,287.05,1,2332
ZINC_F2,20220630,21:07,287.05,287.05,287.05,287.05,4,2333
ZINC_F2,20220630,21:09,287.05,287.05,287.00,287.00,4,2335
ZINC_F2,20220630,21:11,287.25,287.25,287.10,287.10,2,2334
ZINC_F2,20220630,21:12,287.10,287.10,287.00,287.10,3,2335
ZINC_F2,20220630,21:13,287.00,287.00,287.00,287.00,1,2335
ZINC_F2,20220630,21:14,286.95,286.95,286.90,286.90,3,2336
ZINC_F2,20220630,21:15,286.90,286.90,286.85,286.85,3,2337
ZINC_F2,20220630,21:16,286.90,286.90,286.80,286.80,7,2335
ZINC_F2,20220630,21:17,286.90,286.90,286.90,286.90,1,2335
ZINC_F2,20220630,21:18,287.10,287.10,287.00,287.00,2,2335
ZINC_F2,20220630,21:19,287.00,287.00,287.00,287.00,1,2335
ZINC_F2,20220630,21:20,287.00,287.00,287.00,287.00,2,2335
ZINC_F2,20220630,21:21,287.00,287.10,287.00,287.10,2,2336
ZINC_F2,20220630,21:22,287.00,287.00,287.00,287.00,2,2337
ZINC_F2,20220630,21:23,287.00,287.00,286.50,286.50,5,2342
ZINC_F2,20220630,21:24,286.60,286.90,286.60,286.90,4,2346
ZINC_F2,20220630,21:26,286.90,286.90,286.80,286.80,2,2345
ZINC_F2,20220630,21:27,286.65,286.75,286.65,286.75,2,2345
ZINC_F2,20220630,21:28,286.80,286.80,286.80,286.80,1,2344
ZINC_F2,20220630,21:29,286.60,286.60,286.50,286.50,2,2343
ZINC_F2,20220630,21:30,286.60,286.60,286.50,286.50,3,2343
ZINC_F2,20220630,21:31,286.50,286.50,286.40,286.40,2,2340
ZINC_F2,20220630,21:32,286.50,286.50,286.45,286.45,2,2341
ZINC_F2,20220630,21:33,286.45,286.45,286.45,286.45,1,2342
ZINC_F2,20220630,21:34,286.50,286.50,286.50,286.50,1,2341
ZINC_F2,20220630,21:36,286.65,286.75,286.65,286.75,2,2339
ZINC_F2,20220630,21:37,286.70,286.80,286.65,286.80,3,2338
ZINC_F2,20220630,21:38,286.80,287.05,286.80,287.05,4,2334
ZINC_F2,20220630,21:39,287.05,287.05,286.80,286.80,8,2328
ZINC_F2,20220630,21:40,286.90,286.90,286.90,286.90,4,2332
ZINC_F2,20220630,21:41,286.70,286.80,286.70,286.75,5,2332
ZINC_F2,20220630,21:42,286.65,286.65,286.65,286.65,1,2332
ZINC_F2,20220630,21:43,286.75,286.75,286.75,286.75,2,2332
ZINC_F2,20220630,21:44,286.75,286.75,286.70,286.70,3,2332
ZINC_F2,20220630,21:45,286.75,286.85,286.75,286.85,4,2330
ZINC_F2,20220630,21:46,286.80,287.00,286.80,286.90,7,2328
ZINC_F2,20220630,21:47,287.05,287.05,287.05,287.05,1,2328
ZINC_F2,20220630,21:48,287.00,287.00,287.00,287.00,4,2328
ZINC_F2,20220630,21:49,287.00,287.00,286.95,286.95,2,2328
ZINC_F2,20220630,21:50,286.75,287.05,286.75,287.05,5,2327
ZINC_F2,20220630,21:51,287.05,287.10,287.05,287.05,7,2327
ZINC_F2,20220630,21:52,287.05,287.60,287.05,287.60,8,2325
ZINC_F2,20220630,21:53,287.40,287.60,287.30,287.30,5,2322
ZINC_F2,20220630,21:54,287.25,287.25,287.10,287.10,4,2323
ZINC_F2,20220630,21:55,287.00,287.35,287.00,287.35,7,2322
ZINC_F2,20220630,21:56,287.10,287.10,287.10,287.10,1,2321
ZINC_F2,20220630,21:58,287.15,287.30,287.15,287.30,4,2320
ZINC_F2,20220630,21:59,287.25,287.70,287.25,287.50,5,2315
ZINC_F2,20220630,22:00,287.60,287.65,287.60,287.65,2,2315
ZINC_F2,20220630,22:01,287.50,287.50,287.50,287.50,1,2314
ZINC_F2,20220630,22:02,287.85,287.85,287.65,287.65,3,2312
ZINC_F2,20220630,22:03,287.60,287.65,287.45,287.45,3,2311
ZINC_F2,20220630,22:04,287.40,287.45,287.40,287.45,2,2310
ZINC_F2,20220630,22:06,287.50,287.50,287.50,287.50,1,2309
ZINC_F2,20220630,22:09,287.35,287.35,287.35,287.35,1,2309
ZINC_F2,20220630,22:10,287.15,287.15,286.90,286.90,6,2307
ZINC_F2,20220630,22:12,287.05,287.05,287.00,287.05,3,2308
ZINC_F2,20220630,22:13,287.10,287.15,287.10,287.15,2,2308
ZINC_F2,20220630,22:15,286.95,287.00,286.95,287.00,2,2306
ZINC_F2,20220630,22:16,287.00,287.25,287.00,287.15,5,2304
ZINC_F2,20220630,22:17,287.30,287.50,287.30,287.50,3,2305
ZINC_F2,20220630,22:18,287.45,287.45,287.35,287.35,5,2303
ZINC_F2,20220630,22:19,287.40,287.45,287.35,287.45,8,2301
ZINC_F2,20220630,22:20,287.40,287.40,287.15,287.25,13,2301
ZINC_F2,20220630,22:21,287.35,287.35,287.35,287.35,5,2301
ZINC_F2,20220630,22:22,287.30,287.35,287.30,287.35,4,2299
ZINC_F2,20220630,22:23,287.25,287.40,287.25,287.40,3,2298
ZINC_F2,20220630,22:24,287.30,287.30,287.30,287.30,2,2301
ZINC_F2,20220630,22:25,287.30,287.30,287.30,287.30,1,2301
ZINC_F2,20220630,22:26,287.30,287.30,287.30,287.30,2,2299
ZINC_F2,20220630,22:27,287.15,287.15,287.00,287.00,2,2299
ZINC_F2,20220630,22:28,287.00,287.00,286.75,286.75,4,2295
ZINC_F2,20220630,22:29,286.75,286.75,286.75,286.75,2,2293
ZINC_F2,20220630,22:30,286.75,286.75,286.75,286.75,5,2292
ZINC_F2,20220630,22:31,286.70,286.70,286.60,286.70,7,2288
ZINC_F2,20220630,22:32,286.70,286.75,286.70,286.75,3,2286
ZINC_F2,20220630,22:33,286.80,286.80,286.75,286.75,4,2286
ZINC_F2,20220630,22:35,286.75,286.75,286.65,286.65,2,2284
ZINC_F2,20220630,22:37,286.80,286.80,286.70,286.70,2,2282
ZINC_F2,20220630,22:38,286.70,286.80,286.70,286.75,4,2282
ZINC_F2,20220630,22:39,286.75,286.75,286.75,286.75,1,2281
ZINC_F2,20220630,22:40,286.70,286.70,286.70,286.70,2,2279
ZINC_F2,20220630,22:41,286.70,286.70,286.70,286.70,2,2277
ZINC_F2,20220630,22:43,286.85,286.85,286.85,286.85,1,2278
ZINC_F2,20220630,22:44,286.75,286.75,286.75,286.75,1,2278
ZINC_F2,20220630,22:45,286.70,286.85,286.70,286.85,4,2280
ZINC_F2,20220630,22:47,286.85,286.85,286.85,286.85,1,2281
ZINC_F2,20220630,22:48,286.95,286.95,286.95,286.95,1,2280
ZINC_F2,20220630,22:49,287.10,287.10,287.05,287.10,3,2277
ZINC_F2,20220630,22:51,287.00,287.00,287.00,287.00,1,2277
ZINC_F2,20220630,22:52,287.15,287.15,287.15,287.15,2,2279
ZINC_F2,20220630,22:54,287.20,287.20,287.20,287.20,1,2278
ZINC_F2,20220630,22:55,287.20,287.30,287.20,287.30,2,2278
ZINC_F2,20220630,22:56,287.35,287.40,287.35,287.40,2,2276
ZINC_F2,20220630,22:57,287.40,287.40,287.40,287.40,1,2275
ZINC_F2,20220630,22:58,287.50,287.50,287.50,287.50,1,2274
ZINC_F2,20220630,22:59,287.45,287.45,287.40,287.40,2,2273
ZINC_F2,20220630,23:01,287.40,287.40,287.05,287.15,9,2270
ZINC_F2,20220630,23:02,287.45,287.45,287.25,287.25,2,2269
ZINC_F2,20220630,23:04,287.15,287.40,287.15,287.40,3,2266
ZINC_F2,20220630,23:05,287.40,287.45,287.35,287.40,8,2266
ZINC_F2,20220630,23:06,287.30,287.30,287.20,287.20,2,2267
ZINC_F2,20220630,23:07,287.00,287.00,287.00,287.00,1,2267
ZINC_F2,20220630,23:08,287.15,287.15,287.15,287.15,1,2268
ZINC_F2,20220630,23:09,287.00,287.00,286.95,286.95,2,2266
ZINC_F2,20220630,23:10,286.90,287.10,286.85,287.10,15,2263
ZINC_F2,20220630,23:11,287.10,287.20,287.10,287.20,3,2260
ZINC_F2,20220630,23:12,287.20,287.20,287.20,287.20,1,2259
ZINC_F2,20220630,23:13,287.20,287.20,287.20,287.20,2,2259
ZINC_F2,20220630,23:14,287.35,287.50,287.35,287.50,4,2253
ZINC_F2,20220630,23:15,287.50,287.55,287.50,287.55,3,2252
ZINC_F2,20220630,23:16,287.65,287.65,287.50,287.50,4,2247
ZINC_F2,20220630,23:17,287.50,287.70,287.50,287.55,13,2240
ZINC_F2,20220630,23:18,287.55,287.60,287.55,287.55,8,2241
ZINC_F2,20220630,23:19,287.50,287.75,287.45,287.45,10,2239
ZINC_F2,20220630,23:20,287.45,287.45,287.40,287.45,4,2238
ZINC_F2,20220630,23:21,287.40,287.55,287.40,287.55,4,2238
ZINC_F2,20220630,23:22,287.55,287.55,287.55,287.55,9,2238
ZINC_F2,20220630,23:23,287.55,287.65,287.50,287.65,8,2235
ZINC_F2,20220630,23:24,287.45,287.65,287.25,287.55,5,2234
ZINC_F2,20220630,23:25,287.55,287.70,287.55,287.70,7,2232
ZINC_F2,20220630,23:26,287.85,287.85,287.60,287.60,6,2230
ZINC_F2,20220630,23:27,287.50,287.70,287.25,287.25,4,2234
ZINC_F2,20220630,23:28,287.40,287.40,287.40,287.40,3,2235
ZINC_F2,20220630,23:29,287.40,287.40,287.40,287.40,1,2235
ZINC_F2,20220630,23:30,287.65,287.70,287.25,287.35,15,2231
ZINC_F2,20220630,23:31,287.40,287.40,287.40,287.40,1,2231
