ZEEL_F1,20211231,09:16,321.05,321.30,320.50,321.25,102000,74262000
ZEEL_F1,20211231,09:17,321.40,321.60,320.15,320.35,114000,74262000
ZEEL_F1,20211231,09:18,320.25,321.50,320.25,321.50,57000,74241000
ZEEL_F1,20211231,09:19,321.55,321.60,321.30,321.35,33000,74241000
ZEEL_F1,20211231,09:20,321.45,322.05,321.45,322.00,123000,74241000
ZEEL_F1,20211231,09:21,322.15,322.20,321.30,321.30,72000,74256000
ZEEL_F1,20211231,09:22,321.40,321.90,321.10,321.85,54000,74256000
ZEEL_F1,20211231,09:23,322.00,322.10,321.80,322.10,63000,74256000
ZEEL_F1,20211231,09:24,321.75,321.90,321.55,321.55,36000,74283000
ZEEL_F1,20211231,09:25,321.45,321.55,321.25,321.40,39000,74283000
ZEEL_F1,20211231,09:26,321.85,322.25,321.85,321.85,75000,74283000
ZEEL_F1,20211231,09:27,321.70,322.00,321.70,322.00,9000,74319000
ZEEL_F1,20211231,09:28,321.90,321.90,320.75,321.85,54000,74319000
ZEEL_F1,20211231,09:29,321.30,321.30,320.75,321.20,66000,74319000
ZEEL_F1,20211231,09:30,321.20,321.40,321.20,321.40,21000,74328000
ZEEL_F1,20211231,09:31,321.45,321.45,321.25,321.35,15000,74328000
ZEEL_F1,20211231,09:32,321.50,321.50,321.30,321.35,12000,74328000
ZEEL_F1,20211231,09:33,321.05,321.05,321.05,321.05,12000,74328000
ZEEL_F1,20211231,09:34,321.15,322.10,321.15,322.00,60000,74265000
ZEEL_F1,20211231,09:35,321.95,322.00,321.95,322.00,15000,74265000
ZEEL_F1,20211231,09:36,322.10,322.10,321.40,321.65,27000,74301000
ZEEL_F1,20211231,09:37,321.60,321.75,321.55,321.55,39000,74301000
ZEEL_F1,20211231,09:38,321.55,321.70,321.50,321.50,18000,74301000
ZEEL_F1,20211231,09:39,321.35,321.45,321.20,321.20,9000,74274000
ZEEL_F1,20211231,09:40,320.65,320.95,320.65,320.85,18000,74274000
ZEEL_F1,20211231,09:41,321.05,321.05,320.90,320.90,12000,74274000
ZEEL_F1,20211231,09:42,321.10,321.25,321.10,321.25,15000,74289000
ZEEL_F1,20211231,09:43,321.00,321.00,320.80,321.00,27000,74289000
ZEEL_F1,20211231,09:44,320.80,321.75,320.80,321.75,30000,74289000
ZEEL_F1,20211231,09:45,321.90,321.90,321.65,321.65,54000,74295000
ZEEL_F1,20211231,09:46,322.10,322.80,322.10,322.40,90000,74295000
ZEEL_F1,20211231,09:47,322.20,322.20,321.60,321.60,36000,74295000
ZEEL_F1,20211231,09:48,321.80,321.80,321.45,321.45,18000,74313000
ZEEL_F1,20211231,09:49,321.40,321.40,320.25,320.30,69000,74313000
ZEEL_F1,20211231,09:50,320.35,320.50,319.55,320.50,90000,74313000
ZEEL_F1,20211231,09:51,320.50,320.60,320.30,320.60,24000,74340000
ZEEL_F1,20211231,09:52,320.65,320.70,320.40,320.40,24000,74340000
ZEEL_F1,20211231,09:53,320.50,320.65,320.35,320.65,15000,74340000
ZEEL_F1,20211231,09:54,320.40,320.50,320.00,320.00,21000,74352000
ZEEL_F1,20211231,09:55,320.20,320.20,319.60,319.80,33000,74352000
ZEEL_F1,20211231,09:56,319.75,320.05,319.55,320.00,36000,74352000
ZEEL_F1,20211231,09:57,319.85,320.50,319.85,320.50,21000,74349000
ZEEL_F1,20211231,09:58,320.45,320.45,320.30,320.30,9000,74349000
ZEEL_F1,20211231,09:59,320.35,320.45,320.10,320.30,21000,74349000
ZEEL_F1,20211231,10:00,320.30,320.30,320.30,320.30,3000,74349000
ZEEL_F1,20211231,10:01,320.00,320.05,320.00,320.05,18000,74355000
ZEEL_F1,20211231,10:02,319.70,319.75,319.70,319.75,15000,74355000
ZEEL_F1,20211231,10:03,319.85,319.95,319.85,319.95,12000,74352000
ZEEL_F1,20211231,10:04,320.35,320.55,320.35,320.55,36000,74352000
ZEEL_F1,20211231,10:05,320.55,320.95,320.55,320.80,21000,74352000
ZEEL_F1,20211231,10:06,321.00,321.05,321.00,321.05,12000,74352000
ZEEL_F1,20211231,10:07,320.80,320.95,320.80,320.95,6000,74352000
ZEEL_F1,20211231,10:08,320.65,320.65,320.65,320.65,3000,74352000
ZEEL_F1,20211231,10:09,320.85,320.85,320.50,320.50,27000,74352000
ZEEL_F1,20211231,10:10,320.60,320.75,320.50,320.50,30000,74352000
ZEEL_F1,20211231,10:11,320.30,320.65,320.30,320.60,18000,74352000
ZEEL_F1,20211231,10:12,320.65,320.70,320.65,320.70,6000,74373000
ZEEL_F1,20211231,10:13,320.95,321.10,320.95,321.10,9000,74373000
ZEEL_F1,20211231,10:14,320.90,320.95,320.70,320.95,45000,74373000
ZEEL_F1,20211231,10:15,320.75,320.75,320.75,320.75,3000,74388000
ZEEL_F1,20211231,10:17,320.80,320.80,320.80,320.80,6000,74388000
ZEEL_F1,20211231,10:18,321.00,321.00,321.00,321.00,15000,74361000
ZEEL_F1,20211231,10:19,321.00,321.00,321.00,321.00,3000,74361000
ZEEL_F1,20211231,10:20,321.05,321.05,321.05,321.05,6000,74361000
ZEEL_F1,20211231,10:21,321.00,321.00,320.90,320.90,15000,74352000
ZEEL_F1,20211231,10:22,320.75,320.85,320.75,320.85,12000,74352000
ZEEL_F1,20211231,10:23,320.85,320.85,320.85,320.85,3000,74352000
ZEEL_F1,20211231,10:24,321.15,321.20,321.15,321.20,54000,74322000
ZEEL_F1,20211231,10:25,321.20,321.40,321.20,321.40,18000,74322000
ZEEL_F1,20211231,10:26,321.45,321.45,321.40,321.40,6000,74322000
ZEEL_F1,20211231,10:27,321.25,321.25,321.20,321.20,6000,74349000
ZEEL_F1,20211231,10:28,321.15,321.20,321.10,321.10,12000,74349000
ZEEL_F1,20211231,10:29,320.75,320.75,320.65,320.65,87000,74349000
ZEEL_F1,20211231,10:30,321.00,321.25,320.65,320.65,12000,74415000
ZEEL_F1,20211231,10:31,320.85,321.10,320.85,321.10,9000,74415000
ZEEL_F1,20211231,10:32,321.25,321.30,321.05,321.25,12000,74415000
ZEEL_F1,20211231,10:33,321.20,321.20,321.20,321.20,3000,74427000
ZEEL_F1,20211231,10:34,321.60,321.60,321.15,321.35,63000,74427000
ZEEL_F1,20211231,10:35,321.45,321.65,321.45,321.45,12000,74427000
ZEEL_F1,20211231,10:36,320.95,320.95,320.95,320.95,9000,74418000
ZEEL_F1,20211231,10:37,320.95,320.95,320.85,320.90,12000,74418000
ZEEL_F1,20211231,10:39,321.00,321.25,321.00,321.25,9000,74418000
ZEEL_F1,20211231,10:41,321.00,321.00,321.00,321.00,3000,74427000
ZEEL_F1,20211231,10:43,320.75,320.75,320.75,320.75,3000,74415000
ZEEL_F1,20211231,10:47,321.10,321.10,321.00,321.00,21000,74406000
ZEEL_F1,20211231,10:48,321.10,321.10,321.10,321.10,3000,74406000
ZEEL_F1,20211231,10:49,321.20,321.25,321.20,321.25,6000,74403000
ZEEL_F1,20211231,10:51,321.30,321.30,321.20,321.20,9000,74409000
ZEEL_F1,20211231,10:52,321.35,321.35,321.35,321.35,3000,74409000
ZEEL_F1,20211231,10:54,321.05,321.05,321.05,321.05,3000,74412000
ZEEL_F1,20211231,10:55,321.30,321.30,321.30,321.30,9000,74412000
ZEEL_F1,20211231,10:56,321.25,321.25,321.25,321.25,3000,74412000
ZEEL_F1,20211231,10:57,321.10,321.15,321.10,321.15,9000,74412000
ZEEL_F1,20211231,10:58,321.35,321.35,321.30,321.30,15000,74412000
ZEEL_F1,20211231,10:59,321.10,321.10,321.00,321.00,6000,74412000
ZEEL_F1,20211231,11:00,320.95,320.95,320.95,320.95,6000,74412000
ZEEL_F1,20211231,11:02,320.80,320.80,320.80,320.80,3000,74409000
ZEEL_F1,20211231,11:03,321.00,321.00,320.90,320.90,18000,74409000
ZEEL_F1,20211231,11:04,320.95,321.20,320.95,321.20,33000,74403000
ZEEL_F1,20211231,11:05,321.45,321.55,321.45,321.55,24000,74403000
ZEEL_F1,20211231,11:06,321.85,321.85,321.75,321.75,45000,74403000
ZEEL_F1,20211231,11:07,321.70,321.85,321.70,321.75,39000,74427000
ZEEL_F1,20211231,11:09,322.05,322.05,322.05,322.05,45000,74427000
ZEEL_F1,20211231,11:10,321.75,321.75,321.70,321.70,6000,74442000
ZEEL_F1,20211231,11:11,321.70,321.75,321.70,321.75,21000,74442000
ZEEL_F1,20211231,11:12,321.80,321.80,321.80,321.80,6000,74442000
ZEEL_F1,20211231,11:13,321.60,321.60,321.45,321.45,9000,74451000
ZEEL_F1,20211231,11:14,321.30,321.50,321.30,321.50,6000,74451000
ZEEL_F1,20211231,11:15,321.60,321.60,321.60,321.60,6000,74451000
ZEEL_F1,20211231,11:16,321.80,321.80,321.80,321.80,3000,74445000
ZEEL_F1,20211231,11:17,321.85,321.85,321.70,321.70,12000,74445000
ZEEL_F1,20211231,11:18,321.85,321.85,321.85,321.85,3000,74445000
ZEEL_F1,20211231,11:19,321.60,321.60,321.55,321.55,6000,74448000
ZEEL_F1,20211231,11:20,321.70,321.70,321.65,321.65,12000,74448000
ZEEL_F1,20211231,11:21,321.90,321.90,321.60,321.60,21000,74448000
ZEEL_F1,20211231,11:22,321.60,321.60,321.60,321.60,6000,74457000
ZEEL_F1,20211231,11:24,321.60,321.60,321.60,321.60,3000,74457000
ZEEL_F1,20211231,11:25,321.65,321.75,321.65,321.75,6000,74427000
ZEEL_F1,20211231,11:27,321.75,321.75,321.65,321.65,15000,74430000
ZEEL_F1,20211231,11:28,321.50,321.50,321.50,321.50,9000,74430000
ZEEL_F1,20211231,11:29,321.30,321.30,321.30,321.30,3000,74430000
ZEEL_F1,20211231,11:30,321.55,321.55,321.50,321.50,6000,74442000
ZEEL_F1,20211231,11:32,321.60,321.60,321.60,321.60,3000,74442000
ZEEL_F1,20211231,11:35,321.60,321.60,321.60,321.60,12000,74445000
ZEEL_F1,20211231,11:36,321.65,321.65,321.65,321.65,3000,74445000
ZEEL_F1,20211231,11:37,321.60,321.70,321.60,321.70,12000,74460000
ZEEL_F1,20211231,11:38,321.75,321.75,321.75,321.75,9000,74460000
ZEEL_F1,20211231,11:39,321.75,321.75,321.75,321.75,6000,74460000
ZEEL_F1,20211231,11:41,321.80,321.85,321.75,321.75,33000,74466000
ZEEL_F1,20211231,11:43,321.70,321.70,321.70,321.70,3000,74472000
ZEEL_F1,20211231,11:44,321.50,321.50,321.35,321.35,9000,74472000
ZEEL_F1,20211231,11:45,321.40,321.40,321.40,321.40,3000,74472000
ZEEL_F1,20211231,11:46,321.80,321.80,321.80,321.80,3000,74481000
ZEEL_F1,20211231,11:47,321.75,321.75,321.75,321.75,6000,74481000
ZEEL_F1,20211231,11:48,321.85,321.85,321.80,321.80,6000,74481000
ZEEL_F1,20211231,11:52,321.85,321.90,321.85,321.90,6000,74439000
ZEEL_F1,20211231,11:53,321.85,321.85,321.65,321.65,15000,74439000
ZEEL_F1,20211231,11:54,321.65,321.65,321.65,321.65,6000,74439000
ZEEL_F1,20211231,11:55,321.80,321.90,321.80,321.90,9000,74448000
ZEEL_F1,20211231,11:56,322.10,322.70,322.10,322.70,126000,74448000
ZEEL_F1,20211231,11:57,322.75,324.40,322.75,324.35,276000,74502000
ZEEL_F1,20211231,11:58,324.05,324.15,323.45,323.75,105000,74502000
ZEEL_F1,20211231,11:59,323.35,323.35,322.85,323.00,81000,74502000
ZEEL_F1,20211231,12:00,323.00,323.05,322.75,322.75,69000,74502000
ZEEL_F1,20211231,12:01,322.75,322.90,322.75,322.90,21000,74538000
ZEEL_F1,20211231,12:02,322.90,322.90,322.60,322.60,24000,74538000
ZEEL_F1,20211231,12:03,322.60,322.60,322.50,322.50,6000,74538000
ZEEL_F1,20211231,12:04,322.20,322.20,322.20,322.20,15000,74541000
ZEEL_F1,20211231,12:05,322.35,322.40,322.35,322.35,12000,74541000
ZEEL_F1,20211231,12:06,322.65,322.65,322.65,322.65,39000,74541000
ZEEL_F1,20211231,12:07,322.65,322.70,322.10,322.70,24000,74496000
ZEEL_F1,20211231,12:08,322.60,322.65,322.20,322.20,21000,74496000
ZEEL_F1,20211231,12:09,322.25,322.25,321.95,321.95,21000,74496000
ZEEL_F1,20211231,12:10,322.05,322.10,322.05,322.10,9000,74502000
ZEEL_F1,20211231,12:12,322.10,322.10,322.05,322.05,18000,74502000
ZEEL_F1,20211231,12:13,322.00,322.20,322.00,322.05,9000,74499000
ZEEL_F1,20211231,12:14,322.00,322.00,321.70,321.85,27000,74499000
ZEEL_F1,20211231,12:18,321.90,321.90,321.90,321.90,3000,74511000
ZEEL_F1,20211231,12:20,322.00,322.20,322.00,322.00,27000,74511000
ZEEL_F1,20211231,12:21,322.35,322.40,322.35,322.40,6000,74511000
ZEEL_F1,20211231,12:22,322.25,322.25,322.25,322.25,3000,74493000
ZEEL_F1,20211231,12:23,322.45,322.65,322.45,322.65,12000,74493000
ZEEL_F1,20211231,12:24,322.60,322.75,322.60,322.75,15000,74493000
ZEEL_F1,20211231,12:25,322.70,322.70,322.25,322.35,21000,74493000
ZEEL_F1,20211231,12:27,322.35,322.35,322.25,322.25,21000,74493000
ZEEL_F1,20211231,12:28,322.30,322.30,322.30,322.30,3000,74478000
ZEEL_F1,20211231,12:29,322.10,322.10,322.10,322.10,12000,74478000
ZEEL_F1,20211231,12:30,321.95,321.95,321.95,321.95,3000,74478000
ZEEL_F1,20211231,12:31,322.00,322.15,322.00,322.15,9000,74487000
ZEEL_F1,20211231,12:32,322.20,322.75,322.20,322.75,66000,74487000
ZEEL_F1,20211231,12:33,322.75,322.75,322.50,322.65,18000,74487000
ZEEL_F1,20211231,12:34,322.50,322.50,322.15,322.15,75000,74520000
ZEEL_F1,20211231,12:35,322.20,322.25,322.20,322.25,6000,74520000
ZEEL_F1,20211231,12:36,322.20,322.45,322.15,322.45,9000,74520000
ZEEL_F1,20211231,12:37,322.60,322.75,322.60,322.75,9000,74511000
ZEEL_F1,20211231,12:38,322.85,322.85,322.70,322.70,18000,74511000
ZEEL_F1,20211231,12:39,323.10,323.10,322.95,322.95,18000,74511000
ZEEL_F1,20211231,12:40,323.10,323.40,323.10,323.30,18000,74502000
ZEEL_F1,20211231,12:41,323.10,323.30,322.90,322.90,24000,74502000
ZEEL_F1,20211231,12:42,323.00,323.00,323.00,323.00,6000,74502000
ZEEL_F1,20211231,12:43,322.85,323.00,322.80,323.00,24000,74523000
ZEEL_F1,20211231,12:44,323.00,323.00,323.00,323.00,6000,74523000
ZEEL_F1,20211231,12:45,323.00,323.55,323.00,323.50,120000,74523000
ZEEL_F1,20211231,12:46,323.60,323.60,323.10,323.15,27000,74517000
ZEEL_F1,20211231,12:48,323.20,323.20,323.15,323.20,12000,74517000
ZEEL_F1,20211231,12:49,323.45,323.45,323.40,323.40,9000,74475000
ZEEL_F1,20211231,12:50,323.30,323.30,323.10,323.10,27000,74475000
ZEEL_F1,20211231,12:51,323.15,323.15,323.15,323.15,12000,74475000
ZEEL_F1,20211231,12:52,323.10,323.10,323.10,323.10,3000,74487000
ZEEL_F1,20211231,12:53,323.05,323.05,323.05,323.05,6000,74487000
ZEEL_F1,20211231,12:54,322.85,322.85,322.85,322.85,6000,74487000
ZEEL_F1,20211231,12:55,322.90,323.45,322.90,323.45,39000,74496000
ZEEL_F1,20211231,12:56,323.55,323.55,323.00,323.00,18000,74496000
ZEEL_F1,20211231,12:57,323.00,323.10,323.00,323.05,15000,74496000
ZEEL_F1,20211231,12:58,323.05,323.05,323.05,323.05,3000,74496000
ZEEL_F1,20211231,12:59,322.85,322.90,322.85,322.90,9000,74514000
ZEEL_F1,20211231,13:00,322.90,322.90,322.75,322.75,9000,74514000
ZEEL_F1,20211231,13:01,323.00,324.20,323.00,324.00,207000,74511000
ZEEL_F1,20211231,13:02,324.05,324.30,323.95,324.10,99000,74511000
ZEEL_F1,20211231,13:03,324.00,324.05,323.70,324.00,90000,74511000
ZEEL_F1,20211231,13:04,324.00,324.10,323.75,324.10,138000,74583000
ZEEL_F1,20211231,13:05,324.10,324.30,324.10,324.10,51000,74583000
ZEEL_F1,20211231,13:06,324.10,324.10,323.70,323.70,57000,74583000
ZEEL_F1,20211231,13:07,323.45,323.45,323.35,323.35,21000,74613000
ZEEL_F1,20211231,13:08,323.10,323.10,323.00,323.00,24000,74613000
ZEEL_F1,20211231,13:09,323.00,323.00,323.00,323.00,3000,74613000
ZEEL_F1,20211231,13:10,323.05,323.05,323.05,323.05,6000,74574000
ZEEL_F1,20211231,13:11,323.00,323.15,322.90,322.90,9000,74574000
ZEEL_F1,20211231,13:12,323.15,323.30,323.15,323.30,6000,74574000
ZEEL_F1,20211231,13:13,323.10,323.15,323.10,323.15,6000,74553000
ZEEL_F1,20211231,13:14,323.00,323.10,323.00,323.05,15000,74553000
ZEEL_F1,20211231,13:15,323.30,323.65,323.30,323.65,24000,74553000
ZEEL_F1,20211231,13:16,323.50,323.50,323.10,323.10,24000,74574000
ZEEL_F1,20211231,13:17,323.20,323.20,323.20,323.20,3000,74574000
ZEEL_F1,20211231,13:18,323.40,323.40,323.20,323.35,15000,74574000
ZEEL_F1,20211231,13:19,323.05,323.20,323.00,323.00,39000,74574000
ZEEL_F1,20211231,13:20,323.20,323.20,323.20,323.20,9000,74574000
ZEEL_F1,20211231,13:21,323.35,323.35,323.35,323.35,3000,74574000
ZEEL_F1,20211231,13:22,323.50,323.50,323.40,323.40,6000,74574000
ZEEL_F1,20211231,13:23,323.20,323.20,323.00,323.00,6000,74574000
ZEEL_F1,20211231,13:24,323.10,323.40,323.10,323.20,12000,74574000
ZEEL_F1,20211231,13:25,323.35,323.35,323.10,323.10,6000,74568000
ZEEL_F1,20211231,13:26,323.25,323.25,323.05,323.05,9000,74568000
ZEEL_F1,20211231,13:27,323.20,323.20,323.00,323.00,6000,74568000
ZEEL_F1,20211231,13:28,323.00,323.30,322.90,323.20,18000,74571000
ZEEL_F1,20211231,13:29,323.20,323.20,323.20,323.20,3000,74571000
ZEEL_F1,20211231,13:30,323.10,323.10,323.10,323.10,3000,74571000
ZEEL_F1,20211231,13:31,323.05,323.05,323.05,323.05,9000,74571000
ZEEL_F1,20211231,13:32,323.45,323.65,323.40,323.40,21000,74571000
ZEEL_F1,20211231,13:33,323.15,323.15,323.15,323.15,3000,74571000
ZEEL_F1,20211231,13:34,323.30,323.30,323.30,323.30,3000,74532000
ZEEL_F1,20211231,13:35,323.40,323.40,323.40,323.40,3000,74532000
ZEEL_F1,20211231,13:36,323.40,323.40,323.40,323.40,3000,74532000
ZEEL_F1,20211231,13:37,323.25,323.90,323.25,323.90,39000,74523000
ZEEL_F1,20211231,13:38,323.85,324.75,323.85,324.60,117000,74523000
ZEEL_F1,20211231,13:39,324.50,324.75,324.25,324.75,57000,74523000
ZEEL_F1,20211231,13:40,324.35,324.75,324.35,324.45,48000,74559000
ZEEL_F1,20211231,13:41,324.65,324.65,324.25,324.25,18000,74559000
ZEEL_F1,20211231,13:42,324.25,324.50,324.25,324.30,27000,74559000
ZEEL_F1,20211231,13:43,324.25,324.50,324.25,324.25,21000,74571000
ZEEL_F1,20211231,13:44,324.00,324.00,323.95,324.00,27000,74571000
ZEEL_F1,20211231,13:45,324.05,324.15,323.85,323.85,27000,74571000
ZEEL_F1,20211231,13:46,324.00,324.00,323.80,323.80,18000,74553000
ZEEL_F1,20211231,13:47,323.55,323.55,323.15,323.15,51000,74553000
ZEEL_F1,20211231,13:48,323.40,323.40,323.40,323.40,3000,74553000
ZEEL_F1,20211231,13:49,323.30,323.30,323.20,323.20,9000,74541000
ZEEL_F1,20211231,13:50,323.05,323.05,322.95,322.95,18000,74541000
ZEEL_F1,20211231,13:51,322.80,322.80,322.70,322.70,9000,74541000
ZEEL_F1,20211231,13:52,322.75,322.75,322.65,322.65,6000,74541000
ZEEL_F1,20211231,13:53,322.55,322.55,322.45,322.45,21000,74541000
ZEEL_F1,20211231,13:54,322.30,322.30,322.30,322.30,6000,74541000
ZEEL_F1,20211231,13:55,322.30,322.30,322.30,322.30,9000,74541000
ZEEL_F1,20211231,13:56,322.30,322.30,322.30,322.30,6000,74550000
ZEEL_F1,20211231,13:57,322.30,322.55,322.30,322.55,6000,74550000
ZEEL_F1,20211231,13:58,322.30,322.30,322.20,322.20,6000,74559000
ZEEL_F1,20211231,13:59,322.20,322.40,322.20,322.30,18000,74559000
ZEEL_F1,20211231,14:00,322.30,322.30,322.30,322.30,3000,74559000
ZEEL_F1,20211231,14:01,322.25,322.25,322.15,322.15,12000,74559000
ZEEL_F1,20211231,14:02,322.05,322.05,322.05,322.05,3000,74562000
ZEEL_F1,20211231,14:03,322.20,322.50,322.20,322.30,15000,74562000
ZEEL_F1,20211231,14:04,322.35,322.35,322.35,322.35,3000,74562000
ZEEL_F1,20211231,14:05,322.40,322.40,322.40,322.40,3000,74565000
ZEEL_F1,20211231,14:06,322.25,322.40,322.25,322.40,6000,74565000
ZEEL_F1,20211231,14:07,322.75,322.90,322.75,322.90,18000,74565000
ZEEL_F1,20211231,14:10,322.70,322.70,322.70,322.70,3000,74568000
ZEEL_F1,20211231,14:11,322.70,322.80,322.30,322.30,18000,74553000
ZEEL_F1,20211231,14:12,322.20,322.20,321.85,321.85,27000,74553000
ZEEL_F1,20211231,14:13,321.80,321.80,321.35,321.50,42000,74565000
ZEEL_F1,20211231,14:14,321.45,321.70,321.45,321.70,18000,74565000
ZEEL_F1,20211231,14:15,321.80,321.80,321.80,321.80,6000,74565000
ZEEL_F1,20211231,14:16,321.65,321.70,321.65,321.70,9000,74565000
ZEEL_F1,20211231,14:17,321.75,322.05,321.75,321.90,21000,74577000
ZEEL_F1,20211231,14:18,322.15,322.15,322.15,322.15,3000,74577000
ZEEL_F1,20211231,14:19,322.35,322.35,322.35,322.35,6000,74577000
ZEEL_F1,20211231,14:20,322.05,322.05,321.70,321.70,9000,74577000
ZEEL_F1,20211231,14:21,322.15,322.15,322.15,322.15,6000,74577000
ZEEL_F1,20211231,14:22,322.30,322.30,322.15,322.15,21000,74577000
ZEEL_F1,20211231,14:23,321.80,322.20,321.80,322.15,24000,74577000
ZEEL_F1,20211231,14:25,322.60,322.60,322.20,322.20,15000,74577000
ZEEL_F1,20211231,14:26,322.15,322.15,322.00,322.10,24000,74568000
ZEEL_F1,20211231,14:27,322.10,322.15,322.10,322.15,6000,74568000
ZEEL_F1,20211231,14:29,322.15,322.15,322.15,322.15,3000,74577000
ZEEL_F1,20211231,14:30,322.00,322.00,322.00,322.00,3000,74577000
ZEEL_F1,20211231,14:31,322.45,322.45,322.45,322.45,3000,74577000
ZEEL_F1,20211231,14:32,322.30,322.30,322.30,322.30,3000,74577000
ZEEL_F1,20211231,14:33,322.55,322.80,322.55,322.80,39000,74577000
ZEEL_F1,20211231,14:36,322.50,323.15,322.50,323.15,63000,74586000
ZEEL_F1,20211231,14:37,322.90,322.90,322.70,322.90,27000,74586000
ZEEL_F1,20211231,14:38,322.75,322.75,322.60,322.60,18000,74616000
ZEEL_F1,20211231,14:39,322.50,322.50,322.50,322.50,3000,74616000
ZEEL_F1,20211231,14:40,322.50,323.00,322.50,322.95,24000,74631000
ZEEL_F1,20211231,14:41,322.50,322.60,322.50,322.60,15000,74631000
ZEEL_F1,20211231,14:42,322.70,322.90,322.55,322.55,27000,74631000
ZEEL_F1,20211231,14:45,322.80,322.80,322.80,322.80,3000,74628000
ZEEL_F1,20211231,14:46,322.95,322.95,322.70,322.70,15000,74631000
ZEEL_F1,20211231,14:47,322.95,323.25,322.95,323.25,21000,74631000
ZEEL_F1,20211231,14:48,323.25,323.25,323.25,323.25,12000,74631000
ZEEL_F1,20211231,14:49,323.10,323.10,323.00,323.00,6000,74631000
ZEEL_F1,20211231,14:51,323.05,323.05,323.05,323.05,3000,74601000
ZEEL_F1,20211231,14:53,322.80,323.15,322.80,323.15,6000,74601000
ZEEL_F1,20211231,14:54,323.20,323.25,322.75,323.00,18000,74601000
ZEEL_F1,20211231,14:57,323.10,323.35,323.10,323.35,30000,74607000
ZEEL_F1,20211231,14:58,323.00,323.00,322.70,322.80,21000,74607000
ZEEL_F1,20211231,14:59,322.20,322.20,322.05,322.05,57000,74634000
ZEEL_F1,20211231,15:00,322.25,322.25,322.25,322.25,6000,74634000
ZEEL_F1,20211231,15:01,322.00,322.15,322.00,322.15,27000,74634000
ZEEL_F1,20211231,15:02,322.30,323.05,322.30,322.95,30000,74625000
ZEEL_F1,20211231,15:03,322.55,322.55,322.45,322.45,12000,74625000
ZEEL_F1,20211231,15:04,322.55,322.65,322.55,322.65,18000,74625000
ZEEL_F1,20211231,15:06,322.55,322.80,322.55,322.75,9000,74646000
ZEEL_F1,20211231,15:07,322.75,322.85,322.70,322.70,18000,74658000
ZEEL_F1,20211231,15:08,322.65,322.65,322.60,322.60,15000,74658000
ZEEL_F1,20211231,15:09,322.80,323.10,322.80,322.90,33000,74658000
ZEEL_F1,20211231,15:10,322.90,322.90,322.90,322.90,6000,74658000
ZEEL_F1,20211231,15:11,322.85,323.20,322.85,323.20,42000,74649000
ZEEL_F1,20211231,15:12,323.20,323.40,322.80,322.80,102000,74649000
ZEEL_F1,20211231,15:13,322.90,322.90,322.90,322.90,3000,74679000
ZEEL_F1,20211231,15:14,322.80,323.00,322.80,323.00,45000,74679000
ZEEL_F1,20211231,15:15,323.20,323.20,322.75,323.00,69000,74679000
ZEEL_F1,20211231,15:16,323.10,323.60,323.00,323.50,132000,74709000
ZEEL_F1,20211231,15:17,323.60,323.60,323.30,323.50,60000,74709000
ZEEL_F1,20211231,15:18,323.50,323.60,323.20,323.20,39000,74709000
ZEEL_F1,20211231,15:19,323.25,323.25,322.85,323.05,69000,74691000
ZEEL_F1,20211231,15:20,322.80,322.85,322.80,322.80,39000,74691000
ZEEL_F1,20211231,15:21,323.00,323.00,322.70,322.70,72000,74691000
ZEEL_F1,20211231,15:22,322.90,322.90,322.20,322.50,42000,74691000
ZEEL_F1,20211231,15:23,322.40,322.40,322.30,322.30,21000,74685000
ZEEL_F1,20211231,15:24,322.20,322.45,322.20,322.45,27000,74685000
ZEEL_F1,20211231,15:25,322.40,322.65,322.40,322.65,15000,74670000
ZEEL_F1,20211231,15:26,322.50,322.70,322.25,322.45,33000,74670000
ZEEL_F1,20211231,15:27,322.25,322.25,321.80,321.80,81000,74670000
ZEEL_F1,20211231,15:28,321.80,321.85,321.15,321.25,144000,74778000
ZEEL_F1,20211231,15:29,321.60,322.00,321.50,322.00,90000,74778000
ZEEL_F1,20211231,15:30,322.00,322.05,321.85,322.05,90000,74778000
ZEEL_F1,20211231,18:14,322.60,322.60,322.60,322.60,1,74712000
