IBULHSGFIN,20180713,09:08,1148.45,1148.45,1148.45,1148.45,135
IBULHSGFIN,20180713,09:16,1148,1151.05,1147.6,1149.75,1686
IBULHSGFIN,20180713,09:17,1149.5,1150,1148.5,1149.55,1568
IBULHSGFIN,20180713,09:18,1149.55,1151.05,1149.55,1150.05,8386
IBULHSGFIN,20180713,09:19,1150.3,1153.65,1150.3,1151.55,4082
IBULHSGFIN,20180713,09:20,1152.6,1152.6,1151.25,1151.65,1854
IBULHSGFIN,20180713,09:21,1151.5,1152.25,1151.5,1151.7,767
IBULHSGFIN,20180713,09:22,1152.15,1152.15,1148,1148,2350
IBULHSGFIN,20180713,09:23,1148,1148,1145,1145.5,5799
IBULHSGFIN,20180713,09:24,1145.5,1146.8,1145.25,1146.45,2208
IBULHSGFIN,20180713,09:25,1146.05,1146.05,1145,1145.7,2435
IBULHSGFIN,20180713,09:26,1145.05,1146.8,1145.05,1146.05,5672
IBULHSGFIN,20180713,09:27,1146.8,1147.4,1145.5,1145.5,1495
IBULHSGFIN,20180713,09:28,1145.55,1148.85,1145.55,1148.85,786
IBULHSGFIN,20180713,09:29,1148.4,1148.5,1146.25,1146.25,583
IBULHSGFIN,20180713,09:30,1147.1,1148.05,1146.35,1148.05,1128
IBULHSGFIN,20180713,09:31,1148.5,1148.8,1147.1,1147.15,3389
IBULHSGFIN,20180713,09:32,1147.2,1147.95,1147.2,1147.3,739
IBULHSGFIN,20180713,09:33,1147,1147.2,1146.35,1146.35,627
IBULHSGFIN,20180713,09:34,1146.5,1147,1145.55,1146.25,1420
IBULHSGFIN,20180713,09:35,1145.6,1147.9,1145.6,1147.05,1691
IBULHSGFIN,20180713,09:36,1147.45,1147.8,1147.2,1147.3,637
IBULHSGFIN,20180713,09:37,1147.3,1147.3,1146.25,1146.4,1107
IBULHSGFIN,20180713,09:38,1146.45,1146.75,1143.5,1143.85,7245
IBULHSGFIN,20180713,09:39,1143.85,1143.85,1142,1142.45,2296
IBULHSGFIN,20180713,09:40,1142.45,1142.6,1141.25,1142.2,2139
IBULHSGFIN,20180713,09:41,1142.25,1144.5,1142.1,1143.9,1274
IBULHSGFIN,20180713,09:42,1144.5,1144.5,1143.2,1143.65,1060
IBULHSGFIN,20180713,09:43,1143.65,1143.65,1140.95,1141.5,9061
IBULHSGFIN,20180713,09:44,1141.55,1142.1,1141.3,1141.6,1542
IBULHSGFIN,20180713,09:45,1142,1142,1140.9,1140.95,7408
IBULHSGFIN,20180713,09:46,1141,1141,1136,1136.75,5852
IBULHSGFIN,20180713,09:47,1137.6,1137.95,1135,1136.6,8126
IBULHSGFIN,20180713,09:48,1136.6,1136.95,1135.9,1136.05,1302
IBULHSGFIN,20180713,09:49,1136.05,1137,1136.05,1136.55,6990
IBULHSGFIN,20180713,09:50,1137.25,1137.6,1136,1136,1830
IBULHSGFIN,20180713,09:51,1136.05,1137,1136,1136,2335
IBULHSGFIN,20180713,09:52,1136.15,1136.95,1136,1136.6,2427
IBULHSGFIN,20180713,09:53,1136.6,1136.9,1135.65,1135.95,957
IBULHSGFIN,20180713,09:54,1135.5,1136,1132.9,1133,3635
IBULHSGFIN,20180713,09:55,1133,1136.4,1132.9,1135.75,6681
IBULHSGFIN,20180713,09:56,1136.2,1137.9,1135.8,1137.3,1483
IBULHSGFIN,20180713,09:57,1137.85,1138.5,1137.6,1138.2,1221
IBULHSGFIN,20180713,09:58,1138.2,1139.25,1137.85,1138.35,1398
IBULHSGFIN,20180713,09:59,1138.35,1138.45,1137.05,1137.2,1355
IBULHSGFIN,20180713,10:00,1137.2,1137.95,1136.75,1136.95,857
IBULHSGFIN,20180713,10:01,1137,1137,1136.1,1136.95,849
IBULHSGFIN,20180713,10:02,1136.15,1136.15,1134,1134,1777
IBULHSGFIN,20180713,10:03,1134,1134.2,1133.2,1133.6,964
IBULHSGFIN,20180713,10:04,1133.35,1134.1,1132.25,1133.2,3377
IBULHSGFIN,20180713,10:05,1132.7,1133.4,1132.1,1132.15,1525
IBULHSGFIN,20180713,10:06,1132,1132.05,1131,1131,1980
IBULHSGFIN,20180713,10:07,1131,1131.25,1129.05,1129.3,9425
IBULHSGFIN,20180713,10:08,1129.35,1130,1129.15,1129.55,2035
IBULHSGFIN,20180713,10:09,1129.55,1129.9,1127.6,1127.85,3081
IBULHSGFIN,20180713,10:10,1127.85,1127.95,1127,1127.1,1538
IBULHSGFIN,20180713,10:11,1127,1127.85,1126.35,1127,1966
IBULHSGFIN,20180713,10:12,1126.5,1127,1125.1,1126.05,3891
IBULHSGFIN,20180713,10:13,1126.35,1126.35,1124,1125.55,3342
IBULHSGFIN,20180713,10:14,1125.5,1126.35,1122.8,1124.65,11109
IBULHSGFIN,20180713,10:15,1124.5,1126.1,1123,1125.25,11448
IBULHSGFIN,20180713,10:16,1125.8,1126,1123.5,1123.5,2199
IBULHSGFIN,20180713,10:17,1123.55,1125.75,1123.05,1125.1,1872
IBULHSGFIN,20180713,10:18,1125.1,1126.55,1125.1,1126.5,2112
IBULHSGFIN,20180713,10:19,1126.5,1127.4,1126.5,1127.4,1306
IBULHSGFIN,20180713,10:20,1128.25,1129.2,1127.9,1127.9,2941
IBULHSGFIN,20180713,10:21,1127.2,1127.9,1126.5,1126.5,554
IBULHSGFIN,20180713,10:22,1126.65,1127.05,1125.4,1126.1,2659
IBULHSGFIN,20180713,10:23,1125.55,1126.3,1124.25,1124.35,2876
IBULHSGFIN,20180713,10:24,1124.4,1125.35,1123.55,1125.35,701
IBULHSGFIN,20180713,10:25,1124.95,1126.25,1124.95,1126.2,832
IBULHSGFIN,20180713,10:26,1125.6,1128.4,1125.6,1128.4,2208
IBULHSGFIN,20180713,10:27,1129,1129.75,1129,1129,699
IBULHSGFIN,20180713,10:28,1129,1129.35,1128.85,1128.85,626
IBULHSGFIN,20180713,10:29,1128.9,1129,1127.15,1127.15,1917
IBULHSGFIN,20180713,10:30,1127.2,1127.7,1126.2,1126.2,554
IBULHSGFIN,20180713,10:31,1126,1127.3,1126,1126.95,980
IBULHSGFIN,20180713,10:32,1126.95,1127.75,1126.95,1127.7,473
IBULHSGFIN,20180713,10:33,1127.45,1127.7,1127.1,1127.5,573
IBULHSGFIN,20180713,10:34,1127.55,1127.55,1127,1127,324
IBULHSGFIN,20180713,10:35,1127.35,1128,1127.2,1127.7,980
IBULHSGFIN,20180713,10:36,1127.7,1128,1127.05,1127.1,400
IBULHSGFIN,20180713,10:37,1127.7,1127.7,1127.15,1127.25,584
IBULHSGFIN,20180713,10:38,1127.15,1127.7,1125.85,1126.15,1124
IBULHSGFIN,20180713,10:39,1126.05,1126.15,1125.25,1125.55,365
IBULHSGFIN,20180713,10:40,1125.75,1126.35,1125.75,1126.35,461
IBULHSGFIN,20180713,10:41,1126.35,1127,1126.35,1127,216
IBULHSGFIN,20180713,10:42,1126.9,1127,1126.05,1126.05,683
IBULHSGFIN,20180713,10:43,1125.85,1126.65,1125.85,1126.55,384
IBULHSGFIN,20180713,10:44,1126.2,1126.2,1125.4,1125.75,403
IBULHSGFIN,20180713,10:45,1125.65,1125.65,1125.05,1125.1,399
IBULHSGFIN,20180713,10:46,1125.4,1125.4,1125,1125.35,394
IBULHSGFIN,20180713,10:47,1125.1,1125.1,1124.5,1124.5,999
IBULHSGFIN,20180713,10:48,1124.4,1124.65,1124.2,1124.5,1010
IBULHSGFIN,20180713,10:49,1124.75,1125.45,1124.45,1124.6,464
IBULHSGFIN,20180713,10:50,1124.45,1124.5,1124.25,1124.5,111
IBULHSGFIN,20180713,10:51,1124.5,1125.7,1124.15,1124.15,703
IBULHSGFIN,20180713,10:52,1124.4,1124.5,1123.1,1123.3,1977
IBULHSGFIN,20180713,10:53,1123.75,1125.5,1123.4,1124.4,1196
IBULHSGFIN,20180713,10:54,1124.85,1125.15,1124.15,1125,1094
IBULHSGFIN,20180713,10:55,1125.05,1125.8,1124.1,1125.15,1783
IBULHSGFIN,20180713,10:56,1125.1,1125.75,1125,1125.75,1932
IBULHSGFIN,20180713,10:57,1125.75,1126.25,1125.25,1125.95,524
IBULHSGFIN,20180713,10:58,1126.3,1126.95,1126,1126.15,955
IBULHSGFIN,20180713,10:59,1127,1128,1126.35,1127.55,2306
IBULHSGFIN,20180713,11:00,1127.65,1127.85,1127.5,1127.55,2407
IBULHSGFIN,20180713,11:01,1127.8,1127.8,1127.5,1127.5,560
IBULHSGFIN,20180713,11:02,1127.55,1127.55,1127.5,1127.55,1514
IBULHSGFIN,20180713,11:03,1127.55,1127.9,1127.55,1127.7,413
IBULHSGFIN,20180713,11:04,1127.7,1128.95,1127.05,1128.25,2639
IBULHSGFIN,20180713,11:05,1129,1129,1127.6,1127.65,1736
IBULHSGFIN,20180713,11:06,1127.7,1128.15,1127.7,1128.15,164
IBULHSGFIN,20180713,11:07,1128,1128.95,1127.5,1128.95,1788
IBULHSGFIN,20180713,11:08,1128.25,1128.85,1128.15,1128.15,455
IBULHSGFIN,20180713,11:09,1128.25,1128.45,1127.75,1127.75,500
IBULHSGFIN,20180713,11:10,1127.75,1128.5,1127.75,1128.05,246
IBULHSGFIN,20180713,11:11,1128,1129.5,1128,1129.5,305
IBULHSGFIN,20180713,11:12,1129.6,1131,1129.6,1131,2163
IBULHSGFIN,20180713,11:13,1130.95,1131,1129.05,1129.15,960
IBULHSGFIN,20180713,11:14,1129.35,1130,1129.15,1129.55,1105
IBULHSGFIN,20180713,11:15,1129.5,1129.6,1129.15,1129.4,791
IBULHSGFIN,20180713,11:16,1129.4,1129.45,1129.15,1129.2,213
IBULHSGFIN,20180713,11:17,1129.6,1130,1129.6,1129.85,164
IBULHSGFIN,20180713,11:18,1130,1130.8,1130,1130.5,412
IBULHSGFIN,20180713,11:19,1130.5,1130.5,1130,1130.4,310
IBULHSGFIN,20180713,11:20,1130.4,1132.6,1130.1,1131.9,1448
IBULHSGFIN,20180713,11:21,1132,1132,1131.55,1131.55,532
IBULHSGFIN,20180713,11:22,1132,1132,1131,1131.05,1303
IBULHSGFIN,20180713,11:23,1131.1,1131.1,1130.4,1130.75,2098
IBULHSGFIN,20180713,11:24,1130.75,1131.3,1130.45,1130.9,492
IBULHSGFIN,20180713,11:25,1131.25,1132,1131.25,1132,149
IBULHSGFIN,20180713,11:26,1132,1132.9,1131.8,1132.55,1121
IBULHSGFIN,20180713,11:27,1132.9,1133.55,1132.55,1133.55,314
IBULHSGFIN,20180713,11:28,1133.5,1133.6,1133.05,1133.05,490
IBULHSGFIN,20180713,11:29,1133.1,1133.1,1132.6,1132.6,1369
IBULHSGFIN,20180713,11:30,1132.3,1132.6,1132.25,1132.6,477
IBULHSGFIN,20180713,11:31,1132.7,1133,1132.45,1132.6,539
IBULHSGFIN,20180713,11:32,1133.25,1133.35,1132.65,1132.8,416
IBULHSGFIN,20180713,11:33,1133.15,1135.65,1133.15,1135,2942
IBULHSGFIN,20180713,11:34,1134.8,1134.8,1133.45,1134,538
IBULHSGFIN,20180713,11:35,1134.2,1135.6,1134,1134,914
IBULHSGFIN,20180713,11:36,1134.05,1135,1133.25,1133.25,2410
IBULHSGFIN,20180713,11:37,1133.35,1135.95,1132.85,1135.9,1201
IBULHSGFIN,20180713,11:38,1135.9,1136.5,1135.3,1136.5,1077
IBULHSGFIN,20180713,11:39,1136.5,1137,1136,1136,1284
IBULHSGFIN,20180713,11:40,1136.2,1136.8,1136.15,1136.2,817
IBULHSGFIN,20180713,11:41,1136.65,1136.65,1136,1136.1,260
IBULHSGFIN,20180713,11:42,1136.1,1136.9,1136,1136.3,1583
IBULHSGFIN,20180713,11:43,1136.3,1136.3,1135.1,1135.15,643
IBULHSGFIN,20180713,11:44,1135.85,1135.85,1134.9,1135.2,1140
IBULHSGFIN,20180713,11:45,1135.4,1135.75,1134.65,1134.8,1498
IBULHSGFIN,20180713,11:46,1134.85,1135,1134.45,1134.7,425
IBULHSGFIN,20180713,11:47,1134.75,1136.3,1134.75,1136.3,1083
IBULHSGFIN,20180713,11:48,1135.9,1136,1134.9,1135,624
IBULHSGFIN,20180713,11:49,1134.9,1135.5,1134.6,1134.65,421
IBULHSGFIN,20180713,11:50,1135.05,1136,1134.9,1136,465
IBULHSGFIN,20180713,11:51,1135.35,1136,1135.35,1135.95,1140
IBULHSGFIN,20180713,11:52,1136,1140.65,1136,1138.65,10877
IBULHSGFIN,20180713,11:53,1138.7,1139.7,1138.7,1139.3,660
IBULHSGFIN,20180713,11:54,1139.5,1139.7,1138.95,1139,777
IBULHSGFIN,20180713,11:55,1139,1139,1137.85,1137.9,827
IBULHSGFIN,20180713,11:56,1137.95,1138.65,1137.5,1137.5,820
IBULHSGFIN,20180713,11:57,1137.55,1138.35,1137.15,1137.95,345
IBULHSGFIN,20180713,11:58,1138.4,1138.6,1137.8,1138.45,562
IBULHSGFIN,20180713,11:59,1138.45,1140.4,1138.45,1140.4,2406
IBULHSGFIN,20180713,12:00,1140.15,1141.5,1139.5,1141.5,3148
IBULHSGFIN,20180713,12:01,1141,1141.6,1140.5,1141.6,2152
IBULHSGFIN,20180713,12:02,1141.15,1141.6,1140,1141.05,1869
IBULHSGFIN,20180713,12:03,1141.05,1141.15,1140.3,1140.65,356
IBULHSGFIN,20180713,12:04,1140.65,1141,1140,1140.75,990
IBULHSGFIN,20180713,12:05,1140.7,1140.7,1140,1140,843
IBULHSGFIN,20180713,12:06,1140,1140,1139.05,1139.1,774
IBULHSGFIN,20180713,12:07,1139.15,1139.8,1139.15,1139.35,67
IBULHSGFIN,20180713,12:08,1139.35,1139.35,1138.15,1138.15,400
IBULHSGFIN,20180713,12:09,1138.15,1138.5,1138.1,1138.1,117
IBULHSGFIN,20180713,12:10,1138.5,1138.5,1136.35,1136.95,1279
IBULHSGFIN,20180713,12:11,1136.95,1138.25,1136.95,1137.8,598
IBULHSGFIN,20180713,12:12,1137.8,1138.5,1137.8,1138.5,214
IBULHSGFIN,20180713,12:13,1138.25,1139.55,1138.25,1139.25,591
IBULHSGFIN,20180713,12:14,1139.25,1139.7,1138.75,1138.95,141
IBULHSGFIN,20180713,12:15,1138.75,1139.1,1138.75,1139.1,33
IBULHSGFIN,20180713,12:16,1139.1,1139.5,1139.05,1139.4,304
IBULHSGFIN,20180713,12:17,1139.4,1139.7,1139.25,1139.7,209
IBULHSGFIN,20180713,12:18,1139.65,1139.7,1138,1138.05,487
IBULHSGFIN,20180713,12:19,1138.05,1138.45,1138,1138.35,44
IBULHSGFIN,20180713,12:20,1138.8,1139.35,1138.8,1138.95,96
IBULHSGFIN,20180713,12:21,1139.45,1139.5,1137.6,1137.6,814
IBULHSGFIN,20180713,12:22,1137.95,1138.25,1137.9,1138,106
IBULHSGFIN,20180713,12:23,1138.05,1138.15,1138.05,1138.15,83
IBULHSGFIN,20180713,12:24,1138.15,1139.65,1138.15,1139.15,60
IBULHSGFIN,20180713,12:25,1139.25,1139.7,1139.1,1139.1,234
IBULHSGFIN,20180713,12:26,1139.1,1139.15,1139.1,1139.15,44
IBULHSGFIN,20180713,12:27,1139.15,1139.2,1139.15,1139.2,41
IBULHSGFIN,20180713,12:28,1139.45,1139.7,1139.45,1139.7,393
IBULHSGFIN,20180713,12:29,1139.65,1139.7,1137.1,1138,541
IBULHSGFIN,20180713,12:30,1137.35,1137.7,1136.4,1136.65,403
IBULHSGFIN,20180713,12:31,1137.4,1139.6,1136.95,1139,516
IBULHSGFIN,20180713,12:32,1139,1139.45,1139,1139.2,209
IBULHSGFIN,20180713,12:33,1139.45,1139.7,1139,1139,1466
IBULHSGFIN,20180713,12:34,1139,1139.65,1137.8,1137.8,383
IBULHSGFIN,20180713,12:35,1137.9,1138.75,1137.9,1138.65,162
IBULHSGFIN,20180713,12:36,1138.45,1139.3,1138.25,1138.85,199
IBULHSGFIN,20180713,12:37,1138.85,1138.85,1138.15,1138.15,147
IBULHSGFIN,20180713,12:38,1138.15,1138.3,1138.15,1138.3,56
IBULHSGFIN,20180713,12:39,1138.3,1138.65,1138.3,1138.65,69
IBULHSGFIN,20180713,12:40,1138.65,1139,1138.65,1138.65,37
IBULHSGFIN,20180713,12:41,1139,1139.4,1138.75,1139.4,1556
IBULHSGFIN,20180713,12:42,1139.2,1140,1139.15,1139.15,864
IBULHSGFIN,20180713,12:43,1139.55,1139.55,1138.65,1139,418
IBULHSGFIN,20180713,12:44,1139,1139.25,1137.9,1138.95,551
IBULHSGFIN,20180713,12:45,1138.35,1138.85,1136.5,1136.5,714
IBULHSGFIN,20180713,12:46,1137.3,1137.3,1136.55,1136.65,206
IBULHSGFIN,20180713,12:47,1137.2,1137.3,1136.9,1137.1,147
IBULHSGFIN,20180713,12:48,1136.9,1137.7,1136.4,1137.7,1081
IBULHSGFIN,20180713,12:49,1137.7,1137.7,1136.4,1136.5,653
IBULHSGFIN,20180713,12:50,1137.25,1138.4,1136.65,1138.4,2030
IBULHSGFIN,20180713,12:51,1138.5,1140.55,1137.75,1138.5,8064
IBULHSGFIN,20180713,12:52,1138.5,1139.5,1138.5,1139.5,929
IBULHSGFIN,20180713,12:53,1139.25,1139.85,1138.75,1138.95,1494
IBULHSGFIN,20180713,12:54,1139.45,1139.45,1138,1138,371
IBULHSGFIN,20180713,12:55,1138.8,1138.8,1137.3,1137.55,556
IBULHSGFIN,20180713,12:56,1137.95,1137.95,1136.6,1137.15,1159
IBULHSGFIN,20180713,12:57,1136.75,1136.95,1135.45,1135.7,3380
IBULHSGFIN,20180713,12:58,1135.1,1136,1135,1135,1143
IBULHSGFIN,20180713,12:59,1135.45,1135.45,1135,1135,385
IBULHSGFIN,20180713,13:00,1135.45,1135.45,1134.2,1134.75,1895
IBULHSGFIN,20180713,13:01,1134.75,1135.15,1134.4,1134.5,416
IBULHSGFIN,20180713,13:02,1134.95,1134.95,1134.05,1134.15,425
IBULHSGFIN,20180713,13:03,1134.75,1134.75,1133.15,1133.15,1024
IBULHSGFIN,20180713,13:04,1133.2,1133.7,1133,1133.25,1145
IBULHSGFIN,20180713,13:05,1133.75,1133.8,1132,1132,806
IBULHSGFIN,20180713,13:06,1132.4,1132.65,1131.2,1131.25,1710
IBULHSGFIN,20180713,13:07,1132,1132,1131.3,1131.75,764
IBULHSGFIN,20180713,13:08,1131.75,1131.75,1130,1130,2088
IBULHSGFIN,20180713,13:09,1130,1131.05,1129,1129,4333
IBULHSGFIN,20180713,13:10,1129,1129,1125.4,1126.2,6431
IBULHSGFIN,20180713,13:11,1125.65,1129.05,1124.95,1128.3,8755
IBULHSGFIN,20180713,13:12,1128.65,1128.75,1127.75,1128.75,994
IBULHSGFIN,20180713,13:13,1128.9,1130.85,1128.9,1130.4,994
IBULHSGFIN,20180713,13:14,1131.1,1131.1,1130.2,1130.2,410
IBULHSGFIN,20180713,13:15,1130.7,1130.7,1130,1130.55,1040
IBULHSGFIN,20180713,13:16,1130.7,1131.35,1130.55,1131.35,686
IBULHSGFIN,20180713,13:17,1131.05,1132,1130.7,1131.5,1418
IBULHSGFIN,20180713,13:18,1132,1132.5,1131.55,1131.85,579
IBULHSGFIN,20180713,13:19,1132.3,1132.3,1131.6,1132.3,538
IBULHSGFIN,20180713,13:20,1132.4,1133.25,1131.85,1132.8,1016
IBULHSGFIN,20180713,13:21,1133.45,1133.45,1132.65,1132.65,613
IBULHSGFIN,20180713,13:22,1132.6,1132.6,1131.65,1132.45,527
IBULHSGFIN,20180713,13:23,1131.85,1132.45,1131.65,1131.75,693
IBULHSGFIN,20180713,13:24,1131.75,1132.45,1131.75,1132.45,354
IBULHSGFIN,20180713,13:25,1131.6,1132.1,1131.5,1131.55,727
IBULHSGFIN,20180713,13:26,1131.55,1131.95,1131.05,1131.25,799
IBULHSGFIN,20180713,13:27,1131.1,1131.4,1131,1131.15,755
IBULHSGFIN,20180713,13:28,1131,1131,1128.7,1128.7,1175
IBULHSGFIN,20180713,13:29,1128.6,1129.35,1128.4,1128.5,1070
IBULHSGFIN,20180713,13:30,1128.4,1129.25,1128.4,1129.25,559
IBULHSGFIN,20180713,13:31,1129.7,1129.75,1129.3,1129.75,304
IBULHSGFIN,20180713,13:32,1129.45,1129.45,1129,1129,508
IBULHSGFIN,20180713,13:33,1129,1129.2,1128.6,1128.95,257
IBULHSGFIN,20180713,13:34,1129,1129.65,1128.5,1129.5,1180
IBULHSGFIN,20180713,13:35,1129.3,1129.3,1128.5,1128.55,308
IBULHSGFIN,20180713,13:36,1128.6,1129.35,1128.5,1128.55,958
IBULHSGFIN,20180713,13:37,1128.6,1128.8,1128.6,1128.8,40
IBULHSGFIN,20180713,13:38,1128.6,1129.35,1128.5,1129.35,1178
IBULHSGFIN,20180713,13:39,1128.75,1129.3,1128.75,1128.95,658
IBULHSGFIN,20180713,13:40,1128.9,1130.9,1128.9,1130.45,868
IBULHSGFIN,20180713,13:41,1130.45,1131.1,1130.4,1130.6,331
IBULHSGFIN,20180713,13:42,1130.6,1131.25,1130.6,1130.6,632
IBULHSGFIN,20180713,13:43,1130.6,1130.9,1130.4,1130.4,371
IBULHSGFIN,20180713,13:44,1130,1130,1129.55,1129.75,487
IBULHSGFIN,20180713,13:45,1129.75,1129.75,1128.45,1128.55,1398
IBULHSGFIN,20180713,13:46,1128.3,1129.35,1128.3,1129.35,2080
IBULHSGFIN,20180713,13:47,1128.7,1129.35,1128.7,1128.75,337
IBULHSGFIN,20180713,13:48,1128.75,1129.35,1128.15,1129.3,3351
IBULHSGFIN,20180713,13:49,1128.65,1129.35,1128.55,1128.75,403
IBULHSGFIN,20180713,13:50,1128.8,1129.35,1128.35,1129.35,1997
IBULHSGFIN,20180713,13:51,1128.8,1129.4,1128.25,1129,1016
IBULHSGFIN,20180713,13:52,1129,1129,1128.65,1128.75,224
IBULHSGFIN,20180713,13:53,1128.6,1129.5,1128.35,1129.5,1588
IBULHSGFIN,20180713,13:54,1129.4,1131.05,1129.4,1130.5,1609
IBULHSGFIN,20180713,13:55,1130.55,1130.6,1130.5,1130.5,470
IBULHSGFIN,20180713,13:56,1130.2,1130.6,1130,1130,421
IBULHSGFIN,20180713,13:57,1130,1130.45,1129.25,1130,1413
IBULHSGFIN,20180713,13:58,1130.15,1131.05,1130.15,1131.05,825
IBULHSGFIN,20180713,13:59,1131.35,1131.35,1131.05,1131.15,656
IBULHSGFIN,20180713,14:00,1131.2,1131.2,1131.15,1131.15,638
IBULHSGFIN,20180713,14:01,1131.1,1131.1,1131.1,1131.1,528
IBULHSGFIN,20180713,14:02,1131.15,1131.15,1129.5,1129.6,623
IBULHSGFIN,20180713,14:03,1129.6,1130,1129,1129.1,867
IBULHSGFIN,20180713,14:04,1129.15,1129.25,1128.45,1128.55,896
IBULHSGFIN,20180713,14:05,1128.55,1129.2,1128.45,1128.55,117
IBULHSGFIN,20180713,14:06,1128.3,1128.55,1127.4,1128.55,2261
IBULHSGFIN,20180713,14:07,1128.55,1128.7,1127.3,1127.9,3100
IBULHSGFIN,20180713,14:08,1128,1128,1127.9,1127.9,563
IBULHSGFIN,20180713,14:09,1127.9,1129,1127.75,1128.45,2351
IBULHSGFIN,20180713,14:10,1128.65,1129.15,1128.65,1129.05,186
IBULHSGFIN,20180713,14:11,1129.25,1129.45,1128.9,1129.1,607
IBULHSGFIN,20180713,14:12,1128.9,1128.9,1128.6,1128.6,447
IBULHSGFIN,20180713,14:13,1128.55,1128.9,1128.25,1128.25,588
IBULHSGFIN,20180713,14:14,1128.25,1128.9,1128.25,1128.25,415
IBULHSGFIN,20180713,14:15,1128.3,1128.7,1128.25,1128.3,599
IBULHSGFIN,20180713,14:16,1128.25,1128.25,1127,1127.35,1051
IBULHSGFIN,20180713,14:17,1127.75,1127.75,1126.1,1126.4,2119
IBULHSGFIN,20180713,14:18,1126.7,1127.15,1126.45,1126.8,353
IBULHSGFIN,20180713,14:19,1126.8,1127.15,1126.75,1126.75,595
IBULHSGFIN,20180713,14:20,1126.85,1127.15,1126.75,1126.75,728
IBULHSGFIN,20180713,14:21,1126.75,1127.25,1125.9,1125.9,1889
IBULHSGFIN,20180713,14:22,1125.9,1126.15,1125.25,1125.35,588
IBULHSGFIN,20180713,14:23,1125.25,1125.4,1124.1,1125.4,2401
IBULHSGFIN,20180713,14:24,1125.4,1126.5,1125.05,1126.3,1001
IBULHSGFIN,20180713,14:25,1126.3,1126.55,1126.3,1126.55,187
IBULHSGFIN,20180713,14:26,1126.55,1128.45,1126.55,1128.45,1457
IBULHSGFIN,20180713,14:27,1127.75,1129.25,1126.25,1127.35,2885
IBULHSGFIN,20180713,14:28,1128.05,1128.3,1127.3,1127.8,684
IBULHSGFIN,20180713,14:29,1127.8,1127.8,1127.2,1127.2,316
IBULHSGFIN,20180713,14:30,1127.8,1127.8,1127.15,1127.25,82
IBULHSGFIN,20180713,14:31,1127.05,1129.5,1126.85,1129.5,2517
IBULHSGFIN,20180713,14:32,1129.05,1131.25,1129.05,1131.25,1547
IBULHSGFIN,20180713,14:33,1131.25,1131.25,1130.7,1130.8,1281
IBULHSGFIN,20180713,14:34,1130.75,1130.9,1130.3,1130.3,550
IBULHSGFIN,20180713,14:35,1130.25,1130.4,1129.05,1129.05,850
IBULHSGFIN,20180713,14:36,1129,1130,1128.25,1129.95,1117
IBULHSGFIN,20180713,14:37,1129.95,1130.25,1129.85,1130.05,807
IBULHSGFIN,20180713,14:38,1130.1,1131.25,1130.05,1131,2543
IBULHSGFIN,20180713,14:39,1130.35,1130.95,1128.1,1128.55,517
IBULHSGFIN,20180713,14:40,1128.55,1128.95,1128.55,1128.9,706
IBULHSGFIN,20180713,14:41,1128.95,1128.95,1128.3,1128.35,574
IBULHSGFIN,20180713,14:42,1127.9,1128.3,1127.55,1127.55,618
IBULHSGFIN,20180713,14:43,1128.35,1128.45,1127.6,1128.45,649
IBULHSGFIN,20180713,14:44,1128.5,1129.65,1128.4,1129.65,984
IBULHSGFIN,20180713,14:45,1129.65,1129.75,1127.7,1128.05,693
IBULHSGFIN,20180713,14:46,1128.65,1128.65,1127.7,1127.8,440
IBULHSGFIN,20180713,14:47,1128.5,1128.5,1127,1127.5,617
IBULHSGFIN,20180713,14:48,1127,1127,1126.5,1126.55,197
IBULHSGFIN,20180713,14:49,1127,1127.2,1126.55,1126.6,332
IBULHSGFIN,20180713,14:50,1127,1127,1126.8,1126.8,128
IBULHSGFIN,20180713,14:51,1126.75,1126.75,1125.4,1126.65,2277
IBULHSGFIN,20180713,14:52,1126.15,1126.55,1125.5,1126,276
IBULHSGFIN,20180713,14:53,1125.6,1126.15,1125.6,1126.15,757
IBULHSGFIN,20180713,14:54,1126,1126.7,1125.85,1125.85,273
IBULHSGFIN,20180713,14:55,1125.8,1125.8,1125.5,1125.5,225
IBULHSGFIN,20180713,14:56,1125.5,1126.05,1125,1125.7,2742
IBULHSGFIN,20180713,14:57,1125,1125.8,1124,1124.3,4382
IBULHSGFIN,20180713,14:58,1123.5,1124.65,1123.3,1123.5,2482
IBULHSGFIN,20180713,14:59,1123.2,1124.6,1123.2,1123.6,2843
IBULHSGFIN,20180713,15:00,1124.4,1125.6,1123.8,1125.2,3042
IBULHSGFIN,20180713,15:01,1125.2,1125.3,1124.2,1125.2,2870
IBULHSGFIN,20180713,15:02,1124.5,1125.2,1123.9,1124.1,2889
IBULHSGFIN,20180713,15:03,1124.75,1125.9,1123.8,1123.8,6917
IBULHSGFIN,20180713,15:04,1124.5,1124.7,1123.35,1123.6,3423
IBULHSGFIN,20180713,15:05,1123.6,1124.45,1123.1,1123.15,2984
IBULHSGFIN,20180713,15:06,1123.25,1124.6,1123.25,1124.05,2013
IBULHSGFIN,20180713,15:07,1124.05,1124.15,1123.7,1123.7,971
IBULHSGFIN,20180713,15:08,1123.7,1124.5,1123.55,1124.45,1009
IBULHSGFIN,20180713,15:09,1124.25,1124.7,1123,1123.1,4023
IBULHSGFIN,20180713,15:10,1123.1,1124,1123,1123.45,1726
IBULHSGFIN,20180713,15:11,1123.9,1124.9,1122,1122.55,7644
IBULHSGFIN,20180713,15:12,1122.15,1125.1,1122.15,1124.75,2811
IBULHSGFIN,20180713,15:13,1124.75,1126.6,1124.75,1126.3,1914
IBULHSGFIN,20180713,15:14,1126.3,1127,1126,1126.6,2487
IBULHSGFIN,20180713,15:15,1126.6,1128.3,1126.6,1128.05,2487
IBULHSGFIN,20180713,15:16,1127.9,1128.35,1127.8,1128.35,2279
IBULHSGFIN,20180713,15:17,1128.45,1130,1128.15,1129.95,5320
IBULHSGFIN,20180713,15:18,1129.9,1130,1129.75,1129.9,1301
IBULHSGFIN,20180713,15:19,1129.8,1129.8,1129.3,1129.3,4699
IBULHSGFIN,20180713,15:20,1129.3,1129.75,1128.55,1129.15,2166
IBULHSGFIN,20180713,15:21,1129.15,1129.3,1127.8,1128.8,4203
IBULHSGFIN,20180713,15:22,1128.75,1128.9,1126.45,1127.5,1823
IBULHSGFIN,20180713,15:23,1127.55,1129.75,1127.55,1129.15,2018
IBULHSGFIN,20180713,15:24,1129.75,1130,1125.95,1126.5,11288
IBULHSGFIN,20180713,15:25,1126.1,1126.8,1125.45,1126.3,5084
IBULHSGFIN,20180713,15:26,1127.15,1127.75,1126.8,1127.05,2535
IBULHSGFIN,20180713,15:27,1127.1,1129,1127,1128.95,3676
IBULHSGFIN,20180713,15:28,1129,1129.2,1128.8,1128.9,4081
IBULHSGFIN,20180713,15:29,1128.9,1129,1127.05,1127.6,1537
IBULHSGFIN,20180713,15:30,1127.55,1128,1126,1128,1433
IBULHSGFIN,20180713,15:32,1126.45,1126.45,1126.45,1126.45,1
IBULHSGFIN,20180713,15:41,1126.45,1128,1126.45,1126.45,32
IBULHSGFIN,20180713,15:51,1126.45,1126.45,1126.45,1126.45,109
IBULHSGFIN,20180713,16:36,1126.45,1126.45,1126.45,1126.45,1
