HDFCBANK_F1,20170823,09:16,1758.2,1759,1754.3,1758.55,46500
HDFCBANK_F1,20170823,09:17,1758.55,1758.6,1757,1757.6,23500
HDFCBANK_F1,20170823,09:18,1757.05,1758.25,1757.05,1758,12500
HDFCBANK_F1,20170823,09:19,1757.7,1758.5,1756.65,1756.65,30500
HDFCBANK_F1,20170823,09:20,1757,1758,1756.55,1757.6,9000
HDFCBANK_F1,20170823,09:21,1757.6,1759.95,1757.6,1759.75,18500
HDFCBANK_F1,20170823,09:22,1759.65,1761.3,1759.65,1760.45,27000
HDFCBANK_F1,20170823,09:23,1761.55,1761.55,1760.5,1760.85,31000
HDFCBANK_F1,20170823,09:24,1761,1761.4,1759.3,1760.1,33000
HDFCBANK_F1,20170823,09:25,1759.6,1762.25,1759.45,1762.15,39500
HDFCBANK_F1,20170823,09:26,1762.6,1763,1761.75,1762.5,38000
HDFCBANK_F1,20170823,09:27,1762.75,1762.75,1761.95,1762.4,15000
HDFCBANK_F1,20170823,09:28,1762.4,1762.5,1761.55,1762.3,28000
HDFCBANK_F1,20170823,09:29,1762.15,1762.2,1761.75,1761.95,14000
HDFCBANK_F1,20170823,09:30,1761.75,1762.25,1761.65,1761.75,16500
HDFCBANK_F1,20170823,09:31,1761.6,1761.75,1760.8,1761,17000
HDFCBANK_F1,20170823,09:32,1761,1761.65,1760.1,1760.3,23500
HDFCBANK_F1,20170823,09:33,1760.3,1760.3,1758.8,1758.8,33500
HDFCBANK_F1,20170823,09:34,1758.5,1758.5,1757.55,1757.55,22000
HDFCBANK_F1,20170823,09:35,1757.6,1757.6,1756.5,1756.7,14500
HDFCBANK_F1,20170823,09:36,1756.75,1758,1756.7,1758,9500
HDFCBANK_F1,20170823,09:37,1758,1758,1757.2,1757.7,6500
HDFCBANK_F1,20170823,09:38,1758,1759.65,1758,1759.65,2500
HDFCBANK_F1,20170823,09:39,1759.5,1761,1759.1,1761,11500
HDFCBANK_F1,20170823,09:40,1761.25,1761.95,1759.55,1761.95,13500
HDFCBANK_F1,20170823,09:41,1761.95,1762,1761,1761,11000
HDFCBANK_F1,20170823,09:42,1760.6,1760.95,1760.6,1760.7,3000
HDFCBANK_F1,20170823,09:43,1761,1764,1761,1763.5,34500
HDFCBANK_F1,20170823,09:44,1763.7,1764.25,1763.35,1763.35,23500
HDFCBANK_F1,20170823,09:45,1763.85,1764.2,1763.6,1764,20000
HDFCBANK_F1,20170823,09:46,1764.2,1764.6,1763.65,1764.45,24500
HDFCBANK_F1,20170823,09:47,1764.1,1764.15,1763.6,1763.85,8000
HDFCBANK_F1,20170823,09:48,1764,1764.3,1763.4,1764.3,11500
HDFCBANK_F1,20170823,09:49,1764,1766,1764,1765.75,41000
HDFCBANK_F1,20170823,09:50,1765.3,1766.2,1765.3,1766,24000
HDFCBANK_F1,20170823,09:51,1765.95,1766.45,1765.95,1766.2,9500
HDFCBANK_F1,20170823,09:52,1765.85,1767.55,1765.85,1767.55,38500
HDFCBANK_F1,20170823,09:53,1767.55,1768.5,1766.4,1768.05,62500
HDFCBANK_F1,20170823,09:54,1768.45,1768.95,1766.65,1767.85,51000
HDFCBANK_F1,20170823,09:55,1767.45,1767.8,1767.1,1767.45,18000
HDFCBANK_F1,20170823,09:56,1767,1767.75,1766.65,1766.7,18500
HDFCBANK_F1,20170823,09:57,1766.3,1766.3,1765.4,1765.5,11500
HDFCBANK_F1,20170823,09:58,1765.55,1765.85,1765,1765.85,7500
HDFCBANK_F1,20170823,09:59,1765.9,1766.25,1765.6,1766.25,6000
HDFCBANK_F1,20170823,10:00,1766,1766.25,1765.5,1765.5,5500
HDFCBANK_F1,20170823,10:01,1765.3,1766.85,1765.3,1765.85,10000
HDFCBANK_F1,20170823,10:02,1765.85,1765.85,1765,1765.1,4000
HDFCBANK_F1,20170823,10:03,1765.45,1765.45,1764.85,1764.85,2500
HDFCBANK_F1,20170823,10:04,1764.8,1765,1764.2,1764.8,8500
HDFCBANK_F1,20170823,10:05,1764.95,1764.95,1764.05,1764.05,5000
HDFCBANK_F1,20170823,10:06,1764,1764.05,1763.45,1763.45,10500
HDFCBANK_F1,20170823,10:07,1762.95,1763.1,1762.35,1763,5000
HDFCBANK_F1,20170823,10:08,1763,1763.8,1762.7,1763.4,12500
HDFCBANK_F1,20170823,10:09,1763.5,1764,1763.5,1764,5500
HDFCBANK_F1,20170823,10:10,1763.7,1763.7,1763.1,1763.1,4500
HDFCBANK_F1,20170823,10:11,1763.75,1763.75,1763.4,1763.4,4000
HDFCBANK_F1,20170823,10:12,1763.45,1763.85,1763.35,1763.85,4000
HDFCBANK_F1,20170823,10:13,1763.5,1763.5,1763.35,1763.35,3000
HDFCBANK_F1,20170823,10:14,1763.15,1763.6,1763,1763,2500
HDFCBANK_F1,20170823,10:15,1763,1763.7,1762.9,1763.15,4500
HDFCBANK_F1,20170823,10:16,1763.55,1763.7,1763.55,1763.7,2500
HDFCBANK_F1,20170823,10:17,1763.8,1764.65,1763.8,1764.5,5000
HDFCBANK_F1,20170823,10:18,1764.35,1764.35,1763.8,1764.1,3500
HDFCBANK_F1,20170823,10:19,1764.3,1764.45,1764.2,1764.45,2000
HDFCBANK_F1,20170823,10:20,1764.4,1764.4,1764.2,1764.2,1000
HDFCBANK_F1,20170823,10:21,1764.2,1764.3,1764.2,1764.3,1000
HDFCBANK_F1,20170823,10:22,1764.2,1764.65,1764,1764.65,2500
HDFCBANK_F1,20170823,10:23,1764.35,1764.5,1764.3,1764.5,1500
HDFCBANK_F1,20170823,10:24,1764.7,1765,1764.45,1765,5000
HDFCBANK_F1,20170823,10:25,1765.1,1765.4,1765.1,1765.25,3000
HDFCBANK_F1,20170823,10:26,1765.45,1765.7,1765.25,1765.3,5500
HDFCBANK_F1,20170823,10:27,1765.5,1765.65,1765.5,1765.55,2000
HDFCBANK_F1,20170823,10:28,1765.7,1765.7,1765.55,1765.55,4000
HDFCBANK_F1,20170823,10:29,1765.1,1765.55,1765.1,1765.2,2000
HDFCBANK_F1,20170823,10:30,1766,1766,1765.6,1766,2000
HDFCBANK_F1,20170823,10:31,1766,1766.25,1765.95,1766.25,4000
HDFCBANK_F1,20170823,10:32,1766,1766.45,1766,1766.2,4500
HDFCBANK_F1,20170823,10:33,1766.2,1766.2,1765.75,1765.9,4500
HDFCBANK_F1,20170823,10:34,1765.9,1766.15,1765.05,1765.05,5000
HDFCBANK_F1,20170823,10:35,1765,1765.05,1764.6,1764.9,5500
HDFCBANK_F1,20170823,10:36,1765,1765.65,1764.7,1765.55,8000
HDFCBANK_F1,20170823,10:37,1765.15,1765.55,1764.55,1765.05,8000
HDFCBANK_F1,20170823,10:38,1764.9,1765.5,1764.5,1765.5,5000
HDFCBANK_F1,20170823,10:39,1765.1,1765.9,1765.1,1765.9,1000
HDFCBANK_F1,20170823,10:40,1765.25,1765.6,1765.25,1765.6,1500
HDFCBANK_F1,20170823,10:41,1765,1765.5,1764.95,1765.5,28500
HDFCBANK_F1,20170823,10:42,1765.6,1766.2,1765.6,1766,9500
HDFCBANK_F1,20170823,10:43,1764.85,1765.85,1764.65,1765.4,9000
HDFCBANK_F1,20170823,10:44,1764.75,1764.75,1764.75,1764.75,1000
HDFCBANK_F1,20170823,10:45,1764.35,1764.35,1764.35,1764.35,1000
HDFCBANK_F1,20170823,10:46,1764.25,1764.6,1764.1,1764.6,4500
HDFCBANK_F1,20170823,10:47,1764.5,1764.7,1764.15,1764.7,5000
HDFCBANK_F1,20170823,10:48,1764.25,1764.45,1764,1764.2,10000
HDFCBANK_F1,20170823,10:49,1764.25,1764.25,1763.4,1763.7,10500
HDFCBANK_F1,20170823,10:50,1764,1764,1763.7,1763.9,1500
HDFCBANK_F1,20170823,10:51,1764.2,1764.2,1763.6,1763.6,3000
HDFCBANK_F1,20170823,10:52,1763.5,1763.5,1762.8,1763.35,6000
HDFCBANK_F1,20170823,10:53,1762.9,1763.2,1762.9,1763,3500
HDFCBANK_F1,20170823,10:54,1762.8,1763.3,1762.5,1763.3,5000
HDFCBANK_F1,20170823,10:55,1763.15,1763.9,1763.15,1763.9,2000
HDFCBANK_F1,20170823,10:56,1763.9,1763.9,1763.9,1763.9,500
HDFCBANK_F1,20170823,10:57,1764,1764.7,1764,1764.5,3000
HDFCBANK_F1,20170823,10:58,1764.95,1764.95,1764.95,1764.95,500
HDFCBANK_F1,20170823,10:59,1764.95,1765.1,1764.85,1764.85,2500
HDFCBANK_F1,20170823,11:00,1764.95,1764.95,1764.8,1764.8,24000
HDFCBANK_F1,20170823,11:01,1764.45,1764.75,1764.15,1764.75,3000
HDFCBANK_F1,20170823,11:02,1764.65,1764.65,1763.6,1763.85,12000
HDFCBANK_F1,20170823,11:03,1763.85,1764.3,1763.65,1763.9,5000
HDFCBANK_F1,20170823,11:04,1763.45,1763.45,1763.45,1763.45,500
HDFCBANK_F1,20170823,11:05,1764,1764.2,1764,1764,2500
HDFCBANK_F1,20170823,11:07,1763.6,1763.6,1763.6,1763.6,500
HDFCBANK_F1,20170823,11:08,1764.5,1765,1764,1765,20000
HDFCBANK_F1,20170823,11:09,1765,1765.5,1764.4,1765.5,8500
HDFCBANK_F1,20170823,11:10,1765.75,1766,1765.5,1766,10500
HDFCBANK_F1,20170823,11:11,1766,1766.25,1766,1766,11500
HDFCBANK_F1,20170823,11:12,1765.75,1766.5,1765.6,1766.5,11500
HDFCBANK_F1,20170823,11:13,1766.1,1766.55,1764.65,1765.45,19500
HDFCBANK_F1,20170823,11:14,1766,1766,1765.5,1765.5,16500
HDFCBANK_F1,20170823,11:15,1766,1766,1766,1766,10500
HDFCBANK_F1,20170823,11:16,1765.5,1767.45,1765.5,1767.45,34500
HDFCBANK_F1,20170823,11:17,1767.5,1767.5,1766.25,1766.25,17500
HDFCBANK_F1,20170823,11:18,1766.7,1767.15,1766.7,1767,10000
HDFCBANK_F1,20170823,11:19,1767.3,1767.9,1767.3,1767.9,17500
HDFCBANK_F1,20170823,11:20,1767,1767.3,1766.6,1766.65,17500
HDFCBANK_F1,20170823,11:21,1767,1767,1765.75,1765.75,11000
HDFCBANK_F1,20170823,11:22,1765.4,1765.45,1765,1765.35,2500
HDFCBANK_F1,20170823,11:23,1764.95,1765.5,1764.95,1765.5,4500
HDFCBANK_F1,20170823,11:24,1765.8,1765.8,1765.8,1765.8,1500
HDFCBANK_F1,20170823,11:25,1765.8,1765.85,1765.8,1765.85,6000
HDFCBANK_F1,20170823,11:26,1765.4,1765.4,1764.95,1764.95,1500
HDFCBANK_F1,20170823,11:27,1765.35,1766,1765.35,1765.9,6500
HDFCBANK_F1,20170823,11:28,1766.05,1766.6,1766,1766.6,7500
HDFCBANK_F1,20170823,11:29,1765.7,1765.7,1764.6,1764.6,3500
HDFCBANK_F1,20170823,11:30,1764.65,1764.7,1764.35,1764.7,3000
HDFCBANK_F1,20170823,11:31,1764.5,1764.5,1764.5,1764.5,500
HDFCBANK_F1,20170823,11:32,1764.5,1764.75,1764.5,1764.75,2500
HDFCBANK_F1,20170823,11:33,1765.1,1765.35,1764.7,1764.7,10000
HDFCBANK_F1,20170823,11:34,1764.7,1764.9,1764.7,1764.9,2000
HDFCBANK_F1,20170823,11:35,1764.5,1764.5,1764,1764,8000
HDFCBANK_F1,20170823,11:36,1763.6,1764,1763.6,1763.6,3000
HDFCBANK_F1,20170823,11:37,1763.6,1764,1763.15,1764,9000
HDFCBANK_F1,20170823,11:38,1763.15,1764,1763.15,1764,5500
HDFCBANK_F1,20170823,11:39,1763.45,1763.45,1762.25,1762.5,12500
HDFCBANK_F1,20170823,11:40,1762.55,1762.9,1762.35,1762.45,7500
HDFCBANK_F1,20170823,11:41,1762.6,1762.6,1762.5,1762.5,1000
HDFCBANK_F1,20170823,11:42,1763.1,1763.35,1762.85,1762.85,1500
HDFCBANK_F1,20170823,11:43,1762.9,1763.2,1762.6,1763,5000
HDFCBANK_F1,20170823,11:44,1762.7,1763,1762.55,1762.55,2500
HDFCBANK_F1,20170823,11:45,1763.15,1763.2,1762.8,1762.85,8000
HDFCBANK_F1,20170823,11:46,1763,1763.05,1762.7,1762.75,6000
HDFCBANK_F1,20170823,11:47,1763.45,1763.45,1762.65,1762.65,4500
HDFCBANK_F1,20170823,11:48,1763,1763,1762.55,1762.55,1000
HDFCBANK_F1,20170823,11:50,1762.8,1762.95,1762.55,1762.95,1500
HDFCBANK_F1,20170823,11:51,1762.25,1765.3,1762.25,1765.3,12000
HDFCBANK_F1,20170823,11:52,1764.75,1764.75,1763.25,1763.25,2500
HDFCBANK_F1,20170823,11:53,1763,1763.6,1762.05,1762.65,14000
HDFCBANK_F1,20170823,11:54,1763,1763.45,1763,1763,3500
HDFCBANK_F1,20170823,11:55,1763.25,1763.25,1763.25,1763.25,2000
HDFCBANK_F1,20170823,11:56,1763.55,1763.55,1763.15,1763.15,6000
HDFCBANK_F1,20170823,11:57,1763.6,1763.6,1762.6,1763,6000
HDFCBANK_F1,20170823,11:58,1762.95,1762.95,1762.95,1762.95,500
HDFCBANK_F1,20170823,11:59,1762.9,1763.35,1762.9,1763.1,4500
HDFCBANK_F1,20170823,12:00,1763.2,1764,1763.2,1763.7,3500
HDFCBANK_F1,20170823,12:01,1763.9,1764.15,1763.9,1764.1,8500
HDFCBANK_F1,20170823,12:02,1764,1764.1,1763.1,1763.1,4500
HDFCBANK_F1,20170823,12:03,1763.5,1763.65,1763.5,1763.65,2000
HDFCBANK_F1,20170823,12:04,1763.6,1763.6,1763,1763.3,5000
HDFCBANK_F1,20170823,12:05,1763.4,1763.65,1763,1763,6500
HDFCBANK_F1,20170823,12:06,1763,1763.6,1763,1763.6,2500
HDFCBANK_F1,20170823,12:07,1763.7,1764,1763.5,1764,3000
HDFCBANK_F1,20170823,12:08,1763.5,1763.5,1763.5,1763.5,1500
HDFCBANK_F1,20170823,12:09,1763.5,1763.95,1763.5,1763.95,2000
HDFCBANK_F1,20170823,12:10,1764.1,1764.95,1764.1,1764.5,6500
HDFCBANK_F1,20170823,12:11,1764.5,1764.55,1764.15,1764.15,8500
HDFCBANK_F1,20170823,12:12,1764.25,1764.25,1764.1,1764.25,3000
HDFCBANK_F1,20170823,12:13,1764.5,1764.5,1763.4,1763.4,10000
HDFCBANK_F1,20170823,12:14,1763.5,1763.85,1763.5,1763.85,2000
HDFCBANK_F1,20170823,12:15,1763.9,1764.1,1763.7,1763.7,2500
HDFCBANK_F1,20170823,12:16,1764,1764,1764,1764,500
HDFCBANK_F1,20170823,12:17,1763.7,1764,1763.65,1763.65,5500
HDFCBANK_F1,20170823,12:18,1763.7,1763.7,1763.5,1763.5,5500
HDFCBANK_F1,20170823,12:19,1763.9,1764,1763.55,1763.55,57000
HDFCBANK_F1,20170823,12:20,1763.6,1764.05,1763.55,1763.55,3000
HDFCBANK_F1,20170823,12:21,1763.65,1764.05,1763.55,1763.65,12500
HDFCBANK_F1,20170823,12:22,1764.5,1764.5,1763.7,1763.95,15000
HDFCBANK_F1,20170823,12:23,1763.95,1763.95,1763.95,1763.95,5500
HDFCBANK_F1,20170823,12:24,1764.5,1764.5,1763.8,1763.8,2000
HDFCBANK_F1,20170823,12:25,1763.7,1764.35,1763.65,1764.35,2000
HDFCBANK_F1,20170823,12:27,1764.6,1764.6,1764.5,1764.5,2500
HDFCBANK_F1,20170823,12:28,1764.7,1765,1764.5,1765,5000
HDFCBANK_F1,20170823,12:29,1765,1765,1764.1,1764.1,6000
HDFCBANK_F1,20170823,12:30,1764.6,1764.6,1764.05,1764.55,1500
HDFCBANK_F1,20170823,12:31,1764.5,1764.5,1763.55,1763.55,5500
HDFCBANK_F1,20170823,12:32,1763.5,1763.85,1763.15,1763.85,4500
HDFCBANK_F1,20170823,12:33,1763.85,1763.85,1763.4,1763.4,1500
HDFCBANK_F1,20170823,12:34,1763.35,1763.4,1763.3,1763.3,2500
HDFCBANK_F1,20170823,12:35,1763.3,1763.65,1763.2,1763.35,7000
HDFCBANK_F1,20170823,12:36,1763.45,1763.8,1763.45,1763.45,10500
HDFCBANK_F1,20170823,12:37,1763.5,1763.7,1763.5,1763.55,2000
HDFCBANK_F1,20170823,12:38,1763.95,1763.95,1763,1763.1,4000
HDFCBANK_F1,20170823,12:39,1763.5,1763.7,1763.5,1763.7,2500
HDFCBANK_F1,20170823,12:40,1763.9,1764.15,1763.9,1764.15,2000
HDFCBANK_F1,20170823,12:41,1763.75,1763.9,1763.75,1763.9,1500
HDFCBANK_F1,20170823,12:42,1763.95,1763.95,1763.5,1763.9,2500
HDFCBANK_F1,20170823,12:43,1763.85,1763.85,1763.85,1763.85,1000
HDFCBANK_F1,20170823,12:44,1763.85,1764.15,1763.65,1763.7,4000
HDFCBANK_F1,20170823,12:45,1763.55,1763.55,1762.9,1763.35,7500
HDFCBANK_F1,20170823,12:46,1763.4,1763.4,1763.4,1763.4,500
HDFCBANK_F1,20170823,12:47,1763.1,1763.1,1763.1,1763.1,1500
HDFCBANK_F1,20170823,12:48,1763.15,1763.5,1763.15,1763.5,2000
HDFCBANK_F1,20170823,12:49,1763.7,1763.9,1763.7,1763.9,1500
HDFCBANK_F1,20170823,12:50,1763.95,1763.95,1763.65,1763.65,2000
HDFCBANK_F1,20170823,12:51,1763.45,1763.45,1763.45,1763.45,1000
HDFCBANK_F1,20170823,12:53,1763.75,1764.95,1763.75,1764.95,5000
HDFCBANK_F1,20170823,12:54,1764.5,1764.6,1764.5,1764.6,1000
HDFCBANK_F1,20170823,12:55,1765,1765.85,1765,1765.85,5500
HDFCBANK_F1,20170823,12:56,1765.6,1765.6,1765.2,1765.2,4000
HDFCBANK_F1,20170823,12:57,1765.05,1765.45,1764.5,1764.5,2000
HDFCBANK_F1,20170823,12:58,1765,1765.05,1765,1765.05,5500
HDFCBANK_F1,20170823,12:59,1765.4,1765.6,1765.4,1765.6,1500
HDFCBANK_F1,20170823,13:00,1765,1765,1765,1765,1000
HDFCBANK_F1,20170823,13:01,1765.35,1765.35,1765.3,1765.3,4000
HDFCBANK_F1,20170823,13:02,1765.2,1765.5,1765,1765.4,3500
HDFCBANK_F1,20170823,13:03,1765.6,1765.6,1765.6,1765.6,1000
HDFCBANK_F1,20170823,13:04,1765.6,1765.6,1765.6,1765.6,10000
HDFCBANK_F1,20170823,13:05,1765.85,1765.85,1765.1,1765.1,2000
HDFCBANK_F1,20170823,13:06,1765.8,1765.8,1765.45,1765.45,2000
HDFCBANK_F1,20170823,13:07,1765.4,1765.9,1765.4,1765.4,2000
HDFCBANK_F1,20170823,13:08,1764.65,1764.65,1763.05,1763.25,17500
HDFCBANK_F1,20170823,13:09,1763.85,1764,1763.6,1764,6500
HDFCBANK_F1,20170823,13:10,1764,1764,1763.5,1763.5,3500
HDFCBANK_F1,20170823,13:11,1763.8,1764.1,1763.35,1763.65,6500
HDFCBANK_F1,20170823,13:12,1764,1764,1764,1764,3000
HDFCBANK_F1,20170823,13:13,1764.1,1764.1,1764,1764,1500
HDFCBANK_F1,20170823,13:14,1763.95,1764,1763.95,1764,2000
HDFCBANK_F1,20170823,13:15,1764.15,1764.15,1764.15,1764.15,1500
HDFCBANK_F1,20170823,13:16,1763.8,1763.8,1763.8,1763.8,1000
HDFCBANK_F1,20170823,13:17,1763.65,1763.65,1763.55,1763.55,2000
HDFCBANK_F1,20170823,13:19,1763.5,1763.95,1763.5,1763.95,1500
HDFCBANK_F1,20170823,13:20,1763.3,1763.3,1763.2,1763.2,2000
HDFCBANK_F1,20170823,13:21,1764.3,1764.3,1764.2,1764.2,7000
HDFCBANK_F1,20170823,13:22,1764.9,1764.9,1763.95,1764.2,5000
HDFCBANK_F1,20170823,13:24,1764.5,1764.5,1762.85,1762.85,21000
HDFCBANK_F1,20170823,13:25,1763.5,1763.85,1763.5,1763.85,10000
HDFCBANK_F1,20170823,13:26,1763.9,1763.9,1763.9,1763.9,1500
HDFCBANK_F1,20170823,13:27,1763.8,1763.8,1763.05,1763.05,1500
HDFCBANK_F1,20170823,13:28,1763.1,1763.1,1762.75,1762.75,4500
HDFCBANK_F1,20170823,13:29,1762.75,1763.6,1762.75,1763.6,8000
HDFCBANK_F1,20170823,13:30,1763.6,1763.6,1763.45,1763.45,1000
HDFCBANK_F1,20170823,13:31,1763.45,1763.95,1762.95,1762.95,8500
HDFCBANK_F1,20170823,13:32,1763,1763.65,1763,1763.65,1500
HDFCBANK_F1,20170823,13:33,1763.35,1763.8,1763.35,1763.8,2000
HDFCBANK_F1,20170823,13:34,1763.75,1763.75,1763.75,1763.75,2000
HDFCBANK_F1,20170823,13:35,1763.75,1763.75,1762.6,1763,11000
HDFCBANK_F1,20170823,13:36,1762.7,1763.35,1762.2,1762.2,17500
HDFCBANK_F1,20170823,13:37,1762.2,1762.95,1761.7,1762.5,25000
HDFCBANK_F1,20170823,13:38,1762.75,1762.95,1761.95,1762.5,6500
HDFCBANK_F1,20170823,13:39,1762.7,1762.75,1762.15,1762.15,3000
HDFCBANK_F1,20170823,13:40,1762.95,1763.35,1762.95,1763.35,7000
HDFCBANK_F1,20170823,13:41,1763.2,1763.2,1763,1763,4500
HDFCBANK_F1,20170823,13:42,1763.7,1763.7,1763.7,1763.7,2000
HDFCBANK_F1,20170823,13:43,1763.85,1763.85,1763.05,1763.4,7000
HDFCBANK_F1,20170823,13:45,1763.4,1763.85,1763.4,1763.85,11000
HDFCBANK_F1,20170823,13:46,1763.85,1764.6,1763.85,1764.6,9500
HDFCBANK_F1,20170823,13:47,1764.55,1764.75,1764.3,1764.45,8500
HDFCBANK_F1,20170823,13:48,1764.5,1764.8,1764.4,1764.55,4000
HDFCBANK_F1,20170823,13:49,1765,1766,1765,1765.6,7500
HDFCBANK_F1,20170823,13:50,1765.65,1766,1765.35,1765.7,5500
HDFCBANK_F1,20170823,13:51,1765.7,1765.75,1765,1765.3,8000
HDFCBANK_F1,20170823,13:52,1765,1766,1765,1766,7000
HDFCBANK_F1,20170823,13:53,1765.8,1767.5,1765.8,1767.4,28500
HDFCBANK_F1,20170823,13:54,1767.25,1767.7,1766,1766,8500
HDFCBANK_F1,20170823,13:55,1766.25,1766.25,1765.6,1766.25,7000
HDFCBANK_F1,20170823,13:56,1765.95,1767.3,1765.95,1766.95,9000
HDFCBANK_F1,20170823,13:57,1767.35,1767.35,1766.75,1766.75,2500
HDFCBANK_F1,20170823,13:58,1766.75,1766.9,1766.75,1766.75,5500
HDFCBANK_F1,20170823,13:59,1767,1767,1766.6,1766.75,4500
HDFCBANK_F1,20170823,14:00,1766.55,1766.55,1765.7,1765.8,7000
HDFCBANK_F1,20170823,14:01,1765.8,1766.25,1765.8,1766.05,3000
HDFCBANK_F1,20170823,14:02,1766.4,1766.45,1766,1766.4,3500
HDFCBANK_F1,20170823,14:03,1766.05,1766.05,1766,1766,1500
HDFCBANK_F1,20170823,14:04,1766.5,1766.55,1766.35,1766.55,2500
HDFCBANK_F1,20170823,14:06,1766.45,1766.75,1766.1,1766.1,8500
HDFCBANK_F1,20170823,14:07,1766.1,1766.1,1765.3,1765.3,5000
HDFCBANK_F1,20170823,14:08,1766,1766.45,1766,1766.45,2000
HDFCBANK_F1,20170823,14:09,1766.45,1766.65,1766.2,1766.65,3000
HDFCBANK_F1,20170823,14:10,1766.95,1766.95,1765.75,1765.75,3000
HDFCBANK_F1,20170823,14:12,1766.1,1766.1,1766.1,1766.1,500
HDFCBANK_F1,20170823,14:13,1766.2,1766.2,1766.05,1766.05,1500
HDFCBANK_F1,20170823,14:14,1766.15,1766.75,1766.15,1766.75,2000
HDFCBANK_F1,20170823,14:15,1766.6,1767,1766.6,1767,2000
HDFCBANK_F1,20170823,14:16,1767,1767.3,1767,1767.3,4000
HDFCBANK_F1,20170823,14:17,1767.15,1767.45,1767.15,1767.2,5000
HDFCBANK_F1,20170823,14:18,1767,1767,1766.5,1767,3000
HDFCBANK_F1,20170823,14:19,1767,1767,1766.95,1767,1500
HDFCBANK_F1,20170823,14:20,1767,1767,1766.1,1766.1,6000
HDFCBANK_F1,20170823,14:21,1766.05,1767.15,1765.9,1766.85,8500
HDFCBANK_F1,20170823,14:22,1766.95,1767.5,1766.95,1767.5,2500
HDFCBANK_F1,20170823,14:23,1767,1767.65,1766.65,1767.3,6000
HDFCBANK_F1,20170823,14:24,1768,1768.35,1767.4,1768.35,9500
HDFCBANK_F1,20170823,14:25,1768.35,1769.9,1768.35,1769.15,26500
HDFCBANK_F1,20170823,14:26,1769.5,1771.5,1769.5,1771,54500
HDFCBANK_F1,20170823,14:27,1771.5,1773.5,1770.4,1773.5,80500
HDFCBANK_F1,20170823,14:28,1773.5,1777,1773.2,1776.4,129500
HDFCBANK_F1,20170823,14:29,1776.65,1776.65,1774.25,1774.7,46500
HDFCBANK_F1,20170823,14:30,1774.85,1774.85,1772.25,1772.55,20000
HDFCBANK_F1,20170823,14:31,1772.2,1775.25,1771.6,1775.25,35500
HDFCBANK_F1,20170823,14:32,1774.6,1774.6,1773.5,1774.35,15000
HDFCBANK_F1,20170823,14:33,1774,1775,1773.9,1774.65,13000
HDFCBANK_F1,20170823,14:34,1774.6,1775.85,1774.4,1775.5,14000
HDFCBANK_F1,20170823,14:35,1775.05,1775.9,1775.05,1775.45,8500
HDFCBANK_F1,20170823,14:36,1775.35,1775.8,1775,1775.45,7000
HDFCBANK_F1,20170823,14:37,1775,1777,1775,1777,34000
HDFCBANK_F1,20170823,14:38,1777,1778,1777,1777.95,35000
HDFCBANK_F1,20170823,14:39,1777.55,1777.55,1775.6,1775.6,22000
HDFCBANK_F1,20170823,14:40,1775.6,1777.35,1775.6,1776.55,23000
HDFCBANK_F1,20170823,14:41,1777.25,1779,1776.95,1778.45,50500
HDFCBANK_F1,20170823,14:42,1778.55,1779,1778,1778.5,30500
HDFCBANK_F1,20170823,14:43,1778.45,1779.85,1778.1,1778.1,33500
HDFCBANK_F1,20170823,14:44,1777.55,1779.65,1777.55,1779.6,25000
HDFCBANK_F1,20170823,14:45,1779.8,1779.8,1778.75,1779.45,12000
HDFCBANK_F1,20170823,14:46,1778.9,1779.75,1778.65,1779.2,10500
HDFCBANK_F1,20170823,14:47,1779.5,1779.5,1778.05,1778.05,20000
HDFCBANK_F1,20170823,14:48,1778.05,1778.55,1777.8,1778.25,26000
HDFCBANK_F1,20170823,14:49,1778.25,1778.8,1778.15,1778.3,27000
HDFCBANK_F1,20170823,14:50,1778.15,1778.9,1778,1778.5,39000
HDFCBANK_F1,20170823,14:51,1778.3,1778.9,1778.15,1778.15,17500
HDFCBANK_F1,20170823,14:52,1778.35,1779.5,1777.65,1778.3,48500
HDFCBANK_F1,20170823,14:53,1778,1778.35,1776.45,1777.5,50000
HDFCBANK_F1,20170823,14:54,1777.6,1777.85,1776.75,1776.75,43500
HDFCBANK_F1,20170823,14:55,1776.65,1777.65,1776,1776.35,43500
HDFCBANK_F1,20170823,14:56,1776,1776.55,1773.6,1774.1,36000
HDFCBANK_F1,20170823,14:57,1773.5,1773.55,1770,1770,70500
HDFCBANK_F1,20170823,14:58,1770,1773.1,1770,1772.65,30500
HDFCBANK_F1,20170823,14:59,1772.5,1772.75,1771.25,1772.6,85000
HDFCBANK_F1,20170823,15:00,1772.8,1773.5,1772.3,1772.35,23000
HDFCBANK_F1,20170823,15:01,1772.25,1773.2,1771.8,1773.2,9000
HDFCBANK_F1,20170823,15:02,1772.95,1774,1772.9,1774,11500
HDFCBANK_F1,20170823,15:03,1774,1774.1,1773,1773,17500
HDFCBANK_F1,20170823,15:04,1773.1,1773.8,1772.5,1772.5,14500
HDFCBANK_F1,20170823,15:05,1772.85,1774.25,1772.85,1773.85,20500
HDFCBANK_F1,20170823,15:06,1773.85,1774.1,1773.15,1773.2,13500
HDFCBANK_F1,20170823,15:07,1773.45,1773.5,1773.2,1773.2,4000
HDFCBANK_F1,20170823,15:08,1773.45,1773.45,1772.5,1772.5,6000
HDFCBANK_F1,20170823,15:09,1772.45,1773.75,1772.45,1773.45,12000
HDFCBANK_F1,20170823,15:10,1773.5,1773.9,1773.35,1773.35,12500
HDFCBANK_F1,20170823,15:11,1773.3,1773.45,1772.4,1773.4,12500
HDFCBANK_F1,20170823,15:12,1773.6,1774.25,1773.6,1774.25,20000
HDFCBANK_F1,20170823,15:13,1774.25,1774.35,1773.25,1773.7,29000
HDFCBANK_F1,20170823,15:14,1774.05,1774.25,1773.05,1773.5,30000
HDFCBANK_F1,20170823,15:15,1773.45,1774.25,1773.2,1773.2,22500
HDFCBANK_F1,20170823,15:16,1773,1774.6,1772.65,1774.5,49500
HDFCBANK_F1,20170823,15:17,1774.1,1774.75,1773.7,1774.1,50000
HDFCBANK_F1,20170823,15:18,1774.05,1775,1774.05,1774.45,18000
HDFCBANK_F1,20170823,15:19,1774.25,1774.85,1772.25,1773.6,28000
HDFCBANK_F1,20170823,15:20,1774,1775.1,1774,1775.1,13000
HDFCBANK_F1,20170823,15:21,1774.55,1775.15,1774.3,1775.15,18000
HDFCBANK_F1,20170823,15:22,1774.45,1774.95,1773.5,1773.5,20000
HDFCBANK_F1,20170823,15:23,1773.6,1774.05,1773,1773.35,10000
HDFCBANK_F1,20170823,15:24,1772.95,1773.55,1772.85,1773.55,16000
HDFCBANK_F1,20170823,15:25,1773.4,1773.4,1772.5,1773.15,12000
HDFCBANK_F1,20170823,15:26,1772.8,1774,1772.8,1773.95,15500
HDFCBANK_F1,20170823,15:27,1773.35,1773.55,1772.95,1773.05,21500
HDFCBANK_F1,20170823,15:28,1773.1,1773.35,1772.95,1773,25000
HDFCBANK_F1,20170823,15:29,1772.85,1773.25,1772.75,1773.25,29000
HDFCBANK_F1,20170823,15:30,1773.2,1773.2,1771.3,1772.4,42500
HDFCBANK_F1,20170823,15:31,1771.3,1771.3,1771.3,1771.3,500
HDFCBANK_F1,20170823,16:32,1773.55,1773.55,1773.55,1773.55,1
