ONGC_F1,20180430,09:16,180.2,180.9,179.6,180.6,206250
ONGC_F1,20180430,09:17,180.7,181.15,180.6,181,67500
ONGC_F1,20180430,09:18,181,181,180.7,180.7,82500
ONGC_F1,20180430,09:19,180.6,180.7,180.55,180.7,146250
ONGC_F1,20180430,09:20,180.8,180.8,180.8,180.8,3750
ONGC_F1,20180430,09:21,180.85,181.5,180.85,181.5,161250
ONGC_F1,20180430,09:22,181.5,181.65,181.45,181.55,41250
ONGC_F1,20180430,09:23,181.55,181.55,181.5,181.5,18750
ONGC_F1,20180430,09:24,181.4,181.65,181.4,181.65,37500
ONGC_F1,20180430,09:25,181.7,181.7,181.65,181.65,26250
ONGC_F1,20180430,09:26,181.6,181.7,181.6,181.7,26250
ONGC_F1,20180430,09:27,181.5,181.5,181.4,181.4,15000
ONGC_F1,20180430,09:28,181.25,181.45,181.25,181.45,26250
ONGC_F1,20180430,09:29,181.25,181.3,181.25,181.3,18750
ONGC_F1,20180430,09:30,181.4,181.4,181.1,181.2,45000
ONGC_F1,20180430,09:31,181.3,181.3,181,181.1,60000
ONGC_F1,20180430,09:32,181.2,181.3,181.2,181.3,7500
ONGC_F1,20180430,09:33,181.45,181.7,181.45,181.7,30000
ONGC_F1,20180430,09:34,181.7,181.7,181.65,181.65,26250
ONGC_F1,20180430,09:35,181.45,181.45,181.45,181.45,7500
ONGC_F1,20180430,09:36,181.5,181.55,181.5,181.55,11250
ONGC_F1,20180430,09:37,181.65,181.65,181.65,181.65,7500
ONGC_F1,20180430,09:38,181.65,181.65,181.6,181.6,7500
ONGC_F1,20180430,09:39,181.55,181.6,181.55,181.6,22500
ONGC_F1,20180430,09:40,181.6,181.6,181.6,181.6,7500
ONGC_F1,20180430,09:41,181.5,181.5,181.5,181.5,3750
ONGC_F1,20180430,09:42,181.55,181.65,181.5,181.65,22500
ONGC_F1,20180430,09:44,181.65,181.65,181.65,181.65,7500
ONGC_F1,20180430,09:45,181.65,181.75,181.65,181.75,33750
ONGC_F1,20180430,09:46,181.65,181.75,181.65,181.75,7500
ONGC_F1,20180430,09:48,181.8,181.8,181.8,181.8,11250
ONGC_F1,20180430,09:49,181.8,181.8,181.75,181.75,30000
ONGC_F1,20180430,09:51,181.75,181.75,181.75,181.75,3750
ONGC_F1,20180430,09:52,181.7,181.7,181.7,181.7,3750
ONGC_F1,20180430,09:53,181.75,181.8,181.75,181.75,15000
ONGC_F1,20180430,09:55,181.6,181.7,181.6,181.6,11250
ONGC_F1,20180430,09:56,181.7,181.7,181.7,181.7,11250
ONGC_F1,20180430,09:57,181.65,181.65,181.65,181.65,3750
ONGC_F1,20180430,09:58,181.7,181.7,181.7,181.7,3750
ONGC_F1,20180430,09:59,181.7,181.7,181.7,181.7,3750
ONGC_F1,20180430,10:00,181.7,181.85,181.7,181.85,52500
ONGC_F1,20180430,10:01,181.95,182.15,181.95,182.1,86250
ONGC_F1,20180430,10:02,182.1,182.1,182.05,182.1,33750
ONGC_F1,20180430,10:03,182.2,182.45,182.2,182.45,41250
ONGC_F1,20180430,10:04,182.35,182.55,182.35,182.5,48750
ONGC_F1,20180430,10:05,182.6,182.6,182.5,182.5,41250
ONGC_F1,20180430,10:06,182.5,182.7,182.5,182.7,41250
ONGC_F1,20180430,10:07,182.75,182.9,182.7,182.85,45000
ONGC_F1,20180430,10:08,182.8,182.8,182.5,182.6,26250
ONGC_F1,20180430,10:09,182.5,182.5,182.45,182.45,15000
ONGC_F1,20180430,10:10,182.55,182.65,182.55,182.65,26250
ONGC_F1,20180430,10:11,182.6,182.6,182.55,182.55,7500
ONGC_F1,20180430,10:12,182.55,182.55,182.55,182.55,3750
ONGC_F1,20180430,10:13,182.55,182.55,182.4,182.4,18750
ONGC_F1,20180430,10:14,182.45,182.6,182.45,182.5,26250
ONGC_F1,20180430,10:15,182.45,182.45,182.45,182.45,3750
ONGC_F1,20180430,10:16,182.3,182.3,182.3,182.3,18750
ONGC_F1,20180430,10:17,182.3,182.3,182.3,182.3,3750
ONGC_F1,20180430,10:18,182.35,182.35,182.35,182.35,3750
ONGC_F1,20180430,10:19,182.4,182.4,182.4,182.4,3750
ONGC_F1,20180430,10:20,182.4,182.4,182.35,182.35,26250
ONGC_F1,20180430,10:21,182.5,182.5,182.5,182.5,3750
ONGC_F1,20180430,10:23,182.6,182.6,182.6,182.6,3750
ONGC_F1,20180430,10:25,182.75,182.75,182.7,182.7,15000
ONGC_F1,20180430,10:26,182.65,182.65,182.65,182.65,7500
ONGC_F1,20180430,10:27,182.6,182.6,182.6,182.6,3750
ONGC_F1,20180430,10:28,182.6,182.65,182.6,182.65,7500
ONGC_F1,20180430,10:29,182.8,182.95,182.8,182.95,41250
ONGC_F1,20180430,10:30,182.85,182.95,182.85,182.9,15000
ONGC_F1,20180430,10:31,182.8,182.95,182.8,182.95,7500
ONGC_F1,20180430,10:33,182.6,182.6,182.6,182.6,3750
ONGC_F1,20180430,10:35,182.65,182.65,182.65,182.65,3750
ONGC_F1,20180430,10:37,182.65,182.65,182.65,182.65,3750
ONGC_F1,20180430,10:38,182.65,182.65,182.65,182.65,3750
ONGC_F1,20180430,10:40,182.6,182.75,182.6,182.75,15000
ONGC_F1,20180430,10:42,182.75,182.75,182.65,182.65,15000
ONGC_F1,20180430,10:43,182.7,182.7,182.7,182.7,7500
ONGC_F1,20180430,10:44,182.7,182.7,182.7,182.7,3750
ONGC_F1,20180430,10:45,182.7,182.7,182.6,182.6,15000
ONGC_F1,20180430,10:46,182.55,182.6,182.55,182.6,15000
ONGC_F1,20180430,10:50,182.5,182.55,182.4,182.5,26250
ONGC_F1,20180430,10:53,182.6,182.6,182.6,182.6,3750
ONGC_F1,20180430,10:55,182.5,182.6,182.5,182.6,7500
ONGC_F1,20180430,10:56,182.55,182.55,182.55,182.55,3750
ONGC_F1,20180430,10:57,182.65,182.65,182.55,182.55,11250
ONGC_F1,20180430,10:58,182.55,182.55,182.55,182.55,3750
ONGC_F1,20180430,11:02,182.55,182.8,182.5,182.8,22500
ONGC_F1,20180430,11:03,182.8,182.85,182.8,182.8,18750
ONGC_F1,20180430,11:04,182.8,182.85,182.8,182.85,7500
ONGC_F1,20180430,11:06,182.65,182.7,182.65,182.7,7500
ONGC_F1,20180430,11:09,182.75,182.75,182.75,182.75,3750
ONGC_F1,20180430,11:10,182.75,182.75,182.75,182.75,3750
ONGC_F1,20180430,11:11,182.7,182.7,182.7,182.7,11250
ONGC_F1,20180430,11:13,182.65,182.7,182.6,182.6,11250
ONGC_F1,20180430,11:14,182.75,182.8,182.75,182.8,11250
ONGC_F1,20180430,11:16,182.75,182.75,182.65,182.65,7500
ONGC_F1,20180430,11:17,182.75,182.75,182.75,182.75,3750
ONGC_F1,20180430,11:18,182.8,182.8,182.8,182.8,3750
ONGC_F1,20180430,11:21,182.8,182.8,182.8,182.8,7500
ONGC_F1,20180430,11:23,182.7,182.7,182.7,182.7,3750
ONGC_F1,20180430,11:26,182.65,182.65,182.65,182.65,11250
ONGC_F1,20180430,11:27,182.55,182.55,182.55,182.55,7500
ONGC_F1,20180430,11:28,182.55,182.6,182.55,182.6,30000
ONGC_F1,20180430,11:29,182.55,182.6,182.45,182.55,22500
ONGC_F1,20180430,11:30,182.65,182.65,182.45,182.45,26250
ONGC_F1,20180430,11:31,182.3,182.4,182.2,182.4,63750
ONGC_F1,20180430,11:32,182.35,182.35,182.3,182.35,56250
ONGC_F1,20180430,11:33,182.25,182.25,182.25,182.25,11250
ONGC_F1,20180430,11:34,182.25,182.4,182.25,182.4,22500
ONGC_F1,20180430,11:35,182.45,182.45,182.1,182.1,75000
ONGC_F1,20180430,11:37,182.4,182.4,182.05,182.05,52500
ONGC_F1,20180430,11:38,182.1,182.1,181.9,181.9,18750
ONGC_F1,20180430,11:39,181.95,182,181.95,182,30000
ONGC_F1,20180430,11:40,182.05,182.15,182,182,11250
ONGC_F1,20180430,11:41,182.1,182.1,182.1,182.1,3750
ONGC_F1,20180430,11:48,182,182,181.95,181.95,11250
ONGC_F1,20180430,11:49,181.85,181.85,181.75,181.75,7500
ONGC_F1,20180430,11:50,181.75,181.75,181.75,181.75,15000
ONGC_F1,20180430,11:51,181.6,181.6,181.6,181.6,22500
ONGC_F1,20180430,11:52,181.7,181.7,181.7,181.7,3750
ONGC_F1,20180430,11:59,181.65,181.7,181.65,181.7,11250
ONGC_F1,20180430,12:01,181.65,181.65,181.65,181.65,15000
ONGC_F1,20180430,12:03,181.75,181.75,181.75,181.75,3750
ONGC_F1,20180430,12:06,181.6,181.7,181.6,181.7,11250
ONGC_F1,20180430,12:07,181.6,181.6,181.6,181.6,3750
ONGC_F1,20180430,12:09,181.8,181.85,181.8,181.85,7500
ONGC_F1,20180430,12:10,182.05,182.05,182.05,182.05,7500
ONGC_F1,20180430,12:11,182,182.05,182,182.05,11250
ONGC_F1,20180430,12:13,181.95,181.95,181.95,181.95,3750
ONGC_F1,20180430,12:14,181.85,181.9,181.85,181.85,18750
ONGC_F1,20180430,12:17,181.95,181.95,181.95,181.95,3750
ONGC_F1,20180430,12:20,181.95,181.95,181.95,181.95,3750
ONGC_F1,20180430,12:21,181.8,181.9,181.8,181.9,11250
ONGC_F1,20180430,12:22,181.95,182,181.95,181.95,11250
ONGC_F1,20180430,12:23,181.95,181.95,181.85,181.85,15000
ONGC_F1,20180430,12:26,181.85,181.85,181.85,181.85,3750
ONGC_F1,20180430,12:27,181.7,181.7,181.7,181.7,30000
ONGC_F1,20180430,12:28,181.8,181.8,181.8,181.8,7500
ONGC_F1,20180430,12:31,181.65,181.65,181.65,181.65,7500
ONGC_F1,20180430,12:32,181.75,181.75,181.75,181.75,3750
ONGC_F1,20180430,12:39,181.7,181.7,181.7,181.7,7500
ONGC_F1,20180430,12:40,181.7,181.7,181.7,181.7,3750
ONGC_F1,20180430,12:43,181.75,181.8,181.65,181.65,15000
ONGC_F1,20180430,12:44,181.75,181.75,181.75,181.75,3750
ONGC_F1,20180430,12:45,181.65,181.7,181.65,181.7,7500
ONGC_F1,20180430,12:48,181.7,181.7,181.7,181.7,7500
ONGC_F1,20180430,12:51,181.75,181.75,181.75,181.75,15000
ONGC_F1,20180430,12:53,181.8,181.8,181.8,181.8,11250
ONGC_F1,20180430,12:55,181.7,181.7,181.65,181.7,11250
ONGC_F1,20180430,12:56,181.65,181.65,181.65,181.65,3750
ONGC_F1,20180430,12:57,181.75,181.75,181.75,181.75,3750
ONGC_F1,20180430,12:58,181.75,181.8,181.75,181.8,7500
ONGC_F1,20180430,13:01,181.8,181.8,181.8,181.8,7500
ONGC_F1,20180430,13:02,181.8,181.8,181.8,181.8,22500
ONGC_F1,20180430,13:03,181.8,181.85,181.8,181.85,18750
ONGC_F1,20180430,13:04,181.85,182.15,181.85,182.15,22500
ONGC_F1,20180430,13:05,182.1,182.15,182.1,182.15,7500
ONGC_F1,20180430,13:06,182.25,182.4,182.2,182.4,30000
ONGC_F1,20180430,13:07,182.2,182.2,182.15,182.15,22500
ONGC_F1,20180430,13:08,182.1,182.15,182.1,182.15,11250
ONGC_F1,20180430,13:10,182,182.05,182,182.05,7500
ONGC_F1,20180430,13:12,182.1,182.1,182.1,182.1,3750
ONGC_F1,20180430,13:13,182.1,182.1,182.1,182.1,3750
ONGC_F1,20180430,13:15,182.1,182.1,182.1,182.1,3750
ONGC_F1,20180430,13:16,182.1,182.1,182.05,182.05,7500
ONGC_F1,20180430,13:17,182.1,182.1,182.1,182.1,11250
ONGC_F1,20180430,13:19,182,182,182,182,3750
ONGC_F1,20180430,13:20,181.95,181.95,181.95,181.95,3750
ONGC_F1,20180430,13:21,181.95,181.95,181.95,181.95,7500
ONGC_F1,20180430,13:23,181.8,181.8,181.8,181.8,15000
ONGC_F1,20180430,13:27,181.8,181.8,181.8,181.8,3750
ONGC_F1,20180430,13:28,181.9,181.9,181.9,181.9,7500
ONGC_F1,20180430,13:29,181.85,181.85,181.85,181.85,7500
ONGC_F1,20180430,13:31,181.75,181.75,181.75,181.75,3750
ONGC_F1,20180430,13:32,181.75,181.75,181.75,181.75,3750
ONGC_F1,20180430,13:37,181.8,181.8,181.8,181.8,15000
ONGC_F1,20180430,13:38,181.75,181.75,181.75,181.75,3750
ONGC_F1,20180430,13:39,181.75,181.8,181.75,181.8,11250
ONGC_F1,20180430,13:45,181.8,181.8,181.8,181.8,3750
ONGC_F1,20180430,13:46,181.75,181.75,181.75,181.75,3750
ONGC_F1,20180430,13:48,181.8,181.8,181.8,181.8,3750
ONGC_F1,20180430,13:49,182,182,182,182,7500
ONGC_F1,20180430,13:53,181.9,181.9,181.9,181.9,3750
ONGC_F1,20180430,13:54,181.85,181.85,181.85,181.85,11250
ONGC_F1,20180430,13:55,181.8,181.8,181.8,181.8,3750
ONGC_F1,20180430,13:59,181.8,181.8,181.8,181.8,3750
ONGC_F1,20180430,14:00,181.75,181.75,181.65,181.65,11250
ONGC_F1,20180430,14:03,181.75,181.75,181.75,181.75,3750
ONGC_F1,20180430,14:04,181.8,181.8,181.8,181.8,11250
ONGC_F1,20180430,14:06,181.75,181.75,181.7,181.7,7500
ONGC_F1,20180430,14:07,181.7,181.7,181.7,181.7,3750
ONGC_F1,20180430,14:10,181.65,181.65,181.65,181.65,3750
ONGC_F1,20180430,14:11,181.7,181.7,181.7,181.7,3750
ONGC_F1,20180430,14:12,181.75,181.75,181.75,181.75,7500
ONGC_F1,20180430,14:14,181.8,181.85,181.8,181.85,11250
ONGC_F1,20180430,14:15,181.8,181.8,181.75,181.75,18750
ONGC_F1,20180430,14:18,181.7,181.7,181.7,181.7,3750
ONGC_F1,20180430,14:21,181.8,181.8,181.8,181.8,7500
ONGC_F1,20180430,14:23,181.8,181.8,181.8,181.8,3750
ONGC_F1,20180430,14:25,181.8,181.8,181.8,181.8,3750
ONGC_F1,20180430,14:26,181.8,181.8,181.8,181.8,3750
ONGC_F1,20180430,14:29,181.8,181.8,181.8,181.8,3750
ONGC_F1,20180430,14:30,181.9,181.9,181.9,181.9,15000
ONGC_F1,20180430,14:31,181.9,181.9,181.75,181.75,11250
ONGC_F1,20180430,14:32,181.85,181.85,181.8,181.8,22500
ONGC_F1,20180430,14:34,181.8,181.8,181.8,181.8,7500
ONGC_F1,20180430,14:35,181.75,181.75,181.75,181.75,3750
ONGC_F1,20180430,14:36,181.85,181.85,181.85,181.85,7500
ONGC_F1,20180430,14:37,181.9,181.9,181.9,181.9,15000
ONGC_F1,20180430,14:38,181.95,182,181.85,182,15000
ONGC_F1,20180430,14:39,182,182,182,182,3750
ONGC_F1,20180430,14:40,181.95,181.95,181.9,181.9,7500
ONGC_F1,20180430,14:41,181.95,181.95,181.95,181.95,3750
ONGC_F1,20180430,14:42,182.05,182.05,181.95,181.95,30000
ONGC_F1,20180430,14:43,181.95,181.95,181.95,181.95,3750
ONGC_F1,20180430,14:44,181.95,181.95,181.95,181.95,3750
ONGC_F1,20180430,14:45,182.05,182.05,182,182,15000
ONGC_F1,20180430,14:46,182,182,181.9,182,11250
ONGC_F1,20180430,14:47,181.9,181.9,181.9,181.9,3750
ONGC_F1,20180430,14:49,181.85,181.85,181.8,181.8,7500
ONGC_F1,20180430,14:50,181.9,181.95,181.85,181.85,11250
ONGC_F1,20180430,14:53,181.85,181.85,181.85,181.85,3750
ONGC_F1,20180430,14:54,181.95,181.95,181.95,181.95,3750
ONGC_F1,20180430,14:58,181.85,181.85,181.85,181.85,3750
ONGC_F1,20180430,15:00,181.9,181.9,181.9,181.9,7500
ONGC_F1,20180430,15:01,181.8,182.05,181.8,182.05,26250
ONGC_F1,20180430,15:02,181.9,181.95,181.9,181.95,15000
ONGC_F1,20180430,15:03,181.8,181.85,181.8,181.85,33750
ONGC_F1,20180430,15:04,181.8,181.8,181.8,181.8,3750
ONGC_F1,20180430,15:05,181.75,181.75,181.7,181.7,7500
ONGC_F1,20180430,15:06,181.75,181.75,181.7,181.7,7500
ONGC_F1,20180430,15:07,181.75,181.75,181.7,181.7,15000
ONGC_F1,20180430,15:08,181.7,181.7,181.7,181.7,11250
ONGC_F1,20180430,15:09,181.6,181.6,181.6,181.6,7500
ONGC_F1,20180430,15:10,181.65,181.65,181.65,181.65,15000
ONGC_F1,20180430,15:11,181.6,181.6,181.55,181.55,18750
ONGC_F1,20180430,15:12,181.7,181.9,181.7,181.9,56250
ONGC_F1,20180430,15:13,181.85,181.9,181.85,181.85,30000
ONGC_F1,20180430,15:14,181.8,181.8,181.8,181.8,11250
ONGC_F1,20180430,15:15,181.75,181.75,181.75,181.75,7500
ONGC_F1,20180430,15:16,181.75,181.75,181.75,181.75,3750
ONGC_F1,20180430,15:17,181.7,181.7,181.6,181.6,11250
ONGC_F1,20180430,15:18,181.6,181.6,181.6,181.6,7500
ONGC_F1,20180430,15:19,181.5,181.6,181.4,181.6,120000
ONGC_F1,20180430,15:20,181.55,181.65,181.5,181.65,78750
ONGC_F1,20180430,15:21,181.6,181.75,181.6,181.7,41250
ONGC_F1,20180430,15:22,181.75,181.75,181.65,181.65,11250
ONGC_F1,20180430,15:23,181.75,181.75,181.6,181.65,26250
ONGC_F1,20180430,15:24,181.65,181.65,181.65,181.65,18750
ONGC_F1,20180430,15:25,181.55,181.65,181.55,181.6,26250
ONGC_F1,20180430,15:26,181.55,181.65,181.55,181.65,37500
ONGC_F1,20180430,15:27,181.6,181.6,181.55,181.55,37500
ONGC_F1,20180430,15:28,181.6,181.6,181.5,181.55,60000
ONGC_F1,20180430,15:29,181.6,181.65,181.6,181.65,11250
ONGC_F1,20180430,15:30,181.7,182,181.5,181.55,123750
ONGC_F1,20180430,16:36,181.7,181.7,181.7,181.7,1
