ARVIND,20191027,18:08,46.05,46.05,46.05,46.05,1260,0
ARVIND,20191027,18:16,46.05,47.05,46.05,47.05,14418,0
ARVIND,20191027,18:17,47.00,47.40,47.00,47.10,16731,0
ARVIND,20191027,18:18,47.25,47.30,46.85,47.00,5223,0
ARVIND,20191027,18:19,46.90,47.10,46.85,47.10,7116,0
ARVIND,20191027,18:20,46.80,47.00,46.70,46.90,8871,0
ARVIND,20191027,18:21,46.80,47.00,46.60,46.80,17155,0
ARVIND,20191027,18:22,46.90,46.90,46.70,46.90,3495,0
ARVIND,20191027,18:23,46.85,46.85,46.75,46.75,1164,0
ARVIND,20191027,18:24,46.65,46.85,46.65,46.85,4022,0
ARVIND,20191027,18:25,46.85,46.90,46.65,46.90,5371,0
ARVIND,20191027,18:26,46.90,46.90,46.70,46.90,4580,0
ARVIND,20191027,18:27,46.70,46.90,46.70,46.85,1168,0
ARVIND,20191027,18:28,46.85,46.90,46.75,46.90,2126,0
ARVIND,20191027,18:29,46.95,47.10,46.95,47.10,7085,0
ARVIND,20191027,18:30,47.10,47.20,47.00,47.15,3767,0
ARVIND,20191027,18:31,47.10,47.15,46.90,46.90,4042,0
ARVIND,20191027,18:32,46.90,47.00,46.90,47.00,1003,0
ARVIND,20191027,18:33,46.90,47.00,46.90,46.90,7159,0
ARVIND,20191027,18:34,46.90,46.95,46.90,46.95,3699,0
ARVIND,20191027,18:35,46.95,47.00,46.90,47.00,1859,0
ARVIND,20191027,18:36,47.00,47.00,46.85,46.85,1887,0
ARVIND,20191027,18:37,46.95,47.00,46.90,46.90,1304,0
ARVIND,20191027,18:38,46.95,47.00,46.90,47.00,1697,0
ARVIND,20191027,18:39,46.95,47.00,46.90,46.95,641,0
ARVIND,20191027,18:40,46.95,47.00,46.90,47.00,4241,0
ARVIND,20191027,18:41,46.95,46.95,46.90,46.95,2997,0
ARVIND,20191027,18:42,46.95,46.95,46.85,46.90,547,0
ARVIND,20191027,18:43,46.90,46.95,46.85,46.90,432,0
ARVIND,20191027,18:44,46.90,46.95,46.90,46.95,600,0
ARVIND,20191027,18:45,46.90,47.00,46.90,47.00,3752,0
ARVIND,20191027,18:46,47.00,47.00,46.90,46.95,977,0
ARVIND,20191027,18:47,46.95,47.00,46.95,46.95,975,0
ARVIND,20191027,18:48,46.95,47.00,46.95,47.00,368,0
ARVIND,20191027,18:49,46.95,46.95,46.90,46.95,1482,0
ARVIND,20191027,18:50,46.95,47.00,46.95,47.00,3466,0
ARVIND,20191027,18:51,47.00,47.00,46.90,46.95,1475,0
ARVIND,20191027,18:52,46.95,47.00,46.90,47.00,1498,0
ARVIND,20191027,18:53,47.00,47.00,46.90,47.00,606,0
ARVIND,20191027,18:54,47.00,47.00,47.00,47.00,1972,0
ARVIND,20191027,18:55,47.00,47.00,46.90,47.00,2893,0
ARVIND,20191027,18:56,46.95,47.00,46.90,46.95,1495,0
ARVIND,20191027,18:57,46.95,47.00,46.90,47.00,5741,0
ARVIND,20191027,18:58,46.90,46.95,46.90,46.95,452,0
ARVIND,20191027,18:59,46.95,46.95,46.90,46.95,520,0
ARVIND,20191027,19:00,46.90,46.95,46.90,46.95,1110,0
ARVIND,20191027,19:01,46.95,46.95,46.90,46.90,4404,0
ARVIND,20191027,19:02,46.95,46.95,46.90,46.90,4967,0
ARVIND,20191027,19:03,46.90,47.00,46.90,46.95,13379,0
ARVIND,20191027,19:04,46.95,47.10,46.90,47.10,1786,0
ARVIND,20191027,19:05,47.10,47.10,46.75,46.90,7737,0
ARVIND,20191027,19:06,46.90,46.90,46.80,46.90,1412,0
ARVIND,20191027,19:07,46.75,46.95,46.70,46.80,7790,0
ARVIND,20191027,19:08,46.85,46.85,46.80,46.80,298,0
ARVIND,20191027,19:09,46.80,46.90,46.80,46.90,1714,0
ARVIND,20191027,19:10,46.90,46.95,46.90,46.90,1224,0
ARVIND,20191027,19:11,46.95,46.95,46.90,46.90,1325,0
ARVIND,20191027,19:12,46.90,46.95,46.85,46.95,1102,0
ARVIND,20191027,19:13,46.95,46.95,46.80,46.90,2052,0
ARVIND,20191027,19:14,46.90,46.95,46.80,46.85,1881,0
ARVIND,20191027,19:15,46.90,46.95,46.80,46.95,3798,0
ARVIND,20191027,19:16,46.85,46.85,46.85,46.85,100,0
ARVIND,20191027,19:19,46.90,46.90,46.90,46.90,0,0
ARVIND,20191027,19:26,46.90,46.90,46.90,46.90,25,0
