BAJAJ-AUTO,20210401,09:09,3704.00,3704.00,3704.00,3704.00,1205,0
BAJAJ-AUTO,20210401,09:16,3700.00,3728.60,3690.20,3717.95,24800,0
BAJAJ-AUTO,20210401,09:17,3716.50,3724.45,3711.00,3715.25,11743,0
BAJAJ-AUTO,20210401,09:18,3714.95,3729.00,3712.90,3726.70,11045,0
BAJAJ-AUTO,20210401,09:19,3726.65,3727.05,3717.75,3723.85,8757,0
BAJAJ-AUTO,20210401,09:20,3723.90,3728.75,3720.25,3724.25,8320,0
BAJAJ-AUTO,20210401,09:21,3726.90,3727.00,3715.90,3719.65,7701,0
BAJAJ-AUTO,20210401,09:22,3719.70,3729.50,3718.15,3729.10,7661,0
BAJAJ-AUTO,20210401,09:23,3729.50,3736.55,3729.10,3732.00,20929,0
BAJAJ-AUTO,20210401,09:24,3732.50,3734.55,3729.05,3734.55,9737,0
BAJAJ-AUTO,20210401,09:25,3734.55,3737.95,3729.25,3732.20,9856,0
BAJAJ-AUTO,20210401,09:26,3732.05,3733.00,3725.00,3727.80,5954,0
BAJAJ-AUTO,20210401,09:27,3727.20,3733.00,3725.85,3731.00,8992,0
BAJAJ-AUTO,20210401,09:28,3730.20,3732.70,3728.20,3731.00,9761,0
BAJAJ-AUTO,20210401,09:29,3730.00,3731.95,3729.20,3730.00,7440,0
BAJAJ-AUTO,20210401,09:30,3730.00,3731.00,3729.00,3729.95,3500,0
BAJAJ-AUTO,20210401,09:31,3729.90,3734.90,3728.45,3734.90,4743,0
BAJAJ-AUTO,20210401,09:32,3734.90,3736.00,3731.00,3733.00,4812,0
BAJAJ-AUTO,20210401,09:33,3734.00,3734.00,3730.50,3731.05,5488,0
BAJAJ-AUTO,20210401,09:34,3732.65,3734.00,3731.10,3732.15,2448,0
BAJAJ-AUTO,20210401,09:35,3734.00,3734.00,3731.25,3733.70,1775,0
BAJAJ-AUTO,20210401,09:36,3733.70,3733.70,3730.05,3732.00,2695,0
BAJAJ-AUTO,20210401,09:37,3732.00,3732.95,3730.00,3730.00,1237,0
BAJAJ-AUTO,20210401,09:38,3730.30,3732.65,3729.40,3729.40,2948,0
BAJAJ-AUTO,20210401,09:39,3730.05,3732.00,3729.00,3731.95,1878,0
BAJAJ-AUTO,20210401,09:40,3731.90,3740.00,3730.00,3739.95,10391,0
BAJAJ-AUTO,20210401,09:41,3741.00,3745.00,3739.65,3744.00,8556,0
BAJAJ-AUTO,20210401,09:42,3743.00,3745.00,3742.80,3744.50,10255,0
BAJAJ-AUTO,20210401,09:43,3744.65,3744.65,3737.30,3739.05,6689,0
BAJAJ-AUTO,20210401,09:44,3738.80,3739.95,3736.10,3736.50,3122,0
BAJAJ-AUTO,20210401,09:45,3736.90,3741.55,3735.80,3736.00,4791,0
BAJAJ-AUTO,20210401,09:46,3736.00,3736.90,3733.00,3733.45,2064,0
BAJAJ-AUTO,20210401,09:47,3733.80,3737.95,3731.00,3735.95,2864,0
BAJAJ-AUTO,20210401,09:48,3737.50,3740.00,3736.80,3736.80,1608,0
BAJAJ-AUTO,20210401,09:49,3738.05,3740.00,3737.25,3738.20,1475,0
BAJAJ-AUTO,20210401,09:50,3739.00,3740.00,3738.05,3740.00,2222,0
BAJAJ-AUTO,20210401,09:51,3741.00,3748.95,3740.90,3747.00,6765,0
BAJAJ-AUTO,20210401,09:52,3747.00,3749.00,3746.85,3747.00,4991,0
BAJAJ-AUTO,20210401,09:53,3747.00,3747.50,3744.10,3745.90,3425,0
BAJAJ-AUTO,20210401,09:54,3745.50,3745.90,3742.15,3742.15,1947,0
BAJAJ-AUTO,20210401,09:55,3743.00,3743.00,3736.05,3739.00,4078,0
BAJAJ-AUTO,20210401,09:56,3738.00,3741.80,3738.00,3741.00,2381,0
BAJAJ-AUTO,20210401,09:57,3742.35,3743.25,3741.00,3742.20,2723,0
BAJAJ-AUTO,20210401,09:58,3741.10,3742.00,3741.10,3741.50,410,0
BAJAJ-AUTO,20210401,09:59,3741.10,3742.40,3738.00,3739.55,2425,0
BAJAJ-AUTO,20210401,10:00,3739.55,3739.60,3736.65,3738.80,2608,0
BAJAJ-AUTO,20210401,10:01,3738.75,3740.00,3737.20,3739.70,1798,0
BAJAJ-AUTO,20210401,10:02,3739.70,3741.10,3738.10,3739.00,2100,0
BAJAJ-AUTO,20210401,10:03,3738.10,3738.80,3736.00,3737.60,1229,0
BAJAJ-AUTO,20210401,10:04,3737.95,3739.85,3736.15,3738.00,2680,0
BAJAJ-AUTO,20210401,10:05,3739.85,3739.85,3736.10,3738.15,956,0
BAJAJ-AUTO,20210401,10:06,3736.65,3740.40,3736.20,3738.75,1927,0
BAJAJ-AUTO,20210401,10:07,3740.75,3742.00,3739.10,3741.80,1349,0
BAJAJ-AUTO,20210401,10:08,3740.75,3741.60,3737.00,3737.00,716,0
BAJAJ-AUTO,20210401,10:09,3736.20,3738.75,3736.20,3738.40,801,0
BAJAJ-AUTO,20210401,10:10,3737.45,3739.95,3737.45,3738.05,701,0
BAJAJ-AUTO,20210401,10:11,3738.05,3739.00,3737.00,3737.50,379,0
BAJAJ-AUTO,20210401,10:12,3737.50,3737.50,3735.50,3735.50,991,0
BAJAJ-AUTO,20210401,10:13,3735.50,3736.70,3727.95,3731.05,7905,0
BAJAJ-AUTO,20210401,10:14,3730.70,3731.75,3726.30,3728.65,3341,0
BAJAJ-AUTO,20210401,10:15,3728.65,3731.50,3727.45,3729.05,1090,0
BAJAJ-AUTO,20210401,10:16,3730.00,3735.00,3729.00,3734.40,1830,0
BAJAJ-AUTO,20210401,10:17,3734.55,3734.60,3731.00,3733.25,962,0
BAJAJ-AUTO,20210401,10:18,3733.10,3734.00,3731.25,3733.15,495,0
BAJAJ-AUTO,20210401,10:19,3733.15,3737.00,3733.15,3735.90,877,0
BAJAJ-AUTO,20210401,10:20,3734.95,3737.00,3734.45,3735.45,918,0
BAJAJ-AUTO,20210401,10:21,3736.00,3742.55,3735.45,3738.35,5829,0
BAJAJ-AUTO,20210401,10:22,3738.35,3740.00,3737.45,3739.00,631,0
BAJAJ-AUTO,20210401,10:23,3739.90,3740.40,3737.60,3740.40,1241,0
BAJAJ-AUTO,20210401,10:24,3740.90,3742.60,3739.95,3740.80,1122,0
BAJAJ-AUTO,20210401,10:25,3740.80,3742.50,3739.60,3741.65,2016,0
BAJAJ-AUTO,20210401,10:26,3740.05,3742.00,3737.75,3737.75,1959,0
BAJAJ-AUTO,20210401,10:27,3739.35,3739.35,3735.00,3738.00,1136,0
BAJAJ-AUTO,20210401,10:28,3737.40,3738.60,3736.60,3736.75,807,0
BAJAJ-AUTO,20210401,10:29,3736.70,3736.70,3733.35,3736.45,1103,0
BAJAJ-AUTO,20210401,10:30,3735.00,3738.30,3735.00,3738.30,1379,0
BAJAJ-AUTO,20210401,10:31,3737.80,3738.65,3736.40,3737.75,3182,0
BAJAJ-AUTO,20210401,10:32,3737.75,3740.35,3737.20,3740.35,1373,0
BAJAJ-AUTO,20210401,10:33,3739.05,3740.10,3738.10,3740.00,384,0
BAJAJ-AUTO,20210401,10:34,3740.00,3741.45,3739.00,3740.65,1532,0
BAJAJ-AUTO,20210401,10:35,3741.00,3741.90,3740.00,3740.95,624,0
BAJAJ-AUTO,20210401,10:36,3740.95,3742.00,3740.95,3742.00,1731,0
BAJAJ-AUTO,20210401,10:37,3741.80,3742.00,3740.05,3741.00,1012,0
BAJAJ-AUTO,20210401,10:38,3740.85,3741.00,3739.00,3739.65,1078,0
BAJAJ-AUTO,20210401,10:39,3741.30,3742.80,3739.75,3742.50,1618,0
BAJAJ-AUTO,20210401,10:40,3742.25,3745.00,3741.20,3743.10,3019,0
BAJAJ-AUTO,20210401,10:41,3743.10,3745.00,3742.80,3745.00,4105,0
BAJAJ-AUTO,20210401,10:42,3745.00,3745.45,3742.20,3743.85,1257,0
BAJAJ-AUTO,20210401,10:43,3743.55,3743.85,3741.00,3742.00,1182,0
BAJAJ-AUTO,20210401,10:44,3741.00,3742.00,3740.00,3742.00,1058,0
BAJAJ-AUTO,20210401,10:45,3740.00,3742.00,3740.00,3740.10,1220,0
BAJAJ-AUTO,20210401,10:46,3740.10,3740.50,3740.00,3740.50,2072,0
BAJAJ-AUTO,20210401,10:47,3740.00,3740.90,3739.10,3739.95,3252,0
BAJAJ-AUTO,20210401,10:48,3739.95,3743.50,3739.15,3742.10,2989,0
BAJAJ-AUTO,20210401,10:49,3741.85,3742.10,3740.00,3740.05,1566,0
BAJAJ-AUTO,20210401,10:50,3741.00,3741.00,3740.00,3740.05,894,0
BAJAJ-AUTO,20210401,10:51,3740.05,3742.85,3740.00,3740.70,1622,0
BAJAJ-AUTO,20210401,10:52,3740.65,3741.70,3740.00,3740.90,1515,0
BAJAJ-AUTO,20210401,10:53,3740.70,3742.85,3740.00,3742.85,2159,0
BAJAJ-AUTO,20210401,10:54,3742.10,3742.90,3740.05,3740.95,1339,0
BAJAJ-AUTO,20210401,10:55,3742.60,3742.65,3740.05,3740.10,1559,0
BAJAJ-AUTO,20210401,10:56,3740.50,3741.00,3740.00,3740.00,1870,0
BAJAJ-AUTO,20210401,10:57,3739.95,3739.95,3736.05,3736.05,4778,0
BAJAJ-AUTO,20210401,10:58,3736.05,3739.00,3736.00,3738.00,4312,0
BAJAJ-AUTO,20210401,10:59,3739.05,3741.15,3737.30,3738.60,4571,0
BAJAJ-AUTO,20210401,11:00,3740.60,3742.60,3740.10,3742.00,1032,0
BAJAJ-AUTO,20210401,11:01,3741.40,3741.50,3740.00,3740.05,584,0
BAJAJ-AUTO,20210401,11:02,3740.00,3741.45,3740.00,3740.00,492,0
BAJAJ-AUTO,20210401,11:03,3740.90,3741.50,3740.00,3741.40,1444,0
BAJAJ-AUTO,20210401,11:04,3740.10,3742.95,3740.10,3741.90,1544,0
BAJAJ-AUTO,20210401,11:05,3741.90,3749.85,3741.90,3746.60,8618,0
BAJAJ-AUTO,20210401,11:06,3747.65,3749.00,3746.60,3749.00,4799,0
BAJAJ-AUTO,20210401,11:07,3749.00,3753.50,3748.05,3749.40,11085,0
BAJAJ-AUTO,20210401,11:08,3751.35,3752.35,3748.65,3750.00,3953,0
BAJAJ-AUTO,20210401,11:09,3750.00,3750.95,3748.40,3750.00,3876,0
BAJAJ-AUTO,20210401,11:10,3750.90,3754.00,3750.00,3754.00,3207,0
BAJAJ-AUTO,20210401,11:11,3754.00,3754.50,3750.40,3751.00,3227,0
BAJAJ-AUTO,20210401,11:12,3750.00,3751.90,3750.00,3751.00,4395,0
BAJAJ-AUTO,20210401,11:13,3751.00,3751.90,3750.60,3750.60,1591,0
BAJAJ-AUTO,20210401,11:14,3750.85,3752.00,3750.00,3751.00,1621,0
BAJAJ-AUTO,20210401,11:15,3751.00,3751.00,3750.00,3750.05,4254,0
BAJAJ-AUTO,20210401,11:16,3750.65,3752.95,3750.65,3751.50,1205,0
BAJAJ-AUTO,20210401,11:17,3750.85,3751.50,3750.00,3750.00,3163,0
BAJAJ-AUTO,20210401,11:18,3750.00,3751.50,3750.00,3750.00,1274,0
BAJAJ-AUTO,20210401,11:19,3750.00,3751.50,3750.00,3750.00,1896,0
BAJAJ-AUTO,20210401,11:20,3750.00,3755.00,3750.00,3753.95,3652,0
BAJAJ-AUTO,20210401,11:21,3755.00,3755.00,3751.50,3752.65,1216,0
BAJAJ-AUTO,20210401,11:22,3752.65,3752.65,3750.90,3751.00,879,0
BAJAJ-AUTO,20210401,11:23,3751.75,3752.65,3750.00,3750.00,1363,0
BAJAJ-AUTO,20210401,11:24,3751.55,3751.55,3750.00,3750.00,1221,0
BAJAJ-AUTO,20210401,11:25,3750.00,3751.00,3750.00,3750.00,1746,0
BAJAJ-AUTO,20210401,11:26,3750.00,3750.00,3742.60,3742.65,8477,0
BAJAJ-AUTO,20210401,11:27,3742.95,3747.55,3742.60,3747.00,1777,0
BAJAJ-AUTO,20210401,11:28,3746.75,3746.80,3742.80,3742.80,1996,0
BAJAJ-AUTO,20210401,11:29,3741.35,3743.90,3741.35,3742.05,1347,0
BAJAJ-AUTO,20210401,11:30,3742.05,3744.00,3742.05,3743.75,890,0
BAJAJ-AUTO,20210401,11:31,3743.75,3743.75,3742.00,3742.55,951,0
BAJAJ-AUTO,20210401,11:32,3742.55,3744.00,3741.40,3743.90,2196,0
BAJAJ-AUTO,20210401,11:33,3743.45,3743.45,3741.45,3741.60,1010,0
BAJAJ-AUTO,20210401,11:34,3741.60,3744.00,3741.60,3744.00,2830,0
BAJAJ-AUTO,20210401,11:35,3744.65,3745.15,3742.65,3743.05,2297,0
BAJAJ-AUTO,20210401,11:36,3745.20,3745.20,3743.05,3744.00,723,0
BAJAJ-AUTO,20210401,11:37,3744.00,3746.00,3744.00,3744.60,759,0
BAJAJ-AUTO,20210401,11:38,3745.95,3746.00,3744.00,3745.00,602,0
BAJAJ-AUTO,20210401,11:39,3745.00,3745.00,3744.00,3744.20,2018,0
BAJAJ-AUTO,20210401,11:40,3744.20,3745.00,3744.00,3744.20,761,0
BAJAJ-AUTO,20210401,11:41,3744.20,3745.00,3744.00,3744.00,717,0
BAJAJ-AUTO,20210401,11:42,3744.00,3744.80,3744.00,3744.80,935,0
BAJAJ-AUTO,20210401,11:43,3744.80,3744.80,3744.20,3744.25,781,0
BAJAJ-AUTO,20210401,11:44,3744.45,3745.75,3744.25,3744.50,1197,0
BAJAJ-AUTO,20210401,11:45,3744.50,3746.00,3744.50,3746.00,545,0
BAJAJ-AUTO,20210401,11:46,3745.00,3745.40,3745.00,3745.00,671,0
BAJAJ-AUTO,20210401,11:47,3745.40,3747.60,3745.00,3747.00,2029,0
BAJAJ-AUTO,20210401,11:48,3747.00,3747.00,3744.70,3745.00,399,0
BAJAJ-AUTO,20210401,11:49,3745.00,3746.25,3744.00,3744.85,409,0
BAJAJ-AUTO,20210401,11:50,3745.00,3745.00,3743.55,3743.60,1210,0
BAJAJ-AUTO,20210401,11:51,3744.80,3745.25,3743.75,3743.80,875,0
BAJAJ-AUTO,20210401,11:52,3743.80,3745.00,3743.80,3744.00,1292,0
BAJAJ-AUTO,20210401,11:53,3744.05,3745.75,3744.05,3745.75,572,0
BAJAJ-AUTO,20210401,11:54,3745.75,3746.00,3744.50,3745.40,412,0
BAJAJ-AUTO,20210401,11:55,3744.50,3745.05,3744.50,3744.50,424,0
BAJAJ-AUTO,20210401,11:56,3744.50,3744.95,3744.50,3744.55,477,0
BAJAJ-AUTO,20210401,11:57,3744.90,3746.00,3744.55,3745.00,656,0
BAJAJ-AUTO,20210401,11:58,3745.00,3746.00,3745.00,3746.00,933,0
BAJAJ-AUTO,20210401,11:59,3745.20,3747.00,3745.20,3746.00,818,0
BAJAJ-AUTO,20210401,12:00,3746.85,3747.50,3746.00,3746.00,771,0
BAJAJ-AUTO,20210401,12:01,3745.95,3746.55,3745.00,3745.10,757,0
BAJAJ-AUTO,20210401,12:02,3745.85,3746.50,3745.00,3746.45,1835,0
BAJAJ-AUTO,20210401,12:03,3746.00,3747.80,3746.00,3747.65,823,0
BAJAJ-AUTO,20210401,12:04,3749.00,3749.25,3746.50,3747.30,2235,0
BAJAJ-AUTO,20210401,12:05,3747.30,3747.90,3747.30,3747.90,642,0
BAJAJ-AUTO,20210401,12:06,3747.90,3751.90,3747.90,3750.15,2205,0
BAJAJ-AUTO,20210401,12:07,3750.15,3751.00,3750.00,3750.70,671,0
BAJAJ-AUTO,20210401,12:08,3750.00,3751.80,3750.00,3750.80,1116,0
BAJAJ-AUTO,20210401,12:09,3751.45,3752.95,3750.00,3752.85,1722,0
BAJAJ-AUTO,20210401,12:10,3751.75,3752.95,3750.65,3750.65,684,0
BAJAJ-AUTO,20210401,12:11,3750.00,3751.00,3750.00,3750.00,873,0
BAJAJ-AUTO,20210401,12:12,3750.05,3750.90,3750.00,3750.00,940,0
BAJAJ-AUTO,20210401,12:13,3750.00,3755.00,3750.00,3754.00,2486,0
BAJAJ-AUTO,20210401,12:14,3752.30,3754.00,3750.50,3751.95,1026,0
BAJAJ-AUTO,20210401,12:15,3750.50,3751.95,3750.10,3751.85,681,0
BAJAJ-AUTO,20210401,12:16,3751.85,3751.85,3749.75,3750.05,1737,0
BAJAJ-AUTO,20210401,12:17,3750.05,3750.80,3749.75,3750.00,2814,0
BAJAJ-AUTO,20210401,12:18,3750.00,3750.45,3749.65,3750.40,1236,0
BAJAJ-AUTO,20210401,12:19,3750.00,3750.40,3750.00,3750.10,751,0
BAJAJ-AUTO,20210401,12:20,3750.00,3750.45,3749.75,3750.00,652,0
BAJAJ-AUTO,20210401,12:21,3750.00,3751.85,3749.75,3751.00,1737,0
BAJAJ-AUTO,20210401,12:22,3750.95,3750.95,3749.00,3749.55,3773,0
BAJAJ-AUTO,20210401,12:23,3749.50,3750.00,3745.00,3745.00,3725,0
BAJAJ-AUTO,20210401,12:24,3745.00,3746.55,3745.00,3745.70,1645,0
BAJAJ-AUTO,20210401,12:25,3745.70,3746.20,3745.00,3746.00,1386,0
BAJAJ-AUTO,20210401,12:26,3745.05,3745.05,3745.00,3745.00,1093,0
BAJAJ-AUTO,20210401,12:27,3745.10,3745.40,3743.60,3744.00,2083,0
BAJAJ-AUTO,20210401,12:28,3744.00,3745.35,3744.00,3745.35,1708,0
BAJAJ-AUTO,20210401,12:29,3745.35,3745.35,3744.50,3744.55,465,0
BAJAJ-AUTO,20210401,12:30,3744.55,3745.00,3743.80,3743.80,1381,0
BAJAJ-AUTO,20210401,12:31,3743.65,3743.80,3742.00,3742.00,2077,0
BAJAJ-AUTO,20210401,12:32,3741.95,3743.80,3740.00,3743.40,3687,0
BAJAJ-AUTO,20210401,12:33,3742.00,3744.70,3742.00,3744.60,3904,0
BAJAJ-AUTO,20210401,12:34,3744.55,3744.60,3739.90,3744.00,7497,0
BAJAJ-AUTO,20210401,12:35,3744.00,3745.60,3743.20,3745.60,1856,0
BAJAJ-AUTO,20210401,12:36,3744.00,3745.80,3744.00,3744.00,1184,0
BAJAJ-AUTO,20210401,12:37,3744.00,3745.95,3743.00,3743.45,788,0
BAJAJ-AUTO,20210401,12:38,3743.45,3743.45,3742.00,3742.00,534,0
BAJAJ-AUTO,20210401,12:39,3742.00,3745.25,3742.00,3745.00,2187,0
BAJAJ-AUTO,20210401,12:40,3745.00,3745.00,3743.25,3745.00,2070,0
BAJAJ-AUTO,20210401,12:41,3744.40,3746.00,3742.00,3743.80,4515,0
BAJAJ-AUTO,20210401,12:42,3745.10,3745.95,3744.15,3744.15,1634,0
BAJAJ-AUTO,20210401,12:43,3745.05,3745.05,3744.05,3744.95,381,0
BAJAJ-AUTO,20210401,12:44,3744.00,3744.80,3744.00,3744.00,423,0
BAJAJ-AUTO,20210401,12:45,3744.00,3744.10,3741.65,3741.65,484,0
BAJAJ-AUTO,20210401,12:46,3741.90,3743.90,3740.75,3743.90,1776,0
BAJAJ-AUTO,20210401,12:47,3743.80,3745.50,3743.60,3744.30,1691,0
BAJAJ-AUTO,20210401,12:48,3744.30,3745.95,3743.05,3745.85,1100,0
BAJAJ-AUTO,20210401,12:49,3744.90,3745.95,3743.60,3745.95,912,0
BAJAJ-AUTO,20210401,12:50,3745.95,3746.70,3745.00,3745.05,670,0
BAJAJ-AUTO,20210401,12:51,3745.00,3746.80,3745.00,3745.00,710,0
BAJAJ-AUTO,20210401,12:52,3745.00,3745.20,3745.00,3745.00,559,0
BAJAJ-AUTO,20210401,12:53,3745.15,3748.00,3745.00,3748.00,721,0
BAJAJ-AUTO,20210401,12:54,3747.35,3751.00,3747.35,3750.70,1525,0
BAJAJ-AUTO,20210401,12:55,3748.90,3750.70,3746.80,3746.80,682,0
BAJAJ-AUTO,20210401,12:56,3746.50,3747.40,3745.00,3745.00,775,0
BAJAJ-AUTO,20210401,12:57,3745.00,3747.95,3745.00,3747.95,842,0
BAJAJ-AUTO,20210401,12:58,3746.50,3747.20,3745.00,3745.00,581,0
BAJAJ-AUTO,20210401,12:59,3745.05,3747.40,3745.00,3745.05,615,0
BAJAJ-AUTO,20210401,13:00,3746.80,3746.80,3745.00,3745.00,357,0
BAJAJ-AUTO,20210401,13:01,3745.10,3746.00,3745.00,3746.00,635,0
BAJAJ-AUTO,20210401,13:02,3745.00,3746.00,3744.35,3744.35,422,0
BAJAJ-AUTO,20210401,13:03,3744.35,3745.45,3743.60,3743.70,438,0
BAJAJ-AUTO,20210401,13:04,3744.35,3744.75,3743.00,3744.00,808,0
BAJAJ-AUTO,20210401,13:05,3744.00,3745.00,3744.00,3744.50,1414,0
BAJAJ-AUTO,20210401,13:06,3744.50,3745.25,3744.50,3745.25,1586,0
BAJAJ-AUTO,20210401,13:07,3745.25,3746.00,3745.00,3745.00,452,0
BAJAJ-AUTO,20210401,13:08,3745.85,3746.00,3745.00,3746.00,526,0
BAJAJ-AUTO,20210401,13:09,3745.40,3746.75,3745.00,3745.20,518,0
BAJAJ-AUTO,20210401,13:10,3746.50,3746.50,3745.10,3745.20,468,0
BAJAJ-AUTO,20210401,13:11,3746.15,3746.80,3745.20,3746.20,665,0
BAJAJ-AUTO,20210401,13:12,3746.20,3747.00,3745.15,3747.00,530,0
BAJAJ-AUTO,20210401,13:13,3746.30,3747.00,3745.25,3745.35,508,0
BAJAJ-AUTO,20210401,13:14,3747.00,3747.00,3746.10,3746.95,499,0
BAJAJ-AUTO,20210401,13:15,3746.70,3751.00,3745.95,3750.80,1689,0
BAJAJ-AUTO,20210401,13:16,3753.00,3759.00,3753.00,3758.85,5905,0
BAJAJ-AUTO,20210401,13:17,3758.85,3759.00,3754.45,3756.00,2252,0
BAJAJ-AUTO,20210401,13:18,3755.85,3755.85,3751.95,3751.95,1202,0
BAJAJ-AUTO,20210401,13:19,3750.15,3753.20,3750.00,3751.95,1342,0
BAJAJ-AUTO,20210401,13:20,3751.60,3752.05,3750.10,3751.85,859,0
BAJAJ-AUTO,20210401,13:21,3750.15,3751.60,3750.10,3750.10,2115,0
BAJAJ-AUTO,20210401,13:22,3750.10,3751.00,3750.10,3751.00,1883,0
BAJAJ-AUTO,20210401,13:23,3751.00,3753.00,3750.85,3752.60,930,0
BAJAJ-AUTO,20210401,13:24,3751.30,3752.50,3750.10,3752.25,636,0
BAJAJ-AUTO,20210401,13:25,3752.25,3752.60,3750.30,3751.05,681,0
BAJAJ-AUTO,20210401,13:26,3751.05,3753.65,3750.80,3750.80,989,0
BAJAJ-AUTO,20210401,13:27,3751.00,3752.55,3751.00,3751.55,845,0
BAJAJ-AUTO,20210401,13:28,3751.20,3752.85,3751.20,3752.25,1212,0
BAJAJ-AUTO,20210401,13:29,3752.45,3752.45,3750.50,3750.50,699,0
BAJAJ-AUTO,20210401,13:30,3750.65,3751.00,3749.25,3749.25,1203,0
BAJAJ-AUTO,20210401,13:31,3748.00,3748.00,3746.60,3746.80,675,0
BAJAJ-AUTO,20210401,13:32,3746.80,3749.15,3746.80,3747.95,1353,0
BAJAJ-AUTO,20210401,13:33,3747.00,3747.90,3746.80,3747.90,1017,0
BAJAJ-AUTO,20210401,13:34,3747.20,3747.90,3746.00,3746.20,943,0
BAJAJ-AUTO,20210401,13:35,3746.25,3746.90,3746.00,3746.80,677,0
BAJAJ-AUTO,20210401,13:36,3746.45,3746.90,3745.30,3745.30,581,0
BAJAJ-AUTO,20210401,13:37,3745.90,3746.00,3745.20,3745.25,627,0
BAJAJ-AUTO,20210401,13:38,3745.25,3746.50,3745.25,3746.50,528,0
BAJAJ-AUTO,20210401,13:39,3747.00,3750.80,3746.90,3750.00,1560,0
BAJAJ-AUTO,20210401,13:40,3750.00,3751.40,3750.00,3750.00,1428,0
BAJAJ-AUTO,20210401,13:41,3750.00,3750.95,3750.00,3750.95,429,0
BAJAJ-AUTO,20210401,13:42,3750.95,3754.00,3750.50,3753.45,746,0
BAJAJ-AUTO,20210401,13:43,3753.45,3753.45,3750.00,3750.00,1008,0
BAJAJ-AUTO,20210401,13:44,3750.05,3750.65,3750.05,3750.65,448,0
BAJAJ-AUTO,20210401,13:45,3750.10,3750.60,3750.00,3750.00,2162,0
BAJAJ-AUTO,20210401,13:46,3750.00,3752.90,3750.00,3752.90,1116,0
BAJAJ-AUTO,20210401,13:47,3751.65,3752.35,3750.55,3751.90,421,0
BAJAJ-AUTO,20210401,13:48,3750.60,3751.90,3750.60,3751.05,499,0
BAJAJ-AUTO,20210401,13:49,3751.05,3751.75,3750.55,3751.30,504,0
BAJAJ-AUTO,20210401,13:50,3750.55,3756.50,3750.55,3756.50,3065,0
BAJAJ-AUTO,20210401,13:51,3755.55,3756.50,3753.05,3753.05,1547,0
BAJAJ-AUTO,20210401,13:52,3753.95,3755.00,3753.10,3755.00,1060,0
BAJAJ-AUTO,20210401,13:53,3755.00,3755.50,3755.00,3755.45,1842,0
BAJAJ-AUTO,20210401,13:54,3755.30,3757.50,3754.80,3755.00,2682,0
BAJAJ-AUTO,20210401,13:55,3755.00,3755.15,3754.90,3755.00,1596,0
BAJAJ-AUTO,20210401,13:56,3755.00,3755.50,3755.00,3755.40,649,0
BAJAJ-AUTO,20210401,13:57,3755.00,3755.50,3755.00,3755.00,591,0
BAJAJ-AUTO,20210401,13:58,3755.00,3755.45,3755.00,3755.00,555,0
BAJAJ-AUTO,20210401,13:59,3755.00,3755.25,3755.00,3755.25,585,0
BAJAJ-AUTO,20210401,14:00,3755.25,3755.45,3755.00,3755.35,970,0
BAJAJ-AUTO,20210401,14:01,3755.35,3755.35,3755.00,3755.00,676,0
BAJAJ-AUTO,20210401,14:02,3755.00,3755.75,3755.00,3755.60,4566,0
BAJAJ-AUTO,20210401,14:03,3755.60,3758.20,3755.00,3758.20,1151,0
BAJAJ-AUTO,20210401,14:04,3757.90,3757.95,3756.60,3757.45,581,0
BAJAJ-AUTO,20210401,14:05,3757.00,3757.45,3755.60,3756.40,570,0
BAJAJ-AUTO,20210401,14:06,3756.50,3756.95,3755.60,3756.15,495,0
BAJAJ-AUTO,20210401,14:07,3756.40,3757.45,3756.15,3756.30,760,0
BAJAJ-AUTO,20210401,14:08,3756.15,3756.30,3755.00,3755.00,980,0
BAJAJ-AUTO,20210401,14:09,3755.00,3755.35,3755.00,3755.15,512,0
BAJAJ-AUTO,20210401,14:10,3755.05,3755.95,3755.05,3755.40,789,0
BAJAJ-AUTO,20210401,14:11,3755.40,3756.00,3755.25,3755.55,642,0
BAJAJ-AUTO,20210401,14:12,3755.55,3756.00,3755.00,3756.00,855,0
BAJAJ-AUTO,20210401,14:13,3756.00,3757.40,3755.05,3757.00,1486,0
BAJAJ-AUTO,20210401,14:14,3757.20,3758.00,3757.00,3757.70,847,0
BAJAJ-AUTO,20210401,14:15,3757.20,3757.80,3756.95,3757.70,1550,0
BAJAJ-AUTO,20210401,14:16,3757.40,3760.00,3757.40,3759.00,3694,0
BAJAJ-AUTO,20210401,14:17,3759.00,3763.00,3759.00,3762.25,3633,0
BAJAJ-AUTO,20210401,14:18,3762.65,3762.65,3760.80,3761.20,1146,0
BAJAJ-AUTO,20210401,14:19,3761.95,3762.25,3760.80,3762.00,1576,0
BAJAJ-AUTO,20210401,14:20,3762.00,3764.30,3762.00,3763.90,2134,0
BAJAJ-AUTO,20210401,14:21,3764.15,3764.15,3763.00,3763.80,797,0
BAJAJ-AUTO,20210401,14:22,3763.50,3763.90,3760.80,3760.80,2255,0
BAJAJ-AUTO,20210401,14:23,3760.80,3761.00,3760.00,3760.00,819,0
BAJAJ-AUTO,20210401,14:24,3760.10,3760.10,3757.65,3757.65,1381,0
BAJAJ-AUTO,20210401,14:25,3757.65,3760.20,3757.00,3760.00,2530,0
BAJAJ-AUTO,20210401,14:26,3760.00,3760.20,3760.00,3760.20,532,0
BAJAJ-AUTO,20210401,14:27,3760.00,3761.20,3760.00,3760.00,1197,0
BAJAJ-AUTO,20210401,14:28,3760.05,3760.40,3758.00,3759.80,1304,0
BAJAJ-AUTO,20210401,14:29,3758.25,3759.80,3757.20,3757.20,1206,0
BAJAJ-AUTO,20210401,14:30,3758.60,3758.60,3756.20,3758.05,779,0
BAJAJ-AUTO,20210401,14:31,3758.00,3758.00,3754.80,3754.85,1778,0
BAJAJ-AUTO,20210401,14:32,3755.45,3755.90,3754.80,3755.90,601,0
BAJAJ-AUTO,20210401,14:33,3755.00,3756.00,3754.80,3755.05,855,0
BAJAJ-AUTO,20210401,14:34,3755.05,3755.90,3755.00,3755.00,622,0
BAJAJ-AUTO,20210401,14:35,3755.40,3755.40,3753.75,3755.20,720,0
BAJAJ-AUTO,20210401,14:36,3755.25,3755.90,3755.00,3755.00,443,0
BAJAJ-AUTO,20210401,14:37,3755.00,3755.55,3755.00,3755.50,485,0
BAJAJ-AUTO,20210401,14:38,3756.40,3757.40,3756.40,3756.90,1049,0
BAJAJ-AUTO,20210401,14:39,3756.95,3756.95,3755.00,3755.00,634,0
BAJAJ-AUTO,20210401,14:40,3755.00,3756.05,3755.00,3755.05,476,0
BAJAJ-AUTO,20210401,14:41,3755.45,3755.45,3755.05,3755.15,696,0
BAJAJ-AUTO,20210401,14:42,3755.15,3755.20,3755.00,3755.00,664,0
BAJAJ-AUTO,20210401,14:43,3755.00,3756.85,3755.00,3756.85,4977,0
BAJAJ-AUTO,20210401,14:44,3755.90,3756.95,3755.05,3755.60,488,0
BAJAJ-AUTO,20210401,14:45,3755.60,3756.80,3755.05,3755.10,722,0
BAJAJ-AUTO,20210401,14:46,3755.60,3756.00,3755.00,3755.05,661,0
BAJAJ-AUTO,20210401,14:47,3756.00,3756.00,3755.00,3755.45,1381,0
BAJAJ-AUTO,20210401,14:48,3755.00,3756.70,3755.00,3756.30,729,0
BAJAJ-AUTO,20210401,14:49,3755.45,3756.90,3755.45,3756.40,604,0
BAJAJ-AUTO,20210401,14:50,3756.40,3756.80,3756.00,3756.60,649,0
BAJAJ-AUTO,20210401,14:51,3756.00,3756.80,3755.00,3756.80,1580,0
BAJAJ-AUTO,20210401,14:52,3756.00,3756.90,3755.70,3756.00,559,0
BAJAJ-AUTO,20210401,14:53,3756.00,3756.85,3753.05,3753.50,1958,0
BAJAJ-AUTO,20210401,14:54,3753.95,3753.95,3748.45,3748.75,4284,0
BAJAJ-AUTO,20210401,14:55,3750.00,3750.00,3746.00,3748.55,2784,0
BAJAJ-AUTO,20210401,14:56,3750.00,3750.00,3746.45,3747.00,2983,0
BAJAJ-AUTO,20210401,14:57,3746.45,3751.55,3745.20,3749.70,3670,0
BAJAJ-AUTO,20210401,14:58,3749.70,3749.70,3748.05,3748.95,1057,0
BAJAJ-AUTO,20210401,14:59,3748.05,3748.65,3747.25,3747.30,811,0
BAJAJ-AUTO,20210401,15:00,3748.20,3749.80,3747.00,3749.75,1962,0
BAJAJ-AUTO,20210401,15:01,3749.20,3749.20,3746.05,3748.50,2795,0
BAJAJ-AUTO,20210401,15:02,3748.15,3750.90,3748.15,3749.60,1507,0
BAJAJ-AUTO,20210401,15:03,3749.65,3751.00,3749.60,3750.85,2281,0
BAJAJ-AUTO,20210401,15:04,3750.00,3751.00,3749.50,3751.00,2039,0
BAJAJ-AUTO,20210401,15:05,3749.70,3757.30,3749.50,3756.70,7956,0
BAJAJ-AUTO,20210401,15:06,3757.60,3758.25,3750.50,3751.60,4431,0
BAJAJ-AUTO,20210401,15:07,3752.45,3753.65,3748.00,3751.20,5364,0
BAJAJ-AUTO,20210401,15:08,3751.15,3751.30,3750.00,3750.00,1787,0
BAJAJ-AUTO,20210401,15:09,3750.35,3750.35,3748.00,3749.40,2077,0
BAJAJ-AUTO,20210401,15:10,3749.40,3749.65,3747.00,3748.95,4506,0
BAJAJ-AUTO,20210401,15:11,3748.95,3750.00,3746.40,3746.40,4673,0
BAJAJ-AUTO,20210401,15:12,3748.35,3748.90,3742.05,3742.05,6740,0
BAJAJ-AUTO,20210401,15:13,3742.60,3743.50,3735.50,3737.70,6646,0
BAJAJ-AUTO,20210401,15:14,3737.50,3739.90,3735.00,3735.00,4476,0
BAJAJ-AUTO,20210401,15:15,3737.70,3743.05,3736.25,3741.40,5255,0
BAJAJ-AUTO,20210401,15:16,3741.75,3741.75,3736.25,3741.05,5980,0
BAJAJ-AUTO,20210401,15:17,3741.00,3742.00,3740.00,3741.10,2555,0
BAJAJ-AUTO,20210401,15:18,3741.10,3742.00,3740.00,3741.85,2606,0
BAJAJ-AUTO,20210401,15:19,3741.65,3742.95,3740.00,3740.70,6900,0
BAJAJ-AUTO,20210401,15:20,3740.00,3742.20,3740.00,3741.05,3006,0
BAJAJ-AUTO,20210401,15:21,3741.05,3743.90,3741.00,3743.40,5058,0
BAJAJ-AUTO,20210401,15:22,3743.60,3743.80,3740.10,3740.30,7362,0
BAJAJ-AUTO,20210401,15:23,3740.30,3742.30,3737.85,3739.80,6122,0
BAJAJ-AUTO,20210401,15:24,3736.90,3740.30,3736.90,3739.10,2112,0
BAJAJ-AUTO,20210401,15:25,3739.90,3742.00,3737.85,3741.00,3246,0
BAJAJ-AUTO,20210401,15:26,3740.65,3741.35,3735.35,3735.35,2786,0
BAJAJ-AUTO,20210401,15:27,3735.00,3736.20,3732.30,3735.05,4799,0
BAJAJ-AUTO,20210401,15:28,3735.00,3735.00,3727.50,3731.70,3440,0
BAJAJ-AUTO,20210401,15:29,3730.00,3732.10,3725.80,3728.70,3031,0
BAJAJ-AUTO,20210401,15:30,3728.65,3740.00,3728.60,3740.00,1291,0
BAJAJ-AUTO,20210401,15:32,3743.05,3743.05,3743.05,3743.05,0,0
BAJAJ-AUTO,20210401,15:41,3743.05,3743.05,3743.05,3743.05,6,0
BAJAJ-AUTO,20210401,17:07,3743.05,3743.05,3743.05,3743.05,0,0
