DLF_F1,20171012,09:16,171.65,171.95,171,171.75,155000
DLF_F1,20171012,09:17,171.75,172.6,171.75,172.55,260000
DLF_F1,20171012,09:18,172.4,172.45,172.05,172.2,160000
DLF_F1,20171012,09:19,172.05,172.15,171.85,172,145000
DLF_F1,20171012,09:20,171.9,172.2,171.9,172,120000
DLF_F1,20171012,09:21,172.05,172.15,171.6,171.65,185000
DLF_F1,20171012,09:22,171.65,171.85,171.2,171.45,170000
DLF_F1,20171012,09:23,171.45,172,171.45,171.75,110000
DLF_F1,20171012,09:24,171.7,171.9,171.5,171.5,105000
DLF_F1,20171012,09:25,171.5,171.6,171.45,171.45,70000
DLF_F1,20171012,09:26,171.45,171.6,171.45,171.5,115000
DLF_F1,20171012,09:27,171.45,171.45,171.15,171.35,125000
DLF_F1,20171012,09:28,171.4,171.65,171.3,171.65,265000
DLF_F1,20171012,09:29,171.6,172.3,171.6,171.75,300000
DLF_F1,20171012,09:30,171.7,172.05,171.65,172.05,80000
DLF_F1,20171012,09:31,172.1,172.15,172.05,172.15,50000
DLF_F1,20171012,09:32,172.2,172.2,172,172,90000
DLF_F1,20171012,09:33,171.95,172.05,171.9,172.05,110000
DLF_F1,20171012,09:34,172.05,172.1,171.95,172.05,100000
DLF_F1,20171012,09:35,172.15,172.55,172.15,172.55,135000
DLF_F1,20171012,09:36,172.75,172.75,172.3,172.5,255000
DLF_F1,20171012,09:37,172.5,172.8,172.5,172.8,70000
DLF_F1,20171012,09:38,172.65,172.75,172.55,172.7,175000
DLF_F1,20171012,09:39,172.7,172.7,172.4,172.5,165000
DLF_F1,20171012,09:40,172.5,172.6,172.5,172.5,65000
DLF_F1,20171012,09:41,172.65,172.95,172.65,172.85,165000
DLF_F1,20171012,09:42,173.35,173.35,172.9,172.9,250000
DLF_F1,20171012,09:43,173.2,173.25,173,173,95000
DLF_F1,20171012,09:44,173.2,173.25,173.1,173.2,120000
DLF_F1,20171012,09:45,173.3,173.4,173.3,173.3,130000
DLF_F1,20171012,09:46,173.25,173.25,173.1,173.1,75000
DLF_F1,20171012,09:47,173.15,173.2,173,173.1,65000
DLF_F1,20171012,09:48,172.95,173.1,172.75,173.1,110000
DLF_F1,20171012,09:49,173.15,173.15,173,173.05,40000
DLF_F1,20171012,09:50,173,173,172.8,172.8,90000
DLF_F1,20171012,09:51,172.9,172.9,172.75,172.75,30000
DLF_F1,20171012,09:52,172.85,172.85,172.7,172.75,55000
DLF_F1,20171012,09:53,172.9,172.9,172.6,172.6,110000
DLF_F1,20171012,09:54,172.6,172.6,172.55,172.55,55000
DLF_F1,20171012,09:55,172.55,172.65,172.55,172.6,90000
DLF_F1,20171012,09:56,172.75,172.75,172.55,172.55,30000
DLF_F1,20171012,09:57,172.5,172.6,172.5,172.6,35000
DLF_F1,20171012,09:58,172.6,172.6,172.6,172.6,20000
DLF_F1,20171012,09:59,172.55,172.55,172.2,172.2,85000
DLF_F1,20171012,10:00,172.1,172.3,172.1,172.3,40000
DLF_F1,20171012,10:02,172.45,172.6,172.3,172.6,70000
DLF_F1,20171012,10:03,172.6,172.6,172.6,172.6,5000
DLF_F1,20171012,10:04,172.6,172.6,172.6,172.6,10000
DLF_F1,20171012,10:05,172.5,172.65,172.5,172.6,75000
DLF_F1,20171012,10:06,172.75,173,172.7,172.7,165000
DLF_F1,20171012,10:07,172.75,172.85,172.6,172.6,65000
DLF_F1,20171012,10:08,172.6,172.6,172.5,172.6,15000
DLF_F1,20171012,10:09,172.6,172.85,172.6,172.85,25000
DLF_F1,20171012,10:10,172.75,172.75,172.7,172.7,10000
DLF_F1,20171012,10:11,172.6,172.6,172.5,172.55,40000
DLF_F1,20171012,10:12,172.6,172.6,172.5,172.6,15000
DLF_F1,20171012,10:13,172.5,172.5,172.5,172.5,15000
DLF_F1,20171012,10:14,172.85,172.95,172.85,172.95,130000
DLF_F1,20171012,10:15,173.3,173.6,173.25,173.45,585000
DLF_F1,20171012,10:16,173.35,173.35,173.05,173.05,50000
DLF_F1,20171012,10:17,173.1,173.2,173,173.05,40000
DLF_F1,20171012,10:18,172.95,172.95,172.85,172.95,35000
DLF_F1,20171012,10:19,172.85,172.85,172.7,172.7,45000
DLF_F1,20171012,10:20,172.75,172.75,172.6,172.6,35000
DLF_F1,20171012,10:21,172.75,172.75,172.6,172.6,35000
DLF_F1,20171012,10:22,172.7,172.8,172.7,172.8,35000
DLF_F1,20171012,10:23,172.75,172.9,172.75,172.9,20000
DLF_F1,20171012,10:24,172.75,172.75,172.7,172.7,10000
DLF_F1,20171012,10:25,172.5,172.5,172.4,172.4,70000
DLF_F1,20171012,10:26,172.5,172.6,172.5,172.6,10000
DLF_F1,20171012,10:27,172.55,172.55,172.55,172.55,10000
DLF_F1,20171012,10:28,172.55,172.75,172.55,172.75,20000
DLF_F1,20171012,10:29,172.65,172.65,172.65,172.65,10000
DLF_F1,20171012,10:30,172.6,172.65,172.6,172.65,25000
DLF_F1,20171012,10:31,172.7,172.7,172.7,172.7,5000
DLF_F1,20171012,10:32,172.55,172.65,172.5,172.65,30000
DLF_F1,20171012,10:33,172.65,172.65,172.65,172.65,10000
DLF_F1,20171012,10:34,172.7,172.8,172.7,172.7,35000
DLF_F1,20171012,10:39,172.75,172.75,172.75,172.75,5000
DLF_F1,20171012,10:40,172.8,172.8,172.8,172.8,5000
DLF_F1,20171012,10:41,172.75,172.9,172.75,172.8,15000
DLF_F1,20171012,10:42,172.85,172.85,172.85,172.85,10000
DLF_F1,20171012,10:43,172.85,172.85,172.85,172.85,5000
DLF_F1,20171012,10:44,172.8,172.8,172.8,172.8,5000
DLF_F1,20171012,10:45,172.7,172.7,172.7,172.7,5000
DLF_F1,20171012,10:46,172.7,172.7,172.5,172.5,45000
DLF_F1,20171012,10:47,172.7,172.7,172.7,172.7,15000
DLF_F1,20171012,10:49,172.6,172.6,172.6,172.6,20000
DLF_F1,20171012,10:50,172.65,172.65,172.25,172.35,135000
DLF_F1,20171012,10:51,172.2,172.25,172.2,172.25,35000
DLF_F1,20171012,10:52,172.35,172.5,172.35,172.5,20000
DLF_F1,20171012,10:53,172.5,172.5,172.25,172.25,35000
DLF_F1,20171012,10:54,172.3,172.5,172.3,172.3,20000
DLF_F1,20171012,10:55,172.4,172.4,172.4,172.4,5000
DLF_F1,20171012,10:56,172.5,172.5,172.35,172.35,15000
DLF_F1,20171012,10:57,172.4,172.5,172.4,172.5,10000
DLF_F1,20171012,10:58,172.35,172.35,172.35,172.35,10000
DLF_F1,20171012,10:59,172.15,172.15,171.75,172,205000
DLF_F1,20171012,11:00,172.15,172.15,172.15,172.15,5000
DLF_F1,20171012,11:01,172,172,171.85,171.85,55000
DLF_F1,20171012,11:02,171.85,172.35,171.8,172.35,85000
DLF_F1,20171012,11:03,172.2,172.2,172.15,172.15,20000
DLF_F1,20171012,11:04,172.25,172.25,172,172.05,80000
DLF_F1,20171012,11:05,172.15,172.15,171.95,172.1,40000
DLF_F1,20171012,11:06,172,172,172,172,5000
DLF_F1,20171012,11:07,172.1,172.1,171.85,171.85,35000
DLF_F1,20171012,11:08,171.9,172.1,171.85,172.1,40000
DLF_F1,20171012,11:09,172.15,172.25,172.15,172.25,15000
DLF_F1,20171012,11:10,172.15,172.15,171.95,171.95,25000
DLF_F1,20171012,11:11,172,172,171.95,171.95,10000
DLF_F1,20171012,11:12,171.95,171.95,171.95,171.95,35000
DLF_F1,20171012,11:13,172,172,172,172,15000
DLF_F1,20171012,11:14,171.95,171.95,171.85,171.85,20000
DLF_F1,20171012,11:15,171.85,171.85,171.75,171.75,60000
DLF_F1,20171012,11:16,171.85,171.85,171.6,171.7,105000
DLF_F1,20171012,11:17,171.75,171.75,171.65,171.65,20000
DLF_F1,20171012,11:18,171.7,171.7,171.6,171.65,30000
DLF_F1,20171012,11:19,171.7,171.75,171.7,171.75,20000
DLF_F1,20171012,11:20,171.75,171.75,171.75,171.75,5000
DLF_F1,20171012,11:21,171.75,171.75,171.75,171.75,5000
DLF_F1,20171012,11:22,171.85,171.85,171.85,171.85,5000
DLF_F1,20171012,11:23,171.75,171.8,171.75,171.8,15000
DLF_F1,20171012,11:24,171.7,171.7,171.15,171.15,170000
DLF_F1,20171012,11:25,171.25,171.25,171.2,171.2,50000
DLF_F1,20171012,11:26,171.2,171.35,171.2,171.35,25000
DLF_F1,20171012,11:27,171.35,171.35,171.35,171.35,10000
DLF_F1,20171012,11:28,171.35,171.55,171.35,171.55,20000
DLF_F1,20171012,11:29,171.6,171.6,171.5,171.5,10000
DLF_F1,20171012,11:30,171.6,171.6,171.55,171.6,15000
DLF_F1,20171012,11:31,171.6,171.6,171.4,171.4,40000
DLF_F1,20171012,11:32,171.5,171.5,171.45,171.45,10000
DLF_F1,20171012,11:33,171.5,171.5,171.5,171.5,5000
DLF_F1,20171012,11:34,171.5,171.65,171.5,171.65,15000
DLF_F1,20171012,11:35,171.65,171.7,171.6,171.6,20000
DLF_F1,20171012,11:38,171.55,171.55,171.55,171.55,10000
DLF_F1,20171012,11:39,171.55,171.55,171.55,171.55,10000
DLF_F1,20171012,11:41,171.75,171.8,171.65,171.65,45000
DLF_F1,20171012,11:42,171.75,171.95,171.75,171.95,20000
DLF_F1,20171012,11:43,171.85,171.85,171.75,171.75,10000
DLF_F1,20171012,11:44,171.8,171.8,171.75,171.75,10000
DLF_F1,20171012,11:45,171.9,171.9,171.9,171.9,5000
DLF_F1,20171012,11:46,171.95,171.95,171.85,171.85,25000
DLF_F1,20171012,11:47,171.9,172.25,171.9,172.05,80000
DLF_F1,20171012,11:48,172.5,172.5,172.2,172.2,265000
DLF_F1,20171012,11:49,172.1,172.6,172.1,172.55,175000
DLF_F1,20171012,11:50,172.4,172.5,172.3,172.4,40000
DLF_F1,20171012,11:51,172.3,172.3,172.1,172.2,40000
DLF_F1,20171012,11:52,172.05,172.1,172.05,172.05,15000
DLF_F1,20171012,11:53,172.05,172.1,171.95,171.95,25000
DLF_F1,20171012,11:54,171.9,172,171.9,172,10000
DLF_F1,20171012,11:55,172,172,171.9,171.9,15000
DLF_F1,20171012,11:56,171.8,172,171.8,172,25000
DLF_F1,20171012,11:57,171.85,171.85,171.8,171.8,15000
DLF_F1,20171012,11:58,171.95,171.95,171.95,171.95,10000
DLF_F1,20171012,12:00,171.8,171.8,171.8,171.8,5000
DLF_F1,20171012,12:01,171.95,172,171.95,172,20000
DLF_F1,20171012,12:02,171.95,172.05,171.95,172.05,10000
DLF_F1,20171012,12:03,172.05,172.05,172,172,15000
DLF_F1,20171012,12:05,172,172,172,172,5000
DLF_F1,20171012,12:06,171.95,171.95,171.95,171.95,5000
DLF_F1,20171012,12:08,171.95,171.95,171.95,171.95,10000
DLF_F1,20171012,12:09,171.9,171.9,171.9,171.9,10000
DLF_F1,20171012,12:10,171.9,171.9,171.9,171.9,5000
DLF_F1,20171012,12:11,171.85,171.85,171.85,171.85,5000
DLF_F1,20171012,12:12,171.9,171.9,171.9,171.9,5000
DLF_F1,20171012,12:15,172.1,172.1,172.1,172.1,10000
DLF_F1,20171012,12:16,172.3,172.45,172.3,172.45,65000
DLF_F1,20171012,12:17,172.4,172.5,172.4,172.5,10000
DLF_F1,20171012,12:18,172.2,172.2,172.2,172.2,10000
DLF_F1,20171012,12:20,172.3,172.3,172.3,172.3,10000
DLF_F1,20171012,12:21,172.35,172.35,172.35,172.35,5000
DLF_F1,20171012,12:22,172.35,172.35,172.35,172.35,5000
DLF_F1,20171012,12:23,172.3,172.3,172.3,172.3,5000
DLF_F1,20171012,12:24,172.25,172.3,172.25,172.3,10000
DLF_F1,20171012,12:25,172.25,172.25,172.25,172.25,15000
DLF_F1,20171012,12:26,172.3,172.3,172.2,172.2,10000
DLF_F1,20171012,12:28,172.05,172.15,172.05,172.15,65000
DLF_F1,20171012,12:30,172.25,172.25,172.2,172.2,10000
DLF_F1,20171012,12:31,172.15,172.2,172.1,172.2,15000
DLF_F1,20171012,12:34,172.15,172.15,171.95,172.15,25000
DLF_F1,20171012,12:35,172.1,172.1,172.1,172.1,5000
DLF_F1,20171012,12:36,172.2,172.2,172.2,172.2,5000
DLF_F1,20171012,12:37,172.25,172.25,172.25,172.25,15000
DLF_F1,20171012,12:38,172.2,172.2,172.2,172.2,5000
DLF_F1,20171012,12:39,172.25,172.35,172.25,172.25,35000
DLF_F1,20171012,12:40,172.2,172.2,172.1,172.2,15000
DLF_F1,20171012,12:42,172.1,172.1,172.1,172.1,5000
DLF_F1,20171012,12:44,172.05,172.05,172.05,172.05,5000
DLF_F1,20171012,12:45,172,172,171.9,171.9,20000
DLF_F1,20171012,12:46,171.9,171.9,171.75,171.8,35000
DLF_F1,20171012,12:47,171.8,171.9,171.8,171.8,30000
DLF_F1,20171012,12:48,171.85,171.85,171.5,171.5,125000
DLF_F1,20171012,12:49,171.55,171.7,171.55,171.7,10000
DLF_F1,20171012,12:50,171.7,171.7,171.5,171.5,60000
DLF_F1,20171012,12:51,171.5,171.55,171.3,171.4,75000
DLF_F1,20171012,12:52,171.4,171.5,171.4,171.5,20000
DLF_F1,20171012,12:53,171.5,171.5,171.35,171.35,15000
DLF_F1,20171012,12:54,171.3,171.45,171.3,171.45,40000
DLF_F1,20171012,12:55,171.3,171.3,170.6,170.75,250000
DLF_F1,20171012,12:56,170.55,170.6,170.4,170.55,265000
DLF_F1,20171012,12:57,170.5,170.6,170.2,170.4,255000
DLF_F1,20171012,12:58,170.5,171,170.5,170.9,90000
DLF_F1,20171012,12:59,170.6,170.75,170.6,170.65,245000
DLF_F1,20171012,13:00,170.65,170.65,170.5,170.5,75000
DLF_F1,20171012,13:01,170.55,170.55,169.5,169.8,620000
DLF_F1,20171012,13:02,169.7,170.25,169.55,170.1,285000
DLF_F1,20171012,13:03,170.2,170.6,170.1,170.5,90000
DLF_F1,20171012,13:04,170.35,170.65,170.35,170.55,30000
DLF_F1,20171012,13:05,170.6,170.8,170.55,170.65,60000
DLF_F1,20171012,13:06,170.65,170.9,170.65,170.75,60000
DLF_F1,20171012,13:07,170.75,170.75,170.5,170.5,35000
DLF_F1,20171012,13:08,170.45,170.5,170.45,170.45,35000
DLF_F1,20171012,13:09,170.7,170.7,170.6,170.65,40000
DLF_F1,20171012,13:10,170.65,170.65,170.5,170.5,10000
DLF_F1,20171012,13:11,170.5,170.65,170.5,170.55,20000
DLF_F1,20171012,13:12,170.5,170.5,170.45,170.45,55000
DLF_F1,20171012,13:13,170.45,170.5,170.4,170.45,25000
DLF_F1,20171012,13:14,170.35,170.35,170.2,170.25,95000
DLF_F1,20171012,13:15,170.25,170.4,170.25,170.4,25000
DLF_F1,20171012,13:16,170.3,170.3,170.2,170.2,15000
DLF_F1,20171012,13:17,170.15,170.25,170.15,170.25,45000
DLF_F1,20171012,13:18,170.25,170.25,170.1,170.1,40000
DLF_F1,20171012,13:19,170.15,170.3,170.15,170.3,25000
DLF_F1,20171012,13:20,170.35,170.5,170.35,170.5,20000
DLF_F1,20171012,13:21,170.75,170.75,170.6,170.6,25000
DLF_F1,20171012,13:22,170.8,171.3,170.8,171.2,205000
DLF_F1,20171012,13:23,171.2,171.4,171.2,171.35,175000
DLF_F1,20171012,13:24,171.35,171.35,171.15,171.15,55000
DLF_F1,20171012,13:25,171.1,171.1,170.8,171.05,60000
DLF_F1,20171012,13:26,171.05,171.05,171,171,15000
DLF_F1,20171012,13:27,170.9,170.9,170.65,170.65,45000
DLF_F1,20171012,13:28,170.75,170.75,170.75,170.75,10000
DLF_F1,20171012,13:29,170.8,170.8,170.65,170.65,50000
DLF_F1,20171012,13:30,170.8,170.8,170.8,170.8,5000
DLF_F1,20171012,13:31,170.85,170.85,170.85,170.85,5000
DLF_F1,20171012,13:32,170.85,170.9,170.8,170.9,30000
DLF_F1,20171012,13:33,171,171,171,171,5000
DLF_F1,20171012,13:34,171.15,171.15,171.15,171.15,5000
DLF_F1,20171012,13:35,171.05,171.05,171,171,35000
DLF_F1,20171012,13:36,171,171.1,171,171.1,15000
DLF_F1,20171012,13:37,171.1,171.2,171.1,171.2,25000
DLF_F1,20171012,13:38,171.2,171.2,171.2,171.2,5000
DLF_F1,20171012,13:39,171.15,171.15,171.15,171.15,5000
DLF_F1,20171012,13:40,171,171,171,171,25000
DLF_F1,20171012,13:41,171.1,171.1,171.1,171.1,5000
DLF_F1,20171012,13:42,171.1,171.1,171.1,171.1,5000
DLF_F1,20171012,13:44,171,171,171,171,10000
DLF_F1,20171012,13:45,170.9,170.9,170.9,170.9,10000
DLF_F1,20171012,13:46,170.9,170.9,170.65,170.65,40000
DLF_F1,20171012,13:47,170.6,170.7,170.6,170.6,20000
DLF_F1,20171012,13:48,170.8,170.9,170.8,170.8,60000
DLF_F1,20171012,13:49,171,171,170.9,170.9,30000
DLF_F1,20171012,13:50,171.1,171.1,171,171,20000
DLF_F1,20171012,13:51,171.1,171.1,171.05,171.05,10000
DLF_F1,20171012,13:52,171,171,171,171,5000
DLF_F1,20171012,13:54,171,171,171,171,5000
DLF_F1,20171012,13:55,171,171,171,171,15000
DLF_F1,20171012,13:56,170.8,170.8,170.75,170.75,25000
DLF_F1,20171012,13:57,170.8,170.85,170.8,170.85,10000
DLF_F1,20171012,13:58,170.8,170.85,170.8,170.85,15000
DLF_F1,20171012,13:59,170.9,170.9,170.9,170.9,5000
DLF_F1,20171012,14:01,170.95,171.1,170.95,171.1,30000
DLF_F1,20171012,14:02,171.15,171.2,171.15,171.2,25000
DLF_F1,20171012,14:03,171.4,171.55,171.4,171.55,115000
DLF_F1,20171012,14:04,171.5,171.55,171.45,171.55,55000
DLF_F1,20171012,14:05,171.45,171.5,171.4,171.4,30000
DLF_F1,20171012,14:06,171.5,171.5,171.3,171.3,20000
DLF_F1,20171012,14:07,171.3,171.4,171.25,171.4,15000
DLF_F1,20171012,14:08,171.4,171.45,171.35,171.45,30000
DLF_F1,20171012,14:09,171.35,171.4,171.35,171.4,10000
DLF_F1,20171012,14:10,171.5,171.5,171.5,171.5,40000
DLF_F1,20171012,14:11,171.4,171.4,171.35,171.35,10000
DLF_F1,20171012,14:13,171.4,171.5,171.35,171.35,25000
DLF_F1,20171012,14:14,171.65,171.65,171.3,171.6,85000
DLF_F1,20171012,14:15,171.6,171.65,171.5,171.5,30000
DLF_F1,20171012,14:16,171.7,171.85,171.6,171.65,90000
DLF_F1,20171012,14:17,171.65,171.9,171.65,171.85,40000
DLF_F1,20171012,14:18,171.85,171.85,171.75,171.75,30000
DLF_F1,20171012,14:19,171.7,171.7,171.5,171.6,40000
DLF_F1,20171012,14:20,171.6,171.7,171.55,171.6,50000
DLF_F1,20171012,14:21,171.5,171.6,171.5,171.5,20000
DLF_F1,20171012,14:23,171.55,171.55,171.4,171.4,30000
DLF_F1,20171012,14:24,171.5,171.5,171.5,171.5,10000
DLF_F1,20171012,14:25,171.5,171.5,171.5,171.5,5000
DLF_F1,20171012,14:26,171.5,171.55,171.5,171.55,20000
DLF_F1,20171012,14:27,171.7,171.7,171.7,171.7,10000
DLF_F1,20171012,14:28,171.7,171.8,171.7,171.8,20000
DLF_F1,20171012,14:29,171.7,171.8,171.7,171.8,60000
DLF_F1,20171012,14:30,171.7,171.7,171.7,171.7,25000
DLF_F1,20171012,14:31,171.7,172.15,171.7,172.15,260000
DLF_F1,20171012,14:32,172.15,172.15,172,172.1,50000
DLF_F1,20171012,14:33,171.95,172,171.9,172,95000
DLF_F1,20171012,14:34,171.85,172,171.85,172,125000
DLF_F1,20171012,14:35,172.05,172.1,172,172,95000
DLF_F1,20171012,14:36,172.15,172.15,172.15,172.15,40000
DLF_F1,20171012,14:37,172.1,172.15,172.1,172.15,30000
DLF_F1,20171012,14:38,172.15,172.15,172,172.05,25000
DLF_F1,20171012,14:39,172.05,172.05,172,172,15000
DLF_F1,20171012,14:40,172,172.45,172,172.45,135000
DLF_F1,20171012,14:41,172.5,172.5,172.35,172.35,50000
DLF_F1,20171012,14:42,172.25,172.25,172.25,172.25,15000
DLF_F1,20171012,14:43,172.3,172.35,172.3,172.35,15000
DLF_F1,20171012,14:44,172.2,172.3,172.2,172.3,10000
DLF_F1,20171012,14:45,172.3,172.35,172.3,172.35,40000
DLF_F1,20171012,14:46,172.35,172.35,172.3,172.3,10000
DLF_F1,20171012,14:47,172.25,172.25,172.2,172.2,30000
DLF_F1,20171012,14:48,172.35,172.4,172.35,172.4,10000
DLF_F1,20171012,14:49,172.45,172.45,172.25,172.25,30000
DLF_F1,20171012,14:50,172.25,172.8,172.25,172.8,190000
DLF_F1,20171012,14:51,172.65,172.65,172.55,172.55,35000
DLF_F1,20171012,14:52,172.6,172.7,172.6,172.7,35000
DLF_F1,20171012,14:53,172.75,172.85,172.65,172.85,90000
DLF_F1,20171012,14:54,172.95,172.95,172.65,172.65,290000
DLF_F1,20171012,14:55,172.4,172.7,172.4,172.7,85000
DLF_F1,20171012,14:56,172.45,172.45,172.45,172.45,15000
DLF_F1,20171012,14:57,172.5,172.6,172.5,172.6,35000
DLF_F1,20171012,14:58,172.6,172.6,172.4,172.6,80000
DLF_F1,20171012,14:59,172.6,172.65,172.4,172.4,40000
DLF_F1,20171012,15:00,172.5,172.55,172.4,172.55,75000
DLF_F1,20171012,15:01,172.65,172.7,172.5,172.7,25000
DLF_F1,20171012,15:02,172.7,172.7,172.55,172.6,70000
DLF_F1,20171012,15:03,172.6,172.7,172.6,172.7,25000
DLF_F1,20171012,15:04,172.7,172.7,172.7,172.7,5000
DLF_F1,20171012,15:05,172.65,172.7,172.55,172.55,45000
DLF_F1,20171012,15:06,172.45,172.45,172.2,172.4,40000
DLF_F1,20171012,15:07,172.5,172.5,172.35,172.35,50000
DLF_F1,20171012,15:08,172.3,172.3,172.25,172.25,60000
DLF_F1,20171012,15:09,172.35,172.5,172.35,172.5,45000
DLF_F1,20171012,15:10,172.45,172.55,172.45,172.55,40000
DLF_F1,20171012,15:11,172.6,173,172.6,173,135000
DLF_F1,20171012,15:12,172.85,173,172.85,172.95,235000
DLF_F1,20171012,15:13,173,173.1,173,173,160000
DLF_F1,20171012,15:14,173.1,173.1,173,173.05,50000
DLF_F1,20171012,15:15,173.1,173.2,173.1,173.2,75000
DLF_F1,20171012,15:16,173.2,173.2,173,173,140000
DLF_F1,20171012,15:17,172.9,173.05,172.9,173.05,180000
DLF_F1,20171012,15:18,173,173.4,173,173.4,135000
DLF_F1,20171012,15:19,173.3,173.3,173.15,173.15,40000
DLF_F1,20171012,15:20,173.25,173.4,173.15,173.4,115000
DLF_F1,20171012,15:21,173.4,173.4,173.2,173.3,120000
DLF_F1,20171012,15:22,173.25,173.5,173.25,173.45,155000
DLF_F1,20171012,15:23,173.5,173.5,173.3,173.4,130000
DLF_F1,20171012,15:24,173.35,173.35,173.25,173.3,75000
DLF_F1,20171012,15:25,173.4,173.45,173.3,173.35,115000
DLF_F1,20171012,15:26,173.4,173.4,173.25,173.4,100000
DLF_F1,20171012,15:27,173.3,173.45,173.3,173.3,90000
DLF_F1,20171012,15:28,173.3,173.7,173.3,173.5,325000
DLF_F1,20171012,15:29,173.6,173.75,173.6,173.7,250000
DLF_F1,20171012,15:30,173.7,173.8,173.7,173.7,195000
DLF_F1,20171012,15:31,173.5,173.5,173.5,173.5,5000
DLF_F1,20171012,16:31,173.2,173.2,173.2,173.2,1
