HINDALCO,20190424,09:08,200.40,200.40,200.40,200.40,6205,0
HINDALCO,20190424,09:16,200.50,201.40,200.50,201.00,43360,0
HINDALCO,20190424,09:17,200.90,200.90,200.35,200.45,82496,0
HINDALCO,20190424,09:18,200.45,200.75,200.45,200.60,40123,0
HINDALCO,20190424,09:19,200.60,200.65,199.65,199.65,39105,0
HINDALCO,20190424,09:20,199.65,199.80,199.30,199.45,36602,0
HINDALCO,20190424,09:21,199.50,199.55,199.15,199.35,78878,0
HINDALCO,20190424,09:22,199.35,199.35,199.10,199.20,22977,0
HINDALCO,20190424,09:23,199.30,199.40,199.25,199.30,31452,0
HINDALCO,20190424,09:24,199.30,199.70,199.25,199.65,18327,0
HINDALCO,20190424,09:25,199.65,199.65,199.35,199.60,25560,0
HINDALCO,20190424,09:26,199.60,199.60,199.30,199.30,13013,0
HINDALCO,20190424,09:27,199.40,199.50,199.30,199.45,34741,0
HINDALCO,20190424,09:28,199.35,199.45,199.30,199.35,7085,0
HINDALCO,20190424,09:29,199.25,199.35,199.20,199.25,10926,0
HINDALCO,20190424,09:30,199.25,199.25,199.00,199.00,18872,0
HINDALCO,20190424,09:31,199.05,199.25,199.00,199.20,13551,0
HINDALCO,20190424,09:32,199.20,199.20,198.70,198.80,38789,0
HINDALCO,20190424,09:33,198.80,198.80,198.55,198.70,25753,0
HINDALCO,20190424,09:34,198.60,198.70,198.60,198.70,32779,0
HINDALCO,20190424,09:35,198.70,198.70,198.65,198.70,21346,0
HINDALCO,20190424,09:36,198.65,198.90,198.65,198.80,19816,0
HINDALCO,20190424,09:37,198.75,199.00,198.75,198.95,36743,0
HINDALCO,20190424,09:38,198.95,199.10,198.95,199.05,16204,0
HINDALCO,20190424,09:39,199.15,199.15,198.90,199.00,6984,0
HINDALCO,20190424,09:40,198.80,198.85,198.60,198.70,27806,0
HINDALCO,20190424,09:41,198.90,198.95,198.65,198.95,9019,0
HINDALCO,20190424,09:42,198.85,199.00,198.80,198.90,6188,0
HINDALCO,20190424,09:43,198.95,199.10,198.90,199.00,11139,0
HINDALCO,20190424,09:44,198.90,199.00,198.60,198.70,8692,0
HINDALCO,20190424,09:45,198.60,198.85,198.60,198.85,5535,0
HINDALCO,20190424,09:46,198.75,198.85,198.70,198.75,10217,0
HINDALCO,20190424,09:47,198.75,198.85,198.70,198.70,5551,0
HINDALCO,20190424,09:48,198.70,198.75,198.60,198.75,11275,0
HINDALCO,20190424,09:49,198.70,198.80,198.60,198.70,5444,0
HINDALCO,20190424,09:50,198.35,198.60,198.30,198.40,41248,0
HINDALCO,20190424,09:51,198.50,198.50,198.30,198.40,12844,0
HINDALCO,20190424,09:52,198.40,198.50,198.40,198.40,5354,0
HINDALCO,20190424,09:53,198.40,198.50,198.05,198.05,23752,0
HINDALCO,20190424,09:54,198.05,198.30,198.05,198.20,22210,0
HINDALCO,20190424,09:55,198.20,198.30,198.15,198.30,6707,0
HINDALCO,20190424,09:56,198.30,198.30,198.15,198.30,8001,0
HINDALCO,20190424,09:57,198.25,198.30,198.15,198.20,3664,0
HINDALCO,20190424,09:58,198.20,198.20,198.00,198.10,71660,0
HINDALCO,20190424,09:59,198.10,198.10,197.80,198.00,22717,0
HINDALCO,20190424,10:00,198.00,198.10,197.90,198.00,20793,0
HINDALCO,20190424,10:01,198.05,198.10,197.95,198.10,9789,0
HINDALCO,20190424,10:02,198.00,198.05,197.90,198.00,3029,0
HINDALCO,20190424,10:03,197.90,197.95,197.80,197.95,11517,0
HINDALCO,20190424,10:04,197.95,197.95,197.60,197.65,34255,0
HINDALCO,20190424,10:05,197.65,197.80,197.65,197.70,15963,0
HINDALCO,20190424,10:06,197.70,197.80,197.60,197.70,12952,0
HINDALCO,20190424,10:07,197.70,197.75,197.55,197.65,19012,0
HINDALCO,20190424,10:08,197.60,197.65,197.40,197.50,20812,0
HINDALCO,20190424,10:09,197.50,197.60,197.45,197.50,12482,0
HINDALCO,20190424,10:10,197.40,197.50,197.40,197.50,5994,0
HINDALCO,20190424,10:16,197.20,197.30,197.20,197.25,7422,0
HINDALCO,20190424,10:17,197.20,197.60,197.20,197.60,21626,0
HINDALCO,20190424,10:18,197.60,198.00,197.50,197.80,25722,0
HINDALCO,20190424,10:19,197.90,197.95,197.80,197.95,4758,0
HINDALCO,20190424,10:20,197.95,198.25,197.90,198.20,19692,0
HINDALCO,20190424,10:21,198.25,198.25,198.05,198.20,20638,0
HINDALCO,20190424,10:22,198.20,198.25,198.10,198.10,6654,0
HINDALCO,20190424,10:23,198.20,198.25,198.05,198.15,2457,0
HINDALCO,20190424,10:24,198.15,198.15,198.00,198.00,4476,0
HINDALCO,20190424,10:25,198.05,198.05,197.65,197.70,7382,0
HINDALCO,20190424,10:26,197.70,197.70,197.45,197.60,14671,0
HINDALCO,20190424,10:27,197.55,197.75,197.50,197.70,12972,0
HINDALCO,20190424,10:28,197.75,197.85,197.65,197.70,6125,0
HINDALCO,20190424,10:29,197.70,197.95,197.70,197.95,4824,0
HINDALCO,20190424,10:30,197.85,198.00,197.85,197.85,6313,0
HINDALCO,20190424,10:31,197.85,198.00,197.85,197.95,8419,0
HINDALCO,20190424,10:32,197.85,198.10,197.85,198.10,5889,0
HINDALCO,20190424,10:33,198.00,198.05,197.85,198.05,5793,0
HINDALCO,20190424,10:34,197.95,198.10,197.90,198.05,4656,0
HINDALCO,20190424,10:35,198.00,198.20,197.90,198.15,9235,0
HINDALCO,20190424,10:36,198.10,198.25,198.10,198.25,9937,0
HINDALCO,20190424,10:37,198.30,198.35,198.20,198.25,5889,0
HINDALCO,20190424,10:38,198.20,198.30,198.20,198.25,3905,0
HINDALCO,20190424,10:39,198.20,198.25,198.20,198.20,979,0
HINDALCO,20190424,10:40,198.20,198.30,198.00,198.05,16438,0
HINDALCO,20190424,10:41,198.05,198.25,198.00,198.20,8341,0
HINDALCO,20190424,10:42,198.10,198.25,198.05,198.15,2389,0
HINDALCO,20190424,10:43,198.15,198.35,198.10,198.35,8336,0
HINDALCO,20190424,10:44,198.35,198.45,198.30,198.35,10754,0
HINDALCO,20190424,10:45,198.35,198.45,198.25,198.45,10089,0
HINDALCO,20190424,10:46,198.35,198.45,198.30,198.40,3658,0
HINDALCO,20190424,10:47,198.35,198.45,198.35,198.45,8910,0
HINDALCO,20190424,10:48,198.40,198.45,198.35,198.40,4099,0
HINDALCO,20190424,10:49,198.30,198.35,198.30,198.30,8551,0
HINDALCO,20190424,10:50,198.10,198.30,198.10,198.30,5856,0
HINDALCO,20190424,10:51,198.20,198.30,198.05,198.05,5315,0
HINDALCO,20190424,10:52,198.05,198.05,197.85,197.85,9970,0
HINDALCO,20190424,10:53,197.85,198.05,197.85,197.95,13254,0
HINDALCO,20190424,10:54,197.95,198.00,197.85,197.85,12444,0
HINDALCO,20190424,10:55,197.85,197.85,197.70,197.70,17959,0
HINDALCO,20190424,10:56,197.60,197.65,197.55,197.60,15959,0
HINDALCO,20190424,10:57,197.60,197.65,197.50,197.55,11106,0
HINDALCO,20190424,10:58,197.55,197.75,197.50,197.50,14723,0
HINDALCO,20190424,10:59,197.60,197.80,197.40,197.80,23283,0
HINDALCO,20190424,11:00,197.80,197.90,197.55,197.55,24181,0
HINDALCO,20190424,11:01,197.65,198.05,197.55,198.00,27897,0
HINDALCO,20190424,11:02,198.00,198.05,197.85,198.00,16174,0
HINDALCO,20190424,11:04,197.95,198.10,197.90,198.05,12127,0
HINDALCO,20190424,11:05,198.05,198.10,197.80,198.05,57055,0
HINDALCO,20190424,11:06,198.05,198.30,198.05,198.20,16648,0
HINDALCO,20190424,11:07,198.20,198.45,198.20,198.45,23782,0
HINDALCO,20190424,11:08,198.45,198.75,198.40,198.65,49653,0
HINDALCO,20190424,11:09,198.65,198.70,198.45,198.55,18032,0
HINDALCO,20190424,11:10,198.55,198.55,198.15,198.15,6571,0
HINDALCO,20190424,11:11,198.15,198.45,198.15,198.30,16693,0
HINDALCO,20190424,11:12,198.30,198.65,198.20,198.60,11114,0
HINDALCO,20190424,11:13,198.65,198.80,198.50,198.65,21965,0
HINDALCO,20190424,11:14,198.55,198.65,198.50,198.60,6968,0
HINDALCO,20190424,11:15,198.60,198.90,198.55,198.80,30686,0
HINDALCO,20190424,11:16,198.70,198.95,198.70,198.80,19210,0
HINDALCO,20190424,11:17,198.80,199.10,198.80,199.00,55848,0
HINDALCO,20190424,11:18,198.95,199.15,198.90,199.00,34946,0
HINDALCO,20190424,11:19,199.05,199.20,198.95,199.00,12188,0
HINDALCO,20190424,11:20,199.00,199.10,199.00,199.00,8400,0
HINDALCO,20190424,11:21,199.00,199.05,198.90,198.90,3107,0
HINDALCO,20190424,11:22,198.90,199.00,198.80,198.85,11066,0
HINDALCO,20190424,11:23,198.85,198.95,198.75,198.80,21952,0
HINDALCO,20190424,11:24,198.90,199.25,198.80,199.20,22119,0
HINDALCO,20190424,11:25,199.20,199.20,199.00,199.15,5346,0
HINDALCO,20190424,11:26,199.10,199.20,198.80,198.80,11971,0
HINDALCO,20190424,11:27,198.80,199.00,198.80,198.90,4659,0
HINDALCO,20190424,11:28,198.90,199.15,198.85,199.05,30230,0
HINDALCO,20190424,11:29,199.15,199.20,199.10,199.10,6805,0
HINDALCO,20190424,11:30,199.10,199.20,199.10,199.10,801,0
HINDALCO,20190424,11:31,199.10,199.35,199.10,199.25,15492,0
HINDALCO,20190424,11:32,199.25,199.50,199.20,199.40,5311,0
HINDALCO,20190424,11:33,199.25,199.35,199.15,199.25,10911,0
HINDALCO,20190424,11:34,199.25,199.35,199.20,199.20,5397,0
HINDALCO,20190424,11:35,199.20,199.35,199.15,199.15,13714,0
HINDALCO,20190424,11:36,199.15,199.20,199.15,199.15,3834,0
HINDALCO,20190424,11:37,199.15,199.20,199.05,199.10,18708,0
HINDALCO,20190424,11:38,199.10,199.20,198.90,199.00,8776,0
HINDALCO,20190424,11:39,199.00,199.05,198.95,199.00,4069,0
HINDALCO,20190424,11:40,199.00,199.05,198.95,199.05,13666,0
HINDALCO,20190424,11:41,199.00,199.05,198.95,198.95,1371,0
HINDALCO,20190424,11:42,198.95,199.05,198.90,199.00,10306,0
HINDALCO,20190424,11:43,199.00,199.05,199.00,199.00,2052,0
HINDALCO,20190424,11:44,199.00,199.05,198.95,199.05,4901,0
HINDALCO,20190424,11:45,199.00,199.00,198.80,198.85,4059,0
HINDALCO,20190424,11:46,198.85,198.90,198.80,198.85,6102,0
HINDALCO,20190424,11:47,198.90,198.95,198.85,198.85,4467,0
HINDALCO,20190424,11:48,198.85,198.85,198.70,198.85,8325,0
HINDALCO,20190424,11:49,198.75,198.85,198.70,198.70,8237,0
HINDALCO,20190424,11:50,198.65,198.90,198.65,198.85,10579,0
HINDALCO,20190424,11:51,198.85,199.00,198.85,198.95,1941,0
HINDALCO,20190424,11:52,199.00,199.25,198.95,199.15,12641,0
HINDALCO,20190424,11:53,199.15,199.25,199.05,199.10,11703,0
HINDALCO,20190424,11:54,199.05,199.05,198.80,198.95,5735,0
HINDALCO,20190424,11:55,198.95,199.10,198.95,199.05,3601,0
HINDALCO,20190424,11:56,199.05,199.10,199.05,199.10,1792,0
HINDALCO,20190424,11:57,199.10,199.25,198.95,198.95,21809,0
HINDALCO,20190424,11:58,199.10,199.25,199.00,199.05,8760,0
HINDALCO,20190424,11:59,199.05,199.05,198.85,198.90,8045,0
HINDALCO,20190424,12:00,198.90,199.00,198.90,199.00,3609,0
HINDALCO,20190424,12:01,199.00,199.05,198.95,198.95,1665,0
HINDALCO,20190424,12:02,198.95,198.95,198.70,198.85,9013,0
HINDALCO,20190424,12:03,198.80,199.20,198.80,199.20,7285,0
HINDALCO,20190424,12:04,199.20,199.25,198.90,198.90,7820,0
HINDALCO,20190424,12:05,198.90,199.25,198.80,199.25,12638,0
HINDALCO,20190424,12:06,199.25,199.35,198.80,198.80,17577,0
HINDALCO,20190424,12:07,198.80,199.10,198.75,199.10,12549,0
HINDALCO,20190424,12:08,199.10,199.25,199.05,199.05,14361,0
HINDALCO,20190424,12:09,199.05,199.05,198.80,199.05,17047,0
HINDALCO,20190424,12:10,199.05,199.25,198.85,198.95,13613,0
HINDALCO,20190424,12:11,198.95,199.10,198.95,199.05,4535,0
HINDALCO,20190424,12:12,199.05,199.30,199.00,199.05,32282,0
HINDALCO,20190424,12:13,199.05,199.10,198.90,199.00,11107,0
HINDALCO,20190424,12:14,198.95,199.20,198.90,199.15,3666,0
HINDALCO,20190424,12:15,199.15,199.40,199.15,199.35,27921,0
HINDALCO,20190424,12:16,199.35,199.40,199.30,199.30,4973,0
HINDALCO,20190424,12:17,199.35,199.35,199.25,199.25,2998,0
HINDALCO,20190424,12:18,199.25,199.35,199.20,199.20,4859,0
HINDALCO,20190424,12:19,199.20,199.40,199.20,199.30,10614,0
HINDALCO,20190424,12:20,199.25,199.30,199.25,199.25,3249,0
HINDALCO,20190424,12:21,199.30,199.40,199.25,199.30,4639,0
HINDALCO,20190424,12:22,199.30,199.45,199.30,199.35,12203,0
HINDALCO,20190424,12:23,199.45,199.75,199.35,199.75,85200,0
HINDALCO,20190424,12:24,199.75,199.80,199.55,199.80,20810,0
HINDALCO,20190424,12:25,199.80,199.95,199.75,199.75,28468,0
HINDALCO,20190424,12:26,199.80,199.85,199.70,199.70,9554,0
HINDALCO,20190424,12:27,199.70,199.75,199.50,199.50,24626,0
HINDALCO,20190424,12:28,199.50,199.50,199.25,199.25,17093,0
HINDALCO,20190424,12:29,199.30,199.40,199.30,199.30,24342,0
HINDALCO,20190424,12:30,199.30,199.40,199.25,199.40,13526,0
HINDALCO,20190424,12:31,199.40,199.55,199.35,199.50,12906,0
HINDALCO,20190424,12:32,199.50,199.55,199.25,199.25,10426,0
HINDALCO,20190424,12:33,199.25,199.30,199.15,199.15,10201,0
HINDALCO,20190424,12:34,199.15,199.15,199.00,199.05,9039,0
HINDALCO,20190424,12:35,199.00,199.15,198.90,198.95,31375,0
HINDALCO,20190424,12:36,198.90,199.25,198.90,199.00,91586,0
HINDALCO,20190424,12:37,198.95,199.00,198.85,199.00,15743,0
HINDALCO,20190424,12:38,198.90,199.00,198.90,198.90,11017,0
HINDALCO,20190424,12:39,198.85,198.95,198.75,198.80,18588,0
HINDALCO,20190424,12:40,198.80,199.00,198.80,198.90,4317,0
HINDALCO,20190424,12:41,198.95,199.00,198.80,198.85,12236,0
HINDALCO,20190424,12:42,198.85,198.90,198.80,198.85,2755,0
HINDALCO,20190424,12:43,198.85,198.85,198.75,198.80,10567,0
HINDALCO,20190424,12:44,198.80,198.90,198.75,198.90,5299,0
HINDALCO,20190424,12:45,198.80,198.85,198.80,198.80,1449,0
HINDALCO,20190424,12:46,198.80,198.95,198.80,198.95,9131,0
HINDALCO,20190424,12:47,198.95,199.00,198.90,198.90,9778,0
HINDALCO,20190424,12:48,198.90,199.00,198.90,198.90,10341,0
HINDALCO,20190424,12:49,198.90,199.20,198.90,199.20,41046,0
HINDALCO,20190424,12:50,199.20,199.20,199.05,199.05,11175,0
HINDALCO,20190424,12:51,199.05,199.05,198.80,198.85,17911,0
HINDALCO,20190424,12:52,198.90,199.00,198.85,199.00,27493,0
HINDALCO,20190424,12:53,199.00,199.00,198.85,198.85,36404,0
HINDALCO,20190424,12:54,198.85,198.95,198.40,198.50,33035,0
HINDALCO,20190424,12:55,198.60,198.70,198.40,198.50,5657,0
HINDALCO,20190424,12:56,198.50,198.50,198.35,198.35,11927,0
HINDALCO,20190424,12:57,198.35,198.50,198.35,198.50,9565,0
HINDALCO,20190424,12:58,198.50,198.60,198.40,198.45,6490,0
HINDALCO,20190424,12:59,198.45,198.55,198.40,198.45,3751,0
HINDALCO,20190424,13:00,198.45,198.50,198.45,198.45,5023,0
HINDALCO,20190424,13:01,198.50,198.60,198.50,198.55,3505,0
HINDALCO,20190424,13:02,198.55,198.60,198.55,198.55,2243,0
HINDALCO,20190424,13:03,198.55,198.60,198.40,198.45,15076,0
HINDALCO,20190424,13:04,198.40,198.45,198.40,198.45,5745,0
HINDALCO,20190424,13:05,198.40,198.50,198.40,198.45,4269,0
HINDALCO,20190424,13:06,198.45,198.50,198.20,198.25,24669,0
HINDALCO,20190424,13:07,198.20,198.40,198.20,198.40,6414,0
HINDALCO,20190424,13:08,198.30,198.35,198.25,198.35,2562,0
HINDALCO,20190424,13:09,198.30,198.35,198.30,198.30,7066,0
HINDALCO,20190424,13:10,198.30,198.40,198.30,198.35,3185,0
HINDALCO,20190424,13:11,198.30,198.35,198.20,198.25,7257,0
HINDALCO,20190424,13:12,198.20,198.30,198.20,198.20,2745,0
HINDALCO,20190424,13:13,198.30,198.30,198.20,198.20,2558,0
HINDALCO,20190424,13:14,198.20,198.30,198.20,198.30,6291,0
HINDALCO,20190424,13:15,198.30,198.40,198.30,198.40,5821,0
HINDALCO,20190424,13:16,198.30,198.40,198.25,198.30,19913,0
HINDALCO,20190424,13:17,198.30,198.40,198.30,198.30,11448,0
HINDALCO,20190424,13:18,198.30,198.65,198.30,198.40,17806,0
HINDALCO,20190424,13:19,198.40,198.40,198.35,198.40,2545,0
HINDALCO,20190424,13:20,198.35,198.65,198.35,198.65,6988,0
HINDALCO,20190424,13:21,198.70,198.75,198.50,198.55,16386,0
HINDALCO,20190424,13:22,198.55,198.70,198.50,198.55,2797,0
HINDALCO,20190424,13:23,198.55,198.60,198.55,198.55,1970,0
HINDALCO,20190424,13:24,198.55,198.60,198.55,198.55,1524,0
HINDALCO,20190424,13:25,198.50,198.60,198.50,198.50,2777,0
HINDALCO,20190424,13:26,198.50,198.55,198.50,198.50,2330,0
HINDALCO,20190424,13:27,198.50,198.55,198.50,198.50,906,0
HINDALCO,20190424,13:28,198.50,198.60,198.50,198.55,2227,0
HINDALCO,20190424,13:29,198.60,198.85,198.55,198.75,13779,0
HINDALCO,20190424,13:30,198.75,198.90,198.75,198.85,1272,0
HINDALCO,20190424,13:31,198.85,198.85,198.70,198.75,9435,0
HINDALCO,20190424,13:32,198.70,198.75,198.55,198.65,6588,0
HINDALCO,20190424,13:33,198.55,198.75,198.40,198.60,77840,0
HINDALCO,20190424,13:34,198.50,198.50,197.65,197.75,189675,0
HINDALCO,20190424,13:35,197.70,197.80,197.50,197.75,44683,0
HINDALCO,20190424,13:36,197.75,197.80,197.65,197.75,5789,0
HINDALCO,20190424,13:37,197.75,197.85,197.70,197.70,9864,0
HINDALCO,20190424,13:38,197.70,197.90,197.70,197.90,8663,0
HINDALCO,20190424,13:39,197.85,197.85,197.70,197.75,23322,0
HINDALCO,20190424,13:40,197.70,197.85,197.55,197.60,25950,0
HINDALCO,20190424,13:41,197.55,197.70,197.55,197.60,2657,0
HINDALCO,20190424,13:42,197.60,197.75,197.60,197.65,3019,0
HINDALCO,20190424,13:43,197.65,197.80,197.60,197.70,3972,0
HINDALCO,20190424,13:44,197.75,198.00,197.70,197.90,7278,0
HINDALCO,20190424,13:45,197.80,197.90,197.70,197.70,5469,0
HINDALCO,20190424,13:46,197.75,197.90,197.70,197.80,5257,0
HINDALCO,20190424,13:47,197.80,197.90,197.80,197.80,1360,0
HINDALCO,20190424,13:48,197.80,198.00,197.80,197.85,24433,0
HINDALCO,20190424,13:49,197.80,197.90,197.75,197.80,4967,0
HINDALCO,20190424,13:50,197.80,197.95,197.80,197.80,2322,0
HINDALCO,20190424,13:51,197.80,197.95,197.80,197.90,3264,0
HINDALCO,20190424,13:52,197.90,197.90,197.85,197.85,2761,0
HINDALCO,20190424,13:53,197.80,197.90,197.80,197.90,2114,0
HINDALCO,20190424,13:54,197.85,198.00,197.85,197.85,21078,0
HINDALCO,20190424,13:55,197.85,198.25,197.85,198.25,51155,0
HINDALCO,20190424,13:56,198.20,198.25,198.10,198.25,5032,0
HINDALCO,20190424,13:57,198.25,198.45,198.20,198.30,12934,0
HINDALCO,20190424,13:58,198.20,198.75,198.20,198.35,58853,0
HINDALCO,20190424,13:59,198.40,198.50,198.35,198.40,9135,0
HINDALCO,20190424,14:00,198.45,198.50,198.40,198.45,18324,0
HINDALCO,20190424,14:01,198.45,198.65,198.45,198.65,11192,0
HINDALCO,20190424,14:02,198.60,198.85,198.60,198.75,11707,0
HINDALCO,20190424,14:03,198.80,198.95,198.70,198.75,22059,0
HINDALCO,20190424,14:04,198.75,198.85,198.60,198.65,5460,0
HINDALCO,20190424,14:05,198.65,198.70,198.50,198.60,9013,0
HINDALCO,20190424,14:06,198.60,198.65,198.30,198.35,13280,0
HINDALCO,20190424,14:07,198.40,198.45,198.15,198.35,4269,0
HINDALCO,20190424,14:08,198.25,198.55,198.25,198.35,9752,0
HINDALCO,20190424,14:09,198.40,198.40,198.30,198.35,17761,0
HINDALCO,20190424,14:10,198.35,198.40,198.25,198.25,5643,0
HINDALCO,20190424,14:11,198.30,198.40,198.25,198.40,8946,0
HINDALCO,20190424,14:12,198.40,198.40,198.25,198.40,10458,0
HINDALCO,20190424,14:13,198.35,198.40,198.35,198.40,46304,0
HINDALCO,20190424,14:14,198.40,198.45,198.30,198.35,47487,0
HINDALCO,20190424,14:15,198.45,198.60,198.35,198.45,10485,0
HINDALCO,20190424,14:16,198.40,198.70,198.40,198.70,13257,0
HINDALCO,20190424,14:17,198.60,198.65,198.40,198.55,33982,0
HINDALCO,20190424,14:18,198.60,198.65,198.45,198.60,49187,0
HINDALCO,20190424,14:19,198.65,198.65,198.45,198.55,7661,0
HINDALCO,20190424,14:20,198.55,198.60,198.45,198.55,4067,0
HINDALCO,20190424,14:21,198.55,198.75,198.55,198.60,8931,0
HINDALCO,20190424,14:22,198.90,198.90,198.70,198.75,9826,0
HINDALCO,20190424,14:23,198.90,199.00,198.85,199.00,26652,0
HINDALCO,20190424,14:24,198.95,199.15,198.95,199.10,21081,0
HINDALCO,20190424,14:25,199.10,199.10,198.85,198.85,4499,0
HINDALCO,20190424,14:26,198.75,198.90,198.70,198.75,4033,0
HINDALCO,20190424,14:27,198.90,198.90,198.75,198.75,7613,0
HINDALCO,20190424,14:28,198.75,198.85,198.75,198.85,6756,0
HINDALCO,20190424,14:29,198.85,199.05,198.80,198.95,9521,0
HINDALCO,20190424,14:30,199.10,199.15,198.95,199.15,9033,0
HINDALCO,20190424,14:31,199.20,199.30,199.10,199.30,26962,0
HINDALCO,20190424,14:32,199.30,199.35,199.25,199.30,7183,0
HINDALCO,20190424,14:33,199.35,199.45,199.30,199.40,15606,0
HINDALCO,20190424,14:34,199.40,199.40,199.20,199.25,14942,0
HINDALCO,20190424,14:35,199.30,199.45,199.30,199.35,6340,0
HINDALCO,20190424,14:36,199.35,199.45,199.30,199.30,8107,0
HINDALCO,20190424,14:37,199.30,199.40,199.30,199.35,14247,0
HINDALCO,20190424,14:38,199.30,199.70,199.20,199.60,40134,0
HINDALCO,20190424,14:39,199.60,199.75,199.35,199.55,17327,0
HINDALCO,20190424,14:40,199.50,199.70,199.45,199.55,8639,0
HINDALCO,20190424,14:41,199.55,199.75,199.55,199.60,23947,0
HINDALCO,20190424,14:42,199.65,200.00,199.65,200.00,55401,0
HINDALCO,20190424,14:43,200.00,200.25,199.85,200.05,56307,0
HINDALCO,20190424,14:44,200.10,200.10,199.90,200.00,8424,0
HINDALCO,20190424,14:45,200.05,200.10,200.00,200.10,10129,0
HINDALCO,20190424,14:46,200.15,200.35,200.10,200.25,18342,0
HINDALCO,20190424,14:47,200.30,200.45,200.15,200.35,17456,0
HINDALCO,20190424,14:48,200.35,200.45,200.30,200.35,12155,0
HINDALCO,20190424,14:49,200.35,200.55,200.30,200.55,34156,0
HINDALCO,20190424,14:50,200.55,200.80,200.50,200.65,62887,0
HINDALCO,20190424,14:51,200.65,200.65,200.50,200.60,11489,0
HINDALCO,20190424,14:52,200.65,200.75,200.50,200.60,18922,0
HINDALCO,20190424,14:53,200.65,200.70,200.45,200.45,9498,0
HINDALCO,20190424,14:54,200.60,200.65,200.45,200.50,6277,0
HINDALCO,20190424,14:55,200.50,200.70,200.50,200.55,6573,0
HINDALCO,20190424,14:56,200.65,200.70,200.50,200.50,17579,0
HINDALCO,20190424,14:57,200.60,200.70,200.50,200.70,25611,0
HINDALCO,20190424,14:58,200.75,200.85,200.60,200.60,25075,0
HINDALCO,20190424,14:59,200.60,200.80,200.60,200.65,3972,0
HINDALCO,20190424,15:00,200.70,200.90,200.65,200.80,10014,0
HINDALCO,20190424,15:01,200.80,200.95,200.80,200.95,26190,0
HINDALCO,20190424,15:02,200.90,201.20,200.90,201.00,48998,0
HINDALCO,20190424,15:03,200.95,201.00,200.65,200.75,24230,0
HINDALCO,20190424,15:04,200.70,200.85,200.60,200.85,30400,0
HINDALCO,20190424,15:05,200.80,201.05,200.80,201.00,36645,0
HINDALCO,20190424,15:06,201.05,201.25,201.05,201.15,30050,0
HINDALCO,20190424,15:07,201.15,201.20,201.05,201.10,31639,0
HINDALCO,20190424,15:08,201.05,201.10,200.90,201.00,36631,0
HINDALCO,20190424,15:09,200.95,201.05,200.75,200.80,42790,0
HINDALCO,20190424,15:10,200.75,200.95,200.70,200.90,43641,0
HINDALCO,20190424,15:11,200.90,200.95,200.75,200.80,18159,0
HINDALCO,20190424,15:12,200.75,200.80,200.60,200.80,20332,0
HINDALCO,20190424,15:13,200.75,200.90,200.60,200.80,46234,0
HINDALCO,20190424,15:14,200.75,200.90,200.75,200.75,27739,0
HINDALCO,20190424,15:15,200.75,200.85,200.65,200.70,22334,0
HINDALCO,20190424,15:16,200.70,200.70,200.30,200.35,36877,0
HINDALCO,20190424,15:17,200.25,200.30,200.10,200.25,47124,0
HINDALCO,20190424,15:18,200.20,200.25,200.15,200.15,10202,0
HINDALCO,20190424,15:19,200.10,200.50,200.00,200.45,79462,0
HINDALCO,20190424,15:20,200.60,200.60,200.40,200.55,26090,0
HINDALCO,20190424,15:21,200.50,200.55,200.35,200.50,36478,0
HINDALCO,20190424,15:22,200.40,200.60,200.40,200.60,23430,0
HINDALCO,20190424,15:23,200.55,200.65,200.50,200.60,31729,0
HINDALCO,20190424,15:24,200.60,200.85,200.55,200.70,41900,0
HINDALCO,20190424,15:25,200.65,200.70,200.60,200.60,12596,0
HINDALCO,20190424,15:26,200.65,200.65,200.40,200.40,17181,0
HINDALCO,20190424,15:27,200.50,200.50,200.40,200.40,13802,0
HINDALCO,20190424,15:28,200.40,200.55,200.40,200.55,17668,0
HINDALCO,20190424,15:29,200.55,200.70,200.50,200.55,30478,0
HINDALCO,20190424,15:30,200.60,200.65,200.50,200.50,9183,0
HINDALCO,20190424,15:32,200.70,200.70,200.70,200.70,0,0
HINDALCO,20190424,15:41,200.70,200.70,200.70,200.70,818,0
HINDALCO,20190424,15:42,200.70,200.70,200.70,200.70,50,0
HINDALCO,20190424,15:43,200.70,200.70,200.70,200.70,19,0
HINDALCO,20190424,15:44,200.70,200.70,200.70,200.70,1128,0
HINDALCO,20190424,15:45,200.70,200.70,200.70,200.70,10,0
HINDALCO,20190424,15:46,200.70,200.70,200.70,200.70,87,0
HINDALCO,20190424,15:47,200.70,200.70,200.70,200.70,50,0
HINDALCO,20190424,15:48,200.70,200.70,200.70,200.70,6,0
HINDALCO,20190424,15:50,200.70,200.70,200.70,200.70,12,0
HINDALCO,20190424,15:59,200.70,200.70,200.70,200.70,10,0
HINDALCO,20190424,16:36,200.70,200.70,200.70,200.70,0,0
