HEROMOTOCO_F1,20210422,09:16,2762.00,2770.60,2755.20,2770.45,78900,3740700
HEROMOTOCO_F1,20210422,09:17,2777.00,2786.35,2773.65,2779.65,54300,3740700
HEROMOTOCO_F1,20210422,09:18,2776.95,2779.30,2774.00,2775.85,33000,3750300
HEROMOTOCO_F1,20210422,09:19,2776.15,2776.75,2769.30,2772.40,17100,3750300
HEROMOTOCO_F1,20210422,09:20,2770.05,2770.05,2762.10,2762.10,19500,3750300
HEROMOTOCO_F1,20210422,09:21,2761.05,2770.00,2761.05,2768.05,16200,3752700
HEROMOTOCO_F1,20210422,09:22,2769.20,2777.10,2766.35,2775.00,13200,3752700
HEROMOTOCO_F1,20210422,09:23,2775.75,2779.95,2774.95,2777.40,15300,3752700
HEROMOTOCO_F1,20210422,09:24,2779.45,2779.80,2775.00,2775.00,8700,3760500
HEROMOTOCO_F1,20210422,09:25,2775.95,2776.00,2768.00,2769.90,5100,3760500
HEROMOTOCO_F1,20210422,09:26,2769.00,2769.25,2764.05,2764.05,9300,3760500
HEROMOTOCO_F1,20210422,09:27,2766.65,2779.95,2765.00,2779.95,12000,3758100
HEROMOTOCO_F1,20210422,09:28,2777.40,2780.95,2775.90,2777.40,9600,3758100
HEROMOTOCO_F1,20210422,09:29,2778.00,2782.35,2777.90,2781.50,9900,3758100
HEROMOTOCO_F1,20210422,09:30,2782.50,2783.60,2781.40,2783.60,3000,3761400
HEROMOTOCO_F1,20210422,09:31,2781.35,2781.35,2773.65,2774.95,10800,3761400
HEROMOTOCO_F1,20210422,09:32,2775.20,2775.40,2772.05,2773.95,2100,3761400
HEROMOTOCO_F1,20210422,09:33,2774.50,2774.50,2770.85,2770.85,2700,3762300
HEROMOTOCO_F1,20210422,09:34,2771.45,2771.45,2764.50,2768.85,9000,3762300
HEROMOTOCO_F1,20210422,09:35,2770.00,2775.65,2770.00,2775.65,7500,3762300
HEROMOTOCO_F1,20210422,09:36,2774.50,2777.15,2773.15,2777.00,5100,3762300
HEROMOTOCO_F1,20210422,09:37,2777.00,2785.00,2777.00,2783.25,18000,3762300
HEROMOTOCO_F1,20210422,09:38,2785.00,2787.70,2782.15,2785.25,7800,3762300
HEROMOTOCO_F1,20210422,09:39,2784.40,2786.75,2783.50,2786.75,5700,3768600
HEROMOTOCO_F1,20210422,09:40,2787.95,2794.45,2786.45,2794.15,9300,3768600
HEROMOTOCO_F1,20210422,09:41,2794.30,2799.00,2792.30,2799.00,12900,3768600
HEROMOTOCO_F1,20210422,09:42,2799.70,2801.30,2798.95,2798.95,8700,3773700
HEROMOTOCO_F1,20210422,09:43,2797.70,2798.50,2796.45,2796.95,7500,3773700
HEROMOTOCO_F1,20210422,09:44,2796.95,2802.95,2796.95,2802.95,12600,3773700
HEROMOTOCO_F1,20210422,09:45,2801.80,2803.65,2800.45,2802.10,4500,3777900
HEROMOTOCO_F1,20210422,09:46,2806.30,2816.70,2806.30,2808.40,26100,3777900
HEROMOTOCO_F1,20210422,09:47,2807.60,2808.55,2800.10,2800.10,15900,3777900
HEROMOTOCO_F1,20210422,09:48,2802.00,2802.00,2797.00,2800.05,9600,3787500
HEROMOTOCO_F1,20210422,09:49,2800.50,2805.70,2798.55,2805.70,5100,3787500
HEROMOTOCO_F1,20210422,09:50,2806.95,2807.00,2801.50,2803.00,3900,3787500
HEROMOTOCO_F1,20210422,09:51,2804.95,2804.95,2803.50,2804.75,2100,3792600
HEROMOTOCO_F1,20210422,09:52,2804.45,2806.65,2804.00,2806.65,3000,3792600
HEROMOTOCO_F1,20210422,09:53,2808.15,2810.30,2807.75,2810.15,9600,3792600
HEROMOTOCO_F1,20210422,09:54,2811.00,2811.95,2810.30,2811.00,2100,3795300
HEROMOTOCO_F1,20210422,09:55,2810.30,2814.90,2810.30,2814.90,3000,3795300
HEROMOTOCO_F1,20210422,09:56,2814.25,2818.00,2813.75,2816.35,8400,3795300
HEROMOTOCO_F1,20210422,09:57,2817.40,2817.40,2812.85,2814.00,11100,3798000
HEROMOTOCO_F1,20210422,09:58,2812.50,2816.90,2812.50,2816.90,2700,3798000
HEROMOTOCO_F1,20210422,09:59,2817.30,2817.30,2808.05,2808.05,10800,3798000
HEROMOTOCO_F1,20210422,10:00,2807.40,2818.85,2806.00,2818.85,14700,3796200
HEROMOTOCO_F1,20210422,10:01,2818.85,2819.00,2816.00,2816.00,7200,3796200
HEROMOTOCO_F1,20210422,10:02,2812.55,2818.50,2810.25,2814.85,11700,3796200
HEROMOTOCO_F1,20210422,10:03,2815.00,2816.65,2810.50,2810.50,3900,3794400
HEROMOTOCO_F1,20210422,10:04,2809.00,2811.40,2808.65,2811.40,3000,3794400
HEROMOTOCO_F1,20210422,10:05,2814.90,2814.90,2811.00,2813.25,2100,3794400
HEROMOTOCO_F1,20210422,10:06,2813.20,2815.20,2810.75,2810.75,1200,3792600
HEROMOTOCO_F1,20210422,10:07,2810.40,2810.40,2805.45,2807.60,1800,3792600
HEROMOTOCO_F1,20210422,10:08,2808.00,2810.15,2808.00,2808.80,5100,3792600
HEROMOTOCO_F1,20210422,10:09,2809.00,2810.00,2808.45,2808.45,1200,3792600
HEROMOTOCO_F1,20210422,10:10,2809.00,2813.15,2807.75,2807.75,5700,3786600
HEROMOTOCO_F1,20210422,10:11,2809.25,2809.95,2808.55,2808.55,1800,3786600
HEROMOTOCO_F1,20210422,10:12,2807.20,2808.95,2806.00,2806.00,1500,3790800
HEROMOTOCO_F1,20210422,10:13,2806.00,2806.70,2804.40,2804.40,1500,3790800
HEROMOTOCO_F1,20210422,10:14,2806.15,2806.15,2803.00,2803.00,2700,3790800
HEROMOTOCO_F1,20210422,10:15,2804.95,2807.35,2804.95,2807.35,3600,3790800
HEROMOTOCO_F1,20210422,10:16,2806.60,2806.60,2805.00,2805.00,1200,3787200
HEROMOTOCO_F1,20210422,10:17,2807.10,2807.10,2804.90,2804.90,600,3787200
HEROMOTOCO_F1,20210422,10:18,2804.00,2809.35,2804.00,2809.35,3300,3787200
HEROMOTOCO_F1,20210422,10:19,2807.85,2808.40,2804.70,2804.70,3300,3787200
HEROMOTOCO_F1,20210422,10:20,2808.70,2808.70,2808.70,2808.70,300,3787200
HEROMOTOCO_F1,20210422,10:21,2806.50,2806.50,2806.35,2806.35,900,3787200
HEROMOTOCO_F1,20210422,10:22,2805.85,2805.85,2804.95,2804.95,600,3789000
HEROMOTOCO_F1,20210422,10:23,2805.05,2805.10,2803.95,2803.95,1500,3789000
HEROMOTOCO_F1,20210422,10:24,2805.00,2805.00,2803.65,2803.65,1800,3788700
HEROMOTOCO_F1,20210422,10:25,2802.45,2803.20,2802.45,2803.20,2100,3788700
HEROMOTOCO_F1,20210422,10:26,2804.00,2806.00,2803.10,2806.00,2400,3788700
HEROMOTOCO_F1,20210422,10:27,2807.00,2809.05,2807.00,2809.05,1500,3788700
HEROMOTOCO_F1,20210422,10:28,2808.10,2809.80,2808.10,2809.75,1200,3793500
HEROMOTOCO_F1,20210422,10:29,2809.20,2812.00,2809.20,2811.00,2700,3793500
HEROMOTOCO_F1,20210422,10:30,2810.40,2810.40,2808.20,2808.20,1200,3793500
HEROMOTOCO_F1,20210422,10:31,2809.10,2811.65,2809.10,2811.15,1500,3794400
HEROMOTOCO_F1,20210422,10:32,2812.95,2814.30,2812.60,2812.60,1800,3794400
HEROMOTOCO_F1,20210422,10:33,2812.00,2812.00,2812.00,2812.00,900,3794400
HEROMOTOCO_F1,20210422,10:34,2810.05,2812.80,2810.05,2812.00,1200,3796200
HEROMOTOCO_F1,20210422,10:35,2813.00,2813.45,2811.70,2811.70,900,3796200
HEROMOTOCO_F1,20210422,10:36,2810.85,2810.85,2809.30,2810.55,3000,3796200
HEROMOTOCO_F1,20210422,10:37,2811.25,2815.00,2811.25,2815.00,2700,3798000
HEROMOTOCO_F1,20210422,10:38,2815.85,2819.00,2815.85,2816.35,4500,3798000
HEROMOTOCO_F1,20210422,10:39,2814.65,2815.95,2814.50,2815.95,1200,3798000
HEROMOTOCO_F1,20210422,10:40,2815.00,2815.65,2815.00,2815.65,1500,3797700
HEROMOTOCO_F1,20210422,10:41,2816.00,2818.00,2816.00,2818.00,2700,3797700
HEROMOTOCO_F1,20210422,10:42,2821.50,2822.00,2820.10,2821.20,6000,3797700
HEROMOTOCO_F1,20210422,10:43,2819.05,2819.60,2819.05,2819.60,1800,3798300
HEROMOTOCO_F1,20210422,10:44,2819.60,2819.60,2816.20,2816.20,3300,3798300
HEROMOTOCO_F1,20210422,10:45,2816.20,2816.20,2816.20,2816.20,300,3798300
HEROMOTOCO_F1,20210422,10:46,2815.70,2815.70,2815.70,2815.70,300,3803100
HEROMOTOCO_F1,20210422,10:47,2812.30,2815.65,2812.30,2814.50,3300,3803100
HEROMOTOCO_F1,20210422,10:48,2814.15,2814.20,2813.00,2813.00,2100,3803100
HEROMOTOCO_F1,20210422,10:49,2813.50,2815.60,2813.50,2815.60,2400,3803100
HEROMOTOCO_F1,20210422,10:50,2814.80,2815.60,2813.25,2815.60,1500,3803100
HEROMOTOCO_F1,20210422,10:51,2816.00,2816.55,2814.80,2814.80,1200,3803100
HEROMOTOCO_F1,20210422,10:52,2814.35,2815.20,2814.35,2815.20,900,3802800
HEROMOTOCO_F1,20210422,10:53,2813.15,2813.15,2812.25,2813.00,1200,3802800
HEROMOTOCO_F1,20210422,10:54,2813.55,2813.55,2813.55,2813.55,600,3802800
HEROMOTOCO_F1,20210422,10:55,2814.85,2814.85,2814.85,2814.85,300,3803100
HEROMOTOCO_F1,20210422,10:56,2815.00,2815.95,2815.00,2815.95,2100,3803100
HEROMOTOCO_F1,20210422,10:57,2817.60,2817.60,2817.25,2817.25,2100,3803100
HEROMOTOCO_F1,20210422,10:58,2818.30,2818.30,2818.30,2818.30,300,3803100
HEROMOTOCO_F1,20210422,10:59,2818.35,2820.40,2818.35,2820.40,2100,3807600
HEROMOTOCO_F1,20210422,11:00,2820.40,2820.85,2818.30,2818.30,2700,3807600
HEROMOTOCO_F1,20210422,11:01,2817.40,2817.40,2814.00,2814.00,900,3810000
HEROMOTOCO_F1,20210422,11:02,2812.20,2814.20,2811.90,2814.20,1200,3810000
HEROMOTOCO_F1,20210422,11:03,2814.55,2815.20,2814.55,2815.10,1500,3810000
HEROMOTOCO_F1,20210422,11:04,2815.20,2815.20,2813.90,2813.95,2700,3811200
HEROMOTOCO_F1,20210422,11:06,2813.70,2813.70,2811.50,2811.50,1500,3811200
HEROMOTOCO_F1,20210422,11:07,2810.30,2810.85,2807.85,2810.00,1800,3813600
HEROMOTOCO_F1,20210422,11:08,2810.00,2811.95,2810.00,2811.95,1500,3813600
HEROMOTOCO_F1,20210422,11:09,2813.25,2813.25,2812.90,2812.90,1200,3813600
HEROMOTOCO_F1,20210422,11:10,2812.00,2812.40,2812.00,2812.40,900,3813900
HEROMOTOCO_F1,20210422,11:11,2812.05,2814.30,2812.05,2814.30,900,3813900
HEROMOTOCO_F1,20210422,11:12,2815.00,2815.00,2814.80,2814.80,1800,3813900
HEROMOTOCO_F1,20210422,11:13,2815.00,2815.00,2815.00,2815.00,600,3814200
HEROMOTOCO_F1,20210422,11:14,2814.90,2814.90,2814.90,2814.90,300,3814200
HEROMOTOCO_F1,20210422,11:15,2814.80,2814.80,2814.80,2814.80,600,3814200
HEROMOTOCO_F1,20210422,11:16,2814.60,2814.60,2814.50,2814.55,1200,3815700
HEROMOTOCO_F1,20210422,11:18,2815.65,2816.50,2814.55,2816.50,3300,3815700
HEROMOTOCO_F1,20210422,11:19,2816.85,2816.85,2814.65,2814.65,1200,3816300
HEROMOTOCO_F1,20210422,11:20,2814.65,2814.65,2814.65,2814.65,600,3816300
HEROMOTOCO_F1,20210422,11:21,2816.30,2816.30,2816.30,2816.30,300,3816300
HEROMOTOCO_F1,20210422,11:22,2816.35,2816.35,2814.70,2814.70,1500,3816900
HEROMOTOCO_F1,20210422,11:23,2812.85,2812.85,2812.85,2812.85,600,3816900
HEROMOTOCO_F1,20210422,11:24,2812.30,2813.40,2812.30,2812.90,2100,3816900
HEROMOTOCO_F1,20210422,11:25,2813.90,2813.90,2813.90,2813.90,900,3816900
HEROMOTOCO_F1,20210422,11:27,2813.90,2814.35,2813.90,2814.35,2100,3818100
HEROMOTOCO_F1,20210422,11:28,2812.05,2815.90,2812.05,2814.35,4800,3817500
HEROMOTOCO_F1,20210422,11:29,2814.35,2814.35,2813.10,2813.10,2100,3817500
HEROMOTOCO_F1,20210422,11:30,2811.75,2813.80,2811.75,2813.80,600,3817500
HEROMOTOCO_F1,20210422,11:31,2813.80,2815.90,2813.80,2815.90,1500,3820200
HEROMOTOCO_F1,20210422,11:32,2815.00,2815.00,2815.00,2815.00,600,3820200
HEROMOTOCO_F1,20210422,11:33,2815.90,2815.90,2814.10,2814.10,600,3820200
HEROMOTOCO_F1,20210422,11:34,2815.45,2815.45,2813.15,2813.15,600,3820200
HEROMOTOCO_F1,20210422,11:35,2813.10,2814.70,2813.10,2814.70,600,3820200
HEROMOTOCO_F1,20210422,11:36,2814.80,2814.80,2813.40,2813.40,600,3820200
HEROMOTOCO_F1,20210422,11:37,2812.80,2812.80,2810.85,2810.85,1800,3821100
HEROMOTOCO_F1,20210422,11:38,2810.40,2810.40,2810.40,2810.40,300,3821100
HEROMOTOCO_F1,20210422,11:39,2810.40,2810.40,2809.00,2809.00,2400,3821100
HEROMOTOCO_F1,20210422,11:40,2809.00,2809.95,2809.00,2809.95,1200,3819300
HEROMOTOCO_F1,20210422,11:41,2809.20,2809.20,2809.20,2809.20,900,3819300
HEROMOTOCO_F1,20210422,11:42,2808.05,2808.80,2807.00,2808.80,1200,3819300
HEROMOTOCO_F1,20210422,11:43,2808.80,2810.65,2808.80,2810.65,600,3821100
HEROMOTOCO_F1,20210422,11:44,2810.65,2812.00,2810.65,2812.00,600,3821100
HEROMOTOCO_F1,20210422,11:45,2815.00,2816.35,2815.00,2816.35,900,3821100
HEROMOTOCO_F1,20210422,11:46,2816.85,2818.75,2816.85,2818.40,5700,3821700
HEROMOTOCO_F1,20210422,11:47,2818.85,2818.85,2818.45,2818.45,6600,3821700
HEROMOTOCO_F1,20210422,11:48,2817.20,2819.85,2816.55,2819.85,3600,3821700
HEROMOTOCO_F1,20210422,11:50,2820.05,2822.00,2820.05,2821.90,2100,3821700
HEROMOTOCO_F1,20210422,11:51,2822.00,2823.30,2822.00,2823.30,1200,3821700
HEROMOTOCO_F1,20210422,11:52,2821.45,2821.45,2820.00,2820.00,3000,3822900
HEROMOTOCO_F1,20210422,11:53,2818.75,2819.00,2818.75,2819.00,900,3822900
HEROMOTOCO_F1,20210422,11:54,2817.90,2819.50,2817.90,2819.50,600,3822900
HEROMOTOCO_F1,20210422,11:55,2818.80,2818.80,2818.80,2818.80,300,3822900
HEROMOTOCO_F1,20210422,11:57,2818.80,2820.00,2818.80,2820.00,2400,3822900
HEROMOTOCO_F1,20210422,11:58,2820.85,2820.85,2819.25,2819.25,2700,3824100
HEROMOTOCO_F1,20210422,11:59,2816.75,2816.75,2816.75,2816.75,900,3824100
HEROMOTOCO_F1,20210422,12:00,2814.35,2814.35,2814.05,2814.05,600,3824100
HEROMOTOCO_F1,20210422,12:01,2815.00,2815.00,2813.15,2813.15,1200,3825600
HEROMOTOCO_F1,20210422,12:02,2813.10,2815.00,2813.10,2815.00,1200,3825600
HEROMOTOCO_F1,20210422,12:03,2814.00,2814.00,2814.00,2814.00,600,3825600
HEROMOTOCO_F1,20210422,12:04,2814.10,2814.25,2813.40,2813.40,1200,3826800
HEROMOTOCO_F1,20210422,12:05,2813.40,2813.40,2812.80,2812.80,1800,3826800
HEROMOTOCO_F1,20210422,12:06,2813.85,2813.85,2812.50,2812.50,900,3826800
HEROMOTOCO_F1,20210422,12:07,2814.10,2814.10,2814.10,2814.10,300,3826800
HEROMOTOCO_F1,20210422,12:08,2811.80,2811.80,2811.80,2811.80,1500,3826800
HEROMOTOCO_F1,20210422,12:09,2814.65,2815.75,2814.65,2815.75,2100,3826800
HEROMOTOCO_F1,20210422,12:10,2816.80,2816.80,2816.80,2816.80,300,3827100
HEROMOTOCO_F1,20210422,12:12,2816.70,2817.90,2814.85,2817.90,2100,3827100
HEROMOTOCO_F1,20210422,12:13,2818.60,2819.90,2818.00,2819.90,4500,3826800
HEROMOTOCO_F1,20210422,12:14,2820.00,2822.15,2820.00,2821.95,2700,3826800
HEROMOTOCO_F1,20210422,12:15,2821.95,2826.90,2821.60,2826.90,13500,3826800
HEROMOTOCO_F1,20210422,12:16,2825.45,2831.05,2825.45,2830.05,9600,3823200
HEROMOTOCO_F1,20210422,12:17,2828.00,2828.15,2825.00,2826.80,6000,3823200
HEROMOTOCO_F1,20210422,12:18,2826.80,2832.00,2826.80,2832.00,6900,3823200
HEROMOTOCO_F1,20210422,12:19,2832.05,2835.60,2831.40,2835.00,8700,3815700
HEROMOTOCO_F1,20210422,12:20,2834.70,2837.25,2834.60,2835.55,7200,3815700
HEROMOTOCO_F1,20210422,12:21,2837.10,2838.95,2835.25,2837.45,5700,3815700
HEROMOTOCO_F1,20210422,12:22,2838.85,2840.00,2837.45,2840.00,4800,3810600
HEROMOTOCO_F1,20210422,12:23,2840.00,2840.00,2832.60,2833.05,19500,3810600
HEROMOTOCO_F1,20210422,12:24,2832.90,2837.00,2832.90,2837.00,5400,3810600
HEROMOTOCO_F1,20210422,12:25,2840.70,2845.00,2837.50,2845.00,25800,3801900
HEROMOTOCO_F1,20210422,12:26,2845.00,2845.85,2840.00,2840.00,4200,3801900
HEROMOTOCO_F1,20210422,12:27,2840.95,2840.95,2838.70,2840.50,1500,3801900
HEROMOTOCO_F1,20210422,12:28,2840.00,2842.30,2840.00,2842.30,2700,3799800
HEROMOTOCO_F1,20210422,12:29,2842.00,2842.00,2840.00,2840.00,1800,3799800
HEROMOTOCO_F1,20210422,12:30,2838.85,2838.85,2835.00,2835.00,2700,3799800
HEROMOTOCO_F1,20210422,12:31,2834.10,2835.00,2830.60,2831.05,4200,3798900
HEROMOTOCO_F1,20210422,12:32,2830.90,2831.00,2830.90,2831.00,1800,3798900
HEROMOTOCO_F1,20210422,12:33,2830.00,2835.00,2830.00,2835.00,3000,3798900
HEROMOTOCO_F1,20210422,12:34,2836.70,2837.70,2836.70,2837.70,2400,3799500
HEROMOTOCO_F1,20210422,12:35,2840.00,2840.25,2839.00,2840.25,3300,3799500
HEROMOTOCO_F1,20210422,12:36,2837.95,2837.95,2836.65,2836.65,2700,3799500
HEROMOTOCO_F1,20210422,12:37,2836.45,2837.10,2834.00,2835.75,2100,3799800
HEROMOTOCO_F1,20210422,12:38,2833.75,2835.05,2833.75,2834.10,3300,3799800
HEROMOTOCO_F1,20210422,12:39,2833.60,2833.60,2830.00,2830.00,2400,3799800
HEROMOTOCO_F1,20210422,12:40,2830.00,2830.40,2830.00,2830.40,600,3797400
HEROMOTOCO_F1,20210422,12:41,2829.00,2831.25,2829.00,2831.25,1800,3797400
HEROMOTOCO_F1,20210422,12:42,2832.45,2832.45,2832.45,2832.45,300,3797400
HEROMOTOCO_F1,20210422,12:43,2832.50,2832.50,2831.15,2831.15,1200,3797400
HEROMOTOCO_F1,20210422,12:44,2830.20,2830.20,2830.20,2830.20,900,3798600
HEROMOTOCO_F1,20210422,12:45,2829.85,2831.15,2829.85,2831.15,2400,3798600
HEROMOTOCO_F1,20210422,12:46,2829.85,2830.80,2829.30,2830.80,900,3798600
HEROMOTOCO_F1,20210422,12:47,2827.70,2827.70,2824.90,2824.90,5100,3795000
HEROMOTOCO_F1,20210422,12:48,2826.05,2826.05,2824.80,2824.80,600,3795000
HEROMOTOCO_F1,20210422,12:49,2827.15,2827.15,2821.55,2822.95,6000,3796200
HEROMOTOCO_F1,20210422,12:50,2824.45,2824.45,2821.95,2824.15,1200,3796200
HEROMOTOCO_F1,20210422,12:51,2826.70,2826.95,2825.10,2826.95,1200,3796200
HEROMOTOCO_F1,20210422,12:52,2825.00,2825.00,2825.00,2825.00,1500,3796200
HEROMOTOCO_F1,20210422,12:53,2825.55,2825.85,2824.35,2825.75,2100,3796200
HEROMOTOCO_F1,20210422,12:54,2826.00,2826.00,2824.15,2824.15,1800,3796200
HEROMOTOCO_F1,20210422,12:55,2824.65,2825.00,2824.65,2824.95,2100,3795900
HEROMOTOCO_F1,20210422,12:56,2824.95,2824.95,2824.10,2824.10,900,3795900
HEROMOTOCO_F1,20210422,12:58,2825.90,2825.90,2825.05,2825.05,900,3795300
HEROMOTOCO_F1,20210422,12:59,2825.05,2825.85,2824.20,2824.20,1200,3795300
HEROMOTOCO_F1,20210422,13:00,2825.00,2825.95,2825.00,2825.95,900,3795300
HEROMOTOCO_F1,20210422,13:01,2825.95,2826.00,2825.95,2826.00,600,3777900
HEROMOTOCO_F1,20210422,13:02,2826.00,2827.80,2826.00,2827.50,5400,3777900
HEROMOTOCO_F1,20210422,13:03,2827.80,2832.10,2827.80,2832.10,35400,3777900
HEROMOTOCO_F1,20210422,13:04,2832.00,2832.00,2829.90,2829.90,2700,3777900
HEROMOTOCO_F1,20210422,13:05,2830.50,2833.55,2830.50,2833.55,2100,3810600
HEROMOTOCO_F1,20210422,13:06,2835.00,2835.00,2834.15,2834.15,1800,3810600
HEROMOTOCO_F1,20210422,13:07,2832.00,2832.90,2832.00,2832.00,2700,3809100
HEROMOTOCO_F1,20210422,13:08,2832.85,2832.85,2832.85,2832.85,300,3809100
HEROMOTOCO_F1,20210422,13:09,2831.10,2831.10,2830.60,2830.60,1500,3809100
HEROMOTOCO_F1,20210422,13:10,2831.90,2832.35,2831.85,2831.85,1200,3809100
HEROMOTOCO_F1,20210422,13:11,2832.25,2835.80,2832.25,2835.80,2400,3808200
HEROMOTOCO_F1,20210422,13:12,2834.60,2834.60,2834.20,2834.20,1800,3808200
HEROMOTOCO_F1,20210422,13:13,2834.05,2835.00,2833.05,2835.00,1800,3808500
HEROMOTOCO_F1,20210422,13:14,2835.00,2836.80,2835.00,2836.80,1800,3808500
HEROMOTOCO_F1,20210422,13:15,2836.95,2836.95,2833.00,2833.00,2100,3808500
HEROMOTOCO_F1,20210422,13:16,2833.55,2833.55,2833.55,2833.55,600,3808800
HEROMOTOCO_F1,20210422,13:17,2834.00,2835.30,2834.00,2835.30,600,3808800
HEROMOTOCO_F1,20210422,13:18,2835.00,2836.50,2835.00,2836.50,600,3808800
HEROMOTOCO_F1,20210422,13:19,2836.50,2838.75,2836.15,2838.75,2400,3811800
HEROMOTOCO_F1,20210422,13:20,2840.00,2841.00,2838.80,2841.00,3300,3811800
HEROMOTOCO_F1,20210422,13:21,2840.90,2840.90,2838.50,2838.50,4200,3811800
HEROMOTOCO_F1,20210422,13:22,2839.75,2839.80,2838.65,2838.65,2700,3812400
HEROMOTOCO_F1,20210422,13:23,2838.65,2841.40,2838.65,2841.40,1200,3812400
HEROMOTOCO_F1,20210422,13:25,2840.00,2840.55,2840.00,2840.55,600,3812400
HEROMOTOCO_F1,20210422,13:26,2839.00,2839.70,2839.00,2839.70,900,3811500
HEROMOTOCO_F1,20210422,13:27,2838.05,2839.35,2838.05,2838.70,1500,3811500
HEROMOTOCO_F1,20210422,13:28,2837.75,2839.60,2837.75,2837.75,1200,3811500
HEROMOTOCO_F1,20210422,13:29,2839.30,2839.50,2837.95,2838.85,2700,3813300
HEROMOTOCO_F1,20210422,13:30,2839.20,2840.50,2838.55,2838.55,1800,3813300
HEROMOTOCO_F1,20210422,13:31,2838.30,2838.30,2834.35,2834.35,4800,3815100
HEROMOTOCO_F1,20210422,13:32,2834.00,2835.00,2833.55,2834.75,2100,3815100
HEROMOTOCO_F1,20210422,13:33,2835.95,2835.95,2834.00,2834.00,900,3815100
HEROMOTOCO_F1,20210422,13:34,2834.15,2835.50,2834.00,2835.50,1200,3814800
HEROMOTOCO_F1,20210422,13:35,2834.00,2835.95,2834.00,2835.95,1200,3814800
HEROMOTOCO_F1,20210422,13:36,2837.80,2838.60,2837.80,2838.00,3000,3814800
HEROMOTOCO_F1,20210422,13:37,2839.50,2839.50,2837.00,2838.45,1500,3814800
HEROMOTOCO_F1,20210422,13:38,2837.05,2839.25,2835.00,2837.30,3300,3815400
HEROMOTOCO_F1,20210422,13:39,2836.30,2837.80,2835.90,2837.80,1200,3815400
HEROMOTOCO_F1,20210422,13:40,2838.90,2838.90,2837.20,2837.30,1500,3816000
HEROMOTOCO_F1,20210422,13:41,2836.95,2837.80,2836.25,2837.80,1200,3816000
HEROMOTOCO_F1,20210422,13:42,2837.80,2837.80,2837.80,2837.80,300,3816000
HEROMOTOCO_F1,20210422,13:43,2838.35,2838.35,2837.00,2838.10,900,3817800
HEROMOTOCO_F1,20210422,13:44,2837.85,2837.85,2837.85,2837.85,300,3817800
HEROMOTOCO_F1,20210422,13:45,2839.15,2839.15,2839.15,2839.15,300,3817800
HEROMOTOCO_F1,20210422,13:46,2839.40,2839.40,2839.10,2839.10,600,3817800
HEROMOTOCO_F1,20210422,13:47,2839.20,2843.60,2839.20,2843.60,3000,3818400
HEROMOTOCO_F1,20210422,13:48,2844.55,2845.35,2842.40,2844.95,6300,3818400
HEROMOTOCO_F1,20210422,13:49,2844.90,2844.90,2844.90,2844.90,300,3818400
HEROMOTOCO_F1,20210422,13:50,2844.75,2844.90,2844.70,2844.90,900,3786900
HEROMOTOCO_F1,20210422,13:51,2844.70,2845.45,2843.85,2845.00,1500,3786900
HEROMOTOCO_F1,20210422,13:52,2846.10,2846.10,2844.10,2844.10,3600,3785700
HEROMOTOCO_F1,20210422,13:53,2842.40,2845.00,2842.40,2845.00,2100,3785700
HEROMOTOCO_F1,20210422,13:54,2845.00,2851.30,2844.35,2851.30,14700,3785700
HEROMOTOCO_F1,20210422,13:55,2851.30,2851.30,2849.00,2849.95,3300,3786300
HEROMOTOCO_F1,20210422,13:56,2850.00,2850.00,2848.10,2850.00,3000,3786300
HEROMOTOCO_F1,20210422,13:57,2848.70,2849.80,2847.95,2847.95,1200,3786300
HEROMOTOCO_F1,20210422,13:58,2846.90,2846.90,2846.00,2846.00,900,3785700
HEROMOTOCO_F1,20210422,13:59,2845.05,2848.50,2845.05,2848.50,3900,3785700
HEROMOTOCO_F1,20210422,14:00,2848.70,2851.00,2848.00,2848.00,3600,3785700
HEROMOTOCO_F1,20210422,14:01,2848.00,2850.85,2846.40,2850.85,4800,3785700
HEROMOTOCO_F1,20210422,14:02,2852.00,2854.70,2851.15,2852.95,5100,3784800
HEROMOTOCO_F1,20210422,14:03,2852.85,2854.25,2852.85,2854.25,1200,3784800
HEROMOTOCO_F1,20210422,14:04,2851.15,2851.15,2851.00,2851.00,1200,3784800
HEROMOTOCO_F1,20210422,14:05,2850.60,2851.35,2848.60,2850.40,3600,3783300
HEROMOTOCO_F1,20210422,14:06,2849.00,2851.00,2848.55,2848.55,2700,3783300
HEROMOTOCO_F1,20210422,14:07,2848.20,2849.25,2848.00,2849.25,900,3782400
HEROMOTOCO_F1,20210422,14:08,2847.80,2847.80,2847.00,2847.00,1200,3782400
HEROMOTOCO_F1,20210422,14:09,2844.95,2845.65,2842.40,2842.40,3600,3782400
HEROMOTOCO_F1,20210422,14:10,2842.45,2844.10,2842.45,2844.10,1500,3783000
HEROMOTOCO_F1,20210422,14:12,2845.80,2845.80,2845.80,2845.80,300,3783000
HEROMOTOCO_F1,20210422,14:13,2848.00,2848.00,2845.90,2845.90,1200,3783000
HEROMOTOCO_F1,20210422,14:15,2845.00,2845.00,2843.00,2844.70,1500,3783300
HEROMOTOCO_F1,20210422,14:16,2844.40,2844.75,2843.05,2844.65,1200,3783000
HEROMOTOCO_F1,20210422,14:17,2842.60,2842.60,2840.70,2840.70,6900,3783000
HEROMOTOCO_F1,20210422,14:18,2842.25,2842.25,2836.25,2836.25,6000,3783000
HEROMOTOCO_F1,20210422,14:19,2836.70,2838.00,2836.60,2836.60,1500,3783000
HEROMOTOCO_F1,20210422,14:20,2836.20,2836.20,2835.00,2835.00,1200,3783300
HEROMOTOCO_F1,20210422,14:21,2835.05,2835.95,2833.05,2835.95,3600,3783300
HEROMOTOCO_F1,20210422,14:22,2835.00,2835.00,2835.00,2835.00,300,3783300
HEROMOTOCO_F1,20210422,14:23,2832.85,2832.85,2832.00,2832.00,600,3782700
HEROMOTOCO_F1,20210422,14:24,2831.10,2832.50,2830.25,2831.20,2100,3782700
HEROMOTOCO_F1,20210422,14:25,2830.30,2832.00,2828.00,2828.00,5700,3782700
HEROMOTOCO_F1,20210422,14:26,2827.90,2827.90,2824.75,2824.75,4200,3782700
HEROMOTOCO_F1,20210422,14:27,2827.65,2833.60,2825.60,2833.00,5400,3782700
HEROMOTOCO_F1,20210422,14:28,2832.70,2832.70,2832.30,2832.30,1200,3782700
HEROMOTOCO_F1,20210422,14:29,2835.00,2836.10,2833.05,2836.10,5700,3780000
HEROMOTOCO_F1,20210422,14:30,2833.25,2834.80,2832.80,2834.80,1200,3780000
HEROMOTOCO_F1,20210422,14:31,2835.00,2835.00,2835.00,2835.00,300,3780000
HEROMOTOCO_F1,20210422,14:32,2833.95,2835.95,2833.95,2835.95,1200,3783600
HEROMOTOCO_F1,20210422,14:33,2835.00,2835.60,2835.00,2835.60,600,3783600
HEROMOTOCO_F1,20210422,14:34,2835.60,2835.60,2834.05,2834.05,3900,3783600
HEROMOTOCO_F1,20210422,14:35,2835.60,2839.00,2835.60,2838.95,3300,3780900
HEROMOTOCO_F1,20210422,14:36,2838.95,2839.95,2837.05,2838.70,3300,3780900
HEROMOTOCO_F1,20210422,14:37,2839.95,2839.95,2837.40,2837.40,900,3780900
HEROMOTOCO_F1,20210422,14:38,2841.90,2843.10,2838.65,2838.65,3900,3781800
HEROMOTOCO_F1,20210422,14:39,2840.05,2842.45,2840.05,2842.45,900,3781800
HEROMOTOCO_F1,20210422,14:40,2841.20,2841.20,2840.50,2840.50,600,3781800
HEROMOTOCO_F1,20210422,14:41,2843.00,2843.00,2841.90,2841.90,1200,3781200
HEROMOTOCO_F1,20210422,14:42,2843.85,2845.00,2842.00,2842.00,4500,3781200
HEROMOTOCO_F1,20210422,14:43,2843.55,2843.55,2842.85,2842.85,600,3781200
HEROMOTOCO_F1,20210422,14:44,2841.85,2841.85,2841.85,2841.85,300,3778800
HEROMOTOCO_F1,20210422,14:45,2839.80,2841.10,2839.70,2840.00,6000,3778800
HEROMOTOCO_F1,20210422,14:46,2840.05,2841.10,2839.50,2839.50,4500,3778800
HEROMOTOCO_F1,20210422,14:47,2839.00,2839.30,2838.80,2838.80,1200,3777000
HEROMOTOCO_F1,20210422,14:48,2843.70,2844.50,2841.15,2841.15,1200,3777000
HEROMOTOCO_F1,20210422,14:49,2843.85,2843.85,2842.40,2842.40,1500,3777000
HEROMOTOCO_F1,20210422,14:50,2841.95,2841.95,2841.15,2841.15,1800,3776700
HEROMOTOCO_F1,20210422,14:51,2842.00,2842.00,2840.75,2840.75,600,3776700
HEROMOTOCO_F1,20210422,14:52,2839.65,2840.65,2839.65,2840.00,5700,3776700
HEROMOTOCO_F1,20210422,14:53,2838.75,2839.20,2837.85,2839.20,3300,3773400
HEROMOTOCO_F1,20210422,14:54,2836.80,2836.85,2836.80,2836.85,600,3773400
HEROMOTOCO_F1,20210422,14:55,2839.00,2839.00,2837.15,2837.70,1200,3773400
HEROMOTOCO_F1,20210422,14:57,2839.70,2839.70,2837.50,2838.15,1200,3772800
HEROMOTOCO_F1,20210422,14:58,2839.50,2839.50,2839.50,2839.50,300,3772800
HEROMOTOCO_F1,20210422,14:59,2838.50,2838.50,2834.90,2837.00,4200,3774300
HEROMOTOCO_F1,20210422,15:00,2838.10,2838.10,2837.15,2838.00,1500,3774300
HEROMOTOCO_F1,20210422,15:01,2836.80,2839.50,2836.70,2839.50,3000,3774300
HEROMOTOCO_F1,20210422,15:02,2838.40,2840.00,2838.40,2840.00,1200,3771900
HEROMOTOCO_F1,20210422,15:03,2839.10,2839.10,2837.40,2837.40,1500,3771900
HEROMOTOCO_F1,20210422,15:04,2836.70,2837.75,2836.70,2837.75,900,3771900
HEROMOTOCO_F1,20210422,15:05,2836.90,2836.90,2836.90,2836.90,300,3772500
HEROMOTOCO_F1,20210422,15:06,2839.35,2841.85,2837.50,2841.85,1500,3772500
HEROMOTOCO_F1,20210422,15:07,2841.85,2842.45,2840.60,2841.05,7800,3772500
HEROMOTOCO_F1,20210422,15:08,2841.95,2842.45,2841.00,2841.00,1500,3774600
HEROMOTOCO_F1,20210422,15:09,2843.30,2844.80,2842.90,2843.40,2400,3774600
HEROMOTOCO_F1,20210422,15:10,2845.00,2848.00,2843.95,2848.00,6600,3774600
HEROMOTOCO_F1,20210422,15:11,2848.00,2851.15,2846.35,2849.00,9900,3772500
HEROMOTOCO_F1,20210422,15:12,2851.00,2852.55,2849.20,2851.95,3600,3772500
HEROMOTOCO_F1,20210422,15:13,2852.10,2853.50,2850.40,2852.35,4500,3772500
HEROMOTOCO_F1,20210422,15:14,2853.00,2854.00,2851.15,2851.20,7500,3774000
HEROMOTOCO_F1,20210422,15:15,2850.00,2850.00,2849.25,2850.00,3600,3774000
HEROMOTOCO_F1,20210422,15:16,2851.15,2852.40,2849.65,2850.95,6600,3774000
HEROMOTOCO_F1,20210422,15:17,2850.05,2850.45,2847.85,2848.35,5700,3774300
HEROMOTOCO_F1,20210422,15:18,2848.25,2848.60,2847.55,2847.55,1200,3774300
HEROMOTOCO_F1,20210422,15:19,2847.55,2854.00,2847.50,2852.95,15600,3774300
HEROMOTOCO_F1,20210422,15:20,2855.70,2858.00,2854.15,2856.40,14400,3779100
HEROMOTOCO_F1,20210422,15:21,2856.60,2868.95,2856.60,2866.45,45600,3779100
HEROMOTOCO_F1,20210422,15:22,2866.45,2879.90,2865.35,2868.00,36900,3779100
HEROMOTOCO_F1,20210422,15:23,2868.40,2868.45,2865.50,2867.55,8700,3794400
HEROMOTOCO_F1,20210422,15:24,2865.00,2868.55,2864.50,2864.50,4200,3794400
HEROMOTOCO_F1,20210422,15:25,2865.00,2865.00,2861.00,2862.10,7200,3794400
HEROMOTOCO_F1,20210422,15:26,2861.10,2864.55,2861.10,2862.55,5400,3795900
HEROMOTOCO_F1,20210422,15:27,2862.85,2864.25,2860.90,2860.90,9000,3795900
HEROMOTOCO_F1,20210422,15:28,2860.85,2861.70,2858.55,2858.55,8400,3795900
HEROMOTOCO_F1,20210422,15:29,2858.55,2860.45,2857.00,2859.25,9900,3794700
HEROMOTOCO_F1,20210422,15:30,2859.25,2864.00,2855.40,2855.40,18900,3794700
HEROMOTOCO_F1,20210422,18:37,2858.50,2858.50,2858.50,2858.50,1,3676200
