ICICIBANK_F1,20180509,09:16,305.75,307,304,305.9,1278750
ICICIBANK_F1,20180509,09:17,305.75,306.2,305.65,306.2,816750
ICICIBANK_F1,20180509,09:18,306.15,306.15,305.25,305.5,434500
ICICIBANK_F1,20180509,09:19,305.5,306.5,305.45,306.25,451000
ICICIBANK_F1,20180509,09:20,306.35,306.5,306.1,306.2,225500
ICICIBANK_F1,20180509,09:21,306.15,306.15,305.65,305.65,261250
ICICIBANK_F1,20180509,09:22,305.55,305.6,305.25,305.4,305250
ICICIBANK_F1,20180509,09:23,305.5,305.7,305.2,305.5,310750
ICICIBANK_F1,20180509,09:24,305.5,305.55,305.3,305.45,187000
ICICIBANK_F1,20180509,09:25,305.45,305.65,305.3,305.45,258500
ICICIBANK_F1,20180509,09:26,305.6,306,305.4,306,242000
ICICIBANK_F1,20180509,09:27,306,307.1,306,307.05,426250
ICICIBANK_F1,20180509,09:28,307,307.85,306.8,306.8,712250
ICICIBANK_F1,20180509,09:29,306.65,307,306.65,306.8,192500
ICICIBANK_F1,20180509,09:30,306.8,306.85,306.15,306.3,192500
ICICIBANK_F1,20180509,09:31,306.35,306.55,306.15,306.5,176000
ICICIBANK_F1,20180509,09:32,306.4,306.65,306.3,306.4,211750
ICICIBANK_F1,20180509,09:33,306.3,306.85,306.3,306.75,189750
ICICIBANK_F1,20180509,09:34,306.8,306.95,306.7,306.85,178750
ICICIBANK_F1,20180509,09:35,306.85,306.9,306.55,306.65,121000
ICICIBANK_F1,20180509,09:36,306.65,307.45,306.55,307.2,286000
ICICIBANK_F1,20180509,09:37,307.2,308,307,307.9,580250
ICICIBANK_F1,20180509,09:38,307.85,307.85,307.2,307.3,393250
ICICIBANK_F1,20180509,09:39,307.3,307.5,307.05,307.05,165000
ICICIBANK_F1,20180509,09:40,307.2,307.2,306.65,306.75,200750
ICICIBANK_F1,20180509,09:41,306.75,306.8,306.4,306.4,189750
ICICIBANK_F1,20180509,09:42,306.35,306.4,305.9,305.95,198000
ICICIBANK_F1,20180509,09:43,305.9,306,305.65,305.65,198000
ICICIBANK_F1,20180509,09:44,305.7,305.8,305.55,305.6,129250
ICICIBANK_F1,20180509,09:45,305.6,306.3,305.6,306.2,228250
ICICIBANK_F1,20180509,09:46,306.25,306.25,306.05,306.2,88000
ICICIBANK_F1,20180509,09:47,306.2,306.2,305.95,305.95,60500
ICICIBANK_F1,20180509,09:48,305.95,305.95,305.7,305.7,82500
ICICIBANK_F1,20180509,09:49,305.7,305.75,305.6,305.7,121000
ICICIBANK_F1,20180509,09:50,305.65,305.7,305.45,305.45,154000
ICICIBANK_F1,20180509,09:51,305.45,305.75,305.45,305.65,170500
ICICIBANK_F1,20180509,09:52,305.75,305.95,305.7,305.9,49500
ICICIBANK_F1,20180509,09:53,305.95,305.95,305.75,305.8,60500
ICICIBANK_F1,20180509,09:54,305.7,305.85,305.6,305.65,145750
ICICIBANK_F1,20180509,09:55,305.65,305.8,305.6,305.7,140250
ICICIBANK_F1,20180509,09:56,305.65,305.7,305.55,305.6,123750
ICICIBANK_F1,20180509,09:57,305.55,305.65,305.45,305.6,115500
ICICIBANK_F1,20180509,09:58,305.5,305.6,305.45,305.55,66000
ICICIBANK_F1,20180509,09:59,305.45,305.9,305.45,305.9,140250
ICICIBANK_F1,20180509,10:00,305.95,306.5,305.95,306.05,275000
ICICIBANK_F1,20180509,10:01,306.15,306.15,305.9,305.9,82500
ICICIBANK_F1,20180509,10:02,305.9,306.15,305.9,306,85250
ICICIBANK_F1,20180509,10:03,306,306,305.85,305.85,74250
ICICIBANK_F1,20180509,10:04,305.95,306.05,305.95,306,33000
ICICIBANK_F1,20180509,10:05,306.1,306.35,306.1,306.25,107250
ICICIBANK_F1,20180509,10:06,306.2,306.25,305.95,305.95,151250
ICICIBANK_F1,20180509,10:07,306,306,305.85,305.85,46750
ICICIBANK_F1,20180509,10:08,305.95,305.95,305.85,305.9,27500
ICICIBANK_F1,20180509,10:09,305.95,305.95,305.7,305.8,41250
ICICIBANK_F1,20180509,10:10,305.85,306.05,305.85,306.05,77000
ICICIBANK_F1,20180509,10:11,306,306.15,305.95,306,99000
ICICIBANK_F1,20180509,10:12,306,306.05,305.85,305.85,38500
ICICIBANK_F1,20180509,10:13,305.7,305.85,305.6,305.75,93500
ICICIBANK_F1,20180509,10:14,305.85,305.9,305.75,305.85,22000
ICICIBANK_F1,20180509,10:15,305.7,305.7,305.55,305.55,41250
ICICIBANK_F1,20180509,10:16,305.4,305.5,305.4,305.4,156750
ICICIBANK_F1,20180509,10:17,305.35,305.5,305.35,305.45,33000
ICICIBANK_F1,20180509,10:18,305.45,305.8,305.4,305.8,112750
ICICIBANK_F1,20180509,10:19,306,306.1,305.9,306,115500
ICICIBANK_F1,20180509,10:20,305.95,306,305.7,305.7,35750
ICICIBANK_F1,20180509,10:21,305.8,305.95,305.8,305.95,55000
ICICIBANK_F1,20180509,10:22,305.9,305.95,305.7,305.9,71500
ICICIBANK_F1,20180509,10:23,305.95,305.95,305.75,305.95,33000
ICICIBANK_F1,20180509,10:24,305.95,306.3,305.95,306.1,148500
ICICIBANK_F1,20180509,10:25,306.25,306.25,306.05,306.2,66000
ICICIBANK_F1,20180509,10:26,306.25,306.3,306.15,306.2,93500
ICICIBANK_F1,20180509,10:27,306.3,306.65,306.05,306.35,236500
ICICIBANK_F1,20180509,10:28,306.3,306.3,305.8,305.8,101750
ICICIBANK_F1,20180509,10:29,306,306.05,305.55,305.9,195250
ICICIBANK_F1,20180509,10:30,305.9,306,305.8,306,52250
ICICIBANK_F1,20180509,10:31,306,306,305.9,306,41250
ICICIBANK_F1,20180509,10:32,305.95,306.15,305.95,306.15,38500
ICICIBANK_F1,20180509,10:33,306.05,306.5,306.05,306.4,129250
ICICIBANK_F1,20180509,10:34,306.4,306.4,306.15,306.15,46750
ICICIBANK_F1,20180509,10:35,306.25,306.55,306.25,306.55,96250
ICICIBANK_F1,20180509,10:36,306.65,306.8,306.55,306.75,148500
ICICIBANK_F1,20180509,10:37,306.65,306.65,306.35,306.35,173250
ICICIBANK_F1,20180509,10:38,306.3,306.4,306.1,306.25,82500
ICICIBANK_F1,20180509,10:39,306.2,306.8,306.2,306.8,137500
ICICIBANK_F1,20180509,10:40,306.75,307.35,306.75,306.85,423500
ICICIBANK_F1,20180509,10:41,307.15,307.95,307.1,307.7,431750
ICICIBANK_F1,20180509,10:42,307.7,307.8,307.25,307.6,423500
ICICIBANK_F1,20180509,10:43,307.7,307.8,307.1,307.15,253000
ICICIBANK_F1,20180509,10:44,307.1,307.25,306.9,307.15,143000
ICICIBANK_F1,20180509,10:45,307.1,307.4,307.1,307.25,88000
ICICIBANK_F1,20180509,10:46,307.3,307.45,307.3,307.4,71500
ICICIBANK_F1,20180509,10:47,307.35,307.35,307.15,307.25,55000
ICICIBANK_F1,20180509,10:48,307.15,307.25,307.1,307.1,46750
ICICIBANK_F1,20180509,10:49,307.1,307.1,306.8,306.9,79750
ICICIBANK_F1,20180509,10:50,306.9,307.05,306.9,307.05,49500
ICICIBANK_F1,20180509,10:51,307.05,307.55,307.05,307.4,209000
ICICIBANK_F1,20180509,10:52,307.4,307.45,307.15,307.2,68750
ICICIBANK_F1,20180509,10:53,307.3,307.3,306.95,307.15,74250
ICICIBANK_F1,20180509,10:54,307.15,307.3,307.15,307.3,41250
ICICIBANK_F1,20180509,10:55,307.25,307.35,307.1,307.2,52250
ICICIBANK_F1,20180509,10:56,307.15,307.15,307,307.05,66000
ICICIBANK_F1,20180509,10:57,307.05,307.4,307.05,307.3,38500
ICICIBANK_F1,20180509,10:58,307.4,307.6,307.4,307.45,167750
ICICIBANK_F1,20180509,10:59,307.5,307.5,307.45,307.5,44000
ICICIBANK_F1,20180509,11:00,307.5,307.5,307.3,307.35,19250
ICICIBANK_F1,20180509,11:01,307.45,307.5,307.3,307.35,49500
ICICIBANK_F1,20180509,11:02,307.25,307.35,307.05,307.05,41250
ICICIBANK_F1,20180509,11:03,307.1,307.3,307.05,307.1,55000
ICICIBANK_F1,20180509,11:04,307.1,307.3,307.1,307.1,55000
ICICIBANK_F1,20180509,11:05,307.1,307.2,307.05,307.05,35750
ICICIBANK_F1,20180509,11:06,307.15,307.4,307.1,307.2,85250
ICICIBANK_F1,20180509,11:07,307.15,307.35,307.1,307.1,57750
ICICIBANK_F1,20180509,11:08,307.1,307.2,306.9,306.9,178750
ICICIBANK_F1,20180509,11:09,306.95,307.2,306.95,307.2,49500
ICICIBANK_F1,20180509,11:10,307.1,307.35,307.05,307.3,79750
ICICIBANK_F1,20180509,11:11,307.3,307.4,307.2,307.35,77000
ICICIBANK_F1,20180509,11:12,307.3,307.4,307.25,307.25,55000
ICICIBANK_F1,20180509,11:13,307.35,307.35,307.25,307.3,44000
ICICIBANK_F1,20180509,11:14,307.3,307.35,307.2,307.25,38500
ICICIBANK_F1,20180509,11:15,307.3,307.35,307.2,307.25,46750
ICICIBANK_F1,20180509,11:16,307.15,307.2,306.9,306.9,57750
ICICIBANK_F1,20180509,11:17,306.9,307.05,306.9,307,44000
ICICIBANK_F1,20180509,11:18,307,307,306.9,306.9,33000
ICICIBANK_F1,20180509,11:19,306.9,307,306.9,306.95,33000
ICICIBANK_F1,20180509,11:20,307,307,306.9,306.95,30250
ICICIBANK_F1,20180509,11:21,306.95,306.95,306.85,306.9,27500
ICICIBANK_F1,20180509,11:22,306.9,306.9,306.7,306.75,63250
ICICIBANK_F1,20180509,11:23,306.7,306.7,306.5,306.65,159500
ICICIBANK_F1,20180509,11:24,306.6,306.6,306.55,306.6,27500
ICICIBANK_F1,20180509,11:25,306.65,306.9,306.65,306.8,44000
ICICIBANK_F1,20180509,11:26,306.9,306.95,306.85,306.9,27500
ICICIBANK_F1,20180509,11:27,306.9,306.9,306.6,306.6,71500
ICICIBANK_F1,20180509,11:28,306.6,306.9,306.55,306.75,44000
ICICIBANK_F1,20180509,11:29,306.75,306.85,306.7,306.7,11000
ICICIBANK_F1,20180509,11:30,306.75,306.75,306.45,306.65,57750
ICICIBANK_F1,20180509,11:31,306.5,306.6,306.4,306.5,44000
ICICIBANK_F1,20180509,11:32,306.5,306.5,306.2,306.3,71500
ICICIBANK_F1,20180509,11:33,306.25,306.25,305.7,306,794750
ICICIBANK_F1,20180509,11:34,305.9,306.25,305.9,306.05,189750
ICICIBANK_F1,20180509,11:35,305.95,306.3,305.95,306.3,77000
ICICIBANK_F1,20180509,11:36,306.3,306.45,306.3,306.45,30250
ICICIBANK_F1,20180509,11:37,306.5,307.15,306.5,307,239250
ICICIBANK_F1,20180509,11:38,307,307.2,306.95,307.05,101750
ICICIBANK_F1,20180509,11:39,307.05,308.4,307.05,308.1,605000
ICICIBANK_F1,20180509,11:40,308.05,308.1,307.75,307.85,266750
ICICIBANK_F1,20180509,11:41,307.65,307.8,307.3,307.3,101750
ICICIBANK_F1,20180509,11:42,307.3,307.5,307.3,307.45,123750
ICICIBANK_F1,20180509,11:43,307.4,307.5,307.3,307.3,77000
ICICIBANK_F1,20180509,11:44,307.25,307.35,307.25,307.25,27500
ICICIBANK_F1,20180509,11:45,307.25,307.4,307.25,307.35,33000
ICICIBANK_F1,20180509,11:46,307.3,307.4,307.2,307.25,49500
ICICIBANK_F1,20180509,11:47,307.35,307.7,307.35,307.7,115500
ICICIBANK_F1,20180509,11:48,307.7,307.7,307.35,307.45,55000
ICICIBANK_F1,20180509,11:49,307.35,307.45,307.3,307.3,35750
ICICIBANK_F1,20180509,11:50,307.35,307.45,307.25,307.4,44000
ICICIBANK_F1,20180509,11:51,307.3,307.35,307.2,307.25,46750
ICICIBANK_F1,20180509,11:52,307.3,307.3,306.9,307.2,121000
ICICIBANK_F1,20180509,11:53,307.25,307.25,307.1,307.15,22000
ICICIBANK_F1,20180509,11:54,307.15,307.15,306.95,306.95,46750
ICICIBANK_F1,20180509,11:55,306.9,307.1,306.9,307,82500
ICICIBANK_F1,20180509,11:56,307.15,307.25,307.1,307.25,33000
ICICIBANK_F1,20180509,11:57,307.2,307.25,306.9,306.95,151250
ICICIBANK_F1,20180509,11:58,306.9,307,306.9,306.9,19250
ICICIBANK_F1,20180509,11:59,306.9,307.15,306.9,307.05,46750
ICICIBANK_F1,20180509,12:00,307.1,307.1,306.85,306.85,41250
ICICIBANK_F1,20180509,12:01,306.95,307.1,306.9,307,19250
ICICIBANK_F1,20180509,12:02,306.95,307.15,306.95,307.15,77000
ICICIBANK_F1,20180509,12:03,307.2,307.2,307.1,307.1,13750
ICICIBANK_F1,20180509,12:04,307.2,307.25,307.1,307.2,19250
ICICIBANK_F1,20180509,12:05,307.2,307.2,307.1,307.2,33000
ICICIBANK_F1,20180509,12:06,307.15,307.25,307.15,307.2,38500
ICICIBANK_F1,20180509,12:07,307.2,307.25,307.2,307.2,24750
ICICIBANK_F1,20180509,12:08,307.2,307.25,307.15,307.2,27500
ICICIBANK_F1,20180509,12:09,307.15,307.25,307.1,307.2,33000
ICICIBANK_F1,20180509,12:10,307.15,307.2,307.15,307.2,19250
ICICIBANK_F1,20180509,12:11,307.1,307.25,307.1,307.1,49500
ICICIBANK_F1,20180509,12:12,307.15,307.15,307,307,30250
ICICIBANK_F1,20180509,12:13,306.95,307,306.9,306.9,33000
ICICIBANK_F1,20180509,12:14,306.9,307,306.9,307,41250
ICICIBANK_F1,20180509,12:15,307.1,307.15,307.1,307.15,11000
ICICIBANK_F1,20180509,12:16,307.2,307.2,307.15,307.2,16500
ICICIBANK_F1,20180509,12:17,307.25,307.25,307.2,307.25,24750
ICICIBANK_F1,20180509,12:18,307.25,307.35,307.15,307.25,57750
ICICIBANK_F1,20180509,12:19,307.2,307.3,307.15,307.3,33000
ICICIBANK_F1,20180509,12:20,307.2,307.3,307.2,307.2,16500
ICICIBANK_F1,20180509,12:21,307.2,307.3,307.05,307.3,68750
ICICIBANK_F1,20180509,12:22,307.35,307.4,307.3,307.3,27500
ICICIBANK_F1,20180509,12:23,307.3,307.3,307.1,307.25,30250
ICICIBANK_F1,20180509,12:24,307.2,307.25,307.15,307.2,19250
ICICIBANK_F1,20180509,12:25,307.25,307.25,307.1,307.15,44000
ICICIBANK_F1,20180509,12:26,307.15,307.15,307,307.05,44000
ICICIBANK_F1,20180509,12:27,307.1,307.15,307.05,307.05,24750
ICICIBANK_F1,20180509,12:28,307.05,307.05,307,307.05,33000
ICICIBANK_F1,20180509,12:29,307,307.1,307,307,24750
ICICIBANK_F1,20180509,12:30,306.9,307.05,306.9,306.95,24750
ICICIBANK_F1,20180509,12:31,306.9,307.1,306.9,307.05,22000
ICICIBANK_F1,20180509,12:32,307.1,307.2,307.05,307.2,44000
ICICIBANK_F1,20180509,12:33,307.2,307.25,307.2,307.25,19250
ICICIBANK_F1,20180509,12:34,307.3,307.4,307.2,307.4,55000
ICICIBANK_F1,20180509,12:35,307.35,307.35,307.3,307.35,16500
ICICIBANK_F1,20180509,12:36,307.35,307.6,307.35,307.6,118250
ICICIBANK_F1,20180509,12:37,307.6,307.75,307.6,307.7,57750
ICICIBANK_F1,20180509,12:38,307.7,307.7,307.6,307.6,63250
ICICIBANK_F1,20180509,12:39,307.55,307.6,307.55,307.55,16500
ICICIBANK_F1,20180509,12:40,307.6,307.9,307.55,307.85,167750
ICICIBANK_F1,20180509,12:41,307.85,307.9,307.75,307.8,55000
ICICIBANK_F1,20180509,12:42,307.7,307.8,307.6,307.6,24750
ICICIBANK_F1,20180509,12:43,307.4,307.45,307.4,307.4,63250
ICICIBANK_F1,20180509,12:44,307.4,307.5,307.4,307.5,49500
ICICIBANK_F1,20180509,12:45,307.55,307.55,307.45,307.55,24750
ICICIBANK_F1,20180509,12:46,307.35,307.5,307.35,307.45,49500
ICICIBANK_F1,20180509,12:47,307.25,307.35,307.15,307.25,68750
ICICIBANK_F1,20180509,12:48,307.3,307.35,307.3,307.35,16500
ICICIBANK_F1,20180509,12:49,307.25,307.4,307.25,307.35,24750
ICICIBANK_F1,20180509,12:50,307.45,307.5,307.35,307.35,35750
ICICIBANK_F1,20180509,12:51,307.4,307.4,307.35,307.4,16500
ICICIBANK_F1,20180509,12:52,307.35,307.45,307.35,307.45,22000
ICICIBANK_F1,20180509,12:53,307.5,307.55,307.45,307.55,24750
ICICIBANK_F1,20180509,12:54,307.5,307.6,307.5,307.5,27500
ICICIBANK_F1,20180509,12:55,307.5,307.6,307.45,307.45,35750
ICICIBANK_F1,20180509,12:56,307.45,307.75,307.4,307.75,52250
ICICIBANK_F1,20180509,12:57,307.7,307.75,307.65,307.7,22000
ICICIBANK_F1,20180509,12:58,307.65,307.75,307.65,307.7,30250
ICICIBANK_F1,20180509,12:59,307.7,307.8,307.7,307.8,41250
ICICIBANK_F1,20180509,13:00,307.8,307.8,307.7,307.75,13750
ICICIBANK_F1,20180509,13:01,307.75,307.8,307.75,307.8,30250
ICICIBANK_F1,20180509,13:02,307.65,307.85,307.65,307.75,35750
ICICIBANK_F1,20180509,13:03,307.7,307.85,307.7,307.8,38500
ICICIBANK_F1,20180509,13:04,307.8,307.85,307.7,307.8,52250
ICICIBANK_F1,20180509,13:05,307.7,307.8,307.65,307.65,46750
ICICIBANK_F1,20180509,13:06,307.7,307.8,307.45,307.55,110000
ICICIBANK_F1,20180509,13:07,307.5,307.55,307.3,307.3,63250
ICICIBANK_F1,20180509,13:08,307.35,307.45,307.25,307.25,178750
ICICIBANK_F1,20180509,13:09,307.25,307.25,307.1,307.1,68750
ICICIBANK_F1,20180509,13:10,307.05,307.4,307.05,307.4,77000
ICICIBANK_F1,20180509,13:11,307.3,307.3,307.1,307.2,46750
ICICIBANK_F1,20180509,13:12,307.2,307.35,307.2,307.25,16500
ICICIBANK_F1,20180509,13:13,307.4,307.4,307.3,307.4,16500
ICICIBANK_F1,20180509,13:14,307.4,307.6,307.4,307.55,96250
ICICIBANK_F1,20180509,13:15,307.7,307.8,307.65,307.65,66000
ICICIBANK_F1,20180509,13:16,307.65,307.7,307.4,307.4,27500
ICICIBANK_F1,20180509,13:17,307.35,307.45,307.35,307.45,11000
ICICIBANK_F1,20180509,13:18,307.45,307.5,307.4,307.4,41250
ICICIBANK_F1,20180509,13:19,307.4,307.4,307.15,307.35,145750
ICICIBANK_F1,20180509,13:20,307.35,307.5,307.35,307.45,82500
ICICIBANK_F1,20180509,13:21,307.4,307.45,307.35,307.4,16500
ICICIBANK_F1,20180509,13:22,307.3,307.45,307.3,307.45,27500
ICICIBANK_F1,20180509,13:23,307.4,307.45,307.4,307.45,27500
ICICIBANK_F1,20180509,13:24,307.45,307.5,307.45,307.45,11000
ICICIBANK_F1,20180509,13:25,307.6,307.65,307.45,307.55,55000
ICICIBANK_F1,20180509,13:26,307.55,307.55,307.35,307.35,68750
ICICIBANK_F1,20180509,13:27,307.5,307.5,307.45,307.45,13750
ICICIBANK_F1,20180509,13:28,307.45,307.45,307.3,307.3,24750
ICICIBANK_F1,20180509,13:29,307.4,307.4,307.2,307.35,71500
ICICIBANK_F1,20180509,13:30,307.3,307.3,307.2,307.2,13750
ICICIBANK_F1,20180509,13:31,307.35,307.35,307.25,307.35,27500
ICICIBANK_F1,20180509,13:32,307.35,307.35,307.2,307.25,44000
ICICIBANK_F1,20180509,13:33,307.2,307.25,307.1,307.25,38500
ICICIBANK_F1,20180509,13:34,307.25,307.3,307.2,307.25,30250
ICICIBANK_F1,20180509,13:35,307.3,307.3,307.15,307.2,66000
ICICIBANK_F1,20180509,13:36,307.2,307.25,307.2,307.25,11000
ICICIBANK_F1,20180509,13:37,307.2,307.2,306.8,307,184250
ICICIBANK_F1,20180509,13:38,307.15,307.2,307,307.05,19250
ICICIBANK_F1,20180509,13:39,307.3,307.35,307.3,307.35,30250
ICICIBANK_F1,20180509,13:40,307.35,307.4,307.3,307.4,22000
ICICIBANK_F1,20180509,13:41,307.3,307.3,307.25,307.25,24750
ICICIBANK_F1,20180509,13:42,307.1,307.15,307.05,307.05,24750
ICICIBANK_F1,20180509,13:43,307.1,307.1,307,307,27500
ICICIBANK_F1,20180509,13:44,307.1,307.1,306.95,306.95,57750
ICICIBANK_F1,20180509,13:45,306.9,306.95,306.05,306.55,693000
ICICIBANK_F1,20180509,13:46,306.5,306.9,306.5,306.9,63250
ICICIBANK_F1,20180509,13:47,306.85,306.9,306.85,306.9,33000
ICICIBANK_F1,20180509,13:48,306.85,306.9,306.8,306.85,33000
ICICIBANK_F1,20180509,13:49,306.8,306.8,306.65,306.65,35750
ICICIBANK_F1,20180509,13:50,306.7,306.9,306.4,306.4,192500
ICICIBANK_F1,20180509,13:51,306.35,306.9,306.3,306.9,217250
ICICIBANK_F1,20180509,13:52,306.85,307.1,306.8,307.1,30250
ICICIBANK_F1,20180509,13:53,307.05,307.05,306.95,306.95,38500
ICICIBANK_F1,20180509,13:54,306.65,306.7,306.4,306.45,162250
ICICIBANK_F1,20180509,13:55,306.4,306.65,306.4,306.6,107250
ICICIBANK_F1,20180509,13:56,306.55,306.55,305.7,306,379500
ICICIBANK_F1,20180509,13:57,306,306.3,305.95,306.25,107250
ICICIBANK_F1,20180509,13:58,306.25,306.4,306.25,306.4,77000
ICICIBANK_F1,20180509,13:59,306.55,306.7,306.55,306.6,68750
ICICIBANK_F1,20180509,14:00,306.7,306.8,306.65,306.8,19250
ICICIBANK_F1,20180509,14:01,306.75,306.8,306.75,306.75,30250
ICICIBANK_F1,20180509,14:02,306.7,306.8,306.7,306.8,24750
ICICIBANK_F1,20180509,14:03,306.75,306.75,306.65,306.65,24750
ICICIBANK_F1,20180509,14:04,306.6,306.65,306.45,306.6,44000
ICICIBANK_F1,20180509,14:05,306.45,306.5,306.45,306.5,44000
ICICIBANK_F1,20180509,14:06,306.35,306.35,306.25,306.25,27500
ICICIBANK_F1,20180509,14:07,306.25,306.4,306.15,306.4,52250
ICICIBANK_F1,20180509,14:08,306.45,306.5,306.4,306.45,13750
ICICIBANK_F1,20180509,14:09,306.35,306.35,306.2,306.3,27500
ICICIBANK_F1,20180509,14:10,306.3,306.5,306.3,306.4,38500
ICICIBANK_F1,20180509,14:11,306.4,306.6,306.4,306.5,38500
ICICIBANK_F1,20180509,14:12,306.65,306.65,306.55,306.6,38500
ICICIBANK_F1,20180509,14:13,306.6,306.8,306.6,306.75,22000
ICICIBANK_F1,20180509,14:14,306.7,307.05,306.7,307,110000
ICICIBANK_F1,20180509,14:15,307,307.25,307,307.25,90750
ICICIBANK_F1,20180509,14:16,307.35,307.4,307.3,307.35,88000
ICICIBANK_F1,20180509,14:17,307.4,307.4,306.85,306.95,52250
ICICIBANK_F1,20180509,14:18,306.95,307.35,306.95,307.35,30250
ICICIBANK_F1,20180509,14:19,307.3,307.45,307.3,307.4,112750
ICICIBANK_F1,20180509,14:20,307.35,307.35,307.25,307.25,60500
ICICIBANK_F1,20180509,14:21,307.25,307.45,307.15,307.4,52250
ICICIBANK_F1,20180509,14:22,307.25,307.4,307.25,307.35,38500
ICICIBANK_F1,20180509,14:23,307.4,307.4,307.25,307.3,27500
ICICIBANK_F1,20180509,14:24,307.35,307.35,307.3,307.3,8250
ICICIBANK_F1,20180509,14:25,307.25,307.35,307.15,307.15,44000
ICICIBANK_F1,20180509,14:26,307.1,307.2,307.1,307.2,30250
ICICIBANK_F1,20180509,14:27,307.15,307.35,307.15,307.25,38500
ICICIBANK_F1,20180509,14:28,307.3,307.35,307.2,307.2,33000
ICICIBANK_F1,20180509,14:29,307.2,307.3,307.2,307.2,33000
ICICIBANK_F1,20180509,14:30,307.25,307.35,307.25,307.35,22000
ICICIBANK_F1,20180509,14:31,307.35,307.4,307.25,307.25,13750
ICICIBANK_F1,20180509,14:32,307.25,307.45,307.25,307.4,35750
ICICIBANK_F1,20180509,14:33,307.4,307.4,307.1,307.15,60500
ICICIBANK_F1,20180509,14:34,307.35,307.45,307.2,307.2,46750
ICICIBANK_F1,20180509,14:35,307.15,307.2,307.15,307.2,19250
ICICIBANK_F1,20180509,14:36,307.1,307.3,307.1,307.1,33000
ICICIBANK_F1,20180509,14:37,307.1,307.3,307.1,307.3,30250
ICICIBANK_F1,20180509,14:38,307.3,307.5,307.2,307.5,88000
ICICIBANK_F1,20180509,14:39,307.5,307.5,307.3,307.3,52250
ICICIBANK_F1,20180509,14:40,307.35,307.35,306.9,306.9,143000
ICICIBANK_F1,20180509,14:41,306.7,306.85,306.5,306.65,382250
ICICIBANK_F1,20180509,14:42,306.7,306.95,306.6,306.6,178750
ICICIBANK_F1,20180509,14:43,306.55,306.65,305.8,305.85,627000
ICICIBANK_F1,20180509,14:44,305.9,306.2,305.9,306.15,93500
ICICIBANK_F1,20180509,14:45,306.25,306.6,306.2,306.6,126500
ICICIBANK_F1,20180509,14:46,306.5,306.55,306.4,306.45,41250
ICICIBANK_F1,20180509,14:47,306.5,306.6,306.45,306.45,49500
ICICIBANK_F1,20180509,14:48,306.4,306.4,305.75,305.9,324500
ICICIBANK_F1,20180509,14:49,306,306,305.15,305.65,1251250
ICICIBANK_F1,20180509,14:50,305.55,305.9,305.55,305.7,154000
ICICIBANK_F1,20180509,14:51,305.85,305.9,305.65,305.8,162250
ICICIBANK_F1,20180509,14:52,305.9,305.9,305.7,305.7,123750
ICICIBANK_F1,20180509,14:53,305.7,305.75,305.6,305.6,74250
ICICIBANK_F1,20180509,14:54,305.6,305.75,305.5,305.55,41250
ICICIBANK_F1,20180509,14:55,305.5,305.7,305.5,305.5,110000
ICICIBANK_F1,20180509,14:56,305.6,305.65,305.4,305.6,57750
ICICIBANK_F1,20180509,14:57,305.5,305.6,305.15,305.2,269500
ICICIBANK_F1,20180509,14:58,305.3,305.3,304.9,305,233750
ICICIBANK_F1,20180509,14:59,304.9,305.05,304.9,304.95,134750
ICICIBANK_F1,20180509,15:00,304.9,304.95,304.2,304.85,671000
ICICIBANK_F1,20180509,15:01,304.9,304.9,304.75,304.85,126500
ICICIBANK_F1,20180509,15:02,304.8,305.7,304.8,305.55,242000
ICICIBANK_F1,20180509,15:03,305.45,305.45,305.1,305.2,79750
ICICIBANK_F1,20180509,15:04,305.2,305.2,304.9,305,118250
ICICIBANK_F1,20180509,15:05,305.05,305.15,304.9,305,90750
ICICIBANK_F1,20180509,15:06,304.9,305,304.8,304.8,77000
ICICIBANK_F1,20180509,15:07,304.8,305.15,304.8,305.15,68750
ICICIBANK_F1,20180509,15:08,305.15,305.5,305.15,305.25,104500
ICICIBANK_F1,20180509,15:09,305.25,305.4,305.15,305.25,79750
ICICIBANK_F1,20180509,15:10,305.2,305.25,305.15,305.25,35750
ICICIBANK_F1,20180509,15:11,305.2,305.45,305.1,305.35,82500
ICICIBANK_F1,20180509,15:12,305.45,305.55,305.4,305.4,66000
ICICIBANK_F1,20180509,15:13,305.5,305.95,305.4,305.95,134750
ICICIBANK_F1,20180509,15:14,306,306.4,305.95,306.25,187000
ICICIBANK_F1,20180509,15:15,306.3,306.5,306.25,306.3,115500
ICICIBANK_F1,20180509,15:16,306.3,306.75,306.25,306.7,280500
ICICIBANK_F1,20180509,15:17,306.65,306.65,306.35,306.35,148500
ICICIBANK_F1,20180509,15:18,306.4,306.5,306.25,306.25,88000
ICICIBANK_F1,20180509,15:19,306.25,306.55,306.25,306.5,63250
ICICIBANK_F1,20180509,15:20,306.5,306.5,306.3,306.3,107250
ICICIBANK_F1,20180509,15:21,306.3,306.5,306.25,306.5,129250
ICICIBANK_F1,20180509,15:22,306.55,306.55,306.25,306.45,145750
ICICIBANK_F1,20180509,15:23,306.5,306.75,306.5,306.7,121000
ICICIBANK_F1,20180509,15:24,306.6,306.7,306.5,306.5,99000
ICICIBANK_F1,20180509,15:25,306.3,306.45,306.25,306.25,118250
ICICIBANK_F1,20180509,15:26,306.25,306.3,305.95,306.05,184250
ICICIBANK_F1,20180509,15:27,306,306.2,305.7,305.95,176000
ICICIBANK_F1,20180509,15:28,306,306.2,305.75,306,195250
ICICIBANK_F1,20180509,15:29,306.05,306.15,305.9,306.1,121000
ICICIBANK_F1,20180509,15:30,306,306.2,305.75,306.2,222750
ICICIBANK_F1,20180509,15:31,306.2,306.2,306.2,306.2,2750
ICICIBANK_F1,20180509,16:36,305.95,305.95,305.95,305.95,1
