BHARATFORG_F1,20171113,09:16,707.3,707.3,702.05,702.9,14400
BHARATFORG_F1,20171113,09:17,703.8,705.5,703.8,705,15600
BHARATFORG_F1,20171113,09:18,704.6,706.25,704.5,706.25,12000
BHARATFORG_F1,20171113,09:19,706.05,706.05,705,705,2400
BHARATFORG_F1,20171113,09:20,704.55,704.8,704.3,704.3,3600
BHARATFORG_F1,20171113,09:21,704.45,704.45,703.75,704.4,10800
BHARATFORG_F1,20171113,09:22,704,705.9,704,705,10800
BHARATFORG_F1,20171113,09:23,704.95,706,704.5,706,26400
BHARATFORG_F1,20171113,09:24,706.25,706.25,704.4,704.4,8400
BHARATFORG_F1,20171113,09:25,705.05,705.75,705.05,705.75,3600
BHARATFORG_F1,20171113,09:26,705.8,706.35,705.8,706.2,18000
BHARATFORG_F1,20171113,09:27,706.45,707.9,706.45,707.45,28800
BHARATFORG_F1,20171113,09:28,707.4,708.2,705.75,708.2,30000
BHARATFORG_F1,20171113,09:29,707.8,708.4,707.7,708.4,10800
BHARATFORG_F1,20171113,09:30,708.3,709.25,708.3,708.8,10800
BHARATFORG_F1,20171113,09:31,708.7,709.2,708.2,708.2,8400
BHARATFORG_F1,20171113,09:32,707.5,708.5,707.5,708.4,10800
BHARATFORG_F1,20171113,09:33,708.15,708.55,708,708.35,18000
BHARATFORG_F1,20171113,09:34,708,708,705.55,705.55,16800
BHARATFORG_F1,20171113,09:35,706.3,706.3,705.1,706.25,8400
BHARATFORG_F1,20171113,09:36,706.4,706.4,704.6,705.2,4800
BHARATFORG_F1,20171113,09:37,704.5,705.15,704.05,705.1,12000
BHARATFORG_F1,20171113,09:38,704.25,704.95,704.25,704.8,4800
BHARATFORG_F1,20171113,09:39,705.3,705.5,705.05,705.5,9600
BHARATFORG_F1,20171113,09:40,705.35,705.35,705.3,705.3,3600
BHARATFORG_F1,20171113,09:41,705.5,705.5,705.15,705.15,4800
BHARATFORG_F1,20171113,09:42,705.4,707,705.1,706.6,9600
BHARATFORG_F1,20171113,09:43,706.65,706.65,706.5,706.5,4800
BHARATFORG_F1,20171113,09:44,706,706.05,706,706.05,8400
BHARATFORG_F1,20171113,09:45,707.25,707.9,707.25,707.9,14400
BHARATFORG_F1,20171113,09:46,707.6,707.85,707.6,707.85,3600
BHARATFORG_F1,20171113,09:47,707.85,708.7,707.85,708.5,18000
BHARATFORG_F1,20171113,09:48,708.15,708.15,708,708,2400
BHARATFORG_F1,20171113,09:50,707.65,707.65,706.05,706.05,20400
BHARATFORG_F1,20171113,09:51,707.65,707.65,707.1,707.1,4800
BHARATFORG_F1,20171113,09:52,706.55,706.55,706.55,706.55,1200
BHARATFORG_F1,20171113,09:53,707.2,707.45,707.2,707.45,2400
BHARATFORG_F1,20171113,09:55,707.7,707.7,707.2,707.2,4800
BHARATFORG_F1,20171113,09:56,707,707.55,706.6,707.55,4800
BHARATFORG_F1,20171113,09:57,707,707,707,707,3600
BHARATFORG_F1,20171113,09:58,706.85,706.85,706.85,706.85,1200
BHARATFORG_F1,20171113,09:59,706.25,707.5,706.25,706.6,10800
BHARATFORG_F1,20171113,10:01,707.25,707.25,705.6,705.6,7200
BHARATFORG_F1,20171113,10:02,705.4,705.95,705.4,705.95,3600
BHARATFORG_F1,20171113,10:03,705.4,705.4,705.4,705.4,1200
BHARATFORG_F1,20171113,10:04,705.5,705.5,705.5,705.5,2400
BHARATFORG_F1,20171113,10:05,706.5,706.5,706.5,706.5,3600
BHARATFORG_F1,20171113,10:06,705.85,705.85,705.85,705.85,1200
BHARATFORG_F1,20171113,10:07,705.15,705.95,705.15,705.95,15600
BHARATFORG_F1,20171113,10:08,705.85,705.85,705.85,705.85,1200
BHARATFORG_F1,20171113,10:09,705.5,705.5,705.5,705.5,1200
BHARATFORG_F1,20171113,10:10,705.4,705.8,704,704.1,15600
BHARATFORG_F1,20171113,10:11,704.5,704.6,704.1,704.1,9600
BHARATFORG_F1,20171113,10:12,705,705,705,705,1200
BHARATFORG_F1,20171113,10:13,705,705,703.55,703.55,7200
BHARATFORG_F1,20171113,10:14,703.1,703.6,703.1,703.35,7200
BHARATFORG_F1,20171113,10:15,703.4,704,703.4,704,7200
BHARATFORG_F1,20171113,10:16,703.5,704,702.8,704,12000
BHARATFORG_F1,20171113,10:17,704.5,704.5,704.5,704.5,1200
BHARATFORG_F1,20171113,10:18,703.9,704.15,703.9,704.15,2400
BHARATFORG_F1,20171113,10:19,704.15,705,704.15,704.5,7200
BHARATFORG_F1,20171113,10:20,703.9,703.9,703.9,703.9,2400
BHARATFORG_F1,20171113,10:21,703,703,700.7,701,36000
BHARATFORG_F1,20171113,10:22,700.75,702.6,700.75,702.6,19200
BHARATFORG_F1,20171113,10:23,702.7,702.8,702,702.8,9600
BHARATFORG_F1,20171113,10:24,703,703.45,702.95,703.45,3600
BHARATFORG_F1,20171113,10:25,703.45,703.5,703.15,703.15,3600
BHARATFORG_F1,20171113,10:26,703,703.25,702,702,14400
BHARATFORG_F1,20171113,10:27,701.8,702.3,701.8,701.8,8400
BHARATFORG_F1,20171113,10:28,702,703,702,702.75,18000
BHARATFORG_F1,20171113,10:29,702.2,702.45,701.7,701.8,8400
BHARATFORG_F1,20171113,10:30,701.7,701.7,701.7,701.7,3600
BHARATFORG_F1,20171113,10:31,701.85,701.85,701.3,701.3,7200
BHARATFORG_F1,20171113,10:32,701.75,702.1,701.05,702.1,13200
BHARATFORG_F1,20171113,10:33,702.35,702.35,702.3,702.3,2400
BHARATFORG_F1,20171113,10:34,701.8,701.8,701,701,7200
BHARATFORG_F1,20171113,10:35,701.1,701.55,701.1,701.55,2400
BHARATFORG_F1,20171113,10:36,701.7,701.75,701.7,701.75,2400
BHARATFORG_F1,20171113,10:37,701.65,701.65,701.65,701.65,2400
BHARATFORG_F1,20171113,10:38,701.1,701.5,701,701,8400
BHARATFORG_F1,20171113,10:39,701,701,701,701,1200
BHARATFORG_F1,20171113,10:40,701.15,701.15,701.15,701.15,1200
BHARATFORG_F1,20171113,10:41,701.15,701.15,700,700.35,32400
BHARATFORG_F1,20171113,10:42,700.5,700.75,700.2,700.75,12000
BHARATFORG_F1,20171113,10:43,700.7,700.75,700.15,700.75,9600
BHARATFORG_F1,20171113,10:44,700.2,700.2,700.2,700.2,1200
BHARATFORG_F1,20171113,10:45,700.5,700.5,700.5,700.5,1200
BHARATFORG_F1,20171113,10:46,701.2,701.5,701.05,701.5,7200
BHARATFORG_F1,20171113,10:47,702,702,702,702,7200
BHARATFORG_F1,20171113,10:48,701.55,701.55,701.55,701.55,1200
BHARATFORG_F1,20171113,10:49,701.85,701.85,701.85,701.85,1200
BHARATFORG_F1,20171113,10:51,702,702.4,702,702.4,3600
BHARATFORG_F1,20171113,10:53,702.9,703.15,702.9,703.15,4800
BHARATFORG_F1,20171113,10:54,702.45,702.45,701.5,701.5,4800
BHARATFORG_F1,20171113,10:55,701.85,701.85,701.85,701.85,2400
BHARATFORG_F1,20171113,10:56,702,702,702,702,1200
BHARATFORG_F1,20171113,10:57,702.45,702.9,702.45,702.9,2400
BHARATFORG_F1,20171113,10:58,701.85,701.85,701.85,701.85,1200
BHARATFORG_F1,20171113,11:00,701.7,701.7,701.7,701.7,1200
BHARATFORG_F1,20171113,11:01,701.6,701.6,701.6,701.6,1200
BHARATFORG_F1,20171113,11:02,702.1,703.5,702.1,702.9,7200
BHARATFORG_F1,20171113,11:03,701.95,702.45,701.95,702.45,3600
BHARATFORG_F1,20171113,11:04,702.4,702.45,702.4,702.45,3600
BHARATFORG_F1,20171113,11:06,702.1,702.2,702.1,702.2,2400
BHARATFORG_F1,20171113,11:07,702.5,702.5,702,702,6000
BHARATFORG_F1,20171113,11:08,702.1,702.1,702.1,702.1,1200
BHARATFORG_F1,20171113,11:09,702.15,702.25,702.15,702.25,2400
BHARATFORG_F1,20171113,11:10,702.45,702.45,701.5,701.5,4800
BHARATFORG_F1,20171113,11:11,701.3,701.6,701.3,701.6,2400
BHARATFORG_F1,20171113,11:12,701.95,701.95,700.85,700.85,9600
BHARATFORG_F1,20171113,11:13,701,701,701,701,1200
BHARATFORG_F1,20171113,11:14,701.3,701.3,700.75,700.75,4800
BHARATFORG_F1,20171113,11:15,700.5,700.5,700.1,700.1,8400
BHARATFORG_F1,20171113,11:16,700.1,700.1,697.75,697.75,21600
BHARATFORG_F1,20171113,11:17,697.5,698.45,697.5,698.45,27600
BHARATFORG_F1,20171113,11:18,698.75,698.75,697.5,697.5,12000
BHARATFORG_F1,20171113,11:19,697.5,697.5,696.8,697,13200
BHARATFORG_F1,20171113,11:21,697.55,698,697.55,698,7200
BHARATFORG_F1,20171113,11:22,697.55,698.55,697.55,697.95,10800
BHARATFORG_F1,20171113,11:23,697.6,697.6,697.5,697.5,2400
BHARATFORG_F1,20171113,11:24,697.9,698,697.9,698,3600
BHARATFORG_F1,20171113,11:25,697.9,698,697.9,698,2400
BHARATFORG_F1,20171113,11:26,697.5,697.5,697.05,697.05,6000
BHARATFORG_F1,20171113,11:27,697.05,697.1,697,697,4800
BHARATFORG_F1,20171113,11:28,697.3,697.3,697.3,697.3,2400
BHARATFORG_F1,20171113,11:29,697.4,697.9,697.3,697.3,6000
BHARATFORG_F1,20171113,11:30,697.05,697.05,696.15,696.15,19200
BHARATFORG_F1,20171113,11:31,695,696.5,695,696.3,22800
BHARATFORG_F1,20171113,11:32,696.5,696.5,696.5,696.5,1200
BHARATFORG_F1,20171113,11:33,697,697,695.5,696.5,10800
BHARATFORG_F1,20171113,11:34,696.25,697,696.25,696.7,12000
BHARATFORG_F1,20171113,11:35,696.75,696.75,696.75,696.75,1200
BHARATFORG_F1,20171113,11:36,697,697,696.95,696.95,2400
BHARATFORG_F1,20171113,11:37,696.55,696.55,696.55,696.55,1200
BHARATFORG_F1,20171113,11:38,697.15,697.15,695.95,696.35,18000
BHARATFORG_F1,20171113,11:39,695.6,696.4,695.6,696.4,6000
BHARATFORG_F1,20171113,11:40,696,696.35,696,696.1,3600
BHARATFORG_F1,20171113,11:43,696.5,696.5,696.5,696.5,1200
BHARATFORG_F1,20171113,11:44,696.85,697.25,696.45,696.95,8400
BHARATFORG_F1,20171113,11:46,697,697,697,697,1200
BHARATFORG_F1,20171113,11:47,697.55,700,697.55,700,15600
BHARATFORG_F1,20171113,11:48,700,700,699.5,699.5,3600
BHARATFORG_F1,20171113,11:49,699.4,700,699.4,700,4800
BHARATFORG_F1,20171113,11:50,700.8,700.85,700.5,700.5,6000
BHARATFORG_F1,20171113,11:51,700.35,700.8,700.1,700.1,8400
BHARATFORG_F1,20171113,11:52,700.1,700.1,700,700,9600
BHARATFORG_F1,20171113,11:53,699.1,699.1,699.1,699.1,1200
BHARATFORG_F1,20171113,11:55,699.3,699.3,699.25,699.25,2400
BHARATFORG_F1,20171113,11:56,699.5,699.5,699.5,699.5,1200
BHARATFORG_F1,20171113,11:58,699.75,700.6,699.75,700.6,7200
BHARATFORG_F1,20171113,11:59,700.75,700.75,700.4,700.65,7200
BHARATFORG_F1,20171113,12:00,700.65,700.65,700.65,700.65,1200
BHARATFORG_F1,20171113,12:02,700.3,700.5,700.05,700.05,4800
BHARATFORG_F1,20171113,12:03,700.05,700.05,699.55,700,6000
BHARATFORG_F1,20171113,12:04,700,700.65,700,700.15,4800
BHARATFORG_F1,20171113,12:05,700,700,700,700,3600
BHARATFORG_F1,20171113,12:06,700,701,700,701,8400
BHARATFORG_F1,20171113,12:07,700.95,700.95,700.95,700.95,1200
BHARATFORG_F1,20171113,12:08,700.35,700.35,700.35,700.35,2400
BHARATFORG_F1,20171113,12:09,700.25,700.25,700.25,700.25,1200
BHARATFORG_F1,20171113,12:10,699.95,700.15,699.95,700.15,2400
BHARATFORG_F1,20171113,12:11,700.8,700.8,700.8,700.8,1200
BHARATFORG_F1,20171113,12:12,700.4,700.7,700.35,700.35,4800
BHARATFORG_F1,20171113,12:13,700.1,700.1,698.75,699.45,6000
BHARATFORG_F1,20171113,12:14,699.85,701.35,699.85,701,18000
BHARATFORG_F1,20171113,12:15,700.65,700.75,699.9,700.75,28800
BHARATFORG_F1,20171113,12:16,700.7,701,700.35,700.95,24000
BHARATFORG_F1,20171113,12:17,701,701.1,700.5,701,6000
BHARATFORG_F1,20171113,12:18,700.9,701,700.75,701,6000
BHARATFORG_F1,20171113,12:19,701.45,701.45,701.45,701.45,1200
BHARATFORG_F1,20171113,12:20,701,701,701,701,1200
BHARATFORG_F1,20171113,12:21,700.95,701.35,700.95,701.35,2400
BHARATFORG_F1,20171113,12:22,701.35,701.35,701.35,701.35,6000
BHARATFORG_F1,20171113,12:23,701.4,701.4,701.4,701.4,1200
BHARATFORG_F1,20171113,12:24,701,701,701,701,1200
BHARATFORG_F1,20171113,12:25,700.45,700.45,700.05,700.05,2400
BHARATFORG_F1,20171113,12:26,699.45,699.95,699.35,699.95,3600
BHARATFORG_F1,20171113,12:27,700.15,701.5,700.15,701.25,19200
BHARATFORG_F1,20171113,12:28,701,701.1,699.7,700.45,33600
BHARATFORG_F1,20171113,12:29,700.5,701.85,700.5,701.85,4800
BHARATFORG_F1,20171113,12:30,701.05,701.05,700.4,700.4,15600
BHARATFORG_F1,20171113,12:31,700.75,701.5,700.75,701.5,12000
BHARATFORG_F1,20171113,12:33,701,701,701,701,1200
BHARATFORG_F1,20171113,12:35,701.35,701.7,701.35,701.4,6000
BHARATFORG_F1,20171113,12:37,701.8,701.8,701.8,701.8,1200
BHARATFORG_F1,20171113,12:38,701.8,701.8,701.8,701.8,2400
BHARATFORG_F1,20171113,12:39,701.4,701.4,701.35,701.35,3600
BHARATFORG_F1,20171113,12:40,701.3,701.6,701.3,701.6,2400
BHARATFORG_F1,20171113,12:41,701.6,701.6,701.45,701.45,3600
BHARATFORG_F1,20171113,12:42,701.5,701.5,701.3,701.3,7200
BHARATFORG_F1,20171113,12:43,701.55,701.55,701.55,701.55,1200
BHARATFORG_F1,20171113,12:44,700.85,700.85,700.85,700.85,1200
BHARATFORG_F1,20171113,12:45,700.85,700.85,700.85,700.85,1200
BHARATFORG_F1,20171113,12:46,701.55,701.55,701.5,701.5,31200
BHARATFORG_F1,20171113,12:48,700.85,701.1,700.85,701.1,2400
BHARATFORG_F1,20171113,12:49,700.15,700.15,700.15,700.15,1200
BHARATFORG_F1,20171113,12:50,700.05,700.05,699.85,700,3600
BHARATFORG_F1,20171113,12:51,700.3,701.05,700.3,701.05,3600
BHARATFORG_F1,20171113,12:57,700.55,700.55,700.1,700.1,3600
BHARATFORG_F1,20171113,12:58,700.1,700.1,700.1,700.1,6000
BHARATFORG_F1,20171113,12:59,700.1,700.1,700.1,700.1,12000
BHARATFORG_F1,20171113,13:00,700.5,700.5,700.5,700.5,1200
BHARATFORG_F1,20171113,13:01,700.5,700.5,700.5,700.5,1200
BHARATFORG_F1,20171113,13:03,700.5,700.5,700.5,700.5,1200
BHARATFORG_F1,20171113,13:04,700.4,700.4,700.4,700.4,1200
BHARATFORG_F1,20171113,13:06,699.85,699.85,699.85,699.85,2400
BHARATFORG_F1,20171113,13:07,699.5,699.5,699.5,699.5,1200
BHARATFORG_F1,20171113,13:09,699.5,699.5,699.5,699.5,2400
BHARATFORG_F1,20171113,13:10,699.3,699.3,699.3,699.3,1200
BHARATFORG_F1,20171113,13:11,699.45,699.45,699.45,699.45,2400
BHARATFORG_F1,20171113,13:13,698.75,698.85,698.15,698.85,3600
BHARATFORG_F1,20171113,13:14,699,699,699,699,1200
BHARATFORG_F1,20171113,13:15,699.55,699.85,699.4,699.5,4800
BHARATFORG_F1,20171113,13:16,699,699,699,699,2400
BHARATFORG_F1,20171113,13:17,699,699.35,698.45,698.45,4800
BHARATFORG_F1,20171113,13:18,698.9,698.9,698.4,698.4,3600
BHARATFORG_F1,20171113,13:19,698,698.45,698,698.45,2400
BHARATFORG_F1,20171113,13:21,698,698.55,698,698.55,2400
BHARATFORG_F1,20171113,13:22,698.4,699,698.4,699,8400
BHARATFORG_F1,20171113,13:23,699,699,699,699,3600
BHARATFORG_F1,20171113,13:24,699,699,699,699,1200
BHARATFORG_F1,20171113,13:25,699.25,699.25,699.1,699.1,3600
BHARATFORG_F1,20171113,13:26,699.1,699.1,699.1,699.1,1200
BHARATFORG_F1,20171113,13:27,699.1,699.1,699.1,699.1,1200
BHARATFORG_F1,20171113,13:28,699.2,699.2,699.2,699.2,1200
BHARATFORG_F1,20171113,13:29,699.15,699.15,699.15,699.15,1200
BHARATFORG_F1,20171113,13:30,699,699,699,699,1200
BHARATFORG_F1,20171113,13:31,698.8,698.8,698.8,698.8,1200
BHARATFORG_F1,20171113,13:32,698.8,698.8,698.8,698.8,2400
BHARATFORG_F1,20171113,13:34,698.4,699.35,698.4,699.35,6000
BHARATFORG_F1,20171113,13:36,699.05,699.05,699.05,699.05,1200
BHARATFORG_F1,20171113,13:37,699.2,699.2,699.2,699.2,1200
BHARATFORG_F1,20171113,13:38,698.8,698.8,698.8,698.8,1200
BHARATFORG_F1,20171113,13:39,699.25,699.25,698.9,698.9,3600
BHARATFORG_F1,20171113,13:41,699,699.15,698.4,698.4,9600
BHARATFORG_F1,20171113,13:44,699.3,699.5,699,699,4800
BHARATFORG_F1,20171113,13:45,699,699,699,699,1200
BHARATFORG_F1,20171113,13:46,699.55,700.05,699,699,7200
BHARATFORG_F1,20171113,13:47,699.45,699.45,699,699,2400
BHARATFORG_F1,20171113,13:49,698.05,698.05,698,698,4800
BHARATFORG_F1,20171113,13:51,697.9,697.9,697.15,697.7,9600
BHARATFORG_F1,20171113,13:52,697.9,697.9,697.5,697.5,2400
BHARATFORG_F1,20171113,13:53,698.3,698.95,698.3,698.95,2400
BHARATFORG_F1,20171113,13:54,699.25,699.55,698.15,698.15,6000
BHARATFORG_F1,20171113,13:56,698.45,698.45,698.35,698.35,2400
BHARATFORG_F1,20171113,14:00,698.05,698.05,698.05,698.05,1200
BHARATFORG_F1,20171113,14:01,697.95,698,696.8,696.8,7200
BHARATFORG_F1,20171113,14:02,697.05,697.05,697.05,697.05,1200
BHARATFORG_F1,20171113,14:03,697.05,697.05,697.05,697.05,1200
BHARATFORG_F1,20171113,14:04,696.5,696.5,696.5,696.5,13200
BHARATFORG_F1,20171113,14:05,696,696,696,696,6000
BHARATFORG_F1,20171113,14:06,696,696,695.8,695.8,2400
BHARATFORG_F1,20171113,14:07,695.6,695.6,695.6,695.6,1200
BHARATFORG_F1,20171113,14:08,696.2,696.2,696,696,6000
BHARATFORG_F1,20171113,14:09,694.95,695.5,694.95,695.5,27600
BHARATFORG_F1,20171113,14:10,695.25,695.25,695.25,695.25,1200
BHARATFORG_F1,20171113,14:11,695,695.55,694.85,695,8400
BHARATFORG_F1,20171113,14:12,695,695.4,695,695.05,13200
BHARATFORG_F1,20171113,14:13,695.25,696,695.25,696,4800
BHARATFORG_F1,20171113,14:14,696,696,695.95,695.95,2400
BHARATFORG_F1,20171113,14:15,695.35,695.5,695.35,695.5,2400
BHARATFORG_F1,20171113,14:16,695,695,694.8,694.8,3600
BHARATFORG_F1,20171113,14:17,696,696,695.85,695.85,2400
BHARATFORG_F1,20171113,14:18,695,695.5,695,695,6000
BHARATFORG_F1,20171113,14:19,695,695,695,695,3600
BHARATFORG_F1,20171113,14:20,694,694.45,693.95,693.95,14400
BHARATFORG_F1,20171113,14:21,693.85,693.85,693,693.75,13200
BHARATFORG_F1,20171113,14:22,694,694,693.5,693.5,7200
BHARATFORG_F1,20171113,14:23,693.25,694,693.25,694,4800
BHARATFORG_F1,20171113,14:25,693.6,693.6,693.15,693.4,9600
BHARATFORG_F1,20171113,14:26,693,693,693,693,3600
BHARATFORG_F1,20171113,14:27,693.55,693.55,692.35,692.4,8400
BHARATFORG_F1,20171113,14:28,692.85,693.25,692.25,692.25,8400
BHARATFORG_F1,20171113,14:29,692.1,692.1,691.55,692.05,14400
BHARATFORG_F1,20171113,14:30,692,692,691.45,691.45,4800
BHARATFORG_F1,20171113,14:31,691.95,692.45,691.65,692.35,8400
BHARATFORG_F1,20171113,14:32,692,692.5,691.95,692.5,12000
BHARATFORG_F1,20171113,14:33,692,692.15,692,692.15,2400
BHARATFORG_F1,20171113,14:34,691.6,691.95,691.5,691.95,6000
BHARATFORG_F1,20171113,14:35,692,692,691.6,691.95,12000
BHARATFORG_F1,20171113,14:36,691.9,692,691.9,692,3600
BHARATFORG_F1,20171113,14:37,691.9,691.9,691.9,691.9,2400
BHARATFORG_F1,20171113,14:38,691.7,691.7,691.7,691.7,1200
BHARATFORG_F1,20171113,14:39,691.85,692.15,691.85,692.15,10800
BHARATFORG_F1,20171113,14:40,692.5,693.4,692.5,693.4,8400
BHARATFORG_F1,20171113,14:41,693.5,693.6,693,693,7200
BHARATFORG_F1,20171113,14:42,693.55,694,693.55,693.95,14400
BHARATFORG_F1,20171113,14:43,694.2,694.2,692.55,692.55,7200
BHARATFORG_F1,20171113,14:44,693.3,694,692.9,693.8,10800
BHARATFORG_F1,20171113,14:45,693.85,693.85,692,692.75,38400
BHARATFORG_F1,20171113,14:46,693,693,692.95,693,6000
BHARATFORG_F1,20171113,14:47,693,693,693,693,2400
BHARATFORG_F1,20171113,14:48,693.25,693.25,693,693,7200
BHARATFORG_F1,20171113,14:49,693.5,694,693.5,694,9600
BHARATFORG_F1,20171113,14:50,693.75,694,693.5,693.5,7200
BHARATFORG_F1,20171113,14:51,692.85,694.1,692.85,694.1,12000
BHARATFORG_F1,20171113,14:52,694.5,695.5,694.5,695.5,30000
BHARATFORG_F1,20171113,14:53,695.4,695.4,694,694.25,12000
BHARATFORG_F1,20171113,14:54,694.7,694.7,694,694.5,12000
BHARATFORG_F1,20171113,14:55,694.9,694.9,693.75,694.45,15600
BHARATFORG_F1,20171113,14:56,694.55,694.55,692.85,693.3,39600
BHARATFORG_F1,20171113,14:57,693.5,693.95,693.3,693.3,9600
BHARATFORG_F1,20171113,14:58,693.85,693.95,693.3,693.3,7200
BHARATFORG_F1,20171113,14:59,693.4,693.4,692.1,692.75,13200
BHARATFORG_F1,20171113,15:00,693.35,693.35,691.9,692,19200
BHARATFORG_F1,20171113,15:01,692.5,692.5,691.2,691.2,12000
BHARATFORG_F1,20171113,15:02,691.1,691.7,691,691,13200
BHARATFORG_F1,20171113,15:03,691,691,689.45,690,66000
BHARATFORG_F1,20171113,15:04,690.7,690.7,689.2,690,22800
BHARATFORG_F1,20171113,15:05,690.45,690.7,689.3,689.3,12000
BHARATFORG_F1,20171113,15:06,689.95,689.95,689.2,689.2,10800
BHARATFORG_F1,20171113,15:07,689.75,689.75,688.25,688.25,19200
BHARATFORG_F1,20171113,15:08,688.8,689.2,688.15,689,18000
BHARATFORG_F1,20171113,15:09,689.85,689.85,688.65,689,31200
BHARATFORG_F1,20171113,15:10,689.75,691.45,689.1,690,40800
BHARATFORG_F1,20171113,15:11,690,692,690,691.5,46800
BHARATFORG_F1,20171113,15:12,692,692.45,691.55,692.45,13200
BHARATFORG_F1,20171113,15:13,692.7,695,692.6,693.85,63600
BHARATFORG_F1,20171113,15:14,694.2,694.55,693.85,693.85,15600
BHARATFORG_F1,20171113,15:15,694,694,692.75,693.8,24000
BHARATFORG_F1,20171113,15:16,693.85,694.3,692.95,692.95,16800
BHARATFORG_F1,20171113,15:17,693.25,693.25,691,691,15600
BHARATFORG_F1,20171113,15:18,690.95,693.25,690.95,693.25,30000
BHARATFORG_F1,20171113,15:19,693.15,693.6,693,693.15,9600
BHARATFORG_F1,20171113,15:20,692.75,694.45,691.9,693.75,34800
BHARATFORG_F1,20171113,15:21,694.25,694.4,693.2,694.3,14400
BHARATFORG_F1,20171113,15:22,694,694,693.1,693.15,13200
BHARATFORG_F1,20171113,15:23,692.6,692.6,690.2,692.2,40800
BHARATFORG_F1,20171113,15:24,691.55,692.65,690.75,692.65,13200
BHARATFORG_F1,20171113,15:25,692.85,693.4,692.4,692.55,15600
BHARATFORG_F1,20171113,15:26,693,693,692,692,7200
BHARATFORG_F1,20171113,15:27,692.2,692.2,691.8,691.8,4800
BHARATFORG_F1,20171113,15:28,691.85,691.85,691.75,691.85,7200
BHARATFORG_F1,20171113,15:29,691.5,691.8,691.5,691.75,8400
BHARATFORG_F1,20171113,15:30,691.6,693.6,691.5,693.6,14400
BHARATFORG_F1,20171113,15:31,693.3,693.3,693.3,693.3,1200
BHARATFORG_F1,20171113,16:36,691.6,691.6,691.6,691.6,1
