BRITANNIA_F1,20221014,09:16,3771.95,3795.80,3771.95,3795.80,5600,1480200
BRITANNIA_F1,20221014,09:17,3785.70,3790.70,3785.70,3790.70,5400,1480200
BRITANNIA_F1,20221014,09:18,3796.90,3796.90,3788.00,3794.90,4800,1479400
BRITANNIA_F1,20221014,09:19,3794.65,3794.65,3790.05,3790.05,2200,1479400
BRITANNIA_F1,20221014,09:20,3795.00,3795.00,3792.00,3792.00,2800,1479400
BRITANNIA_F1,20221014,09:21,3792.70,3796.65,3791.30,3795.00,3200,1480800
BRITANNIA_F1,20221014,09:22,3795.15,3795.15,3793.05,3793.05,1200,1480800
BRITANNIA_F1,20221014,09:23,3789.80,3790.40,3787.00,3790.25,4600,1480800
BRITANNIA_F1,20221014,09:25,3796.95,3796.95,3788.60,3788.60,3200,1476600
BRITANNIA_F1,20221014,09:26,3788.60,3792.65,3788.60,3792.65,600,1476600
BRITANNIA_F1,20221014,09:27,3788.00,3788.00,3785.55,3788.00,800,1476400
BRITANNIA_F1,20221014,09:28,3789.35,3795.10,3789.35,3793.50,2800,1476400
BRITANNIA_F1,20221014,09:30,3794.35,3794.35,3793.00,3793.00,1000,1476400
BRITANNIA_F1,20221014,09:31,3794.05,3794.05,3793.40,3793.40,1600,1476400
BRITANNIA_F1,20221014,09:32,3792.50,3792.50,3790.60,3792.00,3000,1476400
BRITANNIA_F1,20221014,09:33,3791.70,3791.70,3789.00,3789.00,400,1476400
BRITANNIA_F1,20221014,09:35,3786.00,3786.00,3785.00,3785.85,1200,1478600
BRITANNIA_F1,20221014,09:36,3784.10,3785.65,3780.00,3782.25,2800,1480400
BRITANNIA_F1,20221014,09:38,3781.20,3781.85,3781.20,3781.85,400,1480400
BRITANNIA_F1,20221014,09:39,3780.00,3780.00,3780.00,3780.00,600,1480400
BRITANNIA_F1,20221014,09:41,3773.55,3779.80,3773.55,3775.70,600,1479600
BRITANNIA_F1,20221014,09:42,3777.55,3777.55,3777.55,3777.55,200,1479600
BRITANNIA_F1,20221014,09:44,3776.95,3776.95,3776.40,3776.40,800,1478400
BRITANNIA_F1,20221014,09:45,3779.10,3779.10,3777.70,3777.70,3600,1479200
BRITANNIA_F1,20221014,09:46,3776.55,3783.45,3776.55,3783.45,1600,1479200
BRITANNIA_F1,20221014,09:47,3786.20,3787.40,3786.20,3787.15,600,1479200
BRITANNIA_F1,20221014,09:48,3785.30,3786.00,3785.30,3786.00,400,1479600
BRITANNIA_F1,20221014,09:49,3783.50,3784.00,3781.15,3781.15,1000,1479600
BRITANNIA_F1,20221014,09:50,3778.85,3778.85,3778.85,3778.85,200,1479600
BRITANNIA_F1,20221014,09:51,3780.00,3780.25,3780.00,3780.25,400,1479800
BRITANNIA_F1,20221014,09:55,3778.15,3778.15,3777.75,3777.75,800,1478400
BRITANNIA_F1,20221014,09:56,3778.05,3783.10,3778.05,3783.10,1600,1478400
BRITANNIA_F1,20221014,09:58,3779.25,3779.25,3779.00,3779.00,600,1479000
BRITANNIA_F1,20221014,09:59,3779.00,3779.00,3778.60,3778.95,1000,1479000
BRITANNIA_F1,20221014,10:00,3782.25,3782.25,3780.25,3780.25,600,1479000
BRITANNIA_F1,20221014,10:02,3780.20,3780.80,3780.20,3780.80,800,1479000
BRITANNIA_F1,20221014,10:05,3778.70,3782.40,3778.70,3782.40,400,1479000
BRITANNIA_F1,20221014,10:06,3778.80,3778.80,3776.10,3776.10,1000,1479200
BRITANNIA_F1,20221014,10:07,3776.05,3776.05,3774.15,3774.15,600,1479200
BRITANNIA_F1,20221014,10:08,3774.60,3775.95,3774.60,3775.95,600,1479200
BRITANNIA_F1,20221014,10:09,3775.50,3775.50,3773.95,3773.95,1000,1479400
BRITANNIA_F1,20221014,10:10,3773.55,3773.55,3773.00,3773.05,1400,1479400
BRITANNIA_F1,20221014,10:11,3773.80,3775.50,3773.80,3775.50,1200,1479400
BRITANNIA_F1,20221014,10:12,3776.00,3776.00,3774.00,3774.00,1000,1480200
BRITANNIA_F1,20221014,10:13,3774.00,3774.00,3774.00,3774.00,400,1480200
BRITANNIA_F1,20221014,10:14,3773.25,3773.30,3773.25,3773.30,600,1480200
BRITANNIA_F1,20221014,10:15,3772.25,3772.25,3772.25,3772.25,200,1480200
BRITANNIA_F1,20221014,10:16,3774.80,3774.80,3774.80,3774.80,200,1478000
BRITANNIA_F1,20221014,10:17,3774.75,3774.75,3773.25,3773.25,400,1478000
BRITANNIA_F1,20221014,10:18,3775.00,3776.55,3775.00,3776.55,600,1478000
BRITANNIA_F1,20221014,10:19,3775.40,3775.40,3775.40,3775.40,600,1477000
BRITANNIA_F1,20221014,10:20,3773.85,3775.05,3773.45,3775.05,1200,1477000
BRITANNIA_F1,20221014,10:21,3772.20,3772.20,3771.05,3771.55,1200,1477000
BRITANNIA_F1,20221014,10:22,3771.45,3774.70,3771.45,3774.70,1800,1477200
BRITANNIA_F1,20221014,10:23,3776.35,3776.35,3776.35,3776.35,400,1477200
BRITANNIA_F1,20221014,10:24,3776.40,3776.45,3776.40,3776.45,600,1477400
BRITANNIA_F1,20221014,10:26,3777.05,3778.25,3777.05,3778.25,600,1477400
BRITANNIA_F1,20221014,10:27,3777.45,3777.45,3776.00,3776.00,800,1477600
BRITANNIA_F1,20221014,10:29,3776.90,3777.95,3776.90,3777.05,1000,1477600
BRITANNIA_F1,20221014,10:30,3777.75,3777.75,3776.15,3776.15,800,1477600
BRITANNIA_F1,20221014,10:32,3777.60,3777.60,3777.60,3777.60,200,1477400
BRITANNIA_F1,20221014,10:34,3777.45,3777.45,3777.00,3777.00,1000,1477000
BRITANNIA_F1,20221014,10:35,3777.45,3777.50,3777.45,3777.50,400,1477000
BRITANNIA_F1,20221014,10:36,3776.75,3776.75,3776.75,3776.75,600,1477400
BRITANNIA_F1,20221014,10:38,3776.45,3776.45,3776.45,3776.45,200,1477400
BRITANNIA_F1,20221014,10:39,3774.90,3774.90,3774.90,3774.90,200,1477400
BRITANNIA_F1,20221014,10:40,3774.90,3774.90,3774.90,3774.90,200,1476800
BRITANNIA_F1,20221014,10:41,3776.30,3776.30,3776.30,3776.30,200,1476800
BRITANNIA_F1,20221014,10:44,3776.00,3780.35,3776.00,3779.90,3800,1476600
BRITANNIA_F1,20221014,10:45,3778.60,3778.95,3777.25,3777.25,800,1477200
BRITANNIA_F1,20221014,10:47,3778.85,3779.30,3778.85,3779.30,1000,1477200
BRITANNIA_F1,20221014,10:48,3779.30,3779.80,3778.45,3779.40,1800,1477200
BRITANNIA_F1,20221014,10:49,3780.45,3780.45,3780.45,3780.45,200,1478800
BRITANNIA_F1,20221014,10:50,3783.95,3785.65,3783.95,3785.65,800,1478800
BRITANNIA_F1,20221014,10:51,3785.75,3785.75,3785.75,3785.75,200,1479400
BRITANNIA_F1,20221014,10:52,3783.60,3783.60,3783.60,3783.60,200,1479400
BRITANNIA_F1,20221014,10:53,3783.00,3784.00,3783.00,3784.00,1000,1479400
BRITANNIA_F1,20221014,10:54,3783.10,3784.40,3781.60,3781.60,800,1479000
BRITANNIA_F1,20221014,10:56,3781.80,3781.80,3780.75,3780.75,600,1479000
BRITANNIA_F1,20221014,10:57,3779.90,3779.90,3779.65,3779.65,400,1479200
BRITANNIA_F1,20221014,10:58,3785.25,3785.25,3785.25,3785.25,3200,1479200
BRITANNIA_F1,20221014,10:59,3786.60,3786.60,3786.60,3786.60,400,1479200
BRITANNIA_F1,20221014,11:02,3788.55,3789.35,3786.15,3786.15,2600,1479800
BRITANNIA_F1,20221014,11:03,3784.50,3784.50,3781.95,3781.95,600,1478800
BRITANNIA_F1,20221014,11:04,3781.25,3781.25,3781.25,3781.25,200,1478800
BRITANNIA_F1,20221014,11:06,3784.70,3784.70,3784.70,3784.70,200,1479000
BRITANNIA_F1,20221014,11:10,3784.10,3784.10,3784.10,3784.10,200,1479000
BRITANNIA_F1,20221014,11:11,3784.95,3784.95,3782.00,3782.00,1200,1479000
BRITANNIA_F1,20221014,11:12,3783.00,3783.00,3781.95,3781.95,400,1479000
BRITANNIA_F1,20221014,11:15,3781.20,3782.70,3781.20,3782.70,1200,1480600
BRITANNIA_F1,20221014,11:16,3780.95,3780.95,3780.15,3780.15,1200,1480600
BRITANNIA_F1,20221014,11:17,3779.30,3779.30,3779.30,3779.30,200,1480600
BRITANNIA_F1,20221014,11:21,3783.10,3783.10,3783.10,3783.10,600,1480200
BRITANNIA_F1,20221014,11:22,3782.55,3782.55,3782.55,3782.55,600,1480200
BRITANNIA_F1,20221014,11:24,3783.85,3783.85,3783.85,3783.85,200,1480200
BRITANNIA_F1,20221014,11:26,3784.10,3784.10,3784.10,3784.10,200,1480200
BRITANNIA_F1,20221014,11:27,3784.00,3784.00,3784.00,3784.00,600,1480200
BRITANNIA_F1,20221014,11:29,3783.75,3785.10,3783.75,3785.10,1600,1481000
BRITANNIA_F1,20221014,11:30,3787.55,3787.55,3787.10,3787.10,800,1480200
BRITANNIA_F1,20221014,11:31,3786.65,3786.65,3785.50,3785.50,600,1480200
BRITANNIA_F1,20221014,11:32,3785.85,3785.85,3785.85,3785.85,400,1480200
BRITANNIA_F1,20221014,11:33,3785.85,3785.85,3785.85,3785.85,400,1481000
BRITANNIA_F1,20221014,11:34,3785.35,3785.35,3785.35,3785.35,200,1481000
BRITANNIA_F1,20221014,11:35,3784.55,3784.55,3784.55,3784.55,200,1481000
BRITANNIA_F1,20221014,11:36,3781.95,3783.25,3781.95,3783.25,1400,1481200
BRITANNIA_F1,20221014,11:38,3784.55,3784.55,3784.55,3784.55,200,1481200
BRITANNIA_F1,20221014,11:41,3784.55,3784.55,3784.55,3784.55,200,1480800
BRITANNIA_F1,20221014,11:42,3785.30,3785.30,3785.30,3785.30,200,1480800
BRITANNIA_F1,20221014,11:43,3785.55,3787.00,3785.55,3787.00,1000,1480800
BRITANNIA_F1,20221014,11:46,3786.95,3786.95,3786.95,3786.95,400,1481200
BRITANNIA_F1,20221014,11:48,3788.10,3788.20,3787.80,3787.80,800,1481200
BRITANNIA_F1,20221014,11:49,3789.50,3789.75,3788.80,3789.75,1000,1481200
BRITANNIA_F1,20221014,11:51,3795.40,3795.40,3790.55,3790.55,10200,1481200
BRITANNIA_F1,20221014,11:52,3790.05,3790.05,3789.05,3789.35,3000,1480400
BRITANNIA_F1,20221014,11:55,3787.35,3787.35,3786.45,3786.45,600,1482400
BRITANNIA_F1,20221014,12:00,3785.75,3785.75,3785.75,3785.75,200,1481800
BRITANNIA_F1,20221014,12:02,3785.80,3785.80,3784.65,3784.65,1200,1478800
BRITANNIA_F1,20221014,12:03,3784.65,3786.15,3784.65,3786.15,400,1479400
BRITANNIA_F1,20221014,12:05,3786.70,3786.70,3786.70,3786.70,1000,1479400
BRITANNIA_F1,20221014,12:06,3788.75,3788.75,3788.75,3788.75,800,1479400
BRITANNIA_F1,20221014,12:08,3791.80,3793.35,3791.80,3793.35,2400,1479200
BRITANNIA_F1,20221014,12:10,3792.65,3792.65,3792.65,3792.65,600,1478800
BRITANNIA_F1,20221014,12:11,3791.75,3791.75,3791.75,3791.75,200,1478800
BRITANNIA_F1,20221014,12:12,3791.75,3791.75,3791.75,3791.75,800,1478800
BRITANNIA_F1,20221014,12:13,3792.20,3792.20,3792.20,3792.20,600,1479000
BRITANNIA_F1,20221014,12:14,3794.80,3794.80,3793.15,3793.15,600,1479000
BRITANNIA_F1,20221014,12:15,3793.50,3794.50,3793.50,3794.50,600,1477000
BRITANNIA_F1,20221014,12:16,3794.00,3794.00,3794.00,3794.00,800,1477000
BRITANNIA_F1,20221014,12:18,3793.00,3793.00,3793.00,3793.00,800,1477000
BRITANNIA_F1,20221014,12:20,3794.30,3794.30,3794.30,3794.30,200,1477600
BRITANNIA_F1,20221014,12:21,3792.00,3792.00,3792.00,3792.00,400,1477600
BRITANNIA_F1,20221014,12:22,3791.65,3791.65,3791.65,3791.65,600,1477000
BRITANNIA_F1,20221014,12:24,3791.65,3791.65,3790.10,3790.10,1000,1477000
BRITANNIA_F1,20221014,12:25,3789.95,3789.95,3788.25,3788.25,1400,1477200
BRITANNIA_F1,20221014,12:26,3789.60,3791.15,3789.60,3791.15,800,1477200
BRITANNIA_F1,20221014,12:28,3791.00,3791.00,3791.00,3791.00,200,1476800
BRITANNIA_F1,20221014,12:29,3792.00,3792.00,3791.90,3791.90,1200,1476800
BRITANNIA_F1,20221014,12:30,3792.95,3793.45,3792.95,3793.45,800,1476800
BRITANNIA_F1,20221014,12:33,3792.65,3792.65,3791.80,3791.80,600,1476200
BRITANNIA_F1,20221014,12:35,3791.80,3791.80,3790.30,3790.30,800,1476000
BRITANNIA_F1,20221014,12:36,3790.55,3790.55,3790.55,3790.55,200,1476000
BRITANNIA_F1,20221014,12:38,3790.55,3790.90,3790.55,3790.90,1200,1476600
BRITANNIA_F1,20221014,12:39,3790.65,3790.65,3790.50,3790.65,1600,1476600
BRITANNIA_F1,20221014,12:40,3787.15,3787.15,3787.15,3787.15,1000,1476600
BRITANNIA_F1,20221014,12:41,3786.40,3786.40,3786.40,3786.40,200,1476600
BRITANNIA_F1,20221014,12:42,3786.45,3786.45,3785.65,3785.65,800,1476600
BRITANNIA_F1,20221014,12:43,3784.55,3784.55,3784.55,3784.55,200,1476200
BRITANNIA_F1,20221014,12:44,3785.80,3787.85,3785.80,3787.55,1000,1476200
BRITANNIA_F1,20221014,12:45,3786.45,3786.50,3786.45,3786.50,600,1476200
BRITANNIA_F1,20221014,12:46,3787.10,3787.10,3786.70,3786.70,400,1475800
BRITANNIA_F1,20221014,12:47,3787.65,3787.65,3787.45,3787.45,600,1475800
BRITANNIA_F1,20221014,12:48,3789.45,3789.50,3789.00,3789.50,800,1475400
BRITANNIA_F1,20221014,12:50,3789.00,3789.00,3789.00,3789.00,400,1475400
BRITANNIA_F1,20221014,12:51,3788.25,3788.25,3788.25,3788.25,400,1475400
BRITANNIA_F1,20221014,12:52,3788.25,3788.25,3785.35,3785.35,1000,1475600
BRITANNIA_F1,20221014,12:53,3785.40,3785.40,3785.40,3785.40,200,1475600
BRITANNIA_F1,20221014,12:54,3784.80,3784.80,3784.80,3784.80,400,1475600
BRITANNIA_F1,20221014,12:56,3784.40,3785.25,3784.40,3785.25,1000,1474800
BRITANNIA_F1,20221014,12:57,3787.15,3787.15,3787.00,3787.00,600,1474800
BRITANNIA_F1,20221014,12:59,3788.00,3788.00,3788.00,3788.00,200,1474600
BRITANNIA_F1,20221014,13:00,3788.85,3788.85,3788.85,3788.85,600,1474600
BRITANNIA_F1,20221014,13:01,3788.05,3788.05,3788.05,3788.05,800,1474400
BRITANNIA_F1,20221014,13:02,3787.65,3788.70,3787.65,3788.70,600,1474400
BRITANNIA_F1,20221014,13:03,3789.35,3790.00,3789.35,3790.00,400,1474400
BRITANNIA_F1,20221014,13:04,3790.55,3790.55,3790.55,3790.55,400,1474400
BRITANNIA_F1,20221014,13:07,3789.55,3789.55,3789.55,3789.55,1400,1474600
BRITANNIA_F1,20221014,13:08,3788.20,3788.20,3788.20,3788.20,200,1474600
BRITANNIA_F1,20221014,13:11,3787.20,3787.20,3787.20,3787.20,400,1474400
BRITANNIA_F1,20221014,13:12,3787.40,3787.40,3786.70,3786.70,600,1474400
BRITANNIA_F1,20221014,13:13,3786.75,3786.75,3786.75,3786.75,1000,1473800
BRITANNIA_F1,20221014,13:16,3785.85,3785.85,3785.85,3785.85,1200,1474400
BRITANNIA_F1,20221014,13:17,3785.25,3785.25,3781.15,3781.45,800,1474400
BRITANNIA_F1,20221014,13:18,3780.15,3780.15,3778.95,3779.00,1000,1474400
BRITANNIA_F1,20221014,13:19,3779.00,3779.85,3779.00,3779.85,600,1474800
BRITANNIA_F1,20221014,13:20,3780.30,3780.30,3778.85,3778.85,600,1474800
BRITANNIA_F1,20221014,13:21,3779.25,3779.25,3778.25,3778.25,800,1474800
BRITANNIA_F1,20221014,13:22,3778.00,3778.00,3777.15,3777.15,600,1475200
BRITANNIA_F1,20221014,13:23,3777.60,3777.60,3777.60,3777.60,200,1475200
BRITANNIA_F1,20221014,13:24,3779.15,3779.15,3779.15,3779.15,600,1475200
BRITANNIA_F1,20221014,13:27,3781.15,3781.15,3781.15,3781.15,200,1475200
BRITANNIA_F1,20221014,13:29,3781.20,3781.20,3781.20,3781.20,200,1473400
BRITANNIA_F1,20221014,13:30,3780.45,3780.45,3780.45,3780.45,400,1473400
BRITANNIA_F1,20221014,13:31,3780.50,3780.50,3780.50,3780.50,800,1473800
BRITANNIA_F1,20221014,13:32,3780.00,3780.00,3778.55,3778.55,1400,1473800
BRITANNIA_F1,20221014,13:33,3776.75,3776.75,3776.75,3776.75,400,1473800
BRITANNIA_F1,20221014,13:35,3776.00,3776.85,3776.00,3776.85,1600,1474400
BRITANNIA_F1,20221014,13:37,3777.35,3777.35,3777.35,3777.35,800,1474200
BRITANNIA_F1,20221014,13:38,3775.35,3775.35,3775.00,3775.00,600,1474200
BRITANNIA_F1,20221014,13:39,3772.60,3772.60,3768.00,3772.15,2000,1474200
BRITANNIA_F1,20221014,13:40,3775.45,3775.45,3773.70,3773.70,1400,1474200
BRITANNIA_F1,20221014,13:41,3774.00,3774.00,3774.00,3774.00,400,1474200
BRITANNIA_F1,20221014,13:44,3771.05,3771.05,3771.05,3771.05,600,1474200
BRITANNIA_F1,20221014,13:46,3769.70,3769.70,3765.90,3765.90,600,1474600
BRITANNIA_F1,20221014,13:47,3765.80,3765.85,3762.30,3762.90,2200,1474600
BRITANNIA_F1,20221014,13:48,3765.30,3765.55,3765.30,3765.55,1000,1474600
BRITANNIA_F1,20221014,13:50,3763.65,3763.65,3763.65,3763.65,200,1476200
BRITANNIA_F1,20221014,13:51,3763.65,3764.00,3763.65,3764.00,400,1476200
BRITANNIA_F1,20221014,13:52,3765.15,3765.15,3765.15,3765.15,200,1476000
BRITANNIA_F1,20221014,13:53,3765.00,3765.00,3762.30,3762.30,1200,1476000
BRITANNIA_F1,20221014,13:54,3762.10,3762.10,3762.10,3762.10,400,1476000
BRITANNIA_F1,20221014,13:55,3761.00,3761.00,3761.00,3761.00,400,1477000
BRITANNIA_F1,20221014,13:56,3763.20,3763.20,3763.20,3763.20,800,1477000
BRITANNIA_F1,20221014,13:57,3763.60,3763.60,3763.60,3763.60,400,1477000
BRITANNIA_F1,20221014,13:58,3764.45,3768.55,3764.45,3766.90,1000,1476800
BRITANNIA_F1,20221014,14:00,3766.00,3766.95,3766.00,3766.95,800,1476800
BRITANNIA_F1,20221014,14:01,3763.50,3763.50,3762.30,3762.30,1400,1477800
BRITANNIA_F1,20221014,14:02,3762.30,3762.30,3762.30,3762.30,1400,1477800
BRITANNIA_F1,20221014,14:03,3762.30,3763.00,3762.30,3763.00,16000,1477800
BRITANNIA_F1,20221014,14:04,3767.70,3773.05,3767.70,3773.05,16200,1498200
BRITANNIA_F1,20221014,14:05,3773.05,3773.05,3773.05,3773.05,2000,1498200
BRITANNIA_F1,20221014,14:06,3772.40,3772.40,3771.50,3771.50,3800,1498200
BRITANNIA_F1,20221014,14:07,3771.50,3771.50,3771.50,3771.50,2000,1511400
BRITANNIA_F1,20221014,14:08,3771.50,3771.50,3771.50,3771.50,200,1511400
BRITANNIA_F1,20221014,14:09,3773.50,3773.50,3773.50,3773.50,1200,1511400
BRITANNIA_F1,20221014,14:10,3773.50,3773.50,3773.50,3773.50,800,1514600
BRITANNIA_F1,20221014,14:11,3776.70,3782.90,3775.40,3780.15,4800,1514600
BRITANNIA_F1,20221014,14:15,3779.95,3779.95,3779.05,3779.05,1200,1515600
BRITANNIA_F1,20221014,14:16,3780.20,3781.00,3779.95,3780.55,2000,1516200
BRITANNIA_F1,20221014,14:17,3780.00,3780.45,3777.25,3777.25,2000,1516200
BRITANNIA_F1,20221014,14:18,3777.35,3777.35,3776.10,3776.10,600,1516200
BRITANNIA_F1,20221014,14:20,3774.50,3774.50,3774.50,3774.50,600,1516200
BRITANNIA_F1,20221014,14:21,3771.70,3771.70,3771.65,3771.65,2200,1516200
BRITANNIA_F1,20221014,14:22,3771.00,3771.00,3771.00,3771.00,200,1518000
BRITANNIA_F1,20221014,14:23,3771.00,3771.95,3771.00,3771.95,1200,1518000
BRITANNIA_F1,20221014,14:24,3773.25,3773.25,3773.25,3773.25,200,1518000
BRITANNIA_F1,20221014,14:25,3775.15,3775.50,3775.15,3775.50,800,1518000
BRITANNIA_F1,20221014,14:27,3775.50,3775.50,3774.05,3774.05,1200,1517800
BRITANNIA_F1,20221014,14:28,3773.45,3773.45,3773.00,3773.00,1400,1518200
BRITANNIA_F1,20221014,14:29,3772.55,3772.55,3772.55,3772.55,800,1518200
BRITANNIA_F1,20221014,14:30,3773.35,3775.95,3773.35,3775.95,600,1518200
BRITANNIA_F1,20221014,14:31,3773.05,3773.05,3773.05,3773.05,1600,1518200
BRITANNIA_F1,20221014,14:32,3774.20,3775.75,3773.75,3775.75,1200,1519800
BRITANNIA_F1,20221014,14:33,3775.60,3775.60,3775.60,3775.60,400,1519800
BRITANNIA_F1,20221014,14:34,3775.05,3775.35,3773.35,3774.40,1400,1522800
BRITANNIA_F1,20221014,14:35,3774.50,3774.50,3774.50,3774.50,200,1522800
BRITANNIA_F1,20221014,14:36,3776.15,3776.15,3776.00,3776.00,800,1522800
BRITANNIA_F1,20221014,14:37,3777.95,3779.30,3777.95,3779.00,1400,1523400
BRITANNIA_F1,20221014,14:39,3781.45,3782.10,3781.40,3782.10,2200,1523400
BRITANNIA_F1,20221014,14:40,3782.50,3782.60,3782.50,3782.60,400,1525000
BRITANNIA_F1,20221014,14:42,3782.35,3785.85,3782.35,3784.40,1200,1525000
BRITANNIA_F1,20221014,14:43,3786.00,3786.00,3785.30,3785.30,1400,1525200
BRITANNIA_F1,20221014,14:44,3787.45,3788.55,3784.95,3784.95,2000,1525200
BRITANNIA_F1,20221014,14:45,3787.70,3787.70,3787.70,3787.70,400,1525200
BRITANNIA_F1,20221014,14:46,3789.05,3789.30,3789.05,3789.30,600,1524800
BRITANNIA_F1,20221014,14:47,3788.80,3788.80,3788.80,3788.80,200,1524800
BRITANNIA_F1,20221014,14:48,3789.40,3789.40,3786.55,3788.85,1800,1524800
BRITANNIA_F1,20221014,14:50,3789.95,3789.95,3789.60,3789.95,600,1524400
BRITANNIA_F1,20221014,14:51,3789.15,3789.15,3789.15,3789.15,600,1524400
BRITANNIA_F1,20221014,14:52,3789.90,3789.90,3789.45,3789.45,400,1525200
BRITANNIA_F1,20221014,14:53,3788.75,3788.75,3788.75,3788.75,800,1525200
BRITANNIA_F1,20221014,14:54,3788.55,3788.55,3788.55,3788.55,400,1525200
BRITANNIA_F1,20221014,14:56,3789.25,3789.25,3789.25,3789.25,400,1525200
BRITANNIA_F1,20221014,14:57,3787.65,3787.75,3787.65,3787.75,2400,1525200
BRITANNIA_F1,20221014,14:58,3786.25,3786.25,3786.25,3786.25,200,1524400
BRITANNIA_F1,20221014,14:59,3784.00,3785.00,3784.00,3785.00,1000,1524400
BRITANNIA_F1,20221014,15:00,3785.80,3785.80,3785.80,3785.80,200,1524400
BRITANNIA_F1,20221014,15:01,3781.80,3781.80,3781.00,3781.00,2400,1523600
BRITANNIA_F1,20221014,15:02,3782.30,3782.30,3776.65,3776.65,4000,1523600
BRITANNIA_F1,20221014,15:03,3776.40,3776.40,3775.10,3775.10,1000,1523600
BRITANNIA_F1,20221014,15:04,3775.10,3780.00,3775.10,3780.00,5800,1523200
BRITANNIA_F1,20221014,15:05,3779.20,3780.30,3777.90,3777.90,2000,1523200
BRITANNIA_F1,20221014,15:06,3778.45,3778.50,3778.45,3778.50,400,1523200
BRITANNIA_F1,20221014,15:07,3777.50,3777.80,3776.35,3777.80,1200,1526800
BRITANNIA_F1,20221014,15:08,3777.85,3777.85,3777.05,3777.05,1200,1526800
BRITANNIA_F1,20221014,15:09,3779.55,3779.85,3778.45,3779.85,1200,1526800
BRITANNIA_F1,20221014,15:10,3777.70,3777.75,3777.65,3777.65,600,1528600
BRITANNIA_F1,20221014,15:11,3781.30,3781.30,3777.00,3778.90,4200,1528600
BRITANNIA_F1,20221014,15:12,3775.80,3775.80,3774.30,3774.30,1000,1528600
BRITANNIA_F1,20221014,15:13,3774.20,3777.50,3774.10,3774.70,1600,1529600
BRITANNIA_F1,20221014,15:14,3775.15,3775.15,3773.45,3773.45,1600,1529600
BRITANNIA_F1,20221014,15:15,3774.15,3777.10,3774.15,3774.15,2200,1529600
BRITANNIA_F1,20221014,15:16,3774.50,3774.50,3774.50,3774.50,200,1530600
BRITANNIA_F1,20221014,15:17,3775.60,3775.60,3774.10,3775.15,4400,1530600
BRITANNIA_F1,20221014,15:18,3773.70,3774.10,3771.80,3771.80,4000,1530600
BRITANNIA_F1,20221014,15:19,3771.05,3771.05,3770.00,3770.75,13400,1536600
BRITANNIA_F1,20221014,15:20,3771.80,3774.85,3771.25,3774.85,3400,1536600
BRITANNIA_F1,20221014,15:21,3776.45,3776.95,3774.50,3776.95,2000,1536600
BRITANNIA_F1,20221014,15:22,3775.70,3775.70,3774.45,3774.45,400,1548400
BRITANNIA_F1,20221014,15:23,3774.50,3775.65,3773.10,3775.65,3000,1548400
BRITANNIA_F1,20221014,15:24,3774.20,3774.35,3773.50,3774.30,1400,1548400
BRITANNIA_F1,20221014,15:25,3772.85,3774.00,3772.15,3773.65,4800,1551200
BRITANNIA_F1,20221014,15:26,3774.25,3774.25,3771.00,3772.40,1400,1551200
BRITANNIA_F1,20221014,15:27,3770.95,3773.10,3770.95,3773.10,1800,1551200
BRITANNIA_F1,20221014,15:28,3773.05,3773.60,3772.65,3773.60,3600,1554800
BRITANNIA_F1,20221014,15:29,3770.75,3775.00,3770.75,3775.00,1600,1554800
BRITANNIA_F1,20221014,15:30,3775.65,3775.95,3775.65,3775.95,600,1554800
BRITANNIA_F1,20221014,15:31,3773.30,3773.30,3773.30,3773.30,600,1554800
