GBPINR_AUG17,20170828,09:31,82.335,82.335,82.335,82.335,1
GBPINR_AUG17,20170828,10:17,82.3,82.3,82.3,82.3,3
GBPINR_AUG17,20170828,10:54,82.31,82.31,82.31,82.31,5
GBPINR_AUG17,20170828,11:01,82.32,82.32,82.32,82.32,1
GBPINR_AUG17,20170828,11:02,82.32,82.32,82.32,82.32,5
GBPINR_AUG17,20170828,11:23,82.385,82.385,82.385,82.385,3
GBPINR_AUG17,20170828,11:44,82.3925,82.3925,82.3925,82.3925,1
GBPINR_AUG17,20170828,11:55,82.3825,82.3825,82.3825,82.3825,2
GBPINR_AUG17,20170828,12:04,82.3675,82.3675,82.3675,82.3675,4
GBPINR_AUG17,20170828,12:38,82.4175,82.42,82.4175,82.42,4
GBPINR_AUG17,20170828,14:11,82.42,82.42,82.42,82.42,12
GBPINR_AUG17,20170828,14:35,82.45,82.45,82.45,82.45,1
GBPINR_AUG17,20170828,14:36,82.46,82.46,82.46,82.46,4
GBPINR_AUG17,20170828,16:38,82.465,82.465,82.465,82.465,1
GBPINR_AUG17,20170828,16:47,82.49,82.49,82.49,82.49,1
GBPINR_AUG17,20170828,16:49,82.5,82.5,82.5,82.5,1
GBPINR_AUG17,20170828,16:50,82.51,82.51,82.51,82.51,2
GBPINR_AUG17,20170828,16:51,82.515,82.53,82.515,82.53,5
GBPINR_AUG17,20170828,16:52,82.5525,82.5525,82.5525,82.5525,5
GBPINR_AUG17,20170828,16:59,82.54,82.54,82.54,82.54,1
GBPINR_AUG17,20170828,17:01,82.525,82.525,82.525,82.525,1
