SIEMENS_F1,20230131,09:16,2944.70,2944.70,2941.15,2941.15,550,1809225
SIEMENS_F1,20230131,09:17,2944.80,2948.85,2944.80,2945.30,825,1809225
SIEMENS_F1,20230131,09:18,2940.10,2947.15,2938.05,2942.20,2750,1810600
SIEMENS_F1,20230131,09:19,2940.00,2943.20,2933.55,2938.45,2200,1810600
SIEMENS_F1,20230131,09:20,2942.25,2942.25,2933.60,2933.60,1375,1810600
SIEMENS_F1,20230131,09:21,2934.40,2945.00,2934.40,2942.55,2475,1812250
SIEMENS_F1,20230131,09:22,2939.15,2939.15,2935.10,2937.05,825,1812250
SIEMENS_F1,20230131,09:23,2935.90,2940.15,2935.05,2935.05,1650,1812250
SIEMENS_F1,20230131,09:24,2936.90,2944.10,2936.90,2938.90,1925,1812800
SIEMENS_F1,20230131,09:25,2939.30,2939.30,2935.15,2935.15,825,1812800
SIEMENS_F1,20230131,09:26,2936.85,2938.75,2935.15,2938.75,2200,1812800
SIEMENS_F1,20230131,09:27,2942.00,2942.00,2940.00,2940.00,1100,1813900
SIEMENS_F1,20230131,09:28,2938.15,2940.25,2938.15,2939.05,1100,1813900
SIEMENS_F1,20230131,09:29,2939.00,2940.80,2934.40,2934.40,1375,1813900
SIEMENS_F1,20230131,09:30,2936.05,2936.05,2935.50,2935.50,550,1813900
SIEMENS_F1,20230131,09:31,2938.40,2938.40,2938.40,2938.40,275,1814725
SIEMENS_F1,20230131,09:32,2938.80,2941.95,2938.80,2939.75,825,1814725
SIEMENS_F1,20230131,09:33,2939.25,2939.25,2939.25,2939.25,825,1814725
SIEMENS_F1,20230131,09:34,2940.00,2940.00,2940.00,2940.00,275,1814725
SIEMENS_F1,20230131,09:35,2940.20,2940.20,2938.50,2938.50,825,1815000
SIEMENS_F1,20230131,09:36,2939.95,2939.95,2936.25,2936.25,825,1815000
SIEMENS_F1,20230131,09:38,2937.85,2938.15,2937.85,2938.15,1100,1815000
SIEMENS_F1,20230131,09:39,2943.35,2947.15,2943.35,2947.15,2200,1815000
SIEMENS_F1,20230131,09:41,2954.50,2955.00,2950.60,2955.00,2200,1815000
SIEMENS_F1,20230131,09:42,2954.30,2955.95,2954.20,2955.95,4125,1815275
SIEMENS_F1,20230131,09:43,2951.35,2955.65,2951.35,2955.65,2200,1815275
SIEMENS_F1,20230131,09:44,2952.70,2954.70,2952.70,2954.70,1100,1815275
SIEMENS_F1,20230131,09:46,2953.80,2954.00,2953.80,2954.00,825,1815550
SIEMENS_F1,20230131,09:47,2950.00,2953.00,2950.00,2953.00,1650,1815550
SIEMENS_F1,20230131,09:48,2953.00,2957.30,2953.00,2957.30,3300,1817200
SIEMENS_F1,20230131,09:49,2957.30,2957.30,2957.00,2957.00,1100,1817200
SIEMENS_F1,20230131,09:50,2956.90,2956.90,2953.40,2956.10,1925,1817200
SIEMENS_F1,20230131,09:51,2956.00,2956.00,2956.00,2956.00,275,1817200
SIEMENS_F1,20230131,09:52,2956.15,2957.05,2954.75,2957.05,1100,1817200
SIEMENS_F1,20230131,09:53,2955.10,2955.10,2955.10,2955.10,275,1817200
SIEMENS_F1,20230131,09:54,2957.80,2957.80,2957.80,2957.80,3575,1817200
SIEMENS_F1,20230131,09:55,2955.30,2955.30,2955.30,2955.30,275,1817200
SIEMENS_F1,20230131,09:56,2954.10,2958.35,2954.10,2958.20,2475,1817200
SIEMENS_F1,20230131,09:57,2956.50,2956.50,2956.00,2956.00,550,1815825
SIEMENS_F1,20230131,09:58,2956.50,2956.50,2956.00,2956.00,825,1815825
SIEMENS_F1,20230131,09:59,2964.65,2964.65,2958.60,2963.60,20075,1815825
SIEMENS_F1,20230131,10:00,2961.60,2961.60,2961.60,2961.60,550,1815825
SIEMENS_F1,20230131,10:01,2960.05,2960.45,2960.00,2960.45,1650,1811700
SIEMENS_F1,20230131,10:02,2961.00,2963.85,2960.95,2963.85,2200,1811700
SIEMENS_F1,20230131,10:03,2964.75,2966.30,2964.75,2965.00,1100,1810875
SIEMENS_F1,20230131,10:04,2965.00,2968.50,2965.00,2965.05,7150,1810875
SIEMENS_F1,20230131,10:05,2967.00,2967.30,2967.00,2967.30,1650,1810875
SIEMENS_F1,20230131,10:06,2965.05,2965.05,2965.00,2965.00,2475,1810875
SIEMENS_F1,20230131,10:07,2966.00,2966.00,2966.00,2966.00,550,1810875
SIEMENS_F1,20230131,10:08,2967.30,2969.75,2967.30,2969.75,1925,1811425
SIEMENS_F1,20230131,10:09,2970.00,2972.45,2970.00,2972.30,1375,1813350
SIEMENS_F1,20230131,10:10,2974.90,2974.90,2973.00,2973.00,2750,1813350
SIEMENS_F1,20230131,10:11,2972.30,2972.30,2970.00,2970.00,825,1813350
SIEMENS_F1,20230131,10:12,2968.35,2968.35,2968.35,2968.35,275,1813350
SIEMENS_F1,20230131,10:13,2968.00,2968.00,2968.00,2968.00,825,1813625
SIEMENS_F1,20230131,10:15,2968.60,2972.00,2968.60,2972.00,550,1813625
SIEMENS_F1,20230131,10:16,2972.25,2976.30,2972.05,2976.30,4125,1813625
SIEMENS_F1,20230131,10:17,2976.30,2976.30,2976.30,2976.30,275,1813625
SIEMENS_F1,20230131,10:18,2975.00,2975.00,2974.65,2974.65,550,1813625
SIEMENS_F1,20230131,10:19,2974.65,2974.65,2974.45,2974.45,550,1816650
SIEMENS_F1,20230131,10:21,2973.70,2973.70,2973.70,2973.70,550,1816650
SIEMENS_F1,20230131,10:22,2973.05,2973.05,2973.05,2973.05,550,1816650
SIEMENS_F1,20230131,10:24,2973.30,2973.30,2971.90,2971.90,1650,1816650
SIEMENS_F1,20230131,10:25,2971.55,2971.55,2971.55,2971.55,275,1816650
SIEMENS_F1,20230131,10:26,2971.55,2972.55,2971.55,2972.55,1100,1816925
SIEMENS_F1,20230131,10:29,2975.00,2975.00,2975.00,2975.00,825,1817750
SIEMENS_F1,20230131,10:30,2978.00,2978.00,2978.00,2978.00,550,1817200
SIEMENS_F1,20230131,10:31,2975.85,2975.85,2975.85,2975.85,550,1817200
SIEMENS_F1,20230131,10:32,2976.60,2976.60,2974.10,2974.10,550,1817200
SIEMENS_F1,20230131,10:33,2975.10,2975.10,2975.00,2975.00,825,1817200
SIEMENS_F1,20230131,10:35,2976.50,2981.35,2976.50,2979.00,2475,1816925
SIEMENS_F1,20230131,10:36,2980.00,2985.00,2980.00,2985.00,2475,1816925
SIEMENS_F1,20230131,10:37,2986.00,2988.30,2984.50,2984.50,1925,1816375
SIEMENS_F1,20230131,10:38,2987.95,2988.50,2987.95,2988.50,1375,1816375
SIEMENS_F1,20230131,10:39,2988.90,2990.00,2988.90,2990.00,1100,1816375
SIEMENS_F1,20230131,10:40,2987.50,2991.00,2987.50,2991.00,1375,1816375
SIEMENS_F1,20230131,10:41,2991.00,2993.80,2991.00,2993.80,3575,1816375
SIEMENS_F1,20230131,10:42,2994.00,2994.00,2989.35,2989.35,5225,1816375
SIEMENS_F1,20230131,10:43,2989.95,2990.00,2987.15,2987.15,1100,1818025
SIEMENS_F1,20230131,10:44,2990.00,2990.00,2990.00,2990.00,275,1818025
SIEMENS_F1,20230131,10:45,2988.15,2988.15,2988.15,2988.15,275,1818025
SIEMENS_F1,20230131,10:46,2989.20,2989.20,2987.45,2987.45,550,1816650
SIEMENS_F1,20230131,10:47,2988.30,2989.00,2988.30,2989.00,550,1816650
SIEMENS_F1,20230131,10:48,2992.00,2993.20,2991.25,2993.20,825,1816650
SIEMENS_F1,20230131,10:49,2994.35,2994.35,2990.45,2990.45,550,1817200
SIEMENS_F1,20230131,10:50,2989.10,2989.10,2987.10,2987.10,825,1817200
SIEMENS_F1,20230131,10:51,2988.90,2988.90,2988.90,2988.90,275,1817200
SIEMENS_F1,20230131,10:52,2986.50,2989.35,2986.50,2987.25,825,1817200
SIEMENS_F1,20230131,10:53,2984.45,2984.45,2984.45,2984.45,1100,1817200
SIEMENS_F1,20230131,10:54,2985.10,2985.10,2985.10,2985.10,275,1817200
SIEMENS_F1,20230131,10:56,2986.65,2986.65,2986.65,2986.65,275,1816650
SIEMENS_F1,20230131,10:57,2987.10,2987.40,2987.10,2987.40,825,1816650
SIEMENS_F1,20230131,10:58,2984.00,2984.00,2984.00,2984.00,275,1816650
SIEMENS_F1,20230131,11:00,2981.20,2981.20,2981.20,2981.20,275,1816650
SIEMENS_F1,20230131,11:01,2983.00,2983.00,2982.45,2982.45,550,1816375
SIEMENS_F1,20230131,11:03,2982.50,2982.50,2982.50,2982.50,275,1816375
SIEMENS_F1,20230131,11:06,2980.70,2980.70,2980.70,2980.70,550,1816100
SIEMENS_F1,20230131,11:07,2978.15,2978.15,2978.00,2978.00,825,1815825
SIEMENS_F1,20230131,11:09,2979.95,2979.95,2979.95,2979.95,5500,1815825
SIEMENS_F1,20230131,11:10,2973.40,2973.50,2973.40,2973.50,1375,1816375
SIEMENS_F1,20230131,11:11,2970.75,2972.00,2970.75,2972.00,1375,1816375
SIEMENS_F1,20230131,11:12,2970.15,2970.15,2970.15,2970.15,275,1816375
SIEMENS_F1,20230131,11:13,2969.00,2969.00,2969.00,2969.00,825,1816375
SIEMENS_F1,20230131,11:17,2968.00,2968.00,2968.00,2968.00,825,1816100
SIEMENS_F1,20230131,11:18,2965.00,2965.00,2964.15,2964.90,1650,1816100
SIEMENS_F1,20230131,11:19,2968.70,2968.70,2968.70,2968.70,1100,1816375
SIEMENS_F1,20230131,11:20,2971.95,2972.00,2971.95,2972.00,550,1816375
SIEMENS_F1,20230131,11:21,2966.25,2970.00,2966.25,2970.00,825,1816375
SIEMENS_F1,20230131,11:22,2971.30,2971.30,2971.30,2971.30,1100,1816650
SIEMENS_F1,20230131,11:23,2968.70,2968.70,2968.70,2968.70,275,1816650
SIEMENS_F1,20230131,11:24,2971.65,2971.65,2971.65,2971.65,275,1816650
SIEMENS_F1,20230131,11:25,2972.00,2972.00,2972.00,2972.00,275,1818300
SIEMENS_F1,20230131,11:26,2969.70,2969.70,2969.70,2969.70,550,1818300
SIEMENS_F1,20230131,11:29,2970.00,2970.05,2970.00,2970.05,550,1817475
SIEMENS_F1,20230131,11:34,2967.30,2968.90,2967.30,2968.90,550,1817475
SIEMENS_F1,20230131,11:38,2966.25,2966.25,2966.25,2966.25,275,1817475
SIEMENS_F1,20230131,11:42,2967.90,2967.90,2967.90,2967.90,1375,1817200
SIEMENS_F1,20230131,11:47,2967.75,2967.75,2967.75,2967.75,275,1818025
SIEMENS_F1,20230131,11:49,2965.40,2965.40,2965.40,2965.40,275,1817750
SIEMENS_F1,20230131,11:54,2965.45,2965.45,2965.45,2965.45,825,1817750
SIEMENS_F1,20230131,11:55,2965.00,2965.00,2965.00,2965.00,275,1818025
SIEMENS_F1,20230131,11:57,2966.70,2966.70,2966.70,2966.70,275,1818025
SIEMENS_F1,20230131,12:06,2969.10,2969.10,2967.35,2967.35,550,1818025
SIEMENS_F1,20230131,12:15,2968.85,2968.85,2968.85,2968.85,275,1818300
SIEMENS_F1,20230131,12:19,2968.85,2969.00,2968.85,2969.00,550,1818300
SIEMENS_F1,20230131,12:24,2966.60,2966.60,2966.60,2966.60,275,1818300
SIEMENS_F1,20230131,12:26,2964.45,2966.80,2964.45,2966.80,825,1818850
SIEMENS_F1,20230131,12:27,2964.80,2964.80,2964.80,2964.80,275,1818850
SIEMENS_F1,20230131,12:33,2966.40,2966.40,2966.40,2966.40,275,1817750
SIEMENS_F1,20230131,12:34,2967.45,2967.45,2967.45,2967.45,275,1818025
SIEMENS_F1,20230131,12:40,2966.30,2966.30,2966.30,2966.30,275,1817750
SIEMENS_F1,20230131,12:43,2967.30,2967.30,2966.25,2966.25,825,1818025
SIEMENS_F1,20230131,12:44,2965.00,2965.00,2964.20,2964.20,9900,1818025
SIEMENS_F1,20230131,12:48,2966.50,2966.50,2964.25,2964.25,825,1822425
SIEMENS_F1,20230131,12:51,2966.70,2966.75,2966.70,2966.75,825,1822700
SIEMENS_F1,20230131,12:52,2966.65,2966.80,2964.30,2966.80,1100,1822150
SIEMENS_F1,20230131,12:55,2964.50,2964.50,2964.50,2964.50,275,1821875
SIEMENS_F1,20230131,13:01,2966.95,2966.95,2966.95,2966.95,275,1821875
SIEMENS_F1,20230131,13:02,2967.80,2967.80,2967.80,2967.80,550,1821875
SIEMENS_F1,20230131,13:03,2967.80,2967.80,2967.80,2967.80,275,1821875
SIEMENS_F1,20230131,13:06,2968.00,2968.15,2967.65,2967.65,1375,1821600
SIEMENS_F1,20230131,13:08,2967.00,2967.00,2967.00,2967.00,275,1821600
SIEMENS_F1,20230131,13:09,2966.20,2966.20,2966.20,2966.20,275,1821600
SIEMENS_F1,20230131,13:10,2964.50,2964.50,2964.50,2964.50,275,1821600
SIEMENS_F1,20230131,13:11,2968.75,2968.75,2968.75,2968.75,275,1821600
SIEMENS_F1,20230131,13:12,2964.20,2964.20,2957.50,2957.50,5775,1821600
SIEMENS_F1,20230131,13:13,2957.00,2957.00,2957.00,2957.00,275,1821600
SIEMENS_F1,20230131,13:14,2952.05,2954.55,2952.05,2954.55,2475,1823800
SIEMENS_F1,20230131,13:15,2954.75,2954.75,2954.75,2954.75,1375,1823800
SIEMENS_F1,20230131,13:20,2959.80,2964.35,2959.80,2963.25,1100,1822425
SIEMENS_F1,20230131,13:21,2958.40,2958.40,2958.40,2958.40,550,1822425
SIEMENS_F1,20230131,13:24,2960.30,2960.30,2960.30,2960.30,275,1822700
SIEMENS_F1,20230131,13:28,2961.10,2961.10,2960.00,2960.00,825,1822150
SIEMENS_F1,20230131,13:29,2959.90,2960.90,2959.90,2960.90,550,1822150
SIEMENS_F1,20230131,13:30,2960.85,2961.00,2960.85,2961.00,825,1822150
SIEMENS_F1,20230131,13:31,2960.25,2960.25,2960.25,2960.25,275,1823250
SIEMENS_F1,20230131,13:32,2960.35,2962.00,2960.35,2962.00,1100,1823250
SIEMENS_F1,20230131,13:33,2958.00,2958.45,2958.00,2958.45,550,1823250
SIEMENS_F1,20230131,13:34,2959.90,2962.00,2959.90,2961.90,1650,1824350
SIEMENS_F1,20230131,13:36,2959.00,2961.40,2959.00,2961.40,550,1824350
SIEMENS_F1,20230131,13:39,2961.75,2961.75,2961.75,2961.75,275,1825175
SIEMENS_F1,20230131,13:44,2957.05,2957.05,2955.05,2955.05,1375,1824625
SIEMENS_F1,20230131,13:45,2955.00,2955.00,2954.75,2954.75,550,1824625
SIEMENS_F1,20230131,13:46,2956.30,2956.30,2954.00,2954.00,825,1823525
SIEMENS_F1,20230131,13:48,2955.25,2960.65,2955.25,2960.65,2200,1823525
SIEMENS_F1,20230131,13:50,2960.00,2960.00,2960.00,2960.00,275,1824900
SIEMENS_F1,20230131,13:52,2959.95,2959.95,2959.95,2959.95,825,1825450
SIEMENS_F1,20230131,13:54,2958.50,2958.55,2957.90,2957.90,825,1825450
SIEMENS_F1,20230131,13:55,2957.50,2957.50,2957.50,2957.50,275,1825450
SIEMENS_F1,20230131,13:56,2959.05,2959.05,2959.05,2959.05,275,1824350
SIEMENS_F1,20230131,13:57,2957.00,2958.40,2957.00,2958.40,550,1824350
SIEMENS_F1,20230131,14:01,2955.20,2955.20,2955.20,2955.20,275,1824075
SIEMENS_F1,20230131,14:03,2954.90,2954.90,2954.90,2954.90,275,1824350
SIEMENS_F1,20230131,14:05,2953.05,2956.60,2953.05,2956.60,825,1824350
SIEMENS_F1,20230131,14:07,2957.30,2957.30,2957.30,2957.30,275,1824350
SIEMENS_F1,20230131,14:10,2953.00,2953.00,2953.00,2953.00,550,1824075
SIEMENS_F1,20230131,14:11,2955.00,2955.00,2955.00,2955.00,275,1823250
SIEMENS_F1,20230131,14:14,2956.00,2956.00,2956.00,2956.00,275,1823525
SIEMENS_F1,20230131,14:15,2953.60,2953.60,2953.60,2953.60,275,1823525
SIEMENS_F1,20230131,14:16,2956.00,2956.00,2956.00,2956.00,275,1823525
SIEMENS_F1,20230131,14:17,2955.60,2955.60,2955.60,2955.60,275,1823525
SIEMENS_F1,20230131,14:18,2953.00,2953.00,2953.00,2953.00,550,1824350
SIEMENS_F1,20230131,14:20,2952.80,2956.20,2952.25,2956.20,1925,1824625
SIEMENS_F1,20230131,14:21,2956.25,2956.60,2956.25,2956.55,825,1824625
SIEMENS_F1,20230131,14:25,2954.20,2955.60,2954.20,2955.60,550,1826275
SIEMENS_F1,20230131,14:26,2955.55,2956.50,2955.55,2956.50,825,1826275
SIEMENS_F1,20230131,14:27,2955.90,2955.90,2955.90,2955.90,550,1826275
SIEMENS_F1,20230131,14:28,2956.45,2956.45,2956.45,2956.45,550,1827375
SIEMENS_F1,20230131,14:29,2956.90,2957.00,2955.95,2955.95,1100,1827375
SIEMENS_F1,20230131,14:31,2957.35,2957.35,2957.35,2957.35,275,1827375
SIEMENS_F1,20230131,14:32,2956.95,2956.95,2954.30,2954.30,550,1827375
SIEMENS_F1,20230131,14:34,2956.00,2956.00,2956.00,2956.00,550,1827375
SIEMENS_F1,20230131,14:35,2956.00,2956.00,2956.00,2956.00,275,1827375
SIEMENS_F1,20230131,14:38,2955.00,2957.15,2955.00,2956.00,1925,1826825
SIEMENS_F1,20230131,14:39,2955.95,2955.95,2955.95,2955.95,825,1826825
SIEMENS_F1,20230131,14:40,2954.80,2954.80,2954.75,2954.75,1100,1828200
SIEMENS_F1,20230131,14:42,2954.80,2954.80,2954.80,2954.80,550,1828200
SIEMENS_F1,20230131,14:44,2955.60,2955.60,2955.60,2955.60,275,1828200
SIEMENS_F1,20230131,14:45,2954.45,2954.45,2954.30,2954.30,825,1828200
SIEMENS_F1,20230131,14:46,2954.40,2954.40,2952.20,2952.20,3025,1827650
SIEMENS_F1,20230131,14:48,2953.30,2953.30,2953.30,2953.30,550,1827650
SIEMENS_F1,20230131,14:50,2952.10,2953.00,2950.50,2951.25,5225,1826825
SIEMENS_F1,20230131,14:51,2950.50,2952.95,2950.00,2952.25,6050,1826825
SIEMENS_F1,20230131,14:52,2954.00,2957.25,2952.90,2954.00,3850,1830675
SIEMENS_F1,20230131,14:53,2954.75,2954.75,2954.75,2954.75,275,1830675
SIEMENS_F1,20230131,14:54,2954.75,2954.75,2952.75,2952.75,550,1830675
SIEMENS_F1,20230131,14:56,2953.90,2953.90,2953.90,2953.90,550,1831500
SIEMENS_F1,20230131,14:58,2955.10,2955.10,2955.10,2955.10,550,1831500
SIEMENS_F1,20230131,14:59,2956.30,2958.05,2953.00,2956.15,13475,1830125
SIEMENS_F1,20230131,15:00,2954.15,2957.80,2953.80,2953.80,11825,1830125
SIEMENS_F1,20230131,15:01,2955.65,2955.65,2955.15,2955.15,550,1830125
SIEMENS_F1,20230131,15:02,2950.60,2951.00,2949.50,2950.50,3850,1837825
SIEMENS_F1,20230131,15:03,2953.20,2953.20,2949.65,2949.65,4125,1837825
SIEMENS_F1,20230131,15:04,2950.65,2950.65,2949.20,2950.00,3850,1844700
SIEMENS_F1,20230131,15:05,2949.85,2952.75,2947.95,2948.25,4675,1844700
SIEMENS_F1,20230131,15:06,2947.85,2947.85,2946.25,2946.25,1375,1844700
SIEMENS_F1,20230131,15:07,2942.45,2947.20,2942.45,2945.30,9625,1848000
SIEMENS_F1,20230131,15:08,2944.70,2945.30,2942.80,2942.85,2200,1848000
SIEMENS_F1,20230131,15:09,2943.25,2944.25,2943.25,2944.25,3025,1848000
SIEMENS_F1,20230131,15:10,2945.20,2945.60,2943.85,2943.85,6050,1854325
SIEMENS_F1,20230131,15:11,2943.80,2944.70,2943.80,2944.70,6600,1854325
SIEMENS_F1,20230131,15:12,2948.20,2950.50,2946.90,2950.50,1925,1854325
SIEMENS_F1,20230131,15:13,2949.25,2950.15,2949.20,2949.70,1100,1860925
SIEMENS_F1,20230131,15:14,2951.65,2951.95,2949.60,2950.70,1925,1860925
SIEMENS_F1,20230131,15:15,2950.20,2951.75,2947.15,2951.75,3850,1860925
SIEMENS_F1,20230131,15:16,2952.55,2955.00,2950.75,2952.75,5775,1858725
SIEMENS_F1,20230131,15:17,2953.00,2955.30,2952.50,2955.30,2750,1858725
SIEMENS_F1,20230131,15:18,2955.60,2955.60,2952.65,2953.80,2200,1858725
SIEMENS_F1,20230131,15:19,2953.75,2960.85,2953.65,2960.85,6050,1861750
SIEMENS_F1,20230131,15:20,2959.50,2961.85,2958.25,2959.00,2750,1861750
SIEMENS_F1,20230131,15:21,2960.55,2960.55,2956.80,2956.80,3300,1861750
SIEMENS_F1,20230131,15:22,2957.60,2958.70,2956.35,2958.70,3300,1861750
SIEMENS_F1,20230131,15:23,2956.95,2959.20,2956.30,2956.30,6050,1863950
SIEMENS_F1,20230131,15:24,2956.25,2956.90,2956.25,2956.65,2475,1863950
SIEMENS_F1,20230131,15:25,2960.00,2960.20,2958.65,2958.65,1925,1866700
SIEMENS_F1,20230131,15:26,2958.05,2960.00,2958.05,2960.00,2200,1866700
SIEMENS_F1,20230131,15:27,2959.95,2960.95,2957.00,2960.95,1650,1866700
SIEMENS_F1,20230131,15:28,2963.75,2963.75,2957.55,2957.60,2475,1867525
SIEMENS_F1,20230131,15:29,2960.85,2961.90,2960.00,2961.90,1100,1867525
SIEMENS_F1,20230131,15:30,2961.90,2965.65,2959.55,2962.95,3850,1867525
SIEMENS_F1,20230131,19:20,2952.00,2952.00,2952.00,2952.00,1,1818850
