ACC,20200730,09:08,1416.60,1416.60,1416.60,1416.60,1010,0
ACC,20200730,09:16,1415.00,1423.00,1411.50,1420.20,18231,0
ACC,20200730,09:17,1421.00,1423.00,1420.15,1422.10,7726,0
ACC,20200730,09:18,1422.10,1424.25,1420.50,1421.35,9452,0
ACC,20200730,09:19,1421.00,1421.85,1418.30,1419.00,8243,0
ACC,20200730,09:20,1419.00,1419.80,1415.60,1418.85,5693,0
ACC,20200730,09:21,1418.90,1422.60,1418.15,1422.40,7089,0
ACC,20200730,09:22,1422.40,1422.80,1419.60,1422.80,4828,0
ACC,20200730,09:23,1422.80,1423.95,1421.15,1421.90,6203,0
ACC,20200730,09:24,1421.60,1421.85,1420.05,1420.25,2886,0
ACC,20200730,09:25,1420.25,1420.75,1417.10,1417.70,5690,0
ACC,20200730,09:26,1417.80,1419.00,1417.10,1417.85,3199,0
ACC,20200730,09:27,1417.30,1418.00,1417.30,1417.65,5111,0
ACC,20200730,09:28,1417.80,1419.90,1417.65,1419.70,3718,0
ACC,20200730,09:29,1419.70,1423.95,1419.70,1423.35,11256,0
ACC,20200730,09:30,1423.35,1424.00,1422.05,1423.40,6137,0
ACC,20200730,09:31,1424.00,1424.00,1422.00,1422.55,6609,0
ACC,20200730,09:32,1422.00,1422.55,1421.55,1422.35,4608,0
ACC,20200730,09:33,1422.40,1426.40,1422.40,1426.00,11329,0
ACC,20200730,09:34,1426.00,1426.20,1425.00,1425.45,4971,0
ACC,20200730,09:35,1425.45,1426.00,1425.20,1425.25,5040,0
ACC,20200730,09:36,1425.95,1425.95,1424.55,1425.15,3599,0
ACC,20200730,09:37,1425.80,1425.95,1424.75,1425.95,3207,0
ACC,20200730,09:38,1427.00,1428.95,1426.80,1428.65,16157,0
ACC,20200730,09:39,1428.80,1431.05,1428.30,1430.50,15019,0
ACC,20200730,09:40,1429.95,1431.50,1429.80,1430.95,7829,0
ACC,20200730,09:41,1431.50,1433.85,1431.00,1432.80,17803,0
ACC,20200730,09:42,1432.05,1433.00,1429.70,1431.00,13396,0
ACC,20200730,09:43,1431.45,1436.50,1430.85,1434.80,22970,0
ACC,20200730,09:44,1434.90,1437.50,1434.00,1435.00,29751,0
ACC,20200730,09:45,1435.80,1437.40,1434.00,1437.00,24875,0
ACC,20200730,09:46,1437.00,1437.30,1432.00,1432.30,20344,0
ACC,20200730,09:47,1433.00,1433.65,1432.00,1432.70,12572,0
ACC,20200730,09:48,1432.70,1433.15,1431.90,1433.00,8243,0
ACC,20200730,09:49,1433.00,1433.50,1432.20,1432.50,6403,0
ACC,20200730,09:50,1432.50,1434.80,1432.50,1433.10,4947,0
ACC,20200730,09:51,1433.75,1435.95,1433.10,1434.20,8915,0
ACC,20200730,09:52,1433.45,1434.20,1432.75,1434.00,2414,0
ACC,20200730,09:53,1433.25,1434.00,1433.00,1433.95,2570,0
ACC,20200730,09:54,1434.00,1434.00,1433.00,1433.15,2737,0
ACC,20200730,09:55,1433.15,1434.90,1433.10,1434.45,8230,0
ACC,20200730,09:56,1434.65,1434.80,1433.00,1434.50,2812,0
ACC,20200730,09:57,1434.30,1434.80,1433.30,1433.35,1415,0
ACC,20200730,09:58,1433.50,1435.50,1433.35,1435.50,2673,0
ACC,20200730,09:59,1435.85,1436.00,1435.00,1435.15,4234,0
ACC,20200730,10:00,1435.15,1435.65,1434.45,1434.45,3253,0
ACC,20200730,10:01,1434.95,1435.00,1433.15,1433.15,3274,0
ACC,20200730,10:02,1433.55,1434.25,1433.30,1434.00,1853,0
ACC,20200730,10:03,1433.65,1433.95,1432.20,1432.30,2538,0
ACC,20200730,10:04,1432.20,1433.00,1431.55,1431.90,3377,0
ACC,20200730,10:05,1431.90,1432.00,1431.00,1431.15,3654,0
ACC,20200730,10:06,1431.05,1431.85,1431.00,1431.20,3497,0
ACC,20200730,10:07,1431.20,1432.70,1431.05,1432.05,2165,0
ACC,20200730,10:08,1432.90,1433.70,1432.05,1433.70,2816,0
ACC,20200730,10:09,1433.00,1433.80,1432.50,1432.50,2761,0
ACC,20200730,10:10,1432.50,1432.95,1432.15,1432.90,1346,0
ACC,20200730,10:11,1432.90,1432.90,1432.05,1432.60,996,0
ACC,20200730,10:12,1432.60,1433.05,1432.15,1432.60,2140,0
ACC,20200730,10:13,1433.00,1434.95,1433.00,1434.50,1479,0
ACC,20200730,10:14,1434.50,1436.70,1434.50,1435.95,6448,0
ACC,20200730,10:15,1435.65,1436.00,1434.85,1435.30,1697,0
ACC,20200730,10:16,1435.60,1435.60,1434.50,1434.50,1643,0
ACC,20200730,10:17,1435.00,1435.45,1434.55,1434.60,2019,0
ACC,20200730,10:18,1435.40,1435.75,1434.60,1435.60,1390,0
ACC,20200730,10:19,1435.60,1435.95,1435.10,1435.10,1000,0
ACC,20200730,10:20,1435.50,1435.50,1434.50,1434.60,1734,0
ACC,20200730,10:21,1434.65,1434.65,1433.45,1434.30,1366,0
ACC,20200730,10:22,1434.50,1434.50,1433.10,1433.30,2173,0
ACC,20200730,10:23,1433.30,1433.90,1433.10,1433.90,457,0
ACC,20200730,10:24,1433.45,1433.45,1432.00,1433.00,3307,0
ACC,20200730,10:25,1432.30,1433.45,1432.10,1432.90,1363,0
ACC,20200730,10:26,1432.40,1432.40,1430.00,1430.15,11420,0
ACC,20200730,10:27,1430.50,1431.25,1430.35,1431.25,3220,0
ACC,20200730,10:28,1431.30,1431.30,1430.65,1430.70,1616,0
ACC,20200730,10:29,1431.00,1433.40,1431.00,1433.40,2497,0
ACC,20200730,10:30,1433.70,1434.40,1433.25,1433.65,2195,0
ACC,20200730,10:31,1433.65,1434.50,1433.65,1434.50,1730,0
ACC,20200730,10:32,1434.55,1435.00,1434.05,1435.00,3182,0
ACC,20200730,10:33,1434.45,1439.25,1434.45,1437.70,17049,0
ACC,20200730,10:34,1438.50,1442.05,1438.20,1441.00,23606,0
ACC,20200730,10:35,1441.65,1441.90,1440.25,1441.00,6964,0
ACC,20200730,10:36,1440.40,1440.40,1439.05,1440.00,6936,0
ACC,20200730,10:37,1440.00,1440.65,1439.50,1440.60,6269,0
ACC,20200730,10:38,1441.00,1443.65,1441.00,1442.40,14064,0
ACC,20200730,10:39,1442.40,1443.35,1441.40,1442.00,7140,0
ACC,20200730,10:40,1442.25,1443.20,1441.25,1443.15,3837,0
ACC,20200730,10:41,1443.10,1443.20,1442.35,1442.70,4361,0
ACC,20200730,10:42,1442.25,1442.95,1441.65,1442.65,3310,0
ACC,20200730,10:43,1442.40,1443.50,1440.70,1440.70,11533,0
ACC,20200730,10:44,1440.90,1442.70,1440.90,1441.20,3052,0
ACC,20200730,10:45,1440.70,1440.70,1439.25,1440.00,5869,0
ACC,20200730,10:46,1440.00,1441.85,1439.50,1441.55,4484,0
ACC,20200730,10:47,1441.10,1441.60,1441.00,1441.00,3273,0
ACC,20200730,10:48,1441.00,1441.00,1440.60,1440.65,992,0
ACC,20200730,10:49,1440.90,1440.90,1440.00,1440.00,1787,0
ACC,20200730,10:50,1440.00,1440.50,1439.30,1440.00,5509,0
ACC,20200730,10:51,1440.00,1440.95,1440.00,1440.85,1977,0
ACC,20200730,10:52,1440.70,1440.95,1440.10,1440.25,1478,0
ACC,20200730,10:53,1440.30,1440.35,1440.05,1440.10,1459,0
ACC,20200730,10:54,1440.25,1440.50,1440.25,1440.50,945,0
ACC,20200730,10:55,1440.25,1440.50,1439.50,1439.50,1347,0
ACC,20200730,10:56,1440.00,1440.00,1438.50,1438.50,3948,0
ACC,20200730,10:57,1438.95,1438.95,1436.10,1436.10,5863,0
ACC,20200730,10:58,1436.00,1437.15,1435.60,1436.55,3962,0
ACC,20200730,10:59,1436.55,1437.15,1436.50,1437.00,2624,0
ACC,20200730,11:00,1437.00,1437.15,1436.50,1437.00,1842,0
ACC,20200730,11:01,1436.85,1437.00,1436.85,1437.00,996,0
ACC,20200730,11:02,1436.85,1437.85,1436.85,1437.55,1734,0
ACC,20200730,11:03,1437.55,1438.45,1437.55,1438.00,2496,0
ACC,20200730,11:04,1438.20,1439.45,1438.20,1439.35,648,0
ACC,20200730,11:05,1439.35,1441.00,1439.35,1440.80,3324,0
ACC,20200730,11:06,1440.75,1441.00,1440.00,1440.95,2590,0
ACC,20200730,11:07,1441.00,1441.50,1440.50,1441.00,4451,0
ACC,20200730,11:08,1441.00,1441.00,1440.00,1440.75,1335,0
ACC,20200730,11:09,1440.00,1441.00,1440.00,1440.95,1251,0
ACC,20200730,11:10,1440.95,1441.95,1440.25,1441.95,1503,0
ACC,20200730,11:11,1441.95,1442.95,1441.50,1442.80,5657,0
ACC,20200730,11:12,1442.90,1442.95,1442.15,1442.65,1627,0
ACC,20200730,11:13,1442.30,1443.20,1442.30,1443.00,3627,0
ACC,20200730,11:14,1443.00,1443.50,1442.30,1442.30,2158,0
ACC,20200730,11:15,1442.30,1443.00,1442.00,1442.00,2310,0
ACC,20200730,11:16,1442.00,1442.85,1442.00,1442.80,3516,0
ACC,20200730,11:17,1442.80,1443.00,1442.05,1442.05,2102,0
ACC,20200730,11:18,1442.85,1442.95,1441.65,1442.75,2338,0
ACC,20200730,11:19,1442.30,1442.70,1441.15,1441.20,2496,0
ACC,20200730,11:20,1441.90,1441.90,1441.10,1441.10,1513,0
ACC,20200730,11:21,1441.15,1441.80,1440.50,1440.50,3227,0
ACC,20200730,11:22,1440.65,1442.00,1440.65,1441.05,2565,0
ACC,20200730,11:23,1441.15,1441.90,1441.15,1441.70,1101,0
ACC,20200730,11:24,1441.70,1441.90,1441.10,1441.40,891,0
ACC,20200730,11:25,1441.40,1441.70,1441.40,1441.50,577,0
ACC,20200730,11:26,1441.50,1441.90,1441.20,1441.90,1604,0
ACC,20200730,11:27,1441.90,1441.90,1441.60,1441.90,749,0
ACC,20200730,11:28,1441.65,1441.85,1441.65,1441.80,777,0
ACC,20200730,11:29,1441.65,1441.85,1441.65,1441.70,788,0
ACC,20200730,11:30,1441.70,1441.80,1441.60,1441.60,705,0
ACC,20200730,11:31,1441.70,1441.80,1441.10,1441.60,1122,0
ACC,20200730,11:32,1441.60,1441.60,1441.20,1441.20,1726,0
ACC,20200730,11:33,1441.00,1441.35,1439.65,1439.65,2177,0
ACC,20200730,11:34,1439.65,1440.00,1437.00,1437.45,13839,0
ACC,20200730,11:35,1437.45,1437.50,1436.00,1436.05,6888,0
ACC,20200730,11:36,1436.05,1437.15,1436.00,1437.15,6654,0
ACC,20200730,11:37,1436.75,1437.50,1436.60,1437.00,3393,0
ACC,20200730,11:38,1437.00,1437.00,1436.60,1437.00,3360,0
ACC,20200730,11:39,1436.70,1437.00,1436.00,1436.00,2810,0
ACC,20200730,11:40,1436.35,1436.50,1436.05,1436.30,2542,0
ACC,20200730,11:41,1436.30,1437.50,1436.00,1437.50,3808,0
ACC,20200730,11:42,1437.45,1437.85,1437.30,1437.85,1686,0
ACC,20200730,11:43,1437.85,1437.85,1437.70,1437.75,1513,0
ACC,20200730,11:44,1437.75,1437.85,1436.45,1436.45,2928,0
ACC,20200730,11:45,1436.50,1436.80,1435.55,1435.55,2342,0
ACC,20200730,11:46,1435.75,1436.40,1435.50,1435.55,4508,0
ACC,20200730,11:47,1433.85,1435.00,1433.40,1435.00,11158,0
ACC,20200730,11:48,1435.00,1436.00,1435.00,1436.00,2623,0
ACC,20200730,11:49,1435.65,1437.60,1435.10,1437.45,4109,0
ACC,20200730,11:50,1437.00,1437.85,1436.60,1436.60,3394,0
ACC,20200730,11:51,1436.60,1437.35,1436.60,1437.05,1138,0
ACC,20200730,11:52,1437.05,1437.40,1437.05,1437.40,904,0
ACC,20200730,11:53,1437.35,1437.45,1437.00,1437.40,2138,0
ACC,20200730,11:54,1437.05,1437.50,1437.05,1437.45,5914,0
ACC,20200730,11:55,1437.45,1439.55,1437.45,1439.35,5643,0
ACC,20200730,11:56,1439.75,1440.70,1439.55,1440.20,3775,0
ACC,20200730,11:57,1440.20,1440.20,1437.90,1439.05,6546,0
ACC,20200730,11:58,1438.65,1439.70,1438.00,1439.10,1961,0
ACC,20200730,11:59,1439.10,1439.75,1439.10,1439.60,656,0
ACC,20200730,12:00,1439.65,1439.65,1439.00,1439.30,1783,0
ACC,20200730,12:01,1438.75,1439.45,1438.65,1439.45,762,0
ACC,20200730,12:02,1439.30,1439.30,1438.80,1439.20,1064,0
ACC,20200730,12:03,1439.00,1439.20,1439.00,1439.20,824,0
ACC,20200730,12:04,1439.20,1439.45,1439.10,1439.40,1573,0
ACC,20200730,12:05,1439.45,1439.50,1439.10,1439.20,1946,0
ACC,20200730,12:06,1439.25,1440.00,1439.25,1440.00,2887,0
ACC,20200730,12:07,1439.85,1440.00,1439.85,1439.85,953,0
ACC,20200730,12:08,1440.00,1440.00,1439.50,1439.90,1234,0
ACC,20200730,12:09,1439.60,1439.90,1439.60,1439.60,763,0
ACC,20200730,12:10,1439.65,1439.65,1438.70,1438.70,996,0
ACC,20200730,12:11,1439.15,1439.15,1438.70,1438.85,473,0
ACC,20200730,12:12,1438.85,1439.40,1438.85,1439.20,556,0
ACC,20200730,12:13,1438.90,1439.40,1438.90,1438.90,703,0
ACC,20200730,12:14,1438.90,1438.90,1438.20,1438.25,2112,0
ACC,20200730,12:15,1438.25,1438.90,1438.25,1438.90,661,0
ACC,20200730,12:16,1438.80,1439.70,1438.80,1439.70,886,0
ACC,20200730,12:17,1439.50,1440.00,1439.50,1439.85,2218,0
ACC,20200730,12:18,1439.90,1440.05,1439.75,1440.00,3044,0
ACC,20200730,12:19,1440.25,1441.00,1440.00,1441.00,2245,0
ACC,20200730,12:20,1440.90,1441.85,1440.90,1441.20,2505,0
ACC,20200730,12:21,1441.70,1441.70,1441.15,1441.25,1709,0
ACC,20200730,12:22,1441.25,1441.75,1441.15,1441.35,1528,0
ACC,20200730,12:23,1441.75,1441.75,1441.35,1441.55,1443,0
ACC,20200730,12:24,1441.75,1443.50,1441.75,1443.00,11548,0
ACC,20200730,12:25,1443.00,1443.50,1441.00,1443.00,6328,0
ACC,20200730,12:26,1443.00,1443.50,1442.80,1443.40,3980,0
ACC,20200730,12:27,1443.00,1443.50,1442.15,1442.70,6186,0
ACC,20200730,12:28,1442.30,1443.20,1442.10,1443.00,3103,0
ACC,20200730,12:29,1442.45,1443.00,1442.45,1442.90,1297,0
ACC,20200730,12:30,1442.65,1442.90,1442.30,1442.40,3036,0
ACC,20200730,12:31,1442.45,1442.60,1440.65,1441.50,2075,0
ACC,20200730,12:32,1441.50,1441.50,1440.45,1441.10,1857,0
ACC,20200730,12:33,1440.90,1441.00,1440.20,1440.25,1382,0
ACC,20200730,12:34,1440.30,1440.50,1439.05,1439.40,2974,0
ACC,20200730,12:35,1439.40,1440.00,1439.20,1440.00,2349,0
ACC,20200730,12:36,1440.00,1440.70,1439.75,1440.55,4105,0
ACC,20200730,12:37,1440.50,1440.50,1439.50,1440.00,2707,0
ACC,20200730,12:38,1439.55,1440.00,1438.15,1439.40,5560,0
ACC,20200730,12:39,1438.55,1439.50,1438.25,1438.75,3806,0
ACC,20200730,12:40,1439.00,1439.00,1437.75,1437.75,6213,0
ACC,20200730,12:41,1437.95,1438.50,1437.70,1438.45,4500,0
ACC,20200730,12:42,1438.05,1438.40,1436.45,1437.75,9841,0
ACC,20200730,12:43,1437.20,1439.25,1437.20,1439.20,2359,0
ACC,20200730,12:44,1439.30,1440.00,1439.20,1440.00,1937,0
ACC,20200730,12:45,1440.00,1441.35,1439.80,1441.30,1142,0
ACC,20200730,12:46,1441.30,1441.30,1439.35,1439.70,3154,0
ACC,20200730,12:47,1439.70,1439.80,1439.10,1439.45,1047,0
ACC,20200730,12:48,1438.90,1439.45,1438.20,1439.25,955,0
ACC,20200730,12:49,1439.25,1439.30,1438.00,1438.00,3560,0
ACC,20200730,12:50,1437.90,1439.20,1436.00,1438.85,18472,0
ACC,20200730,12:51,1438.60,1439.75,1437.60,1439.00,1962,0
ACC,20200730,12:52,1439.00,1439.00,1437.35,1437.45,2579,0
ACC,20200730,12:53,1437.25,1438.00,1437.05,1437.70,1187,0
ACC,20200730,12:54,1437.70,1439.00,1437.70,1438.45,1749,0
ACC,20200730,12:55,1438.90,1439.20,1438.65,1438.90,1227,0
ACC,20200730,12:56,1438.90,1439.05,1438.30,1438.30,1868,0
ACC,20200730,12:57,1438.30,1438.90,1438.30,1438.90,682,0
ACC,20200730,12:58,1438.50,1438.95,1438.00,1438.05,3809,0
ACC,20200730,12:59,1438.00,1438.05,1437.05,1437.50,3935,0
ACC,20200730,13:00,1437.50,1437.75,1435.05,1435.05,5518,0
ACC,20200730,13:01,1435.65,1436.60,1432.75,1436.60,17687,0
ACC,20200730,13:02,1436.40,1436.90,1435.35,1435.70,2309,0
ACC,20200730,13:03,1435.70,1436.50,1435.00,1435.65,2449,0
ACC,20200730,13:04,1434.95,1436.00,1434.85,1435.00,6141,0
ACC,20200730,13:05,1435.50,1436.00,1435.45,1436.00,1335,0
ACC,20200730,13:06,1435.80,1438.20,1435.80,1437.40,2755,0
ACC,20200730,13:07,1437.45,1440.00,1437.45,1439.30,5000,0
ACC,20200730,13:08,1439.45,1440.65,1439.15,1439.30,3799,0
ACC,20200730,13:09,1439.30,1440.00,1438.70,1439.45,1580,0
ACC,20200730,13:10,1439.45,1439.75,1439.45,1439.55,1007,0
ACC,20200730,13:11,1440.00,1440.00,1438.10,1439.20,2622,0
ACC,20200730,13:12,1438.80,1439.70,1438.80,1439.55,543,0
ACC,20200730,13:13,1439.80,1439.80,1438.40,1438.95,3456,0
ACC,20200730,13:14,1439.15,1439.95,1438.95,1439.40,1256,0
ACC,20200730,13:15,1439.90,1439.90,1438.85,1439.00,1212,0
ACC,20200730,13:16,1439.00,1439.50,1438.90,1439.00,1136,0
ACC,20200730,13:17,1439.00,1439.00,1438.20,1438.35,1509,0
ACC,20200730,13:18,1438.85,1439.00,1438.20,1439.00,2169,0
ACC,20200730,13:19,1439.05,1441.15,1439.05,1440.95,6716,0
ACC,20200730,13:20,1440.95,1440.95,1439.25,1439.25,950,0
ACC,20200730,13:21,1439.70,1440.00,1438.65,1439.10,1005,0
ACC,20200730,13:22,1439.25,1439.25,1438.00,1438.30,1918,0
ACC,20200730,13:23,1438.10,1439.25,1438.00,1439.25,2556,0
ACC,20200730,13:24,1438.80,1439.15,1438.80,1439.15,1308,0
ACC,20200730,13:25,1439.10,1439.30,1438.30,1439.30,955,0
ACC,20200730,13:26,1438.95,1439.00,1437.60,1437.70,2326,0
ACC,20200730,13:27,1437.90,1438.35,1437.05,1437.45,1831,0
ACC,20200730,13:28,1437.45,1437.75,1437.05,1437.05,1166,0
ACC,20200730,13:29,1437.05,1437.50,1437.05,1437.10,1549,0
ACC,20200730,13:30,1437.15,1439.05,1437.10,1439.05,1418,0
ACC,20200730,13:31,1439.10,1440.00,1438.95,1440.00,3519,0
ACC,20200730,13:32,1439.80,1439.95,1439.10,1439.25,251,0
ACC,20200730,13:33,1439.70,1441.00,1439.70,1440.00,3391,0
ACC,20200730,13:34,1439.90,1440.80,1439.05,1440.80,1822,0
ACC,20200730,13:35,1440.70,1440.90,1440.70,1440.70,1018,0
ACC,20200730,13:36,1440.70,1440.70,1439.75,1440.00,628,0
ACC,20200730,13:37,1439.95,1440.15,1439.75,1439.85,836,0
ACC,20200730,13:38,1439.90,1441.40,1439.90,1441.25,3950,0
ACC,20200730,13:39,1441.40,1441.90,1441.35,1441.90,1915,0
ACC,20200730,13:40,1441.55,1442.00,1441.55,1442.00,2592,0
ACC,20200730,13:41,1441.85,1442.00,1441.85,1441.90,1153,0
ACC,20200730,13:42,1441.90,1442.00,1441.80,1441.80,1279,0
ACC,20200730,13:43,1441.35,1442.60,1441.30,1442.20,3632,0
ACC,20200730,13:44,1442.20,1447.65,1442.20,1447.40,29332,0
ACC,20200730,13:45,1447.65,1448.00,1447.05,1448.00,9238,0
ACC,20200730,13:46,1448.00,1448.00,1445.65,1445.65,7609,0
ACC,20200730,13:47,1445.40,1446.55,1445.05,1446.20,3766,0
ACC,20200730,13:48,1446.30,1446.30,1446.00,1446.10,3108,0
ACC,20200730,13:49,1446.15,1446.30,1445.40,1446.30,4028,0
ACC,20200730,13:50,1445.85,1446.40,1445.10,1446.35,3421,0
ACC,20200730,13:51,1446.40,1446.50,1446.35,1446.50,1677,0
ACC,20200730,13:52,1446.55,1446.85,1444.25,1444.50,4760,0
ACC,20200730,13:53,1444.50,1444.80,1442.30,1442.30,6847,0
ACC,20200730,13:54,1442.90,1442.95,1441.00,1442.55,6768,0
ACC,20200730,13:55,1442.50,1443.00,1442.50,1442.90,1597,0
ACC,20200730,13:56,1443.00,1443.95,1442.55,1443.45,5570,0
ACC,20200730,13:57,1443.45,1443.75,1442.55,1443.00,863,0
ACC,20200730,13:58,1443.00,1443.90,1443.00,1443.65,715,0
ACC,20200730,13:59,1443.55,1445.70,1443.55,1444.05,6614,0
ACC,20200730,14:00,1444.05,1445.05,1443.00,1444.40,3025,0
ACC,20200730,14:01,1444.10,1444.10,1441.55,1442.60,2773,0
ACC,20200730,14:02,1442.60,1442.60,1439.45,1440.30,6454,0
ACC,20200730,14:03,1440.90,1441.00,1440.20,1440.70,1184,0
ACC,20200730,14:04,1440.70,1440.90,1438.50,1440.00,6030,0
ACC,20200730,14:05,1440.00,1440.60,1439.55,1439.55,1518,0
ACC,20200730,14:06,1439.55,1439.85,1438.80,1439.00,4975,0
ACC,20200730,14:07,1439.00,1439.40,1438.30,1439.00,2008,0
ACC,20200730,14:08,1438.75,1439.60,1438.70,1439.25,1750,0
ACC,20200730,14:09,1438.95,1439.00,1437.50,1437.50,11779,0
ACC,20200730,14:10,1437.85,1438.20,1437.50,1438.00,2642,0
ACC,20200730,14:11,1437.50,1438.20,1437.20,1438.20,3497,0
ACC,20200730,14:12,1438.20,1438.20,1437.00,1437.00,6137,0
ACC,20200730,14:13,1437.00,1437.60,1436.00,1437.00,4611,0
ACC,20200730,14:14,1437.00,1438.00,1437.00,1438.00,3461,0
ACC,20200730,14:15,1437.60,1438.00,1437.60,1437.80,1148,0
ACC,20200730,14:16,1437.80,1437.95,1437.25,1437.60,2217,0
ACC,20200730,14:17,1437.60,1438.00,1437.25,1437.90,1479,0
ACC,20200730,14:18,1437.40,1437.65,1434.10,1434.10,11684,0
ACC,20200730,14:19,1435.00,1436.70,1434.10,1436.20,6269,0
ACC,20200730,14:20,1436.30,1436.30,1434.30,1435.00,5888,0
ACC,20200730,14:21,1434.35,1436.55,1434.35,1435.75,2176,0
ACC,20200730,14:22,1436.40,1438.00,1435.95,1437.30,3568,0
ACC,20200730,14:23,1435.25,1439.00,1435.25,1437.80,5722,0
ACC,20200730,14:24,1438.15,1438.55,1437.05,1438.30,1589,0
ACC,20200730,14:25,1438.25,1438.25,1437.00,1438.00,897,0
ACC,20200730,14:26,1437.75,1438.15,1437.55,1438.15,1424,0
ACC,20200730,14:27,1438.05,1439.40,1438.05,1439.25,1941,0
ACC,20200730,14:28,1438.95,1439.30,1438.40,1438.50,3393,0
ACC,20200730,14:29,1438.60,1438.65,1438.25,1438.25,1323,0
ACC,20200730,14:30,1438.25,1439.00,1438.25,1439.00,1150,0
ACC,20200730,14:31,1438.55,1443.00,1438.55,1441.65,7145,0
ACC,20200730,14:32,1442.70,1442.70,1439.90,1440.90,5411,0
ACC,20200730,14:33,1441.20,1441.55,1440.20,1440.65,1735,0
ACC,20200730,14:34,1441.00,1441.15,1440.35,1441.15,2874,0
ACC,20200730,14:35,1441.05,1442.00,1441.05,1442.00,1350,0
ACC,20200730,14:36,1442.00,1442.00,1441.25,1441.65,1747,0
ACC,20200730,14:37,1441.30,1441.30,1440.30,1440.70,3072,0
ACC,20200730,14:38,1440.65,1441.00,1440.65,1441.00,730,0
ACC,20200730,14:39,1441.15,1441.30,1440.80,1440.80,1199,0
ACC,20200730,14:40,1441.50,1442.60,1440.95,1442.60,4052,0
ACC,20200730,14:41,1442.30,1442.50,1441.70,1442.40,1638,0
ACC,20200730,14:42,1443.00,1443.00,1440.00,1440.20,4150,0
ACC,20200730,14:43,1440.00,1441.55,1440.00,1440.90,751,0
ACC,20200730,14:44,1440.90,1441.45,1440.45,1440.55,1218,0
ACC,20200730,14:45,1441.10,1441.10,1439.95,1440.85,909,0
ACC,20200730,14:46,1440.45,1441.15,1440.45,1440.95,1045,0
ACC,20200730,14:47,1440.90,1441.50,1440.65,1441.45,1601,0
ACC,20200730,14:48,1441.20,1441.45,1440.00,1440.95,938,0
ACC,20200730,14:49,1440.15,1441.50,1440.05,1441.50,826,0
ACC,20200730,14:50,1441.40,1443.50,1441.40,1443.45,2325,0
ACC,20200730,14:51,1443.40,1443.40,1441.05,1443.00,3571,0
ACC,20200730,14:52,1442.70,1443.00,1441.50,1442.25,3624,0
ACC,20200730,14:53,1442.25,1442.95,1442.00,1442.95,2675,0
ACC,20200730,14:54,1442.95,1442.95,1441.55,1442.25,2913,0
ACC,20200730,14:55,1442.25,1444.25,1442.00,1443.55,5276,0
ACC,20200730,14:56,1443.75,1443.75,1441.20,1442.50,4011,0
ACC,20200730,14:57,1442.55,1442.70,1441.65,1442.40,1465,0
ACC,20200730,14:58,1441.85,1442.15,1441.00,1441.60,1617,0
ACC,20200730,14:59,1441.55,1441.90,1440.40,1440.55,5336,0
ACC,20200730,15:00,1441.20,1441.65,1440.50,1441.50,3192,0
ACC,20200730,15:01,1441.60,1443.00,1441.60,1443.00,3958,0
ACC,20200730,15:02,1442.50,1446.00,1442.50,1445.15,12422,0
ACC,20200730,15:03,1444.90,1445.95,1444.60,1445.80,7754,0
ACC,20200730,15:04,1445.90,1449.90,1445.80,1449.90,17400,0
ACC,20200730,15:05,1449.65,1450.00,1445.55,1446.85,19969,0
ACC,20200730,15:06,1445.10,1447.00,1445.05,1446.25,7946,0
ACC,20200730,15:07,1446.05,1448.45,1446.05,1447.15,5307,0
ACC,20200730,15:08,1447.15,1449.10,1447.05,1449.05,5434,0
ACC,20200730,15:09,1448.45,1448.55,1446.60,1447.05,7589,0
ACC,20200730,15:10,1447.25,1447.95,1446.25,1446.60,8341,0
ACC,20200730,15:11,1446.90,1447.00,1445.20,1447.00,7321,0
ACC,20200730,15:12,1446.45,1447.45,1446.00,1446.80,8849,0
ACC,20200730,15:13,1447.00,1447.45,1446.90,1447.00,4426,0
ACC,20200730,15:14,1447.00,1447.95,1445.25,1445.75,7980,0
ACC,20200730,15:15,1445.25,1446.70,1445.00,1446.00,7446,0
ACC,20200730,15:16,1445.55,1447.00,1445.00,1447.00,7885,0
ACC,20200730,15:17,1446.40,1447.90,1446.00,1447.90,9671,0
ACC,20200730,15:18,1447.90,1449.30,1446.75,1447.00,16199,0
ACC,20200730,15:19,1447.00,1448.95,1447.00,1448.10,3569,0
ACC,20200730,15:20,1448.25,1449.50,1448.00,1449.45,5565,0
ACC,20200730,15:21,1448.10,1448.85,1445.00,1447.85,11394,0
ACC,20200730,15:22,1448.05,1450.70,1446.50,1447.95,23153,0
ACC,20200730,15:23,1448.05,1449.00,1446.00,1447.80,9911,0
ACC,20200730,15:24,1447.70,1448.50,1446.15,1447.70,12518,0
ACC,20200730,15:25,1447.70,1448.45,1447.00,1447.15,6456,0
ACC,20200730,15:26,1447.35,1448.30,1446.85,1447.95,4108,0
ACC,20200730,15:27,1446.90,1448.30,1445.90,1446.00,7200,0
ACC,20200730,15:28,1447.05,1448.50,1446.00,1447.00,4138,0
ACC,20200730,15:29,1447.00,1448.00,1446.10,1446.15,2993,0
ACC,20200730,15:30,1445.15,1447.00,1443.20,1444.00,1645,0
ACC,20200730,15:33,1447.20,1447.20,1447.20,1447.20,0,0
ACC,20200730,15:41,1447.20,1447.20,1447.20,1447.20,4,0
ACC,20200730,16:36,1447.20,1447.20,1447.20,1447.20,0,0
