DRREDDY_F1,20191111,09:16,2825.20,2831.00,2813.80,2815.10,8000,3284500
DRREDDY_F1,20191111,09:17,2813.10,2815.05,2807.80,2809.25,7500,3284500
DRREDDY_F1,20191111,09:18,2808.40,2808.85,2804.70,2808.00,8250,3289250
DRREDDY_F1,20191111,09:19,2809.85,2811.80,2809.70,2810.30,3000,3289250
DRREDDY_F1,20191111,09:20,2809.95,2810.25,2808.30,2809.05,2500,3289250
DRREDDY_F1,20191111,09:21,2807.90,2813.90,2807.45,2811.85,6250,3288750
DRREDDY_F1,20191111,09:22,2813.85,2819.70,2812.15,2813.35,7000,3288750
DRREDDY_F1,20191111,09:23,2811.00,2812.55,2808.60,2808.60,2750,3288750
DRREDDY_F1,20191111,09:24,2806.85,2808.95,2806.85,2807.25,3250,3288750
DRREDDY_F1,20191111,09:25,2807.00,2809.40,2806.10,2809.40,2750,3288750
DRREDDY_F1,20191111,09:26,2808.90,2812.35,2808.90,2812.35,4000,3288750
DRREDDY_F1,20191111,09:27,2812.30,2812.30,2809.00,2811.45,3250,3291000
DRREDDY_F1,20191111,09:28,2811.30,2813.05,2811.00,2812.65,1750,3291000
DRREDDY_F1,20191111,09:29,2811.95,2811.95,2811.00,2811.00,750,3291000
DRREDDY_F1,20191111,09:30,2812.35,2814.90,2811.85,2811.85,4750,3290500
DRREDDY_F1,20191111,09:31,2813.10,2814.40,2813.10,2814.40,500,3290500
DRREDDY_F1,20191111,09:32,2815.00,2815.75,2815.00,2815.75,1250,3290500
DRREDDY_F1,20191111,09:33,2814.60,2814.60,2812.40,2812.40,750,3290750
DRREDDY_F1,20191111,09:34,2813.00,2813.00,2810.00,2810.00,1500,3290750
DRREDDY_F1,20191111,09:35,2809.05,2809.05,2809.05,2809.05,250,3290750
DRREDDY_F1,20191111,09:36,2807.65,2808.80,2804.75,2804.75,1250,3291250
DRREDDY_F1,20191111,09:37,2806.95,2806.95,2806.40,2806.40,500,3291250
DRREDDY_F1,20191111,09:38,2807.50,2807.75,2807.30,2807.30,750,3291250
DRREDDY_F1,20191111,09:39,2807.75,2807.75,2807.30,2807.30,500,3291750
DRREDDY_F1,20191111,09:40,2806.95,2809.00,2806.95,2809.00,2500,3291750
DRREDDY_F1,20191111,09:41,2808.55,2809.40,2808.55,2809.40,500,3291750
DRREDDY_F1,20191111,09:42,2807.95,2809.30,2807.95,2809.30,1500,3291250
DRREDDY_F1,20191111,09:43,2810.70,2810.70,2810.20,2810.70,2000,3291250
DRREDDY_F1,20191111,09:44,2811.65,2811.65,2810.85,2810.85,1250,3291250
DRREDDY_F1,20191111,09:45,2813.30,2814.30,2813.15,2814.30,4000,3292250
DRREDDY_F1,20191111,09:46,2814.40,2814.80,2814.35,2814.80,1000,3292250
DRREDDY_F1,20191111,09:47,2814.80,2814.95,2814.80,2814.95,1250,3292250
DRREDDY_F1,20191111,09:48,2814.50,2815.05,2814.50,2815.05,1000,3294500
DRREDDY_F1,20191111,09:49,2814.40,2815.20,2814.30,2814.30,1000,3294500
DRREDDY_F1,20191111,09:50,2814.65,2814.65,2814.55,2814.55,500,3294500
DRREDDY_F1,20191111,09:51,2813.75,2815.35,2813.75,2815.00,1750,3297250
DRREDDY_F1,20191111,09:52,2815.40,2816.30,2815.05,2815.70,4000,3297250
DRREDDY_F1,20191111,09:53,2817.30,2817.65,2816.50,2817.45,4250,3297250
DRREDDY_F1,20191111,09:54,2818.05,2820.05,2818.05,2818.45,6000,3302250
DRREDDY_F1,20191111,09:55,2820.00,2821.00,2818.00,2819.10,7750,3302250
DRREDDY_F1,20191111,09:56,2819.00,2822.85,2819.00,2822.20,7000,3302250
DRREDDY_F1,20191111,09:57,2822.00,2823.15,2820.75,2821.10,4500,3296000
DRREDDY_F1,20191111,09:58,2822.00,2822.00,2820.80,2822.00,2500,3296000
DRREDDY_F1,20191111,09:59,2824.65,2826.50,2824.20,2825.25,7250,3296000
DRREDDY_F1,20191111,10:00,2827.00,2828.50,2824.85,2824.85,12250,3295250
DRREDDY_F1,20191111,10:01,2825.00,2825.00,2824.00,2824.00,500,3295250
DRREDDY_F1,20191111,10:02,2824.85,2824.85,2823.00,2823.00,1250,3295250
DRREDDY_F1,20191111,10:03,2822.45,2822.45,2822.45,2822.45,250,3297250
DRREDDY_F1,20191111,10:04,2824.20,2824.20,2822.80,2824.00,1750,3297250
DRREDDY_F1,20191111,10:05,2823.05,2825.25,2823.05,2825.25,1000,3297250
DRREDDY_F1,20191111,10:06,2824.20,2825.85,2823.60,2825.85,2000,3297250
DRREDDY_F1,20191111,10:07,2824.60,2826.20,2824.60,2824.95,1000,3297250
DRREDDY_F1,20191111,10:08,2824.95,2824.95,2823.75,2823.75,500,3297250
DRREDDY_F1,20191111,10:09,2823.75,2825.00,2823.75,2824.45,1000,3298250
DRREDDY_F1,20191111,10:10,2825.75,2825.75,2825.75,2825.75,250,3298250
DRREDDY_F1,20191111,10:11,2825.70,2825.70,2822.35,2822.35,750,3298250
DRREDDY_F1,20191111,10:12,2822.30,2823.35,2822.30,2823.35,750,3298250
DRREDDY_F1,20191111,10:14,2823.75,2823.75,2822.05,2822.05,750,3298250
DRREDDY_F1,20191111,10:15,2821.50,2824.10,2821.50,2824.10,1500,3298500
DRREDDY_F1,20191111,10:17,2822.65,2822.65,2821.95,2821.95,750,3298500
DRREDDY_F1,20191111,10:18,2822.60,2822.60,2822.60,2822.60,500,3298500
DRREDDY_F1,20191111,10:20,2822.80,2822.80,2822.80,2822.80,250,3298500
DRREDDY_F1,20191111,10:21,2821.10,2821.10,2821.10,2821.10,250,3298250
DRREDDY_F1,20191111,10:22,2822.80,2822.80,2820.75,2820.75,750,3298250
DRREDDY_F1,20191111,10:23,2820.45,2820.45,2820.45,2820.45,250,3298250
DRREDDY_F1,20191111,10:24,2821.50,2821.50,2821.50,2821.50,250,3298750
DRREDDY_F1,20191111,10:25,2820.00,2820.00,2820.00,2820.00,1500,3298750
DRREDDY_F1,20191111,10:26,2817.85,2817.85,2817.80,2817.80,1750,3298750
DRREDDY_F1,20191111,10:27,2817.80,2819.00,2817.80,2819.00,750,3298750
DRREDDY_F1,20191111,10:28,2819.25,2822.35,2819.25,2822.35,2000,3299000
DRREDDY_F1,20191111,10:29,2821.25,2821.25,2821.25,2821.25,250,3299000
DRREDDY_F1,20191111,10:30,2821.40,2822.00,2821.40,2821.70,750,3300250
DRREDDY_F1,20191111,10:31,2820.65,2821.75,2820.65,2821.75,750,3300250
DRREDDY_F1,20191111,10:32,2821.90,2821.90,2820.80,2820.80,500,3300250
DRREDDY_F1,20191111,10:33,2819.65,2819.65,2819.00,2819.00,750,3301000
DRREDDY_F1,20191111,10:34,2821.60,2821.60,2820.05,2820.60,750,3301000
DRREDDY_F1,20191111,10:35,2821.40,2822.60,2821.40,2822.60,1500,3301000
DRREDDY_F1,20191111,10:36,2822.40,2822.40,2822.40,2822.40,250,3301000
DRREDDY_F1,20191111,10:37,2822.10,2822.25,2822.10,2822.20,750,3302000
DRREDDY_F1,20191111,10:38,2821.35,2821.35,2821.35,2821.35,250,3302000
DRREDDY_F1,20191111,10:39,2820.00,2821.50,2820.00,2821.50,1250,3302000
DRREDDY_F1,20191111,10:40,2820.75,2820.75,2819.30,2819.70,1250,3303250
DRREDDY_F1,20191111,10:41,2822.25,2823.05,2822.25,2823.05,1500,3303250
DRREDDY_F1,20191111,10:43,2822.25,2823.00,2822.25,2823.00,1000,3304250
DRREDDY_F1,20191111,10:45,2824.00,2825.45,2824.00,2825.45,2000,3305500
DRREDDY_F1,20191111,10:46,2824.35,2825.35,2811.30,2815.00,32250,3305500
DRREDDY_F1,20191111,10:47,2816.65,2820.00,2814.90,2819.00,4750,3305500
DRREDDY_F1,20191111,10:48,2818.90,2820.45,2818.05,2820.45,5000,3318500
DRREDDY_F1,20191111,10:49,2819.65,2822.75,2819.65,2820.95,4000,3318500
DRREDDY_F1,20191111,10:50,2822.40,2823.40,2821.65,2823.40,4000,3318500
DRREDDY_F1,20191111,10:51,2821.45,2821.45,2820.70,2820.70,500,3318500
DRREDDY_F1,20191111,10:52,2820.60,2822.45,2820.60,2822.45,2000,3315250
DRREDDY_F1,20191111,10:53,2821.65,2821.65,2821.65,2821.65,250,3315250
DRREDDY_F1,20191111,10:54,2821.60,2822.00,2821.60,2822.00,750,3316750
DRREDDY_F1,20191111,10:56,2823.30,2823.30,2823.30,2823.30,500,3316750
DRREDDY_F1,20191111,10:58,2822.35,2822.75,2821.60,2822.75,750,3316500
DRREDDY_F1,20191111,10:59,2823.35,2823.35,2821.50,2821.50,500,3316500
DRREDDY_F1,20191111,11:00,2821.35,2823.00,2821.35,2822.75,750,3316500
DRREDDY_F1,20191111,11:02,2821.65,2822.75,2821.65,2822.75,1250,3311750
DRREDDY_F1,20191111,11:03,2822.45,2822.45,2822.45,2822.45,250,3311750
DRREDDY_F1,20191111,11:04,2822.50,2822.50,2822.40,2822.40,750,3311250
DRREDDY_F1,20191111,11:05,2824.00,2824.90,2824.00,2824.90,1250,3311250
DRREDDY_F1,20191111,11:06,2825.85,2827.40,2823.50,2825.15,3250,3310000
DRREDDY_F1,20191111,11:07,2826.10,2826.10,2826.10,2826.10,250,3310000
DRREDDY_F1,20191111,11:08,2826.05,2826.05,2824.30,2825.65,1000,3310000
DRREDDY_F1,20191111,11:09,2825.95,2825.95,2822.85,2822.85,1500,3311000
DRREDDY_F1,20191111,11:10,2824.85,2824.85,2824.85,2824.85,250,3311000
DRREDDY_F1,20191111,11:11,2825.20,2825.20,2824.50,2825.00,1250,3311000
DRREDDY_F1,20191111,11:12,2826.15,2826.15,2825.25,2825.25,500,3311000
DRREDDY_F1,20191111,11:13,2825.95,2826.45,2825.95,2826.45,1000,3310750
DRREDDY_F1,20191111,11:14,2826.90,2826.90,2825.50,2826.40,1250,3310750
DRREDDY_F1,20191111,11:15,2825.15,2825.15,2825.15,2825.15,250,3310750
DRREDDY_F1,20191111,11:17,2826.25,2826.25,2825.15,2825.15,500,3309500
DRREDDY_F1,20191111,11:19,2825.25,2825.25,2825.25,2825.25,250,3309750
DRREDDY_F1,20191111,11:20,2825.50,2825.50,2825.50,2825.50,250,3309750
DRREDDY_F1,20191111,11:21,2824.85,2824.85,2824.85,2824.85,250,3309750
DRREDDY_F1,20191111,11:23,2825.35,2825.45,2825.35,2825.45,750,3309000
DRREDDY_F1,20191111,11:25,2825.70,2825.70,2824.20,2825.50,1250,3309750
DRREDDY_F1,20191111,11:26,2825.25,2825.25,2825.25,2825.25,250,3309750
DRREDDY_F1,20191111,11:27,2824.90,2824.90,2824.90,2824.90,500,3309750
DRREDDY_F1,20191111,11:28,2824.50,2824.50,2824.50,2824.50,250,3311500
DRREDDY_F1,20191111,11:29,2825.55,2826.45,2824.70,2825.80,2750,3311500
DRREDDY_F1,20191111,11:30,2827.05,2827.05,2827.05,2827.05,250,3312000
DRREDDY_F1,20191111,11:31,2827.85,2829.00,2827.85,2828.45,2250,3312000
DRREDDY_F1,20191111,11:32,2827.60,2833.00,2827.60,2833.00,10000,3312000
DRREDDY_F1,20191111,11:33,2833.90,2833.90,2831.10,2831.80,5250,3306500
DRREDDY_F1,20191111,11:34,2830.45,2830.45,2829.05,2829.05,750,3306500
DRREDDY_F1,20191111,11:35,2829.05,2831.95,2829.05,2831.40,1500,3306500
DRREDDY_F1,20191111,11:36,2831.95,2832.00,2831.50,2832.00,750,3306500
DRREDDY_F1,20191111,11:37,2833.95,2834.60,2833.60,2833.60,3000,3306500
DRREDDY_F1,20191111,11:38,2833.60,2834.55,2833.10,2834.15,2250,3306500
DRREDDY_F1,20191111,11:39,2834.75,2834.75,2834.60,2834.60,500,3308250
DRREDDY_F1,20191111,11:40,2835.00,2836.75,2835.00,2836.50,2750,3308250
DRREDDY_F1,20191111,11:41,2834.55,2834.55,2832.20,2832.20,1750,3308250
DRREDDY_F1,20191111,11:42,2831.90,2833.05,2831.90,2833.05,1500,3308250
DRREDDY_F1,20191111,11:43,2833.50,2833.50,2833.50,2833.50,250,3306750
DRREDDY_F1,20191111,11:44,2834.95,2835.95,2834.00,2834.00,1000,3306750
DRREDDY_F1,20191111,11:45,2834.90,2834.90,2834.00,2834.00,500,3306750
DRREDDY_F1,20191111,11:46,2833.65,2833.65,2832.05,2832.05,1250,3307250
DRREDDY_F1,20191111,11:47,2833.20,2835.95,2833.20,2835.95,1750,3307250
DRREDDY_F1,20191111,11:48,2836.00,2836.00,2832.50,2832.50,1000,3308500
DRREDDY_F1,20191111,11:49,2833.00,2833.05,2833.00,2833.05,500,3308500
DRREDDY_F1,20191111,11:50,2833.95,2833.95,2829.90,2829.90,2000,3308500
DRREDDY_F1,20191111,11:51,2829.10,2830.50,2829.10,2830.50,1500,3308500
DRREDDY_F1,20191111,11:52,2830.15,2830.15,2829.25,2829.25,750,3310500
DRREDDY_F1,20191111,11:53,2829.20,2829.20,2828.40,2828.40,1500,3310500
DRREDDY_F1,20191111,11:54,2827.95,2827.95,2827.60,2827.60,500,3310500
DRREDDY_F1,20191111,11:55,2827.00,2827.65,2826.50,2827.65,750,3311250
DRREDDY_F1,20191111,11:57,2828.00,2830.15,2828.00,2828.50,1000,3311250
DRREDDY_F1,20191111,11:58,2829.95,2829.95,2828.20,2828.20,750,3310500
DRREDDY_F1,20191111,11:59,2829.30,2829.30,2829.30,2829.30,250,3310500
DRREDDY_F1,20191111,12:00,2830.55,2830.55,2830.55,2830.55,250,3310500
DRREDDY_F1,20191111,12:01,2829.00,2830.55,2829.00,2829.55,1250,3310750
DRREDDY_F1,20191111,12:02,2830.55,2830.55,2829.05,2829.05,500,3310750
DRREDDY_F1,20191111,12:03,2828.95,2828.95,2828.05,2828.05,500,3310750
DRREDDY_F1,20191111,12:04,2828.90,2830.30,2828.90,2830.30,1500,3311500
DRREDDY_F1,20191111,12:06,2830.60,2832.05,2830.60,2832.05,2000,3311500
DRREDDY_F1,20191111,12:07,2831.60,2831.60,2831.60,2831.60,750,3312500
DRREDDY_F1,20191111,12:09,2830.80,2831.50,2830.80,2831.50,750,3312500
DRREDDY_F1,20191111,12:10,2831.50,2832.00,2831.50,2832.00,1250,3313250
DRREDDY_F1,20191111,12:11,2831.75,2832.20,2831.75,2832.20,500,3313250
DRREDDY_F1,20191111,12:12,2831.55,2831.55,2831.55,2831.55,250,3313250
DRREDDY_F1,20191111,12:13,2832.00,2832.00,2832.00,2832.00,250,3313250
DRREDDY_F1,20191111,12:14,2832.55,2835.40,2832.15,2835.40,4750,3313250
DRREDDY_F1,20191111,12:16,2835.00,2835.00,2834.55,2834.70,1500,3315500
DRREDDY_F1,20191111,12:17,2835.40,2835.40,2833.10,2833.10,1500,3315500
DRREDDY_F1,20191111,12:18,2833.90,2834.20,2833.05,2834.20,1000,3315500
DRREDDY_F1,20191111,12:20,2834.65,2834.65,2833.40,2833.40,500,3314250
DRREDDY_F1,20191111,12:21,2834.65,2835.85,2834.65,2835.75,1750,3313250
DRREDDY_F1,20191111,12:22,2835.65,2835.70,2834.00,2834.00,750,3313250
DRREDDY_F1,20191111,12:23,2834.10,2835.55,2834.10,2835.45,1000,3313250
DRREDDY_F1,20191111,12:24,2835.50,2835.50,2835.50,2835.50,250,3313250
DRREDDY_F1,20191111,12:25,2835.40,2835.40,2834.90,2834.90,1000,3314250
DRREDDY_F1,20191111,12:26,2835.45,2835.45,2835.45,2835.45,250,3314250
DRREDDY_F1,20191111,12:27,2835.50,2835.50,2834.35,2834.35,750,3314250
DRREDDY_F1,20191111,12:28,2835.50,2836.45,2835.50,2835.50,750,3314750
DRREDDY_F1,20191111,12:29,2836.00,2836.00,2836.00,2836.00,500,3314750
DRREDDY_F1,20191111,12:30,2836.30,2837.25,2836.30,2837.25,2000,3314750
DRREDDY_F1,20191111,12:31,2837.25,2837.25,2837.25,2837.25,250,3316000
DRREDDY_F1,20191111,12:32,2837.25,2837.25,2836.30,2836.30,500,3316000
DRREDDY_F1,20191111,12:33,2837.10,2837.10,2833.40,2833.40,1500,3316000
DRREDDY_F1,20191111,12:34,2834.00,2834.00,2834.00,2834.00,250,3316500
DRREDDY_F1,20191111,12:35,2833.40,2833.90,2832.90,2833.00,1000,3316500
DRREDDY_F1,20191111,12:36,2833.95,2833.95,2833.95,2833.95,250,3316500
DRREDDY_F1,20191111,12:37,2834.00,2834.00,2833.25,2833.25,750,3312500
DRREDDY_F1,20191111,12:38,2833.10,2833.10,2833.10,2833.10,250,3312500
DRREDDY_F1,20191111,12:39,2831.15,2832.30,2831.15,2831.25,2500,3313750
DRREDDY_F1,20191111,12:40,2831.65,2831.65,2829.50,2829.50,1500,3313750
DRREDDY_F1,20191111,12:41,2828.40,2828.40,2827.95,2828.00,1000,3313750
DRREDDY_F1,20191111,12:42,2828.60,2829.15,2828.55,2829.10,1250,3313750
DRREDDY_F1,20191111,12:43,2829.90,2829.90,2829.90,2829.90,250,3314250
DRREDDY_F1,20191111,12:44,2828.30,2831.35,2828.10,2831.35,1750,3314250
DRREDDY_F1,20191111,12:45,2830.75,2830.75,2830.60,2830.60,750,3314250
DRREDDY_F1,20191111,12:47,2830.90,2831.00,2830.90,2831.00,1000,3315500
DRREDDY_F1,20191111,12:48,2830.90,2831.20,2830.90,2831.20,500,3315500
DRREDDY_F1,20191111,12:49,2830.95,2831.50,2830.95,2831.10,2250,3316000
DRREDDY_F1,20191111,12:50,2831.00,2831.00,2830.00,2830.95,1000,3316000
DRREDDY_F1,20191111,12:52,2830.90,2830.90,2830.90,2830.90,250,3317250
DRREDDY_F1,20191111,12:54,2830.00,2830.75,2829.40,2829.40,1500,3317250
DRREDDY_F1,20191111,12:57,2831.35,2832.05,2831.35,2832.05,2000,3318750
DRREDDY_F1,20191111,12:58,2831.50,2832.80,2831.50,2832.80,1750,3319750
DRREDDY_F1,20191111,12:59,2833.80,2834.45,2832.50,2832.50,2750,3319750
DRREDDY_F1,20191111,13:01,2832.50,2832.50,2832.40,2832.40,750,3319000
DRREDDY_F1,20191111,13:02,2832.40,2833.00,2832.40,2832.50,2000,3319000
DRREDDY_F1,20191111,13:03,2832.50,2832.50,2830.25,2830.25,1250,3319000
DRREDDY_F1,20191111,13:06,2828.40,2828.40,2827.00,2827.00,500,3321500
DRREDDY_F1,20191111,13:07,2826.95,2827.70,2826.95,2827.70,750,3321250
DRREDDY_F1,20191111,13:08,2827.60,2827.75,2827.00,2827.75,750,3321250
DRREDDY_F1,20191111,13:10,2827.95,2828.90,2827.45,2827.45,750,3321750
DRREDDY_F1,20191111,13:11,2828.40,2828.40,2828.40,2828.40,500,3321750
DRREDDY_F1,20191111,13:12,2828.95,2828.95,2827.25,2828.50,1000,3321750
DRREDDY_F1,20191111,13:13,2828.80,2828.80,2828.30,2828.30,500,3321750
DRREDDY_F1,20191111,13:14,2828.35,2828.35,2825.55,2825.55,2000,3321750
DRREDDY_F1,20191111,13:15,2827.20,2827.20,2827.20,2827.20,250,3321750
DRREDDY_F1,20191111,13:16,2827.10,2827.20,2827.10,2827.20,750,3322000
DRREDDY_F1,20191111,13:17,2826.00,2826.00,2826.00,2826.00,250,3322000
DRREDDY_F1,20191111,13:18,2827.80,2827.80,2826.00,2826.00,500,3322000
DRREDDY_F1,20191111,13:19,2827.05,2827.05,2826.05,2826.25,750,3322250
DRREDDY_F1,20191111,13:20,2826.25,2826.80,2826.25,2826.80,500,3322250
DRREDDY_F1,20191111,13:21,2827.25,2827.25,2825.60,2825.60,1250,3322250
DRREDDY_F1,20191111,13:22,2825.75,2827.00,2825.55,2827.00,1750,3321500
DRREDDY_F1,20191111,13:24,2827.00,2827.00,2826.90,2826.90,500,3321500
DRREDDY_F1,20191111,13:25,2826.90,2826.90,2826.90,2826.90,250,3320500
DRREDDY_F1,20191111,13:26,2826.90,2826.90,2824.20,2824.20,1250,3320500
DRREDDY_F1,20191111,13:27,2825.90,2825.90,2825.90,2825.90,750,3320500
DRREDDY_F1,20191111,13:28,2825.00,2825.25,2824.95,2825.25,2000,3320250
DRREDDY_F1,20191111,13:29,2825.25,2826.00,2825.25,2826.00,1000,3320250
DRREDDY_F1,20191111,13:30,2827.20,2827.20,2825.80,2825.80,500,3320250
DRREDDY_F1,20191111,13:31,2827.75,2827.75,2827.75,2827.75,250,3321250
DRREDDY_F1,20191111,13:32,2829.05,2829.05,2826.85,2826.85,750,3321250
DRREDDY_F1,20191111,13:34,2827.10,2827.10,2827.10,2827.10,250,3321250
DRREDDY_F1,20191111,13:36,2828.00,2829.45,2828.00,2829.45,500,3321250
DRREDDY_F1,20191111,13:37,2829.55,2829.55,2829.55,2829.55,250,3320000
DRREDDY_F1,20191111,13:39,2830.20,2831.90,2830.20,2830.90,1250,3320000
DRREDDY_F1,20191111,13:41,2830.90,2831.55,2830.90,2831.55,500,3321000
DRREDDY_F1,20191111,13:42,2832.10,2832.10,2832.10,2832.10,250,3321000
DRREDDY_F1,20191111,13:44,2832.35,2833.50,2832.35,2833.15,2750,3320500
DRREDDY_F1,20191111,13:45,2833.15,2833.15,2833.15,2833.15,250,3320500
DRREDDY_F1,20191111,13:46,2833.00,2833.95,2832.65,2833.25,1250,3321500
DRREDDY_F1,20191111,13:47,2833.00,2834.00,2833.00,2834.00,1000,3321500
DRREDDY_F1,20191111,13:48,2835.55,2835.55,2832.50,2832.50,2250,3321500
DRREDDY_F1,20191111,13:49,2832.45,2832.45,2829.55,2829.55,1500,3324250
DRREDDY_F1,20191111,13:50,2828.00,2828.00,2828.00,2828.00,500,3324250
DRREDDY_F1,20191111,13:51,2828.15,2828.15,2826.85,2827.00,750,3324250
DRREDDY_F1,20191111,13:54,2828.10,2828.10,2828.10,2828.10,250,3323250
DRREDDY_F1,20191111,13:56,2826.95,2828.50,2826.95,2828.50,750,3323500
DRREDDY_F1,20191111,13:58,2826.40,2828.55,2826.40,2828.55,500,3323250
DRREDDY_F1,20191111,14:00,2828.60,2828.60,2827.85,2827.85,500,3323250
DRREDDY_F1,20191111,14:03,2827.30,2827.30,2827.30,2827.30,1000,3323500
DRREDDY_F1,20191111,14:05,2827.50,2827.70,2827.50,2827.70,500,3324000
DRREDDY_F1,20191111,14:07,2826.40,2826.40,2826.40,2826.40,250,3324250
DRREDDY_F1,20191111,14:08,2827.90,2827.90,2827.90,2827.90,750,3324250
DRREDDY_F1,20191111,14:09,2827.00,2827.00,2826.50,2826.50,500,3324250
DRREDDY_F1,20191111,14:10,2826.85,2827.00,2825.80,2825.80,1750,3324000
DRREDDY_F1,20191111,14:11,2826.95,2826.95,2826.95,2826.95,500,3324000
DRREDDY_F1,20191111,14:12,2826.00,2826.00,2825.40,2825.40,500,3324000
DRREDDY_F1,20191111,14:13,2826.20,2826.20,2826.20,2826.20,500,3324250
DRREDDY_F1,20191111,14:14,2825.90,2825.90,2825.90,2825.90,250,3324250
DRREDDY_F1,20191111,14:15,2826.40,2826.40,2825.05,2825.05,750,3324250
DRREDDY_F1,20191111,14:16,2825.50,2825.50,2825.50,2825.50,250,3324250
DRREDDY_F1,20191111,14:17,2826.00,2827.05,2826.00,2827.05,500,3324250
DRREDDY_F1,20191111,14:18,2827.45,2827.45,2827.45,2827.45,250,3324250
DRREDDY_F1,20191111,14:19,2827.10,2827.10,2827.10,2827.10,250,3324250
DRREDDY_F1,20191111,14:20,2825.75,2825.75,2824.00,2824.00,4000,3324500
DRREDDY_F1,20191111,14:22,2825.00,2827.20,2825.00,2827.20,500,3324000
DRREDDY_F1,20191111,14:23,2827.30,2827.30,2827.30,2827.30,500,3324000
DRREDDY_F1,20191111,14:24,2827.95,2827.95,2827.95,2827.95,250,3324000
DRREDDY_F1,20191111,14:25,2825.30,2827.20,2825.30,2827.20,1250,3324250
DRREDDY_F1,20191111,14:26,2826.80,2826.80,2825.55,2825.55,500,3324250
DRREDDY_F1,20191111,14:27,2825.40,2825.80,2825.40,2825.80,1000,3324250
DRREDDY_F1,20191111,14:29,2825.80,2826.60,2825.00,2825.00,1000,3324000
DRREDDY_F1,20191111,14:30,2826.40,2826.40,2826.40,2826.40,250,3324000
DRREDDY_F1,20191111,14:31,2826.60,2827.15,2826.60,2826.95,1500,3324000
DRREDDY_F1,20191111,14:32,2826.55,2826.55,2825.00,2825.00,1000,3324000
DRREDDY_F1,20191111,14:33,2823.65,2823.65,2822.00,2822.00,750,3324000
DRREDDY_F1,20191111,14:34,2822.90,2822.90,2817.75,2817.75,5500,3324250
DRREDDY_F1,20191111,14:35,2818.45,2819.00,2818.45,2819.00,750,3324250
DRREDDY_F1,20191111,14:36,2819.20,2819.60,2818.60,2819.60,1000,3324250
DRREDDY_F1,20191111,14:37,2820.00,2820.00,2820.00,2820.00,1250,3324250
DRREDDY_F1,20191111,14:38,2819.85,2820.35,2819.85,2820.35,1250,3320250
DRREDDY_F1,20191111,14:39,2819.75,2819.75,2818.50,2818.50,1000,3320250
DRREDDY_F1,20191111,14:40,2818.50,2818.50,2818.50,2818.50,250,3319000
DRREDDY_F1,20191111,14:41,2819.00,2820.20,2819.00,2820.20,500,3319000
DRREDDY_F1,20191111,14:42,2820.05,2820.55,2820.05,2820.55,1500,3319000
DRREDDY_F1,20191111,14:43,2820.00,2821.60,2820.00,2821.60,750,3317750
DRREDDY_F1,20191111,14:44,2819.85,2820.00,2819.85,2820.00,1000,3317750
DRREDDY_F1,20191111,14:46,2821.95,2821.95,2821.95,2821.95,250,3317500
DRREDDY_F1,20191111,14:47,2822.50,2822.50,2822.50,2822.50,2000,3317500
DRREDDY_F1,20191111,14:48,2823.20,2823.20,2822.05,2822.05,1000,3317500
DRREDDY_F1,20191111,14:49,2824.05,2824.05,2821.00,2821.00,14000,3315000
DRREDDY_F1,20191111,14:50,2820.25,2820.25,2820.00,2820.00,500,3315000
DRREDDY_F1,20191111,14:51,2821.20,2822.00,2821.20,2822.00,500,3315000
DRREDDY_F1,20191111,14:53,2822.70,2822.70,2820.20,2820.20,750,3316000
DRREDDY_F1,20191111,14:55,2821.30,2821.30,2821.30,2821.30,500,3315750
DRREDDY_F1,20191111,14:57,2821.40,2821.40,2821.40,2821.40,250,3315750
DRREDDY_F1,20191111,14:58,2821.90,2823.15,2821.90,2823.15,750,3315750
DRREDDY_F1,20191111,14:59,2824.95,2824.95,2824.95,2824.95,1000,3315750
DRREDDY_F1,20191111,15:00,2824.10,2824.40,2823.75,2824.40,1000,3316750
DRREDDY_F1,20191111,15:01,2822.85,2826.05,2822.85,2824.90,1750,3318500
DRREDDY_F1,20191111,15:02,2825.80,2825.80,2825.80,2825.80,250,3318500
DRREDDY_F1,20191111,15:03,2825.50,2825.90,2825.50,2825.70,1000,3318500
DRREDDY_F1,20191111,15:04,2825.75,2826.05,2825.75,2826.05,1500,3319750
DRREDDY_F1,20191111,15:05,2825.60,2826.30,2825.60,2825.60,1750,3319750
DRREDDY_F1,20191111,15:06,2825.95,2826.80,2825.95,2826.60,1000,3319750
DRREDDY_F1,20191111,15:07,2825.95,2827.00,2825.95,2826.15,2500,3319750
DRREDDY_F1,20191111,15:08,2826.00,2826.40,2826.00,2826.20,750,3319750
DRREDDY_F1,20191111,15:09,2826.45,2828.25,2826.45,2828.25,3000,3319750
DRREDDY_F1,20191111,15:10,2827.30,2827.30,2826.50,2826.50,2000,3318500
DRREDDY_F1,20191111,15:11,2826.00,2828.55,2826.00,2828.55,1500,3318500
DRREDDY_F1,20191111,15:12,2827.75,2828.65,2827.75,2827.80,2500,3318500
DRREDDY_F1,20191111,15:13,2826.90,2829.25,2826.90,2829.25,1750,3319250
DRREDDY_F1,20191111,15:14,2828.35,2829.60,2826.30,2826.30,2500,3319250
DRREDDY_F1,20191111,15:15,2825.20,2828.55,2825.20,2828.55,3500,3319250
DRREDDY_F1,20191111,15:16,2828.45,2829.20,2826.65,2829.20,5750,3318750
DRREDDY_F1,20191111,15:17,2829.00,2829.40,2826.00,2826.00,5250,3318750
DRREDDY_F1,20191111,15:18,2827.00,2828.20,2826.85,2828.20,2500,3318750
DRREDDY_F1,20191111,15:19,2827.15,2828.40,2826.90,2826.95,3750,3322500
DRREDDY_F1,20191111,15:20,2827.20,2827.20,2825.00,2825.00,3250,3322500
DRREDDY_F1,20191111,15:21,2824.05,2824.50,2823.25,2824.50,2000,3322500
DRREDDY_F1,20191111,15:22,2823.30,2824.90,2822.10,2824.90,3750,3323000
DRREDDY_F1,20191111,15:23,2824.05,2824.50,2823.80,2823.80,1500,3323000
DRREDDY_F1,20191111,15:24,2824.00,2825.45,2824.00,2824.05,3250,3323000
DRREDDY_F1,20191111,15:25,2823.75,2824.85,2823.75,2824.10,750,3323000
DRREDDY_F1,20191111,15:26,2824.10,2825.25,2823.75,2824.95,3000,3323250
DRREDDY_F1,20191111,15:27,2825.70,2825.75,2825.70,2825.70,1000,3323250
DRREDDY_F1,20191111,15:28,2825.60,2825.70,2825.05,2825.70,2000,3323750
DRREDDY_F1,20191111,15:29,2825.50,2825.50,2825.20,2825.35,1250,3323750
DRREDDY_F1,20191111,15:30,2824.15,2824.15,2822.35,2822.55,4000,3323750
DRREDDY_F1,20191111,18:00,2826.20,2826.20,2826.20,2826.20,1,3301750
