BPCL,20170830,09:08,510.9,510.9,510.9,510.9,4040
BPCL,20170830,09:16,510.8,510.85,508.6,509.5,16886
BPCL,20170830,09:17,509.45,509.5,508.75,508.9,11545
BPCL,20170830,09:18,509.1,509.1,508,508.65,6220
BPCL,20170830,09:19,508.55,509.7,508.55,509.7,8551
BPCL,20170830,09:20,509.65,510,509.65,510,6421
BPCL,20170830,09:21,510,510.8,510,510.05,9001
BPCL,20170830,09:22,510.25,510.25,509,509.1,8766
BPCL,20170830,09:23,508.9,508.95,508.15,508.5,7423
BPCL,20170830,09:24,508.55,508.85,508.45,508.55,6823
BPCL,20170830,09:25,508.4,509.1,508,509,47228
BPCL,20170830,09:26,509,509.8,508.8,509.8,12576
BPCL,20170830,09:27,509.65,509.65,508.45,508.45,8163
BPCL,20170830,09:28,508.8,509.8,508.5,509.7,4563
BPCL,20170830,09:29,509.65,509.8,509.25,509.45,4142
BPCL,20170830,09:30,509.45,509.75,509.1,509.45,4672
BPCL,20170830,09:31,509.25,509.8,509.2,509.8,11207
BPCL,20170830,09:32,509.8,510.95,509.6,510.85,16859
BPCL,20170830,09:33,510.4,511,510.4,510.7,11317
BPCL,20170830,09:34,510.4,511.5,510.4,511.5,9316
BPCL,20170830,09:35,511.5,511.5,510.8,511.25,7131
BPCL,20170830,09:36,511.2,512,511.05,511.7,12718
BPCL,20170830,09:37,511.7,511.9,511.45,511.65,12923
BPCL,20170830,09:38,511.6,511.65,511.4,511.55,4003
BPCL,20170830,09:39,511.6,511.9,511.5,511.85,8282
BPCL,20170830,09:40,511.85,511.95,511.75,511.8,5977
BPCL,20170830,09:41,511.9,512,511.75,512,11032
BPCL,20170830,09:42,511.9,512.95,511.8,512.95,13000
BPCL,20170830,09:43,512.7,513.5,512.65,513,21806
BPCL,20170830,09:44,513.15,513.15,512.15,512.35,15784
BPCL,20170830,09:45,512.6,512.6,512.1,512.6,6731
BPCL,20170830,09:46,512.6,512.85,512.15,512.3,5703
BPCL,20170830,09:47,512.3,512.5,512,512,6625
BPCL,20170830,09:48,512.25,512.25,511.7,512.25,9324
BPCL,20170830,09:49,512.45,512.45,511.75,511.95,7443
BPCL,20170830,09:50,511.95,512,511.55,511.75,3812
BPCL,20170830,09:51,511.95,512.15,511.75,512,7336
BPCL,20170830,09:52,512,512.2,511.95,512.05,5404
BPCL,20170830,09:53,512.05,512.6,512.05,512.6,7040
BPCL,20170830,09:54,512.45,513.4,512.35,512.55,16427
BPCL,20170830,09:55,512.6,513.3,512.3,513.05,7479
BPCL,20170830,09:56,513.05,513.4,512.9,513.2,6722
BPCL,20170830,09:57,513.05,513.4,512.9,512.9,5594
BPCL,20170830,09:58,513.2,513.4,512.75,513.3,4323
BPCL,20170830,09:59,513.1,513.15,512.75,512.9,7610
BPCL,20170830,10:00,512.8,513.25,512.7,512.8,8337
BPCL,20170830,10:01,512.7,513.15,512.7,513,4091
BPCL,20170830,10:02,513,513.15,512.6,512.9,4186
BPCL,20170830,10:03,513,513,512.6,513,2779
BPCL,20170830,10:04,513,513.3,512.65,513.3,5507
BPCL,20170830,10:05,513.4,514,513,513.45,16574
BPCL,20170830,10:06,513.5,513.85,513.15,513.85,4671
BPCL,20170830,10:07,513.85,514,513.3,513.55,5737
BPCL,20170830,10:08,513.65,513.8,513.35,513.55,6522
BPCL,20170830,10:09,513.5,513.9,513.5,513.8,2455
BPCL,20170830,10:10,513.65,513.8,512.8,513,5010
BPCL,20170830,10:11,512.9,513.3,512.55,512.95,5604
BPCL,20170830,10:12,512.75,512.95,511.9,512.2,8008
BPCL,20170830,10:13,512,512.65,511.8,512.55,4156
BPCL,20170830,10:14,512.55,512.65,512.15,512.6,4749
BPCL,20170830,10:15,512.7,512.7,512.05,512.35,2994
BPCL,20170830,10:16,512.45,512.5,512.1,512.25,2321
BPCL,20170830,10:17,512.35,512.5,512.2,512.45,2221
BPCL,20170830,10:18,512.2,512.45,511.8,511.95,6086
BPCL,20170830,10:19,511.8,511.95,511.5,511.95,5381
BPCL,20170830,10:20,511.6,512,511.5,511.8,9906
BPCL,20170830,10:21,511.7,512,511.55,511.9,2690
BPCL,20170830,10:22,511.9,511.9,511.3,511.45,7598
BPCL,20170830,10:23,511.6,511.6,511.2,511.25,9349
BPCL,20170830,10:24,511.2,511.65,511.2,511.65,4456
BPCL,20170830,10:25,511.7,511.9,511.5,511.75,2401
BPCL,20170830,10:26,511.65,511.8,511.3,511.55,10205
BPCL,20170830,10:27,511.4,511.55,510.85,511,15990
BPCL,20170830,10:28,511,511,509.8,509.8,25025
BPCL,20170830,10:29,509.9,510.75,509.9,510.5,10551
BPCL,20170830,10:30,510.55,511,510.35,511,4527
BPCL,20170830,10:31,511,511.2,510.75,510.9,2972
BPCL,20170830,10:32,510.9,511.55,510.75,511.5,4982
BPCL,20170830,10:33,511.5,512,511.5,511.7,3101
BPCL,20170830,10:34,511.7,512,511.25,511.6,3983
BPCL,20170830,10:35,511.6,511.85,511.3,511.85,2857
BPCL,20170830,10:36,511.95,511.95,511.6,511.95,4297
BPCL,20170830,10:37,511.85,512,511.6,511.8,4058
BPCL,20170830,10:38,511.95,512,511.65,511.95,2255
BPCL,20170830,10:39,511.95,512,511.75,511.95,2373
BPCL,20170830,10:40,511.95,512,511.8,512,6081
BPCL,20170830,10:41,512.1,512.1,511.8,512,5762
BPCL,20170830,10:42,511.95,512,511.8,512,3323
BPCL,20170830,10:43,511.85,512,511.65,511.9,3157
BPCL,20170830,10:44,512,512.05,511.75,512,3466
BPCL,20170830,10:45,512,512.1,511.8,512,2901
BPCL,20170830,10:46,512,512.05,511.7,511.9,5550
BPCL,20170830,10:47,511.9,512.1,511.85,512.1,3990
BPCL,20170830,10:48,512.15,512.2,511.9,512.2,2853
BPCL,20170830,10:49,512.25,512.25,512,512.25,3459
BPCL,20170830,10:50,512.25,512.25,511.7,512,4036
BPCL,20170830,10:51,512,512.1,511.75,512,6830
BPCL,20170830,10:52,512,512.1,511.65,511.65,5345
BPCL,20170830,10:53,511.65,512,511.65,511.75,4066
BPCL,20170830,10:54,511.95,512,511.7,511.7,3320
BPCL,20170830,10:55,511.7,512,511.5,511.55,3173
BPCL,20170830,10:56,511.7,511.95,511.3,511.55,4580
BPCL,20170830,10:57,511.9,512,511.55,511.7,6175
BPCL,20170830,10:58,512,512.1,511.6,511.8,6350
BPCL,20170830,10:59,512,512.3,511.6,511.8,14906
BPCL,20170830,11:00,511.95,512.15,511.6,511.85,9680
BPCL,20170830,11:01,511.9,512.25,511.65,512.2,4493
BPCL,20170830,11:02,512.15,512.4,511.85,512.3,3826
BPCL,20170830,11:03,512.3,512.9,512.1,512.85,8301
BPCL,20170830,11:04,512.85,512.95,512.4,512.8,8662
BPCL,20170830,11:05,512.8,512.9,512.4,512.6,7023
BPCL,20170830,11:06,512.6,512.95,512.35,512.8,4059
BPCL,20170830,11:07,512.7,512.8,512.35,512.55,3866
BPCL,20170830,11:08,512.55,513,512.55,513,6498
BPCL,20170830,11:09,512.85,513.5,512.85,513.5,18868
BPCL,20170830,11:10,513.5,514,513,513.75,15548
BPCL,20170830,11:11,513.75,514.5,513.75,514,24052
BPCL,20170830,11:12,514,514.5,514,514.3,10125
BPCL,20170830,11:13,514,514.35,513,513,11606
BPCL,20170830,11:14,512.95,513.5,512.85,513.1,6942
BPCL,20170830,11:15,513,513.55,512.85,513.45,5763
BPCL,20170830,11:16,513.45,513.65,512.9,513.3,3654
BPCL,20170830,11:17,513.35,513.4,513.05,513.35,2753
BPCL,20170830,11:18,513.5,513.55,513.1,513.55,5057
BPCL,20170830,11:19,513.7,513.75,513.3,513.75,3117
BPCL,20170830,11:20,513.5,513.9,513.3,513.65,3312
BPCL,20170830,11:21,513.6,513.9,513.55,513.7,4173
BPCL,20170830,11:22,513.55,514,513.55,513.95,7726
BPCL,20170830,11:23,513.9,514,513.85,513.9,6985
BPCL,20170830,11:24,513.9,514.35,513.9,514.3,9995
BPCL,20170830,11:25,514.3,515,514.3,514.55,22146
BPCL,20170830,11:26,514.45,514.5,514.05,514.3,9645
BPCL,20170830,11:27,514.65,514.95,514.25,514.8,12874
BPCL,20170830,11:28,514.75,515,514.5,514.65,10230
BPCL,20170830,11:29,514.65,514.9,514.45,514.7,6863
BPCL,20170830,11:30,514.8,515,514.7,515,7446
BPCL,20170830,11:31,514.95,515,514.5,514.85,8895
BPCL,20170830,11:32,514.9,514.95,514.4,514.75,13874
BPCL,20170830,11:33,514.6,514.6,514.25,514.4,3562
BPCL,20170830,11:34,514.35,514.85,514.25,514.6,5650
BPCL,20170830,11:35,514.25,514.5,514,514.35,4793
BPCL,20170830,11:36,514.45,514.45,514.2,514.4,4336
BPCL,20170830,11:37,514.3,514.5,514.3,514.3,4103
BPCL,20170830,11:38,514.45,514.45,514.25,514.45,5162
BPCL,20170830,11:39,514.45,514.5,514.3,514.45,4263
BPCL,20170830,11:40,514.5,514.7,514.3,514.7,4796
BPCL,20170830,11:41,514.7,515,514.45,515,5859
BPCL,20170830,11:42,515,515,514.7,514.8,3439
BPCL,20170830,11:43,514.7,515,514.7,514.8,3957
BPCL,20170830,11:44,514.7,514.95,514.55,514.9,6828
BPCL,20170830,11:45,514.95,515,514.6,514.85,7176
BPCL,20170830,11:46,515,515.45,514.7,515.45,21737
BPCL,20170830,11:47,515.45,516,515.35,515.85,27342
BPCL,20170830,11:48,515.85,516.8,515.55,516.75,37938
BPCL,20170830,11:49,516.45,516.8,516.1,516.4,10977
BPCL,20170830,11:50,516.35,516.6,516,516.1,29571
BPCL,20170830,11:51,516.1,516.2,515.8,516.15,10378
BPCL,20170830,11:52,516.15,516.5,516,516.45,11503
BPCL,20170830,11:53,516.45,516.8,516.1,516.7,7483
BPCL,20170830,11:54,516.55,516.7,516.05,516.4,8248
BPCL,20170830,11:55,516.45,516.7,516.15,516.5,6603
BPCL,20170830,11:56,516.5,516.6,516.3,516.4,5669
BPCL,20170830,11:57,516.15,516.8,516.15,516.6,8708
BPCL,20170830,11:58,516.7,516.9,516.45,516.6,12453
BPCL,20170830,11:59,516.6,516.8,516.3,516.75,7426
BPCL,20170830,12:00,516.8,516.85,516.4,516.75,6365
BPCL,20170830,12:01,516.8,516.85,516.45,516.85,6981
BPCL,20170830,12:02,516.8,516.85,516.1,516.5,5535
BPCL,20170830,12:03,516.25,516.65,516.05,516.6,6814
BPCL,20170830,12:04,516.65,516.9,516.35,516.9,9015
BPCL,20170830,12:05,516.9,517.8,516.9,517.25,43930
BPCL,20170830,12:06,517,517.55,517,517.5,13499
BPCL,20170830,12:07,517.5,518.25,517.5,517.85,39132
BPCL,20170830,12:08,517.8,517.85,517.35,517.5,7857
BPCL,20170830,12:09,517.5,517.7,517.1,517.6,10759
BPCL,20170830,12:10,517.75,518,517.55,517.8,9652
BPCL,20170830,12:11,517.9,518,517.4,517.6,7576
BPCL,20170830,12:12,517.5,517.65,517,517.35,10494
BPCL,20170830,12:13,517.35,517.55,517.2,517.3,4822
BPCL,20170830,12:14,517.3,517.3,517,517.1,7699
BPCL,20170830,12:15,517,517.1,516.6,516.6,6404
BPCL,20170830,12:16,516.65,517,516.6,516.75,5497
BPCL,20170830,12:17,516.75,517.15,516.6,517,8944
BPCL,20170830,12:18,517.05,517.2,516.6,517.05,5561
BPCL,20170830,12:19,517.2,517.3,516.8,517.25,5353
BPCL,20170830,12:20,517.2,517.5,516.9,517.05,6446
BPCL,20170830,12:21,517.3,517.5,517.1,517.5,5574
BPCL,20170830,12:22,517.6,517.8,517.2,517.45,7560
BPCL,20170830,12:23,517.6,518,517.25,518,6863
BPCL,20170830,12:24,518.3,518.7,517.75,518,36849
BPCL,20170830,12:25,517.75,518,517.55,517.8,10815
BPCL,20170830,12:26,518.1,519,517.8,519,25134
BPCL,20170830,12:27,519,519.3,518.45,519,13628
BPCL,20170830,12:28,519,519.3,518.7,519,25652
BPCL,20170830,12:29,519,519.7,519,519.7,23001
BPCL,20170830,12:30,519.65,519.9,519.45,519.7,21958
BPCL,20170830,12:31,519.8,520.75,519.65,519.65,79594
BPCL,20170830,12:32,519.65,519.95,518.8,518.8,14993
BPCL,20170830,12:33,519,519.1,518.4,518.7,11426
BPCL,20170830,12:34,518.7,518.95,518.3,518.95,6427
BPCL,20170830,12:35,519,519,518.4,518.4,6531
BPCL,20170830,12:36,518.4,518.6,517.05,517.55,18558
BPCL,20170830,12:37,517.55,518.9,517.55,518.7,13763
BPCL,20170830,12:38,518.9,518.9,518.55,518.65,7336
BPCL,20170830,12:39,518.65,519.85,518.65,519.5,14639
BPCL,20170830,12:40,519.85,519.85,519.3,519.55,8968
BPCL,20170830,12:41,519.75,519.75,519.25,519.5,8181
BPCL,20170830,12:42,519.55,519.7,519.5,519.5,5248
BPCL,20170830,12:43,519.5,519.7,519.3,519.55,6740
BPCL,20170830,12:44,519.55,520.5,519.55,520.25,19877
BPCL,20170830,12:45,520,520.35,520,520.1,8695
BPCL,20170830,12:46,520.1,520.4,520,520.4,10116
BPCL,20170830,12:47,520.1,520.5,520.1,520.25,14462
BPCL,20170830,12:48,520.45,520.5,520.1,520.15,7686
BPCL,20170830,12:49,520.1,520.3,519.55,519.6,17321
BPCL,20170830,12:50,519.85,519.95,519.6,519.65,4387
BPCL,20170830,12:51,519.65,520.1,519.65,519.85,8431
BPCL,20170830,12:52,519.85,520.25,519.85,520,7234
BPCL,20170830,12:53,520.1,520.1,519.5,519.6,5227
BPCL,20170830,12:54,519.6,519.9,519.55,519.6,4582
BPCL,20170830,12:55,519.6,520,519.55,519.8,6943
BPCL,20170830,12:56,519.9,520,519.8,519.9,8189
BPCL,20170830,12:57,520,520,519.65,519.65,7707
BPCL,20170830,12:58,519.65,519.9,519.55,519.75,10201
BPCL,20170830,12:59,519.85,519.9,519.55,519.6,3744
BPCL,20170830,13:00,519.9,520,519.65,519.7,3650
BPCL,20170830,13:01,519.65,519.95,519.65,519.65,4619
BPCL,20170830,13:02,520,520,519.65,519.8,10897
BPCL,20170830,13:03,519.9,520,519.55,519.85,4503
BPCL,20170830,13:04,519.9,519.95,519.65,519.65,5830
BPCL,20170830,13:05,520,520,519.55,519.6,4377
BPCL,20170830,13:06,519.9,520,519.6,519.7,2826
BPCL,20170830,13:07,519.95,520,519.65,519.65,5091
BPCL,20170830,13:08,519.9,519.95,519.65,519.7,2131
BPCL,20170830,13:09,519.7,520.15,519.65,519.95,16102
BPCL,20170830,13:10,519.95,520.9,519.95,520.85,14094
BPCL,20170830,13:11,520.6,521.6,520.55,521.5,21876
BPCL,20170830,13:12,521.5,522,521.45,521.45,32489
BPCL,20170830,13:13,521.7,521.8,521.3,521.6,8772
BPCL,20170830,13:14,521.6,521.9,521.55,521.6,9446
BPCL,20170830,13:15,521.6,521.75,521.1,521.5,15732
BPCL,20170830,13:16,521.65,521.9,521.5,521.65,7504
BPCL,20170830,13:17,521.9,522,521.65,522,12965
BPCL,20170830,13:18,522,522.7,521.9,522.6,22882
BPCL,20170830,13:19,522.65,522.85,522.55,522.8,11639
BPCL,20170830,13:20,522.7,522.9,522.6,522.8,11571
BPCL,20170830,13:21,522.7,522.9,522.25,522.25,20184
BPCL,20170830,13:22,522.1,522.5,521.65,522.1,15917
BPCL,20170830,13:23,522.25,522.6,522.15,522.3,10270
BPCL,20170830,13:24,522.35,522.6,522.2,522.2,3385
BPCL,20170830,13:25,522.2,522.5,522,522.05,15932
BPCL,20170830,13:26,522.05,522.3,522,522.05,6024
BPCL,20170830,13:27,522,522.5,522,522.25,13767
BPCL,20170830,13:28,522.35,522.45,522.25,522.25,7068
BPCL,20170830,13:29,522.5,522.5,522.25,522.25,4640
BPCL,20170830,13:30,522.45,522.45,522.25,522.25,14584
BPCL,20170830,13:31,522.25,522.25,521.7,521.75,11563
BPCL,20170830,13:32,521.85,521.9,520.95,521.35,33218
BPCL,20170830,13:33,521.35,521.45,520.95,521,10947
BPCL,20170830,13:34,521,521.25,520.5,520.5,6402
BPCL,20170830,13:35,520.4,520.6,519.5,519.75,22952
BPCL,20170830,13:36,519.8,520.3,519.7,519.85,19705
BPCL,20170830,13:37,519.8,520.2,519.65,519.8,7957
BPCL,20170830,13:38,519.9,519.95,519.65,519.9,12054
BPCL,20170830,13:39,519.95,520.2,519.7,520,14689
BPCL,20170830,13:40,520,521.4,520,521.2,9839
BPCL,20170830,13:41,521.2,521.55,520.8,520.9,8586
BPCL,20170830,13:42,520.95,521.45,520.65,521,11160
BPCL,20170830,13:43,521,521.45,521,521.1,3960
BPCL,20170830,13:44,521.4,521.4,520.75,520.8,5328
BPCL,20170830,13:45,520.8,521.4,520.8,521.4,3353
BPCL,20170830,13:46,521,521.45,521,521.25,4431
BPCL,20170830,13:47,521.45,521.45,521.25,521.25,2891
BPCL,20170830,13:48,521.25,521.7,521.25,521.7,7224
BPCL,20170830,13:49,521.7,521.7,521.35,521.5,5698
BPCL,20170830,13:50,521.7,521.7,521.15,521.35,9693
BPCL,20170830,13:51,521.35,521.8,521.3,521.8,8311
BPCL,20170830,13:52,521.8,522.6,521.75,522.45,23595
BPCL,20170830,13:53,522.5,522.6,522.3,522.35,6271
BPCL,20170830,13:54,522.4,522.7,522.35,522.45,7239
BPCL,20170830,13:55,522.55,522.6,522.1,522.1,7815
BPCL,20170830,13:56,522.3,522.4,521.8,522,10939
BPCL,20170830,13:57,522,522,521.8,521.9,7701
BPCL,20170830,13:58,521.85,522.4,521.8,522.25,19531
BPCL,20170830,13:59,522.3,522.4,521.6,521.8,208300
BPCL,20170830,14:00,522,522,521.55,521.9,5051
BPCL,20170830,14:01,521.9,522.4,521.75,522.05,4821
BPCL,20170830,14:02,522.15,522.4,521.95,521.95,5033
BPCL,20170830,14:03,521.95,522.45,521.95,522.05,4413
BPCL,20170830,14:04,522.05,522.45,522.05,522.4,4259
BPCL,20170830,14:05,522.4,522.5,522.1,522.15,4147
BPCL,20170830,14:06,522.3,522.45,522.15,522.2,5543
BPCL,20170830,14:07,522.45,522.6,522.25,522.25,6292
BPCL,20170830,14:08,522.65,523.4,522.35,523.1,31512
BPCL,20170830,14:09,523.3,523.35,522.95,523.05,10067
BPCL,20170830,14:10,523,523.3,523,523,8487
BPCL,20170830,14:11,523.05,523.2,522.5,522.7,14488
BPCL,20170830,14:12,522.6,523.2,522.6,523,12642
BPCL,20170830,14:13,523.1,523.15,523,523,6218
BPCL,20170830,14:14,523,524.3,523,524.3,31185
BPCL,20170830,14:15,524.25,524.3,523,523.2,12219
BPCL,20170830,14:16,523.1,524,523.05,523.6,13922
BPCL,20170830,14:17,523.8,524,523.05,523.75,139215
BPCL,20170830,14:18,523.7,524,523.5,523.95,4648
BPCL,20170830,14:19,524,524,523.55,523.6,8730
BPCL,20170830,14:20,523.6,523.6,522.6,522.7,16359
BPCL,20170830,14:21,522.7,523,522.3,522.55,23376
BPCL,20170830,14:22,522.55,522.9,522.5,522.5,17855
BPCL,20170830,14:23,522.5,522.55,520.65,521.4,53813
BPCL,20170830,14:24,521.7,522,521,521.1,16394
BPCL,20170830,14:25,521,521.65,520.9,521.6,8088
BPCL,20170830,14:26,521.75,522.15,521.6,521.75,21480
BPCL,20170830,14:27,521.8,522,521.65,522,5888
BPCL,20170830,14:28,521.85,522,521.75,521.75,4623
BPCL,20170830,14:29,521.95,521.95,521.6,521.6,8120
BPCL,20170830,14:30,521.75,521.75,521.45,521.6,7800
BPCL,20170830,14:31,521.85,521.95,521.1,521.1,5320
BPCL,20170830,14:32,521.1,521.35,521,521.1,10170
BPCL,20170830,14:33,521.05,521.45,521.05,521.05,3659
BPCL,20170830,14:34,521.2,521.45,521,521.25,9814
BPCL,20170830,14:35,521.2,522.95,521.1,522.2,20196
BPCL,20170830,14:36,522.1,522.15,521.25,522.05,8094
BPCL,20170830,14:37,521.95,522.35,521.75,521.75,4743
BPCL,20170830,14:38,521.75,521.85,521.35,521.5,6068
BPCL,20170830,14:39,521.5,522.15,521.25,521.35,7956
BPCL,20170830,14:40,521.35,521.55,521.05,521.05,9309
BPCL,20170830,14:41,521.1,521.45,521.05,521.1,7289
BPCL,20170830,14:42,521.1,521.45,521.05,521.35,4487
BPCL,20170830,14:43,521.35,521.9,521.35,521.5,6426
BPCL,20170830,14:44,521.65,522.05,521.65,521.7,7977
BPCL,20170830,14:45,521.7,522.2,521.6,521.85,11224
BPCL,20170830,14:46,521.7,522.05,521.7,521.9,11694
BPCL,20170830,14:47,521.8,522.45,521.75,522.35,13599
BPCL,20170830,14:48,522.35,522.5,522,522.05,5393
BPCL,20170830,14:49,522,522.75,522,522.5,12394
BPCL,20170830,14:50,522.4,523,522.4,522.75,15394
BPCL,20170830,14:51,522.8,522.95,522.3,522.5,9489
BPCL,20170830,14:52,522.3,522.65,522.1,522.4,9900
BPCL,20170830,14:53,522.5,522.5,521.8,521.8,9315
BPCL,20170830,14:54,521.75,522.1,521.6,521.7,8174
BPCL,20170830,14:55,521.65,521.9,521.5,521.6,6587
BPCL,20170830,14:56,521.65,521.65,521.3,521.3,7556
BPCL,20170830,14:57,521.3,521.45,521.05,521.35,8960
BPCL,20170830,14:58,521.3,521.6,521.2,521.3,4967
BPCL,20170830,14:59,521.35,521.4,521.1,521.2,6000
BPCL,20170830,15:00,521.15,521.3,520.15,520.5,23963
BPCL,20170830,15:01,520.35,520.7,520.1,520.7,10068
BPCL,20170830,15:02,520.7,521.65,520.5,521.65,9780
BPCL,20170830,15:03,521.65,522,521.5,521.65,8112
BPCL,20170830,15:04,521.85,521.9,521.4,521.4,6114
BPCL,20170830,15:05,521.5,521.6,521.2,521.3,4987
BPCL,20170830,15:06,521.4,521.4,521.05,521.35,7571
BPCL,20170830,15:07,521.2,521.75,521.05,521.7,7384
BPCL,20170830,15:08,521.75,521.75,521.25,521.25,6216
BPCL,20170830,15:09,521.45,522,521.1,521.7,8522
BPCL,20170830,15:10,521.75,521.9,521.5,521.65,4744
BPCL,20170830,15:11,521.65,521.75,521.5,521.7,9488
BPCL,20170830,15:12,521.5,521.85,521.5,521.6,9829
BPCL,20170830,15:13,521.75,521.8,521.5,521.5,12202
BPCL,20170830,15:14,521.55,521.55,520.55,520.6,12568
BPCL,20170830,15:15,520.6,521,520.6,520.95,12510
BPCL,20170830,15:16,521,521.05,520.35,521.05,32973
BPCL,20170830,15:17,520.7,521.25,520.65,520.9,30615
BPCL,20170830,15:18,520.8,520.9,520.55,520.85,7682
BPCL,20170830,15:19,520.85,520.85,520,520.25,17880
BPCL,20170830,15:20,520.4,520.4,519.75,520,13600
BPCL,20170830,15:21,520.2,520.4,520,520.35,15173
BPCL,20170830,15:22,520.4,521.4,520.05,520.85,39260
BPCL,20170830,15:23,521,521.15,520.1,520.25,11373
BPCL,20170830,15:24,520.4,520.8,520.4,520.55,9383
BPCL,20170830,15:25,520.55,520.75,520.25,520.65,7892
BPCL,20170830,15:26,520.65,520.7,520.1,520.35,5900
BPCL,20170830,15:27,520.25,520.45,519.95,520.45,9954
BPCL,20170830,15:28,520.45,521,520.35,521,11038
BPCL,20170830,15:29,521,522.8,520.45,521,35303
BPCL,20170830,15:30,521.2,521.55,520.4,521,6937
BPCL,20170830,15:32,520.95,520.95,520.95,520.95,1
BPCL,20170830,15:41,520.95,520.95,520.95,520.95,163
BPCL,20170830,15:44,520.95,520.95,520.95,520.95,175
BPCL,20170830,15:53,520.95,520.95,520.95,520.95,11
BPCL,20170830,16:36,520.95,520.95,520.95,520.95,1
