SYNDIBANK_F1,20171120,09:16,90,90,90,90,18000
SYNDIBANK_F1,20171120,09:17,89.75,89.95,89.75,89.95,27000
SYNDIBANK_F1,20171120,09:18,89.7,89.8,89.55,89.65,81000
SYNDIBANK_F1,20171120,09:19,89.7,89.7,89.15,89.2,171000
SYNDIBANK_F1,20171120,09:20,89.2,89.35,89.15,89.25,171000
SYNDIBANK_F1,20171120,09:21,89.25,89.25,88.75,89,315000
SYNDIBANK_F1,20171120,09:22,89,89.15,89,89.15,180000
SYNDIBANK_F1,20171120,09:23,89.2,89.2,88.9,89.05,90000
SYNDIBANK_F1,20171120,09:24,89.3,89.3,89.15,89.15,45000
SYNDIBANK_F1,20171120,09:25,89.25,89.35,89.25,89.35,63000
SYNDIBANK_F1,20171120,09:26,89.4,89.4,89.2,89.2,81000
SYNDIBANK_F1,20171120,09:27,89.15,89.2,89.1,89.1,45000
SYNDIBANK_F1,20171120,09:28,89.1,89.1,88.95,89.05,90000
SYNDIBANK_F1,20171120,09:29,89.05,89.15,89.05,89.15,171000
SYNDIBANK_F1,20171120,09:30,89.1,89.1,89,89.05,81000
SYNDIBANK_F1,20171120,09:31,89.05,89.2,89.05,89.2,108000
SYNDIBANK_F1,20171120,09:32,89.25,89.3,89.25,89.3,36000
SYNDIBANK_F1,20171120,09:33,89.4,89.45,89.4,89.45,72000
SYNDIBANK_F1,20171120,09:34,89.4,89.45,89.3,89.4,81000
SYNDIBANK_F1,20171120,09:35,89.5,89.5,89.3,89.4,189000
SYNDIBANK_F1,20171120,09:36,89.35,89.35,89.1,89.1,63000
SYNDIBANK_F1,20171120,09:37,88.9,89.1,88.9,89.1,99000
SYNDIBANK_F1,20171120,09:38,89.05,89.1,89.05,89.1,45000
SYNDIBANK_F1,20171120,09:39,89.15,89.15,89.05,89.1,45000
SYNDIBANK_F1,20171120,09:40,89,89,88.9,88.9,54000
SYNDIBANK_F1,20171120,09:41,88.75,88.85,88.55,88.8,135000
SYNDIBANK_F1,20171120,09:42,88.75,88.75,88.65,88.7,90000
SYNDIBANK_F1,20171120,09:43,88.65,89,88.65,89,162000
SYNDIBANK_F1,20171120,09:44,88.95,88.95,88.75,88.75,90000
SYNDIBANK_F1,20171120,09:45,88.8,88.8,88.7,88.7,45000
SYNDIBANK_F1,20171120,09:46,88.8,88.8,88.5,88.5,81000
SYNDIBANK_F1,20171120,09:47,88.35,88.65,88.35,88.65,144000
SYNDIBANK_F1,20171120,09:48,88.45,88.8,88.25,88.45,387000
SYNDIBANK_F1,20171120,09:49,88.5,88.6,87.65,87.75,549000
SYNDIBANK_F1,20171120,09:50,87.9,87.95,87.75,87.8,144000
SYNDIBANK_F1,20171120,09:51,87.75,88,87.75,87.8,342000
SYNDIBANK_F1,20171120,09:52,87.9,87.95,87.9,87.9,72000
SYNDIBANK_F1,20171120,09:53,87.9,87.9,87.75,87.75,180000
SYNDIBANK_F1,20171120,09:54,87.8,87.8,87.3,87.45,261000
SYNDIBANK_F1,20171120,09:55,87.35,87.45,87.35,87.4,45000
SYNDIBANK_F1,20171120,09:56,87.25,87.35,86.75,87.35,387000
SYNDIBANK_F1,20171120,09:57,87.1,87.3,87,87.3,351000
SYNDIBANK_F1,20171120,09:58,87.2,87.3,87.1,87.3,63000
SYNDIBANK_F1,20171120,09:59,87.35,87.4,87,87,288000
SYNDIBANK_F1,20171120,10:00,87.35,87.35,87.25,87.25,45000
SYNDIBANK_F1,20171120,10:01,87.1,87.3,87.1,87.3,99000
SYNDIBANK_F1,20171120,10:02,87.4,87.45,87.4,87.45,27000
SYNDIBANK_F1,20171120,10:03,87.45,87.45,87.45,87.45,18000
SYNDIBANK_F1,20171120,10:04,87.55,87.55,87.25,87.4,90000
SYNDIBANK_F1,20171120,10:05,87.55,87.55,87.5,87.5,18000
SYNDIBANK_F1,20171120,10:06,87.6,87.7,87.6,87.7,45000
SYNDIBANK_F1,20171120,10:07,87.65,87.7,87.65,87.7,27000
SYNDIBANK_F1,20171120,10:08,87.6,87.65,87.6,87.65,36000
SYNDIBANK_F1,20171120,10:09,87.85,88.2,87.85,88.2,189000
SYNDIBANK_F1,20171120,10:10,88,88.05,88,88,90000
SYNDIBANK_F1,20171120,10:11,87.85,87.85,87.75,87.75,45000
SYNDIBANK_F1,20171120,10:12,87.8,87.85,87.8,87.85,18000
SYNDIBANK_F1,20171120,10:13,87.8,87.85,87.75,87.75,36000
SYNDIBANK_F1,20171120,10:14,87.6,87.6,87.6,87.6,45000
SYNDIBANK_F1,20171120,10:15,87.6,87.6,87.6,87.6,9000
SYNDIBANK_F1,20171120,10:17,87.6,87.6,87.6,87.6,9000
SYNDIBANK_F1,20171120,10:18,87.5,87.6,87.5,87.6,45000
SYNDIBANK_F1,20171120,10:21,87.4,87.4,86.95,86.95,306000
SYNDIBANK_F1,20171120,10:22,87.05,87.15,87.05,87.15,63000
SYNDIBANK_F1,20171120,10:23,87,87,87,87,198000
SYNDIBANK_F1,20171120,10:24,87.1,87.1,86.95,86.95,117000
SYNDIBANK_F1,20171120,10:25,87,87,87,87,63000
SYNDIBANK_F1,20171120,10:26,87,87,87,87,54000
SYNDIBANK_F1,20171120,10:27,86.95,87.15,86.95,87.15,81000
SYNDIBANK_F1,20171120,10:28,87,87.1,87,87.1,144000
SYNDIBANK_F1,20171120,10:29,87,87.15,87,87.15,153000
SYNDIBANK_F1,20171120,10:30,87,87.1,87,87.05,153000
SYNDIBANK_F1,20171120,10:31,86.9,87,86.9,87,54000
SYNDIBANK_F1,20171120,10:32,87.25,87.35,87.15,87.15,324000
SYNDIBANK_F1,20171120,10:37,87.3,87.3,87.3,87.3,27000
SYNDIBANK_F1,20171120,10:38,87.35,87.35,87.35,87.35,9000
SYNDIBANK_F1,20171120,10:39,87.6,87.6,87.4,87.4,81000
SYNDIBANK_F1,20171120,10:40,87.4,87.4,87.4,87.4,9000
SYNDIBANK_F1,20171120,10:41,87.25,87.25,87.25,87.25,18000
SYNDIBANK_F1,20171120,10:42,87.3,87.3,87.3,87.3,36000
SYNDIBANK_F1,20171120,10:43,87.2,87.2,87.2,87.2,27000
SYNDIBANK_F1,20171120,10:44,87.3,87.3,87.3,87.3,9000
SYNDIBANK_F1,20171120,10:45,87.4,87.4,87.4,87.4,9000
SYNDIBANK_F1,20171120,10:46,87.5,87.5,87.5,87.5,9000
SYNDIBANK_F1,20171120,10:47,87.7,87.7,87.7,87.7,18000
SYNDIBANK_F1,20171120,10:48,87.65,87.65,87.65,87.65,9000
SYNDIBANK_F1,20171120,10:49,87.45,87.45,87.4,87.4,36000
SYNDIBANK_F1,20171120,10:52,87.35,87.35,87.3,87.3,27000
SYNDIBANK_F1,20171120,10:53,87.45,87.45,87.45,87.45,18000
SYNDIBANK_F1,20171120,10:54,87.45,87.45,87.45,87.45,9000
SYNDIBANK_F1,20171120,10:55,87.5,87.5,87.5,87.5,18000
SYNDIBANK_F1,20171120,10:56,87.45,87.45,87.45,87.45,9000
SYNDIBANK_F1,20171120,10:57,87.55,87.65,87.55,87.65,18000
SYNDIBANK_F1,20171120,10:58,87.75,87.75,87.75,87.75,54000
SYNDIBANK_F1,20171120,10:59,87.7,87.7,87.7,87.7,9000
SYNDIBANK_F1,20171120,11:00,87.75,87.95,87.75,87.85,72000
SYNDIBANK_F1,20171120,11:01,87.85,87.85,87.6,87.6,45000
SYNDIBANK_F1,20171120,11:03,87.6,87.6,87.4,87.5,45000
SYNDIBANK_F1,20171120,11:04,87.5,87.5,87.5,87.5,18000
SYNDIBANK_F1,20171120,11:05,87.85,87.85,87.85,87.85,216000
SYNDIBANK_F1,20171120,11:06,87.95,88.3,87.95,88.1,306000
SYNDIBANK_F1,20171120,11:07,88.25,88.25,88.05,88.05,18000
SYNDIBANK_F1,20171120,11:08,88.15,88.2,88.1,88.15,54000
SYNDIBANK_F1,20171120,11:09,88.15,88.2,88.1,88.1,54000
SYNDIBANK_F1,20171120,11:10,88.1,88.1,88,88,27000
SYNDIBANK_F1,20171120,11:11,88.05,88.05,88,88,18000
SYNDIBANK_F1,20171120,11:13,88.15,88.15,88.15,88.15,9000
SYNDIBANK_F1,20171120,11:15,88.15,88.15,88.15,88.15,9000
SYNDIBANK_F1,20171120,11:16,88.05,88.05,88.05,88.05,27000
SYNDIBANK_F1,20171120,11:17,88,88,88,88,18000
SYNDIBANK_F1,20171120,11:19,88.1,88.1,88.1,88.1,18000
SYNDIBANK_F1,20171120,11:21,88.05,88.05,88.05,88.05,9000
SYNDIBANK_F1,20171120,11:27,88.1,88.1,88.1,88.1,36000
SYNDIBANK_F1,20171120,11:29,88.05,88.05,88.05,88.05,9000
SYNDIBANK_F1,20171120,11:30,87.85,87.85,87.85,87.85,81000
SYNDIBANK_F1,20171120,11:33,88.05,88.05,88.05,88.05,18000
SYNDIBANK_F1,20171120,11:34,88.1,88.1,88.1,88.1,9000
SYNDIBANK_F1,20171120,11:36,88.15,88.15,88,88,27000
SYNDIBANK_F1,20171120,11:37,88.2,88.2,88.2,88.2,9000
SYNDIBANK_F1,20171120,11:39,88.1,88.1,88.1,88.1,9000
SYNDIBANK_F1,20171120,11:40,88.2,88.2,88.2,88.2,9000
SYNDIBANK_F1,20171120,11:41,88.15,88.15,88.15,88.15,9000
SYNDIBANK_F1,20171120,11:45,88,88,88,88,9000
SYNDIBANK_F1,20171120,11:49,87.9,87.95,87.9,87.95,18000
SYNDIBANK_F1,20171120,11:50,87.95,88,87.95,88,18000
SYNDIBANK_F1,20171120,11:51,88.1,88.25,88.1,88.25,36000
SYNDIBANK_F1,20171120,11:52,88.3,88.35,88.3,88.35,18000
SYNDIBANK_F1,20171120,11:53,88.35,88.35,88.3,88.3,27000
SYNDIBANK_F1,20171120,11:54,88.35,88.45,88.35,88.45,36000
SYNDIBANK_F1,20171120,11:55,88.5,88.6,88.4,88.4,90000
SYNDIBANK_F1,20171120,11:56,88.45,88.5,88.45,88.5,18000
SYNDIBANK_F1,20171120,11:57,88.6,88.6,88.6,88.6,18000
SYNDIBANK_F1,20171120,11:58,88.45,88.45,88.45,88.45,9000
SYNDIBANK_F1,20171120,12:00,88.35,88.35,88.35,88.35,9000
SYNDIBANK_F1,20171120,12:04,88.1,88.1,88.1,88.1,18000
SYNDIBANK_F1,20171120,12:06,88.1,88.1,88.1,88.1,18000
SYNDIBANK_F1,20171120,12:08,88.15,88.15,88.15,88.15,9000
SYNDIBANK_F1,20171120,12:10,88.15,88.15,88.15,88.15,18000
SYNDIBANK_F1,20171120,12:14,88.25,88.25,88.25,88.25,9000
SYNDIBANK_F1,20171120,12:15,88.3,88.3,88.3,88.3,9000
SYNDIBANK_F1,20171120,12:16,88.35,88.35,88.35,88.35,9000
SYNDIBANK_F1,20171120,12:17,88.35,88.35,88.35,88.35,9000
SYNDIBANK_F1,20171120,12:24,88.15,88.15,88.15,88.15,9000
SYNDIBANK_F1,20171120,12:25,88.15,88.15,88.15,88.15,9000
SYNDIBANK_F1,20171120,12:26,88.25,88.25,88.25,88.25,27000
SYNDIBANK_F1,20171120,12:27,88.2,88.2,88.2,88.2,9000
SYNDIBANK_F1,20171120,12:28,88.2,88.2,88.2,88.2,9000
SYNDIBANK_F1,20171120,12:31,88.1,88.1,88,88,36000
SYNDIBANK_F1,20171120,12:33,88.1,88.1,88.1,88.1,9000
SYNDIBANK_F1,20171120,12:34,88.15,88.3,88.15,88.3,18000
SYNDIBANK_F1,20171120,12:35,88.3,88.3,88.3,88.3,9000
SYNDIBANK_F1,20171120,12:36,88.35,88.35,88.35,88.35,9000
SYNDIBANK_F1,20171120,12:44,88.25,88.25,88.25,88.25,9000
SYNDIBANK_F1,20171120,12:49,88.1,88.1,88.1,88.1,9000
SYNDIBANK_F1,20171120,12:50,88,88,88,88,36000
SYNDIBANK_F1,20171120,12:51,88,88,88,88,9000
SYNDIBANK_F1,20171120,12:52,88.15,88.15,88.15,88.15,9000
SYNDIBANK_F1,20171120,12:53,88,88,88,88,9000
SYNDIBANK_F1,20171120,12:55,88,88,88,88,9000
SYNDIBANK_F1,20171120,12:58,88,88,88,88,9000
SYNDIBANK_F1,20171120,13:02,88.05,88.05,88.05,88.05,9000
SYNDIBANK_F1,20171120,13:09,87.95,87.95,87.95,87.95,9000
SYNDIBANK_F1,20171120,13:11,88,88,88,88,9000
SYNDIBANK_F1,20171120,13:14,88.1,88.1,88.1,88.1,9000
SYNDIBANK_F1,20171120,13:18,88.1,88.1,88.1,88.1,9000
SYNDIBANK_F1,20171120,13:20,88.2,88.25,88.2,88.25,18000
SYNDIBANK_F1,20171120,13:21,88.3,88.3,88.3,88.3,9000
SYNDIBANK_F1,20171120,13:23,88.3,88.3,88.3,88.3,18000
SYNDIBANK_F1,20171120,13:25,88.3,88.3,88.3,88.3,18000
SYNDIBANK_F1,20171120,13:27,88.1,88.1,88.1,88.1,9000
SYNDIBANK_F1,20171120,13:31,88.2,88.2,88.2,88.2,18000
SYNDIBANK_F1,20171120,13:32,88.25,88.25,88.25,88.25,9000
SYNDIBANK_F1,20171120,13:34,88.3,88.3,88.3,88.3,18000
SYNDIBANK_F1,20171120,13:35,88.3,88.3,88.3,88.3,18000
SYNDIBANK_F1,20171120,13:36,88.25,88.25,88.25,88.25,9000
SYNDIBANK_F1,20171120,13:42,88.25,88.45,88.25,88.45,90000
SYNDIBANK_F1,20171120,13:43,88.55,88.6,88.4,88.4,90000
SYNDIBANK_F1,20171120,13:44,88.4,88.5,88.4,88.5,27000
SYNDIBANK_F1,20171120,13:46,88.5,88.5,88.35,88.35,18000
SYNDIBANK_F1,20171120,13:48,88.4,88.4,88.25,88.25,54000
SYNDIBANK_F1,20171120,13:49,88.25,88.25,88.25,88.25,9000
SYNDIBANK_F1,20171120,13:51,88.35,88.5,88.35,88.5,36000
SYNDIBANK_F1,20171120,13:53,88.3,88.3,88.25,88.25,27000
SYNDIBANK_F1,20171120,13:58,88.1,88.1,88.1,88.1,9000
SYNDIBANK_F1,20171120,14:01,88.1,88.1,88.1,88.1,9000
SYNDIBANK_F1,20171120,14:02,88.15,88.15,88.15,88.15,9000
SYNDIBANK_F1,20171120,14:03,88.1,88.1,88.1,88.1,18000
SYNDIBANK_F1,20171120,14:04,88.1,88.1,88,88,36000
SYNDIBANK_F1,20171120,14:05,88,88,88,88,18000
SYNDIBANK_F1,20171120,14:07,88,88,87.95,87.95,36000
SYNDIBANK_F1,20171120,14:08,87.95,88,87.95,88,18000
SYNDIBANK_F1,20171120,14:09,88,88,88,88,9000
SYNDIBANK_F1,20171120,14:12,87.95,87.95,87.95,87.95,9000
SYNDIBANK_F1,20171120,14:15,87.95,87.95,87.95,87.95,9000
SYNDIBANK_F1,20171120,14:18,87.9,88.05,87.8,87.8,81000
SYNDIBANK_F1,20171120,14:19,87.9,87.9,87.9,87.9,9000
SYNDIBANK_F1,20171120,14:20,87.9,87.9,87.9,87.9,9000
SYNDIBANK_F1,20171120,14:21,87.95,87.95,87.95,87.95,18000
SYNDIBANK_F1,20171120,14:22,87.9,87.9,87.8,87.8,99000
SYNDIBANK_F1,20171120,14:23,87.7,87.75,87.65,87.75,99000
SYNDIBANK_F1,20171120,14:24,87.7,87.8,87.7,87.8,18000
SYNDIBANK_F1,20171120,14:27,87.7,87.8,87.7,87.8,162000
SYNDIBANK_F1,20171120,14:28,87.85,87.85,87.8,87.8,63000
SYNDIBANK_F1,20171120,14:30,87.8,87.8,87.75,87.75,27000
SYNDIBANK_F1,20171120,14:31,87.95,88.1,87.95,88.05,63000
SYNDIBANK_F1,20171120,14:32,88,88.1,87.95,88.1,162000
SYNDIBANK_F1,20171120,14:33,88.05,88.05,88.05,88.05,9000
SYNDIBANK_F1,20171120,14:34,88,88,88,88,18000
SYNDIBANK_F1,20171120,14:35,88.15,88.35,88.1,88.2,198000
SYNDIBANK_F1,20171120,14:36,88.2,88.2,88.1,88.15,36000
SYNDIBANK_F1,20171120,14:37,88.15,88.3,88.15,88.2,27000
SYNDIBANK_F1,20171120,14:38,88.15,88.15,88.15,88.15,27000
SYNDIBANK_F1,20171120,14:39,88.3,88.35,88.3,88.35,27000
SYNDIBANK_F1,20171120,14:40,88.25,88.25,88.1,88.15,27000
SYNDIBANK_F1,20171120,14:41,88.2,88.2,88.2,88.2,18000
SYNDIBANK_F1,20171120,14:42,88.3,88.3,88,88,63000
SYNDIBANK_F1,20171120,14:43,88,88,88,88,9000
SYNDIBANK_F1,20171120,14:44,87.95,87.95,87.8,87.8,45000
SYNDIBANK_F1,20171120,14:45,87.95,88,87.95,88,27000
SYNDIBANK_F1,20171120,14:46,88.05,88.15,88.05,88.15,18000
SYNDIBANK_F1,20171120,14:47,88.1,88.1,88.1,88.1,18000
SYNDIBANK_F1,20171120,14:48,88,88,88,88,9000
SYNDIBANK_F1,20171120,14:49,87.95,88,87.95,88,27000
SYNDIBANK_F1,20171120,14:50,87.9,87.95,87.9,87.95,18000
SYNDIBANK_F1,20171120,14:51,88.1,88.1,88.1,88.1,9000
SYNDIBANK_F1,20171120,14:52,88,88,87.8,87.8,36000
SYNDIBANK_F1,20171120,14:53,87.75,87.75,87.75,87.75,9000
SYNDIBANK_F1,20171120,14:54,87.7,87.75,87.7,87.75,45000
SYNDIBANK_F1,20171120,14:56,87.8,87.9,87.8,87.9,90000
SYNDIBANK_F1,20171120,14:59,87.9,87.9,87.9,87.9,9000
SYNDIBANK_F1,20171120,15:00,87.85,87.85,87.85,87.85,18000
SYNDIBANK_F1,20171120,15:01,87.9,87.9,87.9,87.9,9000
SYNDIBANK_F1,20171120,15:02,87.95,87.95,87.95,87.95,18000
SYNDIBANK_F1,20171120,15:03,88,88,88,88,9000
SYNDIBANK_F1,20171120,15:04,88,88.15,88,88.15,36000
SYNDIBANK_F1,20171120,15:05,88.2,88.4,88.2,88.4,72000
SYNDIBANK_F1,20171120,15:06,88.35,88.35,88.35,88.35,54000
SYNDIBANK_F1,20171120,15:07,88.5,88.6,88.5,88.5,117000
SYNDIBANK_F1,20171120,15:08,88.55,88.55,88.35,88.35,27000
SYNDIBANK_F1,20171120,15:09,88.4,88.4,88.35,88.35,27000
SYNDIBANK_F1,20171120,15:10,88.35,88.35,88.25,88.25,27000
SYNDIBANK_F1,20171120,15:11,88.35,88.35,88.3,88.3,18000
SYNDIBANK_F1,20171120,15:12,88.1,88.1,88.1,88.1,54000
SYNDIBANK_F1,20171120,15:13,88.2,88.2,88.2,88.2,18000
SYNDIBANK_F1,20171120,15:14,88.15,88.15,88.15,88.15,27000
SYNDIBANK_F1,20171120,15:15,88.2,88.2,88.2,88.2,9000
SYNDIBANK_F1,20171120,15:16,88.25,88.4,88.25,88.3,81000
SYNDIBANK_F1,20171120,15:17,88.4,88.4,88.25,88.3,45000
SYNDIBANK_F1,20171120,15:18,88.35,88.35,88.35,88.35,27000
SYNDIBANK_F1,20171120,15:19,88.3,88.35,88.3,88.35,18000
SYNDIBANK_F1,20171120,15:20,88.25,88.25,88.2,88.2,90000
SYNDIBANK_F1,20171120,15:21,88.15,88.2,88.15,88.15,54000
SYNDIBANK_F1,20171120,15:22,88.05,88.1,88.05,88.1,36000
SYNDIBANK_F1,20171120,15:23,88.15,88.15,88.15,88.15,9000
SYNDIBANK_F1,20171120,15:24,88.2,88.25,88.2,88.2,45000
SYNDIBANK_F1,20171120,15:25,88.3,88.3,88.2,88.2,63000
SYNDIBANK_F1,20171120,15:26,88.2,88.3,88.2,88.3,72000
SYNDIBANK_F1,20171120,15:27,88.2,88.2,88.2,88.2,9000
SYNDIBANK_F1,20171120,15:28,88.25,88.25,88.15,88.15,18000
SYNDIBANK_F1,20171120,15:29,88.15,88.15,88.05,88.05,54000
SYNDIBANK_F1,20171120,15:30,88.05,88.1,88,88,90000
SYNDIBANK_F1,20171120,15:31,87.8,87.8,87.8,87.8,18000
SYNDIBANK_F1,20171120,16:36,88.25,88.25,88.25,88.25,1
