HINDPETRO_F1,20220427,09:16,289.50,291.60,289.50,291.60,16200,4878900
HINDPETRO_F1,20220427,09:17,292.60,292.90,292.00,292.90,35100,4878900
HINDPETRO_F1,20220427,09:18,293.25,293.25,292.65,292.80,32400,4889700
HINDPETRO_F1,20220427,09:19,292.25,292.25,292.25,292.25,2700,4889700
HINDPETRO_F1,20220427,09:20,290.95,292.00,290.95,292.00,54000,4889700
HINDPETRO_F1,20220427,09:21,291.50,291.50,290.05,290.05,18900,4908600
HINDPETRO_F1,20220427,09:22,289.60,290.40,288.80,290.40,51300,4908600
HINDPETRO_F1,20220427,09:23,289.65,289.90,289.20,289.75,21600,4908600
HINDPETRO_F1,20220427,09:24,289.60,289.60,289.60,289.60,8100,4908600
HINDPETRO_F1,20220427,09:26,288.70,288.70,288.70,288.70,10800,4924800
HINDPETRO_F1,20220427,09:27,289.30,289.30,289.15,289.15,8100,4919400
HINDPETRO_F1,20220427,09:28,289.00,289.00,289.00,289.00,2700,4919400
HINDPETRO_F1,20220427,09:30,288.90,289.30,288.50,289.30,78300,4865400
HINDPETRO_F1,20220427,09:31,289.30,289.30,289.25,289.25,10800,4865400
HINDPETRO_F1,20220427,09:32,288.95,288.95,288.95,288.95,2700,4865400
HINDPETRO_F1,20220427,09:33,288.95,288.95,288.90,288.90,16200,4916700
HINDPETRO_F1,20220427,09:34,288.05,288.50,288.05,288.50,10800,4916700
HINDPETRO_F1,20220427,09:35,287.80,287.80,287.25,287.75,21600,4916700
HINDPETRO_F1,20220427,09:37,288.15,288.15,287.15,288.00,45900,4862700
HINDPETRO_F1,20220427,09:38,287.50,287.85,287.50,287.85,18900,4862700
HINDPETRO_F1,20220427,09:39,287.85,287.85,287.85,287.85,8100,4870800
HINDPETRO_F1,20220427,09:41,287.50,287.50,286.90,286.90,21600,4870800
HINDPETRO_F1,20220427,09:42,287.05,287.25,287.05,287.25,8100,4868100
HINDPETRO_F1,20220427,09:43,287.35,287.35,287.35,287.35,24300,4868100
HINDPETRO_F1,20220427,09:44,287.25,287.25,287.25,287.25,13500,4868100
HINDPETRO_F1,20220427,09:45,287.60,287.60,287.60,287.60,8100,4868100
HINDPETRO_F1,20220427,09:47,287.00,287.00,286.80,286.80,18900,4887000
HINDPETRO_F1,20220427,09:48,286.70,287.00,286.70,287.00,16200,4887000
HINDPETRO_F1,20220427,09:49,286.45,286.95,286.45,286.95,32400,4816800
HINDPETRO_F1,20220427,09:50,286.65,286.65,286.65,286.65,2700,4816800
HINDPETRO_F1,20220427,09:51,286.65,286.65,286.65,286.65,2700,4816800
HINDPETRO_F1,20220427,09:53,286.25,286.25,286.25,286.25,21600,4816800
HINDPETRO_F1,20220427,09:54,286.05,286.05,286.05,286.05,16200,4814100
HINDPETRO_F1,20220427,09:56,286.05,286.05,286.05,286.05,2700,4814100
HINDPETRO_F1,20220427,09:57,285.75,285.75,285.50,285.50,45900,4814100
HINDPETRO_F1,20220427,09:58,285.85,285.85,285.80,285.80,8100,4816800
HINDPETRO_F1,20220427,09:59,285.85,285.85,285.75,285.75,5400,4816800
HINDPETRO_F1,20220427,10:01,285.70,285.70,285.70,285.70,13500,4811400
HINDPETRO_F1,20220427,10:02,285.25,285.25,284.85,285.05,27000,4811400
HINDPETRO_F1,20220427,10:03,285.45,285.45,284.70,284.70,13500,4811400
HINDPETRO_F1,20220427,10:04,284.40,284.50,284.40,284.50,18900,4808700
HINDPETRO_F1,20220427,10:05,285.00,285.35,285.00,285.35,37800,4808700
HINDPETRO_F1,20220427,10:06,285.15,285.15,285.15,285.15,5400,4808700
HINDPETRO_F1,20220427,10:07,284.80,285.25,284.80,285.25,5400,4824900
HINDPETRO_F1,20220427,10:08,285.25,285.25,285.25,285.25,5400,4824900
HINDPETRO_F1,20220427,10:09,284.85,284.85,284.85,284.85,2700,4824900
HINDPETRO_F1,20220427,10:10,284.85,284.85,284.85,284.85,2700,4822200
HINDPETRO_F1,20220427,10:11,284.85,284.85,284.85,284.85,13500,4822200
HINDPETRO_F1,20220427,10:13,284.70,284.70,284.70,284.70,5400,4822200
HINDPETRO_F1,20220427,10:14,284.70,284.70,284.70,284.70,10800,4822200
HINDPETRO_F1,20220427,10:15,284.75,284.75,284.75,284.75,70200,4822200
HINDPETRO_F1,20220427,10:16,284.75,284.75,284.75,284.75,8100,4814100
HINDPETRO_F1,20220427,10:18,284.90,285.05,284.90,285.05,10800,4814100
HINDPETRO_F1,20220427,10:19,284.85,284.85,284.65,284.65,18900,4868100
HINDPETRO_F1,20220427,10:20,284.65,284.65,284.60,284.60,5400,4868100
HINDPETRO_F1,20220427,10:21,284.60,284.65,284.25,284.25,40500,4868100
HINDPETRO_F1,20220427,10:22,284.40,284.40,284.40,284.40,2700,4900500
HINDPETRO_F1,20220427,10:23,284.40,284.50,284.40,284.50,8100,4900500
HINDPETRO_F1,20220427,10:25,284.10,284.10,284.10,284.10,10800,4900500
HINDPETRO_F1,20220427,10:29,284.15,284.15,284.15,284.15,16200,4876200
HINDPETRO_F1,20220427,10:30,284.00,284.00,283.95,283.95,10800,4876200
HINDPETRO_F1,20220427,10:32,283.95,283.95,283.95,283.95,2700,4876200
HINDPETRO_F1,20220427,10:33,283.95,283.95,283.95,283.95,5400,4876200
HINDPETRO_F1,20220427,10:34,283.25,283.25,283.10,283.10,40500,4878900
HINDPETRO_F1,20220427,10:36,283.10,283.10,283.10,283.10,2700,4878900
HINDPETRO_F1,20220427,10:38,283.45,283.45,283.45,283.45,10800,4873500
HINDPETRO_F1,20220427,10:40,283.90,283.90,283.90,283.90,8100,4862700
HINDPETRO_F1,20220427,10:41,284.25,284.25,284.25,284.25,8100,4862700
HINDPETRO_F1,20220427,10:42,284.40,284.40,284.40,284.40,2700,4862700
HINDPETRO_F1,20220427,10:43,284.60,284.60,284.60,284.60,2700,4870800
HINDPETRO_F1,20220427,10:44,284.75,284.75,284.75,284.75,2700,4870800
HINDPETRO_F1,20220427,10:47,284.75,284.75,284.75,284.75,10800,4870800
HINDPETRO_F1,20220427,10:49,284.65,284.65,284.65,284.65,2700,4873500
HINDPETRO_F1,20220427,10:50,284.65,284.75,284.65,284.75,5400,4873500
HINDPETRO_F1,20220427,10:51,284.75,284.75,284.55,284.55,13500,4873500
HINDPETRO_F1,20220427,10:55,284.55,284.55,284.40,284.40,10800,4881600
HINDPETRO_F1,20220427,11:01,284.40,284.40,283.90,283.90,27000,4878900
HINDPETRO_F1,20220427,11:02,283.80,283.80,283.25,283.30,40500,4878900
HINDPETRO_F1,20220427,11:03,283.30,283.30,282.80,282.80,35100,4878900
HINDPETRO_F1,20220427,11:04,282.80,282.85,282.80,282.85,13500,4878900
HINDPETRO_F1,20220427,11:05,282.85,282.85,282.85,282.85,8100,4878900
HINDPETRO_F1,20220427,11:06,283.00,283.00,283.00,283.00,10800,4878900
HINDPETRO_F1,20220427,11:09,283.00,283.00,283.00,283.00,13500,4881600
HINDPETRO_F1,20220427,11:10,283.15,283.15,283.15,283.15,5400,4887000
HINDPETRO_F1,20220427,11:11,283.10,283.10,283.10,283.10,5400,4887000
HINDPETRO_F1,20220427,11:12,283.15,283.15,283.15,283.15,5400,4887000
HINDPETRO_F1,20220427,11:15,283.35,283.35,283.35,283.35,5400,4892400
HINDPETRO_F1,20220427,11:16,283.35,283.35,283.35,283.35,2700,4892400
HINDPETRO_F1,20220427,11:17,283.65,283.65,283.65,283.65,5400,4895100
HINDPETRO_F1,20220427,11:19,283.40,283.40,283.40,283.40,8100,4887000
HINDPETRO_F1,20220427,11:20,283.40,283.40,283.40,283.40,13500,4887000
HINDPETRO_F1,20220427,11:21,283.20,283.20,283.20,283.20,10800,4887000
HINDPETRO_F1,20220427,11:23,283.25,283.25,283.25,283.25,10800,4889700
HINDPETRO_F1,20220427,11:24,283.25,283.25,283.25,283.25,5400,4889700
HINDPETRO_F1,20220427,11:25,283.55,283.55,283.55,283.55,5400,4889700
HINDPETRO_F1,20220427,11:26,283.30,283.65,283.30,283.65,27000,4895100
HINDPETRO_F1,20220427,11:27,283.45,283.45,283.45,283.45,2700,4895100
HINDPETRO_F1,20220427,11:28,283.40,283.40,283.40,283.40,8100,4895100
HINDPETRO_F1,20220427,11:29,282.95,282.95,282.95,282.95,2700,4895100
HINDPETRO_F1,20220427,11:31,282.95,282.95,282.95,282.95,5400,4889700
HINDPETRO_F1,20220427,11:32,282.70,282.70,282.70,282.70,5400,4889700
HINDPETRO_F1,20220427,11:33,282.95,282.95,282.95,282.95,2700,4889700
HINDPETRO_F1,20220427,11:34,282.95,282.95,282.95,282.95,59400,4895100
HINDPETRO_F1,20220427,11:35,282.95,282.95,282.95,282.95,5400,4895100
HINDPETRO_F1,20220427,11:38,282.95,283.00,282.95,283.00,5400,4900500
HINDPETRO_F1,20220427,11:40,282.50,282.50,282.50,282.50,8100,4903200
HINDPETRO_F1,20220427,11:43,282.55,282.55,282.55,282.55,2700,4889700
HINDPETRO_F1,20220427,11:44,282.55,282.55,282.55,282.55,2700,4889700
HINDPETRO_F1,20220427,11:46,282.50,282.70,282.50,282.70,16200,4900500
HINDPETRO_F1,20220427,11:47,282.50,282.50,282.50,282.50,5400,4900500
HINDPETRO_F1,20220427,11:48,282.15,282.70,282.15,282.70,21600,4900500
HINDPETRO_F1,20220427,11:49,282.70,282.70,282.70,282.70,13500,4868100
HINDPETRO_F1,20220427,11:50,282.40,282.70,282.40,282.70,16200,4868100
HINDPETRO_F1,20220427,11:51,282.50,282.50,282.50,282.50,13500,4868100
HINDPETRO_F1,20220427,11:52,282.20,282.20,282.20,282.20,24300,4870800
HINDPETRO_F1,20220427,11:53,282.25,282.25,282.25,282.25,5400,4870800
HINDPETRO_F1,20220427,11:54,282.25,282.25,282.25,282.25,27000,4870800
HINDPETRO_F1,20220427,11:56,282.15,282.15,282.15,282.15,2700,4884300
HINDPETRO_F1,20220427,11:57,282.35,282.35,282.25,282.25,13500,4884300
HINDPETRO_F1,20220427,11:58,282.20,282.20,282.20,282.20,5400,4881600
HINDPETRO_F1,20220427,11:59,282.20,282.90,282.20,282.90,10800,4881600
HINDPETRO_F1,20220427,12:00,282.90,282.90,282.90,282.90,2700,4881600
HINDPETRO_F1,20220427,12:01,282.90,282.90,282.90,282.90,2700,4881600
HINDPETRO_F1,20220427,12:02,282.55,282.55,282.55,282.55,2700,4889700
HINDPETRO_F1,20220427,12:03,282.55,282.55,282.55,282.55,2700,4889700
HINDPETRO_F1,20220427,12:04,282.55,282.55,282.55,282.55,2700,4881600
HINDPETRO_F1,20220427,12:07,282.50,282.50,282.50,282.50,16200,4881600
HINDPETRO_F1,20220427,12:09,282.50,282.50,282.50,282.50,2700,4881600
HINDPETRO_F1,20220427,12:10,282.50,282.50,282.50,282.50,2700,4857300
HINDPETRO_F1,20220427,12:13,282.50,282.50,282.50,282.50,5400,4857300
HINDPETRO_F1,20220427,12:14,282.50,282.50,282.50,282.50,5400,4854600
HINDPETRO_F1,20220427,12:15,282.50,282.50,282.50,282.50,8100,4854600
HINDPETRO_F1,20220427,12:16,282.20,282.20,282.20,282.20,5400,4860000
HINDPETRO_F1,20220427,12:18,282.20,282.65,282.20,282.65,108000,4860000
HINDPETRO_F1,20220427,12:19,282.65,282.65,282.65,282.65,2700,4876200
HINDPETRO_F1,20220427,12:20,282.55,282.55,282.55,282.55,5400,4876200
HINDPETRO_F1,20220427,12:21,282.55,282.55,282.55,282.55,5400,4876200
HINDPETRO_F1,20220427,12:23,282.75,282.75,282.75,282.75,2700,4870800
HINDPETRO_F1,20220427,12:24,282.75,282.75,282.75,282.75,32400,4870800
HINDPETRO_F1,20220427,12:25,282.55,282.55,282.55,282.55,21600,4914000
HINDPETRO_F1,20220427,12:26,282.55,282.55,282.55,282.55,5400,4914000
HINDPETRO_F1,20220427,12:27,282.55,282.55,282.55,282.55,29700,4914000
HINDPETRO_F1,20220427,12:28,282.45,282.45,282.45,282.45,24300,4949100
HINDPETRO_F1,20220427,12:29,282.45,282.45,282.45,282.45,2700,4949100
HINDPETRO_F1,20220427,12:33,282.45,282.65,282.45,282.65,10800,4951800
HINDPETRO_F1,20220427,12:34,282.90,282.90,282.90,282.90,2700,4924800
HINDPETRO_F1,20220427,12:35,282.75,282.75,282.75,282.75,2700,4924800
HINDPETRO_F1,20220427,12:36,282.75,282.90,282.75,282.90,16200,4924800
HINDPETRO_F1,20220427,12:37,282.95,282.95,282.95,282.95,5400,4924800
HINDPETRO_F1,20220427,12:38,283.20,283.20,283.20,283.20,5400,4924800
HINDPETRO_F1,20220427,12:39,283.20,283.20,283.10,283.10,10800,4924800
HINDPETRO_F1,20220427,12:41,282.90,282.90,282.90,282.90,2700,4932900
HINDPETRO_F1,20220427,12:43,282.90,282.90,282.90,282.90,2700,4930200
HINDPETRO_F1,20220427,12:45,282.65,282.65,282.65,282.65,2700,4930200
HINDPETRO_F1,20220427,12:47,282.65,282.65,282.65,282.65,5400,4930200
HINDPETRO_F1,20220427,12:48,282.65,282.65,282.30,282.55,51300,4930200
HINDPETRO_F1,20220427,12:50,282.40,282.40,282.40,282.40,2700,4941000
HINDPETRO_F1,20220427,12:51,282.40,282.40,282.40,282.40,5400,4941000
HINDPETRO_F1,20220427,12:52,282.40,282.40,282.40,282.40,2700,4941000
HINDPETRO_F1,20220427,12:57,282.40,282.40,282.40,282.40,2700,4941000
HINDPETRO_F1,20220427,12:58,282.40,282.65,282.40,282.65,18900,4938300
HINDPETRO_F1,20220427,12:59,282.25,282.25,281.85,281.85,59400,4938300
HINDPETRO_F1,20220427,13:00,281.85,281.85,281.45,281.45,10800,4938300
HINDPETRO_F1,20220427,13:02,281.40,281.40,281.40,281.40,2700,4984200
HINDPETRO_F1,20220427,13:03,281.00,281.00,281.00,281.00,5400,4984200
HINDPETRO_F1,20220427,13:04,281.15,281.15,281.15,281.15,2700,4978800
HINDPETRO_F1,20220427,13:05,281.70,281.70,281.70,281.70,18900,4978800
HINDPETRO_F1,20220427,13:06,281.15,281.15,281.15,281.15,2700,4978800
HINDPETRO_F1,20220427,13:08,281.00,281.00,281.00,281.00,8100,4962600
HINDPETRO_F1,20220427,13:09,280.95,281.20,280.95,281.20,13500,4962600
HINDPETRO_F1,20220427,13:10,281.00,281.00,281.00,281.00,10800,4946400
HINDPETRO_F1,20220427,13:11,281.00,281.00,281.00,281.00,2700,4946400
HINDPETRO_F1,20220427,13:12,281.00,281.00,281.00,281.00,2700,4946400
HINDPETRO_F1,20220427,13:14,281.25,281.25,281.25,281.25,2700,4946400
HINDPETRO_F1,20220427,13:16,281.50,281.50,281.25,281.25,5400,4924800
HINDPETRO_F1,20220427,13:19,281.25,281.70,281.25,281.70,10800,4892400
HINDPETRO_F1,20220427,13:20,281.70,281.70,281.70,281.70,13500,4892400
HINDPETRO_F1,20220427,13:22,281.70,281.70,281.70,281.70,2700,4892400
HINDPETRO_F1,20220427,13:24,281.65,281.65,281.65,281.65,8100,4889700
HINDPETRO_F1,20220427,13:25,281.65,281.65,281.65,281.65,2700,4887000
HINDPETRO_F1,20220427,13:26,281.65,281.65,281.65,281.65,2700,4887000
HINDPETRO_F1,20220427,13:28,282.00,282.00,282.00,282.00,8100,4889700
HINDPETRO_F1,20220427,13:30,282.00,282.00,282.00,282.00,2700,4889700
HINDPETRO_F1,20220427,13:31,282.40,282.40,282.40,282.40,2700,4889700
HINDPETRO_F1,20220427,13:32,282.25,282.25,282.25,282.25,5400,4889700
HINDPETRO_F1,20220427,13:33,282.25,282.25,282.25,282.25,5400,4889700
HINDPETRO_F1,20220427,13:34,282.25,282.50,282.25,282.50,5400,4889700
HINDPETRO_F1,20220427,13:35,282.15,282.15,282.15,282.15,5400,4889700
HINDPETRO_F1,20220427,13:37,282.15,282.45,282.15,282.45,5400,4895100
HINDPETRO_F1,20220427,13:39,282.35,282.35,282.35,282.35,2700,4895100
HINDPETRO_F1,20220427,13:40,282.15,282.30,282.15,282.30,10800,4895100
HINDPETRO_F1,20220427,13:41,282.65,282.65,282.65,282.65,5400,4895100
HINDPETRO_F1,20220427,13:42,282.40,282.40,282.40,282.40,5400,4895100
HINDPETRO_F1,20220427,13:44,282.60,282.70,282.60,282.70,5400,4897800
HINDPETRO_F1,20220427,13:45,282.70,282.90,282.70,282.90,10800,4897800
HINDPETRO_F1,20220427,13:46,282.80,282.80,282.70,282.70,45900,4895100
HINDPETRO_F1,20220427,13:47,282.70,282.70,282.70,282.70,8100,4895100
HINDPETRO_F1,20220427,13:48,282.70,282.70,282.70,282.70,5400,4895100
HINDPETRO_F1,20220427,13:49,282.70,282.80,282.70,282.70,16200,4887000
HINDPETRO_F1,20220427,13:50,282.70,282.70,282.70,282.70,10800,4887000
HINDPETRO_F1,20220427,13:52,282.70,282.70,282.70,282.70,70200,4884300
HINDPETRO_F1,20220427,13:53,282.90,282.90,282.80,282.80,10800,4884300
HINDPETRO_F1,20220427,13:54,282.70,283.35,282.70,283.05,43200,4884300
HINDPETRO_F1,20220427,13:55,283.05,283.05,283.00,283.00,10800,4887000
HINDPETRO_F1,20220427,13:56,282.90,283.10,282.90,282.95,27000,4887000
HINDPETRO_F1,20220427,13:57,282.80,282.95,282.80,282.80,18900,4887000
HINDPETRO_F1,20220427,13:58,282.90,283.00,282.90,283.00,16200,4887000
HINDPETRO_F1,20220427,13:59,282.80,282.80,282.65,282.65,97200,4897800
HINDPETRO_F1,20220427,14:00,282.70,282.70,282.40,282.50,51300,4897800
HINDPETRO_F1,20220427,14:01,282.50,282.55,282.50,282.55,21600,4905900
HINDPETRO_F1,20220427,14:02,282.50,282.50,282.50,282.50,10800,4905900
HINDPETRO_F1,20220427,14:03,282.50,282.50,282.50,282.50,13500,4905900
HINDPETRO_F1,20220427,14:04,282.35,282.35,282.20,282.20,16200,4908600
HINDPETRO_F1,20220427,14:05,282.20,282.20,282.15,282.15,18900,4908600
HINDPETRO_F1,20220427,14:06,282.15,282.15,281.80,282.00,27000,4908600
HINDPETRO_F1,20220427,14:07,282.20,282.20,281.80,282.00,137700,4903200
HINDPETRO_F1,20220427,14:08,282.20,282.20,282.00,282.00,56700,4903200
HINDPETRO_F1,20220427,14:09,282.55,282.65,282.50,282.60,24300,4903200
HINDPETRO_F1,20220427,14:10,282.60,282.60,282.60,282.60,91800,4903200
HINDPETRO_F1,20220427,14:11,282.85,282.85,282.85,282.85,210600,4903200
HINDPETRO_F1,20220427,14:12,282.85,282.85,282.85,282.85,2700,4903200
HINDPETRO_F1,20220427,14:14,282.85,282.85,282.85,282.85,16200,4908600
HINDPETRO_F1,20220427,14:16,282.65,282.65,282.65,282.65,2700,4908600
HINDPETRO_F1,20220427,14:17,282.65,282.65,282.65,282.65,2700,4908600
HINDPETRO_F1,20220427,14:18,282.65,282.65,282.65,282.65,8100,4908600
HINDPETRO_F1,20220427,14:19,282.50,282.50,282.50,282.50,8100,4914000
HINDPETRO_F1,20220427,14:21,282.50,282.50,282.50,282.50,37800,4914000
HINDPETRO_F1,20220427,14:22,281.95,281.95,281.95,281.95,91800,4916700
HINDPETRO_F1,20220427,14:23,281.95,281.95,281.95,281.95,10800,4916700
HINDPETRO_F1,20220427,14:24,281.80,282.15,281.80,282.15,8100,4916700
HINDPETRO_F1,20220427,14:25,282.15,282.55,282.15,282.55,18900,4916700
HINDPETRO_F1,20220427,14:28,282.55,282.75,282.50,282.50,8100,4916700
HINDPETRO_F1,20220427,14:29,282.50,282.50,282.50,282.50,2700,4916700
HINDPETRO_F1,20220427,14:32,282.50,282.80,282.50,282.80,5400,4922100
HINDPETRO_F1,20220427,14:33,282.70,282.70,282.70,282.70,8100,4922100
HINDPETRO_F1,20220427,14:35,282.45,282.45,282.45,282.45,5400,4922100
HINDPETRO_F1,20220427,14:36,282.80,282.80,282.70,282.70,5400,4922100
HINDPETRO_F1,20220427,14:38,282.70,282.70,282.70,282.70,2700,4922100
HINDPETRO_F1,20220427,14:39,282.70,282.70,281.60,282.05,18900,4924800
HINDPETRO_F1,20220427,14:41,281.70,282.35,281.70,282.35,21600,4932900
HINDPETRO_F1,20220427,14:42,282.10,282.45,282.10,282.45,8100,4932900
HINDPETRO_F1,20220427,14:44,282.10,282.20,282.10,282.20,5400,4938300
HINDPETRO_F1,20220427,14:45,282.20,282.20,282.20,282.20,2700,4938300
HINDPETRO_F1,20220427,14:46,282.20,282.20,282.20,282.20,5400,4930200
HINDPETRO_F1,20220427,14:47,282.45,282.45,282.45,282.45,2700,4930200
HINDPETRO_F1,20220427,14:49,282.45,282.45,282.45,282.45,18900,4935600
HINDPETRO_F1,20220427,14:50,282.45,282.45,282.45,282.45,27000,4935600
HINDPETRO_F1,20220427,14:51,282.45,282.45,282.45,282.45,2700,4935600
HINDPETRO_F1,20220427,14:53,282.45,282.45,282.45,282.45,5400,4935600
HINDPETRO_F1,20220427,14:55,282.25,282.25,282.25,282.25,10800,4914000
HINDPETRO_F1,20220427,14:56,282.70,282.70,281.85,281.85,32400,4914000
HINDPETRO_F1,20220427,14:58,281.85,281.85,281.85,281.85,2700,4916700
HINDPETRO_F1,20220427,14:59,282.00,282.00,281.90,281.90,8100,4916700
HINDPETRO_F1,20220427,15:01,282.10,282.10,282.10,282.10,10800,4916700
HINDPETRO_F1,20220427,15:02,282.00,282.40,282.00,282.40,8100,4914000
HINDPETRO_F1,20220427,15:03,282.65,282.65,282.65,282.65,5400,4914000
HINDPETRO_F1,20220427,15:04,282.65,282.65,282.65,282.65,2700,4914000
HINDPETRO_F1,20220427,15:05,283.00,283.20,282.95,282.95,29700,4916700
HINDPETRO_F1,20220427,15:06,282.75,282.75,282.75,282.75,5400,4916700
HINDPETRO_F1,20220427,15:08,282.75,282.75,282.30,282.30,24300,4919400
HINDPETRO_F1,20220427,15:09,282.00,282.00,282.00,282.00,5400,4919400
HINDPETRO_F1,20220427,15:10,282.30,282.30,282.30,282.30,10800,4919400
HINDPETRO_F1,20220427,15:11,282.10,282.55,282.10,282.55,16200,4919400
HINDPETRO_F1,20220427,15:12,282.35,282.35,282.35,282.35,2700,4919400
HINDPETRO_F1,20220427,15:13,282.30,282.30,282.30,282.30,2700,4919400
HINDPETRO_F1,20220427,15:14,281.85,281.85,281.85,281.85,13500,4927500
HINDPETRO_F1,20220427,15:15,281.85,281.85,281.85,281.85,2700,4927500
HINDPETRO_F1,20220427,15:16,282.05,282.05,281.95,281.95,5400,4908600
HINDPETRO_F1,20220427,15:17,281.85,281.85,281.85,281.85,13500,4908600
HINDPETRO_F1,20220427,15:19,281.85,281.85,281.85,281.85,5400,4903200
HINDPETRO_F1,20220427,15:20,281.85,281.95,281.85,281.95,21600,4903200
HINDPETRO_F1,20220427,15:21,281.90,281.90,281.90,281.90,5400,4903200
HINDPETRO_F1,20220427,15:22,281.80,281.80,281.80,281.80,2700,4900500
HINDPETRO_F1,20220427,15:23,281.80,281.80,281.80,281.80,2700,4900500
HINDPETRO_F1,20220427,15:24,282.00,282.00,281.70,282.00,21600,4900500
HINDPETRO_F1,20220427,15:25,282.00,282.20,282.00,282.00,18900,4900500
HINDPETRO_F1,20220427,15:26,282.05,282.05,282.05,282.05,5400,4887000
HINDPETRO_F1,20220427,15:27,282.05,282.05,282.05,282.05,54000,4887000
HINDPETRO_F1,20220427,15:28,282.05,282.05,282.05,282.05,110700,4884300
HINDPETRO_F1,20220427,15:29,281.80,281.80,281.70,281.70,78300,4884300
HINDPETRO_F1,20220427,15:30,281.70,282.15,281.50,281.50,83700,4884300
HINDPETRO_F1,20220427,15:31,281.50,281.50,281.50,281.50,81000,4884300
HINDPETRO_F1,20220427,19:05,282.00,282.00,282.00,282.00,1,2416500
