AMBUJACEM_F1,20210927,09:16,411.80,414.65,411.80,413.70,147000,14031000
AMBUJACEM_F1,20210927,09:17,413.70,413.95,412.55,412.85,63000,14031000
AMBUJACEM_F1,20210927,09:18,412.50,412.85,412.10,412.35,108000,14109000
AMBUJACEM_F1,20210927,09:19,412.20,412.80,411.85,412.45,132000,14109000
AMBUJACEM_F1,20210927,09:20,412.00,412.40,412.00,412.15,81000,14109000
AMBUJACEM_F1,20210927,09:21,412.25,412.75,412.25,412.75,33000,14265000
AMBUJACEM_F1,20210927,09:22,412.75,412.75,412.45,412.45,48000,14265000
AMBUJACEM_F1,20210927,09:23,412.60,412.60,412.50,412.50,57000,14265000
AMBUJACEM_F1,20210927,09:24,411.80,412.50,411.80,412.50,57000,14265000
AMBUJACEM_F1,20210927,09:25,412.50,412.50,412.50,412.50,21000,14379000
AMBUJACEM_F1,20210927,09:26,412.50,412.50,411.75,412.10,48000,14379000
AMBUJACEM_F1,20210927,09:27,412.10,412.10,411.60,411.60,57000,14460000
AMBUJACEM_F1,20210927,09:28,411.60,411.60,411.45,411.45,21000,14460000
AMBUJACEM_F1,20210927,09:29,411.00,411.15,410.90,410.90,69000,14460000
AMBUJACEM_F1,20210927,09:30,410.70,410.95,410.50,410.55,102000,14544000
AMBUJACEM_F1,20210927,09:31,410.55,410.95,410.55,410.85,51000,14544000
AMBUJACEM_F1,20210927,09:32,410.65,410.65,410.00,410.00,54000,14544000
AMBUJACEM_F1,20210927,09:33,409.55,410.00,409.55,410.00,54000,14664000
AMBUJACEM_F1,20210927,09:34,410.15,410.35,410.15,410.35,63000,14664000
AMBUJACEM_F1,20210927,09:35,410.10,410.10,408.80,409.15,135000,14664000
AMBUJACEM_F1,20210927,09:36,409.15,409.35,408.70,409.00,84000,14721000
AMBUJACEM_F1,20210927,09:37,409.45,409.80,409.45,409.80,153000,14721000
AMBUJACEM_F1,20210927,09:38,410.15,410.20,410.15,410.20,24000,14721000
AMBUJACEM_F1,20210927,09:39,410.15,410.15,409.30,409.30,96000,14793000
AMBUJACEM_F1,20210927,09:40,409.70,409.70,409.45,409.45,81000,14793000
AMBUJACEM_F1,20210927,09:41,410.00,410.90,410.00,410.90,69000,14793000
AMBUJACEM_F1,20210927,09:42,410.95,410.95,410.95,410.95,36000,14793000
AMBUJACEM_F1,20210927,09:43,410.85,410.85,410.85,410.85,24000,14802000
AMBUJACEM_F1,20210927,09:44,411.15,411.15,410.70,410.80,51000,14802000
AMBUJACEM_F1,20210927,09:45,411.00,411.00,411.00,411.00,42000,14859000
AMBUJACEM_F1,20210927,09:46,411.20,411.20,410.75,410.75,48000,14859000
AMBUJACEM_F1,20210927,09:47,410.75,410.75,410.65,410.75,39000,14859000
AMBUJACEM_F1,20210927,09:48,410.75,412.60,410.75,412.60,126000,14934000
AMBUJACEM_F1,20210927,09:49,411.95,412.65,411.95,412.40,144000,14934000
AMBUJACEM_F1,20210927,09:50,412.55,413.65,412.35,412.70,144000,14934000
AMBUJACEM_F1,20210927,09:51,412.90,413.35,412.75,412.75,75000,15021000
AMBUJACEM_F1,20210927,09:52,412.65,413.25,412.65,413.15,51000,15021000
AMBUJACEM_F1,20210927,09:53,413.70,413.95,413.70,413.80,30000,15021000
AMBUJACEM_F1,20210927,09:54,413.85,414.00,413.80,414.00,54000,15087000
AMBUJACEM_F1,20210927,09:55,414.10,414.85,414.10,414.50,90000,15087000
AMBUJACEM_F1,20210927,09:56,414.50,414.55,414.30,414.50,33000,15087000
AMBUJACEM_F1,20210927,09:57,414.50,414.50,413.30,413.30,39000,15132000
AMBUJACEM_F1,20210927,09:58,412.95,412.95,412.95,412.95,48000,15132000
AMBUJACEM_F1,20210927,09:59,412.95,413.10,412.95,413.00,36000,15132000
AMBUJACEM_F1,20210927,10:00,413.00,413.00,412.45,412.45,33000,15132000
AMBUJACEM_F1,20210927,10:01,412.45,412.70,412.40,412.40,51000,15180000
AMBUJACEM_F1,20210927,10:02,412.15,412.20,411.70,411.70,75000,15180000
AMBUJACEM_F1,20210927,10:03,412.05,412.05,411.85,412.00,39000,15222000
AMBUJACEM_F1,20210927,10:04,411.95,412.00,411.95,412.00,18000,15222000
AMBUJACEM_F1,20210927,10:05,411.90,411.90,411.90,411.90,21000,15222000
AMBUJACEM_F1,20210927,10:08,411.95,411.95,411.95,411.95,12000,15246000
AMBUJACEM_F1,20210927,10:09,411.95,411.95,411.95,411.95,24000,15243000
AMBUJACEM_F1,20210927,10:10,412.15,412.35,412.15,412.15,39000,15243000
AMBUJACEM_F1,20210927,10:11,412.10,412.10,412.10,412.10,3000,15243000
AMBUJACEM_F1,20210927,10:12,412.10,412.10,412.10,412.10,90000,15243000
AMBUJACEM_F1,20210927,10:13,412.10,412.50,412.10,412.50,21000,15321000
AMBUJACEM_F1,20210927,10:14,412.50,412.50,412.50,412.50,33000,15321000
AMBUJACEM_F1,20210927,10:15,412.30,412.30,412.30,412.30,39000,15321000
AMBUJACEM_F1,20210927,10:16,412.50,412.75,412.50,412.75,42000,15408000
AMBUJACEM_F1,20210927,10:17,412.75,412.75,412.70,412.70,36000,15408000
AMBUJACEM_F1,20210927,10:18,412.70,412.90,412.70,412.90,24000,15408000
AMBUJACEM_F1,20210927,10:19,412.90,412.90,412.70,412.70,9000,15495000
AMBUJACEM_F1,20210927,10:20,412.65,412.65,412.50,412.50,18000,15495000
AMBUJACEM_F1,20210927,10:21,412.25,412.25,412.25,412.25,9000,15495000
AMBUJACEM_F1,20210927,10:22,412.50,412.50,412.50,412.50,12000,15501000
AMBUJACEM_F1,20210927,10:23,412.55,412.55,412.55,412.55,3000,15501000
AMBUJACEM_F1,20210927,10:24,412.70,412.70,412.70,412.70,15000,15501000
AMBUJACEM_F1,20210927,10:25,412.65,412.90,412.65,412.90,33000,15510000
AMBUJACEM_F1,20210927,10:26,412.70,412.70,412.70,412.70,33000,15510000
AMBUJACEM_F1,20210927,10:28,412.30,412.30,412.30,412.30,9000,15525000
AMBUJACEM_F1,20210927,10:29,412.15,412.15,412.15,412.15,12000,15525000
AMBUJACEM_F1,20210927,10:30,412.30,412.30,412.30,412.30,9000,15525000
AMBUJACEM_F1,20210927,10:31,412.95,413.00,412.95,413.00,45000,15540000
AMBUJACEM_F1,20210927,10:33,413.05,413.05,413.05,413.05,3000,15540000
AMBUJACEM_F1,20210927,10:34,412.85,413.50,412.85,413.50,36000,15531000
AMBUJACEM_F1,20210927,10:35,413.50,413.75,413.50,413.75,18000,15531000
AMBUJACEM_F1,20210927,10:36,413.75,413.75,413.75,413.75,3000,15531000
AMBUJACEM_F1,20210927,10:37,413.75,413.75,413.75,413.75,9000,15555000
AMBUJACEM_F1,20210927,10:38,413.55,413.55,413.55,413.55,6000,15555000
AMBUJACEM_F1,20210927,10:39,413.55,413.55,413.55,413.55,9000,15555000
AMBUJACEM_F1,20210927,10:40,413.60,413.70,413.50,413.70,18000,15579000
AMBUJACEM_F1,20210927,10:41,413.35,413.35,413.35,413.35,3000,15579000
AMBUJACEM_F1,20210927,10:42,413.35,413.35,413.30,413.30,12000,15579000
AMBUJACEM_F1,20210927,10:43,413.30,413.30,413.25,413.30,27000,15588000
AMBUJACEM_F1,20210927,10:44,413.60,413.60,413.35,413.35,12000,15588000
AMBUJACEM_F1,20210927,10:45,413.25,413.25,413.25,413.25,15000,15588000
AMBUJACEM_F1,20210927,10:46,413.25,413.45,413.00,413.45,18000,15600000
AMBUJACEM_F1,20210927,10:47,413.45,413.45,413.30,413.30,6000,15600000
AMBUJACEM_F1,20210927,10:49,413.75,413.75,413.75,413.75,3000,15615000
AMBUJACEM_F1,20210927,10:50,413.85,414.00,413.85,413.85,12000,15615000
AMBUJACEM_F1,20210927,10:51,413.85,413.85,413.45,413.50,12000,15615000
AMBUJACEM_F1,20210927,10:52,413.75,413.75,413.75,413.75,3000,15621000
AMBUJACEM_F1,20210927,10:53,413.80,413.80,413.80,413.80,3000,15621000
AMBUJACEM_F1,20210927,10:54,413.90,413.90,413.85,413.85,6000,15621000
AMBUJACEM_F1,20210927,10:55,413.85,413.85,413.60,413.60,15000,15633000
AMBUJACEM_F1,20210927,10:56,413.60,413.60,413.60,413.60,9000,15633000
AMBUJACEM_F1,20210927,10:57,413.55,413.75,413.55,413.75,9000,15633000
AMBUJACEM_F1,20210927,10:58,414.25,414.45,414.25,414.45,21000,15645000
AMBUJACEM_F1,20210927,10:59,414.45,414.45,414.40,414.40,9000,15645000
AMBUJACEM_F1,20210927,11:00,414.45,415.15,414.45,415.10,54000,15645000
AMBUJACEM_F1,20210927,11:01,415.25,415.25,415.25,415.25,15000,15639000
AMBUJACEM_F1,20210927,11:02,415.30,415.30,415.15,415.30,18000,15639000
AMBUJACEM_F1,20210927,11:03,415.30,415.30,414.85,414.85,15000,15639000
AMBUJACEM_F1,20210927,11:04,414.85,415.00,414.85,415.00,6000,15657000
AMBUJACEM_F1,20210927,11:05,415.00,415.00,414.90,415.00,15000,15657000
AMBUJACEM_F1,20210927,11:06,414.70,415.00,414.70,415.00,12000,15657000
AMBUJACEM_F1,20210927,11:07,415.00,415.00,415.00,415.00,9000,15651000
AMBUJACEM_F1,20210927,11:09,414.50,414.75,414.50,414.75,9000,15651000
AMBUJACEM_F1,20210927,11:10,414.60,414.60,414.30,414.30,9000,15663000
AMBUJACEM_F1,20210927,11:11,414.25,414.25,414.20,414.20,9000,15663000
AMBUJACEM_F1,20210927,11:12,414.20,414.20,414.20,414.20,9000,15663000
AMBUJACEM_F1,20210927,11:13,414.00,414.00,414.00,414.00,9000,15669000
AMBUJACEM_F1,20210927,11:15,414.50,414.50,414.50,414.50,6000,15669000
AMBUJACEM_F1,20210927,11:16,414.50,414.50,414.50,414.50,6000,14124000
AMBUJACEM_F1,20210927,11:18,414.60,414.60,414.60,414.60,27000,14124000
AMBUJACEM_F1,20210927,11:19,414.60,414.60,414.60,414.60,6000,14136000
AMBUJACEM_F1,20210927,11:20,414.55,414.55,414.55,414.55,6000,14136000
AMBUJACEM_F1,20210927,11:21,414.35,414.35,414.35,414.35,9000,14136000
AMBUJACEM_F1,20210927,11:22,414.40,414.40,414.40,414.40,6000,14145000
AMBUJACEM_F1,20210927,11:23,414.90,414.90,414.40,414.50,12000,14145000
AMBUJACEM_F1,20210927,11:24,414.50,414.50,414.50,414.50,3000,14145000
AMBUJACEM_F1,20210927,11:26,414.40,414.40,414.40,414.40,3000,14145000
AMBUJACEM_F1,20210927,11:27,414.40,414.40,414.40,414.40,6000,14145000
AMBUJACEM_F1,20210927,11:28,414.75,414.75,414.50,414.50,9000,14154000
AMBUJACEM_F1,20210927,11:29,414.25,414.25,414.20,414.20,9000,14154000
AMBUJACEM_F1,20210927,11:30,414.25,414.25,414.25,414.25,3000,14154000
AMBUJACEM_F1,20210927,11:31,414.25,414.25,414.25,414.25,6000,14154000
AMBUJACEM_F1,20210927,11:32,414.65,414.65,414.65,414.65,18000,14154000
AMBUJACEM_F1,20210927,11:33,414.65,414.65,414.65,414.65,3000,14154000
AMBUJACEM_F1,20210927,11:34,415.05,415.50,414.95,415.50,105000,14178000
AMBUJACEM_F1,20210927,11:36,414.95,414.95,414.95,414.95,15000,14178000
AMBUJACEM_F1,20210927,11:38,414.75,415.15,414.75,415.15,12000,14214000
AMBUJACEM_F1,20210927,11:39,415.25,415.60,414.80,414.85,81000,14214000
AMBUJACEM_F1,20210927,11:40,414.85,414.85,414.75,414.75,12000,14232000
AMBUJACEM_F1,20210927,11:41,414.75,414.75,414.45,414.45,6000,14232000
AMBUJACEM_F1,20210927,11:42,414.40,414.40,414.40,414.40,3000,14232000
AMBUJACEM_F1,20210927,11:43,414.40,414.40,414.40,414.40,3000,14232000
AMBUJACEM_F1,20210927,11:44,414.40,414.65,414.40,414.65,9000,14241000
AMBUJACEM_F1,20210927,11:45,414.40,414.40,414.40,414.40,3000,14241000
AMBUJACEM_F1,20210927,11:47,414.70,414.70,414.70,414.70,3000,14253000
AMBUJACEM_F1,20210927,11:48,414.40,414.40,414.40,414.40,9000,14253000
AMBUJACEM_F1,20210927,11:49,414.90,415.15,414.90,415.15,12000,14262000
AMBUJACEM_F1,20210927,11:51,414.60,414.60,414.55,414.55,6000,14262000
AMBUJACEM_F1,20210927,11:52,414.40,415.00,414.40,414.55,12000,14271000
AMBUJACEM_F1,20210927,11:53,414.40,414.95,414.40,414.90,24000,14271000
AMBUJACEM_F1,20210927,11:54,414.90,414.90,414.90,414.90,3000,14271000
AMBUJACEM_F1,20210927,11:55,414.90,415.40,414.90,415.40,12000,14280000
AMBUJACEM_F1,20210927,11:56,415.40,415.40,415.40,415.40,3000,14280000
AMBUJACEM_F1,20210927,11:57,415.10,415.25,415.10,415.20,18000,14280000
AMBUJACEM_F1,20210927,11:58,415.40,415.40,415.40,415.40,18000,14289000
AMBUJACEM_F1,20210927,11:59,415.60,415.75,415.50,415.60,21000,14289000
AMBUJACEM_F1,20210927,12:00,415.10,415.10,415.10,415.10,6000,14289000
AMBUJACEM_F1,20210927,12:01,415.10,415.10,415.10,415.10,3000,14289000
AMBUJACEM_F1,20210927,12:04,415.10,415.40,415.10,415.40,9000,14295000
AMBUJACEM_F1,20210927,12:05,415.40,415.45,415.40,415.45,12000,14298000
AMBUJACEM_F1,20210927,12:06,415.35,415.35,415.35,415.35,3000,14298000
AMBUJACEM_F1,20210927,12:07,415.30,415.40,415.30,415.40,18000,14292000
AMBUJACEM_F1,20210927,12:08,415.45,415.45,415.40,415.40,9000,14292000
AMBUJACEM_F1,20210927,12:09,415.15,415.80,415.15,415.80,27000,14292000
AMBUJACEM_F1,20210927,12:10,415.65,415.65,415.65,415.65,3000,14292000
AMBUJACEM_F1,20210927,12:11,415.60,415.90,415.55,415.55,9000,14244000
AMBUJACEM_F1,20210927,12:13,415.55,415.70,415.55,415.70,12000,14253000
AMBUJACEM_F1,20210927,12:14,415.95,415.95,415.70,415.70,6000,14253000
AMBUJACEM_F1,20210927,12:15,415.70,416.00,415.70,415.70,33000,14253000
AMBUJACEM_F1,20210927,12:16,415.70,416.35,415.70,416.35,39000,14265000
AMBUJACEM_F1,20210927,12:17,416.10,416.10,415.50,415.50,21000,14265000
AMBUJACEM_F1,20210927,12:18,415.20,415.25,415.20,415.25,6000,14265000
AMBUJACEM_F1,20210927,12:19,415.35,415.35,415.35,415.35,6000,14211000
AMBUJACEM_F1,20210927,12:20,415.20,415.20,414.95,414.95,15000,14211000
AMBUJACEM_F1,20210927,12:21,414.90,414.90,414.80,414.80,12000,14211000
AMBUJACEM_F1,20210927,12:22,414.60,414.95,414.60,414.95,15000,14226000
AMBUJACEM_F1,20210927,12:24,414.65,414.65,414.30,414.30,48000,14226000
AMBUJACEM_F1,20210927,12:25,414.45,414.65,414.45,414.65,9000,14235000
AMBUJACEM_F1,20210927,12:26,414.65,414.65,414.65,414.65,9000,14235000
AMBUJACEM_F1,20210927,12:27,414.20,414.60,414.20,414.60,6000,14235000
AMBUJACEM_F1,20210927,12:29,414.65,414.65,414.15,414.40,18000,14241000
AMBUJACEM_F1,20210927,12:30,414.40,414.40,414.00,414.00,24000,14241000
AMBUJACEM_F1,20210927,12:31,414.50,414.50,414.50,414.50,9000,14241000
AMBUJACEM_F1,20210927,12:33,414.60,414.60,414.60,414.60,9000,14256000
AMBUJACEM_F1,20210927,12:34,414.60,414.60,414.60,414.60,3000,14256000
AMBUJACEM_F1,20210927,12:36,414.60,414.60,414.60,414.60,3000,14256000
AMBUJACEM_F1,20210927,12:37,414.60,414.60,414.60,414.60,3000,14244000
AMBUJACEM_F1,20210927,12:38,414.60,414.60,414.60,414.60,3000,14244000
AMBUJACEM_F1,20210927,12:40,414.60,414.60,414.60,414.60,3000,14250000
AMBUJACEM_F1,20210927,12:41,414.75,414.75,414.75,414.75,6000,14250000
AMBUJACEM_F1,20210927,12:42,414.75,414.75,414.60,414.60,6000,14250000
AMBUJACEM_F1,20210927,12:43,415.00,415.00,415.00,415.00,6000,14241000
AMBUJACEM_F1,20210927,12:44,414.85,414.85,414.85,414.85,3000,14241000
AMBUJACEM_F1,20210927,12:45,415.40,415.40,414.80,414.80,21000,14241000
AMBUJACEM_F1,20210927,12:46,414.60,414.60,414.55,414.55,12000,14247000
AMBUJACEM_F1,20210927,12:48,414.55,414.60,414.55,414.60,12000,14247000
AMBUJACEM_F1,20210927,12:49,414.60,414.60,414.60,414.60,9000,14247000
AMBUJACEM_F1,20210927,12:50,414.60,414.60,414.60,414.60,18000,14253000
AMBUJACEM_F1,20210927,12:51,414.60,415.15,414.60,415.15,6000,14253000
AMBUJACEM_F1,20210927,12:52,415.15,415.15,415.15,415.15,6000,14253000
AMBUJACEM_F1,20210927,12:53,415.35,415.35,415.35,415.35,12000,14274000
AMBUJACEM_F1,20210927,12:54,414.80,414.80,414.80,414.80,18000,14274000
AMBUJACEM_F1,20210927,12:56,415.45,415.45,415.05,415.05,6000,13995000
AMBUJACEM_F1,20210927,12:57,414.85,414.85,414.85,414.85,33000,13995000
AMBUJACEM_F1,20210927,12:58,414.85,414.85,414.85,414.85,6000,13992000
AMBUJACEM_F1,20210927,12:59,414.85,414.85,414.85,414.85,6000,13992000
AMBUJACEM_F1,20210927,13:02,415.30,415.30,415.30,415.30,9000,14001000
AMBUJACEM_F1,20210927,13:03,415.30,415.30,415.30,415.30,3000,14001000
AMBUJACEM_F1,20210927,13:04,415.30,415.30,414.90,415.10,21000,14019000
AMBUJACEM_F1,20210927,13:05,414.85,415.00,414.85,415.00,9000,14019000
AMBUJACEM_F1,20210927,13:07,415.00,415.00,415.00,415.00,12000,14019000
AMBUJACEM_F1,20210927,13:09,415.00,415.00,415.00,415.00,3000,14031000
AMBUJACEM_F1,20210927,13:10,415.00,415.00,415.00,415.00,3000,14031000
AMBUJACEM_F1,20210927,13:11,415.00,415.00,415.00,415.00,6000,13884000
AMBUJACEM_F1,20210927,13:13,415.00,415.00,415.00,415.00,6000,13890000
AMBUJACEM_F1,20210927,13:14,414.90,414.90,414.90,414.90,6000,13890000
AMBUJACEM_F1,20210927,13:15,414.90,414.90,414.90,414.90,3000,13890000
AMBUJACEM_F1,20210927,13:18,414.90,414.90,414.90,414.90,18000,13902000
AMBUJACEM_F1,20210927,13:19,414.90,414.90,414.90,414.90,3000,13902000
AMBUJACEM_F1,20210927,13:21,415.15,415.15,414.90,414.90,6000,13923000
AMBUJACEM_F1,20210927,13:22,414.95,415.20,414.95,415.20,60000,13923000
AMBUJACEM_F1,20210927,13:23,415.20,415.20,415.20,415.20,6000,13953000
AMBUJACEM_F1,20210927,13:24,414.80,414.80,414.80,414.80,3000,13953000
AMBUJACEM_F1,20210927,13:25,415.20,415.20,415.20,415.20,9000,13962000
AMBUJACEM_F1,20210927,13:27,415.15,415.15,415.15,415.15,24000,13962000
AMBUJACEM_F1,20210927,13:28,415.15,415.25,415.15,415.25,33000,13962000
AMBUJACEM_F1,20210927,13:31,415.25,415.25,415.15,415.15,18000,13965000
AMBUJACEM_F1,20210927,13:32,415.45,415.45,415.45,415.45,3000,13989000
AMBUJACEM_F1,20210927,13:34,415.65,415.65,415.60,415.60,12000,13989000
AMBUJACEM_F1,20210927,13:35,415.60,415.60,415.60,415.60,6000,13992000
AMBUJACEM_F1,20210927,13:36,415.30,415.30,415.30,415.30,9000,13992000
AMBUJACEM_F1,20210927,13:37,415.30,415.30,414.70,414.70,27000,13998000
AMBUJACEM_F1,20210927,13:38,414.85,414.85,414.85,414.85,9000,13998000
AMBUJACEM_F1,20210927,13:39,414.85,415.05,414.85,415.05,6000,13998000
AMBUJACEM_F1,20210927,13:40,415.05,415.25,415.05,415.25,21000,13998000
AMBUJACEM_F1,20210927,13:41,415.25,415.25,415.25,415.25,6000,13998000
AMBUJACEM_F1,20210927,13:42,415.40,415.40,415.40,415.40,3000,13998000
AMBUJACEM_F1,20210927,13:44,415.40,415.40,415.10,415.10,12000,13998000
AMBUJACEM_F1,20210927,13:45,414.95,414.95,414.95,414.95,9000,13998000
AMBUJACEM_F1,20210927,13:46,415.25,415.25,415.25,415.25,3000,13998000
AMBUJACEM_F1,20210927,13:47,415.25,415.25,415.25,415.25,21000,14001000
AMBUJACEM_F1,20210927,13:48,415.20,415.20,415.20,415.20,6000,14001000
AMBUJACEM_F1,20210927,13:49,414.80,414.80,414.80,414.80,3000,14001000
AMBUJACEM_F1,20210927,13:50,414.75,414.75,414.75,414.75,3000,14001000
AMBUJACEM_F1,20210927,13:51,414.75,414.75,414.75,414.75,3000,14001000
AMBUJACEM_F1,20210927,13:52,414.75,415.35,414.75,415.35,36000,14001000
AMBUJACEM_F1,20210927,13:53,415.20,415.20,415.20,415.20,3000,14010000
AMBUJACEM_F1,20210927,13:55,415.20,415.45,415.20,415.45,6000,14010000
AMBUJACEM_F1,20210927,13:56,415.45,415.45,415.45,415.45,3000,14007000
AMBUJACEM_F1,20210927,13:57,415.35,415.35,415.35,415.35,6000,14007000
AMBUJACEM_F1,20210927,13:58,415.40,415.40,415.40,415.40,3000,14007000
AMBUJACEM_F1,20210927,14:00,415.40,415.70,415.40,415.70,18000,13332000
AMBUJACEM_F1,20210927,14:01,415.70,415.70,415.30,415.60,9000,13332000
AMBUJACEM_F1,20210927,14:02,415.70,415.80,415.70,415.80,9000,13341000
AMBUJACEM_F1,20210927,14:03,415.35,415.55,415.35,415.55,6000,13341000
AMBUJACEM_F1,20210927,14:04,415.75,415.75,415.75,415.75,9000,13341000
AMBUJACEM_F1,20210927,14:05,415.80,415.90,415.80,415.90,9000,13362000
AMBUJACEM_F1,20210927,14:06,415.50,415.95,415.45,415.45,9000,13362000
AMBUJACEM_F1,20210927,14:07,415.85,415.85,415.85,415.85,3000,13362000
AMBUJACEM_F1,20210927,14:08,415.70,415.70,415.70,415.70,15000,13362000
AMBUJACEM_F1,20210927,14:09,415.70,415.70,415.70,415.70,3000,13362000
AMBUJACEM_F1,20210927,14:10,415.90,415.90,415.90,415.90,6000,13362000
AMBUJACEM_F1,20210927,14:11,415.95,415.95,415.50,415.50,6000,13374000
AMBUJACEM_F1,20210927,14:12,415.85,416.00,415.50,416.00,21000,13374000
AMBUJACEM_F1,20210927,14:13,415.80,416.20,415.80,416.20,12000,13374000
AMBUJACEM_F1,20210927,14:14,416.10,418.50,416.10,418.35,174000,13386000
AMBUJACEM_F1,20210927,14:15,418.50,418.50,418.05,418.05,30000,13386000
AMBUJACEM_F1,20210927,14:16,418.05,418.35,418.05,418.35,27000,13386000
AMBUJACEM_F1,20210927,14:17,418.35,418.35,417.80,418.05,12000,13413000
AMBUJACEM_F1,20210927,14:18,417.95,418.00,417.95,418.00,24000,13413000
AMBUJACEM_F1,20210927,14:19,418.05,419.10,417.95,419.00,99000,13413000
AMBUJACEM_F1,20210927,14:20,418.80,420.20,418.80,419.75,231000,13413000
AMBUJACEM_F1,20210927,14:21,419.95,420.45,419.90,420.30,144000,13413000
AMBUJACEM_F1,20210927,14:22,420.30,420.70,420.00,420.00,126000,13413000
AMBUJACEM_F1,20210927,14:23,419.60,420.90,419.15,420.90,78000,13503000
AMBUJACEM_F1,20210927,14:24,420.35,421.45,420.30,421.00,90000,13503000
AMBUJACEM_F1,20210927,14:25,421.40,421.40,420.55,421.00,36000,13503000
AMBUJACEM_F1,20210927,14:26,420.50,420.75,420.15,420.75,27000,13596000
AMBUJACEM_F1,20210927,14:27,420.45,420.45,420.15,420.40,15000,13596000
AMBUJACEM_F1,20210927,14:28,420.40,420.40,418.50,418.50,51000,13596000
AMBUJACEM_F1,20210927,14:29,418.40,418.45,417.75,418.45,33000,13608000
AMBUJACEM_F1,20210927,14:30,418.15,418.35,418.15,418.35,9000,13608000
AMBUJACEM_F1,20210927,14:31,417.75,418.00,417.60,417.60,21000,13608000
AMBUJACEM_F1,20210927,14:32,417.70,418.20,417.70,418.20,24000,13617000
AMBUJACEM_F1,20210927,14:33,418.20,418.80,418.20,418.80,9000,13617000
AMBUJACEM_F1,20210927,14:34,418.95,419.00,418.95,419.00,42000,13617000
AMBUJACEM_F1,20210927,14:35,419.40,419.40,419.20,419.20,15000,13623000
AMBUJACEM_F1,20210927,14:36,419.00,419.00,419.00,419.00,9000,13623000
AMBUJACEM_F1,20210927,14:37,419.00,419.15,419.00,419.15,24000,13623000
AMBUJACEM_F1,20210927,14:38,419.00,419.00,419.00,419.00,6000,13650000
AMBUJACEM_F1,20210927,14:39,419.25,419.25,419.00,419.20,18000,13650000
AMBUJACEM_F1,20210927,14:40,419.00,419.20,419.00,419.20,12000,13650000
AMBUJACEM_F1,20210927,14:41,419.05,419.05,419.00,419.05,21000,13572000
AMBUJACEM_F1,20210927,14:42,419.30,419.30,419.25,419.25,15000,13572000
AMBUJACEM_F1,20210927,14:43,419.35,419.35,419.35,419.35,6000,13572000
AMBUJACEM_F1,20210927,14:44,419.05,419.05,419.05,419.05,3000,13596000
AMBUJACEM_F1,20210927,14:45,419.00,419.00,418.80,418.90,18000,13596000
AMBUJACEM_F1,20210927,14:46,418.30,418.45,418.25,418.45,9000,13596000
AMBUJACEM_F1,20210927,14:47,418.10,418.10,417.50,417.50,15000,13614000
AMBUJACEM_F1,20210927,14:48,417.80,417.85,417.80,417.85,21000,13614000
AMBUJACEM_F1,20210927,14:49,418.00,418.00,416.80,416.80,30000,13614000
AMBUJACEM_F1,20210927,14:50,417.00,417.15,417.00,417.05,15000,13293000
AMBUJACEM_F1,20210927,14:51,417.50,417.50,417.45,417.45,18000,13293000
AMBUJACEM_F1,20210927,14:52,417.40,417.75,417.40,417.50,12000,13293000
AMBUJACEM_F1,20210927,14:53,417.30,417.50,417.30,417.50,9000,13302000
AMBUJACEM_F1,20210927,14:54,417.45,417.90,417.45,417.90,30000,13302000
AMBUJACEM_F1,20210927,14:55,417.75,417.75,417.75,417.75,6000,13302000
AMBUJACEM_F1,20210927,14:56,417.80,417.80,417.70,417.70,12000,13314000
AMBUJACEM_F1,20210927,14:57,417.85,417.85,417.55,417.55,12000,13314000
AMBUJACEM_F1,20210927,14:58,419.00,419.50,419.00,419.50,141000,13314000
AMBUJACEM_F1,20210927,14:59,419.60,420.15,419.60,420.00,75000,13368000
AMBUJACEM_F1,20210927,15:00,420.00,420.00,419.45,419.70,30000,13368000
AMBUJACEM_F1,20210927,15:01,419.60,419.60,419.15,419.30,33000,13368000
AMBUJACEM_F1,20210927,15:02,419.50,419.65,419.40,419.65,27000,13380000
AMBUJACEM_F1,20210927,15:03,419.45,419.45,419.20,419.20,6000,13380000
AMBUJACEM_F1,20210927,15:04,419.15,419.75,419.15,419.70,15000,13380000
AMBUJACEM_F1,20210927,15:05,419.85,420.00,419.85,420.00,21000,13377000
AMBUJACEM_F1,20210927,15:06,420.00,420.05,419.85,420.05,27000,13377000
AMBUJACEM_F1,20210927,15:07,420.30,420.30,419.75,419.75,12000,13377000
AMBUJACEM_F1,20210927,15:08,419.75,419.75,419.30,419.30,18000,13365000
AMBUJACEM_F1,20210927,15:09,419.70,419.70,419.35,419.60,9000,13365000
AMBUJACEM_F1,20210927,15:10,419.40,419.40,419.15,419.15,30000,13365000
AMBUJACEM_F1,20210927,15:11,419.00,419.20,419.00,419.15,36000,13365000
AMBUJACEM_F1,20210927,15:12,419.25,419.30,418.95,419.25,69000,13365000
AMBUJACEM_F1,20210927,15:13,419.20,419.50,419.15,419.25,51000,13365000
AMBUJACEM_F1,20210927,15:14,419.25,419.50,419.25,419.25,15000,13431000
AMBUJACEM_F1,20210927,15:15,419.45,419.45,419.40,419.40,12000,13431000
AMBUJACEM_F1,20210927,15:16,419.45,420.00,419.45,420.00,42000,13431000
AMBUJACEM_F1,20210927,15:17,419.90,419.90,419.65,419.65,15000,13440000
AMBUJACEM_F1,20210927,15:18,419.75,419.75,419.55,419.55,18000,13440000
AMBUJACEM_F1,20210927,15:19,419.80,419.90,419.65,419.90,36000,13440000
AMBUJACEM_F1,20210927,15:20,419.90,420.00,419.65,419.65,15000,13446000
AMBUJACEM_F1,20210927,15:21,419.80,419.80,419.50,419.50,48000,13446000
AMBUJACEM_F1,20210927,15:22,419.85,419.85,419.55,419.70,27000,13446000
AMBUJACEM_F1,20210927,15:23,419.65,419.65,419.50,419.65,48000,13470000
AMBUJACEM_F1,20210927,15:24,419.30,419.60,419.30,419.50,27000,13470000
AMBUJACEM_F1,20210927,15:25,419.35,419.60,419.25,419.50,36000,13470000
AMBUJACEM_F1,20210927,15:26,419.30,419.40,419.25,419.30,27000,13476000
AMBUJACEM_F1,20210927,15:27,419.20,419.20,419.10,419.10,18000,13476000
AMBUJACEM_F1,20210927,15:28,418.50,418.85,418.50,418.80,63000,13476000
AMBUJACEM_F1,20210927,15:29,418.85,419.00,418.75,418.75,27000,13470000
AMBUJACEM_F1,20210927,15:30,418.60,419.25,418.50,419.00,42000,13470000
