ASHOKLEY,20180307,09:08,139.95,139.95,139.95,139.95,21890
ASHOKLEY,20180307,09:16,139.9,140,139.55,139.8,98852
ASHOKLEY,20180307,09:17,139.75,139.95,139.5,139.55,93643
ASHOKLEY,20180307,09:18,139.5,139.8,139.2,139.8,87148
ASHOKLEY,20180307,09:19,139.8,140.1,139.8,140.1,43951
ASHOKLEY,20180307,09:20,140.15,140.35,139.65,139.75,130185
ASHOKLEY,20180307,09:21,139.75,140.25,139.75,140,50995
ASHOKLEY,20180307,09:22,140.05,140.05,139.75,139.8,48384
ASHOKLEY,20180307,09:23,139.85,139.85,139.6,139.7,55877
ASHOKLEY,20180307,09:24,139.7,140.05,139.6,139.85,81556
ASHOKLEY,20180307,09:25,139.9,139.95,139.7,139.8,37465
ASHOKLEY,20180307,09:26,139.8,139.9,139.65,139.65,39529
ASHOKLEY,20180307,09:27,139.6,139.8,139.6,139.75,41572
ASHOKLEY,20180307,09:28,139.75,139.95,139.7,139.95,45796
ASHOKLEY,20180307,09:29,139.9,140.3,139.9,140.25,59707
ASHOKLEY,20180307,09:30,140.2,140.25,140,140.1,29798
ASHOKLEY,20180307,09:31,140.1,140.15,140.05,140.1,21328
ASHOKLEY,20180307,09:32,140.05,140.2,140.05,140.1,37892
ASHOKLEY,20180307,09:33,140.15,140.15,139.55,139.7,123488
ASHOKLEY,20180307,09:34,139.7,139.8,139.65,139.65,43474
ASHOKLEY,20180307,09:35,139.7,139.7,139.55,139.65,29020
ASHOKLEY,20180307,09:36,139.6,139.75,139.25,139.25,48432
ASHOKLEY,20180307,09:37,139.25,139.45,139.25,139.35,57243
ASHOKLEY,20180307,09:38,139.45,139.65,139.45,139.6,58552
ASHOKLEY,20180307,09:39,139.45,139.6,139.35,139.5,62598
ASHOKLEY,20180307,09:40,139.45,139.65,139.45,139.65,28588
ASHOKLEY,20180307,09:41,139.65,139.65,139.5,139.55,26524
ASHOKLEY,20180307,09:42,139.55,139.6,139.5,139.55,18682
ASHOKLEY,20180307,09:43,139.5,139.6,139.5,139.55,34854
ASHOKLEY,20180307,09:44,139.6,139.75,139.55,139.65,35122
ASHOKLEY,20180307,09:45,139.65,139.85,139.65,139.7,29263
ASHOKLEY,20180307,09:46,139.65,139.9,139.65,139.85,13841
ASHOKLEY,20180307,09:47,139.85,139.9,139.8,139.9,34073
ASHOKLEY,20180307,09:48,139.85,139.9,139.8,139.85,25581
ASHOKLEY,20180307,09:49,139.85,139.95,139.8,139.85,40892
ASHOKLEY,20180307,09:50,139.9,139.95,139.75,139.85,85418
ASHOKLEY,20180307,09:51,139.85,139.85,139.75,139.75,30425
ASHOKLEY,20180307,09:52,139.75,140,139.75,139.9,70078
ASHOKLEY,20180307,09:53,139.8,140.1,139.8,140.1,63338
ASHOKLEY,20180307,09:54,140.1,140.5,140.1,140.45,95460
ASHOKLEY,20180307,09:55,140.5,140.9,140.45,140.9,80225
ASHOKLEY,20180307,09:56,140.8,140.95,140.6,140.7,85744
ASHOKLEY,20180307,09:57,140.6,140.85,140.6,140.7,59808
ASHOKLEY,20180307,09:58,140.8,140.8,140.6,140.65,48384
ASHOKLEY,20180307,09:59,140.65,140.85,140.55,140.8,63767
ASHOKLEY,20180307,10:00,140.75,141,140.75,140.95,57792
ASHOKLEY,20180307,10:01,140.95,141.15,140.9,141.05,58378
ASHOKLEY,20180307,10:02,141.1,141.2,141.05,141.05,46841
ASHOKLEY,20180307,10:03,141.15,141.2,140.9,141,73889
ASHOKLEY,20180307,10:04,141,141.05,140.7,140.75,41134
ASHOKLEY,20180307,10:05,140.75,140.85,140.65,140.7,27730
ASHOKLEY,20180307,10:06,140.8,140.85,140.7,140.7,33887
ASHOKLEY,20180307,10:07,140.75,140.85,140.7,140.8,11040
ASHOKLEY,20180307,10:08,140.8,140.85,140.65,140.65,47160
ASHOKLEY,20180307,10:09,140.7,140.7,140.5,140.6,51008
ASHOKLEY,20180307,10:10,140.55,140.7,140.55,140.7,39611
ASHOKLEY,20180307,10:11,140.7,140.85,140.55,140.65,34554
ASHOKLEY,20180307,10:12,140.65,140.65,140.45,140.55,38928
ASHOKLEY,20180307,10:13,140.55,140.8,140.5,140.8,26835
ASHOKLEY,20180307,10:14,140.8,141,140.7,140.9,44499
ASHOKLEY,20180307,10:15,140.95,141.15,140.85,141,68984
ASHOKLEY,20180307,10:16,141,141.1,140.95,141.05,30897
ASHOKLEY,20180307,10:17,141.05,141.1,141,141.05,25871
ASHOKLEY,20180307,10:18,141.1,141.15,141.05,141.15,31369
ASHOKLEY,20180307,10:19,141.1,141.4,141.1,141.35,72559
ASHOKLEY,20180307,10:20,141.35,141.7,141.35,141.65,114310
ASHOKLEY,20180307,10:21,141.65,141.75,141.6,141.75,99366
ASHOKLEY,20180307,10:22,141.75,142,141.75,141.95,161202
ASHOKLEY,20180307,10:23,141.95,142,141.8,141.8,122893
ASHOKLEY,20180307,10:24,141.8,141.9,141.65,141.85,85363
ASHOKLEY,20180307,10:25,141.9,142.2,141.8,142,201832
ASHOKLEY,20180307,10:26,142.05,142.15,141.9,142.1,76855
ASHOKLEY,20180307,10:27,142.15,142.25,142,142.05,106864
ASHOKLEY,20180307,10:28,142,142.1,142,142.05,54722
ASHOKLEY,20180307,10:29,142.1,142.1,141.95,142,37298
ASHOKLEY,20180307,10:30,142,142,141.9,141.95,40137
ASHOKLEY,20180307,10:31,141.9,142.1,141.9,142,79057
ASHOKLEY,20180307,10:32,142,142.25,142,142.2,77913
ASHOKLEY,20180307,10:33,142.2,142.4,142.2,142.35,66993
ASHOKLEY,20180307,10:34,142.3,142.45,142.3,142.35,75615
ASHOKLEY,20180307,10:35,142.4,142.6,142.35,142.55,137260
ASHOKLEY,20180307,10:36,142.55,142.8,142.55,142.75,124648
ASHOKLEY,20180307,10:37,142.75,142.9,142.55,142.6,136978
ASHOKLEY,20180307,10:38,142.65,142.7,142.4,142.5,86208
ASHOKLEY,20180307,10:39,142.5,142.5,142.1,142.2,95855
ASHOKLEY,20180307,10:40,142.15,142.25,142,142.05,57541
ASHOKLEY,20180307,10:41,142.05,142.1,141.95,142.1,79392
ASHOKLEY,20180307,10:42,142.05,142.15,141.8,141.9,190098
ASHOKLEY,20180307,10:43,141.9,141.95,141.85,141.95,35538
ASHOKLEY,20180307,10:44,141.95,142.15,141.9,142.1,76637
ASHOKLEY,20180307,10:45,142.1,142.2,142.05,142.15,27921
ASHOKLEY,20180307,10:46,142.15,142.15,141.95,142,59748
ASHOKLEY,20180307,10:47,142,142.1,141.95,142.1,48132
ASHOKLEY,20180307,10:48,142.05,142.3,142,142.3,47596
ASHOKLEY,20180307,10:49,142.3,142.45,142.3,142.3,74737
ASHOKLEY,20180307,10:50,142.25,142.35,142.2,142.35,35063
ASHOKLEY,20180307,10:51,142.35,142.4,142.2,142.2,29216
ASHOKLEY,20180307,10:52,142.2,142.25,142,142.1,51385
ASHOKLEY,20180307,10:53,142.1,142.2,142.05,142.15,18833
ASHOKLEY,20180307,10:54,142.15,142.2,142.15,142.2,25256
ASHOKLEY,20180307,10:55,142.15,142.2,142.05,142.15,53617
ASHOKLEY,20180307,10:56,142.15,142.2,142.05,142.1,43029
ASHOKLEY,20180307,10:57,142.1,142.15,142,142.05,49501
ASHOKLEY,20180307,10:58,142,142,141.9,142,51039
ASHOKLEY,20180307,10:59,142,142,141.9,142,40740
ASHOKLEY,20180307,11:00,142.1,142.1,141.95,142,27420
ASHOKLEY,20180307,11:01,142.05,142.1,142,142,41404
ASHOKLEY,20180307,11:02,142,142.1,141.95,142,18971
ASHOKLEY,20180307,11:03,141.95,142,141.8,141.9,65092
ASHOKLEY,20180307,11:04,141.9,142,141.8,141.85,36178
ASHOKLEY,20180307,11:05,141.8,142,141.8,141.95,29466
ASHOKLEY,20180307,11:06,141.95,141.95,141.85,141.9,17090
ASHOKLEY,20180307,11:07,141.95,141.95,141.85,141.9,67819
ASHOKLEY,20180307,11:08,141.9,141.95,141.8,141.85,105507
ASHOKLEY,20180307,11:09,141.8,141.8,141.55,141.6,59273
ASHOKLEY,20180307,11:10,141.75,141.75,141.6,141.7,57022
ASHOKLEY,20180307,11:11,141.7,141.7,141.35,141.35,94038
ASHOKLEY,20180307,11:12,141.35,141.4,141.15,141.25,74459
ASHOKLEY,20180307,11:13,141.2,141.25,140.9,141,118759
ASHOKLEY,20180307,11:14,140.95,141.3,140.95,141.2,73374
ASHOKLEY,20180307,11:15,141.3,141.35,141.15,141.25,40243
ASHOKLEY,20180307,11:16,141.2,141.2,141,141,33382
ASHOKLEY,20180307,11:17,141,141.1,140.9,141.1,45334
ASHOKLEY,20180307,11:18,141.05,141.2,141.05,141.2,25293
ASHOKLEY,20180307,11:19,141.2,141.3,141.15,141.25,18470
ASHOKLEY,20180307,11:20,141.25,141.35,141.15,141.25,34701
ASHOKLEY,20180307,11:21,141.15,141.15,141.05,141.05,50460
ASHOKLEY,20180307,11:22,141.05,141.1,140.95,140.95,44827
ASHOKLEY,20180307,11:23,140.95,141,140.9,140.9,33929
ASHOKLEY,20180307,11:24,140.95,141.15,140.9,141.1,27868
ASHOKLEY,20180307,11:25,141.15,141.15,140.95,141,26420
ASHOKLEY,20180307,11:26,140.95,141.1,140.95,141.1,20906
ASHOKLEY,20180307,11:27,141.1,141.25,141.05,141.25,35710
ASHOKLEY,20180307,11:28,141.25,141.25,141.15,141.2,20987
ASHOKLEY,20180307,11:29,141.2,141.35,141.15,141.35,27571
ASHOKLEY,20180307,11:30,141.35,141.4,141.25,141.3,27845
ASHOKLEY,20180307,11:31,141.3,141.45,141.3,141.4,19958
ASHOKLEY,20180307,11:32,141.45,141.45,141.25,141.35,57067
ASHOKLEY,20180307,11:33,141.4,141.45,141.2,141.35,29710
ASHOKLEY,20180307,11:34,141.35,141.35,141.2,141.2,19692
ASHOKLEY,20180307,11:35,141.25,141.25,141.1,141.2,47183
ASHOKLEY,20180307,11:36,141.15,141.2,141.1,141.15,14671
ASHOKLEY,20180307,11:37,141.1,141.15,141,141,31684
ASHOKLEY,20180307,11:38,141,141.05,140.9,140.95,58537
ASHOKLEY,20180307,11:39,140.95,141,140.5,140.6,162537
ASHOKLEY,20180307,11:40,140.65,140.7,140.5,140.7,19324
ASHOKLEY,20180307,11:41,140.65,140.65,140.4,140.4,78183
ASHOKLEY,20180307,11:42,140.4,140.6,140.35,140.5,36087
ASHOKLEY,20180307,11:43,140.55,140.7,140.5,140.55,32893
ASHOKLEY,20180307,11:44,140.55,140.75,140.55,140.75,36732
ASHOKLEY,20180307,11:45,140.7,140.75,140.6,140.65,22231
ASHOKLEY,20180307,11:46,140.65,140.8,140.65,140.65,31438
ASHOKLEY,20180307,11:47,140.65,140.8,140.65,140.75,36677
ASHOKLEY,20180307,11:48,140.75,140.8,140.6,140.75,11738
ASHOKLEY,20180307,11:49,140.75,140.8,140.65,140.65,30773
ASHOKLEY,20180307,11:50,140.65,140.7,140.6,140.6,16121
ASHOKLEY,20180307,11:51,140.7,141,140.7,141,53327
ASHOKLEY,20180307,11:52,141,141.1,140.85,140.95,80916
ASHOKLEY,20180307,11:53,141,141,140.7,140.8,23506
ASHOKLEY,20180307,11:54,140.85,141,140.8,140.9,18723
ASHOKLEY,20180307,11:55,140.9,141.25,140.9,141.25,33977
ASHOKLEY,20180307,11:56,141.15,141.2,141,141.1,29881
ASHOKLEY,20180307,11:57,141,141.25,141,141.25,29289
ASHOKLEY,20180307,11:58,141.15,141.25,141.05,141.15,18845
ASHOKLEY,20180307,11:59,141.25,141.25,141.15,141.2,29962
ASHOKLEY,20180307,12:00,141.2,141.25,141.15,141.25,18761
ASHOKLEY,20180307,12:01,141.2,141.3,141.15,141.3,20867
ASHOKLEY,20180307,12:02,141.35,141.5,141.3,141.5,32368
ASHOKLEY,20180307,12:03,141.5,141.7,141.4,141.7,61743
ASHOKLEY,20180307,12:04,141.7,141.7,141.55,141.6,20701
ASHOKLEY,20180307,12:05,141.6,141.65,141.5,141.55,20089
ASHOKLEY,20180307,12:06,141.5,141.55,141.35,141.4,38589
ASHOKLEY,20180307,12:07,141.4,141.45,141.25,141.3,36096
ASHOKLEY,20180307,12:08,141.35,141.5,141.25,141.4,44508
ASHOKLEY,20180307,12:09,141.4,141.5,141.3,141.35,28625
ASHOKLEY,20180307,12:10,141.4,141.45,141.3,141.35,15461
ASHOKLEY,20180307,12:11,141.35,141.45,141.2,141.2,40138
ASHOKLEY,20180307,12:12,141.2,141.25,140.85,140.9,61991
ASHOKLEY,20180307,12:13,141,141,140.65,140.65,46390
ASHOKLEY,20180307,12:14,140.65,140.95,140.65,140.8,34933
ASHOKLEY,20180307,12:15,140.85,140.9,140.65,140.7,26885
ASHOKLEY,20180307,12:16,140.7,140.7,140.6,140.7,43611
ASHOKLEY,20180307,12:17,140.75,140.8,140.65,140.8,30561
ASHOKLEY,20180307,12:18,140.75,140.85,140.7,140.8,12061
ASHOKLEY,20180307,12:19,140.85,140.9,140.65,140.8,24040
ASHOKLEY,20180307,12:20,140.8,140.95,140.8,140.95,18247
ASHOKLEY,20180307,12:21,140.9,141,140.9,141,21975
ASHOKLEY,20180307,12:22,140.95,141.15,140.95,141.15,24027
ASHOKLEY,20180307,12:23,141.1,141.2,141,141.05,16283
ASHOKLEY,20180307,12:24,141.05,141.05,140.9,140.9,31892
ASHOKLEY,20180307,12:25,140.95,141,140.9,140.9,20864
ASHOKLEY,20180307,12:26,140.9,141,140.85,140.95,13084
ASHOKLEY,20180307,12:27,140.95,140.95,140.85,140.85,8024
ASHOKLEY,20180307,12:28,140.9,140.95,140.85,140.9,7823
ASHOKLEY,20180307,12:29,140.9,140.95,140.85,140.9,11422
ASHOKLEY,20180307,12:30,140.9,140.9,140.8,140.9,18800
ASHOKLEY,20180307,12:31,140.9,140.9,140.65,140.65,42317
ASHOKLEY,20180307,12:32,140.6,140.7,140.55,140.6,30367
ASHOKLEY,20180307,12:33,140.6,140.8,140.55,140.8,21261
ASHOKLEY,20180307,12:34,140.8,140.8,140.7,140.8,19514
ASHOKLEY,20180307,12:35,140.75,141,140.75,141,41191
ASHOKLEY,20180307,12:36,141,141.1,140.95,141.1,41785
ASHOKLEY,20180307,12:37,141.1,141.2,141.05,141.1,28055
ASHOKLEY,20180307,12:38,141.15,141.25,141,141,47969
ASHOKLEY,20180307,12:39,141,141.25,141,141.15,28946
ASHOKLEY,20180307,12:40,141.25,141.3,141.15,141.25,28077
ASHOKLEY,20180307,12:41,141.25,141.35,141.15,141.35,29464
ASHOKLEY,20180307,12:42,141.4,141.55,141.4,141.55,75130
ASHOKLEY,20180307,12:43,141.5,141.5,141.3,141.35,34787
ASHOKLEY,20180307,12:44,141.35,141.4,141.3,141.4,15798
ASHOKLEY,20180307,12:45,141.3,141.4,141.3,141.35,7127
ASHOKLEY,20180307,12:46,141.4,141.5,141.3,141.4,29455
ASHOKLEY,20180307,12:47,141.5,141.5,141.3,141.35,37422
ASHOKLEY,20180307,12:48,141.3,141.3,141.1,141.2,49127
ASHOKLEY,20180307,12:49,141.25,141.3,141.15,141.15,28033
ASHOKLEY,20180307,12:50,141.15,141.25,141.15,141.15,8256
ASHOKLEY,20180307,12:51,141.15,141.2,140.85,140.9,59288
ASHOKLEY,20180307,12:52,140.95,141,140.85,141,22422
ASHOKLEY,20180307,12:53,141,141.15,140.9,140.9,9855
ASHOKLEY,20180307,12:54,140.9,140.9,140.75,140.75,24639
ASHOKLEY,20180307,12:55,140.8,140.95,140.8,140.9,18356
ASHOKLEY,20180307,12:56,140.9,140.9,140.85,140.9,13017
ASHOKLEY,20180307,12:57,140.9,140.9,140.75,140.8,36558
ASHOKLEY,20180307,12:58,140.85,140.9,140.7,140.9,26811
ASHOKLEY,20180307,12:59,140.85,140.9,140.8,140.85,27104
ASHOKLEY,20180307,13:00,140.8,140.8,140.65,140.65,44305
ASHOKLEY,20180307,13:01,140.65,140.8,140.65,140.75,12827
ASHOKLEY,20180307,13:02,140.7,140.85,140.7,140.8,32093
ASHOKLEY,20180307,13:03,140.8,140.85,140.55,140.55,89379
ASHOKLEY,20180307,13:04,140.6,140.7,140.55,140.7,11206
ASHOKLEY,20180307,13:05,140.65,140.85,140.65,140.85,15778
ASHOKLEY,20180307,13:06,140.85,140.85,140.8,140.8,8378
ASHOKLEY,20180307,13:07,140.85,140.85,140.7,140.8,17572
ASHOKLEY,20180307,13:08,140.8,140.8,140.7,140.7,10404
ASHOKLEY,20180307,13:09,140.7,140.8,140.7,140.75,14444
ASHOKLEY,20180307,13:10,140.75,140.8,140.7,140.75,14106
ASHOKLEY,20180307,13:11,140.7,140.8,140.7,140.75,17131
ASHOKLEY,20180307,13:12,140.75,140.8,140.7,140.7,34971
ASHOKLEY,20180307,13:13,140.75,140.8,140.65,140.8,7132
ASHOKLEY,20180307,13:14,140.75,141,140.75,140.95,30488
ASHOKLEY,20180307,13:15,141,141,140.85,140.9,17379
ASHOKLEY,20180307,13:16,140.9,140.9,140.8,140.9,13067
ASHOKLEY,20180307,13:17,140.8,140.95,140.8,140.95,17584
ASHOKLEY,20180307,13:18,140.9,140.95,140.85,140.95,6829
ASHOKLEY,20180307,13:19,140.95,140.95,140.85,140.95,14305
ASHOKLEY,20180307,13:20,140.9,141.05,140.9,140.95,20861
ASHOKLEY,20180307,13:21,141,141.2,140.95,141.2,20616
ASHOKLEY,20180307,13:22,141.2,141.25,141.15,141.15,38088
ASHOKLEY,20180307,13:23,141.15,141.2,141.15,141.15,9169
ASHOKLEY,20180307,13:24,141.15,141.25,141.15,141.2,13126
ASHOKLEY,20180307,13:25,141.2,141.25,141.15,141.15,21284
ASHOKLEY,20180307,13:26,141.2,141.25,141.1,141.1,43890
ASHOKLEY,20180307,13:27,141.1,141.1,141,141,11952
ASHOKLEY,20180307,13:28,141,141.05,140.8,140.8,27430
ASHOKLEY,20180307,13:29,140.8,140.85,140.75,140.85,15368
ASHOKLEY,20180307,13:30,140.85,140.95,140.8,140.95,19507
ASHOKLEY,20180307,13:31,140.95,141.05,140.9,141,12178
ASHOKLEY,20180307,13:32,141,141.15,140.95,141.05,15892
ASHOKLEY,20180307,13:33,141,141.15,141,141.05,15312
ASHOKLEY,20180307,13:34,141.1,141.2,141.1,141.1,23226
ASHOKLEY,20180307,13:35,141.15,141.25,141.1,141.25,38521
ASHOKLEY,20180307,13:36,141.25,141.3,141.2,141.25,23405
ASHOKLEY,20180307,13:37,141.25,141.3,141.2,141.3,35174
ASHOKLEY,20180307,13:38,141.25,141.3,141.15,141.2,18806
ASHOKLEY,20180307,13:39,141.25,141.25,141.1,141.15,18175
ASHOKLEY,20180307,13:40,141.15,141.2,141.1,141.1,14042
ASHOKLEY,20180307,13:41,141.1,141.2,141.1,141.15,6108
ASHOKLEY,20180307,13:42,141.2,141.2,141.1,141.15,10944
ASHOKLEY,20180307,13:43,141.1,141.1,141,141,29969
ASHOKLEY,20180307,13:44,141,141.1,141,141.1,11807
ASHOKLEY,20180307,13:45,141.15,141.15,141.1,141.1,5028
ASHOKLEY,20180307,13:46,141.1,141.2,141.1,141.2,10598
ASHOKLEY,20180307,13:47,141.15,141.3,141.15,141.3,27993
ASHOKLEY,20180307,13:48,141.3,141.3,141.25,141.25,11190
ASHOKLEY,20180307,13:49,141.25,141.3,141.2,141.3,19077
ASHOKLEY,20180307,13:50,141.25,141.45,141.2,141.4,36285
ASHOKLEY,20180307,13:51,141.35,141.75,141.35,141.65,80531
ASHOKLEY,20180307,13:52,141.7,141.7,141.55,141.6,31048
ASHOKLEY,20180307,13:53,141.6,141.6,141.4,141.45,33778
ASHOKLEY,20180307,13:54,141.4,141.55,141.4,141.5,14776
ASHOKLEY,20180307,13:55,141.55,141.65,141.5,141.55,25008
ASHOKLEY,20180307,13:56,141.5,141.65,141.5,141.55,19004
ASHOKLEY,20180307,13:57,141.55,141.65,141.55,141.6,15104
ASHOKLEY,20180307,13:58,141.6,141.7,141.55,141.65,42118
ASHOKLEY,20180307,13:59,141.7,141.7,141.55,141.55,27971
ASHOKLEY,20180307,14:00,141.6,141.65,141.5,141.6,37491
ASHOKLEY,20180307,14:01,141.55,141.55,141.45,141.5,10680
ASHOKLEY,20180307,14:02,141.55,141.65,141.45,141.6,19637
ASHOKLEY,20180307,14:03,141.55,141.6,141.45,141.5,22275
ASHOKLEY,20180307,14:04,141.5,141.5,141.35,141.4,24318
ASHOKLEY,20180307,14:05,141.35,141.45,141.35,141.45,10783
ASHOKLEY,20180307,14:06,141.45,141.45,141.3,141.3,23121
ASHOKLEY,20180307,14:07,141.35,141.4,141.2,141.4,25315
ASHOKLEY,20180307,14:08,141.35,141.45,141.25,141.3,20621
ASHOKLEY,20180307,14:09,141.25,141.35,141.15,141.25,41706
ASHOKLEY,20180307,14:10,141.3,141.4,141.2,141.2,20345
ASHOKLEY,20180307,14:11,141.2,141.2,141.05,141.05,39048
ASHOKLEY,20180307,14:12,141.05,141.2,141.05,141.1,43471
ASHOKLEY,20180307,14:13,141.05,141.1,141,141.05,43769
ASHOKLEY,20180307,14:14,141.05,141.2,141,141.15,21372
ASHOKLEY,20180307,14:15,141.4,141.4,141.1,141.1,53506
ASHOKLEY,20180307,14:16,141.1,141.3,141.1,141.3,12296
ASHOKLEY,20180307,14:17,141.2,141.6,141.2,141.6,45078
ASHOKLEY,20180307,14:18,141.6,141.6,141.4,141.4,15225
ASHOKLEY,20180307,14:19,141.4,141.5,141.4,141.45,32689
ASHOKLEY,20180307,14:20,141.5,141.5,141.4,141.45,38127
ASHOKLEY,20180307,14:21,141.45,141.5,141.4,141.45,26308
ASHOKLEY,20180307,14:22,141.5,141.6,141.45,141.5,20796
ASHOKLEY,20180307,14:23,141.45,141.6,141.45,141.55,11972
ASHOKLEY,20180307,14:24,141.55,141.55,141.5,141.55,8417
ASHOKLEY,20180307,14:25,141.5,141.95,141.5,141.8,173093
ASHOKLEY,20180307,14:26,141.8,142,141.8,141.95,61002
ASHOKLEY,20180307,14:27,141.9,141.9,141.75,141.8,22686
ASHOKLEY,20180307,14:28,141.75,141.9,141.75,141.8,12718
ASHOKLEY,20180307,14:29,141.85,142.1,141.8,142.05,77129
ASHOKLEY,20180307,14:30,142,142.15,141.95,142.1,72402
ASHOKLEY,20180307,14:31,142.05,142.15,141.9,141.95,54039
ASHOKLEY,20180307,14:32,142,142.05,141.9,142,31701
ASHOKLEY,20180307,14:33,142,142.15,141.95,142,57544
ASHOKLEY,20180307,14:34,142,142,141.75,141.75,32323
ASHOKLEY,20180307,14:35,141.75,141.75,141.4,141.6,68814
ASHOKLEY,20180307,14:36,141.6,141.75,141.55,141.75,10432
ASHOKLEY,20180307,14:37,141.7,141.8,141.6,141.7,15534
ASHOKLEY,20180307,14:38,141.65,141.75,141.6,141.75,31908
ASHOKLEY,20180307,14:39,141.75,141.95,141.7,141.85,18923
ASHOKLEY,20180307,14:40,141.85,141.95,141.75,141.75,15709
ASHOKLEY,20180307,14:41,141.75,141.85,141.65,141.75,31298
ASHOKLEY,20180307,14:42,141.75,141.75,141.6,141.7,40365
ASHOKLEY,20180307,14:43,141.7,141.7,141.6,141.6,16520
ASHOKLEY,20180307,14:44,141.6,141.8,141.6,141.75,29256
ASHOKLEY,20180307,14:45,141.75,141.85,141.7,141.8,20275
ASHOKLEY,20180307,14:46,141.8,141.8,141.55,141.55,41071
ASHOKLEY,20180307,14:47,141.6,141.65,141.55,141.6,17388
ASHOKLEY,20180307,14:48,141.6,141.65,141.5,141.5,21808
ASHOKLEY,20180307,14:49,141.45,141.55,141.3,141.3,45336
ASHOKLEY,20180307,14:50,141.3,141.35,141.15,141.2,61684
ASHOKLEY,20180307,14:51,141.1,141.25,141.1,141.25,68544
ASHOKLEY,20180307,14:52,141.25,141.35,141.15,141.3,19389
ASHOKLEY,20180307,14:53,141.3,141.35,141.25,141.25,10126
ASHOKLEY,20180307,14:54,141.25,141.3,141.15,141.15,26323
ASHOKLEY,20180307,14:55,141.2,141.25,141.15,141.2,19133
ASHOKLEY,20180307,14:56,141.15,141.5,141.15,141.4,32084
ASHOKLEY,20180307,14:57,141.4,141.45,141.35,141.35,17111
ASHOKLEY,20180307,14:58,141.35,141.75,141.35,141.75,48088
ASHOKLEY,20180307,14:59,141.65,141.7,141.55,141.6,52459
ASHOKLEY,20180307,15:00,141.6,141.65,141.5,141.6,16327
ASHOKLEY,20180307,15:01,141.5,141.65,141.45,141.55,27106
ASHOKLEY,20180307,15:02,141.55,141.6,141.4,141.45,19591
ASHOKLEY,20180307,15:03,141.45,141.5,141.4,141.5,25659
ASHOKLEY,20180307,15:04,141.5,141.55,141.45,141.5,41039
ASHOKLEY,20180307,15:05,141.45,141.5,141.3,141.45,41355
ASHOKLEY,20180307,15:06,141.45,141.5,141.4,141.4,24229
ASHOKLEY,20180307,15:07,141.4,141.45,141.35,141.45,11085
ASHOKLEY,20180307,15:08,141.45,141.5,141.4,141.5,26425
ASHOKLEY,20180307,15:09,141.45,141.5,141.4,141.4,26515
ASHOKLEY,20180307,15:10,141.4,141.45,141.3,141.3,41166
ASHOKLEY,20180307,15:11,141.3,141.35,141,141.1,117504
ASHOKLEY,20180307,15:12,141.1,141.25,141,141.2,133628
ASHOKLEY,20180307,15:13,141.25,141.25,141.05,141.1,79348
ASHOKLEY,20180307,15:14,141.15,141.2,141.05,141.15,62000
ASHOKLEY,20180307,15:15,141.2,141.25,141.1,141.25,27967
ASHOKLEY,20180307,15:16,141.25,141.3,141.15,141.2,93901
ASHOKLEY,20180307,15:17,141.15,141.2,141,141.15,115888
ASHOKLEY,20180307,15:18,141.2,141.25,141.15,141.15,57214
ASHOKLEY,20180307,15:19,141.2,141.2,141.1,141.15,51628
ASHOKLEY,20180307,15:20,141.15,141.35,141.15,141.35,43496
ASHOKLEY,20180307,15:21,141.25,141.4,141.25,141.3,43971
ASHOKLEY,20180307,15:22,141.3,141.45,141.25,141.4,55866
ASHOKLEY,20180307,15:23,141.4,141.5,141.3,141.35,109061
ASHOKLEY,20180307,15:24,141.3,141.45,141.3,141.4,66536
ASHOKLEY,20180307,15:25,141.45,141.5,141.4,141.4,24403
ASHOKLEY,20180307,15:26,141.4,141.45,141.35,141.4,25068
ASHOKLEY,20180307,15:27,141.4,141.45,141.4,141.45,34974
ASHOKLEY,20180307,15:28,141.4,141.45,141.3,141.4,32838
ASHOKLEY,20180307,15:29,141.3,141.45,141.3,141.35,16774
ASHOKLEY,20180307,15:30,141.35,141.5,141.3,141.5,24719
ASHOKLEY,20180307,15:32,141.25,141.25,141.25,141.25,1
ASHOKLEY,20180307,15:41,141.25,141.25,141.25,141.25,609
ASHOKLEY,20180307,15:42,141.25,141.25,141.25,141.25,430
ASHOKLEY,20180307,15:43,141.25,141.25,141.25,141.25,120
ASHOKLEY,20180307,15:48,141.25,141.25,141.25,141.25,495
ASHOKLEY,20180307,15:49,141.25,141.25,141.25,141.25,45
ASHOKLEY,20180307,15:50,141.25,141.25,141.25,141.25,31
ASHOKLEY,20180307,15:52,141.25,141.25,141.25,141.25,427
ASHOKLEY,20180307,15:59,141.25,141.5,141.25,141.25,1150
ASHOKLEY,20180307,16:00,141.25,141.25,141.25,141.25,1
ASHOKLEY,20180307,16:36,141.25,141.25,141.25,141.25,1
