TATASTEEL,20180307,09:08,657,657,657,657,4218
TATASTEEL,20180307,09:16,655.8,657.4,650.1,650.15,64108
TATASTEEL,20180307,09:17,650.85,651.9,649.45,651.85,58247
TATASTEEL,20180307,09:18,651.7,654.55,650.45,654.55,38250
TATASTEEL,20180307,09:19,654.75,656.5,654,656.15,36324
TATASTEEL,20180307,09:20,656.15,656.4,654.15,654.25,28721
TATASTEEL,20180307,09:21,654,654.25,650.45,651.7,29645
TATASTEEL,20180307,09:22,651.9,651.9,648.15,649.3,40089
TATASTEEL,20180307,09:23,649.5,650,648.75,649.55,31465
TATASTEEL,20180307,09:24,649.7,652.15,649.7,651.6,29314
TATASTEEL,20180307,09:25,651.5,654.9,651.5,653.5,26693
TATASTEEL,20180307,09:26,653.5,653.75,652.3,652.4,28159
TATASTEEL,20180307,09:27,652.25,653,652.1,652.4,15520
TATASTEEL,20180307,09:28,652.4,654,651.9,654,17629
TATASTEEL,20180307,09:29,653.7,654.8,653.5,653.85,22779
TATASTEEL,20180307,09:30,654,654.45,653.65,653.65,11696
TATASTEEL,20180307,09:31,653.7,653.7,652.45,652.45,21082
TATASTEEL,20180307,09:32,652.65,654.6,652.6,654.45,24594
TATASTEEL,20180307,09:33,654.7,654.75,653.65,653.9,8791
TATASTEEL,20180307,09:34,653.7,653.7,652.65,652.65,11037
TATASTEEL,20180307,09:35,652.6,652.75,652.2,652.5,15455
TATASTEEL,20180307,09:36,652.65,653.3,652.55,652.65,10747
TATASTEEL,20180307,09:37,653,653.3,651.6,652.8,20791
TATASTEEL,20180307,09:38,652.8,653.55,652.4,652.6,15586
TATASTEEL,20180307,09:39,652.9,653.85,652.4,653.45,10739
TATASTEEL,20180307,09:40,653.85,654.4,653.5,654.25,9775
TATASTEEL,20180307,09:41,654.05,654.5,653.9,654,8848
TATASTEEL,20180307,09:42,654,654,652.3,652.45,13452
TATASTEEL,20180307,09:43,652.5,653.4,652.45,652.85,8836
TATASTEEL,20180307,09:44,653.05,654.8,653.05,654.8,12284
TATASTEEL,20180307,09:45,654.8,655.75,654.2,654.2,29515
TATASTEEL,20180307,09:46,654.05,655,654.05,655,19718
TATASTEEL,20180307,09:47,655,655.45,654.7,654.7,15666
TATASTEEL,20180307,09:48,654.65,655.2,654.05,655.05,11902
TATASTEEL,20180307,09:49,654.95,654.95,654.35,654.7,7655
TATASTEEL,20180307,09:50,654.6,654.8,653.9,654,15124
TATASTEEL,20180307,09:51,654.1,655.05,654.1,654.7,7574
TATASTEEL,20180307,09:52,654.7,655.3,654.65,654.7,4884
TATASTEEL,20180307,09:53,654.8,656.35,654.8,656.05,20666
TATASTEEL,20180307,09:54,656,657.7,655.45,657.65,20586
TATASTEEL,20180307,09:55,657.45,659.3,657.45,659.3,38780
TATASTEEL,20180307,09:56,659.1,659.7,657.45,657.45,34557
TATASTEEL,20180307,09:57,657.45,658.4,657.45,658.25,14264
TATASTEEL,20180307,09:58,658.05,658.3,657.7,657.7,11371
TATASTEEL,20180307,09:59,657.7,657.8,657.45,657.6,10370
TATASTEEL,20180307,10:00,657.7,658,657.65,657.7,7294
TATASTEEL,20180307,10:01,657.8,658.9,657.7,658.9,12095
TATASTEEL,20180307,10:02,658.75,658.95,658.1,658.6,13485
TATASTEEL,20180307,10:03,658.6,658.85,658.1,658.2,8568
TATASTEEL,20180307,10:04,658.1,658.2,657.1,657.3,21756
TATASTEEL,20180307,10:05,657.3,657.5,656.95,656.95,10130
TATASTEEL,20180307,10:06,656.95,656.95,655.8,656,16384
TATASTEEL,20180307,10:07,656.4,656.5,655.55,655.9,13676
TATASTEEL,20180307,10:08,655.9,655.9,655.4,655.8,8324
TATASTEEL,20180307,10:09,655.65,655.9,655.35,655.35,8491
TATASTEEL,20180307,10:10,655.4,656.8,655.2,656.4,12917
TATASTEEL,20180307,10:11,656.8,656.8,655.5,656.3,5998
TATASTEEL,20180307,10:12,655.65,656.15,655.65,656.05,8251
TATASTEEL,20180307,10:13,656.3,656.5,656,656.5,6920
TATASTEEL,20180307,10:14,656.4,657.5,656.2,657.25,7822
TATASTEEL,20180307,10:15,657.2,657.5,656.35,656.75,4369
TATASTEEL,20180307,10:16,657,657.3,656.75,656.85,3602
TATASTEEL,20180307,10:17,656.9,657.65,656.9,657.6,7132
TATASTEEL,20180307,10:18,657.65,657.95,657.05,657.6,10649
TATASTEEL,20180307,10:19,657.5,658.4,657.35,658.4,12332
TATASTEEL,20180307,10:20,658.4,658.4,657.6,658.15,13359
TATASTEEL,20180307,10:21,658.15,660.5,658.15,660.3,35253
TATASTEEL,20180307,10:22,660.45,661.4,659.55,660.5,30662
TATASTEEL,20180307,10:23,660.65,660.65,659.5,659.8,18649
TATASTEEL,20180307,10:24,660.1,660.35,659.55,659.85,11205
TATASTEEL,20180307,10:25,659.85,659.95,659.25,659.3,10108
TATASTEEL,20180307,10:26,659.3,659.5,658.85,659.5,16447
TATASTEEL,20180307,10:27,659.55,659.9,659.25,659.3,7937
TATASTEEL,20180307,10:28,659.3,659.8,659,659.05,9690
TATASTEEL,20180307,10:29,659.1,659.25,658.55,658.6,13826
TATASTEEL,20180307,10:30,658.7,659.25,658.5,658.6,8616
TATASTEEL,20180307,10:31,658.55,658.85,658.5,658.85,5656
TATASTEEL,20180307,10:32,658.85,659.2,658.75,659,5208
TATASTEEL,20180307,10:33,659,659.5,658.8,658.9,9320
TATASTEEL,20180307,10:34,658.9,658.95,658.4,658.65,11432
TATASTEEL,20180307,10:35,658.7,658.9,658.45,658.9,3717
TATASTEEL,20180307,10:36,658.75,658.85,658.5,658.5,5231
TATASTEEL,20180307,10:37,658.6,658.6,657.2,657.5,17332
TATASTEEL,20180307,10:38,657.95,658.55,657.65,658.2,10040
TATASTEEL,20180307,10:39,658.3,658.3,657.5,657.55,16986
TATASTEEL,20180307,10:40,657.55,657.85,657.4,657.45,4102
TATASTEEL,20180307,10:41,657.4,657.45,656.25,656.4,25835
TATASTEEL,20180307,10:42,656.35,657,656.25,657,11584
TATASTEEL,20180307,10:43,657,657,656.5,656.5,7497
TATASTEEL,20180307,10:44,656.55,656.85,656.05,656.1,11590
TATASTEEL,20180307,10:45,656.35,656.35,655.55,655.6,20086
TATASTEEL,20180307,10:46,655.8,655.8,655.1,655.35,12308
TATASTEEL,20180307,10:47,655.4,656,655.3,655.9,9658
TATASTEEL,20180307,10:48,655.95,656.25,655.7,656.2,6189
TATASTEEL,20180307,10:49,656.8,657.4,656.15,656.6,13936
TATASTEEL,20180307,10:50,656.7,656.95,656.7,656.8,3418
TATASTEEL,20180307,10:51,656.8,657.3,656.75,657.3,7335
TATASTEEL,20180307,10:52,657.3,657.3,656.8,656.8,3684
TATASTEEL,20180307,10:53,656.8,657,656.35,656.4,16695
TATASTEEL,20180307,10:54,656.4,656.4,656.15,656.25,6527
TATASTEEL,20180307,10:55,656.2,656.2,655.5,655.8,8454
TATASTEEL,20180307,10:56,655.65,655.85,655.2,655.2,14346
TATASTEEL,20180307,10:57,655.15,655.5,655.15,655.2,6988
TATASTEEL,20180307,10:58,655.2,655.95,655.2,655.95,4661
TATASTEEL,20180307,10:59,655.75,656.1,655.7,655.75,4114
TATASTEEL,20180307,11:00,655.75,656.3,655.75,656.3,2739
TATASTEEL,20180307,11:01,656.45,656.5,655.6,655.75,5825
TATASTEEL,20180307,11:02,655.8,656.2,655.5,656.2,9422
TATASTEEL,20180307,11:03,656.2,656.8,656.15,656.7,4719
TATASTEEL,20180307,11:04,656.7,656.9,656.55,656.7,4172
TATASTEEL,20180307,11:05,656.65,657,656.55,656.75,2838
TATASTEEL,20180307,11:06,656.75,657,656.45,656.45,2635
TATASTEEL,20180307,11:07,656.3,656.5,656.3,656.3,3960
TATASTEEL,20180307,11:08,656.3,657,656.3,656.65,2519
TATASTEEL,20180307,11:09,656.65,656.75,656.6,656.75,1954
TATASTEEL,20180307,11:10,656.7,656.9,656,656.45,7629
TATASTEEL,20180307,11:11,656.1,656.35,655.9,656,5502
TATASTEEL,20180307,11:12,656,656,655.6,655.6,5030
TATASTEEL,20180307,11:13,655.7,655.7,655.1,655.15,11103
TATASTEEL,20180307,11:14,655.2,655.35,655.1,655.2,5142
TATASTEEL,20180307,11:15,655.1,655.4,655.1,655.25,4251
TATASTEEL,20180307,11:16,655.15,655.5,655.1,655.1,11455
TATASTEEL,20180307,11:17,655.15,655.15,655,655.15,16697
TATASTEEL,20180307,11:18,655.2,655.5,655.1,655.1,7795
TATASTEEL,20180307,11:19,655.1,655.45,655.05,655.45,2626
TATASTEEL,20180307,11:20,655.1,655.3,655.1,655.15,2080
TATASTEEL,20180307,11:21,655.15,655.2,654.55,654.7,20949
TATASTEEL,20180307,11:22,654.7,655.05,654.6,654.8,6451
TATASTEEL,20180307,11:23,654.8,655,654.55,654.55,9567
TATASTEEL,20180307,11:24,654.6,654.9,653.5,653.65,39191
TATASTEEL,20180307,11:25,653.65,653.95,653.3,653.6,8798
TATASTEEL,20180307,11:26,653.6,653.8,651.35,651.65,81894
TATASTEEL,20180307,11:27,651.6,652.9,651,652.55,45740
TATASTEEL,20180307,11:28,652.9,652.9,651.25,651.55,21827
TATASTEEL,20180307,11:29,651.5,651.55,650.25,651.55,21626
TATASTEEL,20180307,11:30,651.2,652.35,651,652.35,13373
TATASTEEL,20180307,11:31,652.4,652.4,651.4,651.4,7948
TATASTEEL,20180307,11:32,651.7,652.05,651.35,651.95,6373
TATASTEEL,20180307,11:33,651.55,651.55,650.6,651,14661
TATASTEEL,20180307,11:34,650.75,651.1,650.7,650.95,5720
TATASTEEL,20180307,11:35,650.7,651,650.2,650.5,10289
TATASTEEL,20180307,11:36,650.55,651,650.5,650.6,11829
TATASTEEL,20180307,11:37,650.75,651.15,650.3,650.45,12547
TATASTEEL,20180307,11:38,650.5,650.5,649.65,650.35,73439
TATASTEEL,20180307,11:39,650.5,650.75,650,650.1,9826
TATASTEEL,20180307,11:40,650.1,650.45,650.05,650.1,8340
TATASTEEL,20180307,11:41,650.1,650.1,648.9,649,26377
TATASTEEL,20180307,11:42,648.9,649.5,648.85,649.5,14388
TATASTEEL,20180307,11:43,649.5,650,649.45,649.6,8326
TATASTEEL,20180307,11:44,649.6,650,649.4,649.4,21349
TATASTEEL,20180307,11:45,649.45,649.45,647,648,78597
TATASTEEL,20180307,11:46,648.2,649,644.7,647.7,224286
TATASTEEL,20180307,11:47,647.6,648.55,646.75,648.55,29302
TATASTEEL,20180307,11:48,648.6,649.7,648.6,649.15,20959
TATASTEEL,20180307,11:49,648.9,649.25,648,648.6,8296
TATASTEEL,20180307,11:50,648.6,649,648.1,648.2,9450
TATASTEEL,20180307,11:51,648.3,649.45,648.2,649.2,10195
TATASTEEL,20180307,11:52,649.1,650,648.95,650,92389
TATASTEEL,20180307,11:53,649.95,649.95,648.7,648.7,7160
TATASTEEL,20180307,11:54,648.7,648.9,648.15,648.15,9806
TATASTEEL,20180307,11:55,648.15,648.6,648.15,648.4,5571
TATASTEEL,20180307,11:56,648.3,648.6,647.2,647.5,25345
TATASTEEL,20180307,11:57,647.55,647.8,646.65,647.8,27032
TATASTEEL,20180307,11:58,647.85,649.4,647.55,649.2,11167
TATASTEEL,20180307,11:59,648.85,649.9,648.85,649.35,9460
TATASTEEL,20180307,12:00,649.6,649.6,648.85,649.1,8772
TATASTEEL,20180307,12:01,649.2,650,649.2,650,21221
TATASTEEL,20180307,12:02,650,650.5,649.75,650.4,13663
TATASTEEL,20180307,12:03,650.25,651.9,650,651.3,10518
TATASTEEL,20180307,12:04,651.3,651.3,650.45,650.85,6869
TATASTEEL,20180307,12:05,650.95,651.4,650.8,651.15,8016
TATASTEEL,20180307,12:06,651.25,652.75,651.15,652.7,23268
TATASTEEL,20180307,12:07,652.6,652.9,651.45,651.75,51171
TATASTEEL,20180307,12:08,651.95,652.5,651.1,651.25,34057
TATASTEEL,20180307,12:09,651.5,651.65,650.95,651.65,11990
TATASTEEL,20180307,12:10,651.45,651.45,650.8,650.95,17441
TATASTEEL,20180307,12:11,650.85,652,650.8,651.5,20964
TATASTEEL,20180307,12:12,651.45,652,651.05,652,27209
TATASTEEL,20180307,12:13,651.7,651.95,650,650.25,21904
TATASTEEL,20180307,12:14,650.25,650.7,650.15,650.2,5442
TATASTEEL,20180307,12:15,650.15,650.45,649.65,649.65,8462
TATASTEEL,20180307,12:16,650.05,650.05,648.35,648.55,19371
TATASTEEL,20180307,12:17,648.85,649.85,648.85,649.7,5671
TATASTEEL,20180307,12:18,649.35,649.85,649.3,649.8,2325
TATASTEEL,20180307,12:19,649.9,649.9,649.1,649.85,5727
TATASTEEL,20180307,12:20,649.65,650,649.4,649.9,12422
TATASTEEL,20180307,12:21,650,650,649,649.75,10079
TATASTEEL,20180307,12:22,649.75,649.9,649.45,649.45,3953
TATASTEEL,20180307,12:23,649.45,649.55,648.95,648.95,5479
TATASTEEL,20180307,12:24,649,649,648.8,648.85,3730
TATASTEEL,20180307,12:25,648.75,648.8,648.65,648.65,2812
TATASTEEL,20180307,12:26,648.7,649.05,648.65,649,7913
TATASTEEL,20180307,12:27,649,649,648.75,648.75,1862
TATASTEEL,20180307,12:28,648.75,649.65,648.7,649.45,7188
TATASTEEL,20180307,12:29,649.45,649.45,648.8,648.85,1960
TATASTEEL,20180307,12:30,649,649.15,648.85,648.9,4438
TATASTEEL,20180307,12:31,648.95,648.95,647.7,647.8,16242
TATASTEEL,20180307,12:32,648,648.35,647.85,647.9,3720
TATASTEEL,20180307,12:33,647.9,648.5,647.85,648.25,5979
TATASTEEL,20180307,12:34,648.35,649.2,648.25,649.2,4253
TATASTEEL,20180307,12:35,649.25,649.5,648.65,649,1473
TATASTEEL,20180307,12:36,648.95,649.6,648.65,649.6,4893
TATASTEEL,20180307,12:37,649.1,649.5,648.85,649.1,3134
TATASTEEL,20180307,12:38,649.3,649.45,648.9,648.95,3761
TATASTEEL,20180307,12:39,649.1,649.5,648.95,649.5,2753
TATASTEEL,20180307,12:40,649.5,649.8,649.25,649.5,4362
TATASTEEL,20180307,12:41,649.5,650,649.45,650,3370
TATASTEEL,20180307,12:42,649.95,650,649.6,649.8,3985
TATASTEEL,20180307,12:43,650,650,649.7,649.8,6713
TATASTEEL,20180307,12:44,649.7,649.8,649.5,649.7,6425
TATASTEEL,20180307,12:45,649.7,649.7,649.55,649.55,2342
TATASTEEL,20180307,12:46,649.6,649.65,649.5,649.5,3926
TATASTEEL,20180307,12:47,649.5,649.9,649.45,649.45,4560
TATASTEEL,20180307,12:48,649.45,649.75,649.35,649.55,1613
TATASTEEL,20180307,12:49,649.45,650,649.45,649.7,5606
TATASTEEL,20180307,12:50,649.6,650,649.6,649.6,6381
TATASTEEL,20180307,12:51,649.6,649.95,649.25,649.4,7301
TATASTEEL,20180307,12:52,649.4,649.4,648.9,648.9,7141
TATASTEEL,20180307,12:53,649,649.3,648.95,648.95,3988
TATASTEEL,20180307,12:54,648.95,649.25,648.9,649,2445
TATASTEEL,20180307,12:55,649.15,649.75,649,649.6,5545
TATASTEEL,20180307,12:56,649.65,649.85,649.2,649.5,4480
TATASTEEL,20180307,12:57,649.65,649.65,649,649,4107
TATASTEEL,20180307,12:58,649.15,649.55,649,649.4,5134
TATASTEEL,20180307,12:59,649.45,649.5,649.1,649.3,2600
TATASTEEL,20180307,13:00,649.35,649.4,648.7,649.05,5418
TATASTEEL,20180307,13:01,648.95,649.3,648.85,649.3,4882
TATASTEEL,20180307,13:02,649.5,650,648.95,649.5,18040
TATASTEEL,20180307,13:03,649.5,649.7,649.25,649.6,2889
TATASTEEL,20180307,13:04,649.5,650,649.4,649.8,7017
TATASTEEL,20180307,13:05,650,650,649.8,649.95,7350
TATASTEEL,20180307,13:06,649.95,650.6,649.45,649.7,19443
TATASTEEL,20180307,13:07,650,650,648.8,649,14223
TATASTEEL,20180307,13:08,648.75,649.65,648.75,649.2,3645
TATASTEEL,20180307,13:09,649,649.55,649,649.05,4182
TATASTEEL,20180307,13:10,649.05,649.5,649,649.5,3116
TATASTEEL,20180307,13:11,649.5,649.5,649.15,649.25,2434
TATASTEEL,20180307,13:12,649.2,649.5,649.2,649.5,2699
TATASTEEL,20180307,13:13,649.5,650.05,649.3,649.5,9902
TATASTEEL,20180307,13:14,649.3,650.05,649.3,650.05,2613
TATASTEEL,20180307,13:15,649.85,650.55,649.5,649.75,5747
TATASTEEL,20180307,13:16,649.75,650,649.5,649.6,4565
TATASTEEL,20180307,13:17,649.7,649.7,649.15,649.3,6172
TATASTEEL,20180307,13:18,649.35,649.5,649.1,649.1,5370
TATASTEEL,20180307,13:19,649.5,649.75,649.15,649.25,2634
TATASTEEL,20180307,13:20,649.4,650.45,649.3,649.65,3009
TATASTEEL,20180307,13:21,649.9,650.5,649.7,649.8,3920
TATASTEEL,20180307,13:22,649.6,650.75,649.6,650.3,6299
TATASTEEL,20180307,13:23,650.35,650.75,650.05,650.65,8347
TATASTEEL,20180307,13:24,650.7,651,649.5,649.8,16306
TATASTEEL,20180307,13:25,649.75,650,649.5,650,2347
TATASTEEL,20180307,13:26,649.95,650,649.05,649.1,7896
TATASTEEL,20180307,13:27,649.1,649.65,648.95,649.65,6907
TATASTEEL,20180307,13:28,649.6,649.6,648.05,648.25,13714
TATASTEEL,20180307,13:29,648.1,649.15,648.1,648.95,3065
TATASTEEL,20180307,13:30,649.35,649.4,648.6,648.9,2775
TATASTEEL,20180307,13:31,648.95,649.5,648.95,649.1,2224
TATASTEEL,20180307,13:32,649.25,649.5,649.05,649.45,1818
TATASTEEL,20180307,13:33,649.15,650,649,649.9,5736
TATASTEEL,20180307,13:34,649.9,650,649.25,649.55,9500
TATASTEEL,20180307,13:35,649.65,649.65,649.15,649.25,3883
TATASTEEL,20180307,13:36,649.55,650,649.3,649.75,4333
TATASTEEL,20180307,13:37,649.85,649.9,649.55,649.65,1448
TATASTEEL,20180307,13:38,649.7,650,649.65,649.75,2097
TATASTEEL,20180307,13:39,649.8,649.95,649.5,649.75,3117
TATASTEEL,20180307,13:40,649.8,650,649.55,649.55,2702
TATASTEEL,20180307,13:41,649.5,649.9,649.5,649.85,1230
TATASTEEL,20180307,13:42,650.25,651.05,649.55,649.9,54440
TATASTEEL,20180307,13:43,649.95,649.95,649.1,649.35,9636
TATASTEEL,20180307,13:44,649.35,649.6,649.3,649.55,2746
TATASTEEL,20180307,13:45,649.75,649.85,649.2,649.45,3321
TATASTEEL,20180307,13:46,649.65,650,649.2,649.8,5261
TATASTEEL,20180307,13:47,649.55,649.7,649.5,649.55,2592
TATASTEEL,20180307,13:48,649.9,649.9,649.25,649.55,2814
TATASTEEL,20180307,13:49,649.55,650,649.3,649.55,5090
TATASTEEL,20180307,13:50,649.9,650.75,649.6,650.75,25135
TATASTEEL,20180307,13:51,650.4,651.55,650.15,651.1,20421
TATASTEEL,20180307,13:52,651,651.1,650.1,650.95,12344
TATASTEEL,20180307,13:53,651,651,650.4,650.45,11609
TATASTEEL,20180307,13:54,650.45,651.35,650.3,651.05,8298
TATASTEEL,20180307,13:55,651.3,651.3,650.7,650.9,4353
TATASTEEL,20180307,13:56,651.1,652,650.9,651.85,13044
TATASTEEL,20180307,13:57,651.9,652.7,651.9,652.15,13494
TATASTEEL,20180307,13:58,652.45,652.85,652,652.75,4522
TATASTEEL,20180307,13:59,652.5,652.5,651.5,651.75,7388
TATASTEEL,20180307,14:00,651.7,651.75,650.85,651,12779
TATASTEEL,20180307,14:01,651.15,651.55,650.9,651.3,25860
TATASTEEL,20180307,14:02,651.3,652,651.25,651.75,5407
TATASTEEL,20180307,14:03,651.75,652,651.05,651.5,10164
TATASTEEL,20180307,14:04,651.95,652,651.2,651.55,2715
TATASTEEL,20180307,14:05,651.95,652,651,651.3,7201
TATASTEEL,20180307,14:06,651.65,651.65,650.65,650.75,6223
TATASTEEL,20180307,14:07,650.55,650.85,650.25,650.25,5366
TATASTEEL,20180307,14:08,650.25,650.35,649.35,649.7,22538
TATASTEEL,20180307,14:09,649.8,650,649.35,650,10568
TATASTEEL,20180307,14:10,650,650.4,649.35,649.4,20715
TATASTEEL,20180307,14:11,649.4,649.7,649.2,649.3,6179
TATASTEEL,20180307,14:12,649.7,650,649.5,649.5,11355
TATASTEEL,20180307,14:13,649.9,649.9,649.15,649.35,4966
TATASTEEL,20180307,14:14,649.15,649.7,649.15,649.55,3784
TATASTEEL,20180307,14:15,649.9,650.3,649.6,649.75,47685
TATASTEEL,20180307,14:16,649.7,649.9,649.4,649.5,6859
TATASTEEL,20180307,14:17,649.8,650,649.5,650,6959
TATASTEEL,20180307,14:18,650,650,649.5,649.6,6425
TATASTEEL,20180307,14:19,649.65,649.65,649.25,649.25,7544
TATASTEEL,20180307,14:20,649.45,649.6,649.2,649.5,4946
TATASTEEL,20180307,14:21,649.55,649.6,649.25,649.35,1630
TATASTEEL,20180307,14:22,649.35,649.45,649.3,649.45,1985
TATASTEEL,20180307,14:23,649.35,649.6,649.05,649.1,11488
TATASTEEL,20180307,14:24,649.15,649.8,648.9,649.5,10581
TATASTEEL,20180307,14:25,649.7,650.55,649.7,650.25,46091
TATASTEEL,20180307,14:26,650.25,651.4,650.25,650.75,15843
TATASTEEL,20180307,14:27,650.9,651,650.5,650.5,7368
TATASTEEL,20180307,14:28,650.35,650.65,650,650.6,3273
TATASTEEL,20180307,14:29,650.7,651,650.4,650.8,8989
TATASTEEL,20180307,14:30,651,651.2,650.85,650.85,14785
TATASTEEL,20180307,14:31,650.85,651.3,650.75,651.2,15556
TATASTEEL,20180307,14:32,651.35,652,650.95,651.1,27131
TATASTEEL,20180307,14:33,651.05,651.4,650.85,650.9,29858
TATASTEEL,20180307,14:34,651,651,649.9,649.9,17058
TATASTEEL,20180307,14:35,649.9,650,649.85,649.9,7218
TATASTEEL,20180307,14:36,649.9,650.45,649.85,650,9642
TATASTEEL,20180307,14:37,650.45,650.75,649.65,650.2,9644
TATASTEEL,20180307,14:38,650.4,650.75,650.05,650.25,3533
TATASTEEL,20180307,14:39,650.5,650.65,650.15,650.6,9439
TATASTEEL,20180307,14:40,650.75,651,649.85,650.15,10127
TATASTEEL,20180307,14:41,650.1,650.25,649.7,649.8,6810
TATASTEEL,20180307,14:42,649.55,650,649.35,650,6649
TATASTEEL,20180307,14:43,649.75,649.95,649.5,649.6,2284
TATASTEEL,20180307,14:44,649.65,649.95,649.6,649.8,3199
TATASTEEL,20180307,14:45,649.8,650,649.7,649.75,16085
TATASTEEL,20180307,14:46,649.9,650,649.6,649.65,6824
TATASTEEL,20180307,14:47,650,650,649.55,649.65,5163
TATASTEEL,20180307,14:48,649.55,649.9,649.35,649.35,9560
TATASTEEL,20180307,14:49,649.55,649.55,649.25,649.25,3525
TATASTEEL,20180307,14:50,649.35,649.35,648.1,648.8,23327
TATASTEEL,20180307,14:51,648.65,649.75,648.55,648.55,9238
TATASTEEL,20180307,14:52,648.6,649.2,648.5,649.2,7829
TATASTEEL,20180307,14:53,649.3,649.3,648.5,648.5,8272
TATASTEEL,20180307,14:54,648.6,648.9,648.5,648.7,9297
TATASTEEL,20180307,14:55,648.65,649.25,648.65,648.85,7025
TATASTEEL,20180307,14:56,649,649.7,649,649.45,2365
TATASTEEL,20180307,14:57,649.75,649.9,649.4,649.8,2975
TATASTEEL,20180307,14:58,649.8,650,649.8,649.95,8220
TATASTEEL,20180307,14:59,650,650,649,649,24250
TATASTEEL,20180307,15:00,649,649.45,648.55,648.65,14205
TATASTEEL,20180307,15:01,648.6,649,648.5,648.7,14438
TATASTEEL,20180307,15:02,648.7,648.7,648.25,648.3,14912
TATASTEEL,20180307,15:03,648.3,648.35,648.15,648.3,7721
TATASTEEL,20180307,15:04,648.35,648.5,648.3,648.5,16443
TATASTEEL,20180307,15:05,648.5,648.8,648.35,648.8,12231
TATASTEEL,20180307,15:06,648.9,649.15,648.8,648.8,8008
TATASTEEL,20180307,15:07,648.9,648.9,648.5,648.7,9718
TATASTEEL,20180307,15:08,648.7,648.8,648.55,648.75,13204
TATASTEEL,20180307,15:09,648.65,648.8,648.55,648.75,9095
TATASTEEL,20180307,15:10,648.6,648.8,648.5,648.5,12140
TATASTEEL,20180307,15:11,648.45,648.5,648,648,23545
TATASTEEL,20180307,15:12,647.7,648.1,644.65,647.65,129105
TATASTEEL,20180307,15:13,647.65,647.7,646.15,646.5,20533
TATASTEEL,20180307,15:14,646.45,646.75,646.1,646.65,21201
TATASTEEL,20180307,15:15,646.65,647.5,646.35,647.45,10487
TATASTEEL,20180307,15:16,647.45,648,647,647.85,35515
TATASTEEL,20180307,15:17,647.8,647.95,646.8,647.25,47685
TATASTEEL,20180307,15:18,647.5,647.5,646.85,647.1,27307
TATASTEEL,20180307,15:19,647.1,647.7,647.05,647.65,13152
TATASTEEL,20180307,15:20,647.65,648,647.45,648,13239
TATASTEEL,20180307,15:21,647.95,648.5,647.9,648.05,26181
TATASTEEL,20180307,15:22,648.05,648.45,648.05,648.2,8888
TATASTEEL,20180307,15:23,648.15,648.25,647.7,647.9,28440
TATASTEEL,20180307,15:24,647.9,648,647.5,647.75,48024
TATASTEEL,20180307,15:25,647.75,648.7,647.7,648.5,42458
TATASTEEL,20180307,15:26,648.5,648.6,648.3,648.55,8370
TATASTEEL,20180307,15:27,648.6,649.15,648.6,649.15,19227
TATASTEEL,20180307,15:28,649.1,649.4,648.65,649.4,16342
TATASTEEL,20180307,15:29,649.45,650,649.4,649.9,20654
TATASTEEL,20180307,15:30,649.45,650,649.15,649.4,9352
TATASTEEL,20180307,15:31,650,650,650,650,1161
TATASTEEL,20180307,15:32,647.7,647.7,647.7,647.7,1
TATASTEEL,20180307,15:41,647.7,647.7,647.7,647.7,24
TATASTEEL,20180307,15:42,647.7,647.7,647.7,647.7,11
TATASTEEL,20180307,15:43,647.7,647.7,647.7,647.7,8
TATASTEEL,20180307,15:44,647.7,647.7,647.7,647.7,78
TATASTEEL,20180307,15:45,647.7,647.7,647.7,647.7,5
TATASTEEL,20180307,15:46,647.7,647.7,647.7,647.7,45
TATASTEEL,20180307,15:47,647.7,647.7,647.7,647.7,23
TATASTEEL,20180307,15:48,647.7,647.7,647.7,647.7,61
TATASTEEL,20180307,15:50,647.7,647.7,647.7,647.7,10
TATASTEEL,20180307,15:53,647.7,647.7,647.7,647.7,50
TATASTEEL,20180307,15:55,647.7,647.7,647.7,647.7,40
TATASTEEL,20180307,15:57,647.7,647.7,647.7,647.7,100
TATASTEEL,20180307,16:36,647.7,647.7,647.7,647.7,1
