ACC,20191030,09:08,1532.10,1532.10,1532.10,1532.10,693,0
ACC,20191030,09:16,1534.25,1540.00,1532.80,1539.95,3210,0
ACC,20191030,09:17,1540.00,1542.00,1538.65,1542.00,5449,0
ACC,20191030,09:18,1540.35,1544.15,1540.00,1543.10,4120,0
ACC,20191030,09:19,1544.60,1546.90,1543.65,1545.40,5314,0
ACC,20191030,09:20,1545.90,1546.70,1544.35,1545.00,4035,0
ACC,20191030,09:21,1544.35,1544.65,1542.00,1543.05,1100,0
ACC,20191030,09:22,1542.05,1545.00,1541.55,1544.25,1642,0
ACC,20191030,09:23,1544.90,1548.90,1544.75,1548.40,5526,0
ACC,20191030,09:24,1548.00,1551.95,1547.45,1551.00,6685,0
ACC,20191030,09:25,1550.60,1553.80,1550.15,1550.15,5742,0
ACC,20191030,09:26,1549.90,1551.15,1549.00,1550.35,4176,0
ACC,20191030,09:27,1550.00,1552.00,1550.00,1550.10,2388,0
ACC,20191030,09:28,1550.10,1551.90,1550.00,1550.00,1467,0
ACC,20191030,09:29,1550.05,1551.35,1550.00,1550.60,1724,0
ACC,20191030,09:30,1550.60,1552.00,1550.60,1552.00,1567,0
ACC,20191030,09:31,1552.00,1552.50,1551.70,1552.50,3242,0
ACC,20191030,09:32,1552.75,1553.00,1550.60,1551.40,3010,0
ACC,20191030,09:33,1551.55,1553.00,1551.00,1552.80,1712,0
ACC,20191030,09:34,1552.85,1552.85,1550.05,1550.15,2788,0
ACC,20191030,09:35,1550.35,1550.35,1546.95,1547.00,2292,0
ACC,20191030,09:36,1547.70,1547.70,1543.40,1545.80,3634,0
ACC,20191030,09:37,1545.30,1548.50,1545.00,1548.50,1116,0
ACC,20191030,09:38,1548.55,1549.80,1547.00,1548.00,2530,0
ACC,20191030,09:39,1548.00,1548.85,1547.00,1547.00,1622,0
ACC,20191030,09:40,1547.60,1548.00,1546.35,1546.35,1498,0
ACC,20191030,09:41,1546.35,1546.90,1545.40,1545.80,1707,0
ACC,20191030,09:42,1545.80,1549.10,1545.80,1548.15,3120,0
ACC,20191030,09:43,1548.05,1549.80,1547.10,1549.80,1567,0
ACC,20191030,09:44,1549.05,1549.05,1544.70,1546.20,3974,0
ACC,20191030,09:45,1545.60,1546.85,1545.00,1546.00,1678,0
ACC,20191030,09:46,1546.00,1546.95,1545.00,1546.95,1730,0
ACC,20191030,09:47,1545.55,1549.00,1545.55,1548.00,914,0
ACC,20191030,09:48,1548.55,1551.00,1548.55,1549.15,2362,0
ACC,20191030,09:49,1550.00,1552.00,1550.00,1552.00,817,0
ACC,20191030,09:50,1552.00,1552.80,1551.30,1551.70,2321,0
ACC,20191030,09:51,1552.00,1555.80,1552.00,1554.95,8035,0
ACC,20191030,09:52,1554.60,1555.45,1554.05,1554.45,4372,0
ACC,20191030,09:53,1554.50,1557.00,1554.05,1556.15,4793,0
ACC,20191030,09:54,1556.15,1558.00,1555.85,1558.00,6134,0
ACC,20191030,09:55,1557.85,1559.45,1557.40,1559.00,9276,0
ACC,20191030,09:56,1559.00,1562.00,1559.00,1561.95,14958,0
ACC,20191030,09:57,1561.95,1565.85,1561.10,1565.45,12431,0
ACC,20191030,09:58,1565.45,1568.80,1565.00,1566.10,16010,0
ACC,20191030,09:59,1565.15,1566.80,1563.05,1564.10,13801,0
ACC,20191030,10:00,1564.05,1566.00,1563.60,1566.00,4600,0
ACC,20191030,10:01,1566.05,1568.00,1565.25,1565.75,3865,0
ACC,20191030,10:02,1566.10,1568.00,1565.65,1566.00,3785,0
ACC,20191030,10:03,1567.05,1569.75,1565.80,1569.55,6354,0
ACC,20191030,10:04,1569.00,1569.55,1563.95,1564.05,8740,0
ACC,20191030,10:05,1565.55,1565.85,1563.05,1565.85,3602,0
ACC,20191030,10:06,1565.80,1565.80,1564.10,1564.15,852,0
ACC,20191030,10:07,1564.00,1564.60,1562.70,1563.00,2238,0
ACC,20191030,10:08,1563.20,1565.80,1562.75,1565.80,3773,0
ACC,20191030,10:09,1565.80,1568.50,1565.40,1567.00,3408,0
ACC,20191030,10:10,1567.20,1567.60,1566.25,1567.20,3502,0
ACC,20191030,10:11,1567.45,1568.50,1567.00,1567.35,1420,0
ACC,20191030,10:12,1566.95,1568.50,1566.10,1568.20,3757,0
ACC,20191030,10:13,1568.20,1572.00,1568.20,1568.95,14109,0
ACC,20191030,10:14,1569.70,1571.25,1569.10,1570.20,2396,0
ACC,20191030,10:15,1570.20,1571.05,1569.40,1570.60,2645,0
ACC,20191030,10:16,1570.60,1572.00,1570.60,1572.00,1491,0
ACC,20191030,10:17,1572.00,1572.00,1570.60,1571.00,2487,0
ACC,20191030,10:18,1571.00,1571.00,1568.55,1569.65,4277,0
ACC,20191030,10:19,1569.85,1570.55,1568.60,1569.00,1428,0
ACC,20191030,10:20,1569.00,1570.50,1569.00,1569.90,1804,0
ACC,20191030,10:21,1570.50,1570.50,1568.15,1569.20,1908,0
ACC,20191030,10:22,1568.00,1569.00,1567.25,1567.80,2794,0
ACC,20191030,10:23,1567.85,1568.95,1567.80,1568.20,276,0
ACC,20191030,10:24,1568.05,1568.15,1566.10,1566.10,2070,0
ACC,20191030,10:25,1566.50,1567.75,1566.10,1566.70,1463,0
ACC,20191030,10:26,1566.70,1567.30,1566.20,1566.25,578,0
ACC,20191030,10:27,1566.30,1567.50,1566.20,1566.20,1332,0
ACC,20191030,10:28,1566.20,1567.00,1565.20,1565.85,1150,0
ACC,20191030,10:29,1566.25,1567.00,1565.85,1566.25,1150,0
ACC,20191030,10:30,1566.25,1567.00,1566.00,1566.00,1533,0
ACC,20191030,10:31,1566.00,1567.00,1566.00,1566.20,856,0
ACC,20191030,10:32,1566.50,1566.50,1564.00,1564.20,4042,0
ACC,20191030,10:33,1563.95,1566.00,1563.70,1563.70,2378,0
ACC,20191030,10:34,1563.85,1564.85,1560.00,1560.00,3465,0
ACC,20191030,10:35,1560.85,1563.40,1560.20,1563.00,3943,0
ACC,20191030,10:36,1563.00,1564.00,1563.00,1563.95,1101,0
ACC,20191030,10:37,1563.95,1564.95,1563.30,1564.35,2579,0
ACC,20191030,10:38,1564.95,1565.55,1564.30,1564.45,2255,0
ACC,20191030,10:39,1565.00,1565.00,1564.30,1565.00,1179,0
ACC,20191030,10:40,1564.50,1566.00,1564.40,1566.00,2971,0
ACC,20191030,10:41,1565.00,1565.80,1565.00,1565.10,2700,0
ACC,20191030,10:42,1565.10,1566.00,1565.05,1565.55,1553,0
ACC,20191030,10:43,1565.50,1566.00,1563.50,1564.00,3765,0
ACC,20191030,10:44,1564.80,1564.80,1563.80,1563.85,1100,0
ACC,20191030,10:45,1564.60,1564.85,1563.90,1564.35,813,0
ACC,20191030,10:46,1564.90,1564.90,1564.35,1564.50,586,0
ACC,20191030,10:47,1564.50,1565.00,1563.95,1564.90,1567,0
ACC,20191030,10:48,1564.15,1565.00,1563.85,1564.40,1322,0
ACC,20191030,10:49,1563.80,1564.50,1563.80,1564.10,525,0
ACC,20191030,10:50,1564.40,1564.50,1563.95,1564.10,794,0
ACC,20191030,10:51,1564.00,1564.45,1563.90,1564.00,1568,0
ACC,20191030,10:52,1563.90,1563.90,1560.40,1560.40,4110,0
ACC,20191030,10:53,1560.55,1562.10,1560.25,1561.00,3278,0
ACC,20191030,10:54,1561.15,1562.90,1560.70,1562.40,1884,0
ACC,20191030,10:55,1561.85,1563.00,1561.85,1562.35,926,0
ACC,20191030,10:56,1562.30,1563.00,1562.00,1562.25,942,0
ACC,20191030,10:57,1562.40,1562.40,1561.00,1561.00,1299,0
ACC,20191030,10:58,1561.00,1562.00,1561.00,1561.00,1080,0
ACC,20191030,10:59,1561.05,1561.50,1560.00,1560.00,2195,0
ACC,20191030,11:00,1560.05,1560.05,1558.30,1559.60,7480,0
ACC,20191030,11:01,1559.45,1560.50,1559.20,1559.90,1363,0
ACC,20191030,11:02,1559.70,1563.55,1559.70,1563.05,3406,0
ACC,20191030,11:03,1562.80,1563.75,1562.45,1563.70,1376,0
ACC,20191030,11:04,1563.85,1563.85,1560.60,1561.75,2250,0
ACC,20191030,11:05,1560.55,1562.80,1560.55,1562.65,1043,0
ACC,20191030,11:06,1561.40,1562.00,1560.90,1561.00,996,0
ACC,20191030,11:07,1561.10,1561.10,1559.25,1560.25,1632,0
ACC,20191030,11:08,1559.20,1559.50,1558.20,1558.20,2688,0
ACC,20191030,11:09,1558.90,1561.00,1558.20,1560.45,1609,0
ACC,20191030,11:10,1560.25,1560.25,1560.05,1560.10,750,0
ACC,20191030,11:11,1560.30,1561.00,1560.05,1560.30,857,0
ACC,20191030,11:12,1560.05,1561.00,1560.00,1560.10,779,0
ACC,20191030,11:13,1560.55,1560.90,1559.60,1559.60,669,0
ACC,20191030,11:14,1559.60,1560.95,1559.00,1559.45,1012,0
ACC,20191030,11:15,1559.50,1560.00,1558.25,1558.65,1420,0
ACC,20191030,11:16,1558.45,1558.65,1556.05,1556.25,4081,0
ACC,20191030,11:17,1556.50,1558.00,1556.00,1557.25,3304,0
ACC,20191030,11:18,1557.00,1557.90,1557.00,1557.05,1282,0
ACC,20191030,11:19,1557.80,1559.40,1557.00,1558.65,1965,0
ACC,20191030,11:20,1559.75,1559.75,1558.25,1559.10,890,0
ACC,20191030,11:21,1558.80,1559.85,1558.80,1558.80,1309,0
ACC,20191030,11:22,1558.35,1558.80,1558.00,1558.05,1196,0
ACC,20191030,11:23,1558.25,1558.40,1558.00,1558.25,360,0
ACC,20191030,11:24,1558.00,1558.00,1556.00,1556.15,2647,0
ACC,20191030,11:25,1556.60,1557.55,1556.15,1557.00,4750,0
ACC,20191030,11:26,1556.50,1558.95,1556.50,1557.90,4033,0
ACC,20191030,11:27,1559.10,1559.40,1557.65,1557.85,1191,0
ACC,20191030,11:28,1557.80,1557.95,1557.05,1557.20,916,0
ACC,20191030,11:29,1557.25,1557.60,1557.00,1557.25,478,0
ACC,20191030,11:30,1557.10,1557.30,1555.50,1555.75,3077,0
ACC,20191030,11:31,1555.75,1556.80,1555.75,1556.20,1597,0
ACC,20191030,11:32,1556.20,1558.40,1556.20,1557.25,1480,0
ACC,20191030,11:33,1557.40,1557.40,1556.00,1556.00,645,0
ACC,20191030,11:34,1556.00,1557.00,1555.45,1556.00,1123,0
ACC,20191030,11:35,1555.65,1557.05,1555.30,1555.40,1883,0
ACC,20191030,11:36,1555.10,1555.10,1553.15,1555.00,6729,0
ACC,20191030,11:37,1554.85,1555.70,1554.85,1554.95,775,0
ACC,20191030,11:38,1555.20,1555.70,1555.00,1555.70,505,0
ACC,20191030,11:39,1555.70,1555.95,1554.20,1554.20,1349,0
ACC,20191030,11:40,1554.50,1555.75,1553.50,1554.75,1875,0
ACC,20191030,11:41,1555.50,1555.50,1554.05,1554.45,448,0
ACC,20191030,11:42,1554.40,1554.95,1554.00,1554.00,1536,0
ACC,20191030,11:43,1554.00,1555.90,1554.00,1555.00,1605,0
ACC,20191030,11:44,1555.00,1555.25,1554.25,1555.00,731,0
ACC,20191030,11:45,1555.00,1555.20,1553.30,1553.45,3143,0
ACC,20191030,11:46,1553.20,1554.80,1553.20,1554.00,949,0
ACC,20191030,11:47,1554.00,1555.00,1554.00,1554.45,1907,0
ACC,20191030,11:48,1554.25,1554.40,1553.40,1554.05,1072,0
ACC,20191030,11:49,1553.50,1554.30,1553.10,1554.20,1709,0
ACC,20191030,11:50,1553.55,1553.55,1552.50,1552.65,1914,0
ACC,20191030,11:51,1552.65,1553.90,1552.50,1553.80,951,0
ACC,20191030,11:52,1553.80,1554.00,1553.10,1553.15,1728,0
ACC,20191030,11:53,1553.75,1553.75,1551.05,1552.45,4685,0
ACC,20191030,11:54,1552.00,1552.20,1551.70,1551.70,967,0
ACC,20191030,11:55,1551.85,1552.20,1551.30,1551.30,2023,0
ACC,20191030,11:56,1551.45,1551.55,1551.05,1551.10,2029,0
ACC,20191030,11:57,1551.10,1551.15,1550.05,1550.30,4091,0
ACC,20191030,11:58,1550.95,1551.85,1550.50,1551.60,2912,0
ACC,20191030,11:59,1551.35,1551.40,1551.00,1551.15,687,0
ACC,20191030,12:00,1551.15,1551.35,1551.00,1551.00,643,0
ACC,20191030,12:01,1551.15,1553.95,1551.15,1553.40,1789,0
ACC,20191030,12:02,1553.35,1554.00,1553.00,1554.00,1816,0
ACC,20191030,12:03,1553.70,1554.90,1553.70,1554.50,1375,0
ACC,20191030,12:04,1554.15,1554.25,1554.00,1554.00,572,0
ACC,20191030,12:05,1554.00,1554.10,1553.00,1553.30,1239,0
ACC,20191030,12:06,1553.05,1554.50,1553.05,1554.00,1246,0
ACC,20191030,12:07,1554.50,1554.50,1553.00,1554.05,1693,0
ACC,20191030,12:08,1554.05,1554.95,1552.10,1552.10,3022,0
ACC,20191030,12:09,1552.40,1552.85,1551.65,1551.65,505,0
ACC,20191030,12:10,1551.50,1551.80,1550.10,1550.10,3556,0
ACC,20191030,12:11,1550.40,1550.90,1548.40,1550.90,9712,0
ACC,20191030,12:12,1549.70,1550.75,1548.65,1548.80,1782,0
ACC,20191030,12:13,1549.55,1552.00,1548.60,1549.55,8067,0
ACC,20191030,12:14,1549.60,1550.15,1549.35,1549.35,723,0
ACC,20191030,12:15,1549.35,1550.15,1549.35,1550.15,625,0
ACC,20191030,12:16,1550.15,1550.60,1550.15,1550.60,841,0
ACC,20191030,12:17,1550.50,1551.60,1550.50,1550.60,1119,0
ACC,20191030,12:18,1550.50,1550.70,1550.00,1550.00,1382,0
ACC,20191030,12:19,1550.00,1551.20,1550.00,1550.15,950,0
ACC,20191030,12:20,1550.15,1550.40,1549.40,1549.40,1473,0
ACC,20191030,12:21,1549.40,1550.00,1549.00,1550.00,2752,0
ACC,20191030,12:22,1549.25,1550.00,1548.95,1548.95,1546,0
ACC,20191030,12:23,1549.60,1549.60,1548.85,1549.00,494,0
ACC,20191030,12:24,1549.00,1549.80,1549.00,1549.10,873,0
ACC,20191030,12:25,1549.25,1549.80,1549.05,1549.05,784,0
ACC,20191030,12:26,1548.85,1550.00,1547.15,1550.00,8568,0
ACC,20191030,12:27,1550.00,1551.70,1549.80,1551.40,4589,0
ACC,20191030,12:28,1551.60,1553.40,1551.60,1552.00,5758,0
ACC,20191030,12:29,1552.00,1552.00,1551.25,1551.80,1839,0
ACC,20191030,12:30,1551.75,1552.60,1551.20,1551.50,1599,0
ACC,20191030,12:31,1551.55,1553.10,1551.50,1553.10,2794,0
ACC,20191030,12:32,1553.05,1553.05,1552.30,1552.30,756,0
ACC,20191030,12:33,1552.30,1552.30,1551.55,1552.00,752,0
ACC,20191030,12:34,1551.85,1551.85,1551.15,1551.30,492,0
ACC,20191030,12:35,1551.00,1551.35,1550.00,1550.00,1180,0
ACC,20191030,12:36,1550.00,1550.00,1549.20,1549.25,807,0
ACC,20191030,12:37,1549.40,1549.40,1548.75,1548.75,447,0
ACC,20191030,12:38,1548.75,1549.80,1548.75,1549.00,820,0
ACC,20191030,12:39,1549.75,1549.90,1548.20,1548.55,823,0
ACC,20191030,12:40,1548.30,1548.85,1548.05,1548.80,769,0
ACC,20191030,12:41,1548.40,1549.45,1548.30,1549.00,510,0
ACC,20191030,12:42,1549.40,1549.70,1548.70,1548.70,323,0
ACC,20191030,12:43,1548.50,1548.65,1547.25,1548.15,2082,0
ACC,20191030,12:44,1548.95,1548.95,1547.25,1547.60,1468,0
ACC,20191030,12:45,1548.15,1549.85,1547.60,1548.10,2855,0
ACC,20191030,12:46,1548.85,1548.90,1548.15,1548.20,635,0
ACC,20191030,12:47,1548.10,1549.75,1547.80,1548.55,769,0
ACC,20191030,12:48,1548.55,1549.40,1548.55,1548.55,3314,0
ACC,20191030,12:49,1549.20,1549.25,1548.55,1549.25,2348,0
ACC,20191030,12:50,1549.25,1549.50,1549.25,1549.25,435,0
ACC,20191030,12:51,1549.25,1549.50,1549.25,1549.25,377,0
ACC,20191030,12:52,1549.50,1550.15,1549.30,1549.35,5030,0
ACC,20191030,12:53,1549.35,1550.00,1549.25,1549.60,600,0
ACC,20191030,12:54,1549.30,1551.00,1549.30,1550.00,1136,0
ACC,20191030,12:55,1549.35,1551.45,1549.30,1550.00,1482,0
ACC,20191030,12:56,1550.20,1550.20,1549.25,1549.25,407,0
ACC,20191030,12:57,1549.00,1549.80,1548.60,1549.80,433,0
ACC,20191030,12:58,1548.90,1549.65,1548.60,1548.70,530,0
ACC,20191030,12:59,1548.60,1549.35,1548.50,1548.50,505,0
ACC,20191030,13:00,1548.40,1548.70,1548.00,1548.00,571,0
ACC,20191030,13:01,1548.00,1549.10,1547.90,1548.65,612,0
ACC,20191030,13:02,1548.55,1549.25,1548.25,1549.00,461,0
ACC,20191030,13:03,1549.00,1549.95,1549.00,1549.95,769,0
ACC,20191030,13:04,1549.80,1550.95,1549.35,1549.35,432,0
ACC,20191030,13:05,1549.90,1550.00,1549.35,1549.35,384,0
ACC,20191030,13:06,1549.95,1550.00,1549.30,1549.50,444,0
ACC,20191030,13:07,1550.00,1550.00,1549.50,1549.50,1158,0
ACC,20191030,13:08,1549.95,1549.95,1549.00,1549.00,597,0
ACC,20191030,13:09,1549.00,1549.30,1549.00,1549.30,457,0
ACC,20191030,13:10,1549.10,1549.30,1547.60,1549.30,3081,0
ACC,20191030,13:11,1548.75,1548.75,1547.55,1548.05,374,0
ACC,20191030,13:12,1547.95,1548.35,1547.70,1548.00,1700,0
ACC,20191030,13:13,1547.50,1548.45,1547.50,1547.85,487,0
ACC,20191030,13:14,1547.70,1548.40,1547.65,1547.70,902,0
ACC,20191030,13:15,1548.35,1548.35,1547.70,1547.75,402,0
ACC,20191030,13:16,1547.75,1548.60,1547.50,1548.50,1566,0
ACC,20191030,13:17,1548.50,1548.50,1547.35,1548.00,710,0
ACC,20191030,13:18,1548.00,1548.00,1545.45,1546.05,3972,0
ACC,20191030,13:19,1545.45,1546.90,1545.45,1545.55,1579,0
ACC,20191030,13:20,1545.65,1546.50,1545.60,1546.50,527,0
ACC,20191030,13:21,1546.00,1546.90,1545.65,1545.70,1296,0
ACC,20191030,13:22,1546.00,1546.00,1543.10,1543.95,10191,0
ACC,20191030,13:23,1543.65,1544.30,1543.50,1544.15,1544,0
ACC,20191030,13:24,1544.10,1545.00,1544.10,1545.00,553,0
ACC,20191030,13:25,1544.95,1546.80,1544.95,1545.30,2617,0
ACC,20191030,13:26,1545.25,1547.00,1545.20,1546.45,1161,0
ACC,20191030,13:27,1546.95,1549.70,1546.95,1548.20,2272,0
ACC,20191030,13:28,1548.15,1548.90,1547.90,1548.60,762,0
ACC,20191030,13:29,1549.00,1550.00,1548.50,1549.35,1901,0
ACC,20191030,13:30,1549.00,1550.10,1549.00,1550.10,3237,0
ACC,20191030,13:31,1550.05,1550.10,1549.50,1549.85,3211,0
ACC,20191030,13:32,1549.95,1550.00,1549.40,1549.40,1094,0
ACC,20191030,13:33,1549.80,1549.80,1548.55,1548.60,918,0
ACC,20191030,13:34,1548.55,1549.15,1547.55,1547.55,682,0
ACC,20191030,13:35,1547.55,1548.15,1547.00,1548.00,508,0
ACC,20191030,13:36,1548.00,1548.45,1547.50,1548.00,1374,0
ACC,20191030,13:37,1548.50,1549.45,1548.50,1548.75,513,0
ACC,20191030,13:38,1548.75,1549.15,1548.15,1548.25,455,0
ACC,20191030,13:39,1549.00,1549.90,1548.60,1548.95,837,0
ACC,20191030,13:40,1548.90,1550.00,1548.90,1550.00,4937,0
ACC,20191030,13:41,1549.70,1551.50,1549.45,1550.00,1929,0
ACC,20191030,13:42,1549.20,1550.85,1549.20,1550.00,2360,0
ACC,20191030,13:43,1550.25,1550.85,1549.75,1550.30,1279,0
ACC,20191030,13:44,1550.30,1550.40,1549.55,1549.60,817,0
ACC,20191030,13:45,1549.60,1549.65,1548.40,1548.65,2438,0
ACC,20191030,13:46,1548.75,1549.25,1548.00,1549.25,471,0
ACC,20191030,13:47,1549.80,1550.50,1548.40,1549.95,798,0
ACC,20191030,13:48,1549.80,1549.80,1549.00,1549.00,912,0
ACC,20191030,13:49,1549.60,1549.80,1549.00,1549.30,289,0
ACC,20191030,13:50,1549.30,1550.00,1549.30,1549.60,835,0
ACC,20191030,13:51,1549.50,1550.00,1549.00,1550.00,797,0
ACC,20191030,13:52,1550.00,1550.00,1548.30,1549.65,2041,0
ACC,20191030,13:53,1549.00,1549.55,1548.65,1548.65,386,0
ACC,20191030,13:54,1548.50,1549.05,1548.15,1548.50,351,0
ACC,20191030,13:55,1548.30,1548.30,1547.40,1548.15,727,0
ACC,20191030,13:56,1548.95,1548.95,1546.95,1547.35,1059,0
ACC,20191030,13:57,1547.95,1549.65,1547.50,1547.50,1286,0
ACC,20191030,13:58,1547.15,1548.45,1546.00,1547.90,1087,0
ACC,20191030,13:59,1548.35,1549.20,1546.20,1546.20,774,0
ACC,20191030,14:00,1546.20,1547.00,1546.00,1546.05,506,0
ACC,20191030,14:01,1545.05,1547.05,1545.05,1546.05,1870,0
ACC,20191030,14:02,1545.30,1546.85,1545.30,1546.10,1635,0
ACC,20191030,14:03,1546.05,1546.15,1545.35,1545.95,713,0
ACC,20191030,14:04,1545.25,1546.00,1545.00,1545.30,1466,0
ACC,20191030,14:05,1545.40,1546.25,1545.00,1546.25,2412,0
ACC,20191030,14:06,1545.75,1546.75,1545.30,1545.90,1371,0
ACC,20191030,14:07,1545.70,1546.70,1540.05,1540.05,8571,0
ACC,20191030,14:08,1540.00,1542.15,1539.25,1541.00,6939,0
ACC,20191030,14:09,1540.55,1542.00,1539.50,1540.20,4001,0
ACC,20191030,14:10,1540.00,1541.15,1540.00,1541.15,1564,0
ACC,20191030,14:11,1540.15,1540.95,1538.00,1538.50,4206,0
ACC,20191030,14:12,1538.35,1539.70,1538.35,1539.50,1445,0
ACC,20191030,14:13,1539.50,1540.00,1538.30,1538.30,1335,0
ACC,20191030,14:14,1538.95,1538.95,1537.95,1537.95,2291,0
ACC,20191030,14:15,1537.50,1538.00,1535.10,1536.50,6807,0
ACC,20191030,14:16,1536.45,1537.35,1536.20,1536.20,2068,0
ACC,20191030,14:17,1536.20,1537.35,1535.00,1535.00,1776,0
ACC,20191030,14:18,1535.00,1536.00,1534.50,1535.00,3799,0
ACC,20191030,14:19,1534.50,1535.90,1534.50,1535.55,951,0
ACC,20191030,14:20,1535.35,1535.40,1534.50,1534.90,963,0
ACC,20191030,14:21,1534.50,1535.95,1534.50,1535.40,2894,0
ACC,20191030,14:22,1535.45,1536.50,1535.40,1536.05,896,0
ACC,20191030,14:23,1536.80,1536.80,1534.00,1534.35,2904,0
ACC,20191030,14:24,1534.15,1534.80,1534.00,1534.00,1071,0
ACC,20191030,14:25,1534.05,1535.00,1534.00,1534.30,637,0
ACC,20191030,14:26,1534.10,1534.70,1534.00,1534.35,737,0
ACC,20191030,14:27,1534.35,1534.60,1534.00,1534.00,686,0
ACC,20191030,14:28,1534.45,1536.45,1534.00,1536.45,2209,0
ACC,20191030,14:29,1536.00,1538.45,1536.00,1537.00,3840,0
ACC,20191030,14:30,1536.25,1539.50,1536.00,1538.80,2326,0
ACC,20191030,14:31,1538.00,1538.60,1535.80,1536.20,872,0
ACC,20191030,14:32,1536.10,1536.35,1530.05,1532.65,10949,0
ACC,20191030,14:33,1532.30,1533.25,1531.90,1531.95,3046,0
ACC,20191030,14:34,1532.45,1532.90,1531.00,1531.80,3116,0
ACC,20191030,14:35,1531.35,1532.00,1531.35,1531.75,1685,0
ACC,20191030,14:36,1531.80,1531.80,1525.55,1526.65,9713,0
ACC,20191030,14:37,1526.95,1527.70,1526.05,1526.70,2464,0
ACC,20191030,14:38,1526.70,1528.00,1526.50,1527.50,3218,0
ACC,20191030,14:39,1527.70,1529.00,1527.70,1528.00,1548,0
ACC,20191030,14:40,1528.00,1528.80,1526.60,1526.60,3062,0
ACC,20191030,14:41,1527.25,1527.55,1522.40,1522.65,8490,0
ACC,20191030,14:42,1522.65,1523.70,1521.20,1522.05,6269,0
ACC,20191030,14:43,1522.00,1525.40,1522.00,1525.35,3579,0
ACC,20191030,14:44,1525.00,1525.40,1522.05,1522.05,4209,0
ACC,20191030,14:45,1522.05,1524.05,1522.05,1524.05,3148,0
ACC,20191030,14:46,1524.05,1524.90,1523.90,1524.90,1970,0
ACC,20191030,14:47,1524.90,1525.00,1523.90,1525.00,2409,0
ACC,20191030,14:48,1524.70,1525.30,1524.00,1525.30,1338,0
ACC,20191030,14:49,1525.00,1526.45,1524.80,1526.45,1400,0
ACC,20191030,14:50,1526.05,1526.90,1525.40,1526.20,1502,0
ACC,20191030,14:51,1526.00,1528.85,1525.95,1528.80,4649,0
ACC,20191030,14:52,1528.80,1528.80,1526.60,1526.80,1086,0
ACC,20191030,14:53,1527.00,1527.45,1526.55,1527.20,725,0
ACC,20191030,14:54,1528.00,1528.10,1525.55,1525.55,2147,0
ACC,20191030,14:55,1525.60,1526.20,1525.10,1526.20,595,0
ACC,20191030,14:56,1525.45,1527.00,1525.45,1526.50,1647,0
ACC,20191030,14:57,1527.00,1527.40,1526.50,1526.50,307,0
ACC,20191030,14:58,1526.65,1527.00,1526.50,1526.50,567,0
ACC,20191030,14:59,1526.50,1526.65,1525.50,1525.60,1448,0
ACC,20191030,15:00,1525.50,1526.65,1525.50,1526.00,556,0
ACC,20191030,15:01,1526.70,1527.10,1526.15,1526.95,1806,0
ACC,20191030,15:02,1527.10,1528.20,1527.05,1527.70,2156,0
ACC,20191030,15:03,1527.85,1528.00,1527.45,1528.00,799,0
ACC,20191030,15:04,1527.55,1528.80,1527.55,1528.65,1968,0
ACC,20191030,15:05,1528.90,1528.95,1528.55,1528.70,3858,0
ACC,20191030,15:06,1528.70,1530.00,1528.55,1529.75,4110,0
ACC,20191030,15:07,1530.00,1530.70,1529.85,1530.50,1532,0
ACC,20191030,15:08,1530.30,1532.00,1530.30,1530.45,3028,0
ACC,20191030,15:09,1530.95,1532.40,1530.95,1532.10,2561,0
ACC,20191030,15:10,1532.10,1532.40,1531.70,1531.70,1862,0
ACC,20191030,15:11,1531.75,1532.25,1530.00,1530.70,4507,0
ACC,20191030,15:12,1530.70,1533.00,1529.00,1530.00,8109,0
ACC,20191030,15:13,1530.00,1532.60,1530.00,1532.00,4044,0
ACC,20191030,15:14,1532.50,1532.60,1531.15,1532.60,4228,0
ACC,20191030,15:15,1532.10,1532.60,1531.50,1532.45,3823,0
ACC,20191030,15:16,1532.75,1533.35,1532.75,1532.80,4002,0
ACC,20191030,15:17,1532.80,1533.80,1530.00,1530.75,8141,0
ACC,20191030,15:18,1530.00,1533.00,1530.00,1532.85,4758,0
ACC,20191030,15:19,1532.85,1533.85,1532.00,1533.00,4766,0
ACC,20191030,15:20,1532.70,1533.00,1531.15,1532.70,1755,0
ACC,20191030,15:21,1532.60,1533.80,1532.15,1533.75,2144,0
ACC,20191030,15:22,1534.00,1534.05,1531.20,1533.50,5488,0
ACC,20191030,15:23,1533.50,1534.05,1530.35,1532.00,11233,0
ACC,20191030,15:24,1532.05,1534.40,1532.05,1533.50,4513,0
ACC,20191030,15:25,1534.00,1536.20,1533.50,1536.20,5245,0
ACC,20191030,15:26,1536.15,1539.00,1536.15,1538.00,3742,0
ACC,20191030,15:27,1537.90,1538.00,1536.55,1537.85,2319,0
ACC,20191030,15:28,1537.85,1539.00,1537.75,1539.00,2713,0
ACC,20191030,15:29,1539.00,1539.00,1537.75,1538.95,1707,0
ACC,20191030,15:30,1537.55,1539.55,1534.80,1539.55,2773,0
ACC,20191030,15:32,1532.25,1532.25,1532.25,1532.25,0,0
ACC,20191030,15:41,1532.25,1532.25,1532.25,1532.25,20,0
ACC,20191030,16:39,1532.25,1532.25,1532.25,1532.25,0,0
