HEROMOTOCO,20220627,09:08,2787.55,2787.55,2787.55,2787.55,4222,0
HEROMOTOCO,20220627,09:16,2780.00,2788.50,2770.95,2774.50,21814,0
HEROMOTOCO,20220627,09:17,2773.75,2787.55,2773.75,2780.10,11964,0
HEROMOTOCO,20220627,09:18,2781.10,2781.95,2765.10,2774.40,13687,0
HEROMOTOCO,20220627,09:19,2773.60,2783.00,2773.60,2778.60,12410,0
HEROMOTOCO,20220627,09:20,2778.65,2782.00,2775.00,2776.55,10377,0
HEROMOTOCO,20220627,09:21,2777.00,2785.00,2777.00,2783.15,8283,0
HEROMOTOCO,20220627,09:22,2782.00,2787.50,2781.10,2787.50,4934,0
HEROMOTOCO,20220627,09:23,2786.25,2790.00,2783.75,2785.40,8887,0
HEROMOTOCO,20220627,09:24,2785.40,2789.00,2785.00,2788.55,4241,0
HEROMOTOCO,20220627,09:25,2788.55,2792.00,2788.00,2791.95,9353,0
HEROMOTOCO,20220627,09:26,2791.95,2793.75,2788.65,2793.75,8431,0
HEROMOTOCO,20220627,09:27,2793.80,2800.75,2792.35,2800.45,17192,0
HEROMOTOCO,20220627,09:28,2800.75,2809.00,2797.45,2804.45,17065,0
HEROMOTOCO,20220627,09:29,2804.90,2805.75,2796.25,2804.30,15983,0
HEROMOTOCO,20220627,09:30,2805.85,2807.05,2799.00,2799.25,8881,0
HEROMOTOCO,20220627,09:31,2799.20,2800.80,2792.75,2795.60,7356,0
HEROMOTOCO,20220627,09:32,2795.50,2799.35,2795.50,2799.35,6124,0
HEROMOTOCO,20220627,09:33,2798.35,2805.00,2798.35,2804.00,3896,0
HEROMOTOCO,20220627,09:34,2804.00,2805.00,2802.00,2804.95,4494,0
HEROMOTOCO,20220627,09:35,2801.25,2804.95,2798.80,2799.70,11681,0
HEROMOTOCO,20220627,09:36,2799.20,2799.20,2795.00,2797.00,2160,0
HEROMOTOCO,20220627,09:37,2796.00,2804.95,2796.00,2804.95,5704,0
HEROMOTOCO,20220627,09:38,2805.00,2807.00,2797.30,2800.70,8248,0
HEROMOTOCO,20220627,09:39,2801.10,2802.70,2797.30,2800.00,2433,0
HEROMOTOCO,20220627,09:40,2801.80,2802.95,2799.90,2799.90,5166,0
HEROMOTOCO,20220627,09:41,2799.90,2803.05,2796.60,2796.70,8605,0
HEROMOTOCO,20220627,09:42,2798.45,2802.00,2798.00,2798.00,4677,0
HEROMOTOCO,20220627,09:43,2799.20,2800.20,2797.30,2799.00,2684,0
HEROMOTOCO,20220627,09:44,2798.95,2800.95,2798.95,2800.90,1524,0
HEROMOTOCO,20220627,09:45,2801.00,2801.00,2798.45,2799.00,1799,0
HEROMOTOCO,20220627,09:46,2799.00,2803.00,2799.00,2802.20,3160,0
HEROMOTOCO,20220627,09:47,2803.00,2803.00,2798.00,2798.00,2324,0
HEROMOTOCO,20220627,09:48,2798.00,2798.90,2795.10,2795.90,3062,0
HEROMOTOCO,20220627,09:49,2795.10,2795.60,2791.25,2793.00,5777,0
HEROMOTOCO,20220627,09:50,2793.00,2795.80,2792.50,2794.60,2496,0
HEROMOTOCO,20220627,09:51,2794.55,2794.60,2788.00,2789.20,5660,0
HEROMOTOCO,20220627,09:52,2791.60,2793.55,2787.95,2793.25,4440,0
HEROMOTOCO,20220627,09:53,2793.25,2794.55,2793.25,2793.35,1719,0
HEROMOTOCO,20220627,09:54,2793.35,2794.00,2787.25,2788.10,4365,0
HEROMOTOCO,20220627,09:55,2787.05,2798.00,2786.00,2795.50,10556,0
HEROMOTOCO,20220627,09:56,2795.35,2795.35,2787.30,2788.00,2157,0
HEROMOTOCO,20220627,09:57,2788.00,2792.60,2787.75,2792.60,2813,0
HEROMOTOCO,20220627,09:58,2793.95,2793.95,2792.20,2792.25,1602,0
HEROMOTOCO,20220627,09:59,2792.25,2793.00,2789.15,2790.05,2007,0
HEROMOTOCO,20220627,10:00,2790.00,2790.00,2784.05,2787.60,4705,0
HEROMOTOCO,20220627,10:01,2786.45,2789.50,2785.25,2788.55,7292,0
HEROMOTOCO,20220627,10:02,2787.35,2791.00,2787.00,2789.20,6675,0
HEROMOTOCO,20220627,10:03,2788.75,2794.95,2788.75,2790.10,4848,0
HEROMOTOCO,20220627,10:04,2789.15,2791.55,2788.55,2791.30,2643,0
HEROMOTOCO,20220627,10:05,2791.50,2793.00,2791.35,2793.00,1064,0
HEROMOTOCO,20220627,10:06,2792.50,2794.00,2792.50,2793.80,1657,0
HEROMOTOCO,20220627,10:07,2793.05,2797.00,2793.05,2797.00,2951,0
HEROMOTOCO,20220627,10:08,2796.95,2796.95,2795.30,2796.00,1380,0
HEROMOTOCO,20220627,10:09,2796.70,2798.10,2795.90,2797.10,3162,0
HEROMOTOCO,20220627,10:10,2797.10,2797.45,2792.40,2792.40,2108,0
HEROMOTOCO,20220627,10:11,2793.35,2795.40,2792.45,2793.00,1358,0
HEROMOTOCO,20220627,10:12,2794.00,2795.40,2793.15,2794.45,2346,0
HEROMOTOCO,20220627,10:13,2794.50,2795.00,2793.00,2793.10,1279,0
HEROMOTOCO,20220627,10:14,2793.10,2794.00,2786.10,2789.25,2913,0
HEROMOTOCO,20220627,10:15,2790.80,2790.80,2787.00,2787.40,2595,0
HEROMOTOCO,20220627,10:16,2787.40,2790.05,2787.40,2789.00,885,0
HEROMOTOCO,20220627,10:17,2789.60,2789.60,2788.30,2788.35,818,0
HEROMOTOCO,20220627,10:18,2788.00,2788.00,2787.15,2788.00,1394,0
HEROMOTOCO,20220627,10:19,2787.45,2789.85,2787.45,2787.55,1451,0
HEROMOTOCO,20220627,10:20,2787.55,2790.00,2787.55,2789.80,731,0
HEROMOTOCO,20220627,10:21,2790.00,2791.00,2789.85,2790.65,1337,0
HEROMOTOCO,20220627,10:22,2791.00,2793.50,2790.65,2793.50,3726,0
HEROMOTOCO,20220627,10:23,2792.40,2795.00,2792.40,2794.45,1702,0
HEROMOTOCO,20220627,10:24,2796.00,2796.00,2792.00,2792.00,1334,0
HEROMOTOCO,20220627,10:25,2791.00,2792.00,2790.60,2791.60,836,0
HEROMOTOCO,20220627,10:26,2790.55,2792.55,2790.55,2792.55,571,0
HEROMOTOCO,20220627,10:27,2792.25,2792.35,2791.15,2791.35,79,0
HEROMOTOCO,20220627,10:28,2792.25,2792.25,2788.90,2790.60,3116,0
HEROMOTOCO,20220627,10:29,2791.00,2791.20,2788.45,2791.20,1325,0
HEROMOTOCO,20220627,10:30,2790.00,2792.00,2790.00,2792.00,606,0
HEROMOTOCO,20220627,10:31,2791.05,2792.00,2788.70,2789.40,1881,0
HEROMOTOCO,20220627,10:32,2789.10,2790.45,2787.10,2787.55,2512,0
HEROMOTOCO,20220627,10:33,2787.55,2788.90,2787.05,2787.05,1321,0
HEROMOTOCO,20220627,10:34,2788.30,2788.30,2787.00,2787.50,723,0
HEROMOTOCO,20220627,10:35,2787.50,2789.60,2787.20,2789.00,1608,0
HEROMOTOCO,20220627,10:36,2789.00,2789.00,2788.60,2789.00,783,0
HEROMOTOCO,20220627,10:37,2789.00,2789.60,2788.90,2789.05,810,0
HEROMOTOCO,20220627,10:38,2789.50,2789.60,2789.15,2789.55,304,0
HEROMOTOCO,20220627,10:39,2789.55,2790.00,2788.05,2789.55,1307,0
HEROMOTOCO,20220627,10:40,2789.60,2789.60,2788.15,2788.30,886,0
HEROMOTOCO,20220627,10:41,2788.70,2790.00,2788.30,2790.00,811,0
HEROMOTOCO,20220627,10:42,2788.90,2790.00,2788.90,2790.00,657,0
HEROMOTOCO,20220627,10:43,2790.00,2792.00,2789.85,2791.95,3011,0
HEROMOTOCO,20220627,10:44,2791.10,2791.80,2789.05,2791.00,1181,0
HEROMOTOCO,20220627,10:45,2790.00,2790.15,2788.95,2790.00,808,0
HEROMOTOCO,20220627,10:46,2790.40,2790.40,2788.05,2789.80,1033,0
HEROMOTOCO,20220627,10:47,2789.65,2789.65,2788.60,2788.70,194,0
HEROMOTOCO,20220627,10:48,2789.40,2789.55,2788.70,2789.00,1146,0
HEROMOTOCO,20220627,10:49,2789.00,2790.50,2788.05,2788.15,743,0
HEROMOTOCO,20220627,10:50,2788.15,2788.90,2785.25,2786.00,3252,0
HEROMOTOCO,20220627,10:51,2785.25,2785.30,2785.00,2785.10,1575,0
HEROMOTOCO,20220627,10:52,2785.15,2787.50,2785.15,2786.35,698,0
HEROMOTOCO,20220627,10:53,2786.35,2790.00,2786.35,2789.50,855,0
HEROMOTOCO,20220627,10:54,2789.50,2792.00,2789.50,2791.45,2520,0
HEROMOTOCO,20220627,10:55,2791.60,2792.00,2791.00,2791.00,709,0
HEROMOTOCO,20220627,10:56,2791.00,2791.50,2790.60,2791.50,723,0
HEROMOTOCO,20220627,10:57,2791.10,2793.00,2791.10,2793.00,1470,0
HEROMOTOCO,20220627,10:58,2793.00,2794.65,2792.70,2793.50,1676,0
HEROMOTOCO,20220627,10:59,2793.55,2794.20,2793.50,2793.55,902,0
HEROMOTOCO,20220627,11:00,2793.55,2795.00,2793.55,2794.95,870,0
HEROMOTOCO,20220627,11:01,2794.90,2798.00,2794.50,2794.80,4733,0
HEROMOTOCO,20220627,11:02,2794.50,2795.40,2793.05,2794.40,1028,0
HEROMOTOCO,20220627,11:03,2793.25,2794.30,2793.25,2793.80,574,0
HEROMOTOCO,20220627,11:04,2793.40,2793.40,2790.55,2790.55,840,0
HEROMOTOCO,20220627,11:05,2791.50,2791.50,2790.55,2790.65,229,0
HEROMOTOCO,20220627,11:06,2791.40,2793.70,2790.75,2792.40,1766,0
HEROMOTOCO,20220627,11:07,2792.95,2794.00,2792.40,2793.95,1201,0
HEROMOTOCO,20220627,11:08,2793.95,2793.95,2793.35,2793.90,55,0
HEROMOTOCO,20220627,11:09,2794.50,2795.00,2794.05,2795.00,881,0
HEROMOTOCO,20220627,11:10,2794.95,2796.00,2791.25,2793.80,2889,0
HEROMOTOCO,20220627,11:11,2793.80,2796.65,2792.05,2795.00,3317,0
HEROMOTOCO,20220627,11:12,2795.70,2796.40,2792.00,2792.05,2264,0
HEROMOTOCO,20220627,11:13,2792.05,2793.75,2792.05,2793.60,232,0
HEROMOTOCO,20220627,11:14,2793.60,2794.00,2792.95,2793.95,170,0
HEROMOTOCO,20220627,11:15,2794.05,2795.00,2792.00,2792.50,1982,0
HEROMOTOCO,20220627,11:16,2792.05,2792.50,2790.60,2790.60,795,0
HEROMOTOCO,20220627,11:17,2791.00,2792.00,2790.50,2791.00,1273,0
HEROMOTOCO,20220627,11:18,2791.00,2791.95,2790.55,2791.05,318,0
HEROMOTOCO,20220627,11:19,2791.05,2791.90,2790.75,2791.00,703,0
HEROMOTOCO,20220627,11:20,2791.15,2792.00,2791.00,2791.75,192,0
HEROMOTOCO,20220627,11:21,2791.90,2794.70,2791.90,2794.00,1895,0
HEROMOTOCO,20220627,11:22,2794.00,2794.95,2794.00,2794.60,244,0
HEROMOTOCO,20220627,11:23,2794.60,2796.00,2794.40,2796.00,1885,0
HEROMOTOCO,20220627,11:24,2795.70,2796.15,2791.15,2791.15,669,0
HEROMOTOCO,20220627,11:25,2791.15,2791.70,2786.00,2789.10,4237,0
HEROMOTOCO,20220627,11:26,2788.90,2789.15,2788.00,2788.50,590,0
HEROMOTOCO,20220627,11:27,2789.00,2790.00,2789.00,2789.40,577,0
HEROMOTOCO,20220627,11:28,2789.40,2789.95,2788.20,2788.35,1092,0
HEROMOTOCO,20220627,11:29,2788.70,2789.40,2788.35,2788.75,794,0
HEROMOTOCO,20220627,11:30,2788.75,2788.80,2773.80,2779.00,12142,0
HEROMOTOCO,20220627,11:31,2779.85,2784.70,2779.00,2784.00,2379,0
HEROMOTOCO,20220627,11:32,2784.70,2784.75,2784.00,2784.75,471,0
HEROMOTOCO,20220627,11:33,2784.75,2784.75,2782.00,2783.70,1514,0
HEROMOTOCO,20220627,11:34,2783.70,2783.70,2781.40,2781.70,1638,0
HEROMOTOCO,20220627,11:35,2781.65,2783.00,2780.00,2780.00,2330,0
HEROMOTOCO,20220627,11:36,2780.10,2782.40,2780.00,2782.40,1876,0
HEROMOTOCO,20220627,11:37,2782.05,2783.00,2782.00,2782.25,458,0
HEROMOTOCO,20220627,11:38,2782.85,2782.85,2777.00,2777.00,2577,0
HEROMOTOCO,20220627,11:39,2777.00,2778.20,2771.55,2771.55,4337,0
HEROMOTOCO,20220627,11:40,2774.30,2775.00,2772.60,2773.00,1947,0
HEROMOTOCO,20220627,11:41,2773.80,2775.35,2773.00,2775.35,1016,0
HEROMOTOCO,20220627,11:42,2775.35,2780.80,2775.35,2780.00,7050,0
HEROMOTOCO,20220627,11:43,2779.85,2780.00,2773.75,2774.90,3984,0
HEROMOTOCO,20220627,11:44,2775.05,2776.70,2774.30,2776.45,1171,0
HEROMOTOCO,20220627,11:45,2775.75,2775.90,2774.55,2775.00,1069,0
HEROMOTOCO,20220627,11:46,2775.00,2775.90,2773.00,2775.75,3662,0
HEROMOTOCO,20220627,11:47,2775.85,2775.85,2773.00,2773.10,2814,0
HEROMOTOCO,20220627,11:48,2773.90,2774.25,2770.00,2771.60,8728,0
HEROMOTOCO,20220627,11:49,2771.25,2771.25,2766.85,2768.00,3353,0
HEROMOTOCO,20220627,11:50,2768.15,2768.15,2765.50,2767.00,4892,0
HEROMOTOCO,20220627,11:51,2766.40,2770.95,2766.40,2767.25,3239,0
HEROMOTOCO,20220627,11:52,2767.45,2768.20,2766.50,2767.40,1035,0
HEROMOTOCO,20220627,11:53,2768.10,2769.65,2767.40,2769.45,1343,0
HEROMOTOCO,20220627,11:54,2768.35,2769.60,2766.00,2766.00,4303,0
HEROMOTOCO,20220627,11:55,2766.10,2766.40,2763.05,2766.40,3186,0
HEROMOTOCO,20220627,11:56,2766.25,2766.65,2765.25,2765.45,1623,0
HEROMOTOCO,20220627,11:57,2765.50,2766.05,2764.00,2764.00,2269,0
HEROMOTOCO,20220627,11:58,2765.50,2765.50,2764.20,2765.15,1001,0
HEROMOTOCO,20220627,11:59,2764.60,2766.25,2764.60,2765.95,717,0
HEROMOTOCO,20220627,12:00,2765.90,2769.55,2765.00,2768.45,4837,0
HEROMOTOCO,20220627,12:01,2768.40,2768.40,2766.05,2767.95,1076,0
HEROMOTOCO,20220627,12:02,2767.95,2767.95,2767.20,2767.40,248,0
HEROMOTOCO,20220627,12:03,2767.45,2768.95,2766.05,2766.05,1921,0
HEROMOTOCO,20220627,12:04,2767.20,2767.20,2765.00,2765.05,1150,0
HEROMOTOCO,20220627,12:05,2766.15,2766.25,2763.95,2764.00,1401,0
HEROMOTOCO,20220627,12:06,2765.05,2765.05,2762.00,2763.00,1892,0
HEROMOTOCO,20220627,12:07,2763.00,2766.05,2762.55,2765.35,2419,0
HEROMOTOCO,20220627,12:08,2766.55,2770.60,2765.35,2770.60,2438,0
HEROMOTOCO,20220627,12:09,2770.45,2771.75,2769.65,2770.00,2419,0
HEROMOTOCO,20220627,12:10,2770.00,2771.50,2767.75,2769.90,2300,0
HEROMOTOCO,20220627,12:11,2771.35,2771.35,2766.65,2768.70,1096,0
HEROMOTOCO,20220627,12:12,2768.70,2771.45,2768.40,2769.80,1325,0
HEROMOTOCO,20220627,12:13,2769.05,2769.85,2768.25,2769.85,342,0
HEROMOTOCO,20220627,12:14,2769.00,2770.00,2768.00,2768.65,2127,0
HEROMOTOCO,20220627,12:15,2768.25,2769.20,2768.05,2769.20,707,0
HEROMOTOCO,20220627,12:16,2769.55,2769.55,2768.00,2768.00,504,0
HEROMOTOCO,20220627,12:17,2768.00,2768.35,2768.00,2768.15,577,0
HEROMOTOCO,20220627,12:18,2768.95,2768.95,2765.80,2766.05,1996,0
HEROMOTOCO,20220627,12:19,2766.05,2768.60,2765.45,2768.60,1171,0
HEROMOTOCO,20220627,12:20,2769.15,2769.15,2766.85,2766.95,1059,0
HEROMOTOCO,20220627,12:21,2767.95,2767.95,2766.25,2766.45,812,0
HEROMOTOCO,20220627,12:22,2767.35,2767.70,2766.45,2767.70,596,0
HEROMOTOCO,20220627,12:23,2767.65,2768.45,2766.00,2767.45,2271,0
HEROMOTOCO,20220627,12:24,2767.45,2771.00,2766.40,2770.10,1792,0
HEROMOTOCO,20220627,12:25,2771.30,2771.50,2770.20,2770.55,923,0
HEROMOTOCO,20220627,12:26,2771.45,2772.50,2770.40,2770.40,1668,0
HEROMOTOCO,20220627,12:27,2771.35,2771.70,2770.00,2770.10,409,0
HEROMOTOCO,20220627,12:28,2770.10,2771.95,2770.10,2771.00,737,0
HEROMOTOCO,20220627,12:29,2771.00,2772.25,2770.90,2772.25,1609,0
HEROMOTOCO,20220627,12:30,2771.15,2772.70,2771.05,2772.00,364,0
HEROMOTOCO,20220627,12:31,2772.70,2773.00,2771.45,2772.35,1001,0
HEROMOTOCO,20220627,12:32,2772.70,2776.55,2772.70,2776.25,3294,0
HEROMOTOCO,20220627,12:33,2775.25,2777.40,2775.25,2776.70,914,0
HEROMOTOCO,20220627,12:34,2776.70,2777.45,2776.25,2777.45,724,0
HEROMOTOCO,20220627,12:35,2777.00,2778.50,2777.00,2778.00,1484,0
HEROMOTOCO,20220627,12:36,2777.60,2778.65,2777.00,2777.45,892,0
HEROMOTOCO,20220627,12:37,2777.45,2778.00,2777.05,2777.20,1028,0
HEROMOTOCO,20220627,12:38,2777.20,2778.00,2776.85,2778.00,1023,0
HEROMOTOCO,20220627,12:39,2778.00,2779.00,2777.05,2777.80,1105,0
HEROMOTOCO,20220627,12:40,2777.80,2779.00,2776.65,2778.50,903,0
HEROMOTOCO,20220627,12:41,2778.90,2778.90,2776.35,2777.95,1124,0
HEROMOTOCO,20220627,12:42,2777.05,2777.95,2777.00,2777.05,757,0
HEROMOTOCO,20220627,12:43,2777.05,2777.70,2775.40,2776.70,2184,0
HEROMOTOCO,20220627,12:44,2777.00,2778.00,2776.70,2777.20,1335,0
HEROMOTOCO,20220627,12:45,2776.90,2777.35,2776.00,2777.05,493,0
HEROMOTOCO,20220627,12:46,2778.00,2780.50,2777.45,2780.50,1853,0
HEROMOTOCO,20220627,12:47,2780.50,2782.50,2780.50,2782.00,1150,0
HEROMOTOCO,20220627,12:48,2782.00,2783.00,2779.25,2779.50,1570,0
HEROMOTOCO,20220627,12:49,2779.50,2780.95,2777.15,2777.15,1709,0
HEROMOTOCO,20220627,12:50,2777.15,2778.90,2775.10,2775.75,1328,0
HEROMOTOCO,20220627,12:51,2775.75,2776.95,2775.55,2776.60,713,0
HEROMOTOCO,20220627,12:52,2775.30,2777.00,2775.30,2775.50,882,0
HEROMOTOCO,20220627,12:53,2775.60,2776.95,2775.55,2776.95,641,0
HEROMOTOCO,20220627,12:54,2776.10,2776.90,2775.75,2776.90,802,0
HEROMOTOCO,20220627,12:55,2776.90,2778.70,2776.00,2778.55,1077,0
HEROMOTOCO,20220627,12:56,2777.65,2780.85,2777.65,2778.60,857,0
HEROMOTOCO,20220627,12:57,2779.75,2780.00,2778.65,2778.65,932,0
HEROMOTOCO,20220627,12:58,2778.65,2779.00,2777.05,2777.05,657,0
HEROMOTOCO,20220627,12:59,2776.30,2776.90,2775.00,2775.55,859,0
HEROMOTOCO,20220627,13:00,2776.90,2776.90,2775.00,2775.00,594,0
HEROMOTOCO,20220627,13:01,2775.00,2776.05,2773.75,2776.00,2014,0
HEROMOTOCO,20220627,13:02,2776.45,2776.85,2773.70,2774.35,1130,0
HEROMOTOCO,20220627,13:03,2774.00,2775.75,2773.65,2775.65,687,0
HEROMOTOCO,20220627,13:04,2775.65,2776.65,2775.65,2776.65,706,0
HEROMOTOCO,20220627,13:05,2776.65,2776.65,2774.70,2776.55,1189,0
HEROMOTOCO,20220627,13:06,2776.55,2776.55,2770.90,2773.05,2214,0
HEROMOTOCO,20220627,13:07,2774.00,2776.60,2773.55,2776.60,653,0
HEROMOTOCO,20220627,13:08,2775.65,2776.55,2774.60,2775.00,947,0
HEROMOTOCO,20220627,13:09,2774.65,2775.80,2774.55,2774.80,596,0
HEROMOTOCO,20220627,13:10,2775.80,2775.80,2773.00,2774.40,828,0
HEROMOTOCO,20220627,13:11,2774.25,2777.60,2773.00,2773.00,1583,0
HEROMOTOCO,20220627,13:12,2773.00,2776.00,2773.00,2775.40,1041,0
HEROMOTOCO,20220627,13:13,2776.00,2776.00,2775.00,2775.00,705,0
HEROMOTOCO,20220627,13:14,2774.85,2776.85,2774.35,2775.60,492,0
HEROMOTOCO,20220627,13:15,2775.60,2776.15,2774.40,2774.40,1008,0
HEROMOTOCO,20220627,13:16,2774.10,2776.20,2773.95,2773.95,796,0
HEROMOTOCO,20220627,13:17,2775.05,2775.50,2774.00,2774.00,426,0
HEROMOTOCO,20220627,13:18,2774.15,2774.95,2773.00,2773.15,709,0
HEROMOTOCO,20220627,13:19,2773.10,2774.65,2773.10,2773.50,828,0
HEROMOTOCO,20220627,13:20,2773.20,2774.45,2773.10,2773.10,524,0
HEROMOTOCO,20220627,13:21,2773.10,2774.30,2773.05,2773.25,308,0
HEROMOTOCO,20220627,13:22,2774.00,2774.40,2773.25,2773.35,709,0
HEROMOTOCO,20220627,13:23,2774.40,2774.85,2773.35,2773.55,741,0
HEROMOTOCO,20220627,13:24,2773.50,2774.70,2773.00,2773.45,1004,0
HEROMOTOCO,20220627,13:25,2773.45,2773.45,2771.60,2772.10,680,0
HEROMOTOCO,20220627,13:26,2772.10,2772.10,2771.05,2771.95,1467,0
HEROMOTOCO,20220627,13:27,2771.40,2772.00,2770.10,2771.20,1098,0
HEROMOTOCO,20220627,13:28,2770.20,2771.35,2768.50,2769.80,2216,0
HEROMOTOCO,20220627,13:29,2769.80,2770.00,2768.00,2769.35,1305,0
HEROMOTOCO,20220627,13:30,2769.95,2770.80,2769.95,2770.80,1289,0
HEROMOTOCO,20220627,13:31,2770.20,2770.20,2768.00,2769.75,1166,0
HEROMOTOCO,20220627,13:32,2769.75,2769.90,2769.00,2769.85,855,0
HEROMOTOCO,20220627,13:33,2769.85,2772.30,2769.85,2770.85,1577,0
HEROMOTOCO,20220627,13:34,2771.75,2771.75,2767.40,2769.50,2580,0
HEROMOTOCO,20220627,13:35,2769.50,2770.15,2767.40,2770.00,880,0
HEROMOTOCO,20220627,13:36,2770.00,2773.00,2768.85,2771.45,1829,0
HEROMOTOCO,20220627,13:37,2771.70,2771.70,2768.95,2769.15,1394,0
HEROMOTOCO,20220627,13:38,2769.00,2769.50,2766.25,2767.50,933,0
HEROMOTOCO,20220627,13:39,2767.45,2769.15,2767.00,2768.10,933,0
HEROMOTOCO,20220627,13:40,2768.10,2768.10,2765.05,2766.00,2907,0
HEROMOTOCO,20220627,13:41,2765.20,2767.95,2764.65,2766.05,1055,0
HEROMOTOCO,20220627,13:42,2767.00,2767.05,2765.75,2765.85,967,0
HEROMOTOCO,20220627,13:43,2765.85,2766.80,2765.00,2765.05,824,0
HEROMOTOCO,20220627,13:44,2766.00,2767.05,2765.00,2765.10,1099,0
HEROMOTOCO,20220627,13:45,2766.40,2766.40,2763.80,2764.10,1979,0
HEROMOTOCO,20220627,13:46,2764.05,2764.95,2763.15,2763.15,1172,0
HEROMOTOCO,20220627,13:47,2763.00,2764.95,2763.00,2764.00,1498,0
HEROMOTOCO,20220627,13:48,2764.00,2765.55,2763.00,2764.00,2689,0
HEROMOTOCO,20220627,13:49,2763.00,2765.40,2763.00,2764.90,3701,0
HEROMOTOCO,20220627,13:50,2764.90,2764.95,2763.65,2764.00,786,0
HEROMOTOCO,20220627,13:51,2763.85,2764.70,2763.50,2763.65,1203,0
HEROMOTOCO,20220627,13:52,2763.65,2763.65,2762.00,2763.10,3141,0
HEROMOTOCO,20220627,13:53,2762.05,2762.95,2760.00,2761.65,4983,0
HEROMOTOCO,20220627,13:54,2762.95,2763.10,2755.00,2757.90,21374,0
HEROMOTOCO,20220627,13:55,2757.95,2758.95,2756.55,2758.00,3838,0
HEROMOTOCO,20220627,13:56,2757.70,2758.90,2757.00,2758.00,3471,0
HEROMOTOCO,20220627,13:57,2758.00,2764.75,2758.00,2763.50,2957,0
HEROMOTOCO,20220627,13:58,2764.45,2765.00,2762.75,2764.00,1903,0
HEROMOTOCO,20220627,13:59,2762.85,2764.00,2760.85,2760.85,2302,0
HEROMOTOCO,20220627,14:00,2762.30,2762.30,2754.65,2754.65,9316,0
HEROMOTOCO,20220627,14:01,2754.55,2760.00,2754.15,2759.00,1592,0
HEROMOTOCO,20220627,14:02,2759.00,2759.00,2752.40,2755.00,3413,0
HEROMOTOCO,20220627,14:03,2755.00,2759.00,2751.10,2759.00,4443,0
HEROMOTOCO,20220627,14:04,2759.55,2763.40,2755.05,2757.50,6255,0
HEROMOTOCO,20220627,14:05,2756.85,2761.95,2756.85,2760.30,2365,0
HEROMOTOCO,20220627,14:06,2761.40,2761.40,2758.00,2761.00,2717,0
HEROMOTOCO,20220627,14:07,2761.00,2761.35,2759.00,2760.55,2859,0
HEROMOTOCO,20220627,14:08,2761.00,2761.30,2755.05,2757.95,3573,0
HEROMOTOCO,20220627,14:09,2756.65,2758.00,2751.00,2753.10,5464,0
HEROMOTOCO,20220627,14:10,2753.10,2754.00,2748.05,2752.00,6321,0
HEROMOTOCO,20220627,14:11,2751.15,2754.00,2751.15,2753.55,2795,0
HEROMOTOCO,20220627,14:12,2753.55,2753.70,2748.60,2753.50,3202,0
HEROMOTOCO,20220627,14:13,2752.35,2756.30,2751.35,2751.35,2939,0
HEROMOTOCO,20220627,14:14,2751.00,2754.00,2750.25,2753.95,2502,0
HEROMOTOCO,20220627,14:15,2753.05,2755.00,2751.25,2752.90,2615,0
HEROMOTOCO,20220627,14:16,2753.75,2756.00,2751.65,2755.00,1554,0
HEROMOTOCO,20220627,14:17,2755.00,2756.55,2748.00,2748.90,3968,0
HEROMOTOCO,20220627,14:18,2750.30,2751.45,2749.10,2749.20,1635,0
HEROMOTOCO,20220627,14:19,2749.00,2752.00,2748.15,2750.10,3721,0
HEROMOTOCO,20220627,14:20,2748.40,2750.40,2748.35,2750.40,1492,0
HEROMOTOCO,20220627,14:21,2750.05,2750.05,2745.10,2750.00,2720,0
HEROMOTOCO,20220627,14:22,2751.00,2751.90,2748.65,2749.00,3095,0
HEROMOTOCO,20220627,14:23,2749.10,2750.60,2748.20,2749.20,2008,0
HEROMOTOCO,20220627,14:24,2750.25,2750.25,2745.60,2749.00,2003,0
HEROMOTOCO,20220627,14:25,2749.00,2749.15,2745.55,2746.20,1453,0
HEROMOTOCO,20220627,14:26,2745.55,2745.55,2733.05,2735.55,8866,0
HEROMOTOCO,20220627,14:27,2736.05,2740.85,2735.15,2740.70,5242,0
HEROMOTOCO,20220627,14:28,2739.80,2739.80,2731.35,2732.05,7305,0
HEROMOTOCO,20220627,14:29,2732.00,2737.70,2730.60,2737.70,2856,0
HEROMOTOCO,20220627,14:30,2736.10,2741.20,2736.00,2741.00,2190,0
HEROMOTOCO,20220627,14:31,2741.55,2745.00,2740.20,2743.95,2350,0
HEROMOTOCO,20220627,14:32,2743.90,2745.00,2742.15,2744.60,1505,0
HEROMOTOCO,20220627,14:33,2745.00,2745.00,2744.50,2745.00,760,0
HEROMOTOCO,20220627,14:34,2745.05,2751.00,2745.05,2750.15,4791,0
HEROMOTOCO,20220627,14:35,2750.20,2751.00,2746.40,2747.95,2154,0
HEROMOTOCO,20220627,14:36,2747.95,2748.45,2745.80,2746.95,1329,0
HEROMOTOCO,20220627,14:37,2745.35,2747.00,2744.60,2746.20,1605,0
HEROMOTOCO,20220627,14:38,2746.30,2747.55,2743.05,2743.25,2661,0
HEROMOTOCO,20220627,14:39,2743.50,2744.85,2740.00,2744.85,2626,0
HEROMOTOCO,20220627,14:40,2743.40,2745.00,2740.80,2740.95,2815,0
HEROMOTOCO,20220627,14:41,2740.90,2747.90,2740.90,2746.75,3463,0
HEROMOTOCO,20220627,14:42,2749.00,2749.80,2742.10,2749.00,2713,0
HEROMOTOCO,20220627,14:43,2748.30,2748.85,2744.45,2748.00,1266,0
HEROMOTOCO,20220627,14:44,2748.00,2748.00,2744.00,2745.00,1799,0
HEROMOTOCO,20220627,14:45,2744.35,2745.00,2744.00,2744.00,909,0
HEROMOTOCO,20220627,14:46,2744.20,2748.00,2743.00,2746.95,1085,0
HEROMOTOCO,20220627,14:47,2747.95,2749.35,2747.05,2748.40,1668,0
HEROMOTOCO,20220627,14:48,2749.35,2749.35,2746.80,2748.90,2671,0
HEROMOTOCO,20220627,14:49,2748.90,2752.00,2748.05,2751.70,2629,0
HEROMOTOCO,20220627,14:50,2752.00,2755.00,2749.85,2750.15,4384,0
HEROMOTOCO,20220627,14:51,2752.30,2754.45,2750.20,2753.90,1496,0
HEROMOTOCO,20220627,14:52,2753.90,2756.65,2753.00,2756.05,1770,0
HEROMOTOCO,20220627,14:53,2756.55,2756.65,2753.80,2755.55,1093,0
HEROMOTOCO,20220627,14:54,2756.00,2757.00,2754.75,2755.80,1973,0
HEROMOTOCO,20220627,14:55,2755.20,2755.20,2750.00,2755.10,1181,0
HEROMOTOCO,20220627,14:56,2755.30,2755.30,2751.80,2753.05,1069,0
HEROMOTOCO,20220627,14:57,2753.20,2755.00,2752.10,2752.90,1238,0
HEROMOTOCO,20220627,14:58,2753.75,2755.00,2752.10,2754.95,857,0
HEROMOTOCO,20220627,14:59,2754.95,2755.00,2752.50,2753.15,2138,0
HEROMOTOCO,20220627,15:00,2754.15,2755.00,2753.25,2753.90,967,0
HEROMOTOCO,20220627,15:01,2754.10,2755.00,2751.25,2751.30,1833,0
HEROMOTOCO,20220627,15:02,2751.50,2751.50,2745.00,2745.10,4438,0
HEROMOTOCO,20220627,15:03,2745.15,2751.00,2743.00,2750.15,3126,0
HEROMOTOCO,20220627,15:04,2750.80,2750.95,2749.25,2750.90,2501,0
HEROMOTOCO,20220627,15:05,2750.90,2750.90,2749.10,2750.85,1192,0
HEROMOTOCO,20220627,15:06,2751.90,2753.90,2751.60,2751.75,4728,0
HEROMOTOCO,20220627,15:07,2753.20,2755.00,2751.80,2755.00,2263,0
HEROMOTOCO,20220627,15:08,2755.00,2755.00,2752.60,2754.05,1512,0
HEROMOTOCO,20220627,15:09,2753.50,2755.00,2752.50,2754.40,3075,0
HEROMOTOCO,20220627,15:10,2755.00,2755.00,2752.50,2755.00,4230,0
HEROMOTOCO,20220627,15:11,2755.00,2755.00,2754.05,2754.90,2692,0
HEROMOTOCO,20220627,15:12,2754.05,2757.00,2753.15,2754.80,7580,0
HEROMOTOCO,20220627,15:13,2754.50,2756.95,2753.10,2754.45,2694,0
HEROMOTOCO,20220627,15:14,2753.10,2755.00,2751.35,2752.10,2817,0
HEROMOTOCO,20220627,15:15,2752.10,2755.35,2751.35,2755.35,5104,0
HEROMOTOCO,20220627,15:16,2755.20,2759.50,2752.25,2755.85,13923,0
HEROMOTOCO,20220627,15:17,2756.95,2757.90,2755.40,2757.00,3124,0
HEROMOTOCO,20220627,15:18,2757.45,2759.50,2756.95,2759.50,4177,0
HEROMOTOCO,20220627,15:19,2759.50,2762.65,2758.45,2759.65,7198,0
HEROMOTOCO,20220627,15:20,2760.00,2760.85,2758.75,2760.85,3324,0
HEROMOTOCO,20220627,15:21,2759.55,2760.60,2752.45,2752.45,7787,0
HEROMOTOCO,20220627,15:22,2752.45,2757.95,2752.45,2757.95,2457,0
HEROMOTOCO,20220627,15:23,2757.20,2759.00,2757.20,2759.00,1585,0
HEROMOTOCO,20220627,15:24,2759.00,2760.00,2758.55,2758.60,2842,0
HEROMOTOCO,20220627,15:25,2758.25,2758.45,2755.95,2758.00,2025,0
HEROMOTOCO,20220627,15:26,2757.50,2759.00,2757.30,2758.95,2582,0
HEROMOTOCO,20220627,15:27,2758.70,2760.00,2758.55,2759.95,2541,0
HEROMOTOCO,20220627,15:28,2759.90,2762.00,2759.25,2762.00,3728,0
HEROMOTOCO,20220627,15:29,2760.45,2764.90,2760.00,2761.05,2925,0
HEROMOTOCO,20220627,15:30,2760.10,2766.85,2760.00,2760.00,1843,0
HEROMOTOCO,20220627,15:32,2755.50,2755.50,2755.50,2755.50,0,0
HEROMOTOCO,20220627,15:41,2755.50,2755.50,2755.50,2755.50,5,0
HEROMOTOCO,20220627,16:57,2755.50,2755.50,2755.50,2755.50,0,0
