SIEMENS_F1,20220627,09:16,2354.15,2360.10,2354.15,2360.10,2200,1459425
SIEMENS_F1,20220627,09:17,2366.90,2373.90,2366.90,2373.90,1650,1459425
SIEMENS_F1,20220627,09:18,2373.90,2375.15,2366.65,2366.65,3300,1461625
SIEMENS_F1,20220627,09:19,2366.65,2369.25,2366.65,2369.25,6600,1461625
SIEMENS_F1,20220627,09:20,2365.00,2365.00,2365.00,2365.00,1100,1461625
SIEMENS_F1,20220627,09:21,2367.05,2370.10,2367.05,2370.10,2475,1469050
SIEMENS_F1,20220627,09:22,2367.95,2367.95,2367.90,2367.90,2200,1469050
SIEMENS_F1,20220627,09:23,2369.95,2369.95,2369.95,2369.95,275,1469050
SIEMENS_F1,20220627,09:24,2370.00,2370.00,2370.00,2370.00,1100,1469050
SIEMENS_F1,20220627,09:25,2374.70,2374.75,2374.10,2374.10,6325,1469050
SIEMENS_F1,20220627,09:26,2369.85,2369.85,2369.85,2369.85,275,1469050
SIEMENS_F1,20220627,09:27,2371.60,2371.60,2371.60,2371.60,825,1469050
SIEMENS_F1,20220627,09:28,2369.40,2377.85,2369.40,2377.85,1925,1472625
SIEMENS_F1,20220627,09:30,2377.85,2377.85,2377.85,2377.85,275,1473175
SIEMENS_F1,20220627,09:31,2376.85,2376.85,2376.85,2376.85,1100,1473175
SIEMENS_F1,20220627,09:32,2375.95,2375.95,2375.95,2375.95,1100,1473175
SIEMENS_F1,20220627,09:33,2376.10,2376.10,2376.10,2376.10,275,1473175
SIEMENS_F1,20220627,09:34,2376.10,2376.10,2376.10,2376.10,275,1472900
SIEMENS_F1,20220627,09:36,2377.95,2377.95,2377.95,2377.95,550,1470425
SIEMENS_F1,20220627,09:37,2377.95,2377.95,2377.95,2377.95,275,1470425
SIEMENS_F1,20220627,09:38,2376.50,2376.50,2376.50,2376.50,275,1470425
SIEMENS_F1,20220627,09:40,2376.50,2376.50,2375.55,2375.55,1100,1470425
SIEMENS_F1,20220627,09:43,2375.05,2375.05,2374.40,2374.40,1650,1469325
SIEMENS_F1,20220627,09:44,2374.40,2374.40,2374.00,2374.00,1100,1469325
SIEMENS_F1,20220627,09:47,2374.00,2374.00,2371.55,2371.55,1650,1469050
SIEMENS_F1,20220627,09:48,2371.55,2371.55,2371.55,2371.55,275,1468775
SIEMENS_F1,20220627,09:49,2370.00,2370.00,2370.00,2370.00,550,1468775
SIEMENS_F1,20220627,09:50,2370.00,2370.00,2370.00,2370.00,275,1468775
SIEMENS_F1,20220627,09:51,2367.60,2367.60,2367.60,2367.60,275,1469325
SIEMENS_F1,20220627,09:53,2367.60,2367.60,2367.60,2367.60,275,1469325
SIEMENS_F1,20220627,09:54,2367.60,2367.60,2367.60,2367.60,275,1469325
SIEMENS_F1,20220627,09:55,2367.60,2367.60,2367.60,2367.60,275,1469600
SIEMENS_F1,20220627,09:56,2370.85,2371.75,2370.85,2371.75,1100,1469600
SIEMENS_F1,20220627,09:57,2371.45,2372.70,2370.15,2370.15,1375,1469050
SIEMENS_F1,20220627,09:58,2370.15,2370.15,2370.15,2370.15,550,1469050
SIEMENS_F1,20220627,10:00,2370.15,2370.15,2370.15,2370.15,275,1469050
SIEMENS_F1,20220627,10:01,2372.00,2372.55,2372.00,2372.55,825,1470150
SIEMENS_F1,20220627,10:03,2374.20,2374.20,2374.20,2374.20,825,1470150
SIEMENS_F1,20220627,10:04,2371.50,2371.50,2371.50,2371.50,825,1470150
SIEMENS_F1,20220627,10:06,2378.75,2378.75,2378.75,2378.75,1650,1471525
SIEMENS_F1,20220627,10:07,2378.30,2378.30,2378.30,2378.30,550,1471525
SIEMENS_F1,20220627,10:08,2377.60,2380.00,2377.60,2379.90,4125,1471525
SIEMENS_F1,20220627,10:09,2381.50,2381.50,2381.50,2381.50,275,1473450
SIEMENS_F1,20220627,10:10,2386.00,2388.00,2386.00,2388.00,4950,1473450
SIEMENS_F1,20220627,10:11,2388.00,2388.00,2388.00,2388.00,275,1473450
SIEMENS_F1,20220627,10:12,2388.40,2390.50,2388.40,2390.50,3025,1473725
SIEMENS_F1,20220627,10:13,2390.50,2390.90,2390.50,2390.90,4400,1473725
SIEMENS_F1,20220627,10:14,2392.40,2394.65,2391.95,2392.90,7975,1473725
SIEMENS_F1,20220627,10:15,2395.00,2397.05,2393.15,2393.15,5775,1482525
SIEMENS_F1,20220627,10:16,2395.10,2395.10,2390.00,2390.00,6875,1482525
SIEMENS_F1,20220627,10:17,2390.00,2390.00,2388.10,2388.10,1375,1482525
SIEMENS_F1,20220627,10:18,2389.75,2389.75,2389.75,2389.75,825,1482525
SIEMENS_F1,20220627,10:19,2389.70,2390.00,2389.70,2390.00,1925,1477025
SIEMENS_F1,20220627,10:21,2390.00,2390.00,2390.00,2390.00,275,1477025
SIEMENS_F1,20220627,10:22,2392.60,2392.60,2392.60,2392.60,550,1478400
SIEMENS_F1,20220627,10:23,2390.25,2392.80,2390.25,2392.80,550,1478400
SIEMENS_F1,20220627,10:24,2392.80,2392.80,2392.80,2392.80,1100,1478400
SIEMENS_F1,20220627,10:25,2390.05,2390.05,2390.05,2390.05,550,1478400
SIEMENS_F1,20220627,10:26,2393.20,2393.20,2392.00,2393.00,4125,1478400
SIEMENS_F1,20220627,10:27,2393.00,2393.00,2393.00,2393.00,275,1478400
SIEMENS_F1,20220627,10:28,2393.00,2393.00,2386.30,2386.30,2475,1477300
SIEMENS_F1,20220627,10:29,2386.30,2391.30,2386.30,2391.30,2200,1477300
SIEMENS_F1,20220627,10:30,2392.00,2392.00,2392.00,2392.00,550,1477300
SIEMENS_F1,20220627,10:31,2392.00,2392.00,2391.75,2391.75,3300,1478675
SIEMENS_F1,20220627,10:32,2391.75,2391.75,2391.75,2391.75,550,1478675
SIEMENS_F1,20220627,10:33,2391.75,2392.80,2391.75,2392.80,550,1481150
SIEMENS_F1,20220627,10:34,2393.10,2393.10,2393.10,2393.10,1925,1481150
SIEMENS_F1,20220627,10:35,2394.55,2394.55,2394.55,2394.55,275,1481150
SIEMENS_F1,20220627,10:36,2394.55,2394.55,2393.10,2393.10,550,1481150
SIEMENS_F1,20220627,10:37,2393.10,2393.10,2393.10,2393.10,550,1483350
SIEMENS_F1,20220627,10:38,2393.10,2393.10,2393.10,2393.10,550,1483350
SIEMENS_F1,20220627,10:40,2393.10,2393.10,2393.10,2393.10,550,1483075
SIEMENS_F1,20220627,10:41,2393.10,2393.50,2393.10,2393.50,825,1483075
SIEMENS_F1,20220627,10:42,2395.00,2395.00,2394.50,2394.50,1375,1483075
SIEMENS_F1,20220627,10:43,2393.85,2393.85,2393.85,2393.85,1100,1483350
SIEMENS_F1,20220627,10:44,2393.35,2393.35,2389.35,2389.35,1925,1483350
SIEMENS_F1,20220627,10:45,2388.00,2388.95,2385.00,2388.95,79200,1560625
SIEMENS_F1,20220627,10:46,2388.95,2388.95,2388.05,2388.05,550,1560625
SIEMENS_F1,20220627,10:47,2388.05,2388.05,2388.05,2388.05,275,1560625
SIEMENS_F1,20220627,10:48,2388.05,2388.05,2388.05,2388.05,275,1560625
SIEMENS_F1,20220627,10:49,2388.05,2388.05,2387.90,2387.90,1925,1560900
SIEMENS_F1,20220627,10:50,2385.10,2385.75,2385.10,2385.75,13200,1560900
SIEMENS_F1,20220627,10:51,2382.00,2398.60,2382.00,2398.55,13475,1549350
SIEMENS_F1,20220627,10:52,2392.20,2395.45,2391.00,2395.45,2475,1549350
SIEMENS_F1,20220627,10:53,2395.45,2395.45,2395.45,2395.45,550,1549350
SIEMENS_F1,20220627,10:54,2392.00,2396.85,2392.00,2392.15,9625,1547150
SIEMENS_F1,20220627,10:55,2395.60,2397.40,2395.60,2395.60,5500,1547150
SIEMENS_F1,20220627,10:56,2395.60,2398.05,2395.60,2398.05,550,1547150
SIEMENS_F1,20220627,10:57,2398.05,2398.05,2395.00,2396.80,1375,1541375
SIEMENS_F1,20220627,10:58,2396.80,2396.80,2396.80,2396.80,825,1541375
SIEMENS_F1,20220627,10:59,2396.80,2396.80,2395.00,2395.00,825,1541375
SIEMENS_F1,20220627,11:00,2395.00,2395.00,2395.00,2395.00,275,1541375
SIEMENS_F1,20220627,11:01,2395.00,2395.00,2395.00,2395.00,825,1542475
SIEMENS_F1,20220627,11:02,2395.00,2395.00,2395.00,2395.00,275,1542475
SIEMENS_F1,20220627,11:03,2395.00,2397.75,2395.00,2397.00,5225,1542475
SIEMENS_F1,20220627,11:04,2397.00,2397.00,2397.00,2397.00,275,1543300
SIEMENS_F1,20220627,11:05,2397.00,2398.90,2397.00,2398.90,2200,1543300
SIEMENS_F1,20220627,11:06,2401.30,2401.30,2399.65,2399.85,2750,1543575
SIEMENS_F1,20220627,11:07,2402.35,2402.35,2399.95,2399.95,2750,1543575
SIEMENS_F1,20220627,11:08,2401.00,2401.00,2398.00,2398.00,1650,1543575
SIEMENS_F1,20220627,11:09,2398.00,2398.00,2390.65,2390.65,3575,1543575
SIEMENS_F1,20220627,11:10,2394.30,2395.25,2394.30,2395.25,1375,1544950
SIEMENS_F1,20220627,11:11,2395.25,2395.25,2395.25,2395.25,825,1544950
SIEMENS_F1,20220627,11:12,2395.25,2395.25,2395.25,2395.25,550,1544950
SIEMENS_F1,20220627,11:13,2395.25,2396.00,2395.25,2396.00,139425,1535875
SIEMENS_F1,20220627,11:14,2396.00,2396.00,2396.00,2396.00,550,1535875
SIEMENS_F1,20220627,11:15,2396.00,2396.00,2393.45,2393.45,1650,1535875
SIEMENS_F1,20220627,11:16,2393.45,2393.45,2386.00,2386.00,7425,1675850
SIEMENS_F1,20220627,11:17,2386.95,2387.80,2386.95,2387.80,1925,1675850
SIEMENS_F1,20220627,11:18,2387.80,2389.45,2387.80,2389.45,1100,1682725
SIEMENS_F1,20220627,11:19,2389.45,2389.45,2386.60,2386.60,825,1682725
SIEMENS_F1,20220627,11:20,2388.15,2388.15,2386.35,2386.35,825,1682725
SIEMENS_F1,20220627,11:21,2386.35,2388.75,2386.35,2388.75,8525,1682725
SIEMENS_F1,20220627,11:22,2388.75,2388.75,2388.75,2388.75,275,1690975
SIEMENS_F1,20220627,11:23,2388.75,2388.75,2388.75,2388.75,550,1690975
SIEMENS_F1,20220627,11:24,2387.25,2388.95,2387.25,2388.95,1100,1690975
SIEMENS_F1,20220627,11:25,2388.95,2388.95,2388.95,2388.95,550,1690700
SIEMENS_F1,20220627,11:26,2385.30,2385.30,2382.90,2382.90,1925,1690700
SIEMENS_F1,20220627,11:27,2382.90,2382.90,2381.35,2381.35,825,1691525
SIEMENS_F1,20220627,11:28,2381.35,2382.80,2378.90,2378.90,2200,1691525
SIEMENS_F1,20220627,11:29,2378.90,2378.90,2378.90,2378.90,275,1691525
SIEMENS_F1,20220627,11:30,2378.90,2378.90,2376.05,2376.05,1375,1691525
SIEMENS_F1,20220627,11:31,2377.95,2380.10,2377.15,2380.10,2200,1690700
SIEMENS_F1,20220627,11:32,2380.00,2380.00,2380.00,2380.00,825,1690700
SIEMENS_F1,20220627,11:33,2380.55,2380.55,2380.55,2380.55,550,1690700
SIEMENS_F1,20220627,11:34,2380.55,2380.55,2380.55,2380.55,275,1690700
SIEMENS_F1,20220627,11:35,2380.55,2380.55,2380.55,2380.55,825,1690700
SIEMENS_F1,20220627,11:36,2383.00,2383.00,2383.00,2383.00,550,1690700
SIEMENS_F1,20220627,11:37,2383.00,2383.00,2383.00,2383.00,550,1690700
SIEMENS_F1,20220627,11:38,2383.00,2383.00,2383.00,2383.00,550,1690700
SIEMENS_F1,20220627,11:40,2383.00,2383.05,2383.00,2383.05,550,1690150
SIEMENS_F1,20220627,11:41,2383.05,2383.05,2383.05,2383.05,9075,1690150
SIEMENS_F1,20220627,11:42,2380.60,2380.60,2380.60,2380.60,8525,1690150
SIEMENS_F1,20220627,11:43,2380.60,2380.60,2380.60,2380.60,4400,1706100
SIEMENS_F1,20220627,11:44,2380.60,2380.60,2380.60,2380.60,550,1706100
SIEMENS_F1,20220627,11:45,2384.90,2384.90,2384.90,2384.90,825,1706100
SIEMENS_F1,20220627,11:46,2382.55,2382.90,2382.55,2382.90,1375,1711050
SIEMENS_F1,20220627,11:47,2381.25,2381.60,2381.25,2381.60,1100,1711050
SIEMENS_F1,20220627,11:48,2381.60,2381.80,2381.60,2381.80,1650,1711050
SIEMENS_F1,20220627,11:49,2381.80,2381.80,2381.80,2381.80,550,1713250
SIEMENS_F1,20220627,11:50,2381.80,2381.80,2381.80,2381.80,550,1713250
SIEMENS_F1,20220627,11:51,2381.80,2381.80,2381.80,2381.80,275,1712975
SIEMENS_F1,20220627,11:52,2381.80,2381.80,2381.80,2381.80,550,1712975
SIEMENS_F1,20220627,11:53,2381.80,2381.80,2380.00,2380.00,550,1712975
SIEMENS_F1,20220627,11:54,2380.70,2380.70,2380.70,2380.70,1100,1712975
SIEMENS_F1,20220627,11:55,2377.60,2377.60,2377.60,2377.60,1100,1712700
SIEMENS_F1,20220627,11:56,2377.60,2377.60,2377.60,2377.60,550,1712700
SIEMENS_F1,20220627,11:57,2375.00,2375.15,2374.95,2374.95,1650,1712425
SIEMENS_F1,20220627,11:58,2374.95,2374.95,2374.95,2374.95,550,1712425
SIEMENS_F1,20220627,11:59,2374.95,2374.95,2374.95,2374.95,5225,1712425
SIEMENS_F1,20220627,12:00,2374.95,2374.95,2374.95,2374.95,550,1712425
SIEMENS_F1,20220627,12:01,2374.95,2374.95,2374.95,2374.95,275,1716550
SIEMENS_F1,20220627,12:02,2374.95,2374.95,2374.95,2374.95,825,1716550
SIEMENS_F1,20220627,12:03,2374.95,2374.95,2374.95,2374.95,825,1716550
SIEMENS_F1,20220627,12:04,2374.95,2374.95,2374.95,2374.95,550,1717375
SIEMENS_F1,20220627,12:05,2376.75,2376.75,2372.55,2372.55,2475,1717375
SIEMENS_F1,20220627,12:06,2375.90,2375.90,2374.60,2374.60,1375,1717375
SIEMENS_F1,20220627,12:07,2374.15,2374.80,2374.15,2374.80,825,1713250
SIEMENS_F1,20220627,12:08,2374.80,2374.80,2374.80,2374.80,6325,1713250
SIEMENS_F1,20220627,12:09,2374.80,2375.10,2374.80,2375.10,550,1713250
SIEMENS_F1,20220627,12:10,2375.10,2375.10,2375.10,2375.10,550,1719025
SIEMENS_F1,20220627,12:12,2375.10,2375.10,2372.00,2372.00,1375,1719025
SIEMENS_F1,20220627,12:13,2372.00,2372.00,2372.00,2372.00,550,1719025
SIEMENS_F1,20220627,12:14,2372.00,2372.00,2372.00,2372.00,275,1719025
SIEMENS_F1,20220627,12:15,2372.00,2372.00,2367.15,2367.15,2475,1719025
SIEMENS_F1,20220627,12:16,2367.15,2370.40,2367.15,2368.00,1100,1718475
SIEMENS_F1,20220627,12:17,2368.00,2368.00,2368.00,2368.00,550,1718475
SIEMENS_F1,20220627,12:18,2368.00,2368.00,2368.00,2368.00,825,1714075
SIEMENS_F1,20220627,12:19,2368.00,2370.00,2368.00,2370.00,1100,1714075
SIEMENS_F1,20220627,12:20,2370.00,2370.00,2370.00,2370.00,550,1714075
SIEMENS_F1,20220627,12:21,2370.75,2370.75,2370.75,2370.75,825,1714075
SIEMENS_F1,20220627,12:22,2370.85,2370.85,2370.85,2370.85,825,1714900
SIEMENS_F1,20220627,12:23,2370.85,2370.85,2370.85,2370.85,550,1714900
SIEMENS_F1,20220627,12:24,2370.50,2370.50,2370.50,2370.50,550,1714900
SIEMENS_F1,20220627,12:25,2370.50,2371.55,2370.50,2371.55,825,1714900
SIEMENS_F1,20220627,12:26,2372.40,2373.40,2372.40,2373.30,1100,1714900
SIEMENS_F1,20220627,12:27,2373.30,2373.30,2373.30,2373.30,275,1714900
SIEMENS_F1,20220627,12:28,2373.30,2373.30,2373.30,2373.30,550,1715725
SIEMENS_F1,20220627,12:29,2373.30,2373.30,2373.30,2373.30,825,1715725
SIEMENS_F1,20220627,12:30,2373.30,2373.30,2371.55,2371.55,4950,1715725
SIEMENS_F1,20220627,12:31,2371.55,2371.70,2371.55,2371.70,825,1716275
SIEMENS_F1,20220627,12:32,2371.70,2372.45,2371.70,2372.45,1100,1716275
SIEMENS_F1,20220627,12:33,2372.45,2372.45,2370.45,2370.45,1100,1716275
SIEMENS_F1,20220627,12:34,2370.45,2371.20,2370.45,2371.20,550,1722875
SIEMENS_F1,20220627,12:35,2371.20,2371.20,2371.20,2371.20,825,1722875
SIEMENS_F1,20220627,12:36,2371.20,2375.15,2371.20,2375.15,1100,1722875
SIEMENS_F1,20220627,12:37,2375.15,2375.15,2375.15,2375.15,550,1723150
SIEMENS_F1,20220627,12:38,2375.15,2375.15,2373.00,2375.00,6325,1723150
SIEMENS_F1,20220627,12:39,2375.00,2377.00,2375.00,2377.00,1100,1723150
SIEMENS_F1,20220627,12:40,2377.00,2377.00,2377.00,2377.00,550,1632675
SIEMENS_F1,20220627,12:41,2375.25,2375.25,2375.25,2375.25,825,1632675
SIEMENS_F1,20220627,12:42,2375.25,2376.70,2375.25,2376.70,7425,1632675
SIEMENS_F1,20220627,12:43,2376.70,2376.70,2376.70,2376.70,275,1632675
SIEMENS_F1,20220627,12:44,2376.70,2376.70,2376.70,2376.70,550,1640375
SIEMENS_F1,20220627,12:45,2376.70,2376.70,2376.70,2376.70,275,1640375
SIEMENS_F1,20220627,12:46,2376.70,2376.70,2376.70,2376.70,4400,1640650
SIEMENS_F1,20220627,12:47,2376.70,2376.70,2376.70,2376.70,550,1640650
SIEMENS_F1,20220627,12:48,2377.10,2377.10,2377.10,2377.10,1375,1640650
SIEMENS_F1,20220627,12:49,2377.10,2377.10,2377.10,2377.10,4950,1645325
SIEMENS_F1,20220627,12:51,2377.10,2377.10,2377.10,2377.10,1100,1645325
SIEMENS_F1,20220627,12:52,2377.10,2377.10,2377.10,2377.10,1100,1649725
SIEMENS_F1,20220627,12:53,2377.10,2377.10,2377.10,2377.10,4125,1649725
SIEMENS_F1,20220627,12:54,2377.10,2377.10,2377.10,2377.10,275,1649725
SIEMENS_F1,20220627,12:55,2376.40,2376.40,2376.40,2376.40,825,1653300
SIEMENS_F1,20220627,12:56,2376.40,2376.40,2376.40,2376.40,550,1653300
SIEMENS_F1,20220627,12:57,2376.40,2376.40,2376.40,2376.40,550,1653300
SIEMENS_F1,20220627,12:58,2376.40,2376.40,2376.40,2376.40,275,1654675
SIEMENS_F1,20220627,12:59,2377.15,2377.15,2377.00,2377.00,2750,1654675
SIEMENS_F1,20220627,13:00,2377.00,2377.00,2377.00,2377.00,550,1654675
SIEMENS_F1,20220627,13:01,2377.00,2377.00,2377.00,2377.00,3850,1654950
SIEMENS_F1,20220627,13:02,2377.00,2377.00,2377.00,2377.00,825,1654950
SIEMENS_F1,20220627,13:03,2379.60,2379.60,2377.05,2377.05,4400,1654950
SIEMENS_F1,20220627,13:04,2377.05,2377.05,2377.05,2377.05,275,1659350
SIEMENS_F1,20220627,13:05,2377.05,2377.05,2377.05,2377.05,550,1659350
SIEMENS_F1,20220627,13:06,2377.05,2377.05,2377.05,2377.05,1100,1659350
SIEMENS_F1,20220627,13:07,2377.05,2377.05,2377.05,2377.05,825,1658525
SIEMENS_F1,20220627,13:08,2377.05,2377.05,2377.05,2377.05,1100,1658525
SIEMENS_F1,20220627,13:09,2377.05,2377.05,2377.05,2377.05,550,1658525
SIEMENS_F1,20220627,13:10,2377.05,2377.05,2376.85,2376.85,550,1659900
SIEMENS_F1,20220627,13:11,2376.85,2376.85,2376.85,2376.85,16500,1659900
SIEMENS_F1,20220627,13:12,2376.85,2376.85,2376.85,2376.85,550,1659900
SIEMENS_F1,20220627,13:13,2376.15,2376.15,2374.45,2374.45,1100,1676675
SIEMENS_F1,20220627,13:14,2374.45,2374.45,2374.45,2374.45,550,1676675
SIEMENS_F1,20220627,13:15,2374.45,2374.45,2374.45,2374.45,550,1676675
SIEMENS_F1,20220627,13:16,2374.45,2374.45,2374.45,2374.45,550,1678875
SIEMENS_F1,20220627,13:17,2374.45,2377.15,2374.45,2377.15,825,1678875
SIEMENS_F1,20220627,13:18,2377.15,2377.15,2377.15,2377.15,275,1678875
SIEMENS_F1,20220627,13:19,2377.15,2377.15,2377.15,2377.15,1100,1679700
SIEMENS_F1,20220627,13:20,2377.75,2377.75,2377.75,2377.75,1100,1679700
SIEMENS_F1,20220627,13:21,2377.75,2377.75,2377.75,2377.75,550,1679700
SIEMENS_F1,20220627,13:22,2376.20,2376.20,2376.20,2376.20,550,1680525
SIEMENS_F1,20220627,13:23,2376.20,2376.80,2376.20,2376.80,825,1680525
SIEMENS_F1,20220627,13:24,2376.80,2376.80,2376.80,2376.80,275,1680525
SIEMENS_F1,20220627,13:25,2376.80,2376.80,2376.80,2376.80,825,1680800
SIEMENS_F1,20220627,13:26,2376.80,2376.80,2376.80,2376.80,1100,1680800
SIEMENS_F1,20220627,13:27,2376.80,2376.80,2376.80,2376.80,275,1680800
SIEMENS_F1,20220627,13:28,2376.80,2376.80,2376.80,2376.80,550,1682725
SIEMENS_F1,20220627,13:29,2376.80,2376.80,2376.80,2376.80,550,1682725
SIEMENS_F1,20220627,13:30,2376.80,2376.80,2376.80,2376.80,825,1682725
SIEMENS_F1,20220627,13:31,2376.80,2376.80,2376.80,2376.80,550,1683275
SIEMENS_F1,20220627,13:32,2376.80,2376.80,2372.85,2372.85,2750,1683275
SIEMENS_F1,20220627,13:33,2372.85,2372.85,2372.85,2372.85,825,1683275
SIEMENS_F1,20220627,13:34,2373.45,2373.45,2373.45,2373.45,550,1684925
SIEMENS_F1,20220627,13:35,2372.80,2372.80,2372.80,2372.80,1650,1684925
SIEMENS_F1,20220627,13:36,2372.80,2374.95,2372.80,2374.95,1375,1684925
SIEMENS_F1,20220627,13:37,2374.95,2375.10,2374.95,2375.10,1375,1686300
SIEMENS_F1,20220627,13:38,2375.10,2375.10,2373.55,2373.55,825,1686300
SIEMENS_F1,20220627,13:39,2373.55,2373.55,2373.55,2373.55,1100,1686300
SIEMENS_F1,20220627,13:40,2373.55,2373.55,2373.55,2373.55,825,1686300
SIEMENS_F1,20220627,13:42,2373.55,2373.55,2373.55,2373.55,550,1688225
SIEMENS_F1,20220627,13:43,2373.55,2373.55,2373.55,2373.55,550,1689325
SIEMENS_F1,20220627,13:44,2373.55,2373.55,2373.55,2373.55,550,1689325
SIEMENS_F1,20220627,13:45,2373.55,2373.55,2373.55,2373.55,550,1689325
SIEMENS_F1,20220627,13:46,2371.15,2373.50,2371.15,2373.50,1650,1688775
SIEMENS_F1,20220627,13:47,2373.55,2373.55,2373.55,2373.55,1100,1688775
SIEMENS_F1,20220627,13:48,2373.55,2373.65,2373.55,2373.65,825,1688775
SIEMENS_F1,20220627,13:49,2373.65,2374.05,2373.65,2374.05,550,1690150
SIEMENS_F1,20220627,13:50,2374.05,2374.05,2371.80,2371.80,1650,1690150
SIEMENS_F1,20220627,13:51,2371.80,2371.80,2367.75,2367.75,2475,1690150
SIEMENS_F1,20220627,13:52,2367.75,2370.50,2367.75,2370.50,1375,1690425
SIEMENS_F1,20220627,13:53,2370.50,2370.50,2370.50,2370.50,550,1690425
SIEMENS_F1,20220627,13:54,2370.50,2372.30,2370.50,2372.30,1375,1690425
SIEMENS_F1,20220627,13:55,2372.30,2372.30,2372.30,2372.30,275,1690425
SIEMENS_F1,20220627,13:56,2372.30,2372.30,2372.30,2372.30,1100,1691250
SIEMENS_F1,20220627,13:57,2372.30,2372.30,2372.30,2372.30,825,1691250
SIEMENS_F1,20220627,13:58,2372.30,2372.30,2372.30,2372.30,275,1691250
SIEMENS_F1,20220627,13:59,2372.00,2372.00,2372.00,2372.00,1100,1693175
SIEMENS_F1,20220627,14:00,2372.00,2372.00,2370.10,2370.10,825,1693175
SIEMENS_F1,20220627,14:01,2370.10,2370.10,2370.10,2370.10,1100,1694000
SIEMENS_F1,20220627,14:02,2370.10,2370.10,2370.10,2370.10,275,1694000
SIEMENS_F1,20220627,14:03,2370.10,2370.10,2369.85,2369.85,1375,1694000
SIEMENS_F1,20220627,14:04,2369.85,2371.35,2369.00,2369.00,1100,1694550
SIEMENS_F1,20220627,14:05,2369.00,2370.15,2368.75,2370.15,1650,1694550
SIEMENS_F1,20220627,14:06,2370.80,2370.80,2370.80,2370.80,1100,1694550
SIEMENS_F1,20220627,14:07,2370.80,2370.80,2370.80,2370.80,825,1694550
SIEMENS_F1,20220627,14:08,2367.00,2367.00,2365.00,2365.00,4675,1644500
SIEMENS_F1,20220627,14:09,2365.00,2365.00,2360.65,2360.70,3025,1644500
SIEMENS_F1,20220627,14:10,2362.95,2362.95,2360.75,2362.25,1925,1647525
SIEMENS_F1,20220627,14:11,2362.25,2362.25,2362.25,2362.25,275,1647525
SIEMENS_F1,20220627,14:12,2365.00,2369.20,2365.00,2369.20,1925,1647525
SIEMENS_F1,20220627,14:13,2369.20,2369.20,2369.20,2369.20,550,1648075
SIEMENS_F1,20220627,14:14,2369.20,2369.20,2369.20,2369.20,550,1648075
SIEMENS_F1,20220627,14:15,2369.20,2369.20,2369.20,2369.20,825,1648075
SIEMENS_F1,20220627,14:16,2367.00,2370.20,2367.00,2370.20,3025,1648350
SIEMENS_F1,20220627,14:17,2370.20,2370.20,2370.20,2370.20,275,1648350
SIEMENS_F1,20220627,14:18,2370.20,2370.20,2370.20,2370.20,825,1648350
SIEMENS_F1,20220627,14:19,2372.00,2372.90,2372.00,2372.90,1100,1648900
SIEMENS_F1,20220627,14:20,2372.90,2372.90,2369.75,2369.75,2475,1648900
SIEMENS_F1,20220627,14:21,2369.75,2370.85,2369.75,2370.85,550,1648900
SIEMENS_F1,20220627,14:22,2370.85,2370.85,2370.85,2370.85,1100,1649725
SIEMENS_F1,20220627,14:23,2370.85,2370.85,2370.45,2370.45,1650,1649725
SIEMENS_F1,20220627,14:24,2370.45,2370.45,2369.70,2369.70,1650,1649725
SIEMENS_F1,20220627,14:25,2369.70,2369.70,2369.70,2369.70,825,1651925
SIEMENS_F1,20220627,14:26,2369.65,2369.65,2369.65,2369.65,1650,1651925
SIEMENS_F1,20220627,14:27,2369.65,2369.65,2369.65,2369.65,825,1651925
SIEMENS_F1,20220627,14:28,2369.65,2369.65,2365.30,2365.30,1650,1655225
SIEMENS_F1,20220627,14:29,2365.30,2365.30,2365.25,2365.25,2750,1655225
SIEMENS_F1,20220627,14:30,2365.25,2366.50,2365.25,2366.50,1375,1655225
SIEMENS_F1,20220627,14:31,2366.50,2366.55,2366.50,2366.55,1375,1655225
SIEMENS_F1,20220627,14:32,2366.55,2366.55,2366.55,2366.55,1100,1655225
SIEMENS_F1,20220627,14:33,2366.55,2368.95,2366.55,2368.95,1375,1655225
SIEMENS_F1,20220627,14:34,2368.95,2368.95,2368.95,2368.95,1100,1655225
SIEMENS_F1,20220627,14:35,2368.95,2368.95,2368.95,2368.95,825,1653850
SIEMENS_F1,20220627,14:36,2368.95,2368.95,2364.45,2364.45,2200,1653850
SIEMENS_F1,20220627,14:37,2364.45,2364.95,2364.45,2364.95,1925,1656875
SIEMENS_F1,20220627,14:38,2364.95,2367.00,2364.95,2367.00,825,1656875
SIEMENS_F1,20220627,14:39,2367.00,2367.00,2367.00,2367.00,1100,1656875
SIEMENS_F1,20220627,14:40,2367.00,2367.00,2365.90,2365.90,1100,1659900
SIEMENS_F1,20220627,14:41,2367.10,2367.10,2367.10,2367.10,1100,1659900
SIEMENS_F1,20220627,14:42,2367.10,2367.10,2367.10,2367.10,825,1659900
SIEMENS_F1,20220627,14:43,2367.10,2367.60,2367.10,2367.60,1375,1663200
SIEMENS_F1,20220627,14:44,2367.60,2367.60,2364.50,2364.50,1100,1663200
SIEMENS_F1,20220627,14:45,2364.50,2364.50,2364.50,2364.50,1100,1663200
SIEMENS_F1,20220627,14:46,2364.50,2368.95,2363.75,2368.95,28875,1678875
SIEMENS_F1,20220627,14:47,2368.95,2371.00,2368.95,2371.00,9075,1678875
SIEMENS_F1,20220627,14:48,2372.30,2374.50,2372.30,2374.50,1375,1678875
SIEMENS_F1,20220627,14:49,2374.50,2378.30,2374.50,2375.90,1925,1697025
SIEMENS_F1,20220627,14:50,2373.40,2373.40,2373.40,2373.40,2200,1697025
SIEMENS_F1,20220627,14:51,2373.40,2373.40,2373.40,2373.40,825,1697025
SIEMENS_F1,20220627,14:52,2373.40,2373.40,2373.40,2373.40,1375,1697025
SIEMENS_F1,20220627,14:53,2373.40,2373.40,2373.40,2373.40,550,1700600
SIEMENS_F1,20220627,14:54,2373.40,2373.40,2373.40,2373.40,1650,1700600
SIEMENS_F1,20220627,14:55,2373.40,2373.40,2373.40,2373.40,1100,1702250
SIEMENS_F1,20220627,14:56,2373.40,2373.40,2370.00,2370.00,1100,1702250
SIEMENS_F1,20220627,14:57,2370.00,2370.00,2370.00,2370.00,1100,1702250
SIEMENS_F1,20220627,14:58,2370.00,2370.55,2370.00,2370.55,1650,1705825
SIEMENS_F1,20220627,14:59,2370.55,2370.55,2370.55,2370.55,825,1705825
SIEMENS_F1,20220627,15:00,2370.55,2372.40,2370.55,2372.40,1650,1705825
SIEMENS_F1,20220627,15:01,2372.40,2372.40,2370.35,2370.35,1375,1708025
SIEMENS_F1,20220627,15:02,2370.35,2370.35,2368.65,2368.65,1650,1708025
SIEMENS_F1,20220627,15:03,2368.65,2368.65,2368.65,2368.65,1100,1708025
SIEMENS_F1,20220627,15:04,2368.65,2368.65,2368.45,2368.45,1375,1709675
SIEMENS_F1,20220627,15:05,2368.45,2368.45,2368.45,2368.45,1100,1709675
SIEMENS_F1,20220627,15:06,2368.45,2368.45,2368.45,2368.45,550,1709675
SIEMENS_F1,20220627,15:07,2368.45,2368.45,2368.45,2368.45,1650,1709675
SIEMENS_F1,20220627,15:08,2368.45,2368.45,2368.45,2368.45,550,1712150
SIEMENS_F1,20220627,15:09,2368.45,2368.45,2368.45,2368.45,825,1712150
SIEMENS_F1,20220627,15:10,2368.45,2368.45,2368.45,2368.45,825,1711875
SIEMENS_F1,20220627,15:11,2368.45,2368.45,2368.45,2368.45,2750,1711875
SIEMENS_F1,20220627,15:12,2375.00,2375.50,2375.00,2375.50,3025,1711875
SIEMENS_F1,20220627,15:13,2375.50,2375.50,2375.50,2375.50,550,1716275
SIEMENS_F1,20220627,15:14,2377.30,2377.30,2375.50,2376.80,2475,1716275
SIEMENS_F1,20220627,15:15,2376.80,2376.80,2376.80,2376.80,275,1716275
SIEMENS_F1,20220627,15:16,2378.15,2378.15,2377.00,2377.00,3575,1718475
SIEMENS_F1,20220627,15:17,2377.00,2377.00,2374.60,2374.60,1925,1718475
SIEMENS_F1,20220627,15:18,2376.95,2377.70,2375.35,2375.35,5500,1718475
SIEMENS_F1,20220627,15:19,2375.35,2375.35,2375.35,2375.35,1100,1716550
SIEMENS_F1,20220627,15:20,2375.25,2375.25,2374.05,2374.05,1650,1716550
SIEMENS_F1,20220627,15:21,2376.00,2376.00,2376.00,2376.00,550,1716550
SIEMENS_F1,20220627,15:22,2375.00,2375.00,2375.00,2375.00,3850,1719300
SIEMENS_F1,20220627,15:23,2377.40,2377.40,2377.20,2377.20,1375,1719300
SIEMENS_F1,20220627,15:24,2377.20,2377.20,2377.20,2377.20,825,1719300
SIEMENS_F1,20220627,15:25,2377.20,2377.20,2374.30,2374.30,1100,1723700
SIEMENS_F1,20220627,15:26,2374.10,2374.10,2373.35,2373.35,825,1723700
SIEMENS_F1,20220627,15:27,2371.70,2371.70,2371.70,2371.70,275,1723700
SIEMENS_F1,20220627,15:28,2372.05,2374.30,2372.05,2374.30,550,1723700
SIEMENS_F1,20220627,15:29,2373.25,2373.25,2371.00,2371.00,1100,1724250
SIEMENS_F1,20220627,15:30,2370.05,2372.90,2370.05,2372.90,825,1724250
SIEMENS_F1,20220627,18:28,2373.45,2373.45,2373.45,2373.45,1,873950
