ASHOKLEY,20221229,09:08,142.00,142.00,142.00,142.00,16092,0
ASHOKLEY,20221229,09:16,142.50,143.10,142.40,142.50,78794,0
ASHOKLEY,20221229,09:17,142.55,142.75,142.50,142.55,32460,0
ASHOKLEY,20221229,09:18,142.65,142.85,142.45,142.85,58137,0
ASHOKLEY,20221229,09:19,142.80,143.40,142.80,143.40,37077,0
ASHOKLEY,20221229,09:20,143.40,143.45,143.00,143.00,24507,0
ASHOKLEY,20221229,09:21,143.00,143.00,142.25,142.35,35567,0
ASHOKLEY,20221229,09:22,142.35,142.60,142.30,142.60,30001,0
ASHOKLEY,20221229,09:23,142.80,142.90,142.75,142.90,19574,0
ASHOKLEY,20221229,09:24,142.90,143.00,142.80,143.00,14363,0
ASHOKLEY,20221229,09:25,143.00,143.05,142.95,143.05,10735,0
ASHOKLEY,20221229,09:26,143.05,143.45,143.05,143.10,34587,0
ASHOKLEY,20221229,09:27,143.05,143.10,142.75,142.95,24804,0
ASHOKLEY,20221229,09:28,142.95,143.10,142.95,143.10,11708,0
ASHOKLEY,20221229,09:29,143.15,143.40,143.05,143.05,59850,0
ASHOKLEY,20221229,09:30,143.05,143.40,143.05,143.40,51705,0
ASHOKLEY,20221229,09:31,143.40,143.45,143.30,143.35,21863,0
ASHOKLEY,20221229,09:32,143.30,143.50,143.30,143.45,16699,0
ASHOKLEY,20221229,09:33,143.40,143.50,143.35,143.40,13160,0
ASHOKLEY,20221229,09:34,143.35,143.45,143.30,143.30,11005,0
ASHOKLEY,20221229,09:35,143.35,143.40,143.20,143.25,25781,0
ASHOKLEY,20221229,09:36,143.35,143.35,143.10,143.10,5843,0
ASHOKLEY,20221229,09:37,143.15,143.20,143.00,143.00,21829,0
ASHOKLEY,20221229,09:38,143.00,143.30,142.95,143.30,38895,0
ASHOKLEY,20221229,09:39,143.20,143.30,143.20,143.20,4620,0
ASHOKLEY,20221229,09:40,143.25,143.30,143.20,143.25,11459,0
ASHOKLEY,20221229,09:41,143.30,143.30,143.05,143.05,4849,0
ASHOKLEY,20221229,09:42,143.05,143.10,143.00,143.10,13523,0
ASHOKLEY,20221229,09:43,143.15,143.15,143.00,143.10,7661,0
ASHOKLEY,20221229,09:44,143.15,143.40,143.15,143.40,22141,0
ASHOKLEY,20221229,09:45,143.35,143.50,143.35,143.50,18851,0
ASHOKLEY,20221229,09:46,143.35,143.45,143.30,143.30,6280,0
ASHOKLEY,20221229,09:47,143.40,143.60,143.30,143.50,38748,0
ASHOKLEY,20221229,09:48,143.45,143.75,143.45,143.55,46543,0
ASHOKLEY,20221229,09:49,143.65,143.65,143.50,143.65,14462,0
ASHOKLEY,20221229,09:50,143.70,143.70,143.50,143.60,9783,0
ASHOKLEY,20221229,09:51,143.60,143.65,143.50,143.55,5907,0
ASHOKLEY,20221229,09:52,143.55,143.75,143.55,143.65,14822,0
ASHOKLEY,20221229,09:53,143.70,143.75,143.50,143.60,8767,0
ASHOKLEY,20221229,09:54,143.50,143.60,143.50,143.60,6174,0
ASHOKLEY,20221229,09:55,143.55,143.60,143.55,143.60,5799,0
ASHOKLEY,20221229,09:56,143.55,143.65,143.55,143.55,2413,0
ASHOKLEY,20221229,09:57,143.55,143.60,143.50,143.60,4246,0
ASHOKLEY,20221229,09:58,143.60,143.70,143.55,143.70,13251,0
ASHOKLEY,20221229,09:59,143.70,143.75,143.60,143.70,6094,0
ASHOKLEY,20221229,10:00,143.75,143.75,143.60,143.65,12488,0
ASHOKLEY,20221229,10:01,143.60,143.65,143.50,143.60,8891,0
ASHOKLEY,20221229,10:02,143.50,143.60,143.45,143.45,12024,0
ASHOKLEY,20221229,10:03,143.55,143.55,143.40,143.45,16373,0
ASHOKLEY,20221229,10:04,143.55,143.55,143.45,143.50,6020,0
ASHOKLEY,20221229,10:05,143.55,143.55,143.45,143.45,6053,0
ASHOKLEY,20221229,10:06,143.55,143.55,143.40,143.50,24017,0
ASHOKLEY,20221229,10:07,143.50,143.50,143.30,143.30,12907,0
ASHOKLEY,20221229,10:08,143.35,143.40,143.15,143.15,22408,0
ASHOKLEY,20221229,10:09,143.25,143.30,143.10,143.25,26751,0
ASHOKLEY,20221229,10:10,143.25,143.25,143.05,143.05,18101,0
ASHOKLEY,20221229,10:11,143.10,143.10,142.80,142.85,49432,0
ASHOKLEY,20221229,10:12,142.85,142.85,142.75,142.80,29335,0
ASHOKLEY,20221229,10:13,142.70,142.85,142.70,142.70,15575,0
ASHOKLEY,20221229,10:14,142.70,143.05,142.70,143.00,13385,0
ASHOKLEY,20221229,10:15,143.00,143.10,142.95,143.05,4467,0
ASHOKLEY,20221229,10:16,143.05,143.20,143.05,143.10,13653,0
ASHOKLEY,20221229,10:17,143.20,143.20,143.10,143.20,1791,0
ASHOKLEY,20221229,10:18,143.15,143.20,143.15,143.15,1500,0
ASHOKLEY,20221229,10:19,143.20,143.25,143.00,143.10,25463,0
ASHOKLEY,20221229,10:20,143.10,143.15,143.00,143.10,13787,0
ASHOKLEY,20221229,10:21,143.10,143.10,142.95,142.95,20877,0
ASHOKLEY,20221229,10:22,143.05,143.25,142.95,143.25,9314,0
ASHOKLEY,20221229,10:23,143.20,143.25,143.15,143.25,21121,0
ASHOKLEY,20221229,10:24,143.25,143.65,143.25,143.65,88503,0
ASHOKLEY,20221229,10:25,143.70,143.75,143.50,143.65,23517,0
ASHOKLEY,20221229,10:26,143.75,143.85,143.65,143.70,24390,0
ASHOKLEY,20221229,10:27,143.75,143.90,143.65,143.65,56496,0
ASHOKLEY,20221229,10:28,143.65,143.65,143.50,143.55,10525,0
ASHOKLEY,20221229,10:29,143.55,143.55,143.45,143.45,23813,0
ASHOKLEY,20221229,10:30,143.55,143.60,143.45,143.60,7481,0
ASHOKLEY,20221229,10:31,143.60,143.60,143.50,143.60,13522,0
ASHOKLEY,20221229,10:32,143.60,143.60,143.45,143.55,48805,0
ASHOKLEY,20221229,10:33,143.50,143.60,143.45,143.45,41314,0
ASHOKLEY,20221229,10:34,143.50,143.55,143.45,143.55,31595,0
ASHOKLEY,20221229,10:35,143.45,143.70,143.45,143.65,28171,0
ASHOKLEY,20221229,10:36,143.55,143.65,143.50,143.65,6379,0
ASHOKLEY,20221229,10:37,143.60,143.70,143.55,143.65,11546,0
ASHOKLEY,20221229,10:38,143.60,143.60,143.45,143.55,12581,0
ASHOKLEY,20221229,10:39,143.50,143.55,143.45,143.55,6853,0
ASHOKLEY,20221229,10:40,143.45,143.60,143.45,143.50,18953,0
ASHOKLEY,20221229,10:41,143.50,143.65,143.50,143.65,35075,0
ASHOKLEY,20221229,10:42,143.60,143.65,143.55,143.55,8487,0
ASHOKLEY,20221229,10:43,143.65,143.65,143.45,143.45,15210,0
ASHOKLEY,20221229,10:44,143.55,143.60,143.50,143.60,12357,0
ASHOKLEY,20221229,10:45,143.55,143.65,143.50,143.65,11066,0
ASHOKLEY,20221229,10:46,143.60,143.65,143.50,143.55,3593,0
ASHOKLEY,20221229,10:47,143.65,143.65,143.50,143.55,7124,0
ASHOKLEY,20221229,10:48,143.55,143.60,143.45,143.60,7756,0
ASHOKLEY,20221229,10:49,143.60,143.65,143.55,143.60,3236,0
ASHOKLEY,20221229,10:50,143.65,143.65,143.60,143.60,3753,0
ASHOKLEY,20221229,10:51,143.60,143.60,143.50,143.60,6216,0
ASHOKLEY,20221229,10:52,143.60,143.60,143.50,143.60,16489,0
ASHOKLEY,20221229,10:53,143.60,143.60,143.45,143.55,2796,0
ASHOKLEY,20221229,10:54,143.45,143.60,143.45,143.60,3800,0
ASHOKLEY,20221229,10:55,143.60,143.60,143.45,143.55,23678,0
ASHOKLEY,20221229,10:56,143.50,143.65,143.45,143.55,17217,0
ASHOKLEY,20221229,10:57,143.65,143.65,143.55,143.60,4824,0
ASHOKLEY,20221229,10:58,143.50,143.60,143.50,143.55,2505,0
ASHOKLEY,20221229,10:59,143.55,143.60,143.50,143.60,2873,0
ASHOKLEY,20221229,11:00,143.55,143.60,143.40,143.60,15288,0
ASHOKLEY,20221229,11:01,143.60,143.60,143.50,143.60,1501,0
ASHOKLEY,20221229,11:02,143.60,143.60,143.50,143.60,3565,0
ASHOKLEY,20221229,11:03,143.60,143.60,143.40,143.45,28129,0
ASHOKLEY,20221229,11:04,143.45,143.50,143.45,143.50,9360,0
ASHOKLEY,20221229,11:05,143.50,143.50,143.45,143.50,1296,0
ASHOKLEY,20221229,11:06,143.50,143.50,143.50,143.50,4144,0
ASHOKLEY,20221229,11:07,143.50,143.50,143.45,143.50,18728,0
ASHOKLEY,20221229,11:08,143.50,143.60,143.45,143.60,25660,0
ASHOKLEY,20221229,11:09,143.60,143.60,143.50,143.60,6001,0
ASHOKLEY,20221229,11:10,143.60,143.60,143.50,143.55,6852,0
ASHOKLEY,20221229,11:11,143.50,143.55,143.45,143.55,8008,0
ASHOKLEY,20221229,11:12,143.55,143.60,143.45,143.55,6007,0
ASHOKLEY,20221229,11:13,143.55,143.55,143.50,143.55,3020,0
ASHOKLEY,20221229,11:14,143.50,143.55,143.45,143.45,14156,0
ASHOKLEY,20221229,11:15,143.45,143.45,143.40,143.45,6259,0
ASHOKLEY,20221229,11:16,143.45,143.45,143.40,143.45,16696,0
ASHOKLEY,20221229,11:17,143.45,143.50,143.30,143.40,12832,0
ASHOKLEY,20221229,11:18,143.40,143.40,143.30,143.40,10986,0
ASHOKLEY,20221229,11:19,143.30,143.40,143.30,143.35,1306,0
ASHOKLEY,20221229,11:20,143.35,143.40,143.30,143.40,3723,0
ASHOKLEY,20221229,11:21,143.40,143.40,143.10,143.40,100575,0
ASHOKLEY,20221229,11:22,143.40,143.45,143.25,143.40,45367,0
ASHOKLEY,20221229,11:23,143.40,143.40,143.30,143.40,58185,0
ASHOKLEY,20221229,11:24,143.40,143.40,143.30,143.40,7328,0
ASHOKLEY,20221229,11:25,143.40,143.40,143.10,143.30,34563,0
ASHOKLEY,20221229,11:26,143.30,143.30,143.15,143.25,15609,0
ASHOKLEY,20221229,11:27,143.25,143.25,143.10,143.25,16041,0
ASHOKLEY,20221229,11:28,143.25,143.25,143.20,143.25,6076,0
ASHOKLEY,20221229,11:29,143.20,143.25,143.10,143.10,36519,0
ASHOKLEY,20221229,11:30,143.20,143.20,143.10,143.20,2527,0
ASHOKLEY,20221229,11:31,143.15,143.25,143.15,143.25,5240,0
ASHOKLEY,20221229,11:32,143.25,143.35,143.25,143.35,34122,0
ASHOKLEY,20221229,11:33,143.35,143.35,143.25,143.35,3270,0
ASHOKLEY,20221229,11:34,143.35,143.40,143.25,143.35,10625,0
ASHOKLEY,20221229,11:35,143.35,143.35,143.05,143.15,12694,0
ASHOKLEY,20221229,11:36,143.15,143.20,143.05,143.10,27463,0
ASHOKLEY,20221229,11:37,143.10,143.15,142.95,143.15,12637,0
ASHOKLEY,20221229,11:38,143.15,143.15,143.05,143.10,3924,0
ASHOKLEY,20221229,11:39,143.10,143.10,142.95,143.10,7117,0
ASHOKLEY,20221229,11:40,143.10,143.15,142.95,143.15,12306,0
ASHOKLEY,20221229,11:41,143.15,143.20,143.10,143.20,918,0
ASHOKLEY,20221229,11:42,143.20,143.30,143.10,143.30,15439,0
ASHOKLEY,20221229,11:43,143.30,143.30,143.15,143.15,7233,0
ASHOKLEY,20221229,11:44,143.20,143.35,143.20,143.35,5468,0
ASHOKLEY,20221229,11:45,143.35,143.35,143.20,143.25,15144,0
ASHOKLEY,20221229,11:46,143.30,143.30,143.20,143.25,564,0
ASHOKLEY,20221229,11:47,143.25,143.25,143.15,143.15,15090,0
ASHOKLEY,20221229,11:48,143.25,143.25,143.15,143.25,4181,0
ASHOKLEY,20221229,11:49,143.25,143.30,143.20,143.30,3718,0
ASHOKLEY,20221229,11:50,143.30,143.30,143.20,143.30,7096,0
ASHOKLEY,20221229,11:51,143.30,143.30,143.15,143.25,3522,0
ASHOKLEY,20221229,11:52,143.25,143.30,143.20,143.20,2059,0
ASHOKLEY,20221229,11:53,143.25,143.30,143.20,143.25,6147,0
ASHOKLEY,20221229,11:54,143.25,143.25,143.15,143.15,5171,0
ASHOKLEY,20221229,11:55,143.20,143.35,143.15,143.35,8956,0
ASHOKLEY,20221229,11:56,143.35,143.35,143.20,143.30,12526,0
ASHOKLEY,20221229,11:57,143.30,143.30,143.25,143.30,808,0
ASHOKLEY,20221229,11:58,143.30,143.30,143.25,143.30,1690,0
ASHOKLEY,20221229,11:59,143.30,143.30,143.20,143.25,6184,0
ASHOKLEY,20221229,12:00,143.25,143.25,143.20,143.20,1171,0
ASHOKLEY,20221229,12:01,143.20,143.25,143.20,143.20,2503,0
ASHOKLEY,20221229,12:02,143.25,143.30,143.20,143.25,1536,0
ASHOKLEY,20221229,12:03,143.20,143.30,143.20,143.30,3509,0
ASHOKLEY,20221229,12:04,143.30,143.30,143.20,143.30,4359,0
ASHOKLEY,20221229,12:05,143.30,143.30,143.20,143.25,7443,0
ASHOKLEY,20221229,12:06,143.25,143.30,143.20,143.30,2055,0
ASHOKLEY,20221229,12:07,143.30,143.30,143.15,143.15,9858,0
ASHOKLEY,20221229,12:08,143.20,143.20,143.10,143.15,3000,0
ASHOKLEY,20221229,12:09,143.20,143.20,143.05,143.15,5786,0
ASHOKLEY,20221229,12:10,143.15,143.15,143.00,143.10,13563,0
ASHOKLEY,20221229,12:11,143.10,143.10,142.90,142.95,17618,0
ASHOKLEY,20221229,12:12,142.95,143.00,142.90,142.95,9681,0
ASHOKLEY,20221229,12:13,142.95,142.95,142.80,142.90,24608,0
ASHOKLEY,20221229,12:14,142.90,143.05,142.90,143.05,43268,0
ASHOKLEY,20221229,12:15,143.05,143.05,142.90,142.95,8128,0
ASHOKLEY,20221229,12:16,142.85,142.95,142.85,142.95,2160,0
ASHOKLEY,20221229,12:17,142.95,142.95,142.90,142.95,3723,0
ASHOKLEY,20221229,12:18,142.95,142.95,142.90,142.95,1670,0
ASHOKLEY,20221229,12:19,142.95,143.00,142.90,142.90,7384,0
ASHOKLEY,20221229,12:20,142.95,143.00,142.85,142.95,9087,0
ASHOKLEY,20221229,12:21,142.95,142.95,142.85,142.95,10614,0
ASHOKLEY,20221229,12:22,142.95,142.95,142.85,142.85,15613,0
ASHOKLEY,20221229,12:23,142.95,142.95,142.80,142.95,24421,0
ASHOKLEY,20221229,12:24,142.95,142.95,142.85,142.90,2674,0
ASHOKLEY,20221229,12:25,142.90,142.90,142.80,142.90,7106,0
ASHOKLEY,20221229,12:26,142.90,142.90,142.80,142.90,7358,0
ASHOKLEY,20221229,12:27,142.90,142.90,142.80,142.90,23056,0
ASHOKLEY,20221229,12:28,142.85,142.85,142.75,142.85,4024,0
ASHOKLEY,20221229,12:29,142.80,142.80,142.65,142.75,26791,0
ASHOKLEY,20221229,12:30,142.75,142.75,142.65,142.65,15078,0
ASHOKLEY,20221229,12:31,142.65,142.95,142.65,142.90,30019,0
ASHOKLEY,20221229,12:32,142.90,142.95,142.85,142.95,15214,0
ASHOKLEY,20221229,12:33,142.95,142.95,142.85,142.90,7302,0
ASHOKLEY,20221229,12:34,142.90,142.90,142.80,142.85,4443,0
ASHOKLEY,20221229,12:35,142.85,142.85,142.75,142.85,4125,0
ASHOKLEY,20221229,12:36,142.85,142.85,142.80,142.85,2609,0
ASHOKLEY,20221229,12:37,142.85,142.90,142.80,142.90,1880,0
ASHOKLEY,20221229,12:38,142.90,142.90,142.75,142.85,7539,0
ASHOKLEY,20221229,12:39,142.85,143.05,142.80,143.05,106606,0
ASHOKLEY,20221229,12:40,143.05,143.05,142.95,143.05,22009,0
ASHOKLEY,20221229,12:41,143.05,143.05,142.95,143.00,883,0
ASHOKLEY,20221229,12:42,143.00,143.00,143.00,143.00,1544,0
ASHOKLEY,20221229,12:43,143.00,143.05,142.95,143.00,10521,0
ASHOKLEY,20221229,12:44,143.00,143.00,142.95,142.95,8915,0
ASHOKLEY,20221229,12:45,142.95,143.10,142.95,143.05,27280,0
ASHOKLEY,20221229,12:46,143.05,143.15,142.95,143.15,11225,0
ASHOKLEY,20221229,12:47,143.10,143.20,143.10,143.20,1449,0
ASHOKLEY,20221229,12:48,143.20,143.25,143.15,143.25,9426,0
ASHOKLEY,20221229,12:49,143.25,143.30,143.20,143.25,16012,0
ASHOKLEY,20221229,12:50,143.20,143.30,143.20,143.25,1883,0
ASHOKLEY,20221229,12:51,143.25,143.25,143.20,143.25,1240,0
ASHOKLEY,20221229,12:52,143.25,143.25,143.20,143.25,3564,0
ASHOKLEY,20221229,12:53,143.15,143.25,143.15,143.25,3365,0
ASHOKLEY,20221229,12:54,143.25,143.30,143.15,143.25,10927,0
ASHOKLEY,20221229,12:55,143.25,143.30,143.20,143.30,935,0
ASHOKLEY,20221229,12:56,143.30,143.30,143.20,143.20,4593,0
ASHOKLEY,20221229,12:57,143.30,143.30,143.10,143.20,19762,0
ASHOKLEY,20221229,12:58,143.20,143.20,143.10,143.20,8693,0
ASHOKLEY,20221229,12:59,143.20,143.20,143.10,143.15,8079,0
ASHOKLEY,20221229,13:00,143.15,143.25,143.10,143.10,7297,0
ASHOKLEY,20221229,13:01,143.20,143.20,143.00,143.20,15271,0
ASHOKLEY,20221229,13:02,143.20,143.30,143.15,143.30,10367,0
ASHOKLEY,20221229,13:03,143.30,143.30,143.15,143.25,13897,0
ASHOKLEY,20221229,13:04,143.25,143.25,143.15,143.15,3251,0
ASHOKLEY,20221229,13:05,143.15,143.25,143.15,143.15,11426,0
ASHOKLEY,20221229,13:06,143.25,143.25,143.10,143.20,2482,0
ASHOKLEY,20221229,13:07,143.20,143.25,143.10,143.25,37361,0
ASHOKLEY,20221229,13:08,143.25,143.25,143.15,143.25,8707,0
ASHOKLEY,20221229,13:09,143.25,143.25,143.10,143.20,3994,0
ASHOKLEY,20221229,13:10,143.10,143.20,143.10,143.20,10678,0
ASHOKLEY,20221229,13:11,143.20,143.25,143.15,143.20,5609,0
ASHOKLEY,20221229,13:12,143.20,143.20,143.10,143.20,1547,0
ASHOKLEY,20221229,13:13,143.20,143.25,143.10,143.10,13790,0
ASHOKLEY,20221229,13:14,143.20,143.25,143.10,143.20,2065,0
ASHOKLEY,20221229,13:15,143.20,143.25,143.15,143.25,8736,0
ASHOKLEY,20221229,13:16,143.15,143.30,143.15,143.30,12236,0
ASHOKLEY,20221229,13:17,143.30,143.30,143.15,143.25,8726,0
ASHOKLEY,20221229,13:18,143.15,143.25,143.15,143.20,2129,0
ASHOKLEY,20221229,13:19,143.25,143.30,143.25,143.25,1771,0
ASHOKLEY,20221229,13:20,143.20,143.30,143.20,143.20,4012,0
ASHOKLEY,20221229,13:21,143.30,143.30,143.20,143.30,14546,0
ASHOKLEY,20221229,13:22,143.20,143.30,143.20,143.25,3175,0
ASHOKLEY,20221229,13:23,143.30,143.30,143.25,143.30,3230,0
ASHOKLEY,20221229,13:24,143.30,143.30,143.20,143.25,7512,0
ASHOKLEY,20221229,13:25,143.25,143.30,143.20,143.30,2714,0
ASHOKLEY,20221229,13:26,143.30,143.30,143.20,143.25,364,0
ASHOKLEY,20221229,13:27,143.25,143.30,143.20,143.30,2828,0
ASHOKLEY,20221229,13:28,143.30,143.30,143.20,143.30,2894,0
ASHOKLEY,20221229,13:29,143.30,143.30,143.20,143.30,2471,0
ASHOKLEY,20221229,13:30,143.30,143.30,143.15,143.25,21974,0
ASHOKLEY,20221229,13:31,143.20,143.30,143.15,143.30,8081,0
ASHOKLEY,20221229,13:32,143.30,143.30,143.15,143.30,1187,0
ASHOKLEY,20221229,13:33,143.20,143.30,143.15,143.25,13664,0
ASHOKLEY,20221229,13:34,143.25,143.25,143.15,143.25,7233,0
ASHOKLEY,20221229,13:35,143.25,143.25,143.10,143.15,8471,0
ASHOKLEY,20221229,13:36,143.20,143.25,143.10,143.20,9337,0
ASHOKLEY,20221229,13:37,143.20,143.20,143.05,143.20,17237,0
ASHOKLEY,20221229,13:38,143.10,143.20,143.10,143.20,2223,0
ASHOKLEY,20221229,13:39,143.20,143.20,143.10,143.20,1451,0
ASHOKLEY,20221229,13:40,143.20,143.20,143.10,143.20,8251,0
ASHOKLEY,20221229,13:41,143.20,143.20,143.10,143.20,16372,0
ASHOKLEY,20221229,13:42,143.15,143.25,143.10,143.25,7332,0
ASHOKLEY,20221229,13:43,143.25,143.25,143.15,143.25,1035,0
ASHOKLEY,20221229,13:44,143.20,143.20,143.15,143.20,2988,0
ASHOKLEY,20221229,13:45,143.20,143.40,143.15,143.40,34855,0
ASHOKLEY,20221229,13:46,143.30,143.40,143.30,143.40,4373,0
ASHOKLEY,20221229,13:47,143.40,143.45,143.35,143.45,12517,0
ASHOKLEY,20221229,13:48,143.40,143.50,143.40,143.45,13736,0
ASHOKLEY,20221229,13:49,143.40,143.45,143.35,143.45,6360,0
ASHOKLEY,20221229,13:50,143.45,143.45,143.35,143.45,4705,0
ASHOKLEY,20221229,13:51,143.45,143.45,143.35,143.45,8481,0
ASHOKLEY,20221229,13:52,143.45,143.45,143.35,143.45,14136,0
ASHOKLEY,20221229,13:53,143.35,143.45,143.35,143.45,2173,0
ASHOKLEY,20221229,13:54,143.45,143.45,143.35,143.35,785,0
ASHOKLEY,20221229,13:55,143.40,143.40,143.35,143.35,3148,0
ASHOKLEY,20221229,13:56,143.40,143.45,143.30,143.35,4356,0
ASHOKLEY,20221229,13:57,143.45,143.45,143.35,143.45,6871,0
ASHOKLEY,20221229,13:58,143.45,143.45,143.30,143.35,23251,0
ASHOKLEY,20221229,13:59,143.40,143.45,143.35,143.40,9694,0
ASHOKLEY,20221229,14:00,143.40,143.40,143.35,143.40,858,0
ASHOKLEY,20221229,14:01,143.40,143.40,143.25,143.25,30736,0
ASHOKLEY,20221229,14:02,143.30,143.35,143.25,143.25,14852,0
ASHOKLEY,20221229,14:03,143.35,143.35,143.25,143.30,1209,0
ASHOKLEY,20221229,14:04,143.30,143.40,143.25,143.25,9447,0
ASHOKLEY,20221229,14:05,143.40,143.40,143.30,143.40,296,0
ASHOKLEY,20221229,14:06,143.40,143.40,143.20,143.30,9848,0
ASHOKLEY,20221229,14:07,143.30,143.35,143.25,143.35,13715,0
ASHOKLEY,20221229,14:08,143.30,143.40,143.30,143.40,10343,0
ASHOKLEY,20221229,14:09,143.35,143.40,143.35,143.35,6688,0
ASHOKLEY,20221229,14:10,143.40,143.40,143.35,143.35,6045,0
ASHOKLEY,20221229,14:11,143.40,143.40,143.35,143.35,287,0
ASHOKLEY,20221229,14:12,143.40,143.40,143.25,143.25,11546,0
ASHOKLEY,20221229,14:13,143.35,143.35,143.25,143.25,4693,0
ASHOKLEY,20221229,14:14,143.30,143.30,143.25,143.30,1941,0
ASHOKLEY,20221229,14:15,143.30,143.35,143.25,143.30,5426,0
ASHOKLEY,20221229,14:16,143.35,143.40,143.30,143.40,16773,0
ASHOKLEY,20221229,14:17,143.40,143.40,143.35,143.35,549,0
ASHOKLEY,20221229,14:18,143.35,143.45,143.35,143.35,12015,0
ASHOKLEY,20221229,14:19,143.40,143.50,143.40,143.50,81474,0
ASHOKLEY,20221229,14:20,143.50,143.65,143.50,143.55,16074,0
ASHOKLEY,20221229,14:21,143.70,143.95,143.65,143.90,31430,0
ASHOKLEY,20221229,14:22,143.95,144.15,143.90,144.05,46414,0
ASHOKLEY,20221229,14:23,144.05,144.05,144.00,144.05,15395,0
ASHOKLEY,20221229,14:24,144.05,144.05,143.95,144.00,24753,0
ASHOKLEY,20221229,14:25,144.00,144.00,143.95,144.00,4820,0
ASHOKLEY,20221229,14:26,143.95,143.95,143.75,143.80,26840,0
ASHOKLEY,20221229,14:27,143.80,143.85,143.75,143.85,11630,0
ASHOKLEY,20221229,14:28,143.90,143.90,143.80,143.80,3760,0
ASHOKLEY,20221229,14:29,143.85,143.90,143.80,143.90,13084,0
ASHOKLEY,20221229,14:30,143.90,144.00,143.85,143.95,25699,0
ASHOKLEY,20221229,14:31,143.95,144.00,143.85,143.90,12623,0
ASHOKLEY,20221229,14:32,143.95,143.95,143.85,143.85,15978,0
ASHOKLEY,20221229,14:33,143.90,143.90,143.80,143.80,13603,0
ASHOKLEY,20221229,14:34,143.90,143.90,143.80,143.90,1265,0
ASHOKLEY,20221229,14:35,143.80,144.00,143.80,144.00,10415,0
ASHOKLEY,20221229,14:36,144.00,144.10,143.95,144.10,22725,0
ASHOKLEY,20221229,14:37,144.15,144.15,143.75,143.80,84403,0
ASHOKLEY,20221229,14:38,143.80,143.95,143.80,143.90,15280,0
ASHOKLEY,20221229,14:39,144.00,144.10,143.95,144.00,10547,0
ASHOKLEY,20221229,14:40,144.05,144.25,144.00,144.20,24404,0
ASHOKLEY,20221229,14:41,144.20,144.25,144.10,144.10,25622,0
ASHOKLEY,20221229,14:42,144.10,144.20,144.00,144.05,19634,0
ASHOKLEY,20221229,14:43,144.15,144.15,143.95,144.00,20057,0
ASHOKLEY,20221229,14:44,144.00,144.10,144.00,144.05,6666,0
ASHOKLEY,20221229,14:45,144.00,144.20,144.00,144.15,19771,0
ASHOKLEY,20221229,14:46,144.20,144.30,144.15,144.20,9562,0
ASHOKLEY,20221229,14:47,144.20,144.25,144.20,144.25,2077,0
ASHOKLEY,20221229,14:48,144.20,144.30,144.20,144.20,10634,0
ASHOKLEY,20221229,14:49,144.20,144.30,144.20,144.25,10841,0
ASHOKLEY,20221229,14:50,144.20,144.25,144.15,144.15,10436,0
ASHOKLEY,20221229,14:51,144.15,144.20,144.15,144.15,3854,0
ASHOKLEY,20221229,14:52,144.25,144.25,144.15,144.20,13906,0
ASHOKLEY,20221229,14:53,144.15,144.20,144.10,144.20,27729,0
ASHOKLEY,20221229,14:54,144.15,144.20,144.15,144.15,9663,0
ASHOKLEY,20221229,14:55,144.20,144.20,144.05,144.05,43442,0
ASHOKLEY,20221229,14:56,144.15,144.20,144.05,144.10,10260,0
ASHOKLEY,20221229,14:57,144.15,144.20,144.10,144.10,6430,0
ASHOKLEY,20221229,14:58,144.10,144.10,143.80,143.80,47324,0
ASHOKLEY,20221229,14:59,143.90,143.95,143.85,143.95,9056,0
ASHOKLEY,20221229,15:00,143.95,144.00,143.95,144.00,3091,0
ASHOKLEY,20221229,15:01,143.95,144.10,143.95,144.10,36266,0
ASHOKLEY,20221229,15:02,144.05,144.20,144.05,144.10,28643,0
ASHOKLEY,20221229,15:03,144.10,144.10,144.05,144.10,15789,0
ASHOKLEY,20221229,15:04,144.05,144.10,144.05,144.05,3895,0
ASHOKLEY,20221229,15:05,144.05,144.20,144.05,144.20,24064,0
ASHOKLEY,20221229,15:06,144.20,144.30,144.20,144.25,16319,0
ASHOKLEY,20221229,15:07,144.25,144.30,144.25,144.25,5671,0
ASHOKLEY,20221229,15:08,144.25,144.30,144.25,144.25,32849,0
ASHOKLEY,20221229,15:09,144.25,144.30,144.25,144.30,7876,0
ASHOKLEY,20221229,15:10,144.25,144.35,144.20,144.30,39069,0
ASHOKLEY,20221229,15:11,144.25,144.50,144.25,144.45,29046,0
ASHOKLEY,20221229,15:12,144.55,144.65,144.40,144.45,39380,0
ASHOKLEY,20221229,15:13,144.45,144.55,144.45,144.55,28678,0
ASHOKLEY,20221229,15:14,144.50,144.60,144.50,144.50,24138,0
ASHOKLEY,20221229,15:15,144.55,144.55,144.50,144.55,8599,0
ASHOKLEY,20221229,15:16,144.50,144.55,144.40,144.40,47476,0
ASHOKLEY,20221229,15:17,144.40,144.45,144.30,144.45,24926,0
ASHOKLEY,20221229,15:18,144.40,144.45,144.35,144.40,16323,0
ASHOKLEY,20221229,15:19,144.35,144.50,144.35,144.50,32750,0
ASHOKLEY,20221229,15:20,144.50,144.60,144.50,144.60,31587,0
ASHOKLEY,20221229,15:21,144.55,144.70,144.45,144.60,73903,0
ASHOKLEY,20221229,15:22,144.55,144.55,144.50,144.50,9644,0
ASHOKLEY,20221229,15:23,144.45,144.50,144.40,144.40,8710,0
ASHOKLEY,20221229,15:24,144.45,144.45,144.40,144.40,14921,0
ASHOKLEY,20221229,15:25,144.45,144.45,144.40,144.45,25195,0
ASHOKLEY,20221229,15:26,144.40,144.45,144.40,144.45,13052,0
ASHOKLEY,20221229,15:27,144.45,144.45,144.35,144.40,22089,0
ASHOKLEY,20221229,15:28,144.40,144.40,144.25,144.35,19933,0
ASHOKLEY,20221229,15:29,144.35,144.40,144.10,144.10,19199,0
ASHOKLEY,20221229,15:30,144.10,144.20,144.00,144.20,9824,0
ASHOKLEY,20221229,15:31,144.20,144.20,144.20,144.20,607,0
ASHOKLEY,20221229,15:32,144.40,144.40,144.40,144.40,0,0
ASHOKLEY,20221229,15:41,144.40,144.40,144.40,144.40,9,0
ASHOKLEY,20221229,16:56,144.40,144.40,144.40,144.40,0,0
