VOLTAS,20210602,09:08,1010.85,1010.85,1010.85,1010.85,1348,0
VOLTAS,20210602,09:16,1011.00,1012.80,1008.25,1011.45,7227,0
VOLTAS,20210602,09:17,1012.85,1012.85,1012.05,1012.25,5052,0
VOLTAS,20210602,09:18,1012.15,1017.25,1012.00,1017.25,5859,0
VOLTAS,20210602,09:19,1017.65,1018.05,1016.25,1016.85,6338,0
VOLTAS,20210602,09:20,1017.10,1019.00,1017.10,1017.80,8854,0
VOLTAS,20210602,09:21,1017.60,1018.50,1016.80,1017.55,10472,0
VOLTAS,20210602,09:22,1017.35,1018.50,1017.20,1017.75,3889,0
VOLTAS,20210602,09:23,1017.05,1019.00,1016.45,1019.00,3883,0
VOLTAS,20210602,09:24,1019.80,1019.80,1017.75,1018.50,11245,0
VOLTAS,20210602,09:25,1018.50,1018.90,1017.65,1018.50,3170,0
VOLTAS,20210602,09:26,1017.90,1018.50,1017.65,1018.35,1813,0
VOLTAS,20210602,09:27,1017.90,1019.00,1017.90,1018.55,2443,0
VOLTAS,20210602,09:28,1019.00,1019.80,1018.60,1019.15,4928,0
VOLTAS,20210602,09:29,1019.15,1019.45,1018.00,1018.00,2342,0
VOLTAS,20210602,09:30,1018.30,1018.30,1016.65,1016.75,2719,0
VOLTAS,20210602,09:31,1016.80,1016.80,1015.55,1016.70,3131,0
VOLTAS,20210602,09:32,1016.65,1016.70,1016.00,1016.00,1415,0
VOLTAS,20210602,09:33,1016.00,1016.45,1015.20,1015.40,3124,0
VOLTAS,20210602,09:34,1015.70,1017.60,1015.70,1017.05,4518,0
VOLTAS,20210602,09:35,1017.85,1018.50,1017.15,1018.05,1306,0
VOLTAS,20210602,09:36,1018.30,1018.30,1016.45,1016.95,1276,0
VOLTAS,20210602,09:37,1016.75,1017.50,1016.40,1016.90,1248,0
VOLTAS,20210602,09:38,1017.50,1019.30,1017.50,1019.30,3492,0
VOLTAS,20210602,09:39,1019.30,1019.65,1019.00,1019.25,2736,0
VOLTAS,20210602,09:40,1019.25,1019.70,1019.15,1019.70,2164,0
VOLTAS,20210602,09:41,1019.80,1019.80,1019.10,1019.25,1415,0
VOLTAS,20210602,09:42,1019.25,1019.70,1017.55,1017.60,2264,0
VOLTAS,20210602,09:43,1018.40,1018.95,1017.65,1018.85,2037,0
VOLTAS,20210602,09:44,1018.90,1019.50,1018.90,1019.00,2567,0
VOLTAS,20210602,09:45,1019.50,1019.50,1018.80,1018.95,1470,0
VOLTAS,20210602,09:46,1019.50,1019.50,1018.60,1019.40,1041,0
VOLTAS,20210602,09:47,1018.90,1019.00,1018.80,1019.00,1734,0
VOLTAS,20210602,09:48,1019.00,1019.00,1018.00,1018.85,1085,0
VOLTAS,20210602,09:49,1018.40,1018.65,1018.00,1018.55,554,0
VOLTAS,20210602,09:50,1018.55,1018.60,1018.00,1018.60,943,0
VOLTAS,20210602,09:51,1018.50,1018.65,1018.50,1018.65,1122,0
VOLTAS,20210602,09:52,1018.20,1018.65,1018.00,1018.25,727,0
VOLTAS,20210602,09:53,1018.30,1018.35,1017.80,1017.80,959,0
VOLTAS,20210602,09:54,1018.25,1018.25,1017.95,1018.15,740,0
VOLTAS,20210602,09:55,1018.25,1018.25,1017.65,1017.95,483,0
VOLTAS,20210602,09:56,1018.15,1021.40,1018.00,1021.40,12568,0
VOLTAS,20210602,09:57,1021.45,1021.45,1020.30,1021.00,5835,0
VOLTAS,20210602,09:58,1021.00,1021.90,1021.00,1021.60,7559,0
VOLTAS,20210602,09:59,1021.90,1022.00,1021.50,1021.95,4347,0
VOLTAS,20210602,10:00,1021.65,1022.00,1020.10,1020.50,6822,0
VOLTAS,20210602,10:01,1020.50,1021.00,1019.35,1021.00,4895,0
VOLTAS,20210602,10:02,1021.00,1021.75,1020.80,1021.35,7048,0
VOLTAS,20210602,10:03,1021.00,1021.80,1020.80,1021.15,3680,0
VOLTAS,20210602,10:04,1020.30,1021.00,1020.05,1020.95,4029,0
VOLTAS,20210602,10:05,1020.40,1021.95,1020.40,1021.95,6091,0
VOLTAS,20210602,10:06,1022.00,1023.70,1021.50,1022.85,7066,0
VOLTAS,20210602,10:07,1022.50,1023.45,1022.40,1023.45,4544,0
VOLTAS,20210602,10:08,1022.90,1023.95,1022.70,1023.85,5166,0
VOLTAS,20210602,10:09,1024.00,1024.25,1023.30,1024.25,8284,0
VOLTAS,20210602,10:10,1024.25,1025.00,1024.00,1024.30,11514,0
VOLTAS,20210602,10:11,1024.70,1025.00,1023.90,1023.95,4773,0
VOLTAS,20210602,10:12,1023.65,1024.40,1023.60,1023.95,4538,0
VOLTAS,20210602,10:13,1023.95,1024.75,1023.20,1024.00,9547,0
VOLTAS,20210602,10:14,1024.00,1024.45,1022.70,1024.40,3195,0
VOLTAS,20210602,10:15,1024.40,1024.45,1021.65,1023.30,11489,0
VOLTAS,20210602,10:16,1023.20,1023.20,1021.10,1021.60,9790,0
VOLTAS,20210602,10:17,1021.60,1025.10,1021.55,1024.10,24034,0
VOLTAS,20210602,10:18,1024.45,1026.50,1024.20,1025.90,8437,0
VOLTAS,20210602,10:19,1025.90,1026.30,1024.50,1025.15,5160,0
VOLTAS,20210602,10:20,1024.60,1025.30,1024.05,1024.75,3322,0
VOLTAS,20210602,10:21,1025.00,1025.00,1024.25,1024.30,3750,0
VOLTAS,20210602,10:22,1024.30,1024.70,1023.60,1024.50,1409,0
VOLTAS,20210602,10:23,1024.50,1024.50,1023.80,1024.00,1468,0
VOLTAS,20210602,10:24,1023.80,1024.30,1023.60,1023.70,2588,0
VOLTAS,20210602,10:25,1024.00,1024.85,1023.60,1024.40,2566,0
VOLTAS,20210602,10:26,1024.40,1024.50,1023.65,1024.15,1775,0
VOLTAS,20210602,10:27,1023.60,1024.15,1022.55,1023.25,2367,0
VOLTAS,20210602,10:28,1023.25,1023.50,1022.90,1023.20,1223,0
VOLTAS,20210602,10:29,1023.25,1024.45,1022.65,1023.95,14226,0
VOLTAS,20210602,10:30,1024.00,1024.05,1023.40,1023.40,1357,0
VOLTAS,20210602,10:31,1023.50,1023.80,1023.00,1023.00,985,0
VOLTAS,20210602,10:32,1022.90,1022.90,1021.60,1021.75,2378,0
VOLTAS,20210602,10:33,1022.45,1022.70,1021.80,1022.00,917,0
VOLTAS,20210602,10:34,1022.50,1022.80,1022.05,1022.50,1980,0
VOLTAS,20210602,10:35,1022.50,1022.90,1022.30,1022.30,1596,0
VOLTAS,20210602,10:36,1022.75,1023.00,1022.15,1022.60,1142,0
VOLTAS,20210602,10:37,1022.75,1022.80,1022.20,1022.70,986,0
VOLTAS,20210602,10:38,1022.70,1022.70,1022.00,1022.00,1044,0
VOLTAS,20210602,10:39,1022.00,1022.70,1021.70,1022.00,2701,0
VOLTAS,20210602,10:40,1022.00,1022.55,1021.70,1022.40,1534,0
VOLTAS,20210602,10:41,1022.35,1022.35,1021.60,1022.00,977,0
VOLTAS,20210602,10:42,1021.85,1023.20,1021.50,1023.00,2758,0
VOLTAS,20210602,10:43,1022.90,1023.00,1022.80,1023.00,359,0
VOLTAS,20210602,10:44,1023.00,1023.00,1022.20,1022.20,570,0
VOLTAS,20210602,10:45,1022.65,1024.00,1022.65,1024.00,2717,0
VOLTAS,20210602,10:46,1024.00,1024.00,1023.15,1023.45,395,0
VOLTAS,20210602,10:47,1023.70,1024.00,1023.05,1024.00,1849,0
VOLTAS,20210602,10:48,1023.90,1024.35,1023.55,1023.60,739,0
VOLTAS,20210602,10:49,1024.00,1024.50,1023.50,1023.60,1892,0
VOLTAS,20210602,10:50,1023.90,1023.90,1023.35,1023.60,1097,0
VOLTAS,20210602,10:51,1023.35,1023.50,1023.00,1023.00,736,0
VOLTAS,20210602,10:52,1023.00,1024.20,1023.00,1023.60,3706,0
VOLTAS,20210602,10:53,1023.60,1023.85,1022.95,1023.05,573,0
VOLTAS,20210602,10:54,1022.95,1023.75,1022.95,1023.75,402,0
VOLTAS,20210602,10:55,1022.95,1023.55,1022.65,1022.90,662,0
VOLTAS,20210602,10:56,1022.90,1023.45,1022.55,1023.45,1573,0
VOLTAS,20210602,10:57,1023.40,1023.55,1022.70,1023.25,933,0
VOLTAS,20210602,10:58,1022.75,1023.00,1022.00,1022.00,1650,0
VOLTAS,20210602,10:59,1022.60,1022.90,1022.00,1022.35,1954,0
VOLTAS,20210602,11:00,1022.45,1022.95,1022.25,1022.25,382,0
VOLTAS,20210602,11:01,1022.20,1022.80,1022.10,1022.20,923,0
VOLTAS,20210602,11:02,1022.25,1022.70,1022.10,1022.60,1540,0
VOLTAS,20210602,11:03,1022.15,1022.60,1022.15,1022.45,407,0
VOLTAS,20210602,11:04,1022.55,1022.55,1021.55,1022.00,3039,0
VOLTAS,20210602,11:05,1021.25,1022.55,1021.25,1022.55,4625,0
VOLTAS,20210602,11:06,1022.15,1022.50,1022.10,1022.40,696,0
VOLTAS,20210602,11:07,1022.00,1022.40,1022.00,1022.30,724,0
VOLTAS,20210602,11:08,1022.30,1022.35,1021.10,1021.75,1972,0
VOLTAS,20210602,11:09,1022.25,1022.45,1021.75,1021.80,1190,0
VOLTAS,20210602,11:10,1022.40,1022.95,1022.40,1022.95,1380,0
VOLTAS,20210602,11:11,1022.95,1023.65,1022.30,1022.30,766,0
VOLTAS,20210602,11:12,1022.90,1023.65,1022.25,1023.65,737,0
VOLTAS,20210602,11:13,1023.25,1023.65,1023.00,1023.60,1143,0
VOLTAS,20210602,11:14,1023.05,1025.30,1023.05,1025.00,8809,0
VOLTAS,20210602,11:15,1025.00,1026.80,1024.75,1026.80,11703,0
VOLTAS,20210602,11:16,1026.90,1028.00,1026.55,1028.00,14484,0
VOLTAS,20210602,11:17,1028.00,1028.80,1027.70,1028.45,9503,0
VOLTAS,20210602,11:18,1028.45,1029.30,1027.70,1029.00,12933,0
VOLTAS,20210602,11:19,1029.00,1029.50,1028.00,1029.00,7201,0
VOLTAS,20210602,11:20,1029.00,1029.30,1028.25,1029.25,7484,0
VOLTAS,20210602,11:21,1029.20,1029.70,1028.55,1029.30,6903,0
VOLTAS,20210602,11:22,1029.35,1031.50,1029.20,1030.45,36690,0
VOLTAS,20210602,11:23,1030.35,1030.80,1028.90,1029.50,7321,0
VOLTAS,20210602,11:24,1028.90,1029.60,1028.90,1029.60,4818,0
VOLTAS,20210602,11:25,1029.60,1030.00,1029.00,1030.00,4416,0
VOLTAS,20210602,11:26,1030.00,1030.80,1030.00,1030.00,7010,0
VOLTAS,20210602,11:27,1030.00,1030.20,1029.25,1029.75,3077,0
VOLTAS,20210602,11:28,1029.60,1030.00,1029.25,1029.75,4954,0
VOLTAS,20210602,11:29,1030.00,1030.00,1029.60,1029.95,4393,0
VOLTAS,20210602,11:30,1029.60,1029.95,1029.40,1029.80,2451,0
VOLTAS,20210602,11:31,1029.35,1029.75,1027.40,1027.40,10588,0
VOLTAS,20210602,11:32,1027.35,1028.80,1027.35,1028.25,4277,0
VOLTAS,20210602,11:33,1028.25,1028.70,1028.15,1028.70,1217,0
VOLTAS,20210602,11:34,1028.60,1028.90,1028.20,1028.85,1979,0
VOLTAS,20210602,11:35,1028.50,1028.95,1028.20,1028.25,2825,0
VOLTAS,20210602,11:36,1028.75,1029.60,1028.20,1029.50,3552,0
VOLTAS,20210602,11:37,1029.00,1029.50,1028.80,1029.40,2375,0
VOLTAS,20210602,11:38,1029.20,1029.65,1029.20,1029.65,1737,0
VOLTAS,20210602,11:39,1029.15,1029.75,1029.00,1029.65,1761,0
VOLTAS,20210602,11:40,1029.60,1029.70,1029.10,1029.20,1568,0
VOLTAS,20210602,11:41,1029.35,1029.95,1029.25,1029.35,1896,0
VOLTAS,20210602,11:42,1029.95,1030.00,1029.60,1029.90,2500,0
VOLTAS,20210602,11:43,1029.60,1030.00,1029.55,1029.85,2673,0
VOLTAS,20210602,11:44,1029.85,1030.00,1029.35,1029.85,1199,0
VOLTAS,20210602,11:45,1029.90,1030.00,1029.70,1029.95,2203,0
VOLTAS,20210602,11:46,1030.00,1030.60,1029.35,1030.50,7655,0
VOLTAS,20210602,11:47,1030.50,1031.40,1030.50,1031.20,3910,0
VOLTAS,20210602,11:48,1031.40,1032.00,1030.90,1031.45,13359,0
VOLTAS,20210602,11:49,1031.95,1033.00,1031.45,1032.85,8672,0
VOLTAS,20210602,11:50,1032.70,1033.00,1032.20,1032.95,9308,0
VOLTAS,20210602,11:51,1032.95,1032.95,1032.20,1032.80,3418,0
VOLTAS,20210602,11:52,1032.80,1032.80,1032.20,1032.75,3848,0
VOLTAS,20210602,11:53,1032.70,1032.80,1032.55,1032.60,4780,0
VOLTAS,20210602,11:54,1032.70,1033.00,1032.55,1032.70,6221,0
VOLTAS,20210602,11:55,1032.90,1032.90,1032.00,1032.40,6496,0
VOLTAS,20210602,11:56,1032.00,1032.50,1032.00,1032.00,5206,0
VOLTAS,20210602,11:57,1032.00,1032.40,1030.55,1030.55,5123,0
VOLTAS,20210602,11:58,1030.45,1031.00,1030.25,1030.65,4458,0
VOLTAS,20210602,11:59,1030.70,1032.00,1030.70,1031.55,3564,0
VOLTAS,20210602,12:00,1031.90,1032.00,1030.90,1032.00,1684,0
VOLTAS,20210602,12:01,1032.40,1032.50,1032.10,1032.25,2390,0
VOLTAS,20210602,12:02,1032.40,1032.90,1032.05,1032.75,7116,0
VOLTAS,20210602,12:03,1032.80,1032.90,1032.35,1032.35,5342,0
VOLTAS,20210602,12:04,1032.65,1032.90,1032.35,1032.70,4435,0
VOLTAS,20210602,12:05,1032.35,1032.90,1032.25,1032.90,1254,0
VOLTAS,20210602,12:06,1032.75,1032.90,1032.70,1032.90,3000,0
VOLTAS,20210602,12:07,1032.85,1032.90,1032.30,1032.65,1879,0
VOLTAS,20210602,12:08,1032.25,1032.35,1031.20,1031.50,3149,0
VOLTAS,20210602,12:09,1031.60,1032.65,1031.30,1032.65,3081,0
VOLTAS,20210602,12:10,1032.15,1032.80,1032.10,1032.40,2353,0
VOLTAS,20210602,12:11,1032.55,1032.60,1031.85,1032.20,1415,0
VOLTAS,20210602,12:12,1032.20,1032.20,1031.10,1031.10,5178,0
VOLTAS,20210602,12:13,1031.35,1031.35,1030.55,1030.55,4718,0
VOLTAS,20210602,12:14,1030.60,1031.00,1030.60,1030.65,1409,0
VOLTAS,20210602,12:15,1030.85,1031.25,1030.60,1031.00,1744,0
VOLTAS,20210602,12:16,1031.00,1031.20,1030.40,1030.65,6933,0
VOLTAS,20210602,12:17,1030.85,1031.20,1030.35,1031.20,3054,0
VOLTAS,20210602,12:18,1031.40,1031.95,1031.15,1031.95,371,0
VOLTAS,20210602,12:19,1031.50,1032.50,1031.50,1032.50,3305,0
VOLTAS,20210602,12:20,1032.50,1032.50,1032.15,1032.50,815,0
VOLTAS,20210602,12:21,1032.15,1032.60,1032.15,1032.60,1032,0
VOLTAS,20210602,12:22,1032.80,1034.00,1032.55,1033.40,9913,0
VOLTAS,20210602,12:23,1033.20,1033.90,1033.00,1033.50,3923,0
VOLTAS,20210602,12:24,1033.10,1033.40,1032.75,1033.05,4817,0
VOLTAS,20210602,12:25,1033.25,1033.95,1033.10,1033.60,2706,0
VOLTAS,20210602,12:26,1033.60,1034.00,1033.00,1033.70,3513,0
VOLTAS,20210602,12:27,1033.45,1033.80,1033.10,1033.75,2995,0
VOLTAS,20210602,12:28,1033.80,1033.90,1033.30,1033.55,1569,0
VOLTAS,20210602,12:29,1033.50,1033.55,1032.20,1032.95,4874,0
VOLTAS,20210602,12:30,1032.55,1032.55,1032.00,1032.15,3507,0
VOLTAS,20210602,12:31,1032.15,1032.50,1032.00,1032.45,1396,0
VOLTAS,20210602,12:32,1032.45,1032.45,1031.45,1031.90,6235,0
VOLTAS,20210602,12:33,1031.90,1033.00,1031.90,1032.90,3009,0
VOLTAS,20210602,12:34,1032.90,1032.90,1032.45,1032.90,1423,0
VOLTAS,20210602,12:35,1032.90,1032.95,1032.75,1032.80,1091,0
VOLTAS,20210602,12:36,1032.80,1032.85,1032.30,1032.70,2200,0
VOLTAS,20210602,12:37,1032.75,1032.75,1032.20,1032.20,873,0
VOLTAS,20210602,12:38,1032.75,1032.75,1031.60,1032.05,2390,0
VOLTAS,20210602,12:39,1032.00,1032.50,1032.00,1032.40,1239,0
VOLTAS,20210602,12:40,1032.40,1032.40,1030.25,1030.70,5073,0
VOLTAS,20210602,12:41,1030.50,1032.00,1030.50,1031.75,5098,0
VOLTAS,20210602,12:42,1031.50,1032.30,1031.30,1031.80,3745,0
VOLTAS,20210602,12:43,1031.85,1032.10,1031.15,1032.10,3539,0
VOLTAS,20210602,12:44,1032.15,1032.15,1031.15,1031.15,757,0
VOLTAS,20210602,12:45,1031.50,1031.60,1031.15,1031.20,946,0
VOLTAS,20210602,12:46,1031.20,1031.60,1031.15,1031.45,776,0
VOLTAS,20210602,12:47,1031.45,1031.50,1031.15,1031.50,5948,0
VOLTAS,20210602,12:48,1031.60,1031.60,1031.00,1031.00,1545,0
VOLTAS,20210602,12:49,1031.50,1031.55,1030.70,1030.70,2168,0
VOLTAS,20210602,12:50,1031.15,1031.15,1030.20,1030.85,1347,0
VOLTAS,20210602,12:51,1030.35,1030.85,1029.25,1030.00,6429,0
VOLTAS,20210602,12:52,1030.00,1030.35,1029.30,1029.50,5235,0
VOLTAS,20210602,12:53,1029.95,1030.30,1029.30,1029.55,2496,0
VOLTAS,20210602,12:54,1030.20,1031.15,1030.00,1031.10,4778,0
VOLTAS,20210602,12:55,1031.10,1031.15,1030.60,1031.15,376,0
VOLTAS,20210602,12:56,1030.65,1031.15,1030.65,1031.00,825,0
VOLTAS,20210602,12:57,1030.70,1031.00,1030.60,1030.90,1051,0
VOLTAS,20210602,12:58,1030.50,1031.00,1030.40,1030.70,949,0
VOLTAS,20210602,12:59,1030.40,1030.75,1030.40,1030.75,696,0
VOLTAS,20210602,13:00,1030.75,1030.90,1030.00,1030.25,3096,0
VOLTAS,20210602,13:01,1030.50,1030.80,1030.00,1030.00,1760,0
VOLTAS,20210602,13:02,1030.05,1030.60,1029.25,1029.25,3570,0
VOLTAS,20210602,13:03,1028.80,1029.00,1028.05,1028.60,7370,0
VOLTAS,20210602,13:04,1028.50,1029.00,1028.10,1028.40,2864,0
VOLTAS,20210602,13:05,1028.00,1028.45,1027.60,1027.70,6272,0
VOLTAS,20210602,13:06,1027.75,1028.10,1026.95,1027.25,7306,0
VOLTAS,20210602,13:07,1027.70,1028.25,1027.40,1027.65,1633,0
VOLTAS,20210602,13:08,1027.55,1028.00,1027.55,1027.70,815,0
VOLTAS,20210602,13:09,1027.90,1028.10,1027.80,1028.00,930,0
VOLTAS,20210602,13:10,1028.00,1028.00,1027.20,1027.70,6094,0
VOLTAS,20210602,13:11,1027.30,1027.65,1027.30,1027.65,799,0
VOLTAS,20210602,13:12,1027.75,1028.00,1027.50,1027.85,852,0
VOLTAS,20210602,13:13,1027.65,1027.90,1027.65,1027.90,1426,0
VOLTAS,20210602,13:14,1027.70,1027.90,1027.50,1027.65,1778,0
VOLTAS,20210602,13:15,1027.50,1028.00,1027.50,1028.00,1295,0
VOLTAS,20210602,13:16,1027.90,1027.90,1026.50,1027.00,3042,0
VOLTAS,20210602,13:17,1026.50,1027.20,1026.50,1026.70,3208,0
VOLTAS,20210602,13:18,1026.70,1026.95,1026.35,1026.50,5902,0
VOLTAS,20210602,13:19,1026.65,1027.30,1026.65,1027.25,1943,0
VOLTAS,20210602,13:20,1027.25,1029.05,1027.25,1029.05,4353,0
VOLTAS,20210602,13:21,1029.20,1029.20,1027.50,1028.40,1113,0
VOLTAS,20210602,13:22,1028.40,1029.00,1028.35,1028.90,1063,0
VOLTAS,20210602,13:23,1028.70,1029.00,1028.60,1028.60,654,0
VOLTAS,20210602,13:24,1028.60,1029.35,1028.30,1028.95,3012,0
VOLTAS,20210602,13:25,1028.95,1029.20,1027.35,1027.35,1565,0
VOLTAS,20210602,13:26,1027.30,1028.15,1027.30,1027.70,706,0
VOLTAS,20210602,13:27,1027.70,1028.45,1027.70,1027.75,469,0
VOLTAS,20210602,13:28,1028.00,1028.10,1027.40,1027.70,1154,0
VOLTAS,20210602,13:29,1027.70,1028.00,1027.30,1027.90,498,0
VOLTAS,20210602,13:30,1027.90,1027.90,1027.30,1027.80,763,0
VOLTAS,20210602,13:31,1027.80,1028.00,1027.50,1028.00,731,0
VOLTAS,20210602,13:32,1028.00,1028.15,1027.60,1028.15,639,0
VOLTAS,20210602,13:33,1028.80,1028.80,1027.80,1028.00,1251,0
VOLTAS,20210602,13:34,1027.80,1028.70,1027.80,1028.70,4769,0
VOLTAS,20210602,13:35,1028.65,1028.65,1028.00,1028.30,1035,0
VOLTAS,20210602,13:36,1028.50,1028.60,1028.20,1028.35,436,0
VOLTAS,20210602,13:37,1028.35,1028.35,1028.00,1028.00,677,0
VOLTAS,20210602,13:38,1028.00,1028.30,1028.00,1028.30,670,0
VOLTAS,20210602,13:39,1028.30,1028.35,1028.00,1028.30,985,0
VOLTAS,20210602,13:40,1028.30,1028.70,1028.20,1028.70,650,0
VOLTAS,20210602,13:41,1028.70,1029.00,1028.15,1028.55,2411,0
VOLTAS,20210602,13:42,1028.60,1028.75,1028.00,1028.25,1283,0
VOLTAS,20210602,13:43,1028.25,1028.25,1027.50,1028.00,1371,0
VOLTAS,20210602,13:44,1027.95,1027.95,1027.45,1027.65,507,0
VOLTAS,20210602,13:45,1027.40,1027.70,1027.40,1027.60,529,0
VOLTAS,20210602,13:46,1027.65,1027.70,1027.35,1027.35,780,0
VOLTAS,20210602,13:47,1027.70,1027.70,1027.00,1027.65,3145,0
VOLTAS,20210602,13:48,1027.40,1027.55,1027.05,1027.55,485,0
VOLTAS,20210602,13:49,1027.55,1027.55,1027.10,1027.50,422,0
VOLTAS,20210602,13:50,1027.50,1027.50,1027.00,1027.50,1045,0
VOLTAS,20210602,13:51,1027.45,1027.50,1027.00,1027.45,331,0
VOLTAS,20210602,13:52,1027.45,1027.45,1027.00,1027.30,474,0
VOLTAS,20210602,13:53,1027.30,1027.55,1027.30,1027.55,510,0
VOLTAS,20210602,13:54,1027.55,1027.95,1027.40,1027.80,288,0
VOLTAS,20210602,13:55,1027.80,1028.00,1027.50,1027.50,387,0
VOLTAS,20210602,13:56,1027.95,1027.95,1027.30,1027.85,849,0
VOLTAS,20210602,13:57,1027.70,1028.00,1027.70,1028.00,307,0
VOLTAS,20210602,13:58,1028.00,1028.00,1027.60,1027.90,366,0
VOLTAS,20210602,13:59,1027.85,1027.95,1027.50,1027.70,274,0
VOLTAS,20210602,14:00,1027.75,1028.00,1027.50,1027.95,1849,0
VOLTAS,20210602,14:01,1027.95,1028.25,1027.50,1027.80,1537,0
VOLTAS,20210602,14:02,1028.20,1028.20,1027.60,1027.90,977,0
VOLTAS,20210602,14:03,1027.90,1028.10,1027.50,1027.50,339,0
VOLTAS,20210602,14:04,1027.90,1028.00,1027.50,1027.55,584,0
VOLTAS,20210602,14:05,1027.95,1027.95,1027.30,1027.50,2554,0
VOLTAS,20210602,14:06,1027.50,1028.20,1027.40,1027.40,3876,0
VOLTAS,20210602,14:07,1027.40,1027.85,1027.05,1027.15,4352,0
VOLTAS,20210602,14:08,1026.80,1027.00,1025.10,1026.00,6382,0
VOLTAS,20210602,14:09,1026.30,1026.30,1025.10,1025.15,959,0
VOLTAS,20210602,14:10,1025.70,1025.70,1024.85,1024.95,6857,0
VOLTAS,20210602,14:11,1024.90,1025.55,1024.50,1025.35,3365,0
VOLTAS,20210602,14:12,1024.90,1025.70,1024.90,1025.45,2189,0
VOLTAS,20210602,14:13,1025.45,1025.60,1024.95,1024.95,1439,0
VOLTAS,20210602,14:14,1025.45,1025.70,1024.85,1025.50,1530,0
VOLTAS,20210602,14:15,1025.70,1025.70,1024.65,1024.95,2258,0
VOLTAS,20210602,14:16,1024.95,1024.95,1024.30,1024.35,1756,0
VOLTAS,20210602,14:17,1024.35,1024.85,1024.30,1024.85,903,0
VOLTAS,20210602,14:18,1024.85,1025.20,1024.50,1024.50,1192,0
VOLTAS,20210602,14:19,1025.00,1025.55,1025.00,1025.35,1389,0
VOLTAS,20210602,14:20,1025.05,1026.35,1025.05,1025.55,1761,0
VOLTAS,20210602,14:21,1026.05,1026.10,1025.25,1026.10,766,0
VOLTAS,20210602,14:22,1025.35,1026.05,1025.30,1026.05,540,0
VOLTAS,20210602,14:23,1026.05,1026.05,1025.35,1025.95,878,0
VOLTAS,20210602,14:24,1025.40,1026.40,1025.40,1026.40,1454,0
VOLTAS,20210602,14:25,1026.65,1026.70,1025.95,1026.50,1855,0
VOLTAS,20210602,14:26,1026.65,1027.70,1026.55,1027.10,3914,0
VOLTAS,20210602,14:27,1027.15,1027.45,1026.80,1026.80,2058,0
VOLTAS,20210602,14:28,1027.35,1027.50,1026.55,1027.50,1637,0
VOLTAS,20210602,14:29,1027.50,1027.50,1026.60,1027.00,495,0
VOLTAS,20210602,14:30,1026.45,1027.50,1026.00,1026.40,4884,0
VOLTAS,20210602,14:31,1026.05,1027.45,1025.90,1027.25,1095,0
VOLTAS,20210602,14:32,1027.20,1027.45,1026.30,1026.40,511,0
VOLTAS,20210602,14:33,1026.25,1027.10,1026.20,1026.85,1121,0
VOLTAS,20210602,14:34,1026.75,1026.75,1026.00,1026.65,596,0
VOLTAS,20210602,14:35,1026.65,1026.70,1026.00,1026.45,1094,0
VOLTAS,20210602,14:36,1026.40,1026.40,1025.50,1025.95,1357,0
VOLTAS,20210602,14:37,1025.85,1027.40,1025.85,1027.30,6625,0
VOLTAS,20210602,14:38,1027.00,1027.40,1027.00,1027.00,1366,0
VOLTAS,20210602,14:39,1027.35,1027.35,1026.80,1027.10,921,0
VOLTAS,20210602,14:40,1027.10,1027.20,1027.00,1027.00,789,0
VOLTAS,20210602,14:41,1027.40,1028.45,1027.00,1027.10,10549,0
VOLTAS,20210602,14:42,1027.70,1028.05,1027.15,1027.85,1278,0
VOLTAS,20210602,14:43,1027.85,1028.25,1027.20,1027.75,2151,0
VOLTAS,20210602,14:44,1028.00,1028.35,1027.30,1028.35,1742,0
VOLTAS,20210602,14:45,1027.75,1029.95,1027.75,1029.95,3499,0
VOLTAS,20210602,14:46,1029.95,1030.00,1029.30,1029.90,2327,0
VOLTAS,20210602,14:47,1029.65,1029.90,1028.75,1029.00,2946,0
VOLTAS,20210602,14:48,1029.20,1029.85,1029.00,1029.50,820,0
VOLTAS,20210602,14:49,1029.50,1031.00,1029.00,1030.15,8394,0
VOLTAS,20210602,14:50,1030.05,1031.00,1029.75,1031.00,4748,0
VOLTAS,20210602,14:51,1031.00,1031.05,1030.45,1031.05,4780,0
VOLTAS,20210602,14:52,1031.05,1031.70,1031.00,1031.00,3859,0
VOLTAS,20210602,14:53,1031.00,1031.50,1030.65,1030.80,2240,0
VOLTAS,20210602,14:54,1031.50,1031.65,1030.80,1031.50,2497,0
VOLTAS,20210602,14:55,1030.85,1031.40,1030.15,1030.15,1361,0
VOLTAS,20210602,14:56,1030.20,1030.40,1029.25,1029.95,5172,0
VOLTAS,20210602,14:57,1030.00,1030.55,1029.20,1029.95,1484,0
VOLTAS,20210602,14:58,1029.35,1030.50,1029.00,1029.60,2330,0
VOLTAS,20210602,14:59,1029.60,1029.60,1029.00,1029.25,3501,0
VOLTAS,20210602,15:00,1028.75,1029.20,1028.60,1028.60,876,0
VOLTAS,20210602,15:01,1028.50,1030.00,1028.40,1029.90,3143,0
VOLTAS,20210602,15:02,1029.40,1030.00,1029.40,1030.00,1169,0
VOLTAS,20210602,15:03,1029.75,1030.00,1029.45,1029.50,1666,0
VOLTAS,20210602,15:04,1029.95,1030.00,1029.55,1029.85,1210,0
VOLTAS,20210602,15:05,1029.70,1030.60,1029.55,1030.60,4459,0
VOLTAS,20210602,15:06,1029.90,1030.60,1029.70,1030.00,2904,0
VOLTAS,20210602,15:07,1030.60,1031.05,1030.30,1030.95,2211,0
VOLTAS,20210602,15:08,1030.80,1031.35,1030.70,1031.35,1635,0
VOLTAS,20210602,15:09,1031.25,1031.25,1030.40,1031.00,2267,0
VOLTAS,20210602,15:10,1030.50,1030.95,1030.25,1030.60,3766,0
VOLTAS,20210602,15:11,1030.65,1031.00,1030.60,1030.80,1292,0
VOLTAS,20210602,15:12,1030.85,1030.95,1030.30,1030.30,2557,0
VOLTAS,20210602,15:13,1030.50,1030.85,1030.20,1030.25,2973,0
VOLTAS,20210602,15:14,1030.45,1030.50,1030.00,1030.40,1910,0
VOLTAS,20210602,15:15,1030.40,1030.50,1030.00,1030.45,3289,0
VOLTAS,20210602,15:16,1030.25,1031.00,1030.00,1030.30,8769,0
VOLTAS,20210602,15:17,1030.30,1031.00,1030.20,1031.00,5377,0
VOLTAS,20210602,15:18,1030.45,1031.20,1030.45,1030.95,6494,0
VOLTAS,20210602,15:19,1030.95,1032.90,1030.90,1032.85,23365,0
VOLTAS,20210602,15:20,1033.20,1034.50,1033.20,1034.50,13742,0
VOLTAS,20210602,15:21,1034.45,1035.60,1034.00,1035.55,18601,0
VOLTAS,20210602,15:22,1035.50,1038.00,1035.00,1037.55,38307,0
VOLTAS,20210602,15:23,1037.95,1037.95,1036.00,1036.20,6972,0
VOLTAS,20210602,15:24,1036.65,1037.00,1036.00,1036.00,8849,0
VOLTAS,20210602,15:25,1036.95,1037.00,1036.15,1036.25,7943,0
VOLTAS,20210602,15:26,1036.50,1038.90,1036.30,1037.95,13403,0
VOLTAS,20210602,15:27,1037.90,1038.70,1037.15,1038.00,4328,0
VOLTAS,20210602,15:28,1037.05,1038.00,1037.00,1037.20,7669,0
VOLTAS,20210602,15:29,1037.40,1037.90,1036.25,1037.85,10315,0
VOLTAS,20210602,15:30,1037.00,1038.00,1036.00,1038.00,9180,0
VOLTAS,20210602,15:32,1034.40,1034.40,1034.40,1034.40,0,0
VOLTAS,20210602,15:41,1034.40,1034.40,1034.40,1034.40,19,0
VOLTAS,20210602,16:45,1034.40,1034.40,1034.40,1034.40,0,0
