TCS_F1,20180423,09:16,3416.75,3436.9,3403.45,3423,172250
TCS_F1,20180423,09:17,3422.95,3423,3413.7,3423,116750
TCS_F1,20180423,09:18,3420.05,3420.8,3406.9,3407.95,63500
TCS_F1,20180423,09:19,3408.15,3410.45,3406.65,3409.1,50250
TCS_F1,20180423,09:20,3409.4,3425,3408.7,3420,110000
TCS_F1,20180423,09:21,3420,3422,3418.95,3421.5,48500
TCS_F1,20180423,09:22,3420.85,3423,3414.65,3421.95,33750
TCS_F1,20180423,09:23,3422.65,3423.6,3418.35,3421.05,42500
TCS_F1,20180423,09:24,3421.45,3423.8,3416.35,3420.35,48250
TCS_F1,20180423,09:25,3420.35,3420.35,3411.9,3413.1,44750
TCS_F1,20180423,09:26,3414.15,3417.35,3411.05,3413.6,45000
TCS_F1,20180423,09:27,3414.15,3416.6,3408.1,3408.5,44250
TCS_F1,20180423,09:28,3405.8,3412.2,3401.45,3411.8,48500
TCS_F1,20180423,09:29,3411.85,3417.1,3410.8,3411.7,32250
TCS_F1,20180423,09:30,3411.5,3415.1,3411.25,3414.9,14250
TCS_F1,20180423,09:31,3414.9,3416.2,3412.9,3412.95,17250
TCS_F1,20180423,09:32,3412,3414,3410.55,3414,14500
TCS_F1,20180423,09:33,3414.5,3416.6,3411.7,3413.8,15000
TCS_F1,20180423,09:34,3414.05,3421.25,3414.05,3421.25,36000
TCS_F1,20180423,09:35,3420.3,3421.6,3418.65,3419,18250
TCS_F1,20180423,09:36,3420,3427.35,3420,3423.8,48000
TCS_F1,20180423,09:37,3423,3423,3420,3422.95,26250
TCS_F1,20180423,09:38,3423,3424.45,3421.55,3422,24000
TCS_F1,20180423,09:39,3422.15,3422.6,3421,3422,12750
TCS_F1,20180423,09:40,3420.65,3421.6,3417.4,3419.95,17750
TCS_F1,20180423,09:41,3420,3421.5,3418.7,3418.7,16250
TCS_F1,20180423,09:42,3418.7,3422.75,3418.2,3419,10750
TCS_F1,20180423,09:43,3420.5,3421.65,3419.8,3419.85,4500
TCS_F1,20180423,09:44,3419.8,3422,3419.8,3421.9,7250
TCS_F1,20180423,09:45,3421.65,3428.5,3421.25,3428.5,49500
TCS_F1,20180423,09:46,3427.75,3440.7,3427.45,3439.45,166500
TCS_F1,20180423,09:47,3439.6,3453.5,3439.6,3450.5,175500
TCS_F1,20180423,09:48,3451.95,3454,3443.8,3444.2,122750
TCS_F1,20180423,09:49,3445.95,3456.4,3445,3455.75,98500
TCS_F1,20180423,09:50,3456.8,3459.7,3453.4,3458.7,114500
TCS_F1,20180423,09:51,3458.05,3468.05,3457,3464.35,142500
TCS_F1,20180423,09:52,3465.95,3472.75,3463.05,3468,116250
TCS_F1,20180423,09:53,3467.3,3473.9,3466.85,3467.95,109500
TCS_F1,20180423,09:54,3467.35,3482.8,3467.3,3480.55,156500
TCS_F1,20180423,09:55,3481.15,3487.9,3478.15,3480.2,186000
TCS_F1,20180423,09:56,3479.6,3489.4,3479.5,3485.2,133000
TCS_F1,20180423,09:57,3485.15,3492.7,3481.05,3484.65,125000
TCS_F1,20180423,09:58,3484.9,3484.95,3481.15,3482.85,60000
TCS_F1,20180423,09:59,3483.8,3483.8,3477.75,3478.6,60250
TCS_F1,20180423,10:00,3477.8,3484.15,3477.8,3483.8,64250
TCS_F1,20180423,10:01,3484,3485.4,3482.2,3484.25,39000
TCS_F1,20180423,10:02,3484.9,3485.5,3483.1,3483.25,41750
TCS_F1,20180423,10:03,3482.3,3482.85,3478,3478.95,37000
TCS_F1,20180423,10:04,3479,3482,3479,3481.1,26250
TCS_F1,20180423,10:05,3481,3485,3481,3484.3,24500
TCS_F1,20180423,10:06,3484.3,3489,3484.3,3486.25,35500
TCS_F1,20180423,10:07,3486.15,3491.05,3486.15,3486.9,55250
TCS_F1,20180423,10:08,3486,3487,3484.45,3484.45,32000
TCS_F1,20180423,10:09,3485.9,3487,3484.5,3487,18250
TCS_F1,20180423,10:10,3487.5,3490.7,3484.95,3485.05,18250
TCS_F1,20180423,10:11,3485.15,3487,3483.5,3483.5,17750
TCS_F1,20180423,10:12,3483.3,3487.85,3482.8,3487.7,23750
TCS_F1,20180423,10:13,3488,3489.8,3485.2,3488.5,50500
TCS_F1,20180423,10:14,3488,3503.5,3487.6,3498,211250
TCS_F1,20180423,10:15,3498.4,3503.65,3494.55,3502.8,91500
TCS_F1,20180423,10:16,3501.7,3506.9,3501.7,3506,104000
TCS_F1,20180423,10:17,3506.8,3519.7,3506.8,3516,193000
TCS_F1,20180423,10:18,3516.45,3535,3516.45,3533.8,219250
TCS_F1,20180423,10:19,3536.85,3540.95,3528.65,3529.6,269250
TCS_F1,20180423,10:20,3529.8,3533.95,3526.55,3532.95,110750
TCS_F1,20180423,10:21,3533.55,3537.45,3530.3,3532.2,100250
TCS_F1,20180423,10:22,3531,3531,3524,3524.85,94750
TCS_F1,20180423,10:23,3524.95,3531.4,3524.95,3529.35,51500
TCS_F1,20180423,10:24,3530.7,3535,3529,3534.55,59000
TCS_F1,20180423,10:25,3535,3543,3533.15,3537.7,130500
TCS_F1,20180423,10:26,3538.85,3543.85,3537.4,3542,81000
TCS_F1,20180423,10:27,3542,3543,3535.5,3539.1,99000
TCS_F1,20180423,10:28,3539.3,3542.45,3537.15,3539.75,73500
TCS_F1,20180423,10:29,3539.2,3539.9,3535.6,3535.65,33750
TCS_F1,20180423,10:30,3535.55,3538.55,3527.7,3530,90250
TCS_F1,20180423,10:31,3529.9,3536.4,3529.9,3535,24750
TCS_F1,20180423,10:32,3535,3544.95,3534.25,3544.25,81250
TCS_F1,20180423,10:33,3545.85,3546.7,3540.05,3540.5,81250
TCS_F1,20180423,10:34,3541,3543.1,3537.4,3537.95,46750
TCS_F1,20180423,10:35,3538,3542,3538,3540,44000
TCS_F1,20180423,10:36,3539.7,3540,3533.9,3538.6,41750
TCS_F1,20180423,10:37,3538.6,3540.95,3537.65,3539.65,28500
TCS_F1,20180423,10:38,3539,3539.25,3536.45,3538.6,21000
TCS_F1,20180423,10:39,3538.3,3538.3,3536.6,3536.8,18750
TCS_F1,20180423,10:40,3537.15,3537.5,3534,3537.45,30500
TCS_F1,20180423,10:41,3536.7,3539.5,3535.8,3538.45,22750
TCS_F1,20180423,10:42,3539.2,3540.8,3536.2,3536.4,24000
TCS_F1,20180423,10:43,3537.4,3539.8,3536,3539.7,13500
TCS_F1,20180423,10:44,3538.55,3539.55,3536.2,3537.15,17500
TCS_F1,20180423,10:45,3537,3538,3536,3537,11000
TCS_F1,20180423,10:46,3537.25,3537.25,3531.4,3532.65,25000
TCS_F1,20180423,10:47,3532,3538.75,3530.55,3538.5,30250
TCS_F1,20180423,10:48,3536.5,3537.3,3533.85,3536.25,19500
TCS_F1,20180423,10:49,3536.25,3536.95,3534,3534.85,17250
TCS_F1,20180423,10:50,3533.2,3535.1,3531.75,3532,24500
TCS_F1,20180423,10:51,3533,3533,3528,3530.65,50500
TCS_F1,20180423,10:52,3530.65,3530.65,3515.65,3515.65,132750
TCS_F1,20180423,10:53,3515.6,3518.9,3507.05,3508.9,120500
TCS_F1,20180423,10:54,3508.35,3511.7,3503.3,3511.3,92250
TCS_F1,20180423,10:55,3510,3514.15,3510,3512.85,47250
TCS_F1,20180423,10:56,3514.5,3519.9,3514.4,3518.6,45500
TCS_F1,20180423,10:57,3519.25,3525,3519.25,3522.8,66750
TCS_F1,20180423,10:58,3522,3523.5,3518.55,3522.15,29750
TCS_F1,20180423,10:59,3523,3524.35,3520.3,3521,18750
TCS_F1,20180423,11:00,3520.3,3522.95,3520.1,3520.1,20250
TCS_F1,20180423,11:01,3521.05,3521.15,3518.45,3518.45,15500
TCS_F1,20180423,11:02,3519,3519,3516,3516,21250
TCS_F1,20180423,11:03,3516.15,3516.15,3505.45,3509,72000
TCS_F1,20180423,11:04,3510,3511,3506.25,3510.1,36750
TCS_F1,20180423,11:05,3511,3513.85,3509.7,3513.85,22750
TCS_F1,20180423,11:06,3512.95,3514.8,3507.9,3508.95,20000
TCS_F1,20180423,11:07,3508.65,3509.25,3507.1,3509.25,26500
TCS_F1,20180423,11:08,3509.15,3509.4,3502.6,3503.45,32250
TCS_F1,20180423,11:09,3504.35,3504.35,3497.2,3498.85,87500
TCS_F1,20180423,11:10,3499.05,3503.55,3497,3503,40000
TCS_F1,20180423,11:11,3502.55,3503.65,3501.75,3503.65,21000
TCS_F1,20180423,11:12,3503,3503.5,3493,3496,50250
TCS_F1,20180423,11:13,3496,3497.2,3488.15,3490.5,106750
TCS_F1,20180423,11:14,3488.8,3490,3484,3489.5,70750
TCS_F1,20180423,11:15,3488.4,3489.4,3482.95,3486.6,64750
TCS_F1,20180423,11:16,3485,3487.85,3484,3486,55000
TCS_F1,20180423,11:17,3486,3491.95,3485,3488.9,66500
TCS_F1,20180423,11:18,3490.5,3491.7,3487.4,3489.45,19000
TCS_F1,20180423,11:19,3490.25,3492.25,3486.35,3486.35,33500
TCS_F1,20180423,11:20,3485,3488.6,3483.45,3488.6,37000
TCS_F1,20180423,11:21,3488.25,3491.05,3488,3490,16500
TCS_F1,20180423,11:22,3489.4,3489.5,3485.9,3486,15000
TCS_F1,20180423,11:23,3485.9,3490.9,3485.35,3488.35,11750
TCS_F1,20180423,11:24,3488.25,3488.6,3486.4,3486.4,6250
TCS_F1,20180423,11:25,3486,3489.75,3485.6,3488.45,11500
TCS_F1,20180423,11:26,3489,3489,3486,3488,10250
TCS_F1,20180423,11:27,3488.8,3488.8,3481.75,3481.75,32250
TCS_F1,20180423,11:28,3481,3482.2,3480,3480,67750
TCS_F1,20180423,11:29,3478,3478,3471.65,3475,81000
TCS_F1,20180423,11:30,3476.4,3476.4,3470,3471.55,67250
TCS_F1,20180423,11:31,3471.8,3474.45,3471,3471.35,43500
TCS_F1,20180423,11:32,3470.65,3473,3466.8,3470,48500
TCS_F1,20180423,11:33,3469.1,3474.9,3469.1,3474.9,27750
TCS_F1,20180423,11:34,3474,3483.05,3474,3482.5,53000
TCS_F1,20180423,11:35,3483.55,3488.5,3482.5,3488.5,36250
TCS_F1,20180423,11:36,3488.5,3493.8,3486.45,3493.2,43000
TCS_F1,20180423,11:37,3492.7,3505.55,3491.2,3499.15,109250
TCS_F1,20180423,11:38,3501.3,3502,3493.05,3493.6,45250
TCS_F1,20180423,11:39,3494,3502.95,3493.75,3499.55,30500
TCS_F1,20180423,11:40,3498.5,3500.3,3493.95,3494.3,15000
TCS_F1,20180423,11:41,3493.8,3497.2,3493.55,3494.55,10250
TCS_F1,20180423,11:42,3495,3497.55,3493.4,3494.2,25000
TCS_F1,20180423,11:43,3495.5,3497.35,3495.25,3496.3,7250
TCS_F1,20180423,11:44,3497.35,3497.75,3496,3496.1,5750
TCS_F1,20180423,11:45,3495.85,3498.35,3495.6,3497,8000
TCS_F1,20180423,11:46,3496,3496.85,3485.3,3486.45,36500
TCS_F1,20180423,11:47,3487.75,3490,3487.75,3488.2,16000
TCS_F1,20180423,11:48,3488.9,3488.95,3486.6,3488,12000
TCS_F1,20180423,11:49,3487.95,3489.15,3486.95,3488.1,13250
TCS_F1,20180423,11:50,3486.25,3490.1,3486.25,3490,11500
TCS_F1,20180423,11:51,3488.95,3497.05,3488.95,3496,17250
TCS_F1,20180423,11:52,3496.4,3496.4,3492,3493.65,13500
TCS_F1,20180423,11:53,3494,3494,3489.05,3489.8,19750
TCS_F1,20180423,11:54,3488.15,3491.75,3488,3490.5,18500
TCS_F1,20180423,11:55,3491,3496.7,3491,3495.7,18000
TCS_F1,20180423,11:56,3493.3,3497,3491.25,3497,14250
TCS_F1,20180423,11:57,3497.3,3497.3,3494,3496,14250
TCS_F1,20180423,11:58,3495.6,3502.7,3495,3502.65,35500
TCS_F1,20180423,11:59,3502.7,3505,3500.25,3500.65,30750
TCS_F1,20180423,12:00,3500.65,3501.95,3496.3,3501.95,134000
TCS_F1,20180423,12:01,3502,3502,3499.15,3499.8,8000
TCS_F1,20180423,12:02,3499.05,3503.2,3499.05,3502.15,11000
TCS_F1,20180423,12:03,3500.4,3500.85,3499,3500.5,17500
TCS_F1,20180423,12:04,3501,3501,3497.85,3497.95,6000
TCS_F1,20180423,12:05,3499,3499,3494.5,3496.6,17750
TCS_F1,20180423,12:06,3497,3501.5,3497,3500,10500
TCS_F1,20180423,12:07,3499,3502.5,3498.8,3502,13000
TCS_F1,20180423,12:08,3501.35,3501.35,3496.05,3496.5,16500
TCS_F1,20180423,12:09,3497,3498.95,3496.45,3498.4,6000
TCS_F1,20180423,12:10,3498.4,3498.4,3492,3492.2,15750
TCS_F1,20180423,12:11,3491.35,3493.8,3490.3,3491.3,15750
TCS_F1,20180423,12:12,3490.3,3492.05,3488,3488.05,20500
TCS_F1,20180423,12:13,3488.3,3491.65,3488,3491.65,7500
TCS_F1,20180423,12:14,3490.45,3491.65,3488.05,3488.95,27500
TCS_F1,20180423,12:15,3489,3489.7,3486.75,3489,11250
TCS_F1,20180423,12:16,3488.8,3489.7,3488,3488.95,8000
TCS_F1,20180423,12:17,3488.95,3490,3488,3490,3500
TCS_F1,20180423,12:18,3489.45,3490,3488.9,3489.65,4750
TCS_F1,20180423,12:19,3489.05,3495,3489,3492.35,10000
TCS_F1,20180423,12:20,3492.5,3496,3492,3495,10750
TCS_F1,20180423,12:21,3494.25,3496.25,3492.65,3496.25,6000
TCS_F1,20180423,12:22,3496.25,3496.25,3492.6,3492.75,5500
TCS_F1,20180423,12:23,3493.1,3495.5,3493.1,3495.2,8000
TCS_F1,20180423,12:24,3494,3494.45,3490.55,3490.55,5750
TCS_F1,20180423,12:25,3491.75,3491.75,3490,3490,3500
TCS_F1,20180423,12:26,3489.45,3490.55,3489.45,3490,5750
TCS_F1,20180423,12:27,3490,3492.5,3490,3492.5,7250
TCS_F1,20180423,12:28,3493.15,3495.05,3491.2,3491.8,7750
TCS_F1,20180423,12:29,3491.5,3494,3491.35,3492.95,66750
TCS_F1,20180423,12:30,3493.3,3495,3491.2,3491.2,15500
TCS_F1,20180423,12:31,3491.8,3494.7,3491.8,3494,4500
TCS_F1,20180423,12:32,3494.7,3494.7,3492.6,3493.1,3500
TCS_F1,20180423,12:33,3492.05,3492.05,3490.1,3490.65,4750
TCS_F1,20180423,12:34,3491.65,3493.75,3491.65,3493.15,4500
TCS_F1,20180423,12:35,3493.25,3493.5,3490.5,3493,7000
TCS_F1,20180423,12:36,3492.25,3494.1,3492.25,3494.1,4000
TCS_F1,20180423,12:37,3494.4,3498.6,3494.05,3497.95,16250
TCS_F1,20180423,12:38,3498.05,3502,3498.05,3500.45,19250
TCS_F1,20180423,12:39,3500.35,3500.9,3497.75,3500,15500
TCS_F1,20180423,12:40,3499.15,3499.9,3498.85,3499,6000
TCS_F1,20180423,12:41,3499.55,3499.6,3497.45,3498.4,6250
TCS_F1,20180423,12:42,3498.8,3498.8,3497,3498.8,5750
TCS_F1,20180423,12:43,3498.25,3500.65,3498.05,3500.05,12750
TCS_F1,20180423,12:44,3500,3500.95,3499.05,3500.25,6500
TCS_F1,20180423,12:45,3500.05,3500.25,3497.2,3497.2,5500
TCS_F1,20180423,12:46,3497,3498.8,3496.65,3497.55,8000
TCS_F1,20180423,12:47,3496.9,3498,3495.25,3495.7,5750
TCS_F1,20180423,12:48,3495.1,3497.45,3495.1,3496.8,3250
TCS_F1,20180423,12:49,3496.35,3496.35,3495,3495.1,4750
TCS_F1,20180423,12:50,3496,3496.6,3496,3496,4250
TCS_F1,20180423,12:51,3496.05,3497,3496,3497,5250
TCS_F1,20180423,12:52,3496.1,3497.1,3496.1,3497,1750
TCS_F1,20180423,12:53,3497.05,3497.75,3496.3,3497.75,1500
TCS_F1,20180423,12:54,3498,3498,3496.05,3496.6,4000
TCS_F1,20180423,12:55,3496.3,3496.4,3496,3496,4500
TCS_F1,20180423,12:56,3496.1,3496.1,3495.05,3495.05,3500
TCS_F1,20180423,12:57,3495.5,3495.5,3493.05,3493.45,9750
TCS_F1,20180423,12:58,3492.8,3494.55,3491,3493.7,5750
TCS_F1,20180423,12:59,3493.5,3495.55,3493.5,3495,2250
TCS_F1,20180423,13:00,3495,3495.25,3494.55,3494.55,2750
TCS_F1,20180423,13:01,3495,3495,3494,3494.5,3500
TCS_F1,20180423,13:02,3494.5,3495.95,3494.5,3495.95,2500
TCS_F1,20180423,13:03,3494.85,3494.85,3492.95,3494.1,4000
TCS_F1,20180423,13:04,3495,3495.4,3494.3,3495.1,2750
TCS_F1,20180423,13:05,3495.1,3495.1,3494,3494,1500
TCS_F1,20180423,13:06,3493.65,3493.65,3490.1,3490.9,4750
TCS_F1,20180423,13:07,3490.5,3494,3490.1,3493.1,6250
TCS_F1,20180423,13:08,3493.25,3495,3492.75,3495,6250
TCS_F1,20180423,13:09,3495,3495.45,3494.3,3495,4000
TCS_F1,20180423,13:10,3495,3495.45,3493,3493.05,4750
TCS_F1,20180423,13:11,3493,3494.45,3492.35,3494.45,4000
TCS_F1,20180423,13:12,3494.65,3494.65,3492.25,3492.55,4250
TCS_F1,20180423,13:13,3494.7,3494.7,3492.7,3493.3,2750
TCS_F1,20180423,13:14,3493.35,3494.45,3491.1,3491.95,7500
TCS_F1,20180423,13:15,3491.4,3492.8,3491.35,3492.8,3250
TCS_F1,20180423,13:16,3492.1,3492.45,3491.9,3492.45,1750
TCS_F1,20180423,13:17,3492.75,3493.9,3492.25,3492.9,4250
TCS_F1,20180423,13:18,3493.25,3493.3,3490.1,3490.45,11500
TCS_F1,20180423,13:19,3491.7,3493.9,3491.7,3493.9,3500
TCS_F1,20180423,13:20,3493.45,3494,3491,3491,4500
TCS_F1,20180423,13:21,3492.4,3493.55,3492.3,3493.55,4000
TCS_F1,20180423,13:22,3494,3495.45,3493.95,3495.45,8000
TCS_F1,20180423,13:23,3494.15,3495.15,3492.3,3492.35,6250
TCS_F1,20180423,13:24,3493,3493.95,3492.95,3492.95,1750
TCS_F1,20180423,13:25,3493.3,3495.15,3493.3,3494,12000
TCS_F1,20180423,13:26,3493,3493.3,3492.45,3493.15,4000
TCS_F1,20180423,13:27,3493.15,3493.15,3491.9,3492.15,6500
TCS_F1,20180423,13:28,3492.15,3493.85,3491,3491.5,9500
TCS_F1,20180423,13:29,3491.95,3494,3491.25,3493.95,9750
TCS_F1,20180423,13:30,3493.35,3496.65,3493.35,3496.55,23250
TCS_F1,20180423,13:31,3496.15,3496.65,3493,3493.85,18000
TCS_F1,20180423,13:32,3495.2,3495.95,3494,3495.05,7750
TCS_F1,20180423,13:33,3495.55,3495.55,3491.5,3492.1,11500
TCS_F1,20180423,13:34,3491.25,3495.95,3489.95,3495,16250
TCS_F1,20180423,13:35,3495.75,3495.75,3492.1,3493.5,11000
TCS_F1,20180423,13:36,3493.5,3494.5,3492,3493.75,5000
TCS_F1,20180423,13:37,3493.2,3493.35,3492.5,3492.95,4000
TCS_F1,20180423,13:38,3491.75,3493.2,3491.55,3493.2,2750
TCS_F1,20180423,13:39,3492.5,3492.75,3491.75,3491.75,3250
TCS_F1,20180423,13:40,3491.75,3493.65,3491.2,3493.65,5500
TCS_F1,20180423,13:41,3492.7,3492.9,3488.55,3491.2,11000
TCS_F1,20180423,13:42,3491.2,3492.45,3490,3490.05,14000
TCS_F1,20180423,13:43,3490,3491.35,3490,3490.7,3750
TCS_F1,20180423,13:44,3490.45,3490.45,3480.05,3480.65,46000
TCS_F1,20180423,13:45,3481.05,3486.3,3481.05,3485.2,18500
TCS_F1,20180423,13:46,3485.4,3485.4,3477.65,3477.65,24250
TCS_F1,20180423,13:47,3479.3,3482,3478.9,3481.65,14750
TCS_F1,20180423,13:48,3480.5,3481,3478.7,3480,18250
TCS_F1,20180423,13:49,3481.35,3484.3,3480.6,3483.3,16500
TCS_F1,20180423,13:50,3484.2,3486,3483.5,3486,8250
TCS_F1,20180423,13:51,3484.5,3484.55,3479.15,3480,9750
TCS_F1,20180423,13:52,3480.95,3483.55,3480.05,3483.5,4250
TCS_F1,20180423,13:53,3483.8,3483.85,3482.9,3482.9,3750
TCS_F1,20180423,13:54,3482.6,3482.75,3481.65,3482,2750
TCS_F1,20180423,13:55,3482,3482,3479.5,3479.5,6250
TCS_F1,20180423,13:56,3480,3480,3467.65,3471.95,78750
TCS_F1,20180423,13:57,3472.25,3472.25,3470,3472,18500
TCS_F1,20180423,13:58,3470.05,3474.5,3470,3473.6,23750
TCS_F1,20180423,13:59,3474,3475.9,3459.75,3460.4,123750
TCS_F1,20180423,14:00,3458,3459,3452.25,3455,87500
TCS_F1,20180423,14:01,3454.95,3462,3454.95,3462,47500
TCS_F1,20180423,14:02,3462.6,3465,3460.85,3462.15,34750
TCS_F1,20180423,14:03,3462.8,3463,3458.15,3459,36500
TCS_F1,20180423,14:04,3458.35,3462.5,3458.35,3459.9,30000
TCS_F1,20180423,14:05,3459.05,3459.05,3454.45,3454.5,44500
TCS_F1,20180423,14:06,3454.55,3456.75,3452,3454.95,59500
TCS_F1,20180423,14:07,3454.95,3460.25,3453.65,3460.25,35250
TCS_F1,20180423,14:08,3460.1,3462.2,3460,3460.5,28500
TCS_F1,20180423,14:09,3460.35,3462.35,3454,3454,33000
TCS_F1,20180423,14:10,3454.3,3455.1,3451.4,3451.4,33500
TCS_F1,20180423,14:11,3452,3452,3446.15,3450.85,90750
TCS_F1,20180423,14:12,3450.3,3450.3,3443.25,3447.05,63750
TCS_F1,20180423,14:13,3445.8,3451.2,3445.5,3449.25,44250
TCS_F1,20180423,14:14,3449.05,3456.35,3449.05,3455,38000
TCS_F1,20180423,14:15,3455,3455,3444.25,3444.25,42500
TCS_F1,20180423,14:16,3445,3448,3445,3447.7,29250
TCS_F1,20180423,14:17,3447.9,3449,3440.7,3440.7,60500
TCS_F1,20180423,14:18,3441.15,3441.15,3430.05,3433.3,154250
TCS_F1,20180423,14:19,3432.3,3438,3431.6,3437.2,53000
TCS_F1,20180423,14:20,3437,3441.25,3436,3438.45,59250
TCS_F1,20180423,14:21,3438.15,3439.95,3435,3436,39000
TCS_F1,20180423,14:22,3437.1,3447.7,3436.5,3447.7,39250
TCS_F1,20180423,14:23,3446,3446.5,3440.5,3444,19500
TCS_F1,20180423,14:24,3443.95,3447,3442.05,3442.1,26750
TCS_F1,20180423,14:25,3442,3448.3,3441.4,3445.35,16750
TCS_F1,20180423,14:26,3447,3447,3440.05,3441.4,20000
TCS_F1,20180423,14:27,3440,3443,3438.65,3443,16250
TCS_F1,20180423,14:28,3443.25,3446.7,3442.15,3445.85,13000
TCS_F1,20180423,14:29,3445.7,3448,3445.7,3447,15000
TCS_F1,20180423,14:30,3447.3,3448,3442.05,3442.7,14000
TCS_F1,20180423,14:31,3442.05,3442.2,3435.15,3437.55,39250
TCS_F1,20180423,14:32,3437.4,3438.35,3434.95,3435.3,21000
TCS_F1,20180423,14:33,3435,3438.1,3433.6,3436.9,20500
TCS_F1,20180423,14:34,3437.5,3437.5,3433.7,3435.25,11500
TCS_F1,20180423,14:35,3435.85,3441.15,3435.25,3441.15,27500
TCS_F1,20180423,14:36,3440.2,3448,3440.15,3443,29750
TCS_F1,20180423,14:37,3441.05,3443.6,3438.4,3440,19500
TCS_F1,20180423,14:38,3440.7,3441,3438,3441,16250
TCS_F1,20180423,14:39,3440.3,3443.3,3440.3,3442.5,12000
TCS_F1,20180423,14:40,3442.55,3445,3442.5,3445,15250
TCS_F1,20180423,14:41,3446.25,3447.6,3445.5,3447.6,17000
TCS_F1,20180423,14:42,3446.55,3447.7,3443.1,3446,14000
TCS_F1,20180423,14:43,3445.15,3449.65,3445.05,3448.25,25000
TCS_F1,20180423,14:44,3447.2,3447.65,3443.9,3444,13750
TCS_F1,20180423,14:45,3444.7,3444.7,3440,3442.55,14750
TCS_F1,20180423,14:46,3443.45,3446,3443,3445.5,11250
TCS_F1,20180423,14:47,3445.6,3447,3444.55,3444.55,8750
TCS_F1,20180423,14:48,3445,3447.05,3444.3,3447.05,10250
TCS_F1,20180423,14:49,3447.95,3462.5,3447.9,3457,74500
TCS_F1,20180423,14:50,3456,3456.1,3450.7,3455.75,49250
TCS_F1,20180423,14:51,3454.7,3457.4,3451,3455.55,27750
TCS_F1,20180423,14:52,3455.65,3455.65,3452.9,3453.85,23000
TCS_F1,20180423,14:53,3454.05,3454.05,3448.8,3452.15,26750
TCS_F1,20180423,14:54,3452,3454,3451.4,3453.05,10500
TCS_F1,20180423,14:55,3453,3454,3452.7,3453,11500
TCS_F1,20180423,14:56,3452,3452,3448.1,3450.65,12250
TCS_F1,20180423,14:57,3450.55,3450.55,3444.3,3445.1,23500
TCS_F1,20180423,14:58,3445,3447,3445,3445.05,14500
TCS_F1,20180423,14:59,3445.7,3445.7,3441,3444.65,21750
TCS_F1,20180423,15:00,3445,3445,3440.6,3440.6,8750
TCS_F1,20180423,15:01,3441,3441.35,3438.55,3439.8,26000
TCS_F1,20180423,15:02,3440,3442.2,3440,3441,8000
TCS_F1,20180423,15:03,3441.65,3442.5,3440,3441.25,8000
TCS_F1,20180423,15:04,3441,3441.05,3438.55,3439,15000
TCS_F1,20180423,15:05,3438.75,3439.95,3438.65,3439.35,10250
TCS_F1,20180423,15:06,3438.05,3438.9,3426.6,3427.5,126250
TCS_F1,20180423,15:07,3428,3428.25,3425.6,3425.6,52000
TCS_F1,20180423,15:08,3424.8,3425.5,3417.65,3418.75,92500
TCS_F1,20180423,15:09,3417.3,3418.05,3410.6,3410.6,150250
TCS_F1,20180423,15:10,3410.05,3414.8,3408.85,3414.25,133500
TCS_F1,20180423,15:11,3413.1,3414,3402,3402,128250
TCS_F1,20180423,15:12,3403.05,3407.4,3397.05,3399.9,137500
TCS_F1,20180423,15:13,3399,3411.95,3398.75,3410.2,93750
TCS_F1,20180423,15:14,3410.95,3416.95,3409.95,3416.15,56000
TCS_F1,20180423,15:15,3417,3419.3,3408.3,3409.7,75250
TCS_F1,20180423,15:16,3410,3410.6,3406,3406.55,52000
TCS_F1,20180423,15:17,3407,3409.7,3406,3406.65,31250
TCS_F1,20180423,15:18,3406.15,3407,3402.8,3403.05,40000
TCS_F1,20180423,15:19,3404.1,3411,3403.25,3411,45250
TCS_F1,20180423,15:20,3411.3,3413.25,3409.25,3412,25250
TCS_F1,20180423,15:21,3412,3412,3406.8,3411.75,36750
TCS_F1,20180423,15:22,3412.2,3413,3410.5,3411.95,25250
TCS_F1,20180423,15:23,3411.35,3418.5,3411.25,3413.1,60500
TCS_F1,20180423,15:24,3412.3,3416.8,3411.05,3413.65,55000
TCS_F1,20180423,15:25,3412.7,3413.7,3410.8,3411,19000
TCS_F1,20180423,15:26,3410.7,3412.7,3410.7,3412.4,15500
TCS_F1,20180423,15:27,3411.95,3412.75,3410,3411.5,35750
TCS_F1,20180423,15:28,3412,3412,3408.85,3408.85,38500
TCS_F1,20180423,15:29,3408.8,3409.55,3408,3409,32750
TCS_F1,20180423,15:30,3408.9,3409,3405.45,3407.95,44250
TCS_F1,20180423,15:31,3407,3407,3405.1,3405.1,1000
