BAJFINANCE,20210310,09:08,5440.00,5440.00,5440.00,5440.00,2719,0
BAJFINANCE,20210310,09:16,5444.00,5468.95,5440.00,5462.00,27571,0
BAJFINANCE,20210310,09:17,5462.00,5471.45,5456.55,5458.60,24404,0
BAJFINANCE,20210310,09:18,5453.30,5456.60,5445.95,5448.45,14006,0
BAJFINANCE,20210310,09:19,5448.55,5459.75,5448.50,5452.05,13800,0
BAJFINANCE,20210310,09:20,5454.25,5454.95,5447.10,5449.05,8753,0
BAJFINANCE,20210310,09:21,5447.05,5457.75,5447.05,5454.00,7797,0
BAJFINANCE,20210310,09:22,5456.00,5473.20,5455.35,5469.00,19633,0
BAJFINANCE,20210310,09:23,5469.20,5486.00,5469.15,5486.00,17738,0
BAJFINANCE,20210310,09:24,5488.50,5493.25,5485.20,5493.15,22863,0
BAJFINANCE,20210310,09:25,5493.45,5498.90,5491.40,5492.00,21704,0
BAJFINANCE,20210310,09:26,5492.00,5493.00,5476.65,5477.95,22442,0
BAJFINANCE,20210310,09:27,5477.30,5482.00,5476.15,5477.40,9853,0
BAJFINANCE,20210310,09:28,5475.40,5480.00,5475.00,5480.00,8757,0
BAJFINANCE,20210310,09:29,5478.00,5489.95,5478.00,5489.25,7930,0
BAJFINANCE,20210310,09:30,5487.50,5496.25,5487.50,5495.45,15446,0
BAJFINANCE,20210310,09:31,5495.45,5495.45,5487.15,5490.20,8639,0
BAJFINANCE,20210310,09:32,5492.00,5510.00,5490.45,5505.80,40833,0
BAJFINANCE,20210310,09:33,5505.90,5508.00,5497.05,5503.00,19163,0
BAJFINANCE,20210310,09:34,5501.80,5515.00,5501.80,5515.00,23213,0
BAJFINANCE,20210310,09:35,5513.00,5515.00,5506.00,5506.00,18985,0
BAJFINANCE,20210310,09:36,5507.85,5512.90,5506.00,5509.80,8988,0
BAJFINANCE,20210310,09:37,5508.95,5508.95,5504.00,5504.00,8318,0
BAJFINANCE,20210310,09:38,5503.45,5507.00,5501.50,5502.25,10608,0
BAJFINANCE,20210310,09:39,5502.25,5504.90,5492.75,5492.75,10135,0
BAJFINANCE,20210310,09:40,5496.35,5498.80,5488.45,5488.45,14278,0
BAJFINANCE,20210310,09:41,5491.95,5502.80,5487.55,5502.80,10764,0
BAJFINANCE,20210310,09:42,5501.00,5510.00,5500.05,5507.20,11846,0
BAJFINANCE,20210310,09:43,5507.20,5509.00,5501.00,5501.00,4873,0
BAJFINANCE,20210310,09:44,5501.05,5508.00,5500.40,5508.00,4322,0
BAJFINANCE,20210310,09:45,5507.60,5509.90,5507.50,5509.90,4076,0
BAJFINANCE,20210310,09:46,5510.90,5525.00,5510.90,5522.05,31534,0
BAJFINANCE,20210310,09:47,5520.85,5523.75,5518.20,5519.15,10583,0
BAJFINANCE,20210310,09:48,5519.00,5519.00,5514.00,5517.00,12075,0
BAJFINANCE,20210310,09:49,5516.15,5516.80,5511.65,5513.15,3100,0
BAJFINANCE,20210310,09:50,5511.70,5512.65,5504.00,5510.00,7731,0
BAJFINANCE,20210310,09:51,5509.00,5520.00,5509.00,5520.00,10092,0
BAJFINANCE,20210310,09:52,5520.00,5520.70,5512.45,5513.90,5231,0
BAJFINANCE,20210310,09:53,5513.90,5514.85,5505.25,5505.70,6336,0
BAJFINANCE,20210310,09:54,5505.70,5509.95,5505.70,5507.70,2695,0
BAJFINANCE,20210310,09:55,5508.00,5508.00,5503.30,5504.00,3695,0
BAJFINANCE,20210310,09:56,5503.30,5504.00,5494.60,5495.70,10804,0
BAJFINANCE,20210310,09:57,5495.85,5503.00,5495.80,5500.30,4689,0
BAJFINANCE,20210310,09:58,5500.30,5502.90,5500.00,5500.00,3783,0
BAJFINANCE,20210310,09:59,5500.95,5503.00,5498.85,5500.00,3498,0
BAJFINANCE,20210310,10:00,5500.60,5500.95,5496.40,5496.90,7002,0
BAJFINANCE,20210310,10:01,5496.90,5510.00,5496.85,5509.80,6500,0
BAJFINANCE,20210310,10:02,5508.15,5515.00,5508.00,5515.00,6411,0
BAJFINANCE,20210310,10:03,5515.00,5516.00,5512.15,5516.00,6480,0
BAJFINANCE,20210310,10:04,5515.00,5516.80,5513.60,5516.80,7743,0
BAJFINANCE,20210310,10:05,5516.85,5518.00,5514.00,5517.00,5340,0
BAJFINANCE,20210310,10:06,5518.00,5518.00,5516.00,5516.85,3914,0
BAJFINANCE,20210310,10:07,5517.00,5518.10,5516.85,5517.25,6416,0
BAJFINANCE,20210310,10:08,5518.00,5519.00,5513.10,5513.10,7215,0
BAJFINANCE,20210310,10:09,5513.25,5515.90,5510.00,5514.00,5767,0
BAJFINANCE,20210310,10:10,5514.00,5518.00,5512.55,5517.00,2457,0
BAJFINANCE,20210310,10:11,5517.00,5520.00,5516.10,5519.00,4836,0
BAJFINANCE,20210310,10:12,5520.00,5525.00,5519.20,5525.00,11464,0
BAJFINANCE,20210310,10:13,5525.00,5531.00,5524.90,5528.50,31406,0
BAJFINANCE,20210310,10:14,5526.05,5529.00,5525.30,5526.00,8880,0
BAJFINANCE,20210310,10:15,5526.05,5528.50,5526.00,5526.00,5202,0
BAJFINANCE,20210310,10:16,5527.00,5528.50,5522.05,5522.80,7539,0
BAJFINANCE,20210310,10:17,5521.40,5525.20,5521.00,5523.35,6301,0
BAJFINANCE,20210310,10:18,5523.00,5524.00,5518.00,5520.00,6409,0
BAJFINANCE,20210310,10:19,5520.00,5523.25,5518.00,5519.45,6030,0
BAJFINANCE,20210310,10:20,5520.65,5522.00,5519.30,5522.00,2694,0
BAJFINANCE,20210310,10:21,5522.00,5522.00,5516.30,5517.00,4056,0
BAJFINANCE,20210310,10:22,5517.00,5522.00,5517.00,5520.00,1811,0
BAJFINANCE,20210310,10:23,5520.00,5521.90,5511.65,5513.10,6927,0
BAJFINANCE,20210310,10:24,5513.25,5520.00,5510.00,5518.00,4699,0
BAJFINANCE,20210310,10:25,5519.00,5519.15,5510.00,5510.20,3142,0
BAJFINANCE,20210310,10:26,5511.65,5511.80,5510.00,5510.10,1928,0
BAJFINANCE,20210310,10:27,5510.00,5513.00,5510.00,5513.00,4574,0
BAJFINANCE,20210310,10:28,5512.10,5513.00,5507.10,5507.10,4287,0
BAJFINANCE,20210310,10:29,5508.15,5510.00,5504.20,5510.00,4760,0
BAJFINANCE,20210310,10:30,5510.00,5511.00,5507.00,5507.00,2658,0
BAJFINANCE,20210310,10:31,5507.00,5507.00,5501.00,5501.00,4883,0
BAJFINANCE,20210310,10:32,5501.00,5502.05,5486.70,5488.00,25622,0
BAJFINANCE,20210310,10:33,5490.00,5496.10,5488.50,5494.00,9253,0
BAJFINANCE,20210310,10:34,5494.00,5495.60,5494.00,5495.00,2542,0
BAJFINANCE,20210310,10:35,5495.45,5496.00,5495.00,5495.40,3599,0
BAJFINANCE,20210310,10:36,5495.30,5495.55,5492.00,5493.00,3058,0
BAJFINANCE,20210310,10:37,5492.05,5504.00,5492.00,5501.10,9703,0
BAJFINANCE,20210310,10:38,5501.10,5503.00,5500.10,5503.00,3085,0
BAJFINANCE,20210310,10:39,5502.80,5519.60,5502.80,5517.40,23596,0
BAJFINANCE,20210310,10:40,5518.00,5518.00,5510.80,5515.00,6911,0
BAJFINANCE,20210310,10:41,5514.15,5516.30,5513.00,5516.00,4381,0
BAJFINANCE,20210310,10:42,5515.95,5517.00,5508.60,5514.10,7396,0
BAJFINANCE,20210310,10:43,5514.00,5514.10,5511.10,5511.10,2307,0
BAJFINANCE,20210310,10:44,5512.40,5513.20,5506.00,5506.55,3279,0
BAJFINANCE,20210310,10:45,5508.35,5508.75,5501.10,5504.10,8431,0
BAJFINANCE,20210310,10:46,5506.00,5506.00,5495.00,5503.50,16088,0
BAJFINANCE,20210310,10:47,5503.50,5503.60,5501.00,5501.20,2210,0
BAJFINANCE,20210310,10:48,5501.20,5501.20,5499.85,5499.85,2292,0
BAJFINANCE,20210310,10:49,5500.00,5500.30,5499.85,5500.30,1489,0
BAJFINANCE,20210310,10:50,5500.00,5502.90,5500.00,5502.00,3175,0
BAJFINANCE,20210310,10:51,5503.00,5504.95,5502.00,5504.05,3265,0
BAJFINANCE,20210310,10:52,5503.00,5505.65,5503.00,5504.20,1496,0
BAJFINANCE,20210310,10:53,5506.00,5507.75,5505.00,5506.70,1673,0
BAJFINANCE,20210310,10:54,5506.70,5508.00,5506.05,5508.00,776,0
BAJFINANCE,20210310,10:55,5508.00,5509.95,5506.75,5508.00,3183,0
BAJFINANCE,20210310,10:56,5507.00,5508.00,5505.70,5507.05,1696,0
BAJFINANCE,20210310,10:57,5507.00,5507.15,5502.20,5502.20,1733,0
BAJFINANCE,20210310,10:58,5502.20,5503.45,5497.30,5497.80,5708,0
BAJFINANCE,20210310,10:59,5500.10,5500.10,5497.05,5498.70,3529,0
BAJFINANCE,20210310,11:00,5499.50,5499.50,5495.00,5496.90,3209,0
BAJFINANCE,20210310,11:01,5496.90,5502.00,5496.00,5500.45,5230,0
BAJFINANCE,20210310,11:02,5498.10,5499.90,5497.35,5499.70,881,0
BAJFINANCE,20210310,11:03,5499.70,5499.70,5484.60,5484.60,22860,0
BAJFINANCE,20210310,11:04,5482.95,5488.90,5482.10,5487.50,8734,0
BAJFINANCE,20210310,11:05,5487.50,5490.95,5487.30,5490.00,3316,0
BAJFINANCE,20210310,11:06,5488.80,5490.00,5486.00,5490.00,4117,0
BAJFINANCE,20210310,11:07,5490.00,5494.10,5490.00,5494.10,3092,0
BAJFINANCE,20210310,11:08,5492.55,5498.00,5492.55,5496.80,3439,0
BAJFINANCE,20210310,11:09,5494.35,5496.20,5493.05,5495.00,1150,0
BAJFINANCE,20210310,11:10,5494.40,5498.00,5493.00,5496.00,2586,0
BAJFINANCE,20210310,11:11,5498.00,5498.00,5493.00,5494.00,3827,0
BAJFINANCE,20210310,11:12,5494.00,5494.00,5490.00,5491.35,2989,0
BAJFINANCE,20210310,11:13,5492.45,5495.20,5491.60,5495.20,1095,0
BAJFINANCE,20210310,11:14,5496.00,5497.20,5495.00,5496.75,855,0
BAJFINANCE,20210310,11:15,5496.75,5496.90,5495.00,5495.00,902,0
BAJFINANCE,20210310,11:16,5496.00,5496.10,5495.00,5496.00,954,0
BAJFINANCE,20210310,11:17,5496.00,5503.50,5495.00,5503.50,5790,0
BAJFINANCE,20210310,11:18,5503.65,5505.00,5497.10,5500.00,3774,0
BAJFINANCE,20210310,11:19,5498.20,5500.00,5496.95,5499.00,1391,0
BAJFINANCE,20210310,11:20,5499.50,5503.90,5499.00,5503.80,2419,0
BAJFINANCE,20210310,11:21,5502.00,5503.60,5497.05,5499.90,1074,0
BAJFINANCE,20210310,11:22,5499.85,5499.95,5496.90,5498.85,655,0
BAJFINANCE,20210310,11:23,5498.75,5498.90,5496.90,5497.00,637,0
BAJFINANCE,20210310,11:24,5497.60,5497.75,5495.10,5497.70,579,0
BAJFINANCE,20210310,11:25,5497.65,5497.75,5495.20,5495.20,1669,0
BAJFINANCE,20210310,11:26,5495.50,5498.00,5494.95,5498.00,4645,0
BAJFINANCE,20210310,11:27,5498.00,5504.80,5495.35,5504.20,3909,0
BAJFINANCE,20210310,11:28,5503.85,5505.00,5501.75,5504.00,1130,0
BAJFINANCE,20210310,11:29,5504.00,5504.15,5501.95,5502.00,1035,0
BAJFINANCE,20210310,11:30,5502.00,5503.15,5501.00,5501.95,1248,0
BAJFINANCE,20210310,11:31,5501.95,5504.20,5501.00,5504.20,4271,0
BAJFINANCE,20210310,11:32,5504.20,5505.00,5499.95,5499.95,5558,0
BAJFINANCE,20210310,11:33,5499.95,5500.00,5496.10,5499.30,1404,0
BAJFINANCE,20210310,11:34,5497.10,5499.30,5497.00,5499.00,1353,0
BAJFINANCE,20210310,11:35,5499.00,5499.00,5490.00,5490.05,9387,0
BAJFINANCE,20210310,11:36,5490.00,5490.05,5487.25,5489.15,3101,0
BAJFINANCE,20210310,11:37,5489.15,5490.15,5488.50,5489.15,4232,0
BAJFINANCE,20210310,11:38,5490.15,5493.00,5486.00,5488.00,6775,0
BAJFINANCE,20210310,11:39,5488.00,5488.00,5485.00,5485.95,3917,0
BAJFINANCE,20210310,11:40,5485.95,5488.00,5484.70,5487.00,1490,0
BAJFINANCE,20210310,11:41,5489.55,5490.00,5487.00,5489.40,2659,0
BAJFINANCE,20210310,11:42,5489.40,5490.00,5488.85,5489.75,1977,0
BAJFINANCE,20210310,11:43,5489.75,5489.75,5488.70,5489.00,967,0
BAJFINANCE,20210310,11:44,5489.50,5489.60,5488.00,5489.00,2101,0
BAJFINANCE,20210310,11:45,5488.85,5493.90,5488.80,5493.90,2461,0
BAJFINANCE,20210310,11:46,5493.00,5495.20,5491.25,5492.30,3640,0
BAJFINANCE,20210310,11:47,5492.45,5495.00,5489.95,5492.25,1556,0
BAJFINANCE,20210310,11:48,5492.25,5493.95,5490.95,5492.50,1104,0
BAJFINANCE,20210310,11:49,5492.35,5495.00,5492.35,5495.00,3278,0
BAJFINANCE,20210310,11:50,5493.00,5495.15,5493.00,5493.90,987,0
BAJFINANCE,20210310,11:51,5494.00,5494.05,5490.50,5491.20,3020,0
BAJFINANCE,20210310,11:52,5490.50,5493.00,5490.00,5490.05,919,0
BAJFINANCE,20210310,11:53,5492.25,5492.85,5489.95,5490.05,555,0
BAJFINANCE,20210310,11:54,5490.00,5498.35,5489.95,5496.05,3638,0
BAJFINANCE,20210310,11:55,5497.25,5497.80,5496.05,5496.80,1695,0
BAJFINANCE,20210310,11:56,5496.80,5498.00,5496.35,5498.00,1023,0
BAJFINANCE,20210310,11:57,5496.50,5496.65,5490.90,5490.90,2242,0
BAJFINANCE,20210310,11:58,5492.00,5492.00,5490.15,5492.00,1044,0
BAJFINANCE,20210310,11:59,5490.95,5494.20,5490.95,5493.90,2277,0
BAJFINANCE,20210310,12:00,5492.35,5494.40,5492.05,5494.00,1503,0
BAJFINANCE,20210310,12:01,5494.15,5494.15,5492.95,5494.10,856,0
BAJFINANCE,20210310,12:02,5493.65,5495.70,5493.00,5493.00,2901,0
BAJFINANCE,20210310,12:03,5493.75,5493.75,5484.15,5484.15,7156,0
BAJFINANCE,20210310,12:04,5486.85,5488.20,5485.30,5485.35,2142,0
BAJFINANCE,20210310,12:05,5486.00,5490.00,5485.30,5487.90,2760,0
BAJFINANCE,20210310,12:06,5488.90,5488.95,5486.00,5486.90,1875,0
BAJFINANCE,20210310,12:07,5486.35,5487.05,5485.35,5485.35,2355,0
BAJFINANCE,20210310,12:08,5485.35,5486.15,5485.35,5486.05,1292,0
BAJFINANCE,20210310,12:09,5486.10,5488.00,5486.00,5487.10,2035,0
BAJFINANCE,20210310,12:10,5488.00,5489.00,5487.05,5489.00,2172,0
BAJFINANCE,20210310,12:11,5488.00,5489.00,5485.00,5485.00,3706,0
BAJFINANCE,20210310,12:12,5486.15,5486.15,5483.95,5485.00,2414,0
BAJFINANCE,20210310,12:13,5485.00,5485.15,5483.70,5485.15,1838,0
BAJFINANCE,20210310,12:14,5484.55,5488.00,5484.55,5485.65,3478,0
BAJFINANCE,20210310,12:15,5485.50,5487.00,5485.35,5486.90,2121,0
BAJFINANCE,20210310,12:16,5486.90,5490.90,5486.00,5490.00,2613,0
BAJFINANCE,20210310,12:17,5490.65,5492.00,5490.00,5490.00,1516,0
BAJFINANCE,20210310,12:18,5491.00,5491.15,5488.75,5490.00,2025,0
BAJFINANCE,20210310,12:19,5490.00,5490.15,5485.10,5485.10,1475,0
BAJFINANCE,20210310,12:20,5485.90,5486.00,5471.00,5473.10,22687,0
BAJFINANCE,20210310,12:21,5473.10,5479.00,5473.10,5475.70,5617,0
BAJFINANCE,20210310,12:22,5475.70,5480.00,5475.55,5480.00,4775,0
BAJFINANCE,20210310,12:23,5480.00,5483.15,5480.00,5483.00,2797,0
BAJFINANCE,20210310,12:24,5482.95,5484.00,5482.60,5484.00,1540,0
BAJFINANCE,20210310,12:25,5484.00,5485.15,5483.40,5485.05,1913,0
BAJFINANCE,20210310,12:26,5485.15,5490.00,5485.15,5489.85,2286,0
BAJFINANCE,20210310,12:27,5489.85,5492.90,5487.85,5490.25,4579,0
BAJFINANCE,20210310,12:28,5492.85,5495.00,5492.00,5492.00,4896,0
BAJFINANCE,20210310,12:29,5492.00,5494.25,5492.00,5493.55,2068,0
BAJFINANCE,20210310,12:30,5494.00,5494.00,5491.45,5491.45,3140,0
BAJFINANCE,20210310,12:31,5493.05,5493.15,5491.45,5492.35,1400,0
BAJFINANCE,20210310,12:32,5492.35,5493.00,5492.35,5492.75,1468,0
BAJFINANCE,20210310,12:33,5492.75,5495.00,5492.75,5494.05,2279,0
BAJFINANCE,20210310,12:34,5495.00,5503.15,5494.05,5502.05,10430,0
BAJFINANCE,20210310,12:35,5500.00,5505.00,5499.05,5504.00,10312,0
BAJFINANCE,20210310,12:36,5504.00,5505.00,5503.90,5504.95,4954,0
BAJFINANCE,20210310,12:37,5504.50,5510.15,5504.00,5509.90,16189,0
BAJFINANCE,20210310,12:38,5509.90,5515.00,5508.00,5514.20,13620,0
BAJFINANCE,20210310,12:39,5514.65,5516.00,5512.10,5513.30,6848,0
BAJFINANCE,20210310,12:40,5515.50,5517.20,5513.65,5517.00,4538,0
BAJFINANCE,20210310,12:41,5517.00,5523.90,5514.00,5523.00,22062,0
BAJFINANCE,20210310,12:42,5523.00,5523.00,5512.75,5513.70,7289,0
BAJFINANCE,20210310,12:43,5515.55,5515.55,5512.95,5513.05,3460,0
BAJFINANCE,20210310,12:44,5513.05,5513.25,5511.15,5512.00,2420,0
BAJFINANCE,20210310,12:45,5512.00,5513.20,5511.05,5511.50,2206,0
BAJFINANCE,20210310,12:46,5511.10,5517.40,5511.10,5516.50,5386,0
BAJFINANCE,20210310,12:47,5514.25,5517.00,5514.20,5515.25,1759,0
BAJFINANCE,20210310,12:48,5515.35,5516.85,5510.00,5510.85,3570,0
BAJFINANCE,20210310,12:49,5511.50,5511.50,5504.00,5505.00,9452,0
BAJFINANCE,20210310,12:50,5504.50,5506.70,5504.00,5505.05,2811,0
BAJFINANCE,20210310,12:51,5506.55,5514.05,5505.45,5510.50,3836,0
BAJFINANCE,20210310,12:52,5510.50,5511.65,5509.05,5509.05,1661,0
BAJFINANCE,20210310,12:53,5510.95,5511.00,5508.90,5510.10,1614,0
BAJFINANCE,20210310,12:54,5510.15,5512.00,5510.05,5512.00,1949,0
BAJFINANCE,20210310,12:55,5511.75,5512.00,5511.00,5511.00,1620,0
BAJFINANCE,20210310,12:56,5511.00,5511.05,5509.15,5510.95,819,0
BAJFINANCE,20210310,12:57,5511.00,5515.00,5511.00,5513.40,3432,0
BAJFINANCE,20210310,12:58,5514.00,5516.10,5513.70,5514.90,2964,0
BAJFINANCE,20210310,12:59,5514.90,5517.85,5510.65,5513.60,4954,0
BAJFINANCE,20210310,13:00,5513.65,5516.00,5511.10,5515.15,1512,0
BAJFINANCE,20210310,13:01,5515.15,5516.00,5513.00,5513.00,2270,0
BAJFINANCE,20210310,13:02,5513.00,5513.60,5510.15,5510.30,1044,0
BAJFINANCE,20210310,13:03,5510.40,5513.00,5510.30,5511.75,3218,0
BAJFINANCE,20210310,13:04,5511.80,5512.15,5497.20,5500.75,16014,0
BAJFINANCE,20210310,13:05,5503.80,5506.35,5500.80,5505.00,2130,0
BAJFINANCE,20210310,13:06,5505.00,5507.60,5505.00,5505.60,1148,0
BAJFINANCE,20210310,13:07,5506.05,5507.15,5506.05,5507.00,1147,0
BAJFINANCE,20210310,13:08,5506.90,5513.00,5506.90,5512.00,1162,0
BAJFINANCE,20210310,13:09,5512.50,5514.00,5512.50,5514.00,1448,0
BAJFINANCE,20210310,13:10,5514.00,5515.00,5513.35,5514.95,2616,0
BAJFINANCE,20210310,13:11,5514.95,5515.00,5511.00,5512.90,2592,0
BAJFINANCE,20210310,13:12,5513.15,5513.30,5508.30,5510.00,1957,0
BAJFINANCE,20210310,13:13,5508.40,5513.00,5508.40,5512.00,2765,0
BAJFINANCE,20210310,13:14,5510.00,5512.15,5510.00,5512.10,693,0
BAJFINANCE,20210310,13:15,5513.00,5515.00,5512.20,5513.55,2792,0
BAJFINANCE,20210310,13:16,5516.00,5520.00,5516.00,5519.60,12284,0
BAJFINANCE,20210310,13:17,5519.60,5522.00,5519.60,5521.00,4735,0
BAJFINANCE,20210310,13:18,5521.00,5521.00,5518.05,5518.05,4543,0
BAJFINANCE,20210310,13:19,5519.95,5520.00,5518.80,5518.90,1511,0
BAJFINANCE,20210310,13:20,5518.90,5519.10,5516.00,5518.90,3687,0
BAJFINANCE,20210310,13:21,5518.90,5520.50,5517.05,5518.85,2943,0
BAJFINANCE,20210310,13:22,5518.85,5519.15,5513.25,5515.05,2920,0
BAJFINANCE,20210310,13:23,5515.00,5516.00,5513.10,5515.90,1822,0
BAJFINANCE,20210310,13:24,5515.85,5516.00,5515.50,5515.90,1585,0
BAJFINANCE,20210310,13:25,5515.75,5517.95,5515.00,5517.70,4390,0
BAJFINANCE,20210310,13:26,5515.20,5518.55,5515.20,5517.70,1089,0
BAJFINANCE,20210310,13:27,5517.45,5518.00,5517.30,5517.95,1761,0
BAJFINANCE,20210310,13:28,5517.80,5517.95,5513.60,5514.00,1938,0
BAJFINANCE,20210310,13:29,5515.00,5515.00,5513.95,5514.25,929,0
BAJFINANCE,20210310,13:30,5514.25,5515.00,5514.15,5514.80,1376,0
BAJFINANCE,20210310,13:31,5515.00,5515.15,5514.85,5515.15,1671,0
BAJFINANCE,20210310,13:32,5515.00,5515.15,5514.10,5514.75,2018,0
BAJFINANCE,20210310,13:33,5514.75,5515.10,5513.60,5513.60,2031,0
BAJFINANCE,20210310,13:34,5513.60,5513.60,5507.20,5509.15,3805,0
BAJFINANCE,20210310,13:35,5509.15,5512.00,5508.95,5511.45,1883,0
BAJFINANCE,20210310,13:36,5510.00,5513.50,5509.05,5509.05,2504,0
BAJFINANCE,20210310,13:37,5510.00,5510.00,5505.00,5507.00,2535,0
BAJFINANCE,20210310,13:38,5505.10,5507.00,5505.05,5505.30,2665,0
BAJFINANCE,20210310,13:39,5505.70,5511.00,5505.30,5510.00,2469,0
BAJFINANCE,20210310,13:40,5510.00,5511.65,5510.00,5510.65,1585,0
BAJFINANCE,20210310,13:41,5511.15,5514.80,5510.65,5514.15,2042,0
BAJFINANCE,20210310,13:42,5514.10,5514.30,5513.00,5513.00,2586,0
BAJFINANCE,20210310,13:43,5513.00,5513.00,5509.45,5512.00,1230,0
BAJFINANCE,20210310,13:44,5512.00,5517.80,5511.65,5515.55,5208,0
BAJFINANCE,20210310,13:45,5515.55,5518.00,5515.55,5517.80,1836,0
BAJFINANCE,20210310,13:46,5517.80,5520.00,5517.75,5519.95,4084,0
BAJFINANCE,20210310,13:47,5520.00,5520.00,5515.00,5516.75,2284,0
BAJFINANCE,20210310,13:48,5516.75,5516.75,5514.85,5514.85,1224,0
BAJFINANCE,20210310,13:49,5515.00,5518.00,5514.85,5517.00,1203,0
BAJFINANCE,20210310,13:50,5518.00,5519.95,5517.00,5519.60,1773,0
BAJFINANCE,20210310,13:51,5519.60,5520.00,5519.45,5519.50,3182,0
BAJFINANCE,20210310,13:52,5519.85,5519.95,5517.60,5519.00,2573,0
BAJFINANCE,20210310,13:53,5519.00,5519.10,5517.50,5518.00,991,0
BAJFINANCE,20210310,13:54,5519.00,5519.50,5518.00,5518.50,1318,0
BAJFINANCE,20210310,13:55,5519.00,5519.00,5518.00,5518.45,1648,0
BAJFINANCE,20210310,13:56,5518.45,5518.60,5517.50,5517.50,1856,0
BAJFINANCE,20210310,13:57,5518.00,5518.00,5516.00,5517.45,1227,0
BAJFINANCE,20210310,13:58,5517.45,5518.50,5517.45,5517.60,2522,0
BAJFINANCE,20210310,13:59,5518.00,5518.15,5517.60,5517.90,1456,0
BAJFINANCE,20210310,14:00,5518.00,5518.00,5515.10,5515.10,3120,0
BAJFINANCE,20210310,14:01,5515.65,5515.65,5506.70,5511.50,5058,0
BAJFINANCE,20210310,14:02,5513.05,5513.80,5511.50,5513.70,1538,0
BAJFINANCE,20210310,14:03,5513.70,5513.70,5510.00,5510.00,1762,0
BAJFINANCE,20210310,14:04,5511.00,5515.00,5510.00,5515.00,1647,0
BAJFINANCE,20210310,14:05,5515.00,5515.00,5510.05,5510.10,1867,0
BAJFINANCE,20210310,14:06,5510.20,5513.90,5510.10,5512.40,1228,0
BAJFINANCE,20210310,14:07,5512.40,5515.00,5508.00,5508.00,4850,0
BAJFINANCE,20210310,14:08,5510.30,5513.70,5508.00,5513.70,1650,0
BAJFINANCE,20210310,14:09,5513.80,5517.80,5511.15,5514.00,4068,0
BAJFINANCE,20210310,14:10,5512.45,5514.00,5508.20,5508.85,4191,0
BAJFINANCE,20210310,14:11,5511.80,5512.65,5509.00,5510.00,2350,0
BAJFINANCE,20210310,14:12,5510.00,5511.85,5509.50,5510.60,1719,0
BAJFINANCE,20210310,14:13,5512.00,5514.00,5510.55,5511.00,1463,0
BAJFINANCE,20210310,14:14,5512.90,5513.85,5509.25,5510.00,3226,0
BAJFINANCE,20210310,14:15,5509.30,5512.15,5509.30,5510.00,3359,0
BAJFINANCE,20210310,14:16,5510.00,5513.40,5504.30,5505.00,9705,0
BAJFINANCE,20210310,14:17,5505.00,5508.95,5504.50,5505.00,18691,0
BAJFINANCE,20210310,14:18,5505.00,5507.05,5504.00,5505.45,2613,0
BAJFINANCE,20210310,14:19,5505.45,5508.00,5504.05,5507.05,1763,0
BAJFINANCE,20210310,14:20,5507.45,5512.80,5507.05,5512.80,2568,0
BAJFINANCE,20210310,14:21,5512.00,5515.00,5512.00,5514.00,1804,0
BAJFINANCE,20210310,14:22,5514.00,5515.00,5514.00,5514.00,1740,0
BAJFINANCE,20210310,14:23,5514.50,5514.50,5512.00,5514.00,1407,0
BAJFINANCE,20210310,14:24,5514.00,5516.75,5512.50,5515.00,3344,0
BAJFINANCE,20210310,14:25,5513.15,5516.00,5513.15,5514.00,955,0
BAJFINANCE,20210310,14:26,5514.80,5515.00,5513.50,5514.00,1644,0
BAJFINANCE,20210310,14:27,5514.50,5514.50,5513.95,5513.95,1012,0
BAJFINANCE,20210310,14:28,5514.00,5514.00,5508.00,5508.00,2147,0
BAJFINANCE,20210310,14:29,5510.00,5512.25,5508.00,5510.00,728,0
BAJFINANCE,20210310,14:30,5512.00,5514.40,5511.35,5513.70,1214,0
BAJFINANCE,20210310,14:31,5514.00,5516.00,5512.70,5515.00,3028,0
BAJFINANCE,20210310,14:32,5515.00,5515.95,5515.00,5515.90,1846,0
BAJFINANCE,20210310,14:33,5515.90,5519.00,5513.20,5513.20,5926,0
BAJFINANCE,20210310,14:34,5515.00,5516.90,5513.05,5514.00,1039,0
BAJFINANCE,20210310,14:35,5515.10,5516.00,5513.90,5515.00,2683,0
BAJFINANCE,20210310,14:36,5516.00,5516.90,5515.00,5516.00,1117,0
BAJFINANCE,20210310,14:37,5516.80,5544.00,5515.35,5543.00,64308,0
BAJFINANCE,20210310,14:38,5543.00,5545.00,5541.15,5542.50,14336,0
BAJFINANCE,20210310,14:39,5542.00,5543.50,5535.10,5537.95,9118,0
BAJFINANCE,20210310,14:40,5539.00,5549.00,5538.30,5547.20,17051,0
BAJFINANCE,20210310,14:41,5549.00,5550.00,5542.55,5543.50,15935,0
BAJFINANCE,20210310,14:42,5544.90,5544.95,5541.80,5542.20,5241,0
BAJFINANCE,20210310,14:43,5543.00,5550.00,5542.10,5547.85,10904,0
BAJFINANCE,20210310,14:44,5547.95,5550.00,5544.00,5545.00,4886,0
BAJFINANCE,20210310,14:45,5545.45,5560.00,5544.85,5557.85,35956,0
BAJFINANCE,20210310,14:46,5558.25,5561.00,5555.20,5558.70,23888,0
BAJFINANCE,20210310,14:47,5557.10,5559.90,5554.00,5558.70,16498,0
BAJFINANCE,20210310,14:48,5560.00,5561.00,5555.50,5559.00,10686,0
BAJFINANCE,20210310,14:49,5560.00,5561.00,5558.00,5559.85,8751,0
BAJFINANCE,20210310,14:50,5560.00,5560.00,5550.70,5550.70,10436,0
BAJFINANCE,20210310,14:51,5550.00,5550.70,5545.00,5548.00,12141,0
BAJFINANCE,20210310,14:52,5546.25,5555.00,5546.25,5551.00,6419,0
BAJFINANCE,20210310,14:53,5552.60,5554.00,5551.00,5551.10,4073,0
BAJFINANCE,20210310,14:54,5552.00,5552.00,5548.00,5549.50,3530,0
BAJFINANCE,20210310,14:55,5549.50,5549.85,5546.00,5547.25,4561,0
BAJFINANCE,20210310,14:56,5549.00,5549.40,5547.25,5547.25,3487,0
BAJFINANCE,20210310,14:57,5547.25,5547.25,5537.00,5538.05,15888,0
BAJFINANCE,20210310,14:58,5539.95,5544.00,5537.90,5542.65,6458,0
BAJFINANCE,20210310,14:59,5542.35,5542.35,5537.95,5541.60,6276,0
BAJFINANCE,20210310,15:00,5540.10,5549.40,5540.05,5548.00,5467,0
BAJFINANCE,20210310,15:01,5546.50,5550.45,5546.50,5547.00,10015,0
BAJFINANCE,20210310,15:02,5547.00,5547.05,5545.00,5546.10,3335,0
BAJFINANCE,20210310,15:03,5546.45,5548.00,5546.00,5546.60,3185,0
BAJFINANCE,20210310,15:04,5546.60,5548.95,5546.60,5546.80,3450,0
BAJFINANCE,20210310,15:05,5546.80,5548.00,5546.50,5546.55,4401,0
BAJFINANCE,20210310,15:06,5546.55,5549.00,5546.00,5547.05,7028,0
BAJFINANCE,20210310,15:07,5547.05,5547.10,5546.30,5546.30,2866,0
BAJFINANCE,20210310,15:08,5546.35,5546.35,5540.45,5540.45,9004,0
BAJFINANCE,20210310,15:09,5542.95,5544.95,5541.00,5542.05,5381,0
BAJFINANCE,20210310,15:10,5545.00,5547.30,5543.00,5545.10,5445,0
BAJFINANCE,20210310,15:11,5545.10,5548.80,5545.10,5546.40,8233,0
BAJFINANCE,20210310,15:12,5548.60,5549.55,5546.00,5547.90,9189,0
BAJFINANCE,20210310,15:13,5546.95,5547.90,5546.00,5546.95,7304,0
BAJFINANCE,20210310,15:14,5547.80,5549.00,5546.00,5548.55,4934,0
BAJFINANCE,20210310,15:15,5548.50,5552.00,5548.50,5550.15,16214,0
BAJFINANCE,20210310,15:16,5550.00,5552.00,5544.00,5545.00,17902,0
BAJFINANCE,20210310,15:17,5545.35,5549.80,5545.35,5546.20,12461,0
BAJFINANCE,20210310,15:18,5546.85,5549.65,5543.85,5546.00,15240,0
BAJFINANCE,20210310,15:19,5543.85,5547.50,5541.90,5544.00,21181,0
BAJFINANCE,20210310,15:20,5543.60,5545.00,5543.50,5544.00,7914,0
BAJFINANCE,20210310,15:21,5545.00,5546.50,5541.00,5541.05,20630,0
BAJFINANCE,20210310,15:22,5542.00,5549.00,5534.95,5537.00,16110,0
BAJFINANCE,20210310,15:23,5537.00,5540.80,5536.00,5540.60,3971,0
BAJFINANCE,20210310,15:24,5540.50,5540.50,5536.50,5536.65,5277,0
BAJFINANCE,20210310,15:25,5536.55,5537.65,5536.40,5536.90,2747,0
BAJFINANCE,20210310,15:26,5536.90,5542.00,5536.90,5540.25,5014,0
BAJFINANCE,20210310,15:27,5539.10,5542.95,5539.10,5540.25,4353,0
BAJFINANCE,20210310,15:28,5541.00,5541.00,5537.55,5537.60,4346,0
BAJFINANCE,20210310,15:29,5539.85,5540.00,5532.85,5535.30,8003,0
BAJFINANCE,20210310,15:30,5535.30,5538.95,5534.15,5538.00,3761,0
BAJFINANCE,20210310,15:31,5538.00,5538.00,5538.00,5538.00,81,0
BAJFINANCE,20210310,15:32,5545.05,5545.05,5545.05,5545.05,0,0
BAJFINANCE,20210310,15:41,5545.05,5545.05,5545.05,5545.05,189,0
BAJFINANCE,20210310,16:47,5545.05,5545.05,5545.05,5545.05,0,0
