HDFCBANK_F1,20181030,09:16,1931.95,1932.95,1927.35,1929.00,132750,12469000
HDFCBANK_F1,20181030,09:17,1928.30,1931.60,1926.05,1927.00,95250,12469000
HDFCBANK_F1,20181030,09:18,1927.00,1928.00,1925.20,1926.75,33000,12469000
HDFCBANK_F1,20181030,09:19,1926.80,1927.05,1925.80,1925.80,43750,12533000
HDFCBANK_F1,20181030,09:20,1925.90,1927.05,1925.00,1925.90,36750,12533000
HDFCBANK_F1,20181030,09:21,1925.50,1928.80,1925.40,1928.20,92000,12533000
HDFCBANK_F1,20181030,09:22,1928.10,1929.75,1926.10,1926.25,73750,12609750
HDFCBANK_F1,20181030,09:23,1926.90,1927.35,1925.95,1926.45,32250,12609750
HDFCBANK_F1,20181030,09:24,1926.95,1927.55,1926.00,1926.00,44500,12609750
HDFCBANK_F1,20181030,09:25,1925.80,1926.55,1921.00,1922.50,50750,12643000
HDFCBANK_F1,20181030,09:26,1922.35,1923.15,1921.15,1921.50,33000,12643000
HDFCBANK_F1,20181030,09:27,1921.80,1922.50,1920.65,1922.40,18250,12643000
HDFCBANK_F1,20181030,09:28,1922.65,1924.00,1921.90,1923.20,46500,12679500
HDFCBANK_F1,20181030,09:29,1923.65,1928.10,1923.55,1928.00,29750,12679500
HDFCBANK_F1,20181030,09:30,1928.00,1929.60,1927.45,1929.15,36000,12679500
HDFCBANK_F1,20181030,09:31,1929.10,1933.60,1928.90,1931.20,63750,12684000
HDFCBANK_F1,20181030,09:32,1931.15,1931.15,1929.50,1930.00,30750,12684000
HDFCBANK_F1,20181030,09:33,1930.50,1932.55,1930.10,1932.45,80500,12684000
HDFCBANK_F1,20181030,09:34,1932.25,1933.00,1931.25,1932.20,34500,12742500
HDFCBANK_F1,20181030,09:35,1932.60,1937.25,1932.60,1935.60,112250,12742500
HDFCBANK_F1,20181030,09:36,1936.45,1937.60,1935.25,1937.20,52250,12742500
HDFCBANK_F1,20181030,09:37,1938.00,1940.85,1937.80,1938.40,85000,12806750
HDFCBANK_F1,20181030,09:38,1938.50,1938.75,1935.95,1935.95,48750,12806750
HDFCBANK_F1,20181030,09:39,1935.50,1936.35,1933.50,1934.30,35000,12806750
HDFCBANK_F1,20181030,09:40,1934.05,1935.95,1934.05,1934.40,18750,12844250
HDFCBANK_F1,20181030,09:41,1934.60,1934.60,1932.05,1932.55,14500,12844250
HDFCBANK_F1,20181030,09:42,1932.55,1935.25,1932.35,1935.00,14000,12844250
HDFCBANK_F1,20181030,09:43,1935.55,1935.55,1933.85,1934.60,19000,12855500
HDFCBANK_F1,20181030,09:44,1934.80,1935.60,1934.50,1935.35,17750,12855500
HDFCBANK_F1,20181030,09:45,1935.40,1935.80,1934.35,1934.45,17000,12855500
HDFCBANK_F1,20181030,09:46,1934.80,1935.00,1933.25,1933.75,10500,12858000
HDFCBANK_F1,20181030,09:47,1933.65,1934.30,1933.10,1934.00,6000,12858000
HDFCBANK_F1,20181030,09:48,1933.40,1936.60,1933.25,1934.30,47000,12858000
HDFCBANK_F1,20181030,09:49,1934.60,1937.10,1934.25,1935.65,21750,12867500
HDFCBANK_F1,20181030,09:50,1935.40,1935.85,1933.90,1934.35,46000,12867500
HDFCBANK_F1,20181030,09:51,1934.70,1934.80,1932.50,1934.40,60250,12867500
HDFCBANK_F1,20181030,09:52,1934.35,1935.60,1933.40,1935.00,26500,12943250
HDFCBANK_F1,20181030,09:53,1935.00,1935.15,1933.55,1935.15,19250,12943250
HDFCBANK_F1,20181030,09:54,1935.20,1936.90,1934.05,1936.10,15500,12943250
HDFCBANK_F1,20181030,09:55,1936.85,1939.95,1936.85,1939.10,55000,12946500
HDFCBANK_F1,20181030,09:56,1939.00,1940.05,1938.10,1938.90,38250,12946500
HDFCBANK_F1,20181030,09:57,1938.00,1939.95,1937.85,1938.20,31750,12946500
HDFCBANK_F1,20181030,09:58,1937.45,1938.00,1936.45,1936.95,14000,12980500
HDFCBANK_F1,20181030,09:59,1936.35,1936.35,1934.20,1934.20,19250,12980500
HDFCBANK_F1,20181030,10:00,1934.25,1935.55,1934.05,1935.15,13750,12980500
HDFCBANK_F1,20181030,10:01,1935.10,1936.45,1934.95,1935.50,13750,12985500
HDFCBANK_F1,20181030,10:02,1935.50,1935.50,1933.60,1934.95,21500,12985500
HDFCBANK_F1,20181030,10:03,1934.95,1936.00,1934.95,1935.95,10000,12985500
HDFCBANK_F1,20181030,10:04,1935.35,1935.90,1933.50,1935.25,23000,12982500
HDFCBANK_F1,20181030,10:05,1935.20,1935.85,1935.05,1935.45,4000,12982500
HDFCBANK_F1,20181030,10:06,1935.10,1935.30,1933.50,1933.50,13000,12982500
HDFCBANK_F1,20181030,10:07,1933.95,1933.95,1932.55,1932.55,13000,12985250
HDFCBANK_F1,20181030,10:08,1932.50,1933.30,1932.50,1932.60,6500,12985250
HDFCBANK_F1,20181030,10:09,1933.05,1933.40,1932.40,1932.40,11500,12985250
HDFCBANK_F1,20181030,10:10,1932.30,1932.70,1931.65,1932.20,13500,12995750
HDFCBANK_F1,20181030,10:11,1932.30,1932.95,1931.50,1931.55,9750,12995750
HDFCBANK_F1,20181030,10:12,1931.50,1931.80,1931.05,1931.05,11500,12995750
HDFCBANK_F1,20181030,10:13,1931.10,1931.10,1930.10,1930.10,12750,13006500
HDFCBANK_F1,20181030,10:14,1930.50,1932.00,1930.50,1931.95,5500,13006500
HDFCBANK_F1,20181030,10:15,1931.60,1933.40,1931.60,1932.90,8000,13006500
HDFCBANK_F1,20181030,10:16,1932.70,1934.45,1932.50,1934.45,10000,13010000
HDFCBANK_F1,20181030,10:17,1933.95,1935.00,1933.50,1934.20,8250,13010000
HDFCBANK_F1,20181030,10:18,1934.25,1935.40,1934.15,1935.00,7750,13010000
HDFCBANK_F1,20181030,10:19,1934.95,1937.20,1934.95,1936.00,22500,13016250
HDFCBANK_F1,20181030,10:20,1936.80,1936.80,1935.25,1935.50,10250,13016250
HDFCBANK_F1,20181030,10:21,1935.65,1936.00,1935.00,1935.20,6250,13016250
HDFCBANK_F1,20181030,10:22,1935.20,1936.10,1935.20,1935.75,5250,13022750
HDFCBANK_F1,20181030,10:23,1935.25,1936.55,1935.20,1936.00,6250,13022750
HDFCBANK_F1,20181030,10:24,1936.30,1937.30,1935.55,1936.65,11250,13022750
HDFCBANK_F1,20181030,10:25,1936.60,1937.00,1935.90,1936.60,7000,13026500
HDFCBANK_F1,20181030,10:26,1936.75,1936.75,1935.70,1936.45,7750,13026500
HDFCBANK_F1,20181030,10:27,1936.55,1936.65,1935.75,1936.20,10000,13026500
HDFCBANK_F1,20181030,10:28,1936.25,1936.75,1936.00,1936.35,6500,13031000
HDFCBANK_F1,20181030,10:29,1936.60,1936.65,1935.85,1935.85,8250,13031000
HDFCBANK_F1,20181030,10:30,1935.60,1936.65,1935.50,1936.50,12750,13031000
HDFCBANK_F1,20181030,10:31,1936.05,1936.55,1935.50,1935.90,9000,13027000
HDFCBANK_F1,20181030,10:32,1936.15,1936.55,1935.65,1935.65,5000,13027000
HDFCBANK_F1,20181030,10:33,1935.75,1936.45,1935.40,1936.00,8750,13027000
HDFCBANK_F1,20181030,10:34,1936.05,1936.75,1936.00,1936.00,11250,13035000
HDFCBANK_F1,20181030,10:35,1936.05,1936.45,1935.55,1935.55,3250,13035000
HDFCBANK_F1,20181030,10:36,1935.80,1936.75,1935.05,1936.30,18000,13035000
HDFCBANK_F1,20181030,10:37,1935.75,1936.50,1935.70,1936.00,17250,13044250
HDFCBANK_F1,20181030,10:38,1935.65,1935.70,1935.00,1935.05,8000,13044250
HDFCBANK_F1,20181030,10:39,1935.00,1935.05,1933.05,1933.05,7250,13044250
HDFCBANK_F1,20181030,10:40,1933.35,1934.00,1933.00,1933.90,5500,13051250
HDFCBANK_F1,20181030,10:41,1933.65,1933.95,1933.25,1933.25,5750,13051250
HDFCBANK_F1,20181030,10:42,1932.90,1933.10,1932.50,1933.05,12500,13051250
HDFCBANK_F1,20181030,10:43,1933.00,1933.00,1931.40,1931.60,16250,13059750
HDFCBANK_F1,20181030,10:44,1931.40,1931.80,1931.00,1931.00,6250,13059750
HDFCBANK_F1,20181030,10:45,1930.80,1931.30,1930.80,1931.30,2750,13059750
HDFCBANK_F1,20181030,10:46,1931.15,1931.45,1930.60,1931.40,4000,13065250
HDFCBANK_F1,20181030,10:47,1931.35,1931.60,1931.10,1931.50,4750,13065250
HDFCBANK_F1,20181030,10:48,1931.65,1932.00,1931.25,1931.80,6000,13065250
HDFCBANK_F1,20181030,10:49,1931.50,1932.25,1930.90,1930.90,6000,13072500
HDFCBANK_F1,20181030,10:50,1931.10,1931.75,1930.70,1931.75,3000,13072500
HDFCBANK_F1,20181030,10:51,1931.50,1931.75,1930.30,1930.30,6250,13072500
HDFCBANK_F1,20181030,10:52,1930.10,1930.10,1928.55,1929.10,23500,13079000
HDFCBANK_F1,20181030,10:53,1928.10,1929.40,1927.90,1929.10,10750,13079000
HDFCBANK_F1,20181030,10:54,1929.10,1929.30,1928.40,1928.90,10750,13079000
HDFCBANK_F1,20181030,10:55,1929.40,1930.50,1929.30,1930.00,9750,13079750
HDFCBANK_F1,20181030,10:56,1929.50,1929.50,1928.65,1928.80,6250,13079750
HDFCBANK_F1,20181030,10:57,1928.85,1929.60,1928.75,1929.10,3750,13079750
HDFCBANK_F1,20181030,10:58,1929.40,1930.00,1929.00,1929.20,7000,13083250
HDFCBANK_F1,20181030,10:59,1930.00,1930.70,1930.00,1930.10,4250,13083250
HDFCBANK_F1,20181030,11:00,1930.60,1930.90,1929.90,1929.90,4750,13083250
HDFCBANK_F1,20181030,11:01,1930.90,1931.40,1930.15,1930.40,3500,13089000
HDFCBANK_F1,20181030,11:02,1930.50,1931.05,1930.25,1930.30,4250,13089000
HDFCBANK_F1,20181030,11:03,1930.25,1931.00,1930.05,1931.00,2250,13089000
HDFCBANK_F1,20181030,11:04,1931.00,1931.55,1928.65,1928.65,10750,13091500
HDFCBANK_F1,20181030,11:05,1928.65,1928.80,1927.95,1927.95,6000,13091500
HDFCBANK_F1,20181030,11:06,1928.15,1928.80,1927.70,1928.65,3500,13091500
HDFCBANK_F1,20181030,11:07,1928.45,1929.20,1928.25,1928.55,3500,13098750
HDFCBANK_F1,20181030,11:08,1928.50,1929.00,1927.80,1929.00,6750,13098750
HDFCBANK_F1,20181030,11:09,1928.95,1930.40,1928.45,1930.30,5750,13098750
HDFCBANK_F1,20181030,11:10,1929.35,1930.05,1929.35,1930.05,1000,13100000
HDFCBANK_F1,20181030,11:11,1930.25,1931.00,1930.00,1930.00,2500,13100000
HDFCBANK_F1,20181030,11:12,1929.25,1930.50,1929.20,1929.55,6250,13100000
HDFCBANK_F1,20181030,11:13,1930.45,1931.30,1930.10,1931.00,12750,13099750
HDFCBANK_F1,20181030,11:14,1931.00,1932.00,1931.00,1931.55,5500,13099750
HDFCBANK_F1,20181030,11:15,1931.80,1931.80,1930.80,1931.70,17750,13099750
HDFCBANK_F1,20181030,11:16,1932.05,1933.00,1931.80,1932.85,15750,13112750
HDFCBANK_F1,20181030,11:17,1932.90,1933.85,1932.65,1932.90,10250,13112750
HDFCBANK_F1,20181030,11:18,1932.60,1933.80,1932.35,1933.25,15750,13112750
HDFCBANK_F1,20181030,11:19,1932.90,1934.35,1932.70,1933.45,14000,13122500
HDFCBANK_F1,20181030,11:20,1933.25,1933.95,1933.00,1933.95,16250,13122500
HDFCBANK_F1,20181030,11:21,1934.85,1934.85,1932.60,1932.95,11750,13122500
HDFCBANK_F1,20181030,11:22,1932.35,1933.70,1932.00,1933.70,15000,13122000
HDFCBANK_F1,20181030,11:23,1933.70,1933.70,1932.35,1932.60,11000,13122000
HDFCBANK_F1,20181030,11:24,1932.60,1933.30,1932.35,1932.35,10250,13122000
HDFCBANK_F1,20181030,11:25,1932.05,1932.05,1930.30,1930.30,14250,13141500
HDFCBANK_F1,20181030,11:26,1930.10,1930.20,1928.30,1928.50,19250,13141500
HDFCBANK_F1,20181030,11:27,1929.20,1929.50,1928.20,1928.35,9500,13141500
HDFCBANK_F1,20181030,11:28,1928.35,1928.45,1927.55,1928.00,7750,13158500
HDFCBANK_F1,20181030,11:29,1927.50,1928.00,1927.50,1928.00,4750,13158500
HDFCBANK_F1,20181030,11:30,1927.60,1928.00,1927.25,1927.45,6750,13158500
HDFCBANK_F1,20181030,11:31,1927.35,1927.85,1926.20,1927.05,11500,13161000
HDFCBANK_F1,20181030,11:32,1926.40,1926.45,1924.20,1924.40,38250,13161000
HDFCBANK_F1,20181030,11:33,1924.40,1924.55,1916.25,1920.25,109000,13161000
HDFCBANK_F1,20181030,11:34,1919.95,1920.70,1916.05,1918.00,62000,13172250
HDFCBANK_F1,20181030,11:35,1918.20,1920.20,1918.20,1919.20,28000,13172250
HDFCBANK_F1,20181030,11:36,1919.20,1920.35,1917.15,1917.15,23750,13172250
HDFCBANK_F1,20181030,11:37,1917.60,1918.00,1916.05,1917.90,21000,13184750
HDFCBANK_F1,20181030,11:38,1917.55,1919.75,1917.20,1918.40,9750,13184750
HDFCBANK_F1,20181030,11:39,1918.80,1920.60,1917.65,1919.90,19500,13184750
HDFCBANK_F1,20181030,11:40,1920.00,1922.20,1920.00,1921.85,22750,13010250
HDFCBANK_F1,20181030,11:41,1921.10,1923.00,1921.10,1922.50,9500,13010250
HDFCBANK_F1,20181030,11:42,1922.70,1923.95,1921.70,1922.00,18500,13010250
HDFCBANK_F1,20181030,11:43,1922.10,1922.15,1921.00,1921.50,11000,13022250
HDFCBANK_F1,20181030,11:44,1921.95,1922.00,1920.90,1921.00,10750,13022250
HDFCBANK_F1,20181030,11:45,1921.00,1921.00,1920.10,1920.50,10000,13022250
HDFCBANK_F1,20181030,11:46,1920.65,1920.80,1918.35,1920.80,21750,13031500
HDFCBANK_F1,20181030,11:47,1920.40,1920.55,1919.55,1920.15,4750,13031500
HDFCBANK_F1,20181030,11:48,1920.00,1920.00,1918.30,1918.30,27000,13031500
HDFCBANK_F1,20181030,11:49,1919.00,1919.75,1918.60,1919.25,6500,13054000
HDFCBANK_F1,20181030,11:50,1918.55,1918.90,1916.40,1918.90,29750,13054000
HDFCBANK_F1,20181030,11:51,1919.05,1919.80,1918.00,1919.45,12500,13054000
HDFCBANK_F1,20181030,11:52,1919.55,1919.85,1918.65,1919.85,5500,13051250
HDFCBANK_F1,20181030,11:53,1919.50,1920.00,1919.40,1919.60,18750,13051250
HDFCBANK_F1,20181030,11:54,1919.55,1920.10,1919.30,1919.30,29750,13051250
HDFCBANK_F1,20181030,11:55,1919.80,1920.80,1919.20,1920.75,21750,13045250
HDFCBANK_F1,20181030,11:56,1920.05,1921.40,1920.05,1921.40,20750,13045250
HDFCBANK_F1,20181030,11:57,1920.90,1920.95,1919.35,1919.35,37500,13045250
HDFCBANK_F1,20181030,11:58,1919.75,1920.00,1919.25,1919.30,23250,13039500
HDFCBANK_F1,20181030,11:59,1919.65,1920.00,1919.10,1920.00,13250,13039500
HDFCBANK_F1,20181030,12:00,1920.40,1920.60,1919.65,1920.60,7000,13039500
HDFCBANK_F1,20181030,12:01,1920.20,1921.35,1920.20,1921.00,8000,13035000
HDFCBANK_F1,20181030,12:02,1920.90,1921.45,1920.90,1920.95,7000,13035000
HDFCBANK_F1,20181030,12:03,1920.50,1920.50,1919.25,1919.25,4250,13035000
HDFCBANK_F1,20181030,12:04,1919.45,1919.45,1918.80,1919.40,4500,13041000
HDFCBANK_F1,20181030,12:05,1918.55,1918.85,1917.65,1917.65,9500,13041000
HDFCBANK_F1,20181030,12:06,1917.75,1919.00,1917.55,1918.65,10000,13041000
HDFCBANK_F1,20181030,12:07,1918.20,1919.00,1917.75,1919.00,9000,13048000
HDFCBANK_F1,20181030,12:08,1918.80,1918.90,1918.30,1918.50,3500,13048000
HDFCBANK_F1,20181030,12:09,1918.35,1918.75,1917.00,1917.00,7000,13048000
HDFCBANK_F1,20181030,12:10,1916.70,1916.70,1913.60,1913.95,29250,13057000
HDFCBANK_F1,20181030,12:11,1914.00,1915.95,1914.00,1915.15,23750,13057000
HDFCBANK_F1,20181030,12:12,1915.45,1915.80,1915.00,1915.50,6250,13057000
HDFCBANK_F1,20181030,12:13,1915.80,1915.80,1914.55,1914.95,20750,13068750
HDFCBANK_F1,20181030,12:14,1914.90,1914.90,1913.50,1913.95,5500,13068750
HDFCBANK_F1,20181030,12:15,1913.50,1914.40,1912.65,1913.90,23250,13068750
HDFCBANK_F1,20181030,12:16,1913.90,1914.45,1913.00,1913.00,11500,13073750
HDFCBANK_F1,20181030,12:17,1913.00,1913.00,1910.25,1910.25,39500,13073750
HDFCBANK_F1,20181030,12:18,1910.60,1912.40,1910.55,1911.55,38500,13073750
HDFCBANK_F1,20181030,12:19,1911.65,1914.00,1911.45,1912.65,26000,13090250
HDFCBANK_F1,20181030,12:20,1912.65,1914.50,1912.05,1914.25,20500,13090250
HDFCBANK_F1,20181030,12:21,1914.50,1915.00,1914.10,1914.40,10750,13090250
HDFCBANK_F1,20181030,12:22,1914.45,1917.95,1914.45,1917.95,11250,13095500
HDFCBANK_F1,20181030,12:23,1917.90,1919.00,1917.70,1919.00,14000,13095500
HDFCBANK_F1,20181030,12:24,1918.65,1920.95,1918.65,1920.30,12250,13095500
HDFCBANK_F1,20181030,12:25,1920.15,1922.95,1920.15,1922.70,29000,13098500
HDFCBANK_F1,20181030,12:26,1922.20,1923.15,1921.80,1922.15,22500,13098500
HDFCBANK_F1,20181030,12:27,1922.00,1923.25,1921.50,1923.25,6750,13098500
HDFCBANK_F1,20181030,12:28,1923.80,1924.85,1923.65,1924.05,10250,13101000
HDFCBANK_F1,20181030,12:29,1924.60,1927.00,1924.60,1927.00,23000,13101000
HDFCBANK_F1,20181030,12:30,1927.30,1927.65,1926.00,1926.00,15250,13101000
HDFCBANK_F1,20181030,12:31,1926.00,1926.00,1924.30,1925.60,18500,13078750
HDFCBANK_F1,20181030,12:32,1925.55,1926.30,1925.25,1925.70,5250,13078750
HDFCBANK_F1,20181030,12:33,1925.55,1927.40,1925.15,1927.15,19250,13078750
HDFCBANK_F1,20181030,12:34,1926.60,1926.60,1925.25,1926.60,15250,13071000
HDFCBANK_F1,20181030,12:35,1926.00,1926.05,1925.00,1925.00,5500,13071000
HDFCBANK_F1,20181030,12:36,1925.50,1925.50,1924.35,1924.95,3500,13071000
HDFCBANK_F1,20181030,12:37,1924.60,1924.60,1924.20,1924.30,14750,13081250
HDFCBANK_F1,20181030,12:38,1924.20,1925.50,1924.00,1925.10,7250,13081250
HDFCBANK_F1,20181030,12:39,1925.45,1925.45,1924.45,1924.60,2000,13081250
HDFCBANK_F1,20181030,12:40,1924.55,1925.40,1924.05,1925.00,4500,13082750
HDFCBANK_F1,20181030,12:41,1925.00,1926.00,1924.70,1926.00,9500,13082750
HDFCBANK_F1,20181030,12:42,1925.80,1927.15,1925.75,1927.15,4500,13082750
HDFCBANK_F1,20181030,12:43,1926.70,1926.95,1926.45,1926.95,3750,13084500
HDFCBANK_F1,20181030,12:44,1927.05,1927.85,1926.95,1927.85,7500,13084500
HDFCBANK_F1,20181030,12:45,1927.80,1927.80,1926.50,1927.15,12750,13084500
HDFCBANK_F1,20181030,12:46,1926.60,1926.95,1926.35,1926.35,1000,13084500
HDFCBANK_F1,20181030,12:47,1926.20,1926.60,1925.95,1925.95,5000,13081000
HDFCBANK_F1,20181030,12:48,1925.65,1925.65,1922.45,1922.80,48750,13081000
HDFCBANK_F1,20181030,12:49,1922.15,1923.45,1922.00,1922.25,30000,13125250
HDFCBANK_F1,20181030,12:50,1922.50,1924.40,1922.50,1924.40,19000,13125250
HDFCBANK_F1,20181030,12:51,1924.50,1925.50,1923.70,1925.00,4750,13125250
HDFCBANK_F1,20181030,12:52,1924.95,1925.80,1924.95,1925.30,1500,13148750
HDFCBANK_F1,20181030,12:53,1925.00,1925.00,1923.55,1923.55,4000,13148750
HDFCBANK_F1,20181030,12:54,1924.45,1924.60,1923.00,1923.00,3000,13148750
HDFCBANK_F1,20181030,12:55,1922.20,1922.75,1922.00,1922.00,5000,13149750
HDFCBANK_F1,20181030,12:56,1921.65,1922.40,1921.60,1922.00,5500,13149750
HDFCBANK_F1,20181030,12:57,1922.30,1922.35,1922.00,1922.15,2500,13149750
HDFCBANK_F1,20181030,12:58,1922.15,1922.65,1921.90,1922.65,3500,13151500
HDFCBANK_F1,20181030,12:59,1922.10,1923.40,1922.10,1922.95,5500,13151500
HDFCBANK_F1,20181030,13:00,1923.00,1923.65,1923.00,1923.50,3750,13151500
HDFCBANK_F1,20181030,13:01,1923.05,1923.45,1922.90,1923.10,2250,13141000
HDFCBANK_F1,20181030,13:02,1923.25,1923.45,1922.60,1923.40,3500,13141000
HDFCBANK_F1,20181030,13:03,1922.95,1923.80,1922.65,1922.65,3750,13141000
HDFCBANK_F1,20181030,13:04,1922.65,1922.65,1921.70,1921.70,1250,13145500
HDFCBANK_F1,20181030,13:05,1922.00,1922.30,1921.35,1921.45,9500,13145500
HDFCBANK_F1,20181030,13:06,1921.20,1922.50,1921.15,1922.50,2750,13145500
HDFCBANK_F1,20181030,13:07,1921.95,1922.50,1921.95,1922.50,1250,13152250
HDFCBANK_F1,20181030,13:08,1922.50,1922.50,1921.35,1921.75,5500,13152250
HDFCBANK_F1,20181030,13:09,1921.50,1922.05,1921.50,1922.05,750,13152250
HDFCBANK_F1,20181030,13:10,1921.10,1921.70,1921.10,1921.65,3250,13154500
HDFCBANK_F1,20181030,13:11,1921.25,1922.10,1921.25,1922.10,1000,13154500
HDFCBANK_F1,20181030,13:12,1922.05,1922.05,1921.20,1922.05,2750,13154500
HDFCBANK_F1,20181030,13:13,1921.75,1921.75,1921.20,1921.20,750,13154500
HDFCBANK_F1,20181030,13:14,1921.00,1921.15,1921.00,1921.10,7000,13156500
HDFCBANK_F1,20181030,13:15,1920.75,1921.70,1920.75,1921.70,3250,13156500
HDFCBANK_F1,20181030,13:16,1921.55,1922.10,1921.55,1922.10,9000,13160000
HDFCBANK_F1,20181030,13:17,1922.10,1923.00,1922.10,1922.50,2750,13160000
HDFCBANK_F1,20181030,13:18,1922.80,1924.90,1922.15,1924.70,10500,13160000
HDFCBANK_F1,20181030,13:19,1924.95,1925.00,1923.70,1924.05,12500,13163250
HDFCBANK_F1,20181030,13:20,1925.00,1926.00,1924.55,1926.00,5000,13163250
HDFCBANK_F1,20181030,13:21,1925.50,1925.75,1923.45,1923.45,7750,13163250
HDFCBANK_F1,20181030,13:22,1923.00,1923.00,1922.05,1922.20,2500,13175000
HDFCBANK_F1,20181030,13:23,1922.00,1922.00,1920.55,1920.95,4000,13175000
HDFCBANK_F1,20181030,13:24,1920.45,1921.80,1919.20,1921.80,7750,13175000
HDFCBANK_F1,20181030,13:25,1921.75,1923.50,1921.60,1923.25,6500,13180750
HDFCBANK_F1,20181030,13:26,1923.15,1923.35,1922.95,1922.95,2000,13180750
HDFCBANK_F1,20181030,13:27,1923.35,1923.65,1923.10,1923.35,1750,13180750
HDFCBANK_F1,20181030,13:28,1923.20,1923.20,1921.60,1921.60,2750,13182500
HDFCBANK_F1,20181030,13:29,1921.75,1921.75,1921.45,1921.55,1500,13182500
HDFCBANK_F1,20181030,13:30,1921.55,1921.55,1920.00,1920.65,5250,13182500
HDFCBANK_F1,20181030,13:31,1920.55,1921.90,1920.25,1921.25,5000,13185250
HDFCBANK_F1,20181030,13:32,1921.90,1923.10,1921.75,1922.65,7000,13185250
HDFCBANK_F1,20181030,13:33,1922.55,1922.60,1921.00,1921.60,5750,13185250
HDFCBANK_F1,20181030,13:34,1921.95,1923.15,1921.95,1922.80,3500,13192000
HDFCBANK_F1,20181030,13:35,1923.15,1924.85,1922.85,1924.85,7750,13192000
HDFCBANK_F1,20181030,13:36,1924.50,1925.85,1924.45,1925.45,8250,13192000
HDFCBANK_F1,20181030,13:37,1924.45,1925.00,1924.05,1924.05,4000,13195750
HDFCBANK_F1,20181030,13:38,1924.10,1925.20,1924.00,1925.20,3250,13195750
HDFCBANK_F1,20181030,13:39,1925.40,1925.40,1923.00,1923.00,3500,13195750
HDFCBANK_F1,20181030,13:40,1922.70,1923.50,1922.20,1923.50,3750,13086000
HDFCBANK_F1,20181030,13:41,1924.05,1924.05,1922.40,1923.00,6000,13086000
HDFCBANK_F1,20181030,13:42,1922.85,1923.95,1922.80,1923.95,3500,13086000
HDFCBANK_F1,20181030,13:43,1923.20,1923.20,1922.75,1922.75,2250,13090500
HDFCBANK_F1,20181030,13:44,1922.25,1922.95,1922.25,1922.95,1000,13090500
HDFCBANK_F1,20181030,13:45,1922.40,1922.70,1922.25,1922.70,1250,13090500
HDFCBANK_F1,20181030,13:46,1922.05,1922.10,1921.85,1922.10,2000,13092500
HDFCBANK_F1,20181030,13:47,1921.70,1922.00,1921.25,1921.30,2750,13092500
HDFCBANK_F1,20181030,13:48,1921.30,1921.80,1921.20,1921.80,1750,13092500
HDFCBANK_F1,20181030,13:49,1921.55,1921.95,1921.15,1921.75,2000,13094000
HDFCBANK_F1,20181030,13:50,1922.00,1922.95,1922.00,1922.95,3000,13094000
HDFCBANK_F1,20181030,13:51,1922.65,1923.50,1922.20,1923.10,6750,13094000
HDFCBANK_F1,20181030,13:52,1923.50,1925.70,1923.50,1925.50,12250,13099500
HDFCBANK_F1,20181030,13:53,1925.50,1926.45,1924.65,1926.05,14250,13099500
HDFCBANK_F1,20181030,13:54,1925.30,1926.65,1925.30,1926.00,14000,13099500
HDFCBANK_F1,20181030,13:55,1926.00,1927.40,1925.85,1927.40,12250,13103250
HDFCBANK_F1,20181030,13:56,1927.25,1928.10,1927.00,1927.10,22250,13103250
HDFCBANK_F1,20181030,13:57,1927.30,1928.40,1927.00,1928.40,12000,13103250
HDFCBANK_F1,20181030,13:58,1928.00,1928.80,1927.35,1928.40,19750,13123250
HDFCBANK_F1,20181030,13:59,1928.40,1928.65,1927.45,1928.65,11500,13123250
HDFCBANK_F1,20181030,14:00,1927.95,1928.65,1927.95,1927.95,3500,13123250
HDFCBANK_F1,20181030,14:01,1927.95,1928.20,1925.40,1925.40,8500,13130750
HDFCBANK_F1,20181030,14:02,1925.45,1926.30,1925.40,1926.15,4000,13130750
HDFCBANK_F1,20181030,14:03,1925.80,1926.65,1925.55,1926.25,5250,13130750
HDFCBANK_F1,20181030,14:04,1926.50,1926.85,1925.30,1925.60,6500,13126500
HDFCBANK_F1,20181030,14:05,1926.05,1926.65,1926.00,1926.10,13500,13126500
HDFCBANK_F1,20181030,14:06,1926.30,1926.40,1925.50,1925.50,4750,13126500
HDFCBANK_F1,20181030,14:07,1925.10,1925.65,1924.80,1925.00,11250,13138750
HDFCBANK_F1,20181030,14:08,1924.70,1925.50,1924.70,1924.85,6000,13138750
HDFCBANK_F1,20181030,14:09,1925.05,1925.45,1924.80,1924.80,4750,13138750
HDFCBANK_F1,20181030,14:10,1924.80,1924.80,1923.95,1923.95,5250,13147500
HDFCBANK_F1,20181030,14:11,1923.25,1924.50,1923.05,1924.50,4000,13147500
HDFCBANK_F1,20181030,14:12,1924.30,1924.85,1924.30,1924.80,3000,13147500
HDFCBANK_F1,20181030,14:13,1924.85,1925.60,1924.50,1925.10,6000,13152500
HDFCBANK_F1,20181030,14:14,1924.80,1925.90,1924.80,1925.65,9250,13152500
HDFCBANK_F1,20181030,14:15,1925.40,1925.65,1924.00,1924.00,9000,13152500
HDFCBANK_F1,20181030,14:16,1923.60,1923.80,1923.40,1923.60,9000,13166000
HDFCBANK_F1,20181030,14:17,1923.00,1923.35,1920.95,1921.70,27500,13166000
HDFCBANK_F1,20181030,14:18,1920.25,1920.25,1918.15,1919.00,24000,13166000
HDFCBANK_F1,20181030,14:19,1919.60,1920.50,1919.10,1919.10,12750,13187750
HDFCBANK_F1,20181030,14:20,1919.50,1920.65,1919.20,1919.40,4750,13187750
HDFCBANK_F1,20181030,14:21,1919.55,1920.55,1919.40,1919.85,11750,13187750
HDFCBANK_F1,20181030,14:22,1919.70,1920.90,1919.00,1920.90,17500,13205000
HDFCBANK_F1,20181030,14:23,1920.65,1921.80,1920.20,1920.85,22500,13205000
HDFCBANK_F1,20181030,14:24,1920.55,1920.75,1919.60,1920.75,11250,13205000
HDFCBANK_F1,20181030,14:25,1920.90,1920.90,1919.15,1920.15,7750,13235750
HDFCBANK_F1,20181030,14:26,1920.00,1920.15,1919.10,1919.30,7250,13235750
HDFCBANK_F1,20181030,14:27,1919.60,1920.55,1918.70,1919.50,15500,13235750
HDFCBANK_F1,20181030,14:28,1919.70,1920.55,1919.40,1919.95,8750,13251000
HDFCBANK_F1,20181030,14:29,1920.10,1920.10,1918.00,1918.15,10500,13251000
HDFCBANK_F1,20181030,14:30,1918.00,1918.95,1918.00,1918.40,7500,13251000
HDFCBANK_F1,20181030,14:31,1918.50,1918.50,1914.00,1914.40,62750,13261250
HDFCBANK_F1,20181030,14:32,1914.30,1916.85,1913.50,1916.55,27500,13261250
HDFCBANK_F1,20181030,14:33,1916.05,1917.00,1914.35,1917.00,17750,13261250
HDFCBANK_F1,20181030,14:34,1917.75,1917.75,1915.35,1916.55,12000,13256750
HDFCBANK_F1,20181030,14:35,1917.00,1917.65,1915.45,1915.45,11500,13256750
HDFCBANK_F1,20181030,14:36,1915.30,1916.40,1915.05,1915.50,19750,13256750
HDFCBANK_F1,20181030,14:37,1915.25,1915.30,1913.20,1914.95,16500,13261500
HDFCBANK_F1,20181030,14:38,1914.95,1915.00,1913.55,1913.85,15000,13261500
HDFCBANK_F1,20181030,14:39,1913.30,1914.50,1913.15,1913.20,12000,13261500
HDFCBANK_F1,20181030,14:40,1913.15,1913.65,1912.35,1913.45,17000,13260250
HDFCBANK_F1,20181030,14:41,1913.50,1914.00,1910.50,1910.50,42000,13260250
HDFCBANK_F1,20181030,14:42,1910.50,1912.00,1909.35,1911.95,35000,13260250
HDFCBANK_F1,20181030,14:43,1911.80,1912.45,1909.65,1909.85,20250,13251750
HDFCBANK_F1,20181030,14:44,1909.45,1911.80,1908.70,1908.90,17000,13251750
HDFCBANK_F1,20181030,14:45,1909.20,1910.00,1908.70,1908.95,25500,13251750
HDFCBANK_F1,20181030,14:46,1909.15,1911.55,1908.35,1909.90,26750,13258250
HDFCBANK_F1,20181030,14:47,1909.40,1911.85,1908.65,1911.10,11000,13258250
HDFCBANK_F1,20181030,14:48,1910.80,1911.70,1909.25,1909.25,7750,13258250
HDFCBANK_F1,20181030,14:49,1909.60,1912.00,1908.70,1910.85,9500,13269250
HDFCBANK_F1,20181030,14:50,1910.80,1913.45,1909.25,1912.85,28250,13269250
HDFCBANK_F1,20181030,14:51,1912.60,1913.05,1911.00,1911.25,12500,13269250
HDFCBANK_F1,20181030,14:52,1911.95,1913.20,1911.95,1912.55,7750,13289000
HDFCBANK_F1,20181030,14:53,1912.55,1912.75,1911.15,1912.25,14250,13289000
HDFCBANK_F1,20181030,14:54,1912.20,1914.95,1912.20,1914.10,13250,13289000
HDFCBANK_F1,20181030,14:55,1914.05,1915.50,1914.00,1915.30,11250,13292500
HDFCBANK_F1,20181030,14:56,1914.90,1915.00,1913.80,1914.25,9000,13292500
HDFCBANK_F1,20181030,14:57,1915.10,1916.75,1914.60,1914.60,11500,13292500
HDFCBANK_F1,20181030,14:58,1914.55,1914.80,1912.35,1912.80,8500,13298500
HDFCBANK_F1,20181030,14:59,1912.55,1914.05,1911.50,1913.70,8250,13298500
HDFCBANK_F1,20181030,15:00,1914.05,1914.05,1912.00,1912.00,8750,13298500
HDFCBANK_F1,20181030,15:01,1911.85,1915.30,1911.85,1915.05,11250,13303250
HDFCBANK_F1,20181030,15:02,1915.30,1916.70,1914.75,1916.00,27000,13303250
HDFCBANK_F1,20181030,15:03,1916.25,1918.10,1916.00,1916.65,32000,13303250
HDFCBANK_F1,20181030,15:04,1917.00,1917.70,1915.80,1917.70,14000,13293500
HDFCBANK_F1,20181030,15:05,1917.10,1918.70,1916.80,1918.15,12750,13293500
HDFCBANK_F1,20181030,15:06,1918.05,1919.45,1917.80,1919.45,24750,13293500
HDFCBANK_F1,20181030,15:07,1919.70,1919.90,1918.95,1919.90,9500,13283000
HDFCBANK_F1,20181030,15:08,1919.75,1920.45,1919.25,1919.95,17000,13283000
HDFCBANK_F1,20181030,15:09,1919.45,1921.80,1919.45,1921.00,18750,13283000
HDFCBANK_F1,20181030,15:10,1921.75,1921.75,1920.70,1921.75,16000,13273750
HDFCBANK_F1,20181030,15:11,1921.90,1922.50,1921.30,1922.00,18250,13273750
HDFCBANK_F1,20181030,15:12,1922.20,1922.60,1921.30,1922.00,14250,13273750
HDFCBANK_F1,20181030,15:13,1922.00,1922.90,1922.00,1922.85,12000,13214000
HDFCBANK_F1,20181030,15:14,1922.80,1923.95,1922.80,1923.85,25250,13214000
HDFCBANK_F1,20181030,15:15,1923.45,1924.65,1922.45,1922.50,32500,13214000
HDFCBANK_F1,20181030,15:16,1922.90,1923.30,1921.00,1921.00,44000,13216750
HDFCBANK_F1,20181030,15:17,1920.95,1921.40,1920.20,1921.05,20500,13216750
HDFCBANK_F1,20181030,15:18,1921.00,1921.70,1920.30,1921.70,10750,13216750
HDFCBANK_F1,20181030,15:19,1921.40,1922.90,1921.40,1922.35,14750,13173000
HDFCBANK_F1,20181030,15:20,1922.85,1924.00,1922.65,1923.20,26250,13173000
HDFCBANK_F1,20181030,15:21,1923.30,1924.10,1922.95,1923.55,24500,13173000
HDFCBANK_F1,20181030,15:22,1923.40,1923.95,1922.80,1923.40,14500,13194250
HDFCBANK_F1,20181030,15:23,1923.10,1923.80,1923.00,1923.75,22750,13194250
HDFCBANK_F1,20181030,15:24,1923.50,1924.25,1922.65,1923.05,20750,13194250
HDFCBANK_F1,20181030,15:25,1923.35,1923.85,1922.45,1922.45,20500,13218750
HDFCBANK_F1,20181030,15:26,1922.70,1922.90,1922.25,1922.65,12500,13218750
HDFCBANK_F1,20181030,15:27,1922.40,1922.50,1920.40,1920.45,26750,13218750
HDFCBANK_F1,20181030,15:28,1920.60,1921.90,1920.60,1920.65,28750,13242250
HDFCBANK_F1,20181030,15:29,1920.85,1921.85,1919.10,1920.15,34750,13242250
HDFCBANK_F1,20181030,15:30,1920.40,1922.00,1919.10,1921.25,36500,13242250
