LUPIN,20200513,09:08,861.00,861.00,861.00,861.00,4347,0
LUPIN,20200513,09:16,861.05,863.00,854.10,855.65,31363,0
LUPIN,20200513,09:17,855.80,856.55,853.65,854.85,29584,0
LUPIN,20200513,09:18,854.45,855.70,852.80,855.00,17621,0
LUPIN,20200513,09:19,854.75,854.75,850.00,851.55,16531,0
LUPIN,20200513,09:20,850.55,850.55,848.15,848.20,22646,0
LUPIN,20200513,09:21,848.30,852.00,847.40,851.95,10717,0
LUPIN,20200513,09:22,851.85,852.70,850.65,850.65,13630,0
LUPIN,20200513,09:23,850.45,851.65,850.00,850.90,8048,0
LUPIN,20200513,09:24,850.65,851.00,848.00,848.35,13843,0
LUPIN,20200513,09:25,848.05,852.00,848.05,851.80,16060,0
LUPIN,20200513,09:26,851.80,852.55,850.15,850.60,4755,0
LUPIN,20200513,09:27,850.60,851.00,850.00,850.80,3607,0
LUPIN,20200513,09:28,851.30,853.40,851.25,852.40,8057,0
LUPIN,20200513,09:29,852.35,853.00,852.00,852.30,3170,0
LUPIN,20200513,09:30,852.30,852.85,851.00,852.25,5374,0
LUPIN,20200513,09:31,852.00,854.50,851.60,853.60,9268,0
LUPIN,20200513,09:32,853.10,853.45,850.20,850.70,5554,0
LUPIN,20200513,09:33,850.75,851.40,850.00,850.30,13512,0
LUPIN,20200513,09:34,850.00,852.50,850.00,852.10,7741,0
LUPIN,20200513,09:35,851.45,853.25,851.45,852.40,6946,0
LUPIN,20200513,09:36,852.00,852.40,851.30,851.60,4459,0
LUPIN,20200513,09:37,852.00,853.00,851.60,852.90,7607,0
LUPIN,20200513,09:38,852.80,852.80,851.75,852.50,3089,0
LUPIN,20200513,09:39,852.40,853.00,851.50,851.80,2748,0
LUPIN,20200513,09:40,851.75,852.80,850.60,851.45,3208,0
LUPIN,20200513,09:41,851.00,851.25,850.40,850.80,3198,0
LUPIN,20200513,09:42,850.60,850.60,849.10,849.40,13865,0
LUPIN,20200513,09:43,849.40,849.85,847.00,847.30,9216,0
LUPIN,20200513,09:44,847.95,848.00,847.00,848.00,5154,0
LUPIN,20200513,09:45,847.35,848.90,847.35,848.65,3259,0
LUPIN,20200513,09:46,847.85,848.40,847.20,847.30,7683,0
LUPIN,20200513,09:47,847.80,847.80,846.50,846.50,4797,0
LUPIN,20200513,09:48,845.60,846.55,845.00,845.80,11196,0
LUPIN,20200513,09:49,845.80,846.85,845.45,845.80,7853,0
LUPIN,20200513,09:50,846.00,846.75,844.80,845.30,10751,0
LUPIN,20200513,09:51,845.30,849.75,845.10,849.75,11883,0
LUPIN,20200513,09:52,850.40,850.40,848.15,849.10,10480,0
LUPIN,20200513,09:53,849.60,849.60,847.75,849.00,6964,0
LUPIN,20200513,09:54,849.30,852.00,849.00,851.70,14720,0
LUPIN,20200513,09:55,852.00,855.00,851.75,854.00,27313,0
LUPIN,20200513,09:56,853.95,854.60,853.30,854.40,11276,0
LUPIN,20200513,09:57,854.40,855.75,854.00,855.00,10763,0
LUPIN,20200513,09:58,855.25,855.25,854.00,854.15,2622,0
LUPIN,20200513,09:59,854.00,854.20,852.50,852.90,5797,0
LUPIN,20200513,10:00,853.15,853.45,851.55,851.55,3722,0
LUPIN,20200513,10:01,851.75,854.00,851.75,853.85,3180,0
LUPIN,20200513,10:02,853.50,854.90,853.50,854.00,3055,0
LUPIN,20200513,10:03,854.30,854.80,853.50,854.00,4469,0
LUPIN,20200513,10:04,854.20,854.25,851.50,851.50,4224,0
LUPIN,20200513,10:05,851.30,853.00,851.30,852.95,2104,0
LUPIN,20200513,10:06,852.80,852.90,852.15,852.40,1451,0
LUPIN,20200513,10:07,852.20,852.40,851.70,851.90,4344,0
LUPIN,20200513,10:08,851.90,852.00,850.85,852.00,5939,0
LUPIN,20200513,10:09,851.80,852.55,851.45,852.00,1688,0
LUPIN,20200513,10:10,852.05,853.00,851.90,852.95,2816,0
LUPIN,20200513,10:11,852.80,854.00,852.80,853.25,2311,0
LUPIN,20200513,10:12,853.75,853.75,852.80,853.00,2251,0
LUPIN,20200513,10:13,853.10,853.10,851.60,851.60,2704,0
LUPIN,20200513,10:14,851.85,852.55,851.50,852.10,1730,0
LUPIN,20200513,10:15,852.05,852.50,851.45,852.45,3159,0
LUPIN,20200513,10:16,852.50,852.50,851.50,851.90,1341,0
LUPIN,20200513,10:17,851.60,852.45,851.50,851.55,2702,0
LUPIN,20200513,10:18,851.95,852.20,851.55,851.85,776,0
LUPIN,20200513,10:19,851.75,852.30,851.55,851.75,1717,0
LUPIN,20200513,10:20,851.65,851.75,851.05,851.05,4354,0
LUPIN,20200513,10:21,851.10,851.10,849.65,850.55,6944,0
LUPIN,20200513,10:22,850.35,851.00,848.10,849.40,13311,0
LUPIN,20200513,10:23,849.50,850.20,849.10,850.05,3675,0
LUPIN,20200513,10:24,849.55,850.50,849.50,849.75,2853,0
LUPIN,20200513,10:25,849.40,849.70,848.65,848.65,3121,0
LUPIN,20200513,10:26,848.65,849.65,848.65,849.20,4545,0
LUPIN,20200513,10:27,849.20,849.20,848.45,848.95,2022,0
LUPIN,20200513,10:28,848.70,849.00,848.45,848.90,1927,0
LUPIN,20200513,10:29,848.75,849.65,848.55,848.80,2860,0
LUPIN,20200513,10:30,848.80,848.80,847.20,847.90,6316,0
LUPIN,20200513,10:31,847.75,849.55,847.75,848.45,9704,0
LUPIN,20200513,10:32,848.95,848.95,848.00,848.00,2724,0
LUPIN,20200513,10:33,848.00,848.70,847.60,848.05,2478,0
LUPIN,20200513,10:34,848.10,848.45,847.60,848.10,1727,0
LUPIN,20200513,10:35,847.85,848.80,847.85,848.10,1002,0
LUPIN,20200513,10:36,848.15,848.80,848.15,848.80,1156,0
LUPIN,20200513,10:37,849.20,849.75,848.65,849.15,2876,0
LUPIN,20200513,10:38,849.20,849.90,849.20,849.90,1601,0
LUPIN,20200513,10:39,850.00,851.60,849.80,851.60,3576,0
LUPIN,20200513,10:40,852.00,852.35,850.25,850.45,5157,0
LUPIN,20200513,10:41,850.75,850.75,849.80,849.90,2419,0
LUPIN,20200513,10:42,849.90,850.35,849.90,850.00,826,0
LUPIN,20200513,10:43,850.35,851.75,850.35,850.85,3403,0
LUPIN,20200513,10:44,850.85,851.30,850.50,850.50,1716,0
LUPIN,20200513,10:45,850.50,851.30,850.50,850.75,1565,0
LUPIN,20200513,10:46,850.50,851.00,850.50,850.80,596,0
LUPIN,20200513,10:47,850.70,851.60,850.70,851.10,2743,0
LUPIN,20200513,10:48,851.50,851.55,851.00,851.05,2486,0
LUPIN,20200513,10:49,850.60,851.00,850.45,850.50,3297,0
LUPIN,20200513,10:50,850.45,850.60,850.00,850.10,1566,0
LUPIN,20200513,10:51,850.10,850.95,850.10,850.95,884,0
LUPIN,20200513,10:52,850.90,850.90,850.10,850.70,946,0
LUPIN,20200513,10:53,850.70,850.95,850.30,850.30,504,0
LUPIN,20200513,10:54,850.30,850.50,850.20,850.30,377,0
LUPIN,20200513,10:55,850.30,850.80,850.10,850.20,2039,0
LUPIN,20200513,10:56,850.80,852.00,850.80,851.90,6271,0
LUPIN,20200513,10:57,852.00,852.00,851.10,851.50,797,0
LUPIN,20200513,10:58,851.10,851.10,850.60,850.75,1210,0
LUPIN,20200513,10:59,851.00,851.90,850.70,851.75,2329,0
LUPIN,20200513,11:00,851.80,851.95,850.40,850.70,4105,0
LUPIN,20200513,11:01,850.75,851.70,850.70,851.45,941,0
LUPIN,20200513,11:02,850.85,851.45,850.80,851.45,728,0
LUPIN,20200513,11:03,851.50,851.60,850.85,851.60,1604,0
LUPIN,20200513,11:04,851.70,851.70,850.85,850.85,377,0
LUPIN,20200513,11:05,850.95,851.60,850.60,851.55,1024,0
LUPIN,20200513,11:06,851.40,851.45,850.80,851.35,413,0
LUPIN,20200513,11:07,851.00,851.05,850.55,851.05,326,0
LUPIN,20200513,11:08,851.05,851.30,850.50,851.25,2190,0
LUPIN,20200513,11:09,851.25,851.45,851.00,851.00,650,0
LUPIN,20200513,11:10,851.30,851.30,851.00,851.05,306,0
LUPIN,20200513,11:11,851.15,851.20,851.05,851.05,779,0
LUPIN,20200513,11:12,851.15,851.15,849.70,849.95,3326,0
LUPIN,20200513,11:13,849.90,850.05,848.50,849.00,2468,0
LUPIN,20200513,11:14,848.95,849.05,848.05,848.65,2251,0
LUPIN,20200513,11:15,848.05,848.40,847.60,848.30,7916,0
LUPIN,20200513,11:16,847.80,848.40,847.50,847.50,3253,0
LUPIN,20200513,11:17,847.40,847.40,846.50,846.50,6098,0
LUPIN,20200513,11:18,846.70,846.70,846.00,846.25,4026,0
LUPIN,20200513,11:19,846.45,847.50,846.45,847.10,5238,0
LUPIN,20200513,11:20,847.00,848.00,847.00,848.00,1829,0
LUPIN,20200513,11:21,848.00,848.50,847.20,847.80,2655,0
LUPIN,20200513,11:22,847.95,848.30,847.55,848.00,2480,0
LUPIN,20200513,11:23,847.70,848.50,847.30,848.10,4308,0
LUPIN,20200513,11:24,848.10,848.55,847.45,848.05,2290,0
LUPIN,20200513,11:25,848.00,848.45,847.60,847.80,2366,0
LUPIN,20200513,11:26,847.45,847.95,847.25,847.60,1592,0
LUPIN,20200513,11:27,847.70,848.00,846.90,846.90,4074,0
LUPIN,20200513,11:28,846.60,847.55,846.55,846.80,1276,0
LUPIN,20200513,11:29,847.20,847.25,846.55,846.90,2849,0
LUPIN,20200513,11:30,846.60,846.85,846.60,846.80,976,0
LUPIN,20200513,11:31,846.75,846.75,845.05,845.45,10318,0
LUPIN,20200513,11:32,845.30,846.00,845.30,845.50,1581,0
LUPIN,20200513,11:33,845.50,845.70,845.00,845.30,7245,0
LUPIN,20200513,11:34,845.15,845.70,845.00,845.35,4553,0
LUPIN,20200513,11:35,845.80,846.20,845.60,845.90,4157,0
LUPIN,20200513,11:36,845.65,846.65,845.05,846.00,4337,0
LUPIN,20200513,11:37,846.00,846.60,845.80,845.80,1115,0
LUPIN,20200513,11:38,846.00,846.00,843.00,844.20,23255,0
LUPIN,20200513,11:39,844.00,844.20,842.10,842.20,11441,0
LUPIN,20200513,11:40,842.50,842.90,841.70,842.80,11631,0
LUPIN,20200513,11:41,842.60,843.00,842.50,842.90,5460,0
LUPIN,20200513,11:42,842.90,844.40,842.75,844.40,6521,0
LUPIN,20200513,11:43,844.00,844.40,843.95,844.05,3085,0
LUPIN,20200513,11:44,843.70,844.35,843.00,843.70,3163,0
LUPIN,20200513,11:45,843.70,844.30,843.70,843.90,2436,0
LUPIN,20200513,11:46,843.90,844.00,843.50,843.90,2549,0
LUPIN,20200513,11:47,843.70,844.55,842.70,842.90,9200,0
LUPIN,20200513,11:48,842.50,842.70,841.25,841.70,10582,0
LUPIN,20200513,11:49,841.70,841.70,840.60,840.80,14919,0
LUPIN,20200513,11:50,840.80,841.50,838.20,839.55,27621,0
LUPIN,20200513,11:51,840.00,841.15,839.50,839.60,11835,0
LUPIN,20200513,11:52,839.95,840.00,838.70,838.70,5983,0
LUPIN,20200513,11:53,839.20,839.30,838.10,838.90,7821,0
LUPIN,20200513,11:54,838.70,838.90,838.00,838.00,7853,0
LUPIN,20200513,11:55,838.30,838.40,836.35,837.40,19238,0
LUPIN,20200513,11:56,836.80,838.00,836.40,837.90,28824,0
LUPIN,20200513,11:57,837.45,839.90,837.45,839.90,7528,0
LUPIN,20200513,11:58,839.90,841.45,839.85,840.40,4430,0
LUPIN,20200513,11:59,840.40,840.90,839.70,840.90,6595,0
LUPIN,20200513,12:00,840.60,841.90,840.60,841.80,6821,0
LUPIN,20200513,12:01,841.80,843.80,841.70,843.00,15298,0
LUPIN,20200513,12:02,843.00,844.20,842.55,843.00,10882,0
LUPIN,20200513,12:03,843.00,843.40,842.50,843.00,4659,0
LUPIN,20200513,12:04,843.00,843.00,841.60,842.45,6279,0
LUPIN,20200513,12:05,842.45,842.55,840.40,840.95,8021,0
LUPIN,20200513,12:06,840.95,841.90,839.95,841.90,13377,0
LUPIN,20200513,12:07,841.90,844.80,841.60,844.40,39379,0
LUPIN,20200513,12:08,843.05,844.00,842.45,843.55,6013,0
LUPIN,20200513,12:09,844.00,844.95,843.85,844.40,9417,0
LUPIN,20200513,12:10,844.40,846.70,844.25,846.55,19319,0
LUPIN,20200513,12:11,846.15,846.60,844.70,845.55,9607,0
LUPIN,20200513,12:12,845.55,846.00,845.20,845.80,3547,0
LUPIN,20200513,12:13,846.00,846.00,844.45,844.95,6501,0
LUPIN,20200513,12:14,844.95,845.65,844.80,845.40,4772,0
LUPIN,20200513,12:15,845.50,845.50,844.90,845.10,2432,0
LUPIN,20200513,12:16,845.10,847.85,845.10,846.95,14308,0
LUPIN,20200513,12:17,847.00,847.45,846.35,846.80,5542,0
LUPIN,20200513,12:18,846.80,847.20,846.45,846.80,4336,0
LUPIN,20200513,12:19,846.40,846.65,846.20,846.60,4516,0
LUPIN,20200513,12:20,846.60,847.00,846.00,846.30,2891,0
LUPIN,20200513,12:21,846.30,848.90,846.30,848.40,20491,0
LUPIN,20200513,12:22,848.35,848.55,848.00,848.45,6187,0
LUPIN,20200513,12:23,848.50,848.90,847.70,847.70,6658,0
LUPIN,20200513,12:24,848.00,848.50,847.80,848.50,2977,0
LUPIN,20200513,12:25,848.40,849.75,848.40,849.05,13855,0
LUPIN,20200513,12:26,848.75,849.20,848.50,848.90,3725,0
LUPIN,20200513,12:27,848.95,849.05,848.00,848.00,3670,0
LUPIN,20200513,12:28,848.00,848.00,846.60,847.50,8106,0
LUPIN,20200513,12:29,847.50,847.50,846.40,846.85,2880,0
LUPIN,20200513,12:30,846.75,848.00,846.00,847.60,8896,0
LUPIN,20200513,12:31,847.75,848.00,847.30,847.70,4670,0
LUPIN,20200513,12:32,847.60,847.95,847.50,847.75,2798,0
LUPIN,20200513,12:33,847.75,848.00,847.50,847.50,3800,0
LUPIN,20200513,12:34,847.45,847.90,846.50,847.70,4629,0
LUPIN,20200513,12:35,847.70,849.90,847.65,849.75,14251,0
LUPIN,20200513,12:36,849.80,851.50,849.30,851.40,28722,0
LUPIN,20200513,12:37,851.50,851.85,851.00,851.65,16602,0
LUPIN,20200513,12:38,851.55,851.65,850.30,850.85,11013,0
LUPIN,20200513,12:39,850.75,851.30,850.30,851.20,10672,0
LUPIN,20200513,12:40,851.00,851.20,850.20,850.45,8287,0
LUPIN,20200513,12:41,850.20,850.45,849.05,849.75,17287,0
LUPIN,20200513,12:42,849.30,849.80,848.65,849.40,16242,0
LUPIN,20200513,12:43,849.15,849.35,848.45,848.80,6845,0
LUPIN,20200513,12:44,848.25,850.00,848.05,850.00,16085,0
LUPIN,20200513,12:45,850.00,850.00,848.50,848.50,5144,0
LUPIN,20200513,12:46,848.50,848.50,848.00,848.00,2968,0
LUPIN,20200513,12:47,848.30,849.50,848.00,849.45,5182,0
LUPIN,20200513,12:48,849.00,849.80,849.00,849.25,5406,0
LUPIN,20200513,12:49,849.15,849.50,847.75,847.75,3143,0
LUPIN,20200513,12:50,847.60,848.70,847.00,847.75,4924,0
LUPIN,20200513,12:51,848.40,848.40,847.35,847.50,1020,0
LUPIN,20200513,12:52,847.50,848.00,847.10,847.55,6167,0
LUPIN,20200513,12:53,847.90,847.95,847.30,847.70,3369,0
LUPIN,20200513,12:54,847.70,847.95,847.20,847.20,1798,0
LUPIN,20200513,12:55,847.20,847.30,847.00,847.00,2284,0
LUPIN,20200513,12:56,847.00,847.00,846.00,846.00,13452,0
LUPIN,20200513,12:57,846.00,846.00,843.75,844.35,16932,0
LUPIN,20200513,12:58,844.30,845.00,844.30,845.00,5240,0
LUPIN,20200513,12:59,844.95,845.10,844.65,845.10,9551,0
LUPIN,20200513,13:00,845.10,846.80,845.10,846.00,5378,0
LUPIN,20200513,13:01,846.40,846.40,845.10,845.30,3439,0
LUPIN,20200513,13:02,845.30,845.35,844.50,845.00,3577,0
LUPIN,20200513,13:03,845.00,845.80,844.60,845.80,3497,0
LUPIN,20200513,13:04,845.05,845.30,844.75,845.25,1824,0
LUPIN,20200513,13:05,845.60,845.75,845.25,845.75,1200,0
LUPIN,20200513,13:06,845.35,846.50,845.35,846.50,4130,0
LUPIN,20200513,13:07,846.50,846.95,846.40,846.45,2365,0
LUPIN,20200513,13:08,846.80,846.80,845.75,845.75,4046,0
LUPIN,20200513,13:09,845.80,845.80,845.00,845.45,2287,0
LUPIN,20200513,13:10,845.00,845.75,845.00,845.70,1640,0
LUPIN,20200513,13:11,845.70,845.75,844.20,844.25,2516,0
LUPIN,20200513,13:12,844.25,844.35,842.50,842.90,10200,0
LUPIN,20200513,13:13,843.30,843.50,842.95,843.45,3908,0
LUPIN,20200513,13:14,843.50,844.30,843.40,844.00,3712,0
LUPIN,20200513,13:15,843.80,844.00,843.40,843.85,2208,0
LUPIN,20200513,13:16,844.00,844.00,843.15,843.30,5197,0
LUPIN,20200513,13:17,843.25,843.45,843.05,843.05,1540,0
LUPIN,20200513,13:18,843.20,843.20,842.25,842.50,5292,0
LUPIN,20200513,13:19,842.60,842.70,842.55,842.60,1035,0
LUPIN,20200513,13:20,842.55,843.00,842.25,843.00,3866,0
LUPIN,20200513,13:21,843.00,843.90,842.70,843.15,3634,0
LUPIN,20200513,13:22,843.05,844.00,843.05,843.95,3374,0
LUPIN,20200513,13:23,843.90,844.50,843.55,843.90,2252,0
LUPIN,20200513,13:24,843.90,844.95,843.90,844.30,1809,0
LUPIN,20200513,13:25,844.50,844.80,843.95,844.20,2444,0
LUPIN,20200513,13:26,844.50,844.95,844.05,844.05,5493,0
LUPIN,20200513,13:27,844.40,845.00,844.30,844.80,2336,0
LUPIN,20200513,13:28,845.00,845.00,844.50,844.50,1261,0
LUPIN,20200513,13:29,844.50,844.50,843.00,843.00,3545,0
LUPIN,20200513,13:30,843.30,843.70,842.70,843.00,2603,0
LUPIN,20200513,13:31,843.00,843.90,843.00,843.90,1235,0
LUPIN,20200513,13:32,843.80,844.00,843.50,843.60,1350,0
LUPIN,20200513,13:33,843.85,844.00,843.80,843.80,1031,0
LUPIN,20200513,13:34,843.80,843.80,843.10,843.60,1432,0
LUPIN,20200513,13:35,843.30,843.55,843.10,843.35,1535,0
LUPIN,20200513,13:36,843.50,844.65,843.50,844.60,2067,0
LUPIN,20200513,13:37,844.80,845.00,844.40,844.90,1169,0
LUPIN,20200513,13:38,845.00,845.00,844.50,844.50,2325,0
LUPIN,20200513,13:39,845.00,845.00,844.50,844.75,897,0
LUPIN,20200513,13:40,844.50,844.75,844.50,844.60,588,0
LUPIN,20200513,13:41,844.55,845.00,844.55,845.00,690,0
LUPIN,20200513,13:42,845.00,845.85,844.60,845.50,2101,0
LUPIN,20200513,13:43,845.50,846.00,845.15,845.15,11365,0
LUPIN,20200513,13:44,845.15,845.80,845.15,845.40,3309,0
LUPIN,20200513,13:45,845.30,845.55,844.75,845.55,3175,0
LUPIN,20200513,13:46,845.25,845.65,845.25,845.35,932,0
LUPIN,20200513,13:47,845.35,845.65,845.30,845.35,851,0
LUPIN,20200513,13:48,845.35,847.65,845.35,847.60,3595,0
LUPIN,20200513,13:49,847.55,847.55,846.10,846.75,4154,0
LUPIN,20200513,13:50,847.10,847.10,846.10,846.10,2955,0
LUPIN,20200513,13:51,846.10,846.10,845.25,846.00,3450,0
LUPIN,20200513,13:52,845.85,846.00,845.40,846.00,869,0
LUPIN,20200513,13:53,845.60,846.00,845.40,845.70,1633,0
LUPIN,20200513,13:54,846.00,846.00,845.40,845.80,1023,0
LUPIN,20200513,13:55,845.55,845.80,844.65,844.65,2211,0
LUPIN,20200513,13:56,844.65,845.25,844.00,844.00,10051,0
LUPIN,20200513,13:57,843.90,844.60,843.00,843.15,2907,0
LUPIN,20200513,13:58,843.00,843.55,843.00,843.10,2343,0
LUPIN,20200513,13:59,843.10,843.90,843.10,843.90,577,0
LUPIN,20200513,14:00,843.90,843.90,843.00,843.00,1571,0
LUPIN,20200513,14:01,843.25,843.25,842.40,842.40,2890,0
LUPIN,20200513,14:02,842.50,842.85,842.15,842.85,1343,0
LUPIN,20200513,14:03,842.85,842.85,841.55,841.55,12131,0
LUPIN,20200513,14:04,841.90,841.90,841.25,841.40,3017,0
LUPIN,20200513,14:05,841.20,842.00,841.00,841.30,5658,0
LUPIN,20200513,14:06,841.30,842.00,841.00,841.30,4304,0
LUPIN,20200513,14:07,841.35,841.70,841.05,841.60,1764,0
LUPIN,20200513,14:08,842.00,842.00,841.80,841.95,946,0
LUPIN,20200513,14:09,841.90,842.90,841.90,842.80,2824,0
LUPIN,20200513,14:10,842.50,842.95,842.00,842.05,2111,0
LUPIN,20200513,14:11,842.05,842.35,840.50,840.50,6980,0
LUPIN,20200513,14:12,840.50,840.95,840.50,840.65,2730,0
LUPIN,20200513,14:13,840.65,840.85,840.50,840.85,2219,0
LUPIN,20200513,14:14,840.65,840.95,839.25,839.25,9850,0
LUPIN,20200513,14:15,839.25,839.80,839.25,839.60,3564,0
LUPIN,20200513,14:16,839.60,839.60,838.00,838.00,12091,0
LUPIN,20200513,14:17,838.00,839.00,838.00,838.60,6679,0
LUPIN,20200513,14:18,838.75,839.50,838.60,839.00,8757,0
LUPIN,20200513,14:19,839.10,839.10,838.15,838.25,4006,0
LUPIN,20200513,14:20,838.60,838.80,838.10,838.30,3409,0
LUPIN,20200513,14:21,838.50,838.50,838.05,838.20,1651,0
LUPIN,20200513,14:22,838.20,839.00,838.15,838.60,3530,0
LUPIN,20200513,14:23,838.70,838.95,838.60,838.95,1735,0
LUPIN,20200513,14:24,838.95,839.00,838.70,838.85,2033,0
LUPIN,20200513,14:25,838.85,838.90,838.70,838.90,1345,0
LUPIN,20200513,14:26,838.90,840.05,838.90,839.40,5955,0
LUPIN,20200513,14:27,839.60,840.40,839.25,840.35,3209,0
LUPIN,20200513,14:28,840.30,840.45,840.00,840.25,2422,0
LUPIN,20200513,14:29,840.25,840.80,840.20,840.80,4378,0
LUPIN,20200513,14:30,840.95,841.90,840.95,841.45,5380,0
LUPIN,20200513,14:31,841.45,841.45,839.20,839.20,4160,0
LUPIN,20200513,14:32,839.20,839.95,839.00,839.80,3057,0
LUPIN,20200513,14:33,839.55,839.85,839.30,839.30,1765,0
LUPIN,20200513,14:34,839.55,839.75,839.30,839.75,2621,0
LUPIN,20200513,14:35,839.75,839.75,839.40,839.75,559,0
LUPIN,20200513,14:36,839.70,839.70,839.30,839.30,2338,0
LUPIN,20200513,14:37,839.30,839.50,839.05,839.40,998,0
LUPIN,20200513,14:38,839.35,839.80,839.10,839.80,2571,0
LUPIN,20200513,14:39,839.80,839.80,838.50,838.50,3821,0
LUPIN,20200513,14:40,838.50,839.00,838.10,838.70,6031,0
LUPIN,20200513,14:41,838.70,838.70,837.30,837.30,6960,0
LUPIN,20200513,14:42,837.25,837.95,837.20,837.95,4753,0
LUPIN,20200513,14:43,837.95,838.85,837.95,838.10,1770,0
LUPIN,20200513,14:44,838.25,838.95,838.25,838.60,8368,0
LUPIN,20200513,14:45,838.95,838.95,838.15,838.35,1732,0
LUPIN,20200513,14:46,838.35,838.35,837.75,837.75,3326,0
LUPIN,20200513,14:47,837.75,838.30,837.50,837.50,2671,0
LUPIN,20200513,14:48,837.50,838.25,837.50,837.75,1775,0
LUPIN,20200513,14:49,838.00,838.90,837.65,838.80,12705,0
LUPIN,20200513,14:50,838.20,838.85,838.00,838.00,2825,0
LUPIN,20200513,14:51,838.00,838.50,837.75,838.45,2436,0
LUPIN,20200513,14:52,837.90,838.40,836.55,837.60,14397,0
LUPIN,20200513,14:53,837.55,838.85,837.55,838.05,10155,0
LUPIN,20200513,14:54,837.85,837.85,836.75,836.90,4314,0
LUPIN,20200513,14:55,836.50,837.00,835.70,836.25,21146,0
LUPIN,20200513,14:56,836.25,836.70,836.00,836.05,5177,0
LUPIN,20200513,14:57,836.00,837.45,836.00,837.00,6679,0
LUPIN,20200513,14:58,837.10,837.70,836.50,836.90,3576,0
LUPIN,20200513,14:59,836.50,836.70,836.05,836.35,2608,0
LUPIN,20200513,15:00,836.45,836.45,835.55,835.80,7117,0
LUPIN,20200513,15:01,835.80,836.00,835.20,835.85,9891,0
LUPIN,20200513,15:02,835.70,836.80,835.40,836.80,6548,0
LUPIN,20200513,15:03,836.50,837.35,836.25,836.80,6563,0
LUPIN,20200513,15:04,837.35,838.00,836.75,838.00,6028,0
LUPIN,20200513,15:05,838.00,839.00,837.35,837.35,18711,0
LUPIN,20200513,15:06,837.85,837.85,836.50,837.10,10585,0
LUPIN,20200513,15:07,837.05,837.20,836.55,837.00,3331,0
LUPIN,20200513,15:08,837.00,837.05,836.90,836.95,2460,0
LUPIN,20200513,15:09,836.90,837.00,836.50,837.00,5030,0
LUPIN,20200513,15:10,837.00,837.30,836.80,837.25,6411,0
LUPIN,20200513,15:11,837.90,838.90,837.50,837.75,17345,0
LUPIN,20200513,15:12,837.75,838.50,837.05,838.45,9264,0
LUPIN,20200513,15:13,838.05,838.60,837.85,838.15,8882,0
LUPIN,20200513,15:14,838.15,841.00,838.15,840.90,26580,0
LUPIN,20200513,15:15,840.55,842.55,840.55,841.20,18628,0
LUPIN,20200513,15:16,841.50,842.00,841.50,841.65,9860,0
LUPIN,20200513,15:17,841.55,841.65,838.55,838.70,25825,0
LUPIN,20200513,15:18,838.75,841.50,838.50,840.45,16378,0
LUPIN,20200513,15:19,840.15,841.20,840.15,840.85,8274,0
LUPIN,20200513,15:20,840.85,840.85,839.80,839.90,6207,0
LUPIN,20200513,15:21,840.20,840.35,839.80,840.00,7538,0
LUPIN,20200513,15:22,840.00,841.65,838.90,839.05,15212,0
LUPIN,20200513,15:23,839.05,841.00,838.15,841.00,13089,0
LUPIN,20200513,15:24,841.20,841.90,840.45,840.50,4352,0
LUPIN,20200513,15:25,840.50,840.50,839.50,840.00,8352,0
LUPIN,20200513,15:26,839.95,841.30,839.95,841.20,4078,0
LUPIN,20200513,15:27,841.20,841.20,839.65,840.00,6776,0
LUPIN,20200513,15:28,839.75,840.75,839.50,840.50,7549,0
LUPIN,20200513,15:29,839.90,840.20,839.50,839.50,6018,0
LUPIN,20200513,15:30,839.50,840.60,839.20,840.00,9022,0
LUPIN,20200513,15:31,840.65,840.65,840.65,840.65,5,0
LUPIN,20200513,15:33,839.25,839.25,839.25,839.25,0,0
LUPIN,20200513,15:41,839.25,839.25,839.25,839.25,140,0
LUPIN,20200513,16:37,839.25,839.25,839.25,839.25,0,0
