UNIONBANK_F1,20190116,09:16,93.90,94.80,93.90,94.80,231000,36981000
UNIONBANK_F1,20190116,09:17,94.70,94.70,94.60,94.65,63000,36981000
UNIONBANK_F1,20190116,09:18,94.65,94.65,94.55,94.55,56000,37093000
UNIONBANK_F1,20190116,09:19,94.65,94.70,94.65,94.70,21000,37093000
UNIONBANK_F1,20190116,09:20,94.50,94.50,94.40,94.40,28000,37093000
UNIONBANK_F1,20190116,09:21,94.45,94.45,94.40,94.45,77000,37142000
UNIONBANK_F1,20190116,09:22,94.50,94.65,94.50,94.65,56000,37142000
UNIONBANK_F1,20190116,09:23,94.65,94.80,94.65,94.80,42000,37142000
UNIONBANK_F1,20190116,09:24,94.65,94.70,94.65,94.70,35000,37184000
UNIONBANK_F1,20190116,09:25,94.65,94.90,94.65,94.85,273000,37184000
UNIONBANK_F1,20190116,09:26,94.90,95.05,94.90,94.95,126000,37184000
UNIONBANK_F1,20190116,09:27,94.90,95.10,94.85,94.95,98000,37296000
UNIONBANK_F1,20190116,09:28,94.95,94.95,94.90,94.90,14000,37296000
UNIONBANK_F1,20190116,09:29,94.95,94.95,94.95,94.95,7000,37296000
UNIONBANK_F1,20190116,09:30,94.85,94.85,94.70,94.70,56000,37359000
UNIONBANK_F1,20190116,09:31,94.75,94.95,94.75,94.95,42000,37359000
UNIONBANK_F1,20190116,09:32,95.05,95.40,95.05,95.25,189000,37359000
UNIONBANK_F1,20190116,09:33,95.25,95.25,95.15,95.25,119000,37436000
UNIONBANK_F1,20190116,09:34,95.35,95.35,95.30,95.30,84000,37436000
UNIONBANK_F1,20190116,09:35,95.30,95.55,95.30,95.50,168000,37436000
UNIONBANK_F1,20190116,09:36,95.45,95.50,95.45,95.50,147000,37583000
UNIONBANK_F1,20190116,09:37,95.55,95.60,95.50,95.60,84000,37583000
UNIONBANK_F1,20190116,09:38,95.60,95.60,95.60,95.60,63000,37583000
UNIONBANK_F1,20190116,09:39,95.70,95.95,95.65,95.95,392000,37653000
UNIONBANK_F1,20190116,09:40,96.00,96.00,95.90,95.95,315000,37653000
UNIONBANK_F1,20190116,09:41,95.95,96.00,95.95,95.95,105000,37653000
UNIONBANK_F1,20190116,09:42,95.90,95.90,95.80,95.80,91000,37849000
UNIONBANK_F1,20190116,09:43,95.75,95.80,95.70,95.70,77000,37849000
UNIONBANK_F1,20190116,09:44,95.70,95.75,95.60,95.60,105000,37849000
UNIONBANK_F1,20190116,09:45,95.60,95.75,95.60,95.70,63000,37898000
UNIONBANK_F1,20190116,09:46,95.70,95.75,95.70,95.75,63000,37898000
UNIONBANK_F1,20190116,09:47,95.90,95.90,95.90,95.90,42000,37898000
UNIONBANK_F1,20190116,09:48,95.85,95.95,95.85,95.95,147000,37919000
UNIONBANK_F1,20190116,09:49,96.20,96.25,96.10,96.25,196000,37919000
UNIONBANK_F1,20190116,09:50,96.25,96.25,96.10,96.10,98000,37919000
UNIONBANK_F1,20190116,09:51,96.10,96.20,96.10,96.20,322000,38115000
UNIONBANK_F1,20190116,09:52,96.20,96.20,96.05,96.05,91000,38115000
UNIONBANK_F1,20190116,09:53,96.05,96.05,96.05,96.05,63000,38115000
UNIONBANK_F1,20190116,09:54,96.05,96.30,96.05,96.25,105000,38241000
UNIONBANK_F1,20190116,09:55,96.25,96.25,96.20,96.20,77000,38241000
UNIONBANK_F1,20190116,09:56,96.25,96.30,96.25,96.25,77000,38241000
UNIONBANK_F1,20190116,09:57,96.40,96.60,96.40,96.45,315000,38248000
UNIONBANK_F1,20190116,09:58,96.45,96.45,96.40,96.40,63000,38248000
UNIONBANK_F1,20190116,09:59,96.25,96.35,96.25,96.30,63000,38248000
UNIONBANK_F1,20190116,10:00,96.30,96.30,96.25,96.25,35000,38402000
UNIONBANK_F1,20190116,10:01,96.25,96.35,96.25,96.35,63000,38402000
UNIONBANK_F1,20190116,10:02,96.35,96.35,96.30,96.30,42000,38402000
UNIONBANK_F1,20190116,10:03,96.40,96.40,96.40,96.40,7000,38430000
UNIONBANK_F1,20190116,10:04,96.25,96.25,96.25,96.25,14000,38430000
UNIONBANK_F1,20190116,10:05,96.30,96.30,96.10,96.10,49000,38430000
UNIONBANK_F1,20190116,10:06,96.15,96.30,96.15,96.30,133000,38423000
UNIONBANK_F1,20190116,10:07,96.30,96.30,96.30,96.30,21000,38423000
UNIONBANK_F1,20190116,10:08,96.30,96.40,96.30,96.35,35000,38423000
UNIONBANK_F1,20190116,10:09,96.40,96.40,96.40,96.40,7000,38423000
UNIONBANK_F1,20190116,10:10,96.30,96.45,96.30,96.45,98000,38535000
UNIONBANK_F1,20190116,10:11,96.35,96.45,96.35,96.45,14000,38535000
UNIONBANK_F1,20190116,10:12,96.50,96.60,96.50,96.60,126000,38563000
UNIONBANK_F1,20190116,10:13,96.55,96.55,96.45,96.50,42000,38563000
UNIONBANK_F1,20190116,10:14,96.60,96.80,96.60,96.80,168000,38563000
UNIONBANK_F1,20190116,10:15,96.75,96.75,96.75,96.75,84000,38584000
UNIONBANK_F1,20190116,10:16,96.75,96.90,96.75,96.90,217000,38584000
UNIONBANK_F1,20190116,10:17,96.90,96.90,96.50,96.50,273000,38584000
UNIONBANK_F1,20190116,10:18,96.50,96.50,96.30,96.30,182000,38584000
UNIONBANK_F1,20190116,10:19,96.30,96.40,96.30,96.30,175000,38584000
UNIONBANK_F1,20190116,10:20,96.25,96.25,96.00,96.05,182000,38584000
UNIONBANK_F1,20190116,10:21,96.00,96.10,96.00,96.05,63000,38528000
UNIONBANK_F1,20190116,10:22,96.15,96.15,96.15,96.15,14000,38528000
UNIONBANK_F1,20190116,10:23,96.20,96.20,96.10,96.15,49000,38528000
UNIONBANK_F1,20190116,10:24,96.15,96.15,96.15,96.15,7000,38528000
UNIONBANK_F1,20190116,10:25,96.15,96.15,95.90,95.90,105000,38521000
UNIONBANK_F1,20190116,10:26,96.00,96.00,95.90,95.90,35000,38521000
UNIONBANK_F1,20190116,10:27,95.90,95.90,95.90,95.90,28000,38500000
UNIONBANK_F1,20190116,10:28,95.90,95.90,95.80,95.80,70000,38500000
UNIONBANK_F1,20190116,10:29,95.75,95.95,95.75,95.95,70000,38500000
UNIONBANK_F1,20190116,10:30,95.85,95.85,95.80,95.80,14000,38493000
UNIONBANK_F1,20190116,10:32,95.90,96.00,95.90,96.00,70000,38493000
UNIONBANK_F1,20190116,10:33,96.10,96.10,96.00,96.00,70000,38500000
UNIONBANK_F1,20190116,10:34,96.10,96.10,96.10,96.10,7000,38500000
UNIONBANK_F1,20190116,10:35,96.10,96.10,96.10,96.10,7000,38500000
UNIONBANK_F1,20190116,10:36,96.15,96.25,96.15,96.25,49000,38486000
UNIONBANK_F1,20190116,10:37,96.20,96.25,96.20,96.25,21000,38486000
UNIONBANK_F1,20190116,10:38,96.25,96.25,96.25,96.25,21000,38486000
UNIONBANK_F1,20190116,10:39,96.35,96.35,96.35,96.35,35000,38500000
UNIONBANK_F1,20190116,10:40,96.35,96.35,96.30,96.30,35000,38500000
UNIONBANK_F1,20190116,10:41,96.25,96.25,96.15,96.15,42000,38500000
UNIONBANK_F1,20190116,10:42,96.20,96.20,96.20,96.20,14000,38542000
UNIONBANK_F1,20190116,10:44,96.10,96.10,96.10,96.10,21000,38542000
UNIONBANK_F1,20190116,10:45,96.05,96.05,96.05,96.05,7000,38542000
UNIONBANK_F1,20190116,10:47,96.20,96.20,96.20,96.20,21000,38535000
UNIONBANK_F1,20190116,10:48,96.25,96.25,96.25,96.25,28000,38535000
UNIONBANK_F1,20190116,10:49,96.15,96.15,96.10,96.10,21000,38535000
UNIONBANK_F1,20190116,10:50,96.00,96.00,96.00,96.00,98000,38535000
UNIONBANK_F1,20190116,10:51,96.05,96.05,96.00,96.00,14000,38521000
UNIONBANK_F1,20190116,10:52,95.95,95.95,95.90,95.90,14000,38521000
UNIONBANK_F1,20190116,10:53,95.90,95.90,95.90,95.90,7000,38521000
UNIONBANK_F1,20190116,10:54,95.90,95.90,95.90,95.90,14000,38514000
UNIONBANK_F1,20190116,10:55,95.90,95.90,95.90,95.90,7000,38514000
UNIONBANK_F1,20190116,10:56,95.90,95.90,95.90,95.90,7000,38514000
UNIONBANK_F1,20190116,10:57,95.90,95.90,95.90,95.90,14000,38507000
UNIONBANK_F1,20190116,10:58,95.95,95.95,95.95,95.95,7000,38507000
UNIONBANK_F1,20190116,11:00,95.95,95.95,95.85,95.85,14000,38521000
UNIONBANK_F1,20190116,11:01,95.85,95.85,95.85,95.85,14000,38521000
UNIONBANK_F1,20190116,11:02,95.85,95.85,95.85,95.85,7000,38521000
UNIONBANK_F1,20190116,11:03,95.90,95.90,95.85,95.85,14000,38542000
UNIONBANK_F1,20190116,11:04,95.95,95.95,95.95,95.95,14000,38542000
UNIONBANK_F1,20190116,11:05,95.80,95.80,95.80,95.80,21000,38542000
UNIONBANK_F1,20190116,11:06,95.80,95.80,95.75,95.75,35000,38535000
UNIONBANK_F1,20190116,11:07,95.75,95.75,95.75,95.75,21000,38535000
UNIONBANK_F1,20190116,11:08,95.75,95.85,95.75,95.85,49000,38535000
UNIONBANK_F1,20190116,11:09,95.70,95.75,95.70,95.75,70000,38535000
UNIONBANK_F1,20190116,11:10,95.75,95.75,95.65,95.65,42000,38535000
UNIONBANK_F1,20190116,11:11,95.70,95.75,95.70,95.75,28000,38535000
UNIONBANK_F1,20190116,11:13,95.70,95.70,95.70,95.70,7000,38507000
UNIONBANK_F1,20190116,11:14,95.75,95.75,95.75,95.75,14000,38507000
UNIONBANK_F1,20190116,11:17,95.85,95.85,95.85,95.85,7000,38528000
UNIONBANK_F1,20190116,11:18,95.85,95.85,95.85,95.85,7000,38514000
UNIONBANK_F1,20190116,11:19,95.80,95.80,95.80,95.80,14000,38514000
UNIONBANK_F1,20190116,11:20,95.70,95.70,95.70,95.70,21000,38514000
UNIONBANK_F1,20190116,11:21,95.70,95.70,95.70,95.70,28000,38500000
UNIONBANK_F1,20190116,11:22,95.75,95.75,95.70,95.70,35000,38500000
UNIONBANK_F1,20190116,11:23,95.70,95.75,95.70,95.75,14000,38500000
UNIONBANK_F1,20190116,11:25,95.80,95.90,95.80,95.85,21000,38465000
UNIONBANK_F1,20190116,11:26,95.85,95.85,95.85,95.85,14000,38465000
UNIONBANK_F1,20190116,11:29,95.95,95.95,95.95,95.95,14000,38465000
UNIONBANK_F1,20190116,11:30,96.00,96.00,96.00,96.00,7000,38458000
UNIONBANK_F1,20190116,11:31,95.90,95.90,95.90,95.90,7000,38458000
UNIONBANK_F1,20190116,11:33,95.95,96.05,95.95,96.05,28000,38458000
UNIONBANK_F1,20190116,11:34,96.05,96.05,95.95,95.95,35000,38458000
UNIONBANK_F1,20190116,11:36,96.05,96.05,96.05,96.05,7000,38465000
UNIONBANK_F1,20190116,11:43,96.10,96.10,96.10,96.10,7000,38465000
UNIONBANK_F1,20190116,11:44,96.10,96.10,96.10,96.10,14000,38451000
UNIONBANK_F1,20190116,11:45,96.10,96.10,96.10,96.10,7000,38451000
UNIONBANK_F1,20190116,11:46,96.20,96.25,96.20,96.25,21000,38451000
UNIONBANK_F1,20190116,11:47,96.20,96.20,96.20,96.20,7000,38451000
UNIONBANK_F1,20190116,11:48,96.35,96.35,96.35,96.35,35000,38465000
UNIONBANK_F1,20190116,11:49,96.30,96.35,96.30,96.35,14000,38465000
UNIONBANK_F1,20190116,11:50,96.35,96.35,96.35,96.35,14000,38465000
UNIONBANK_F1,20190116,11:51,96.35,96.50,96.35,96.40,112000,38479000
UNIONBANK_F1,20190116,11:52,96.45,96.60,96.45,96.55,70000,38479000
UNIONBANK_F1,20190116,11:53,96.55,96.80,96.55,96.80,140000,38479000
UNIONBANK_F1,20190116,11:54,96.90,97.00,96.80,96.80,539000,38689000
UNIONBANK_F1,20190116,11:55,96.80,96.80,96.70,96.75,105000,38689000
UNIONBANK_F1,20190116,11:56,96.70,96.80,96.70,96.80,70000,38689000
UNIONBANK_F1,20190116,11:57,96.80,96.85,96.75,96.75,77000,38878000
UNIONBANK_F1,20190116,11:58,96.75,96.85,96.75,96.75,49000,38878000
UNIONBANK_F1,20190116,11:59,96.75,96.75,96.75,96.75,14000,38878000
UNIONBANK_F1,20190116,12:00,96.75,96.80,96.75,96.80,28000,38934000
UNIONBANK_F1,20190116,12:01,96.80,96.80,96.80,96.80,7000,38934000
UNIONBANK_F1,20190116,12:02,96.70,96.70,96.65,96.65,14000,38934000
UNIONBANK_F1,20190116,12:03,96.65,96.65,96.65,96.65,21000,38955000
UNIONBANK_F1,20190116,12:04,96.60,96.60,96.50,96.60,77000,38955000
UNIONBANK_F1,20190116,12:05,96.65,96.75,96.65,96.65,35000,38955000
UNIONBANK_F1,20190116,12:06,96.60,96.60,96.60,96.60,21000,38955000
UNIONBANK_F1,20190116,12:07,96.55,96.55,96.50,96.50,35000,38990000
UNIONBANK_F1,20190116,12:08,96.45,96.45,96.45,96.45,42000,38990000
UNIONBANK_F1,20190116,12:09,96.40,96.40,96.35,96.35,35000,39011000
UNIONBANK_F1,20190116,12:10,96.40,96.45,96.40,96.45,21000,39011000
UNIONBANK_F1,20190116,12:11,96.35,96.35,96.35,96.35,28000,39011000
UNIONBANK_F1,20190116,12:12,96.40,96.40,96.35,96.35,35000,39011000
UNIONBANK_F1,20190116,12:13,96.40,96.45,96.40,96.45,28000,39032000
UNIONBANK_F1,20190116,12:14,96.50,96.55,96.50,96.55,14000,39032000
UNIONBANK_F1,20190116,12:15,96.55,96.55,96.55,96.55,14000,39032000
UNIONBANK_F1,20190116,12:17,96.30,96.30,96.30,96.30,21000,39032000
UNIONBANK_F1,20190116,12:18,96.30,96.30,96.30,96.30,7000,39025000
UNIONBANK_F1,20190116,12:20,96.25,96.35,96.25,96.35,56000,39025000
UNIONBANK_F1,20190116,12:21,96.30,96.30,96.30,96.30,14000,39032000
UNIONBANK_F1,20190116,12:22,96.30,96.35,96.30,96.35,14000,39032000
UNIONBANK_F1,20190116,12:24,96.30,96.30,96.30,96.30,7000,39046000
UNIONBANK_F1,20190116,12:26,96.30,96.30,96.30,96.30,14000,39046000
UNIONBANK_F1,20190116,12:27,96.25,96.25,96.25,96.25,7000,39046000
UNIONBANK_F1,20190116,12:28,96.25,96.25,96.25,96.25,7000,39046000
UNIONBANK_F1,20190116,12:29,96.35,96.35,96.35,96.35,14000,39046000
UNIONBANK_F1,20190116,12:32,96.35,96.35,96.35,96.35,14000,39067000
UNIONBANK_F1,20190116,12:33,96.40,96.45,96.40,96.45,28000,39067000
UNIONBANK_F1,20190116,12:34,96.45,96.45,96.45,96.45,21000,39067000
UNIONBANK_F1,20190116,12:35,96.50,96.55,96.50,96.55,42000,39067000
UNIONBANK_F1,20190116,12:36,96.50,96.50,96.50,96.50,14000,39060000
UNIONBANK_F1,20190116,12:38,96.45,96.45,96.40,96.40,42000,39060000
UNIONBANK_F1,20190116,12:39,96.35,96.35,96.35,96.35,7000,39067000
UNIONBANK_F1,20190116,12:40,96.35,96.35,96.25,96.25,28000,39067000
UNIONBANK_F1,20190116,12:46,96.30,96.45,96.30,96.45,63000,39039000
UNIONBANK_F1,20190116,12:47,96.50,96.55,96.50,96.55,28000,39039000
UNIONBANK_F1,20190116,12:48,96.45,96.45,96.45,96.45,35000,39039000
UNIONBANK_F1,20190116,12:49,96.40,96.40,96.40,96.40,7000,39074000
UNIONBANK_F1,20190116,12:52,96.50,96.50,96.50,96.50,28000,39109000
UNIONBANK_F1,20190116,12:53,96.45,96.45,96.45,96.45,7000,39109000
UNIONBANK_F1,20190116,12:54,96.45,96.45,96.40,96.40,14000,39102000
UNIONBANK_F1,20190116,12:55,96.50,96.50,96.50,96.50,7000,39102000
UNIONBANK_F1,20190116,12:56,96.45,96.45,96.45,96.45,7000,39102000
UNIONBANK_F1,20190116,12:57,96.40,96.40,96.40,96.40,21000,39102000
UNIONBANK_F1,20190116,13:00,96.30,96.30,96.30,96.30,7000,39102000
UNIONBANK_F1,20190116,13:02,96.30,96.40,96.30,96.40,21000,39102000
UNIONBANK_F1,20190116,13:03,96.40,96.40,96.40,96.40,7000,39102000
UNIONBANK_F1,20190116,13:04,96.40,96.40,96.40,96.40,7000,39116000
UNIONBANK_F1,20190116,13:07,96.35,96.35,96.30,96.30,28000,39123000
UNIONBANK_F1,20190116,13:08,96.25,96.25,96.25,96.25,7000,39123000
UNIONBANK_F1,20190116,13:09,96.30,96.30,96.30,96.30,14000,39137000
UNIONBANK_F1,20190116,13:10,96.25,96.35,96.25,96.30,35000,39137000
UNIONBANK_F1,20190116,13:11,96.25,96.25,96.20,96.20,14000,39137000
UNIONBANK_F1,20190116,13:12,96.20,96.20,96.20,96.20,7000,39137000
UNIONBANK_F1,20190116,13:13,96.20,96.20,96.20,96.20,21000,39165000
UNIONBANK_F1,20190116,13:14,96.15,96.15,96.15,96.15,14000,39165000
UNIONBANK_F1,20190116,13:15,96.10,96.10,96.10,96.10,21000,39151000
UNIONBANK_F1,20190116,13:17,96.05,96.15,95.90,95.90,126000,39151000
UNIONBANK_F1,20190116,13:18,95.95,95.95,95.95,95.95,7000,39151000
UNIONBANK_F1,20190116,13:19,96.00,96.00,96.00,96.00,7000,39102000
UNIONBANK_F1,20190116,13:20,96.05,96.10,96.05,96.10,21000,39102000
UNIONBANK_F1,20190116,13:22,96.10,96.10,96.10,96.10,7000,39102000
UNIONBANK_F1,20190116,13:23,96.05,96.05,96.00,96.00,28000,39102000
UNIONBANK_F1,20190116,13:24,96.00,96.00,96.00,96.00,14000,39116000
UNIONBANK_F1,20190116,13:25,96.00,96.00,96.00,96.00,28000,39116000
UNIONBANK_F1,20190116,13:26,96.10,96.10,96.10,96.10,21000,39116000
UNIONBANK_F1,20190116,13:27,96.05,96.05,96.05,96.05,14000,39137000
UNIONBANK_F1,20190116,13:29,96.05,96.05,96.05,96.05,14000,39137000
UNIONBANK_F1,20190116,13:30,96.00,96.00,96.00,96.00,7000,39137000
UNIONBANK_F1,20190116,13:32,96.00,96.00,96.00,96.00,14000,39151000
UNIONBANK_F1,20190116,13:34,96.00,96.00,96.00,96.00,7000,39165000
UNIONBANK_F1,20190116,13:37,96.10,96.10,96.10,96.10,7000,39165000
UNIONBANK_F1,20190116,13:38,96.15,96.15,96.15,96.15,7000,39151000
UNIONBANK_F1,20190116,13:39,96.20,96.20,96.15,96.15,14000,39151000
UNIONBANK_F1,20190116,13:41,96.00,96.00,96.00,96.00,14000,39151000
UNIONBANK_F1,20190116,13:43,96.05,96.10,96.05,96.10,21000,39158000
UNIONBANK_F1,20190116,13:44,96.15,96.15,96.15,96.15,7000,39158000
UNIONBANK_F1,20190116,13:45,96.20,96.20,96.20,96.20,7000,39158000
UNIONBANK_F1,20190116,13:46,96.10,96.10,96.10,96.10,14000,39186000
UNIONBANK_F1,20190116,13:47,96.05,96.05,96.00,96.00,28000,39186000
UNIONBANK_F1,20190116,13:48,96.05,96.05,96.05,96.05,7000,39172000
UNIONBANK_F1,20190116,13:49,96.00,96.00,95.95,95.95,49000,39172000
UNIONBANK_F1,20190116,13:50,96.00,96.10,96.00,96.10,14000,39172000
UNIONBANK_F1,20190116,13:51,96.15,96.15,96.15,96.15,7000,39137000
UNIONBANK_F1,20190116,13:52,96.00,96.10,96.00,96.10,63000,39137000
UNIONBANK_F1,20190116,13:54,96.00,96.00,95.90,95.90,28000,39172000
UNIONBANK_F1,20190116,13:55,95.90,96.00,95.90,96.00,21000,39172000
UNIONBANK_F1,20190116,13:56,96.05,96.05,95.95,95.95,21000,39172000
UNIONBANK_F1,20190116,13:57,96.05,96.05,96.00,96.00,14000,39172000
UNIONBANK_F1,20190116,13:58,96.10,96.10,96.10,96.10,7000,39172000
UNIONBANK_F1,20190116,13:59,96.05,96.15,96.05,96.15,49000,39172000
UNIONBANK_F1,20190116,14:00,96.10,96.30,96.10,96.30,147000,39193000
UNIONBANK_F1,20190116,14:01,96.25,96.35,96.25,96.30,70000,39193000
UNIONBANK_F1,20190116,14:02,96.30,96.35,96.25,96.35,21000,39193000
UNIONBANK_F1,20190116,14:03,96.35,96.35,96.25,96.25,28000,39270000
UNIONBANK_F1,20190116,14:04,96.25,96.25,96.25,96.25,14000,39270000
UNIONBANK_F1,20190116,14:05,96.25,96.25,96.25,96.25,7000,39270000
UNIONBANK_F1,20190116,14:06,96.25,96.25,96.15,96.15,14000,39270000
UNIONBANK_F1,20190116,14:07,96.15,96.15,96.15,96.15,14000,39270000
UNIONBANK_F1,20190116,14:08,96.10,96.10,96.00,96.00,21000,39270000
UNIONBANK_F1,20190116,14:09,96.00,96.10,96.00,96.00,77000,39256000
UNIONBANK_F1,20190116,14:10,95.95,96.05,95.95,96.05,70000,39256000
UNIONBANK_F1,20190116,14:11,96.10,96.15,96.10,96.15,42000,39256000
UNIONBANK_F1,20190116,14:12,96.20,96.25,96.20,96.25,35000,39235000
UNIONBANK_F1,20190116,14:13,96.25,96.25,96.25,96.25,7000,39235000
UNIONBANK_F1,20190116,14:14,96.20,96.20,96.20,96.20,14000,39235000
UNIONBANK_F1,20190116,14:15,96.25,96.25,96.25,96.25,7000,39249000
UNIONBANK_F1,20190116,14:16,96.25,96.25,96.25,96.25,14000,39249000
UNIONBANK_F1,20190116,14:17,96.30,96.40,96.30,96.40,42000,39249000
UNIONBANK_F1,20190116,14:18,96.35,96.35,96.25,96.25,49000,39270000
UNIONBANK_F1,20190116,14:19,96.25,96.25,96.25,96.25,42000,39270000
UNIONBANK_F1,20190116,14:20,96.25,96.40,96.25,96.40,35000,39270000
UNIONBANK_F1,20190116,14:21,96.50,96.60,96.50,96.50,91000,39270000
UNIONBANK_F1,20190116,14:22,96.45,96.60,96.45,96.60,105000,39270000
UNIONBANK_F1,20190116,14:23,96.60,96.90,96.60,96.80,189000,39270000
UNIONBANK_F1,20190116,14:24,96.75,96.80,96.65,96.80,84000,39375000
UNIONBANK_F1,20190116,14:25,96.80,96.80,96.80,96.80,35000,39375000
UNIONBANK_F1,20190116,14:26,96.65,96.70,96.60,96.60,28000,39375000
UNIONBANK_F1,20190116,14:27,96.55,96.55,96.55,96.55,35000,39403000
UNIONBANK_F1,20190116,14:28,96.55,96.70,96.55,96.70,42000,39403000
UNIONBANK_F1,20190116,14:29,96.70,96.70,96.70,96.70,7000,39403000
UNIONBANK_F1,20190116,14:30,96.75,96.80,96.75,96.75,56000,39410000
UNIONBANK_F1,20190116,14:31,96.75,96.80,96.75,96.80,14000,39410000
UNIONBANK_F1,20190116,14:32,96.85,97.10,96.80,97.05,308000,39410000
UNIONBANK_F1,20190116,14:33,97.15,97.15,96.90,96.90,105000,39550000
UNIONBANK_F1,20190116,14:34,96.90,97.00,96.90,96.90,84000,39550000
UNIONBANK_F1,20190116,14:35,96.90,96.90,96.85,96.85,28000,39550000
UNIONBANK_F1,20190116,14:36,96.85,96.90,96.85,96.85,28000,39550000
UNIONBANK_F1,20190116,14:37,96.80,96.85,96.80,96.80,42000,39550000
UNIONBANK_F1,20190116,14:38,96.85,96.85,96.75,96.80,35000,39550000
UNIONBANK_F1,20190116,14:39,96.80,96.80,96.80,96.80,7000,39529000
UNIONBANK_F1,20190116,14:40,96.80,96.80,96.80,96.80,49000,39529000
UNIONBANK_F1,20190116,14:41,96.75,96.80,96.75,96.75,21000,39529000
UNIONBANK_F1,20190116,14:42,96.65,96.65,96.65,96.65,49000,39536000
UNIONBANK_F1,20190116,14:43,96.55,96.60,96.55,96.60,35000,39536000
UNIONBANK_F1,20190116,14:44,96.70,96.70,96.60,96.60,14000,39536000
UNIONBANK_F1,20190116,14:45,96.60,96.70,96.60,96.70,21000,39501000
UNIONBANK_F1,20190116,14:46,96.65,96.65,96.60,96.60,21000,39501000
UNIONBANK_F1,20190116,14:47,96.60,96.60,96.60,96.60,7000,39501000
UNIONBANK_F1,20190116,14:48,96.55,96.55,96.50,96.55,70000,39494000
UNIONBANK_F1,20190116,14:50,96.55,96.55,96.55,96.55,7000,39494000
UNIONBANK_F1,20190116,14:51,96.60,96.65,96.60,96.65,70000,39459000
UNIONBANK_F1,20190116,14:52,96.65,96.65,96.65,96.65,7000,39459000
UNIONBANK_F1,20190116,14:53,96.60,96.60,96.55,96.55,49000,39459000
UNIONBANK_F1,20190116,14:54,96.55,96.55,96.55,96.55,14000,39452000
UNIONBANK_F1,20190116,14:55,96.60,96.65,96.60,96.60,49000,39452000
UNIONBANK_F1,20190116,14:56,96.60,96.60,96.60,96.60,7000,39452000
UNIONBANK_F1,20190116,14:57,96.60,96.65,96.60,96.65,14000,39459000
UNIONBANK_F1,20190116,14:58,96.55,96.55,96.55,96.55,28000,39459000
UNIONBANK_F1,20190116,14:59,96.55,96.60,96.50,96.50,77000,39459000
UNIONBANK_F1,20190116,15:00,96.50,96.50,96.35,96.35,210000,39459000
UNIONBANK_F1,20190116,15:01,96.30,96.40,96.30,96.40,28000,39459000
UNIONBANK_F1,20190116,15:02,96.35,96.35,96.30,96.30,21000,39459000
UNIONBANK_F1,20190116,15:03,96.40,96.40,96.35,96.35,35000,39319000
UNIONBANK_F1,20190116,15:04,96.40,96.45,96.40,96.40,49000,39319000
UNIONBANK_F1,20190116,15:05,96.50,96.50,96.50,96.50,42000,39319000
UNIONBANK_F1,20190116,15:06,96.55,96.55,96.30,96.30,42000,39200000
UNIONBANK_F1,20190116,15:07,96.35,96.35,96.30,96.30,91000,39200000
UNIONBANK_F1,20190116,15:08,96.25,96.30,96.25,96.30,91000,39200000
UNIONBANK_F1,20190116,15:09,96.35,96.35,96.35,96.35,28000,39179000
UNIONBANK_F1,20190116,15:10,96.40,96.50,96.40,96.50,35000,39179000
UNIONBANK_F1,20190116,15:11,96.55,96.65,96.50,96.50,168000,39179000
UNIONBANK_F1,20190116,15:12,96.40,96.45,96.40,96.45,105000,39102000
UNIONBANK_F1,20190116,15:13,96.40,96.50,96.40,96.50,91000,39102000
UNIONBANK_F1,20190116,15:14,96.35,96.45,96.35,96.45,91000,39102000
UNIONBANK_F1,20190116,15:15,96.40,96.40,96.30,96.35,112000,38962000
UNIONBANK_F1,20190116,15:16,96.40,96.50,96.40,96.50,119000,38962000
UNIONBANK_F1,20190116,15:17,96.65,96.65,96.40,96.50,175000,38962000
UNIONBANK_F1,20190116,15:18,96.45,96.45,96.40,96.40,77000,38941000
UNIONBANK_F1,20190116,15:19,96.40,96.45,96.35,96.45,49000,38941000
UNIONBANK_F1,20190116,15:20,96.40,96.40,96.25,96.25,182000,38941000
UNIONBANK_F1,20190116,15:21,96.30,96.30,96.20,96.25,112000,38976000
UNIONBANK_F1,20190116,15:22,96.30,96.30,96.20,96.20,63000,38976000
UNIONBANK_F1,20190116,15:23,96.30,96.35,96.25,96.35,182000,38976000
UNIONBANK_F1,20190116,15:24,96.50,96.55,96.45,96.55,371000,38983000
UNIONBANK_F1,20190116,15:25,96.60,96.60,96.40,96.40,70000,38983000
UNIONBANK_F1,20190116,15:26,96.50,96.50,96.50,96.50,14000,38983000
UNIONBANK_F1,20190116,15:27,96.45,96.45,96.40,96.40,56000,39109000
UNIONBANK_F1,20190116,15:28,96.50,96.50,96.45,96.45,126000,39109000
UNIONBANK_F1,20190116,15:29,96.45,96.50,96.45,96.50,56000,39109000
UNIONBANK_F1,20190116,15:30,96.55,96.60,96.50,96.60,126000,39123000
UNIONBANK_F1,20190116,15:31,96.45,96.45,96.45,96.45,7000,39123000
UNIONBANK_F1,20190116,16:36,96.45,96.45,96.45,96.45,1,37954000
