APOLLOTYRE_F1,20200914,09:16,120.00,120.00,120.00,120.00,15000,11835000
APOLLOTYRE_F1,20200914,09:17,120.00,120.20,120.00,120.20,170000,11835000
APOLLOTYRE_F1,20200914,09:18,120.00,120.00,118.50,119.20,35000,11820000
APOLLOTYRE_F1,20200914,09:19,118.70,118.70,118.70,118.70,5000,11820000
APOLLOTYRE_F1,20200914,09:20,118.60,118.60,118.60,118.60,15000,11820000
APOLLOTYRE_F1,20200914,09:21,118.60,118.60,118.60,118.60,5000,11820000
APOLLOTYRE_F1,20200914,09:22,118.85,118.85,118.85,118.85,30000,11795000
APOLLOTYRE_F1,20200914,09:23,118.60,118.60,118.60,118.60,5000,11795000
APOLLOTYRE_F1,20200914,09:24,118.65,118.65,118.65,118.65,5000,11795000
APOLLOTYRE_F1,20200914,09:27,119.00,119.00,119.00,119.00,5000,11780000
APOLLOTYRE_F1,20200914,09:28,119.25,119.25,119.25,119.25,15000,11780000
APOLLOTYRE_F1,20200914,09:30,115.50,118.85,115.50,118.85,25000,11780000
APOLLOTYRE_F1,20200914,09:31,119.00,119.00,119.00,119.00,15000,11740000
APOLLOTYRE_F1,20200914,09:32,118.65,118.65,118.65,118.65,5000,11740000
APOLLOTYRE_F1,20200914,09:34,119.20,119.20,119.20,119.20,10000,11730000
APOLLOTYRE_F1,20200914,09:35,118.60,118.60,118.60,118.60,5000,11730000
APOLLOTYRE_F1,20200914,09:36,116.60,116.60,116.60,116.60,5000,11720000
APOLLOTYRE_F1,20200914,09:41,118.55,118.55,118.55,118.55,10000,11715000
APOLLOTYRE_F1,20200914,09:42,118.75,118.75,118.75,118.75,20000,11715000
APOLLOTYRE_F1,20200914,09:43,119.00,119.25,119.00,119.25,20000,11715000
APOLLOTYRE_F1,20200914,09:44,119.25,119.60,119.25,119.45,35000,11715000
APOLLOTYRE_F1,20200914,09:45,119.30,119.30,119.30,119.30,10000,11685000
APOLLOTYRE_F1,20200914,09:46,119.40,119.50,119.25,119.50,25000,11685000
APOLLOTYRE_F1,20200914,09:47,119.35,119.35,119.35,119.35,10000,11685000
APOLLOTYRE_F1,20200914,09:48,119.05,119.10,119.05,119.10,20000,11650000
APOLLOTYRE_F1,20200914,09:49,118.90,119.25,118.90,119.25,40000,11650000
APOLLOTYRE_F1,20200914,09:50,119.40,119.50,119.40,119.50,25000,11650000
APOLLOTYRE_F1,20200914,09:51,119.45,119.50,119.45,119.50,30000,11620000
APOLLOTYRE_F1,20200914,09:53,119.70,119.70,119.70,119.70,10000,11620000
APOLLOTYRE_F1,20200914,09:54,119.65,119.85,119.65,119.70,30000,11600000
APOLLOTYRE_F1,20200914,09:55,119.70,119.70,118.20,118.20,20000,11600000
APOLLOTYRE_F1,20200914,09:57,119.00,119.00,119.00,119.00,10000,11565000
APOLLOTYRE_F1,20200914,09:59,119.25,119.25,119.25,119.25,5000,11565000
APOLLOTYRE_F1,20200914,10:00,119.05,119.05,119.05,119.05,5000,11565000
APOLLOTYRE_F1,20200914,10:01,119.05,119.05,117.75,117.75,15000,11565000
APOLLOTYRE_F1,20200914,10:02,118.80,118.80,118.80,118.80,5000,11565000
APOLLOTYRE_F1,20200914,10:05,118.80,118.80,118.80,118.80,5000,11565000
APOLLOTYRE_F1,20200914,10:08,119.00,119.00,119.00,119.00,5000,11560000
APOLLOTYRE_F1,20200914,10:10,119.00,119.00,119.00,119.00,20000,11560000
APOLLOTYRE_F1,20200914,10:13,119.00,119.85,119.00,119.85,25000,11560000
APOLLOTYRE_F1,20200914,10:15,119.20,119.20,119.20,119.20,10000,11550000
APOLLOTYRE_F1,20200914,10:17,119.50,119.50,119.15,119.15,15000,11550000
APOLLOTYRE_F1,20200914,10:18,119.45,119.45,119.45,119.45,10000,11550000
APOLLOTYRE_F1,20200914,10:20,119.05,119.05,119.05,119.05,15000,11540000
APOLLOTYRE_F1,20200914,10:21,119.40,119.40,119.40,119.40,10000,11535000
APOLLOTYRE_F1,20200914,10:22,119.60,119.65,119.60,119.65,10000,11535000
APOLLOTYRE_F1,20200914,10:23,119.90,120.00,119.90,120.00,30000,11535000
APOLLOTYRE_F1,20200914,10:25,119.85,119.85,119.85,119.85,5000,11520000
APOLLOTYRE_F1,20200914,10:27,119.80,120.00,119.80,120.00,10000,11520000
APOLLOTYRE_F1,20200914,10:28,120.00,120.00,120.00,120.00,5000,11520000
APOLLOTYRE_F1,20200914,10:29,119.70,119.70,119.70,119.70,5000,11520000
APOLLOTYRE_F1,20200914,10:34,120.00,120.00,120.00,120.00,5000,11515000
APOLLOTYRE_F1,20200914,10:39,119.85,119.85,119.85,119.85,5000,11515000
APOLLOTYRE_F1,20200914,10:40,119.95,120.10,119.95,120.10,20000,11515000
APOLLOTYRE_F1,20200914,10:45,120.00,120.05,120.00,120.00,20000,11505000
APOLLOTYRE_F1,20200914,10:46,120.10,120.10,120.10,120.10,10000,11505000
APOLLOTYRE_F1,20200914,10:48,119.90,119.90,119.90,119.90,10000,11505000
APOLLOTYRE_F1,20200914,10:50,119.90,119.90,119.90,119.90,40000,11505000
APOLLOTYRE_F1,20200914,10:51,120.15,120.15,120.15,120.15,5000,11505000
APOLLOTYRE_F1,20200914,10:53,120.00,120.00,120.00,120.00,10000,11505000
APOLLOTYRE_F1,20200914,11:02,119.90,119.90,119.90,119.90,5000,11485000
APOLLOTYRE_F1,20200914,11:05,119.90,119.90,119.90,119.90,5000,11480000
APOLLOTYRE_F1,20200914,11:06,120.00,120.00,119.90,119.90,15000,11480000
APOLLOTYRE_F1,20200914,11:08,120.00,120.00,120.00,120.00,5000,11480000
APOLLOTYRE_F1,20200914,11:09,120.05,120.05,120.05,120.05,5000,11480000
APOLLOTYRE_F1,20200914,11:10,120.05,120.05,120.05,120.05,10000,11480000
APOLLOTYRE_F1,20200914,11:14,119.95,119.95,119.95,119.95,5000,11480000
APOLLOTYRE_F1,20200914,11:16,119.95,119.95,119.95,119.95,5000,11480000
APOLLOTYRE_F1,20200914,11:19,120.45,120.45,120.40,120.40,35000,11480000
APOLLOTYRE_F1,20200914,11:20,120.60,120.70,120.35,120.45,20000,11480000
APOLLOTYRE_F1,20200914,11:21,120.25,120.75,120.25,120.75,15000,11460000
APOLLOTYRE_F1,20200914,11:22,120.45,120.50,120.45,120.50,10000,11460000
APOLLOTYRE_F1,20200914,11:26,120.30,120.30,120.30,120.30,5000,11455000
APOLLOTYRE_F1,20200914,11:27,120.75,121.00,120.75,121.00,45000,11455000
APOLLOTYRE_F1,20200914,11:28,121.00,121.00,121.00,121.00,15000,11455000
APOLLOTYRE_F1,20200914,11:30,121.00,121.00,121.00,121.00,5000,11435000
APOLLOTYRE_F1,20200914,11:31,121.10,121.15,121.10,121.15,10000,11435000
APOLLOTYRE_F1,20200914,11:32,121.15,121.15,121.15,121.15,5000,11435000
APOLLOTYRE_F1,20200914,11:35,121.00,121.00,121.00,121.00,5000,11350000
APOLLOTYRE_F1,20200914,11:36,121.00,121.00,121.00,121.00,5000,11240000
APOLLOTYRE_F1,20200914,11:38,120.80,120.80,120.80,120.80,10000,11240000
APOLLOTYRE_F1,20200914,11:39,121.00,121.00,121.00,121.00,10000,11240000
APOLLOTYRE_F1,20200914,11:43,121.30,121.30,121.30,121.30,10000,10970000
APOLLOTYRE_F1,20200914,11:44,121.40,121.75,121.40,121.75,55000,10970000
APOLLOTYRE_F1,20200914,11:45,121.50,121.50,121.50,121.50,5000,10970000
APOLLOTYRE_F1,20200914,11:46,121.45,121.70,121.45,121.70,10000,10965000
APOLLOTYRE_F1,20200914,11:49,121.80,122.00,121.80,122.00,35000,10955000
APOLLOTYRE_F1,20200914,11:50,122.10,122.30,122.10,122.30,25000,10955000
APOLLOTYRE_F1,20200914,11:51,122.25,122.25,122.25,122.25,5000,10955000
APOLLOTYRE_F1,20200914,11:52,122.15,122.15,122.05,122.05,15000,10955000
APOLLOTYRE_F1,20200914,11:53,122.30,122.85,122.30,122.85,50000,10955000
APOLLOTYRE_F1,20200914,11:54,122.85,122.85,122.50,122.60,20000,10955000
APOLLOTYRE_F1,20200914,11:55,122.75,122.85,122.75,122.85,10000,10955000
APOLLOTYRE_F1,20200914,11:56,122.85,122.85,122.85,122.85,10000,10955000
APOLLOTYRE_F1,20200914,11:57,122.85,122.85,122.85,122.85,10000,10955000
APOLLOTYRE_F1,20200914,11:58,122.90,122.90,122.90,122.90,5000,10955000
APOLLOTYRE_F1,20200914,11:59,122.80,122.80,122.80,122.80,10000,10955000
APOLLOTYRE_F1,20200914,12:00,122.80,122.80,122.75,122.80,40000,10955000
APOLLOTYRE_F1,20200914,12:01,122.80,122.80,122.80,122.80,10000,10955000
APOLLOTYRE_F1,20200914,12:02,122.75,122.75,122.70,122.70,10000,10955000
APOLLOTYRE_F1,20200914,12:03,122.60,122.60,122.60,122.60,5000,10955000
APOLLOTYRE_F1,20200914,12:04,122.70,122.70,122.65,122.70,25000,10955000
APOLLOTYRE_F1,20200914,12:05,122.75,122.75,122.75,122.75,10000,10955000
APOLLOTYRE_F1,20200914,12:06,122.80,122.80,122.80,122.80,20000,10955000
APOLLOTYRE_F1,20200914,12:07,122.85,122.85,122.75,122.75,15000,10955000
APOLLOTYRE_F1,20200914,12:08,122.85,122.85,122.75,122.75,15000,10955000
APOLLOTYRE_F1,20200914,12:09,122.85,122.85,122.85,122.85,5000,10955000
APOLLOTYRE_F1,20200914,12:10,122.80,122.85,122.80,122.85,20000,10955000
APOLLOTYRE_F1,20200914,12:11,122.80,122.85,122.80,122.85,15000,10955000
APOLLOTYRE_F1,20200914,12:12,122.85,122.85,122.85,122.85,10000,10955000
APOLLOTYRE_F1,20200914,12:13,122.90,122.90,122.90,122.90,15000,10950000
APOLLOTYRE_F1,20200914,12:14,122.85,122.85,122.80,122.80,10000,10950000
APOLLOTYRE_F1,20200914,12:15,122.90,122.90,122.90,122.90,25000,10950000
APOLLOTYRE_F1,20200914,12:16,123.00,123.00,123.00,123.00,5000,10945000
APOLLOTYRE_F1,20200914,12:17,123.00,123.15,123.00,123.05,20000,10945000
APOLLOTYRE_F1,20200914,12:21,122.95,123.25,122.95,123.25,35000,10945000
APOLLOTYRE_F1,20200914,12:23,123.20,123.20,123.20,123.20,5000,10960000
APOLLOTYRE_F1,20200914,12:24,123.20,123.20,123.20,123.20,5000,10960000
APOLLOTYRE_F1,20200914,12:26,123.40,123.45,123.40,123.45,30000,10965000
APOLLOTYRE_F1,20200914,12:27,123.80,124.00,123.80,124.00,70000,10965000
APOLLOTYRE_F1,20200914,12:28,124.00,124.00,123.95,123.95,10000,11000000
APOLLOTYRE_F1,20200914,12:29,123.80,123.80,123.80,123.80,5000,11000000
APOLLOTYRE_F1,20200914,12:30,123.60,123.60,123.55,123.55,10000,11000000
APOLLOTYRE_F1,20200914,12:31,123.70,123.70,123.70,123.70,5000,11000000
APOLLOTYRE_F1,20200914,12:32,123.70,123.70,123.65,123.65,10000,11000000
APOLLOTYRE_F1,20200914,12:33,123.85,124.00,123.75,124.00,35000,11000000
APOLLOTYRE_F1,20200914,12:35,123.90,123.90,123.90,123.90,5000,11010000
APOLLOTYRE_F1,20200914,12:36,124.00,124.00,123.95,123.95,10000,11010000
APOLLOTYRE_F1,20200914,12:37,123.95,123.95,123.95,123.95,10000,11010000
APOLLOTYRE_F1,20200914,12:39,123.90,123.90,123.90,123.90,10000,11010000
APOLLOTYRE_F1,20200914,12:40,124.20,124.20,124.05,124.10,20000,11020000
APOLLOTYRE_F1,20200914,12:41,123.65,123.65,123.65,123.65,5000,11020000
APOLLOTYRE_F1,20200914,12:42,123.60,123.60,123.60,123.60,10000,11020000
APOLLOTYRE_F1,20200914,12:44,124.25,124.35,124.25,124.35,25000,11020000
APOLLOTYRE_F1,20200914,12:45,124.35,124.35,124.30,124.30,10000,11020000
APOLLOTYRE_F1,20200914,12:46,124.25,124.35,124.20,124.35,35000,11030000
APOLLOTYRE_F1,20200914,12:49,124.40,124.40,124.40,124.40,5000,11035000
APOLLOTYRE_F1,20200914,12:53,124.30,124.30,124.30,124.30,5000,11035000
APOLLOTYRE_F1,20200914,12:56,124.35,124.35,124.30,124.30,20000,11035000
APOLLOTYRE_F1,20200914,12:57,124.45,124.45,124.45,124.45,10000,11035000
APOLLOTYRE_F1,20200914,12:58,124.30,124.30,124.30,124.30,5000,11030000
APOLLOTYRE_F1,20200914,12:59,124.25,124.25,124.25,124.25,5000,11030000
APOLLOTYRE_F1,20200914,13:00,124.25,124.45,124.25,124.45,10000,11030000
APOLLOTYRE_F1,20200914,13:01,124.25,124.25,124.25,124.25,5000,11030000
APOLLOTYRE_F1,20200914,13:02,124.30,124.30,124.30,124.30,10000,11030000
APOLLOTYRE_F1,20200914,13:05,124.35,124.35,124.30,124.30,10000,11030000
APOLLOTYRE_F1,20200914,13:06,124.50,124.50,124.50,124.50,15000,11030000
APOLLOTYRE_F1,20200914,13:08,124.50,124.75,124.50,124.75,15000,11025000
APOLLOTYRE_F1,20200914,13:13,124.15,124.15,124.15,124.15,10000,11010000
APOLLOTYRE_F1,20200914,13:15,123.80,123.80,123.80,123.80,20000,11010000
APOLLOTYRE_F1,20200914,13:16,123.95,123.95,123.95,123.95,5000,11010000
APOLLOTYRE_F1,20200914,13:18,124.20,124.20,124.00,124.00,10000,11010000
APOLLOTYRE_F1,20200914,13:19,124.00,124.00,123.95,123.95,15000,11010000
APOLLOTYRE_F1,20200914,13:23,123.95,123.95,123.95,123.95,5000,11010000
APOLLOTYRE_F1,20200914,13:30,124.00,124.00,124.00,124.00,10000,11010000
APOLLOTYRE_F1,20200914,13:31,124.00,124.00,124.00,124.00,5000,11005000
APOLLOTYRE_F1,20200914,13:32,123.65,123.65,123.65,123.65,10000,11005000
APOLLOTYRE_F1,20200914,13:39,123.90,123.90,123.65,123.65,10000,10995000
APOLLOTYRE_F1,20200914,13:44,123.95,123.95,123.85,123.85,10000,10985000
APOLLOTYRE_F1,20200914,13:48,124.00,124.05,124.00,124.05,20000,10985000
APOLLOTYRE_F1,20200914,13:49,124.10,124.10,124.10,124.10,5000,10985000
APOLLOTYRE_F1,20200914,13:58,124.25,124.40,124.25,124.40,10000,10985000
APOLLOTYRE_F1,20200914,13:59,124.30,124.30,124.30,124.30,10000,10985000
APOLLOTYRE_F1,20200914,14:00,124.45,124.45,124.45,124.45,5000,10985000
APOLLOTYRE_F1,20200914,14:01,124.45,124.45,124.45,124.45,15000,10985000
APOLLOTYRE_F1,20200914,14:06,124.30,124.30,124.20,124.20,15000,10985000
APOLLOTYRE_F1,20200914,14:07,124.25,124.25,124.25,124.25,5000,10985000
APOLLOTYRE_F1,20200914,14:08,124.25,124.25,124.25,124.25,5000,10985000
APOLLOTYRE_F1,20200914,14:09,124.20,124.30,124.20,124.30,20000,10985000
APOLLOTYRE_F1,20200914,14:14,124.35,124.35,124.30,124.30,15000,10895000
APOLLOTYRE_F1,20200914,14:15,124.25,124.25,124.25,124.25,5000,10895000
APOLLOTYRE_F1,20200914,14:16,124.00,124.00,124.00,124.00,5000,10895000
APOLLOTYRE_F1,20200914,14:20,123.70,123.70,123.70,123.70,10000,10895000
APOLLOTYRE_F1,20200914,14:21,123.70,123.75,123.65,123.75,20000,10895000
APOLLOTYRE_F1,20200914,14:22,123.70,123.75,123.70,123.75,25000,10895000
APOLLOTYRE_F1,20200914,14:23,123.85,123.85,123.85,123.85,5000,10895000
APOLLOTYRE_F1,20200914,14:24,123.85,123.85,123.80,123.85,25000,10895000
APOLLOTYRE_F1,20200914,14:25,123.90,123.90,123.90,123.90,5000,10895000
APOLLOTYRE_F1,20200914,14:27,123.90,123.90,123.90,123.90,5000,10895000
APOLLOTYRE_F1,20200914,14:28,123.85,124.00,123.85,123.90,40000,10915000
APOLLOTYRE_F1,20200914,14:29,123.95,123.95,123.95,123.95,5000,10915000
APOLLOTYRE_F1,20200914,14:30,123.00,124.40,123.00,123.90,130000,10915000
APOLLOTYRE_F1,20200914,14:31,124.45,124.65,124.45,124.50,30000,10925000
APOLLOTYRE_F1,20200914,14:32,124.50,124.80,124.50,124.80,20000,10925000
APOLLOTYRE_F1,20200914,14:36,124.30,124.30,124.30,124.30,10000,10945000
APOLLOTYRE_F1,20200914,14:38,124.40,124.40,124.40,124.40,5000,10945000
APOLLOTYRE_F1,20200914,14:39,124.30,124.30,124.30,124.30,5000,10945000
APOLLOTYRE_F1,20200914,14:40,124.40,124.50,124.40,124.50,10000,10945000
APOLLOTYRE_F1,20200914,14:41,124.50,124.50,124.35,124.35,10000,10950000
APOLLOTYRE_F1,20200914,14:43,124.25,124.25,124.25,124.25,5000,10950000
APOLLOTYRE_F1,20200914,14:44,124.50,124.55,124.50,124.55,10000,10960000
APOLLOTYRE_F1,20200914,14:45,124.35,124.35,124.35,124.35,5000,10960000
APOLLOTYRE_F1,20200914,14:46,124.60,124.60,124.55,124.55,10000,10965000
APOLLOTYRE_F1,20200914,14:47,124.75,124.75,124.75,124.75,5000,10965000
APOLLOTYRE_F1,20200914,14:48,124.75,124.80,124.75,124.75,25000,10965000
APOLLOTYRE_F1,20200914,14:49,124.75,124.85,124.75,124.75,25000,10985000
APOLLOTYRE_F1,20200914,14:50,124.80,124.80,124.80,124.80,5000,10985000
APOLLOTYRE_F1,20200914,14:51,124.70,124.80,124.70,124.80,20000,10985000
APOLLOTYRE_F1,20200914,14:52,124.80,124.85,124.80,124.80,20000,11010000
APOLLOTYRE_F1,20200914,14:53,124.90,124.90,124.90,124.90,5000,11010000
APOLLOTYRE_F1,20200914,14:54,124.90,124.90,124.60,124.60,20000,11010000
APOLLOTYRE_F1,20200914,14:57,124.70,124.70,124.70,124.70,10000,11010000
APOLLOTYRE_F1,20200914,14:58,124.70,124.70,124.70,124.70,5000,11015000
APOLLOTYRE_F1,20200914,14:59,124.60,124.60,124.60,124.60,5000,11015000
APOLLOTYRE_F1,20200914,15:00,124.80,124.80,124.80,124.80,5000,11015000
APOLLOTYRE_F1,20200914,15:01,124.90,124.95,124.90,124.95,50000,11035000
APOLLOTYRE_F1,20200914,15:02,125.00,125.00,125.00,125.00,10000,11035000
APOLLOTYRE_F1,20200914,15:03,124.90,124.90,124.90,124.90,5000,11035000
APOLLOTYRE_F1,20200914,15:04,125.00,125.00,125.00,125.00,10000,11035000
APOLLOTYRE_F1,20200914,15:05,125.00,125.25,125.00,125.10,30000,11040000
APOLLOTYRE_F1,20200914,15:06,125.35,125.35,125.35,125.35,20000,11040000
APOLLOTYRE_F1,20200914,15:07,125.15,125.15,125.15,125.15,10000,11040000
APOLLOTYRE_F1,20200914,15:08,125.35,125.35,125.20,125.20,10000,11040000
APOLLOTYRE_F1,20200914,15:09,125.20,125.30,125.20,125.30,25000,11040000
APOLLOTYRE_F1,20200914,15:10,125.30,125.35,125.30,125.30,20000,11050000
APOLLOTYRE_F1,20200914,15:11,125.30,125.35,125.30,125.35,10000,11050000
APOLLOTYRE_F1,20200914,15:12,125.05,125.05,125.05,125.05,5000,11050000
APOLLOTYRE_F1,20200914,15:13,125.00,125.00,124.90,124.90,10000,11045000
APOLLOTYRE_F1,20200914,15:14,124.80,124.80,124.80,124.80,5000,11045000
APOLLOTYRE_F1,20200914,15:15,124.90,125.20,124.90,125.20,15000,11045000
APOLLOTYRE_F1,20200914,15:16,125.10,125.35,125.10,125.35,20000,11045000
APOLLOTYRE_F1,20200914,15:17,125.35,125.35,125.30,125.35,30000,11055000
APOLLOTYRE_F1,20200914,15:18,125.60,125.60,125.00,125.00,25000,11055000
APOLLOTYRE_F1,20200914,15:20,125.80,125.90,125.80,125.90,15000,11045000
APOLLOTYRE_F1,20200914,15:21,125.30,125.30,125.30,125.30,5000,11045000
APOLLOTYRE_F1,20200914,15:22,125.95,125.95,125.95,125.95,5000,11050000
APOLLOTYRE_F1,20200914,15:23,125.90,125.90,125.90,125.90,5000,11050000
APOLLOTYRE_F1,20200914,15:24,125.85,125.85,125.70,125.85,15000,11050000
APOLLOTYRE_F1,20200914,15:25,125.80,125.80,125.00,125.00,40000,11060000
APOLLOTYRE_F1,20200914,15:26,125.00,125.00,124.95,124.95,35000,11060000
APOLLOTYRE_F1,20200914,15:28,125.85,125.85,125.45,125.45,20000,11040000
APOLLOTYRE_F1,20200914,15:29,125.10,125.20,125.00,125.00,15000,11040000
APOLLOTYRE_F1,20200914,15:30,125.20,125.20,125.00,125.00,10000,11040000
APOLLOTYRE_F1,20200914,17:58,125.25,125.25,125.25,125.25,1,8725000
