HEROMOTOCO,20200519,09:09,2119.00,2119.00,2119.00,2119.00,2694,0
HEROMOTOCO,20200519,09:16,2113.60,2113.60,2090.50,2095.55,28507,0
HEROMOTOCO,20200519,09:17,2095.65,2095.65,2076.85,2079.30,17208,0
HEROMOTOCO,20200519,09:18,2080.30,2094.00,2079.95,2088.85,16768,0
HEROMOTOCO,20200519,09:19,2088.85,2108.25,2088.85,2107.75,15712,0
HEROMOTOCO,20200519,09:20,2107.50,2115.95,2107.50,2114.60,17421,0
HEROMOTOCO,20200519,09:21,2115.95,2126.80,2114.55,2116.25,18259,0
HEROMOTOCO,20200519,09:22,2115.10,2119.00,2112.10,2119.00,9063,0
HEROMOTOCO,20200519,09:23,2118.80,2127.95,2118.00,2119.45,11138,0
HEROMOTOCO,20200519,09:24,2119.25,2123.80,2115.00,2116.50,10121,0
HEROMOTOCO,20200519,09:25,2115.40,2117.00,2112.40,2113.60,6145,0
HEROMOTOCO,20200519,09:26,2112.00,2112.00,2098.50,2104.85,20120,0
HEROMOTOCO,20200519,09:27,2104.75,2109.55,2099.00,2100.20,12752,0
HEROMOTOCO,20200519,09:28,2099.00,2108.80,2099.00,2108.80,9258,0
HEROMOTOCO,20200519,09:29,2108.15,2108.15,2099.00,2099.00,5847,0
HEROMOTOCO,20200519,09:30,2099.00,2104.85,2097.25,2103.50,4794,0
HEROMOTOCO,20200519,09:31,2102.40,2103.35,2090.10,2098.35,12361,0
HEROMOTOCO,20200519,09:32,2098.75,2098.75,2092.10,2093.85,4150,0
HEROMOTOCO,20200519,09:33,2094.85,2095.10,2092.75,2093.45,2411,0
HEROMOTOCO,20200519,09:34,2091.20,2091.75,2083.30,2084.00,11469,0
HEROMOTOCO,20200519,09:35,2083.30,2092.45,2081.85,2092.45,11378,0
HEROMOTOCO,20200519,09:36,2093.25,2108.00,2092.10,2105.95,21458,0
HEROMOTOCO,20200519,09:37,2105.60,2109.30,2100.20,2101.20,6641,0
HEROMOTOCO,20200519,09:38,2101.80,2102.85,2093.40,2096.80,4340,0
HEROMOTOCO,20200519,09:39,2097.40,2099.00,2095.00,2096.80,2813,0
HEROMOTOCO,20200519,09:40,2097.20,2105.00,2097.10,2105.00,10889,0
HEROMOTOCO,20200519,09:41,2103.70,2109.00,2103.70,2106.00,6768,0
HEROMOTOCO,20200519,09:42,2106.00,2110.85,2102.10,2102.10,11174,0
HEROMOTOCO,20200519,09:43,2101.85,2110.00,2101.85,2104.35,8071,0
HEROMOTOCO,20200519,09:44,2104.15,2106.80,2095.60,2098.00,9933,0
HEROMOTOCO,20200519,09:45,2097.75,2101.90,2091.20,2092.40,8176,0
HEROMOTOCO,20200519,09:46,2092.40,2103.20,2091.10,2096.65,6465,0
HEROMOTOCO,20200519,09:47,2096.65,2100.00,2095.40,2099.50,6160,0
HEROMOTOCO,20200519,09:48,2101.80,2101.80,2096.00,2097.20,2750,0
HEROMOTOCO,20200519,09:49,2097.05,2100.00,2096.20,2100.00,3168,0
HEROMOTOCO,20200519,09:50,2099.25,2101.95,2099.00,2101.85,5336,0
HEROMOTOCO,20200519,09:51,2100.70,2104.95,2100.00,2100.00,4771,0
HEROMOTOCO,20200519,09:52,2100.00,2102.00,2097.00,2100.80,3832,0
HEROMOTOCO,20200519,09:53,2100.55,2102.00,2098.25,2099.00,2374,0
HEROMOTOCO,20200519,09:54,2099.50,2099.50,2093.50,2098.00,5978,0
HEROMOTOCO,20200519,09:55,2096.85,2103.65,2094.60,2103.65,6644,0
HEROMOTOCO,20200519,09:56,2102.35,2104.80,2100.10,2100.60,4529,0
HEROMOTOCO,20200519,09:57,2101.35,2101.35,2096.05,2097.05,3968,0
HEROMOTOCO,20200519,09:58,2096.50,2099.95,2096.50,2099.05,1261,0
HEROMOTOCO,20200519,09:59,2099.05,2103.00,2099.00,2099.90,4152,0
HEROMOTOCO,20200519,10:00,2100.20,2101.30,2097.00,2097.70,3798,0
HEROMOTOCO,20200519,10:01,2097.70,2102.55,2097.70,2100.00,3094,0
HEROMOTOCO,20200519,10:02,2100.00,2100.40,2096.00,2099.00,3409,0
HEROMOTOCO,20200519,10:03,2099.45,2100.60,2097.05,2099.05,2722,0
HEROMOTOCO,20200519,10:04,2098.75,2101.60,2098.75,2101.40,1763,0
HEROMOTOCO,20200519,10:05,2100.30,2104.50,2100.00,2103.40,8647,0
HEROMOTOCO,20200519,10:06,2102.40,2103.60,2098.00,2100.00,3457,0
HEROMOTOCO,20200519,10:07,2099.00,2102.25,2096.00,2096.00,4985,0
HEROMOTOCO,20200519,10:08,2097.00,2100.40,2096.00,2098.85,1765,0
HEROMOTOCO,20200519,10:09,2098.60,2100.80,2096.50,2100.10,2249,0
HEROMOTOCO,20200519,10:10,2100.05,2100.65,2097.00,2097.20,1524,0
HEROMOTOCO,20200519,10:11,2097.00,2100.80,2097.00,2099.60,882,0
HEROMOTOCO,20200519,10:12,2099.60,2100.55,2095.00,2096.75,6330,0
HEROMOTOCO,20200519,10:13,2096.75,2096.75,2091.00,2092.95,9607,0
HEROMOTOCO,20200519,10:14,2092.15,2094.05,2091.25,2093.05,2428,0
HEROMOTOCO,20200519,10:15,2093.10,2095.00,2092.00,2093.20,1398,0
HEROMOTOCO,20200519,10:16,2092.15,2096.00,2092.00,2095.65,3167,0
HEROMOTOCO,20200519,10:17,2095.55,2098.70,2095.25,2097.80,3429,0
HEROMOTOCO,20200519,10:18,2097.85,2097.90,2095.05,2095.20,2535,0
HEROMOTOCO,20200519,10:19,2096.00,2098.10,2096.00,2096.35,1893,0
HEROMOTOCO,20200519,10:20,2096.65,2098.00,2096.00,2097.65,633,0
HEROMOTOCO,20200519,10:21,2097.55,2098.60,2093.00,2094.90,4355,0
HEROMOTOCO,20200519,10:22,2093.55,2095.15,2093.00,2093.40,1965,0
HEROMOTOCO,20200519,10:23,2093.25,2095.55,2093.00,2093.00,1347,0
HEROMOTOCO,20200519,10:24,2093.60,2095.00,2093.10,2093.65,1395,0
HEROMOTOCO,20200519,10:25,2094.35,2097.00,2093.90,2095.40,1648,0
HEROMOTOCO,20200519,10:26,2095.40,2102.90,2095.40,2100.40,8452,0
HEROMOTOCO,20200519,10:27,2099.50,2102.00,2098.15,2100.65,1617,0
HEROMOTOCO,20200519,10:28,2100.75,2102.00,2100.00,2101.70,3295,0
HEROMOTOCO,20200519,10:29,2101.90,2103.00,2100.15,2102.20,6796,0
HEROMOTOCO,20200519,10:30,2102.20,2103.05,2101.00,2102.00,3056,0
HEROMOTOCO,20200519,10:31,2101.50,2103.00,2098.00,2098.00,3788,0
HEROMOTOCO,20200519,10:32,2099.45,2100.65,2097.00,2099.60,4529,0
HEROMOTOCO,20200519,10:33,2099.25,2101.35,2099.05,2100.85,813,0
HEROMOTOCO,20200519,10:34,2100.10,2102.00,2100.10,2101.05,777,0
HEROMOTOCO,20200519,10:35,2101.00,2102.00,2097.50,2099.75,1366,0
HEROMOTOCO,20200519,10:36,2098.20,2102.85,2098.20,2101.55,6147,0
HEROMOTOCO,20200519,10:37,2101.00,2103.00,2100.10,2100.50,1576,0
HEROMOTOCO,20200519,10:38,2100.95,2100.95,2098.00,2099.45,2270,0
HEROMOTOCO,20200519,10:39,2100.50,2100.95,2098.05,2098.05,1915,0
HEROMOTOCO,20200519,10:40,2098.05,2099.65,2098.00,2098.50,831,0
HEROMOTOCO,20200519,10:41,2098.50,2100.60,2098.50,2100.60,1091,0
HEROMOTOCO,20200519,10:42,2100.05,2101.50,2099.20,2101.50,672,0
HEROMOTOCO,20200519,10:43,2101.10,2102.00,2100.05,2100.75,1549,0
HEROMOTOCO,20200519,10:44,2100.15,2100.85,2099.00,2099.00,1258,0
HEROMOTOCO,20200519,10:45,2099.05,2100.80,2098.50,2098.55,1063,0
HEROMOTOCO,20200519,10:46,2098.60,2099.60,2094.00,2095.00,7723,0
HEROMOTOCO,20200519,10:47,2095.00,2096.40,2094.40,2096.00,1953,0
HEROMOTOCO,20200519,10:48,2095.80,2098.40,2095.00,2097.45,2630,0
HEROMOTOCO,20200519,10:49,2097.30,2099.90,2097.00,2098.70,1220,0
HEROMOTOCO,20200519,10:50,2098.00,2098.50,2095.45,2096.60,2404,0
HEROMOTOCO,20200519,10:51,2096.40,2099.00,2096.40,2097.00,692,0
HEROMOTOCO,20200519,10:52,2098.15,2098.45,2096.00,2096.10,951,0
HEROMOTOCO,20200519,10:53,2096.20,2097.65,2096.00,2096.70,683,0
HEROMOTOCO,20200519,10:54,2097.60,2098.00,2096.00,2096.00,860,0
HEROMOTOCO,20200519,10:55,2096.00,2096.80,2094.00,2094.00,4636,0
HEROMOTOCO,20200519,10:56,2094.00,2095.70,2093.20,2094.65,2917,0
HEROMOTOCO,20200519,10:57,2094.80,2095.00,2088.00,2089.00,11457,0
HEROMOTOCO,20200519,10:58,2089.00,2094.00,2088.90,2094.00,2275,0
HEROMOTOCO,20200519,10:59,2093.55,2095.00,2092.00,2093.05,1530,0
HEROMOTOCO,20200519,11:00,2093.85,2096.00,2093.00,2093.15,1008,0
HEROMOTOCO,20200519,11:01,2093.15,2094.40,2090.95,2090.95,2069,0
HEROMOTOCO,20200519,11:02,2091.10,2092.95,2091.05,2091.25,1994,0
HEROMOTOCO,20200519,11:03,2091.95,2092.20,2091.10,2091.65,1004,0
HEROMOTOCO,20200519,11:04,2092.35,2092.35,2084.80,2084.80,9595,0
HEROMOTOCO,20200519,11:05,2083.25,2088.95,2083.25,2085.40,6139,0
HEROMOTOCO,20200519,11:06,2085.00,2085.95,2082.00,2082.70,4332,0
HEROMOTOCO,20200519,11:07,2081.45,2082.60,2080.00,2082.00,7910,0
HEROMOTOCO,20200519,11:08,2081.75,2085.00,2081.00,2082.05,5068,0
HEROMOTOCO,20200519,11:09,2082.00,2086.45,2082.00,2085.00,3035,0
HEROMOTOCO,20200519,11:10,2085.55,2087.00,2084.30,2084.45,2283,0
HEROMOTOCO,20200519,11:11,2086.10,2090.70,2085.95,2086.45,1816,0
HEROMOTOCO,20200519,11:12,2086.40,2089.10,2086.00,2088.25,1399,0
HEROMOTOCO,20200519,11:13,2089.15,2089.15,2085.00,2086.25,1688,0
HEROMOTOCO,20200519,11:14,2085.00,2086.00,2082.80,2083.40,3086,0
HEROMOTOCO,20200519,11:15,2083.05,2084.90,2082.75,2084.20,1458,0
HEROMOTOCO,20200519,11:16,2083.20,2083.95,2080.00,2080.10,6206,0
HEROMOTOCO,20200519,11:17,2080.00,2084.00,2080.00,2082.50,2565,0
HEROMOTOCO,20200519,11:18,2082.20,2084.00,2082.15,2083.15,2581,0
HEROMOTOCO,20200519,11:19,2084.00,2084.70,2080.25,2081.15,3161,0
HEROMOTOCO,20200519,11:20,2080.10,2080.10,2072.15,2075.85,12825,0
HEROMOTOCO,20200519,11:21,2074.00,2074.75,2067.60,2074.00,10724,0
HEROMOTOCO,20200519,11:22,2073.20,2075.00,2069.15,2075.00,6002,0
HEROMOTOCO,20200519,11:23,2074.95,2075.70,2067.05,2071.00,8490,0
HEROMOTOCO,20200519,11:24,2070.00,2074.50,2069.40,2074.35,3825,0
HEROMOTOCO,20200519,11:25,2074.10,2074.75,2070.50,2072.25,3377,0
HEROMOTOCO,20200519,11:26,2073.60,2075.85,2071.85,2075.70,4282,0
HEROMOTOCO,20200519,11:27,2075.00,2079.95,2073.75,2078.75,3337,0
HEROMOTOCO,20200519,11:28,2078.80,2080.95,2078.15,2079.85,3110,0
HEROMOTOCO,20200519,11:29,2079.95,2080.95,2078.05,2078.30,1455,0
HEROMOTOCO,20200519,11:30,2078.60,2078.60,2076.00,2076.75,2478,0
HEROMOTOCO,20200519,11:31,2076.00,2077.50,2076.00,2077.10,1509,0
HEROMOTOCO,20200519,11:32,2077.00,2079.35,2076.35,2079.35,973,0
HEROMOTOCO,20200519,11:33,2079.00,2080.00,2077.95,2080.00,1024,0
HEROMOTOCO,20200519,11:34,2081.00,2088.00,2081.00,2085.45,7290,0
HEROMOTOCO,20200519,11:35,2086.00,2087.00,2082.05,2083.10,1294,0
HEROMOTOCO,20200519,11:36,2083.90,2084.00,2080.50,2083.20,2560,0
HEROMOTOCO,20200519,11:37,2082.10,2085.55,2081.25,2084.80,3240,0
HEROMOTOCO,20200519,11:38,2085.00,2090.70,2085.00,2090.00,7556,0
HEROMOTOCO,20200519,11:39,2090.00,2090.15,2086.80,2090.00,5312,0
HEROMOTOCO,20200519,11:40,2090.95,2091.00,2088.85,2090.00,3669,0
HEROMOTOCO,20200519,11:41,2090.00,2093.10,2090.00,2091.10,5763,0
HEROMOTOCO,20200519,11:42,2092.05,2092.95,2091.00,2091.00,2561,0
HEROMOTOCO,20200519,11:43,2091.20,2091.20,2088.80,2090.05,3566,0
HEROMOTOCO,20200519,11:44,2090.20,2092.60,2090.10,2090.50,1612,0
HEROMOTOCO,20200519,11:45,2091.70,2091.70,2090.10,2090.45,2468,0
HEROMOTOCO,20200519,11:46,2090.15,2091.20,2087.00,2089.00,5760,0
HEROMOTOCO,20200519,11:47,2089.00,2090.95,2089.00,2090.00,1972,0
HEROMOTOCO,20200519,11:48,2090.00,2093.45,2090.00,2091.25,3863,0
HEROMOTOCO,20200519,11:49,2091.35,2094.00,2091.30,2093.10,1630,0
HEROMOTOCO,20200519,11:50,2093.20,2095.00,2093.05,2093.10,4304,0
HEROMOTOCO,20200519,11:51,2093.05,2093.40,2091.20,2091.20,3737,0
HEROMOTOCO,20200519,11:52,2092.30,2093.00,2091.20,2091.20,561,0
HEROMOTOCO,20200519,11:53,2091.70,2092.00,2089.00,2090.00,6098,0
HEROMOTOCO,20200519,11:54,2090.00,2091.20,2090.00,2090.00,2195,0
HEROMOTOCO,20200519,11:55,2091.00,2091.20,2090.00,2090.10,394,0
HEROMOTOCO,20200519,11:56,2090.00,2093.90,2090.00,2091.00,2840,0
HEROMOTOCO,20200519,11:57,2091.00,2093.40,2091.00,2091.00,601,0
HEROMOTOCO,20200519,11:58,2092.00,2092.50,2091.05,2091.35,816,0
HEROMOTOCO,20200519,11:59,2091.30,2094.00,2091.30,2093.10,1757,0
HEROMOTOCO,20200519,12:00,2093.00,2094.00,2091.55,2092.50,1332,0
HEROMOTOCO,20200519,12:01,2093.10,2094.35,2091.30,2091.30,4043,0
HEROMOTOCO,20200519,12:02,2091.30,2092.70,2090.50,2090.50,1157,0
HEROMOTOCO,20200519,12:03,2090.00,2092.00,2090.00,2091.05,619,0
HEROMOTOCO,20200519,12:04,2090.35,2092.50,2090.30,2091.40,1131,0
HEROMOTOCO,20200519,12:05,2091.55,2093.00,2091.40,2091.90,1062,0
HEROMOTOCO,20200519,12:06,2092.10,2094.00,2091.40,2093.00,1429,0
HEROMOTOCO,20200519,12:07,2093.00,2093.80,2092.00,2092.00,3853,0
HEROMOTOCO,20200519,12:08,2092.00,2092.85,2092.00,2092.50,5650,0
HEROMOTOCO,20200519,12:09,2092.50,2093.00,2092.00,2092.50,1798,0
HEROMOTOCO,20200519,12:10,2092.50,2093.00,2092.25,2093.00,2503,0
HEROMOTOCO,20200519,12:11,2093.00,2094.00,2092.25,2092.25,2908,0
HEROMOTOCO,20200519,12:12,2092.25,2094.00,2092.25,2093.00,3191,0
HEROMOTOCO,20200519,12:13,2093.05,2094.00,2092.50,2093.50,2084,0
HEROMOTOCO,20200519,12:14,2094.20,2094.95,2094.00,2094.00,869,0
HEROMOTOCO,20200519,12:15,2094.00,2096.50,2094.00,2095.00,10421,0
HEROMOTOCO,20200519,12:16,2095.00,2098.00,2095.00,2097.00,2086,0
HEROMOTOCO,20200519,12:17,2097.00,2097.90,2096.00,2096.00,2251,0
HEROMOTOCO,20200519,12:18,2096.45,2096.50,2096.00,2096.10,615,0
HEROMOTOCO,20200519,12:19,2096.10,2096.60,2096.00,2096.20,1201,0
HEROMOTOCO,20200519,12:20,2096.00,2097.95,2096.00,2097.95,2428,0
HEROMOTOCO,20200519,12:21,2096.60,2097.90,2096.30,2097.60,481,0
HEROMOTOCO,20200519,12:22,2097.65,2098.00,2097.05,2098.00,815,0
HEROMOTOCO,20200519,12:23,2097.30,2102.20,2097.05,2101.90,9718,0
HEROMOTOCO,20200519,12:24,2100.85,2101.65,2100.00,2100.10,2366,0
HEROMOTOCO,20200519,12:25,2100.10,2100.65,2095.50,2095.50,4002,0
HEROMOTOCO,20200519,12:26,2095.50,2095.70,2090.00,2091.00,7600,0
HEROMOTOCO,20200519,12:27,2090.20,2092.00,2090.05,2091.20,2141,0
HEROMOTOCO,20200519,12:28,2091.05,2093.00,2091.05,2092.50,844,0
HEROMOTOCO,20200519,12:29,2092.50,2094.60,2092.50,2093.15,2648,0
HEROMOTOCO,20200519,12:30,2094.00,2096.00,2094.00,2094.50,1955,0
HEROMOTOCO,20200519,12:31,2094.50,2095.25,2094.35,2094.55,1010,0
HEROMOTOCO,20200519,12:32,2095.80,2095.80,2094.50,2094.90,2559,0
HEROMOTOCO,20200519,12:33,2095.05,2095.50,2095.00,2095.00,684,0
HEROMOTOCO,20200519,12:34,2095.05,2095.05,2094.50,2094.50,1165,0
HEROMOTOCO,20200519,12:35,2094.50,2097.60,2094.50,2095.20,3600,0
HEROMOTOCO,20200519,12:36,2095.20,2097.25,2095.20,2096.30,764,0
HEROMOTOCO,20200519,12:37,2096.90,2097.65,2095.05,2095.65,2611,0
HEROMOTOCO,20200519,12:38,2095.20,2097.55,2095.05,2095.05,1813,0
HEROMOTOCO,20200519,12:39,2095.55,2097.00,2095.05,2095.60,1840,0
HEROMOTOCO,20200519,12:40,2096.75,2096.75,2094.50,2094.50,5719,0
HEROMOTOCO,20200519,12:41,2094.35,2095.80,2094.35,2095.05,2074,0
HEROMOTOCO,20200519,12:42,2095.05,2096.20,2095.05,2095.80,1196,0
HEROMOTOCO,20200519,12:43,2095.50,2096.65,2095.05,2096.10,336,0
HEROMOTOCO,20200519,12:44,2096.25,2097.20,2095.15,2095.70,1382,0
HEROMOTOCO,20200519,12:45,2095.25,2095.75,2095.15,2095.20,2950,0
HEROMOTOCO,20200519,12:46,2095.15,2096.40,2095.15,2096.35,838,0
HEROMOTOCO,20200519,12:47,2096.40,2097.95,2095.50,2096.95,1229,0
HEROMOTOCO,20200519,12:48,2097.50,2099.70,2096.45,2098.60,1824,0
HEROMOTOCO,20200519,12:49,2098.60,2100.60,2098.15,2098.15,3836,0
HEROMOTOCO,20200519,12:50,2098.65,2099.00,2096.30,2098.20,709,0
HEROMOTOCO,20200519,12:51,2097.75,2099.00,2097.20,2097.30,519,0
HEROMOTOCO,20200519,12:52,2097.30,2099.00,2097.20,2099.00,489,0
HEROMOTOCO,20200519,12:53,2099.00,2100.50,2097.30,2098.80,1723,0
HEROMOTOCO,20200519,12:54,2099.80,2099.80,2097.25,2098.00,408,0
HEROMOTOCO,20200519,12:55,2097.50,2098.90,2095.50,2096.80,1051,0
HEROMOTOCO,20200519,12:56,2095.50,2097.50,2095.15,2096.25,3281,0
HEROMOTOCO,20200519,12:57,2097.45,2097.45,2095.50,2097.30,390,0
HEROMOTOCO,20200519,12:58,2095.90,2098.50,2095.55,2098.40,1020,0
HEROMOTOCO,20200519,12:59,2099.00,2099.25,2098.00,2098.00,927,0
HEROMOTOCO,20200519,13:00,2097.40,2097.80,2095.15,2097.00,1641,0
HEROMOTOCO,20200519,13:01,2096.40,2096.40,2091.00,2091.05,4525,0
HEROMOTOCO,20200519,13:02,2091.05,2091.75,2086.55,2090.00,8296,0
HEROMOTOCO,20200519,13:03,2089.90,2091.00,2088.20,2089.50,1495,0
HEROMOTOCO,20200519,13:04,2090.00,2091.00,2089.35,2090.00,859,0
HEROMOTOCO,20200519,13:05,2091.35,2091.60,2088.45,2089.55,1842,0
HEROMOTOCO,20200519,13:06,2089.40,2089.40,2086.00,2087.40,3685,0
HEROMOTOCO,20200519,13:07,2086.40,2087.40,2081.00,2081.00,6204,0
HEROMOTOCO,20200519,13:08,2081.50,2083.50,2080.00,2083.50,3576,0
HEROMOTOCO,20200519,13:09,2081.60,2085.00,2081.55,2084.55,2214,0
HEROMOTOCO,20200519,13:10,2084.80,2085.00,2083.70,2084.80,806,0
HEROMOTOCO,20200519,13:11,2085.00,2085.00,2081.60,2082.00,3224,0
HEROMOTOCO,20200519,13:12,2082.80,2085.05,2081.70,2084.95,3255,0
HEROMOTOCO,20200519,13:13,2085.95,2086.60,2085.00,2085.00,1839,0
HEROMOTOCO,20200519,13:14,2085.00,2089.25,2085.00,2086.20,1515,0
HEROMOTOCO,20200519,13:15,2086.30,2089.00,2085.65,2088.85,822,0
HEROMOTOCO,20200519,13:16,2088.60,2088.60,2085.50,2086.95,1659,0
HEROMOTOCO,20200519,13:17,2087.95,2089.25,2086.80,2088.30,1464,0
HEROMOTOCO,20200519,13:18,2088.00,2090.00,2087.30,2089.00,1350,0
HEROMOTOCO,20200519,13:19,2089.00,2090.00,2087.75,2087.75,678,0
HEROMOTOCO,20200519,13:20,2087.80,2091.65,2087.80,2091.20,2804,0
HEROMOTOCO,20200519,13:21,2090.10,2093.05,2090.05,2093.00,5543,0
HEROMOTOCO,20200519,13:22,2090.65,2092.00,2090.05,2091.00,525,0
HEROMOTOCO,20200519,13:23,2091.00,2091.00,2088.90,2089.80,1516,0
HEROMOTOCO,20200519,13:24,2088.25,2089.80,2086.05,2089.00,1424,0
HEROMOTOCO,20200519,13:25,2088.50,2089.00,2085.10,2086.60,869,0
HEROMOTOCO,20200519,13:26,2087.85,2088.70,2085.25,2086.15,2675,0
HEROMOTOCO,20200519,13:27,2085.30,2087.90,2085.20,2085.80,884,0
HEROMOTOCO,20200519,13:28,2085.80,2091.00,2085.80,2088.40,1263,0
HEROMOTOCO,20200519,13:29,2089.75,2090.95,2087.00,2088.40,1484,0
HEROMOTOCO,20200519,13:30,2088.40,2088.40,2085.15,2086.20,2168,0
HEROMOTOCO,20200519,13:31,2086.20,2087.95,2086.20,2086.70,979,0
HEROMOTOCO,20200519,13:32,2088.00,2089.00,2087.10,2087.95,1552,0
HEROMOTOCO,20200519,13:33,2088.55,2091.00,2086.40,2087.00,1928,0
HEROMOTOCO,20200519,13:34,2086.45,2087.95,2086.00,2087.90,804,0
HEROMOTOCO,20200519,13:35,2087.85,2089.05,2083.00,2083.00,3613,0
HEROMOTOCO,20200519,13:36,2083.00,2085.80,2083.00,2084.90,4537,0
HEROMOTOCO,20200519,13:37,2084.00,2086.00,2084.00,2085.10,2769,0
HEROMOTOCO,20200519,13:38,2085.00,2086.40,2084.00,2085.35,2569,0
HEROMOTOCO,20200519,13:39,2086.25,2086.35,2085.00,2085.60,726,0
HEROMOTOCO,20200519,13:40,2086.00,2087.00,2085.05,2085.90,1336,0
HEROMOTOCO,20200519,13:41,2085.70,2087.00,2082.60,2087.00,5296,0
HEROMOTOCO,20200519,13:42,2086.65,2088.95,2086.25,2086.25,1799,0
HEROMOTOCO,20200519,13:43,2086.00,2086.20,2084.65,2085.65,987,0
HEROMOTOCO,20200519,13:44,2086.00,2088.00,2085.00,2087.65,1820,0
HEROMOTOCO,20200519,13:45,2087.30,2089.90,2086.00,2087.50,2761,0
HEROMOTOCO,20200519,13:46,2089.00,2090.00,2085.60,2089.65,1416,0
HEROMOTOCO,20200519,13:47,2089.40,2089.40,2085.00,2086.10,1227,0
HEROMOTOCO,20200519,13:48,2085.00,2085.65,2081.00,2084.15,10841,0
HEROMOTOCO,20200519,13:49,2081.00,2084.90,2081.00,2084.90,3296,0
HEROMOTOCO,20200519,13:50,2083.60,2086.20,2082.65,2085.00,1916,0
HEROMOTOCO,20200519,13:51,2085.00,2088.00,2083.55,2085.50,2394,0
HEROMOTOCO,20200519,13:52,2084.10,2085.30,2083.50,2085.30,589,0
HEROMOTOCO,20200519,13:53,2085.30,2087.60,2083.10,2083.25,1646,0
HEROMOTOCO,20200519,13:54,2083.25,2083.55,2080.50,2083.55,1819,0
HEROMOTOCO,20200519,13:55,2083.80,2085.80,2082.10,2084.65,2706,0
HEROMOTOCO,20200519,13:56,2085.65,2085.80,2083.10,2085.80,924,0
HEROMOTOCO,20200519,13:57,2085.70,2086.50,2084.10,2085.15,953,0
HEROMOTOCO,20200519,13:58,2085.00,2087.00,2084.35,2086.80,2576,0
HEROMOTOCO,20200519,13:59,2087.00,2090.00,2086.20,2090.00,8978,0
HEROMOTOCO,20200519,14:00,2089.95,2090.60,2087.25,2090.00,5233,0
HEROMOTOCO,20200519,14:01,2090.00,2092.70,2088.00,2091.25,6498,0
HEROMOTOCO,20200519,14:02,2090.75,2091.15,2084.80,2086.20,4186,0
HEROMOTOCO,20200519,14:03,2087.25,2090.00,2082.85,2084.15,2475,0
HEROMOTOCO,20200519,14:04,2084.20,2088.00,2083.20,2088.00,1464,0
HEROMOTOCO,20200519,14:05,2087.20,2089.00,2086.00,2088.10,686,0
HEROMOTOCO,20200519,14:06,2087.35,2087.35,2082.00,2082.60,3800,0
HEROMOTOCO,20200519,14:07,2083.45,2083.60,2080.00,2083.60,4681,0
HEROMOTOCO,20200519,14:08,2083.15,2085.00,2080.00,2083.40,2524,0
HEROMOTOCO,20200519,14:09,2083.55,2086.00,2082.80,2083.55,2182,0
HEROMOTOCO,20200519,14:10,2082.00,2082.00,2073.00,2077.55,13303,0
HEROMOTOCO,20200519,14:11,2076.20,2078.30,2062.80,2068.00,20684,0
HEROMOTOCO,20200519,14:12,2069.30,2070.15,2065.00,2068.25,5490,0
HEROMOTOCO,20200519,14:13,2068.00,2069.00,2065.00,2068.00,6359,0
HEROMOTOCO,20200519,14:14,2068.05,2072.75,2066.55,2069.70,11815,0
HEROMOTOCO,20200519,14:15,2071.00,2073.45,2068.45,2072.00,2705,0
HEROMOTOCO,20200519,14:16,2072.00,2075.00,2068.20,2073.75,4620,0
HEROMOTOCO,20200519,14:17,2073.00,2078.00,2072.05,2078.00,3842,0
HEROMOTOCO,20200519,14:18,2078.10,2078.35,2074.35,2077.90,2453,0
HEROMOTOCO,20200519,14:19,2077.00,2077.00,2075.00,2077.00,1304,0
HEROMOTOCO,20200519,14:20,2077.00,2080.00,2076.85,2079.00,3977,0
HEROMOTOCO,20200519,14:21,2079.00,2087.30,2079.00,2087.30,3538,0
HEROMOTOCO,20200519,14:22,2086.05,2087.45,2084.15,2084.60,3133,0
HEROMOTOCO,20200519,14:23,2084.15,2085.05,2084.05,2084.20,5893,0
HEROMOTOCO,20200519,14:24,2084.20,2088.00,2084.15,2086.00,2967,0
HEROMOTOCO,20200519,14:25,2087.40,2087.40,2084.00,2085.85,1260,0
HEROMOTOCO,20200519,14:26,2085.75,2087.20,2084.15,2087.20,3312,0
HEROMOTOCO,20200519,14:27,2087.15,2087.15,2084.60,2085.00,1374,0
HEROMOTOCO,20200519,14:28,2084.50,2085.95,2083.00,2084.40,3321,0
HEROMOTOCO,20200519,14:29,2085.00,2085.00,2083.05,2084.20,1300,0
HEROMOTOCO,20200519,14:30,2085.00,2086.00,2084.20,2085.25,2752,0
HEROMOTOCO,20200519,14:31,2085.45,2086.15,2082.75,2084.80,2977,0
HEROMOTOCO,20200519,14:32,2085.05,2085.05,2083.50,2085.00,1898,0
HEROMOTOCO,20200519,14:33,2084.20,2084.95,2082.60,2082.60,2080,0
HEROMOTOCO,20200519,14:34,2084.05,2084.70,2082.65,2084.25,972,0
HEROMOTOCO,20200519,14:35,2084.30,2084.70,2083.20,2084.45,2000,0
HEROMOTOCO,20200519,14:36,2084.25,2084.70,2084.10,2084.45,1212,0
HEROMOTOCO,20200519,14:37,2084.40,2085.25,2084.10,2085.25,2238,0
HEROMOTOCO,20200519,14:38,2085.00,2088.60,2085.00,2086.70,3201,0
HEROMOTOCO,20200519,14:39,2087.85,2087.85,2084.10,2086.15,1135,0
HEROMOTOCO,20200519,14:40,2086.15,2086.15,2084.20,2084.95,2557,0
HEROMOTOCO,20200519,14:41,2084.95,2084.95,2080.95,2080.95,2986,0
HEROMOTOCO,20200519,14:42,2080.90,2081.40,2077.20,2078.50,2206,0
HEROMOTOCO,20200519,14:43,2078.85,2078.85,2076.20,2078.40,2505,0
HEROMOTOCO,20200519,14:44,2078.55,2079.00,2076.40,2076.40,1201,0
HEROMOTOCO,20200519,14:45,2076.20,2081.75,2076.20,2079.45,2027,0
HEROMOTOCO,20200519,14:46,2078.00,2079.15,2076.40,2078.00,1055,0
HEROMOTOCO,20200519,14:47,2077.15,2077.70,2075.00,2076.00,2535,0
HEROMOTOCO,20200519,14:48,2075.45,2075.70,2068.60,2073.10,4585,0
HEROMOTOCO,20200519,14:49,2073.70,2076.95,2073.70,2076.25,1358,0
HEROMOTOCO,20200519,14:50,2078.00,2078.00,2076.55,2077.00,1721,0
HEROMOTOCO,20200519,14:51,2077.40,2077.85,2074.00,2074.35,2822,0
HEROMOTOCO,20200519,14:52,2074.20,2076.60,2074.00,2074.95,673,0
HEROMOTOCO,20200519,14:53,2074.95,2074.95,2072.05,2072.45,1135,0
HEROMOTOCO,20200519,14:54,2072.40,2074.85,2070.05,2074.15,2297,0
HEROMOTOCO,20200519,14:55,2073.80,2074.70,2073.30,2074.00,778,0
HEROMOTOCO,20200519,14:56,2071.75,2071.75,2066.40,2069.70,5578,0
HEROMOTOCO,20200519,14:57,2068.35,2070.75,2067.80,2070.75,2688,0
HEROMOTOCO,20200519,14:58,2070.00,2073.00,2069.75,2071.75,1567,0
HEROMOTOCO,20200519,14:59,2071.75,2073.00,2071.00,2072.80,1076,0
HEROMOTOCO,20200519,15:00,2072.85,2075.95,2071.80,2073.80,2327,0
HEROMOTOCO,20200519,15:01,2074.95,2074.95,2068.10,2070.00,4625,0
HEROMOTOCO,20200519,15:02,2070.00,2073.75,2069.00,2070.00,4884,0
HEROMOTOCO,20200519,15:03,2070.90,2074.55,2070.00,2074.55,3302,0
HEROMOTOCO,20200519,15:04,2073.80,2074.40,2072.00,2074.00,2185,0
HEROMOTOCO,20200519,15:05,2072.45,2073.65,2071.35,2073.65,1518,0
HEROMOTOCO,20200519,15:06,2073.50,2073.60,2071.50,2071.65,1241,0
HEROMOTOCO,20200519,15:07,2072.00,2072.95,2071.55,2071.65,2193,0
HEROMOTOCO,20200519,15:08,2071.65,2072.85,2071.10,2072.85,2009,0
HEROMOTOCO,20200519,15:09,2072.80,2073.90,2071.25,2073.90,2864,0
HEROMOTOCO,20200519,15:10,2073.95,2073.95,2071.00,2071.55,2371,0
HEROMOTOCO,20200519,15:11,2071.85,2072.85,2070.90,2071.55,6396,0
HEROMOTOCO,20200519,15:12,2071.55,2072.00,2070.00,2070.00,3404,0
HEROMOTOCO,20200519,15:13,2070.00,2072.00,2070.00,2071.35,2344,0
HEROMOTOCO,20200519,15:14,2071.55,2075.00,2071.50,2074.00,5512,0
HEROMOTOCO,20200519,15:15,2075.00,2080.60,2074.90,2078.85,8621,0
HEROMOTOCO,20200519,15:16,2077.00,2077.00,2073.30,2075.50,5378,0
HEROMOTOCO,20200519,15:17,2075.50,2078.35,2074.60,2077.10,8224,0
HEROMOTOCO,20200519,15:18,2078.00,2078.00,2072.70,2073.65,7437,0
HEROMOTOCO,20200519,15:19,2075.00,2075.50,2072.00,2074.25,5788,0
HEROMOTOCO,20200519,15:20,2072.25,2078.30,2072.25,2078.30,6780,0
HEROMOTOCO,20200519,15:21,2078.30,2078.30,2074.00,2074.10,5141,0
HEROMOTOCO,20200519,15:22,2074.10,2079.00,2070.00,2070.00,10980,0
HEROMOTOCO,20200519,15:23,2071.00,2072.65,2068.30,2071.55,2486,0
HEROMOTOCO,20200519,15:24,2071.85,2073.90,2070.95,2072.50,1381,0
HEROMOTOCO,20200519,15:25,2071.80,2072.95,2071.10,2071.75,1605,0
HEROMOTOCO,20200519,15:26,2071.80,2072.00,2071.10,2071.40,1151,0
HEROMOTOCO,20200519,15:27,2071.40,2073.05,2071.40,2073.05,1497,0
HEROMOTOCO,20200519,15:28,2074.15,2074.15,2072.70,2072.90,1601,0
HEROMOTOCO,20200519,15:29,2072.55,2073.20,2070.10,2071.20,2757,0
HEROMOTOCO,20200519,15:30,2071.20,2072.00,2068.00,2070.00,1717,0
HEROMOTOCO,20200519,15:33,2073.50,2073.50,2073.50,2073.50,0,0
HEROMOTOCO,20200519,15:41,2073.50,2073.50,2073.50,2073.50,22,0
HEROMOTOCO,20200519,17:00,2073.50,2073.50,2073.50,2073.50,0,0
