IBULHSGFIN,20220804,09:09,120.55,120.55,120.55,120.55,40637,0
IBULHSGFIN,20220804,09:16,120.70,121.45,120.20,121.20,212481,0
IBULHSGFIN,20220804,09:17,121.15,121.30,121.10,121.30,143415,0
IBULHSGFIN,20220804,09:18,121.45,121.95,121.35,121.75,136151,0
IBULHSGFIN,20220804,09:19,121.70,121.85,121.55,121.55,94578,0
IBULHSGFIN,20220804,09:20,121.55,121.75,121.30,121.30,79953,0
IBULHSGFIN,20220804,09:21,121.35,121.35,120.60,120.80,134745,0
IBULHSGFIN,20220804,09:22,120.85,121.05,120.70,120.80,74272,0
IBULHSGFIN,20220804,09:23,120.55,120.65,120.40,120.65,137941,0
IBULHSGFIN,20220804,09:24,120.60,120.90,120.55,120.85,43592,0
IBULHSGFIN,20220804,09:25,120.85,120.85,120.60,120.60,30351,0
IBULHSGFIN,20220804,09:26,120.60,120.75,120.55,120.65,70405,0
IBULHSGFIN,20220804,09:27,120.70,121.20,120.70,121.20,115604,0
IBULHSGFIN,20220804,09:28,121.20,121.40,121.20,121.40,50758,0
IBULHSGFIN,20220804,09:29,121.25,121.40,121.20,121.35,35500,0
IBULHSGFIN,20220804,09:30,121.40,121.65,121.40,121.60,71991,0
IBULHSGFIN,20220804,09:31,121.65,121.65,121.45,121.55,38217,0
IBULHSGFIN,20220804,09:32,121.45,122.20,121.45,122.15,151308,0
IBULHSGFIN,20220804,09:33,122.20,122.70,122.20,122.30,157030,0
IBULHSGFIN,20220804,09:34,122.30,122.40,122.20,122.20,62310,0
IBULHSGFIN,20220804,09:35,122.20,122.35,122.20,122.25,36560,0
IBULHSGFIN,20220804,09:36,122.20,122.25,122.20,122.25,38459,0
IBULHSGFIN,20220804,09:37,122.30,122.30,121.85,121.85,75609,0
IBULHSGFIN,20220804,09:38,121.80,121.90,121.70,121.70,57080,0
IBULHSGFIN,20220804,09:39,121.65,121.70,121.55,121.60,24045,0
IBULHSGFIN,20220804,09:40,121.55,121.60,121.25,121.35,85648,0
IBULHSGFIN,20220804,09:41,121.35,121.35,121.10,121.20,46515,0
IBULHSGFIN,20220804,09:42,121.20,121.65,121.15,121.65,56087,0
IBULHSGFIN,20220804,09:43,121.65,121.85,121.55,121.55,28671,0
IBULHSGFIN,20220804,09:44,121.60,121.70,121.50,121.50,16028,0
IBULHSGFIN,20220804,09:45,121.60,121.75,121.60,121.65,16998,0
IBULHSGFIN,20220804,09:46,121.65,121.90,121.65,121.85,18529,0
IBULHSGFIN,20220804,09:47,121.95,122.00,121.90,121.95,22044,0
IBULHSGFIN,20220804,09:48,121.95,122.25,121.95,122.25,32747,0
IBULHSGFIN,20220804,09:49,122.25,122.30,122.00,122.00,41087,0
IBULHSGFIN,20220804,09:50,121.95,122.00,121.80,121.85,27293,0
IBULHSGFIN,20220804,09:51,121.85,121.95,121.80,121.90,18926,0
IBULHSGFIN,20220804,09:52,122.00,122.00,121.90,121.90,11313,0
IBULHSGFIN,20220804,09:53,121.90,121.95,121.85,121.85,4547,0
IBULHSGFIN,20220804,09:54,121.85,121.95,121.80,121.85,18149,0
IBULHSGFIN,20220804,09:55,121.90,121.95,121.90,121.95,5075,0
IBULHSGFIN,20220804,09:56,122.10,122.10,121.90,121.90,46733,0
IBULHSGFIN,20220804,09:57,121.90,121.90,121.85,121.85,9160,0
IBULHSGFIN,20220804,09:58,121.90,122.00,121.85,121.95,9987,0
IBULHSGFIN,20220804,09:59,122.00,122.00,121.85,121.85,2983,0
IBULHSGFIN,20220804,10:00,121.85,122.20,121.85,122.15,46083,0
IBULHSGFIN,20220804,10:01,122.20,122.40,122.20,122.30,60432,0
IBULHSGFIN,20220804,10:02,122.30,122.65,122.30,122.55,92492,0
IBULHSGFIN,20220804,10:03,122.50,122.55,122.25,122.30,37025,0
IBULHSGFIN,20220804,10:04,122.25,122.35,122.05,122.05,44893,0
IBULHSGFIN,20220804,10:05,122.10,122.15,122.10,122.15,15265,0
IBULHSGFIN,20220804,10:06,122.20,122.20,122.00,122.05,35989,0
IBULHSGFIN,20220804,10:07,122.05,122.10,121.90,122.00,24283,0
IBULHSGFIN,20220804,10:08,121.90,121.90,121.60,121.70,43839,0
IBULHSGFIN,20220804,10:09,121.70,121.70,121.65,121.70,11392,0
IBULHSGFIN,20220804,10:10,121.70,121.75,121.50,121.75,58042,0
IBULHSGFIN,20220804,10:11,121.75,121.85,121.70,121.70,15469,0
IBULHSGFIN,20220804,10:12,121.70,121.70,121.50,121.60,47389,0
IBULHSGFIN,20220804,10:13,121.50,121.70,121.45,121.60,48418,0
IBULHSGFIN,20220804,10:14,121.60,121.60,121.40,121.40,27205,0
IBULHSGFIN,20220804,10:15,121.45,121.55,121.35,121.40,33059,0
IBULHSGFIN,20220804,10:16,121.40,121.45,121.30,121.45,21255,0
IBULHSGFIN,20220804,10:17,121.50,121.95,121.50,121.95,47011,0
IBULHSGFIN,20220804,10:18,121.95,121.95,121.80,121.80,19680,0
IBULHSGFIN,20220804,10:19,121.85,122.10,121.85,122.10,36792,0
IBULHSGFIN,20220804,10:20,122.10,122.15,122.00,122.00,26801,0
IBULHSGFIN,20220804,10:21,122.00,122.45,122.00,122.40,52576,0
IBULHSGFIN,20220804,10:22,122.40,122.40,122.00,122.20,46287,0
IBULHSGFIN,20220804,10:23,122.10,122.20,122.10,122.10,7816,0
IBULHSGFIN,20220804,10:24,122.10,122.10,122.00,122.00,7242,0
IBULHSGFIN,20220804,10:25,122.05,122.30,122.00,122.25,36480,0
IBULHSGFIN,20220804,10:26,122.25,122.25,122.00,122.10,21145,0
IBULHSGFIN,20220804,10:27,122.10,122.20,122.00,122.20,14367,0
IBULHSGFIN,20220804,10:28,122.20,122.25,122.10,122.10,63358,0
IBULHSGFIN,20220804,10:29,122.10,122.25,122.10,122.25,18871,0
IBULHSGFIN,20220804,10:30,122.25,122.25,122.00,122.00,43244,0
IBULHSGFIN,20220804,10:31,122.05,122.10,122.00,122.10,22466,0
IBULHSGFIN,20220804,10:32,122.15,122.15,121.95,122.00,18038,0
IBULHSGFIN,20220804,10:33,122.00,122.00,121.85,121.95,26922,0
IBULHSGFIN,20220804,10:34,121.90,122.00,121.90,122.00,20656,0
IBULHSGFIN,20220804,10:35,121.90,122.00,121.90,121.95,7768,0
IBULHSGFIN,20220804,10:36,122.10,122.20,122.05,122.05,54831,0
IBULHSGFIN,20220804,10:37,122.05,122.10,121.90,122.00,22338,0
IBULHSGFIN,20220804,10:38,122.00,122.00,121.90,121.90,13530,0
IBULHSGFIN,20220804,10:39,122.00,122.00,121.70,121.80,35924,0
IBULHSGFIN,20220804,10:40,121.80,121.95,121.80,121.80,21517,0
IBULHSGFIN,20220804,10:41,121.85,121.90,121.75,121.80,6755,0
IBULHSGFIN,20220804,10:42,121.80,121.90,121.80,121.85,14678,0
IBULHSGFIN,20220804,10:43,121.80,121.90,121.60,121.60,30969,0
IBULHSGFIN,20220804,10:44,121.60,121.65,121.40,121.40,56850,0
IBULHSGFIN,20220804,10:45,121.50,121.50,121.35,121.50,29666,0
IBULHSGFIN,20220804,10:46,121.50,121.65,121.50,121.60,16549,0
IBULHSGFIN,20220804,10:47,121.60,121.95,121.55,121.95,51548,0
IBULHSGFIN,20220804,10:48,121.90,122.00,121.85,121.95,9491,0
IBULHSGFIN,20220804,10:49,122.00,122.10,121.95,122.05,34621,0
IBULHSGFIN,20220804,10:50,122.10,122.10,121.85,121.90,37975,0
IBULHSGFIN,20220804,10:51,121.90,121.95,121.75,121.75,9207,0
IBULHSGFIN,20220804,10:52,121.80,121.85,121.70,121.80,5567,0
IBULHSGFIN,20220804,10:53,121.80,121.90,121.80,121.85,14154,0
IBULHSGFIN,20220804,10:54,121.90,121.90,121.75,121.75,19572,0
IBULHSGFIN,20220804,10:55,121.70,121.80,121.60,121.80,11282,0
IBULHSGFIN,20220804,10:56,121.80,121.80,121.70,121.70,3690,0
IBULHSGFIN,20220804,10:57,121.65,122.00,121.60,121.95,71540,0
IBULHSGFIN,20220804,10:58,122.10,122.15,122.05,122.10,22479,0
IBULHSGFIN,20220804,10:59,122.05,122.10,121.95,121.95,10065,0
IBULHSGFIN,20220804,11:00,121.95,122.05,121.95,122.05,32315,0
IBULHSGFIN,20220804,11:01,122.00,122.15,121.95,122.10,27033,0
IBULHSGFIN,20220804,11:02,122.10,122.15,121.75,121.85,27157,0
IBULHSGFIN,20220804,11:03,121.90,121.90,121.75,121.80,11153,0
IBULHSGFIN,20220804,11:04,121.75,122.00,121.75,121.95,15257,0
IBULHSGFIN,20220804,11:05,121.95,122.00,121.90,121.95,953,0
IBULHSGFIN,20220804,11:06,121.95,122.05,121.95,122.05,16943,0
IBULHSGFIN,20220804,11:07,122.05,122.10,122.00,122.05,15302,0
IBULHSGFIN,20220804,11:08,122.05,122.10,122.00,122.00,15025,0
IBULHSGFIN,20220804,11:09,122.05,122.05,121.75,121.90,31154,0
IBULHSGFIN,20220804,11:10,121.80,121.80,121.75,121.75,1189,0
IBULHSGFIN,20220804,11:11,121.75,121.80,121.75,121.80,4366,0
IBULHSGFIN,20220804,11:12,121.80,121.90,121.80,121.85,7130,0
IBULHSGFIN,20220804,11:13,121.85,121.85,121.70,121.70,6376,0
IBULHSGFIN,20220804,11:14,121.70,121.75,121.60,121.65,30700,0
IBULHSGFIN,20220804,11:15,121.50,121.60,121.40,121.50,48301,0
IBULHSGFIN,20220804,11:16,121.50,121.55,121.15,121.25,62169,0
IBULHSGFIN,20220804,11:17,121.25,121.30,121.00,121.15,65283,0
IBULHSGFIN,20220804,11:18,121.10,121.10,120.75,120.75,120020,0
IBULHSGFIN,20220804,11:19,120.75,120.85,120.65,120.75,46680,0
IBULHSGFIN,20220804,11:20,120.70,120.75,120.65,120.65,38963,0
IBULHSGFIN,20220804,11:21,120.70,120.70,120.10,120.30,215550,0
IBULHSGFIN,20220804,11:22,120.40,120.40,120.00,120.40,121626,0
IBULHSGFIN,20220804,11:23,120.40,120.70,120.40,120.70,27843,0
IBULHSGFIN,20220804,11:24,120.60,120.80,120.55,120.65,63306,0
IBULHSGFIN,20220804,11:25,120.65,120.70,120.30,120.30,49411,0
IBULHSGFIN,20220804,11:26,120.30,120.35,120.10,120.20,53850,0
IBULHSGFIN,20220804,11:27,120.20,120.25,119.80,119.90,72264,0
IBULHSGFIN,20220804,11:28,120.00,120.00,119.60,119.60,60674,0
IBULHSGFIN,20220804,11:29,119.70,119.80,119.35,119.50,95412,0
IBULHSGFIN,20220804,11:30,119.60,119.65,119.35,119.35,49678,0
IBULHSGFIN,20220804,11:31,119.35,119.40,118.80,119.20,179439,0
IBULHSGFIN,20220804,11:32,119.30,119.30,118.95,118.95,87904,0
IBULHSGFIN,20220804,11:33,119.00,119.00,118.85,119.00,71596,0
IBULHSGFIN,20220804,11:34,118.95,118.95,118.70,118.95,70017,0
IBULHSGFIN,20220804,11:35,118.95,119.15,118.75,118.80,96412,0
IBULHSGFIN,20220804,11:36,118.80,118.95,118.70,118.95,58961,0
IBULHSGFIN,20220804,11:37,118.90,119.15,118.85,119.10,47766,0
IBULHSGFIN,20220804,11:38,119.15,119.20,119.05,119.20,41389,0
IBULHSGFIN,20220804,11:39,119.10,119.30,119.10,119.30,29039,0
IBULHSGFIN,20220804,11:40,119.25,119.30,118.90,118.95,89794,0
IBULHSGFIN,20220804,11:41,118.90,119.00,118.85,118.85,37205,0
IBULHSGFIN,20220804,11:42,118.75,119.00,118.70,118.95,57994,0
IBULHSGFIN,20220804,11:43,118.95,118.95,118.65,118.70,27628,0
IBULHSGFIN,20220804,11:44,118.70,118.75,118.65,118.75,34743,0
IBULHSGFIN,20220804,11:45,118.65,118.75,118.55,118.60,35578,0
IBULHSGFIN,20220804,11:46,118.30,118.50,118.20,118.50,104743,0
IBULHSGFIN,20220804,11:47,118.45,118.45,118.10,118.15,61947,0
IBULHSGFIN,20220804,11:48,118.05,118.10,117.60,117.80,175870,0
IBULHSGFIN,20220804,11:49,117.65,118.55,117.65,118.40,287491,0
IBULHSGFIN,20220804,11:50,118.25,118.55,118.10,118.10,112518,0
IBULHSGFIN,20220804,11:51,118.00,118.65,117.95,118.40,112041,0
IBULHSGFIN,20220804,11:52,118.30,118.60,118.25,118.35,42422,0
IBULHSGFIN,20220804,11:53,118.40,118.90,118.30,118.85,125362,0
IBULHSGFIN,20220804,11:54,118.85,119.25,118.85,119.10,73355,0
IBULHSGFIN,20220804,11:55,119.10,119.15,118.95,119.00,36272,0
IBULHSGFIN,20220804,11:56,119.00,119.00,118.75,118.90,20315,0
IBULHSGFIN,20220804,11:57,118.80,118.95,118.70,118.90,22555,0
IBULHSGFIN,20220804,11:58,118.90,119.00,118.80,118.85,14349,0
IBULHSGFIN,20220804,11:59,118.80,118.80,118.65,118.75,18989,0
IBULHSGFIN,20220804,12:00,118.90,118.90,118.70,118.70,20044,0
IBULHSGFIN,20220804,12:01,118.70,119.00,118.65,118.90,57325,0
IBULHSGFIN,20220804,12:02,118.90,118.90,118.80,118.90,13848,0
IBULHSGFIN,20220804,12:03,118.80,118.85,118.70,118.80,21356,0
IBULHSGFIN,20220804,12:04,118.75,118.80,118.70,118.80,9212,0
IBULHSGFIN,20220804,12:05,118.85,118.85,118.75,118.85,10484,0
IBULHSGFIN,20220804,12:06,118.95,119.15,118.95,119.15,80235,0
IBULHSGFIN,20220804,12:07,119.10,119.55,119.10,119.35,103254,0
IBULHSGFIN,20220804,12:08,119.35,119.55,119.20,119.50,91735,0
IBULHSGFIN,20220804,12:09,119.50,119.80,119.50,119.70,48280,0
IBULHSGFIN,20220804,12:10,119.70,119.70,119.50,119.50,19355,0
IBULHSGFIN,20220804,12:11,119.55,119.80,119.55,119.80,22237,0
IBULHSGFIN,20220804,12:12,119.80,119.80,119.60,119.70,54722,0
IBULHSGFIN,20220804,12:13,119.70,120.10,119.65,119.80,107267,0
IBULHSGFIN,20220804,12:14,119.75,119.75,119.60,119.60,21179,0
IBULHSGFIN,20220804,12:15,119.65,119.90,119.60,119.90,46089,0
IBULHSGFIN,20220804,12:16,119.90,119.90,119.65,119.70,22309,0
IBULHSGFIN,20220804,12:17,119.65,119.80,119.65,119.80,12257,0
IBULHSGFIN,20220804,12:18,119.80,119.95,119.70,119.90,25840,0
IBULHSGFIN,20220804,12:19,119.85,120.15,119.85,120.15,83061,0
IBULHSGFIN,20220804,12:20,120.05,120.15,119.95,120.10,49240,0
IBULHSGFIN,20220804,12:21,120.10,120.15,120.00,120.10,54732,0
IBULHSGFIN,20220804,12:22,120.10,120.15,120.00,120.05,37820,0
IBULHSGFIN,20220804,12:23,120.05,120.05,119.80,119.80,16181,0
IBULHSGFIN,20220804,12:24,119.90,119.90,119.70,119.70,39243,0
IBULHSGFIN,20220804,12:25,119.70,119.75,119.60,119.60,13611,0
IBULHSGFIN,20220804,12:26,119.60,119.70,119.45,119.60,27612,0
IBULHSGFIN,20220804,12:27,119.55,119.80,119.50,119.80,25486,0
IBULHSGFIN,20220804,12:28,119.80,120.00,119.80,119.95,14958,0
IBULHSGFIN,20220804,12:29,119.95,120.40,119.95,120.20,143441,0
IBULHSGFIN,20220804,12:30,120.15,120.15,120.00,120.05,14754,0
IBULHSGFIN,20220804,12:31,120.25,120.25,120.10,120.10,67755,0
IBULHSGFIN,20220804,12:32,120.10,120.10,119.90,119.90,32516,0
IBULHSGFIN,20220804,12:33,119.90,119.95,119.75,119.75,7447,0
IBULHSGFIN,20220804,12:34,119.75,119.95,119.70,119.90,10595,0
IBULHSGFIN,20220804,12:35,119.90,120.00,119.85,119.95,7477,0
IBULHSGFIN,20220804,12:36,120.00,120.00,119.90,119.95,3002,0
IBULHSGFIN,20220804,12:37,119.95,120.05,119.90,120.05,12697,0
IBULHSGFIN,20220804,12:38,120.10,120.15,120.00,120.15,10137,0
IBULHSGFIN,20220804,12:39,120.20,120.20,120.10,120.15,10068,0
IBULHSGFIN,20220804,12:40,120.20,120.20,119.95,120.00,15973,0
IBULHSGFIN,20220804,12:41,120.00,120.10,120.00,120.00,14241,0
IBULHSGFIN,20220804,12:42,120.05,120.15,119.95,120.00,19146,0
IBULHSGFIN,20220804,12:43,120.00,120.05,119.90,119.90,11387,0
IBULHSGFIN,20220804,12:44,119.90,120.05,119.90,119.90,38988,0
IBULHSGFIN,20220804,12:45,119.90,120.00,119.90,120.00,12164,0
IBULHSGFIN,20220804,12:46,120.00,120.15,120.00,120.10,11316,0
IBULHSGFIN,20220804,12:47,120.10,120.20,120.10,120.15,5540,0
IBULHSGFIN,20220804,12:48,120.10,120.10,120.00,120.10,5192,0
IBULHSGFIN,20220804,12:49,120.05,120.10,120.05,120.05,1903,0
IBULHSGFIN,20220804,12:50,120.10,120.20,120.05,120.15,13729,0
IBULHSGFIN,20220804,12:51,120.15,120.20,120.10,120.10,8487,0
IBULHSGFIN,20220804,12:52,120.15,120.15,120.10,120.10,2182,0
IBULHSGFIN,20220804,12:53,120.10,120.10,119.90,119.95,14205,0
IBULHSGFIN,20220804,12:54,119.95,120.20,119.95,120.20,51038,0
IBULHSGFIN,20220804,12:55,120.30,120.35,120.20,120.25,18271,0
IBULHSGFIN,20220804,12:56,120.20,120.20,120.00,120.00,19698,0
IBULHSGFIN,20220804,12:57,120.05,120.15,120.00,120.10,3038,0
IBULHSGFIN,20220804,12:58,120.05,120.10,120.00,120.05,8328,0
IBULHSGFIN,20220804,12:59,120.00,120.35,120.00,120.35,65143,0
IBULHSGFIN,20220804,13:00,120.35,120.40,120.25,120.30,45047,0
IBULHSGFIN,20220804,13:01,120.25,120.35,120.25,120.35,11053,0
IBULHSGFIN,20220804,13:02,120.45,120.45,120.30,120.45,22448,0
IBULHSGFIN,20220804,13:03,120.45,120.80,120.45,120.80,89654,0
IBULHSGFIN,20220804,13:04,120.80,121.15,120.75,120.80,90445,0
IBULHSGFIN,20220804,13:05,120.80,120.90,120.70,120.70,32448,0
IBULHSGFIN,20220804,13:06,120.70,120.80,120.65,120.70,9566,0
IBULHSGFIN,20220804,13:07,120.70,120.75,120.50,120.60,17344,0
IBULHSGFIN,20220804,13:08,120.60,120.70,120.45,120.45,17372,0
IBULHSGFIN,20220804,13:09,120.40,120.50,120.35,120.45,38987,0
IBULHSGFIN,20220804,13:10,120.55,120.65,120.40,120.40,25381,0
IBULHSGFIN,20220804,13:11,120.50,120.65,120.30,120.45,15128,0
IBULHSGFIN,20220804,13:12,120.45,120.70,120.45,120.60,8775,0
IBULHSGFIN,20220804,13:13,120.60,120.60,120.40,120.40,8801,0
IBULHSGFIN,20220804,13:14,120.40,120.60,120.40,120.55,14679,0
IBULHSGFIN,20220804,13:15,120.45,120.65,120.45,120.50,12882,0
IBULHSGFIN,20220804,13:16,120.65,120.75,120.55,120.65,14823,0
IBULHSGFIN,20220804,13:17,120.60,120.80,120.60,120.80,33335,0
IBULHSGFIN,20220804,13:18,120.90,121.00,120.85,120.90,22544,0
IBULHSGFIN,20220804,13:19,120.90,120.95,120.85,120.85,7388,0
IBULHSGFIN,20220804,13:20,120.85,121.10,120.80,121.05,37657,0
IBULHSGFIN,20220804,13:21,121.00,121.10,120.95,120.95,18463,0
IBULHSGFIN,20220804,13:22,121.00,121.00,120.90,120.90,10389,0
IBULHSGFIN,20220804,13:23,120.95,121.00,120.90,120.90,10061,0
IBULHSGFIN,20220804,13:24,120.75,120.85,120.65,120.65,29087,0
IBULHSGFIN,20220804,13:25,120.70,120.80,120.60,120.60,16403,0
IBULHSGFIN,20220804,13:26,120.60,120.70,120.60,120.60,8101,0
IBULHSGFIN,20220804,13:27,120.60,120.65,120.45,120.45,18059,0
IBULHSGFIN,20220804,13:28,120.50,120.65,120.45,120.65,11010,0
IBULHSGFIN,20220804,13:29,120.60,121.00,120.60,120.75,88883,0
IBULHSGFIN,20220804,13:30,120.75,120.90,120.70,120.85,8649,0
IBULHSGFIN,20220804,13:31,120.85,120.95,120.85,120.85,3047,0
IBULHSGFIN,20220804,13:32,120.80,120.90,120.65,120.85,48721,0
IBULHSGFIN,20220804,13:33,120.85,120.90,120.75,120.75,15108,0
IBULHSGFIN,20220804,13:34,120.80,120.90,120.80,120.90,9275,0
IBULHSGFIN,20220804,13:35,120.85,120.90,120.65,120.70,9137,0
IBULHSGFIN,20220804,13:36,120.85,120.90,120.75,120.80,33340,0
IBULHSGFIN,20220804,13:37,120.75,120.80,120.60,120.80,24132,0
IBULHSGFIN,20220804,13:38,120.80,121.15,120.80,121.10,42033,0
IBULHSGFIN,20220804,13:39,121.15,121.20,121.10,121.15,26043,0
IBULHSGFIN,20220804,13:40,121.20,121.45,121.20,121.40,71295,0
IBULHSGFIN,20220804,13:41,121.45,121.75,121.40,121.65,59520,0
IBULHSGFIN,20220804,13:42,121.65,121.75,121.50,121.65,42709,0
IBULHSGFIN,20220804,13:43,121.60,121.65,121.50,121.55,35760,0
IBULHSGFIN,20220804,13:44,121.50,121.60,121.45,121.45,16663,0
IBULHSGFIN,20220804,13:45,121.45,121.45,121.30,121.30,11632,0
IBULHSGFIN,20220804,13:46,121.30,121.50,121.30,121.50,27443,0
IBULHSGFIN,20220804,13:47,121.50,121.55,121.40,121.40,16971,0
IBULHSGFIN,20220804,13:48,121.35,121.40,121.30,121.35,7186,0
IBULHSGFIN,20220804,13:49,121.40,121.40,121.30,121.40,5261,0
IBULHSGFIN,20220804,13:50,121.40,121.45,121.35,121.45,6267,0
IBULHSGFIN,20220804,13:51,121.40,121.40,121.30,121.35,28099,0
IBULHSGFIN,20220804,13:52,121.35,121.35,121.20,121.20,14604,0
IBULHSGFIN,20220804,13:53,121.20,121.35,121.20,121.25,12828,0
IBULHSGFIN,20220804,13:54,121.25,121.35,121.20,121.35,23411,0
IBULHSGFIN,20220804,13:55,121.35,121.40,121.30,121.30,8993,0
IBULHSGFIN,20220804,13:56,121.30,121.35,121.25,121.25,7358,0
IBULHSGFIN,20220804,13:57,121.25,121.30,121.25,121.25,3093,0
IBULHSGFIN,20220804,13:58,121.25,121.30,121.05,121.05,18463,0
IBULHSGFIN,20220804,13:59,121.05,121.05,120.85,120.90,33225,0
IBULHSGFIN,20220804,14:00,120.90,120.90,120.70,120.70,42248,0
IBULHSGFIN,20220804,14:01,120.75,120.80,120.60,120.65,44037,0
IBULHSGFIN,20220804,14:02,120.60,120.70,120.35,120.35,82771,0
IBULHSGFIN,20220804,14:03,120.30,120.45,120.10,120.45,99303,0
IBULHSGFIN,20220804,14:04,120.35,120.55,120.30,120.35,22967,0
IBULHSGFIN,20220804,14:05,120.40,120.40,120.30,120.35,22733,0
IBULHSGFIN,20220804,14:06,120.35,120.65,120.35,120.60,20422,0
IBULHSGFIN,20220804,14:07,120.65,120.65,120.30,120.30,31287,0
IBULHSGFIN,20220804,14:08,120.35,120.45,120.20,120.20,15332,0
IBULHSGFIN,20220804,14:09,120.25,120.25,120.10,120.10,14161,0
IBULHSGFIN,20220804,14:10,120.10,120.25,120.10,120.15,17188,0
IBULHSGFIN,20220804,14:11,120.15,120.20,120.05,120.05,16661,0
IBULHSGFIN,20220804,14:12,120.10,120.25,119.95,120.25,43166,0
IBULHSGFIN,20220804,14:13,120.25,120.30,120.20,120.25,8342,0
IBULHSGFIN,20220804,14:14,120.25,120.25,120.15,120.25,13456,0
IBULHSGFIN,20220804,14:15,120.25,120.50,120.25,120.40,25018,0
IBULHSGFIN,20220804,14:16,120.40,120.40,120.30,120.35,11954,0
IBULHSGFIN,20220804,14:17,120.40,120.50,120.40,120.45,15895,0
IBULHSGFIN,20220804,14:18,120.45,120.50,120.45,120.50,6521,0
IBULHSGFIN,20220804,14:19,120.45,120.65,120.45,120.60,8818,0
IBULHSGFIN,20220804,14:20,120.65,120.75,120.60,120.70,30312,0
IBULHSGFIN,20220804,14:21,120.70,120.70,120.50,120.50,32900,0
IBULHSGFIN,20220804,14:22,120.55,120.55,120.35,120.35,20391,0
IBULHSGFIN,20220804,14:23,120.40,120.40,120.20,120.20,12796,0
IBULHSGFIN,20220804,14:24,120.20,120.30,120.10,120.30,15900,0
IBULHSGFIN,20220804,14:25,120.25,120.35,120.25,120.30,13689,0
IBULHSGFIN,20220804,14:26,120.25,120.35,120.25,120.30,2827,0
IBULHSGFIN,20220804,14:27,120.35,120.35,120.05,120.10,35773,0
IBULHSGFIN,20220804,14:28,120.10,120.15,120.05,120.05,7601,0
IBULHSGFIN,20220804,14:29,120.05,120.20,120.05,120.15,12550,0
IBULHSGFIN,20220804,14:30,120.15,120.20,120.00,120.00,31947,0
IBULHSGFIN,20220804,14:31,119.95,120.20,119.95,120.20,30505,0
IBULHSGFIN,20220804,14:32,120.20,120.40,120.20,120.40,13072,0
IBULHSGFIN,20220804,14:33,120.40,120.40,120.30,120.35,7504,0
IBULHSGFIN,20220804,14:34,120.35,120.35,120.20,120.25,9396,0
IBULHSGFIN,20220804,14:35,120.25,120.30,120.20,120.25,7949,0
IBULHSGFIN,20220804,14:36,120.20,120.35,120.20,120.30,552,0
IBULHSGFIN,20220804,14:37,120.30,120.35,120.25,120.25,7671,0
IBULHSGFIN,20220804,14:38,120.20,120.25,120.05,120.10,11634,0
IBULHSGFIN,20220804,14:39,120.15,120.20,120.10,120.20,3818,0
IBULHSGFIN,20220804,14:40,120.20,120.20,120.10,120.20,2475,0
IBULHSGFIN,20220804,14:41,120.15,120.20,120.05,120.10,15339,0
IBULHSGFIN,20220804,14:42,120.15,120.40,120.10,120.40,20369,0
IBULHSGFIN,20220804,14:43,120.30,120.45,120.30,120.45,26561,0
IBULHSGFIN,20220804,14:44,120.50,120.75,120.45,120.65,56331,0
IBULHSGFIN,20220804,14:45,120.65,120.65,120.50,120.50,5705,0
IBULHSGFIN,20220804,14:46,120.65,120.65,120.50,120.55,24119,0
IBULHSGFIN,20220804,14:47,120.55,120.60,120.50,120.60,2748,0
IBULHSGFIN,20220804,14:48,120.70,120.85,120.70,120.80,32583,0
IBULHSGFIN,20220804,14:49,120.90,121.00,120.85,120.85,43811,0
IBULHSGFIN,20220804,14:50,120.95,121.05,120.65,121.05,61515,0
IBULHSGFIN,20220804,14:51,121.05,121.35,121.05,121.30,62208,0
IBULHSGFIN,20220804,14:52,121.25,121.30,121.20,121.20,35899,0
IBULHSGFIN,20220804,14:53,121.20,121.20,121.10,121.10,13992,0
IBULHSGFIN,20220804,14:54,121.15,121.15,121.10,121.10,9817,0
IBULHSGFIN,20220804,14:55,121.10,121.25,121.05,121.10,29095,0
IBULHSGFIN,20220804,14:56,121.10,121.25,121.05,121.25,26038,0
IBULHSGFIN,20220804,14:57,121.30,121.30,121.10,121.20,14714,0
IBULHSGFIN,20220804,14:58,121.15,121.20,121.00,121.10,42438,0
IBULHSGFIN,20220804,14:59,121.15,121.15,121.00,121.00,10646,0
IBULHSGFIN,20220804,15:00,121.00,121.10,120.95,121.05,65557,0
IBULHSGFIN,20220804,15:01,121.05,121.50,121.05,121.35,140575,0
IBULHSGFIN,20220804,15:02,121.35,121.50,121.35,121.50,47669,0
IBULHSGFIN,20220804,15:03,121.50,121.50,121.20,121.20,31023,0
IBULHSGFIN,20220804,15:04,121.30,121.30,121.15,121.20,26231,0
IBULHSGFIN,20220804,15:05,121.20,121.20,121.10,121.15,15489,0
IBULHSGFIN,20220804,15:06,121.10,121.25,121.10,121.25,81987,0
IBULHSGFIN,20220804,15:07,121.30,121.30,121.10,121.15,38897,0
IBULHSGFIN,20220804,15:08,121.10,121.25,121.10,121.25,25756,0
IBULHSGFIN,20220804,15:09,121.20,121.25,121.05,121.10,59014,0
IBULHSGFIN,20220804,15:10,121.05,121.10,120.85,121.00,64508,0
IBULHSGFIN,20220804,15:11,121.10,121.25,121.05,121.20,55814,0
IBULHSGFIN,20220804,15:12,121.20,121.20,121.15,121.15,25766,0
IBULHSGFIN,20220804,15:13,121.20,121.25,121.15,121.25,29926,0
IBULHSGFIN,20220804,15:14,121.25,121.25,121.15,121.20,22153,0
IBULHSGFIN,20220804,15:15,121.20,121.20,121.00,121.05,81949,0
IBULHSGFIN,20220804,15:16,121.10,121.20,121.00,121.10,153966,0
IBULHSGFIN,20220804,15:17,121.10,121.10,121.00,121.00,34557,0
IBULHSGFIN,20220804,15:18,121.00,121.10,121.00,121.05,33799,0
IBULHSGFIN,20220804,15:19,121.00,121.10,121.00,121.05,69009,0
IBULHSGFIN,20220804,15:20,121.05,121.10,121.05,121.10,35733,0
IBULHSGFIN,20220804,15:21,121.10,121.25,120.90,120.95,165311,0
IBULHSGFIN,20220804,15:22,121.00,121.10,120.95,121.10,27592,0
IBULHSGFIN,20220804,15:23,121.00,121.10,120.95,120.95,30442,0
IBULHSGFIN,20220804,15:24,121.00,121.00,120.90,120.90,28958,0
IBULHSGFIN,20220804,15:25,120.85,120.90,120.85,120.85,55902,0
IBULHSGFIN,20220804,15:26,120.90,120.95,120.85,120.90,22536,0
IBULHSGFIN,20220804,15:27,120.90,120.90,120.70,120.70,30944,0
IBULHSGFIN,20220804,15:28,120.70,120.75,120.65,120.70,20627,0
IBULHSGFIN,20220804,15:29,120.65,120.70,120.45,120.45,46214,0
IBULHSGFIN,20220804,15:30,120.50,120.60,120.45,120.60,39110,0
IBULHSGFIN,20220804,15:31,120.60,120.60,120.60,120.60,19,0
IBULHSGFIN,20220804,15:32,121.10,121.10,121.10,121.10,0,0
IBULHSGFIN,20220804,15:41,121.10,121.10,121.10,121.10,9,0
IBULHSGFIN,20220804,16:56,121.10,121.10,121.10,121.10,0,0
