ESCORTS_F1,20200609,09:16,958.75,963.25,958.75,961.80,13200,2671900
ESCORTS_F1,20200609,09:17,961.65,961.65,958.40,959.70,38500,2671900
ESCORTS_F1,20200609,09:18,958.00,958.95,956.80,958.95,41800,2687300
ESCORTS_F1,20200609,09:19,958.20,958.20,956.80,956.80,29700,2687300
ESCORTS_F1,20200609,09:20,956.00,960.00,955.55,960.00,22000,2687300
ESCORTS_F1,20200609,09:21,961.50,962.00,958.00,958.00,20900,2711500
ESCORTS_F1,20200609,09:22,958.00,958.00,955.00,956.20,25300,2711500
ESCORTS_F1,20200609,09:23,955.55,955.80,953.65,955.80,16500,2711500
ESCORTS_F1,20200609,09:24,955.75,956.50,953.40,956.50,36300,2718100
ESCORTS_F1,20200609,09:25,956.00,956.00,953.90,953.90,13200,2718100
ESCORTS_F1,20200609,09:26,954.65,957.40,954.40,955.90,16500,2718100
ESCORTS_F1,20200609,09:27,957.15,957.40,956.35,957.05,11000,2747800
ESCORTS_F1,20200609,09:28,956.50,959.40,956.50,959.40,16500,2747800
ESCORTS_F1,20200609,09:29,958.30,958.30,956.50,956.50,6600,2747800
ESCORTS_F1,20200609,09:30,956.50,957.50,955.00,957.50,19800,2753300
ESCORTS_F1,20200609,09:31,958.15,958.15,955.80,955.80,15400,2753300
ESCORTS_F1,20200609,09:32,956.00,956.30,954.80,955.50,18700,2753300
ESCORTS_F1,20200609,09:33,956.50,956.50,954.85,955.30,25300,2766500
ESCORTS_F1,20200609,09:34,954.65,955.05,954.00,955.05,14300,2766500
ESCORTS_F1,20200609,09:35,955.00,956.00,954.90,954.90,8800,2766500
ESCORTS_F1,20200609,09:36,954.25,957.35,954.25,957.35,17600,2781900
ESCORTS_F1,20200609,09:37,956.00,956.10,954.95,954.95,5500,2781900
ESCORTS_F1,20200609,09:38,954.10,955.80,954.00,955.80,18700,2781900
ESCORTS_F1,20200609,09:39,955.95,956.30,955.30,955.30,6600,2781900
ESCORTS_F1,20200609,09:40,956.40,958.00,956.40,956.80,16500,2792900
ESCORTS_F1,20200609,09:41,956.75,959.50,956.20,959.50,31900,2792900
ESCORTS_F1,20200609,09:42,959.50,961.60,959.50,961.05,28600,2809400
ESCORTS_F1,20200609,09:43,961.70,962.00,960.55,960.55,30800,2809400
ESCORTS_F1,20200609,09:44,961.50,962.00,961.00,961.40,20900,2809400
ESCORTS_F1,20200609,09:45,962.30,965.00,962.30,964.75,35200,2823700
ESCORTS_F1,20200609,09:46,964.20,965.95,964.00,965.15,29700,2823700
ESCORTS_F1,20200609,09:47,965.20,966.30,964.25,964.25,23100,2823700
ESCORTS_F1,20200609,09:48,964.25,967.35,964.25,966.35,47300,2835800
ESCORTS_F1,20200609,09:49,967.40,969.65,967.40,968.00,51700,2835800
ESCORTS_F1,20200609,09:50,968.25,968.25,966.10,966.10,15400,2835800
ESCORTS_F1,20200609,09:51,967.50,969.10,967.50,969.00,12100,2855600
ESCORTS_F1,20200609,09:52,968.95,969.00,967.25,967.25,12100,2855600
ESCORTS_F1,20200609,09:53,967.70,967.70,965.00,965.00,19800,2855600
ESCORTS_F1,20200609,09:54,965.00,966.00,965.00,965.85,8800,2852300
ESCORTS_F1,20200609,09:55,965.75,967.20,965.50,967.20,13200,2852300
ESCORTS_F1,20200609,09:56,965.70,967.10,965.70,967.10,4400,2852300
ESCORTS_F1,20200609,09:57,967.15,968.10,967.00,968.10,6600,2860000
ESCORTS_F1,20200609,09:58,968.70,968.75,966.10,966.10,14300,2860000
ESCORTS_F1,20200609,09:59,965.45,966.95,965.45,966.90,23100,2860000
ESCORTS_F1,20200609,10:00,967.80,967.80,967.00,967.00,12100,2871000
ESCORTS_F1,20200609,10:01,967.55,969.85,967.20,968.90,14300,2871000
ESCORTS_F1,20200609,10:02,969.10,969.10,968.00,968.45,7700,2871000
ESCORTS_F1,20200609,10:03,968.85,969.50,968.15,968.90,17600,2888600
ESCORTS_F1,20200609,10:04,968.05,971.95,968.05,971.05,41800,2888600
ESCORTS_F1,20200609,10:05,970.95,971.25,970.00,970.60,20900,2888600
ESCORTS_F1,20200609,10:06,970.85,972.45,968.90,968.90,53900,2888600
ESCORTS_F1,20200609,10:07,969.50,969.50,968.80,968.80,8800,2888600
ESCORTS_F1,20200609,10:08,969.00,969.00,967.50,967.50,14300,2888600
ESCORTS_F1,20200609,10:09,967.50,967.85,967.05,967.10,7700,2897400
ESCORTS_F1,20200609,10:10,969.00,969.40,968.00,968.00,5500,2897400
ESCORTS_F1,20200609,10:11,969.40,969.50,967.80,968.15,6600,2897400
ESCORTS_F1,20200609,10:12,968.15,969.20,967.95,967.95,9900,2888600
ESCORTS_F1,20200609,10:13,967.50,967.80,965.25,965.25,17600,2888600
ESCORTS_F1,20200609,10:14,966.65,967.20,965.90,965.90,8800,2888600
ESCORTS_F1,20200609,10:15,966.00,966.00,965.00,965.00,11000,2890800
ESCORTS_F1,20200609,10:16,965.00,967.90,965.00,967.70,9900,2890800
ESCORTS_F1,20200609,10:17,967.65,967.65,965.80,967.05,27500,2890800
ESCORTS_F1,20200609,10:18,967.05,967.35,964.65,967.35,33000,2897400
ESCORTS_F1,20200609,10:19,968.00,968.00,965.15,967.45,22000,2897400
ESCORTS_F1,20200609,10:20,967.30,968.35,965.00,968.35,26400,2897400
ESCORTS_F1,20200609,10:21,967.40,967.40,965.55,967.05,28600,2883100
ESCORTS_F1,20200609,10:22,967.05,967.80,966.35,967.80,29700,2883100
ESCORTS_F1,20200609,10:23,967.00,967.00,966.00,966.70,26400,2883100
ESCORTS_F1,20200609,10:24,966.55,967.50,964.80,965.00,33000,2886400
ESCORTS_F1,20200609,10:25,964.70,965.30,964.60,964.60,17600,2886400
ESCORTS_F1,20200609,10:26,964.00,965.90,963.55,964.30,28600,2886400
ESCORTS_F1,20200609,10:27,964.85,965.50,964.05,965.10,33000,2898500
ESCORTS_F1,20200609,10:28,965.00,965.90,964.65,965.50,13200,2898500
ESCORTS_F1,20200609,10:29,965.50,965.80,964.95,965.80,4400,2898500
ESCORTS_F1,20200609,10:30,965.00,965.00,965.00,965.00,1100,2894100
ESCORTS_F1,20200609,10:31,964.00,965.00,964.00,965.00,6600,2894100
ESCORTS_F1,20200609,10:32,965.00,965.00,965.00,965.00,1100,2894100
ESCORTS_F1,20200609,10:33,964.50,965.50,964.50,965.25,5500,2893000
ESCORTS_F1,20200609,10:34,965.80,966.50,965.80,966.50,5500,2893000
ESCORTS_F1,20200609,10:35,966.10,967.50,966.10,967.50,7700,2893000
ESCORTS_F1,20200609,10:36,968.05,969.10,967.95,969.10,11000,2869900
ESCORTS_F1,20200609,10:37,969.10,970.35,968.95,970.35,28600,2869900
ESCORTS_F1,20200609,10:38,970.30,970.30,969.50,969.50,14300,2869900
ESCORTS_F1,20200609,10:39,969.35,970.15,969.35,970.15,5500,2869900
ESCORTS_F1,20200609,10:40,970.05,972.00,970.00,972.00,14300,2884200
ESCORTS_F1,20200609,10:41,971.50,972.25,971.45,971.85,12100,2884200
ESCORTS_F1,20200609,10:42,971.20,971.50,970.65,971.00,14300,2884200
ESCORTS_F1,20200609,10:43,971.00,971.60,970.70,971.00,19800,2884200
ESCORTS_F1,20200609,10:44,970.85,975.00,970.85,974.10,66000,2884200
ESCORTS_F1,20200609,10:45,974.95,975.45,973.75,974.80,28600,2884200
ESCORTS_F1,20200609,10:46,974.55,981.00,974.30,979.80,75900,2884200
ESCORTS_F1,20200609,10:47,979.90,983.70,979.85,982.70,135300,2884200
ESCORTS_F1,20200609,10:48,981.60,985.50,981.60,983.80,95700,2943600
ESCORTS_F1,20200609,10:49,984.45,984.45,981.40,981.40,26400,2943600
ESCORTS_F1,20200609,10:50,982.00,983.00,982.00,982.70,16500,2943600
ESCORTS_F1,20200609,10:51,983.00,984.55,982.45,982.45,33000,2964500
ESCORTS_F1,20200609,10:52,982.00,982.00,979.30,979.30,26400,2964500
ESCORTS_F1,20200609,10:53,979.25,980.30,979.00,980.00,13200,2964500
ESCORTS_F1,20200609,10:54,980.10,980.30,979.00,979.50,12100,2956800
ESCORTS_F1,20200609,10:55,979.05,980.10,979.05,979.55,13200,2956800
ESCORTS_F1,20200609,10:56,980.10,981.30,980.10,981.00,37400,2956800
ESCORTS_F1,20200609,10:57,980.80,980.90,980.00,980.55,24200,2979900
ESCORTS_F1,20200609,10:58,980.90,981.00,980.50,980.50,3300,2979900
ESCORTS_F1,20200609,10:59,981.00,981.00,979.65,980.00,13200,2979900
ESCORTS_F1,20200609,11:00,980.80,980.80,978.10,978.80,14300,2978800
ESCORTS_F1,20200609,11:01,978.90,979.20,978.90,979.00,6600,2978800
ESCORTS_F1,20200609,11:02,979.95,979.95,977.85,977.85,18700,2978800
ESCORTS_F1,20200609,11:03,977.60,977.95,976.00,976.15,16500,2986500
ESCORTS_F1,20200609,11:04,976.70,978.00,976.70,978.00,8800,2986500
ESCORTS_F1,20200609,11:05,978.10,979.00,978.10,979.00,3300,2986500
ESCORTS_F1,20200609,11:06,978.65,978.65,977.00,977.10,4400,2984300
ESCORTS_F1,20200609,11:07,976.75,978.00,976.75,977.75,12100,2984300
ESCORTS_F1,20200609,11:09,977.90,979.00,977.90,978.50,4400,2992000
ESCORTS_F1,20200609,11:10,978.40,978.85,978.40,978.85,2200,2992000
ESCORTS_F1,20200609,11:11,978.80,979.60,978.80,979.60,5500,2992000
ESCORTS_F1,20200609,11:12,978.90,978.95,976.85,976.95,24200,2998600
ESCORTS_F1,20200609,11:13,976.35,978.30,976.35,978.30,15400,2998600
ESCORTS_F1,20200609,11:14,979.00,979.00,979.00,979.00,1100,2998600
ESCORTS_F1,20200609,11:15,979.85,980.85,979.85,980.80,13200,2998600
ESCORTS_F1,20200609,11:16,980.00,981.25,980.00,980.50,13200,2994200
ESCORTS_F1,20200609,11:17,979.80,980.30,979.80,980.30,2200,2994200
ESCORTS_F1,20200609,11:18,978.70,978.70,978.45,978.45,5500,2995300
ESCORTS_F1,20200609,11:19,977.55,978.00,977.55,978.00,6600,2995300
ESCORTS_F1,20200609,11:20,978.05,978.50,978.05,978.50,2200,2995300
ESCORTS_F1,20200609,11:22,978.45,978.45,978.45,978.45,1100,2994200
ESCORTS_F1,20200609,11:23,979.20,979.20,978.35,978.50,4400,2994200
ESCORTS_F1,20200609,11:24,979.00,979.00,979.00,979.00,1100,2994200
ESCORTS_F1,20200609,11:25,979.00,979.00,978.60,978.60,29700,2995300
ESCORTS_F1,20200609,11:26,978.65,978.65,977.00,977.00,11000,2995300
ESCORTS_F1,20200609,11:27,977.45,977.45,976.50,977.45,6600,2995300
ESCORTS_F1,20200609,11:28,977.00,977.00,976.00,976.00,9900,2995300
ESCORTS_F1,20200609,11:29,976.05,976.05,974.25,975.70,29700,2995300
ESCORTS_F1,20200609,11:30,976.00,976.45,975.60,975.60,8800,2985400
ESCORTS_F1,20200609,11:31,975.35,976.00,975.35,975.40,7700,2985400
ESCORTS_F1,20200609,11:32,976.00,976.40,976.00,976.35,7700,2985400
ESCORTS_F1,20200609,11:33,976.90,977.00,976.45,977.00,11000,2999700
ESCORTS_F1,20200609,11:34,976.00,976.00,976.00,976.00,2200,2999700
ESCORTS_F1,20200609,11:35,976.20,976.60,975.35,975.35,7700,2999700
ESCORTS_F1,20200609,11:36,975.40,978.10,974.95,976.80,45100,3003000
ESCORTS_F1,20200609,11:37,975.45,978.00,975.45,976.25,22000,3003000
ESCORTS_F1,20200609,11:38,976.00,977.80,975.15,977.65,23100,3003000
ESCORTS_F1,20200609,11:39,977.50,977.80,976.50,977.00,15400,3005200
ESCORTS_F1,20200609,11:40,978.00,979.15,978.00,979.00,12100,3005200
ESCORTS_F1,20200609,11:41,979.70,980.80,979.10,980.15,24200,3005200
ESCORTS_F1,20200609,11:42,979.95,979.95,979.60,979.60,12100,3005200
ESCORTS_F1,20200609,11:43,980.00,980.75,980.00,980.50,9900,3010700
ESCORTS_F1,20200609,11:44,980.90,980.95,980.60,980.95,5500,3010700
ESCORTS_F1,20200609,11:45,981.00,981.95,981.00,981.95,9900,3022800
ESCORTS_F1,20200609,11:46,981.30,981.30,980.80,980.80,3300,3022800
ESCORTS_F1,20200609,11:47,980.95,981.00,978.90,979.10,31900,3022800
ESCORTS_F1,20200609,11:48,979.00,980.80,979.00,980.80,7700,3022800
ESCORTS_F1,20200609,11:49,980.90,981.00,980.00,980.00,6600,3036000
ESCORTS_F1,20200609,11:50,979.40,979.95,979.40,979.95,4400,3036000
ESCORTS_F1,20200609,11:51,980.00,980.90,980.00,980.90,2200,3036000
ESCORTS_F1,20200609,11:52,981.00,981.00,979.35,979.35,3300,3039300
ESCORTS_F1,20200609,11:53,980.00,980.00,979.90,979.90,3300,3039300
ESCORTS_F1,20200609,11:54,981.05,981.05,980.10,980.10,4400,3039300
ESCORTS_F1,20200609,11:55,980.20,980.25,980.00,980.20,7700,3047000
ESCORTS_F1,20200609,11:56,979.35,979.35,979.30,979.30,2200,3047000
ESCORTS_F1,20200609,11:57,980.35,980.45,979.60,979.60,5500,3047000
ESCORTS_F1,20200609,11:58,979.95,979.95,979.35,979.50,5500,3047000
ESCORTS_F1,20200609,11:59,979.10,979.10,979.10,979.10,1100,3047000
ESCORTS_F1,20200609,12:00,978.50,979.00,978.50,979.00,5500,3047000
ESCORTS_F1,20200609,12:01,979.15,980.05,979.15,980.05,3300,3047000
ESCORTS_F1,20200609,12:02,979.00,979.00,978.50,978.50,7700,3047000
ESCORTS_F1,20200609,12:03,978.05,978.05,978.05,978.05,3300,3047000
ESCORTS_F1,20200609,12:04,978.00,978.15,977.85,977.85,6600,3052500
ESCORTS_F1,20200609,12:05,977.65,977.85,977.00,977.00,9900,3052500
ESCORTS_F1,20200609,12:06,976.60,977.00,976.60,977.00,2200,3052500
ESCORTS_F1,20200609,12:07,977.00,977.95,977.00,977.95,4400,3056900
ESCORTS_F1,20200609,12:09,977.60,978.00,977.60,977.90,6600,3056900
ESCORTS_F1,20200609,12:10,976.95,976.95,976.65,976.65,2200,3056900
ESCORTS_F1,20200609,12:11,978.00,978.00,977.55,977.95,3300,3056900
ESCORTS_F1,20200609,12:12,976.90,976.90,976.00,976.00,7700,3056900
ESCORTS_F1,20200609,12:13,975.75,975.75,975.30,975.75,7700,3058000
ESCORTS_F1,20200609,12:14,975.80,976.50,975.80,976.10,5500,3058000
ESCORTS_F1,20200609,12:15,976.80,976.80,975.85,976.75,9900,3058000
ESCORTS_F1,20200609,12:16,976.20,976.20,974.00,974.05,22000,3052500
ESCORTS_F1,20200609,12:17,974.60,975.00,974.60,975.00,7700,3052500
ESCORTS_F1,20200609,12:18,974.65,974.75,973.65,973.75,19800,3052500
ESCORTS_F1,20200609,12:19,974.10,974.25,974.10,974.25,4400,3050300
ESCORTS_F1,20200609,12:20,974.80,975.45,974.80,975.45,5500,3050300
ESCORTS_F1,20200609,12:21,974.30,974.50,974.10,974.10,6600,3050300
ESCORTS_F1,20200609,12:23,975.30,975.30,975.30,975.30,2200,3053600
ESCORTS_F1,20200609,12:24,975.90,975.90,975.65,975.65,2200,3053600
ESCORTS_F1,20200609,12:25,975.00,975.00,975.00,975.00,1100,3052500
ESCORTS_F1,20200609,12:26,975.00,975.50,975.00,975.50,3300,3052500
ESCORTS_F1,20200609,12:27,975.50,976.00,975.50,976.00,2200,3052500
ESCORTS_F1,20200609,12:29,975.60,975.60,975.55,975.55,3300,3053600
ESCORTS_F1,20200609,12:30,975.00,975.10,974.15,975.10,3300,3053600
ESCORTS_F1,20200609,12:31,975.50,975.50,975.50,975.50,1100,3054700
ESCORTS_F1,20200609,12:32,976.10,976.95,976.10,976.95,4400,3054700
ESCORTS_F1,20200609,12:33,976.95,976.95,976.50,976.50,3300,3054700
ESCORTS_F1,20200609,12:34,976.60,976.60,976.50,976.50,7700,3051400
ESCORTS_F1,20200609,12:36,976.60,976.60,976.60,976.60,1100,3051400
ESCORTS_F1,20200609,12:37,976.60,976.70,976.60,976.70,2200,3049200
ESCORTS_F1,20200609,12:38,976.50,976.80,976.50,976.80,2200,3049200
ESCORTS_F1,20200609,12:39,976.60,976.60,976.60,976.60,1100,3049200
ESCORTS_F1,20200609,12:40,976.60,976.60,975.40,975.40,6600,3048100
ESCORTS_F1,20200609,12:41,976.20,976.20,976.20,976.20,1100,3048100
ESCORTS_F1,20200609,12:42,976.00,976.00,974.20,974.20,5500,3048100
ESCORTS_F1,20200609,12:43,974.30,975.00,974.30,975.00,6600,3048100
ESCORTS_F1,20200609,12:44,976.15,976.15,976.15,976.15,1100,3048100
ESCORTS_F1,20200609,12:46,974.25,975.15,974.25,975.15,3300,3048100
ESCORTS_F1,20200609,12:47,975.65,975.80,975.40,975.40,6600,3048100
ESCORTS_F1,20200609,12:48,975.15,975.15,974.00,974.10,11000,3048100
ESCORTS_F1,20200609,12:49,974.25,975.20,974.25,975.20,4400,3050300
ESCORTS_F1,20200609,12:50,975.20,975.20,975.20,975.20,2200,3050300
ESCORTS_F1,20200609,12:51,975.90,976.40,975.90,976.40,3300,3050300
ESCORTS_F1,20200609,12:52,976.10,976.40,976.10,976.40,2200,3048100
ESCORTS_F1,20200609,12:53,975.00,975.00,975.00,975.00,1100,3048100
ESCORTS_F1,20200609,12:54,974.55,974.55,973.25,973.25,9900,3048100
ESCORTS_F1,20200609,12:55,974.00,974.35,972.55,973.00,18700,3051400
ESCORTS_F1,20200609,12:56,972.50,973.35,972.50,972.85,8800,3051400
ESCORTS_F1,20200609,12:57,973.00,973.00,971.00,971.55,38500,3051400
ESCORTS_F1,20200609,12:58,972.15,972.60,971.60,972.35,11000,3030500
ESCORTS_F1,20200609,12:59,972.45,972.70,972.45,972.70,3300,3030500
ESCORTS_F1,20200609,13:00,971.85,971.95,971.10,971.25,11000,3030500
ESCORTS_F1,20200609,13:01,970.50,971.95,970.50,971.95,13200,3026100
ESCORTS_F1,20200609,13:02,971.75,972.75,971.75,972.75,5500,3026100
ESCORTS_F1,20200609,13:03,973.20,973.95,972.90,973.95,7700,3026100
ESCORTS_F1,20200609,13:04,973.85,973.85,973.00,973.00,4400,3026100
ESCORTS_F1,20200609,13:05,973.00,974.10,973.00,973.00,17600,3026100
ESCORTS_F1,20200609,13:07,972.60,972.60,972.00,972.00,7700,3027200
ESCORTS_F1,20200609,13:08,972.30,972.30,971.75,971.75,4400,3027200
ESCORTS_F1,20200609,13:09,971.55,972.00,971.55,972.00,2200,3027200
ESCORTS_F1,20200609,13:10,971.15,971.50,970.50,971.50,14300,3023900
ESCORTS_F1,20200609,13:11,970.85,970.85,969.00,970.00,24200,3023900
ESCORTS_F1,20200609,13:12,969.60,969.60,968.85,969.50,11000,3023900
ESCORTS_F1,20200609,13:13,969.45,969.50,969.15,969.50,8800,3008500
ESCORTS_F1,20200609,13:14,969.75,969.75,967.90,968.15,27500,3008500
ESCORTS_F1,20200609,13:15,968.75,969.45,968.75,969.00,8800,3008500
ESCORTS_F1,20200609,13:16,969.30,969.60,969.30,969.60,11000,2988700
ESCORTS_F1,20200609,13:17,969.35,969.35,967.25,967.80,14300,2988700
ESCORTS_F1,20200609,13:18,967.15,967.55,967.15,967.50,8800,2988700
ESCORTS_F1,20200609,13:19,967.20,967.95,966.35,966.65,15400,2973300
ESCORTS_F1,20200609,13:20,967.00,968.00,967.00,968.00,8800,2973300
ESCORTS_F1,20200609,13:21,968.00,969.85,967.90,968.90,18700,2973300
ESCORTS_F1,20200609,13:22,969.75,969.75,967.90,968.05,7700,2970000
ESCORTS_F1,20200609,13:23,968.15,970.90,968.15,970.00,20900,2970000
ESCORTS_F1,20200609,13:24,969.80,969.80,969.80,969.80,1100,2970000
ESCORTS_F1,20200609,13:25,969.80,971.50,969.80,970.85,8800,2977700
ESCORTS_F1,20200609,13:26,971.55,971.55,970.80,970.80,2200,2977700
ESCORTS_F1,20200609,13:27,971.55,971.85,970.80,971.30,7700,2977700
ESCORTS_F1,20200609,13:28,971.15,971.15,969.45,969.45,5500,2972200
ESCORTS_F1,20200609,13:29,969.95,969.95,968.70,968.70,4400,2972200
ESCORTS_F1,20200609,13:30,969.30,970.65,968.60,970.65,6600,2972200
ESCORTS_F1,20200609,13:31,969.20,969.20,969.20,969.20,1100,2976600
ESCORTS_F1,20200609,13:32,970.00,971.35,970.00,971.35,3300,2976600
ESCORTS_F1,20200609,13:33,970.80,971.35,970.80,971.35,2200,2976600
ESCORTS_F1,20200609,13:34,971.50,972.20,971.50,972.20,4400,2978800
ESCORTS_F1,20200609,13:35,972.45,972.45,972.45,972.45,2200,2978800
ESCORTS_F1,20200609,13:36,972.25,972.25,971.50,972.00,6600,2978800
ESCORTS_F1,20200609,13:37,972.00,972.00,970.00,970.00,11000,2983200
ESCORTS_F1,20200609,13:38,968.85,970.00,968.85,969.00,6600,2983200
ESCORTS_F1,20200609,13:39,969.20,969.20,969.20,969.20,1100,2983200
ESCORTS_F1,20200609,13:40,969.65,969.65,968.50,968.50,3300,2986500
ESCORTS_F1,20200609,13:41,968.05,968.50,967.95,968.50,5500,2986500
ESCORTS_F1,20200609,13:42,969.00,969.00,968.60,968.60,2200,2986500
ESCORTS_F1,20200609,13:43,968.70,968.70,968.70,968.70,2200,2986500
ESCORTS_F1,20200609,13:44,969.50,969.50,969.50,969.50,1100,2985400
ESCORTS_F1,20200609,13:46,970.00,971.00,970.00,971.00,11000,2982100
ESCORTS_F1,20200609,13:47,970.40,970.70,970.00,970.00,7700,2982100
ESCORTS_F1,20200609,13:48,968.10,969.00,968.05,968.05,4400,2982100
ESCORTS_F1,20200609,13:49,968.05,968.05,967.05,968.00,6600,2979900
ESCORTS_F1,20200609,13:50,968.50,969.00,968.50,968.50,4400,2979900
ESCORTS_F1,20200609,13:51,968.00,968.00,967.00,967.00,4400,2979900
ESCORTS_F1,20200609,13:52,967.30,968.85,967.30,967.95,5500,2977700
ESCORTS_F1,20200609,13:53,967.85,968.00,967.85,968.00,3300,2977700
ESCORTS_F1,20200609,13:54,968.00,968.20,968.00,968.20,2200,2977700
ESCORTS_F1,20200609,13:56,967.30,967.30,966.00,966.00,12100,2979900
ESCORTS_F1,20200609,13:57,966.00,966.00,963.95,964.65,40700,2979900
ESCORTS_F1,20200609,13:58,964.25,965.45,964.15,965.00,12100,2974400
ESCORTS_F1,20200609,13:59,965.00,965.00,964.85,964.85,4400,2974400
ESCORTS_F1,20200609,14:00,964.95,964.95,963.70,964.00,8800,2974400
ESCORTS_F1,20200609,14:01,964.10,965.45,963.80,965.45,13200,2966700
ESCORTS_F1,20200609,14:02,966.00,966.50,964.80,964.80,9900,2966700
ESCORTS_F1,20200609,14:03,964.55,965.85,964.55,965.50,6600,2966700
ESCORTS_F1,20200609,14:04,964.20,965.00,963.55,964.15,23100,2967800
ESCORTS_F1,20200609,14:05,964.00,965.30,963.50,965.30,6600,2967800
ESCORTS_F1,20200609,14:06,965.95,965.95,964.60,964.60,6600,2967800
ESCORTS_F1,20200609,14:07,963.50,964.30,963.20,964.30,11000,2963400
ESCORTS_F1,20200609,14:08,963.00,963.55,963.00,963.55,13200,2963400
ESCORTS_F1,20200609,14:09,964.40,964.40,962.00,962.00,26400,2963400
ESCORTS_F1,20200609,14:10,962.00,962.00,961.70,962.00,4400,2943600
ESCORTS_F1,20200609,14:11,961.90,963.20,961.50,962.10,29700,2943600
ESCORTS_F1,20200609,14:12,961.60,962.30,961.40,962.30,6600,2943600
ESCORTS_F1,20200609,14:13,961.05,962.15,960.90,962.15,51700,2934800
ESCORTS_F1,20200609,14:14,961.75,961.75,961.20,961.20,4400,2934800
ESCORTS_F1,20200609,14:15,961.25,962.00,960.60,960.60,11000,2934800
ESCORTS_F1,20200609,14:16,959.25,960.80,958.30,959.90,45100,2929300
ESCORTS_F1,20200609,14:17,960.85,961.35,959.75,960.75,22000,2929300
ESCORTS_F1,20200609,14:18,960.45,961.95,960.20,961.95,12100,2929300
ESCORTS_F1,20200609,14:19,961.60,964.20,961.60,964.20,12100,2926000
ESCORTS_F1,20200609,14:20,964.85,964.85,963.00,963.00,12100,2926000
ESCORTS_F1,20200609,14:21,962.00,963.00,962.00,963.00,6600,2926000
ESCORTS_F1,20200609,14:22,963.75,964.00,963.75,964.00,2200,2926000
ESCORTS_F1,20200609,14:23,964.45,965.10,964.45,964.75,11000,2928200
ESCORTS_F1,20200609,14:24,964.05,964.05,963.00,963.00,6600,2928200
ESCORTS_F1,20200609,14:25,962.00,962.80,962.00,962.00,3300,2921600
ESCORTS_F1,20200609,14:26,962.40,962.40,961.30,961.30,3300,2921600
ESCORTS_F1,20200609,14:27,962.00,962.00,960.80,960.80,5500,2921600
ESCORTS_F1,20200609,14:28,961.50,961.50,960.80,960.80,5500,2915000
ESCORTS_F1,20200609,14:29,960.10,960.75,959.00,959.15,11000,2915000
ESCORTS_F1,20200609,14:30,959.70,959.70,959.60,959.60,4400,2915000
ESCORTS_F1,20200609,14:31,958.80,960.05,958.80,960.05,7700,2915000
ESCORTS_F1,20200609,14:32,959.60,959.60,959.60,959.60,1100,2915000
ESCORTS_F1,20200609,14:33,960.00,962.40,960.00,962.40,11000,2915000
ESCORTS_F1,20200609,14:34,961.35,961.35,960.00,960.00,7700,2919400
ESCORTS_F1,20200609,14:35,960.60,960.60,959.00,959.30,12100,2919400
ESCORTS_F1,20200609,14:36,959.40,959.40,958.65,958.80,5500,2919400
ESCORTS_F1,20200609,14:37,959.90,961.55,959.20,959.20,11000,2921600
ESCORTS_F1,20200609,14:38,959.05,959.20,957.60,958.10,24200,2921600
ESCORTS_F1,20200609,14:39,958.10,958.10,955.20,955.20,35200,2921600
ESCORTS_F1,20200609,14:40,955.25,956.80,955.00,955.55,34100,2919400
ESCORTS_F1,20200609,14:41,955.70,955.70,954.95,955.00,20900,2919400
ESCORTS_F1,20200609,14:42,954.95,955.70,954.00,955.00,23100,2919400
ESCORTS_F1,20200609,14:43,954.15,957.00,954.15,956.95,13200,2922700
ESCORTS_F1,20200609,14:44,957.85,957.85,956.30,956.30,9900,2922700
ESCORTS_F1,20200609,14:45,956.60,957.50,956.60,957.25,18700,2922700
ESCORTS_F1,20200609,14:46,956.30,956.45,955.75,956.00,8800,2916100
ESCORTS_F1,20200609,14:47,956.95,959.45,955.60,955.60,66000,2916100
ESCORTS_F1,20200609,14:48,956.55,956.55,952.35,953.05,61600,2916100
ESCORTS_F1,20200609,14:49,953.30,958.75,952.30,958.75,117700,2902900
ESCORTS_F1,20200609,14:50,958.60,958.80,955.00,955.00,116600,2902900
ESCORTS_F1,20200609,14:51,955.35,956.25,954.50,955.55,52800,2902900
ESCORTS_F1,20200609,14:52,955.55,955.55,952.60,955.00,81400,2921600
ESCORTS_F1,20200609,14:53,955.05,956.25,955.00,956.25,23100,2921600
ESCORTS_F1,20200609,14:54,955.70,958.70,955.70,957.65,14300,2921600
ESCORTS_F1,20200609,14:55,958.00,958.00,956.60,956.60,8800,2887500
ESCORTS_F1,20200609,14:56,957.35,957.45,956.55,957.45,5500,2887500
ESCORTS_F1,20200609,14:57,957.50,957.50,956.10,956.10,7700,2887500
ESCORTS_F1,20200609,14:58,957.70,958.40,957.20,957.20,8800,2878700
ESCORTS_F1,20200609,14:59,957.05,957.95,955.80,956.20,12100,2878700
ESCORTS_F1,20200609,15:00,957.00,958.35,956.60,958.35,13200,2878700
ESCORTS_F1,20200609,15:01,959.00,959.00,955.40,955.85,57200,2873200
ESCORTS_F1,20200609,15:02,955.65,955.65,950.10,950.55,107800,2873200
ESCORTS_F1,20200609,15:03,948.85,950.05,945.10,947.05,196900,2873200
ESCORTS_F1,20200609,15:04,946.85,947.50,939.55,940.35,204600,2927100
ESCORTS_F1,20200609,15:05,939.30,943.85,939.25,943.75,209000,2927100
ESCORTS_F1,20200609,15:06,943.00,943.30,939.00,941.80,128700,2927100
ESCORTS_F1,20200609,15:07,941.25,943.95,941.25,943.00,55000,2989800
ESCORTS_F1,20200609,15:08,944.00,945.15,942.35,944.00,57200,2989800
ESCORTS_F1,20200609,15:09,943.75,945.35,943.05,945.15,33000,2989800
ESCORTS_F1,20200609,15:10,943.85,944.95,943.45,944.00,24200,3012900
ESCORTS_F1,20200609,15:11,944.00,945.80,943.70,944.60,36300,3012900
ESCORTS_F1,20200609,15:12,945.35,945.35,942.15,942.65,31900,3012900
ESCORTS_F1,20200609,15:13,943.65,945.30,943.40,945.30,42900,3019500
ESCORTS_F1,20200609,15:14,945.40,945.40,942.85,943.00,38500,3019500
ESCORTS_F1,20200609,15:15,942.85,943.05,941.75,942.70,25300,3019500
ESCORTS_F1,20200609,15:16,943.15,945.30,943.15,944.10,40700,3042600
ESCORTS_F1,20200609,15:17,944.60,945.50,943.60,943.85,30800,3042600
ESCORTS_F1,20200609,15:18,944.00,945.20,943.90,944.40,30800,3042600
ESCORTS_F1,20200609,15:19,944.40,944.50,943.45,944.00,25300,3058000
ESCORTS_F1,20200609,15:20,944.10,945.30,944.00,945.00,23100,3058000
ESCORTS_F1,20200609,15:21,944.90,945.50,944.60,944.95,28600,3058000
ESCORTS_F1,20200609,15:22,945.30,946.30,944.05,944.05,58300,3061300
ESCORTS_F1,20200609,15:23,944.50,945.80,944.50,945.80,29700,3061300
ESCORTS_F1,20200609,15:24,945.30,945.90,944.75,945.50,27500,3061300
ESCORTS_F1,20200609,15:25,945.20,945.75,945.20,945.65,15400,3066800
ESCORTS_F1,20200609,15:26,945.90,945.90,943.50,943.50,52800,3066800
ESCORTS_F1,20200609,15:27,944.05,944.65,942.40,942.75,71500,3066800
ESCORTS_F1,20200609,15:28,942.20,943.00,940.55,940.55,40700,3049200
ESCORTS_F1,20200609,15:29,940.75,942.50,940.70,942.40,23100,3049200
ESCORTS_F1,20200609,15:30,942.00,942.50,941.10,941.10,47300,3049200
ESCORTS_F1,20200609,18:27,944.80,944.80,944.80,944.80,1,2978800
