HDFCBANK,20210917,09:08,1569.00,1569.00,1569.00,1569.00,32128,0
HDFCBANK,20210917,09:16,1565.00,1570.90,1565.00,1569.15,144507,0
HDFCBANK,20210917,09:17,1569.15,1569.60,1567.95,1569.30,65734,0
HDFCBANK,20210917,09:18,1569.45,1573.20,1569.45,1572.95,73294,0
HDFCBANK,20210917,09:19,1572.90,1572.90,1568.55,1570.35,79307,0
HDFCBANK,20210917,09:20,1570.50,1570.50,1567.50,1569.25,41339,0
HDFCBANK,20210917,09:21,1568.05,1569.25,1567.40,1567.90,19242,0
HDFCBANK,20210917,09:22,1567.85,1571.00,1567.55,1570.90,27605,0
HDFCBANK,20210917,09:23,1570.90,1571.00,1569.50,1570.35,25033,0
HDFCBANK,20210917,09:24,1570.95,1572.45,1570.70,1572.35,34018,0
HDFCBANK,20210917,09:25,1572.35,1573.40,1571.25,1573.00,19251,0
HDFCBANK,20210917,09:26,1573.00,1573.40,1571.05,1571.85,19190,0
HDFCBANK,20210917,09:27,1571.80,1571.85,1569.00,1569.00,16763,0
HDFCBANK,20210917,09:28,1569.00,1570.55,1569.00,1570.05,17825,0
HDFCBANK,20210917,09:29,1570.05,1570.70,1569.50,1570.10,11289,0
HDFCBANK,20210917,09:30,1570.10,1571.00,1569.90,1571.00,12335,0
HDFCBANK,20210917,09:31,1571.00,1572.00,1570.60,1571.35,11810,0
HDFCBANK,20210917,09:32,1571.35,1571.90,1570.80,1571.30,10269,0
HDFCBANK,20210917,09:33,1571.40,1571.60,1570.00,1571.55,22489,0
HDFCBANK,20210917,09:34,1571.85,1572.90,1571.85,1572.80,21858,0
HDFCBANK,20210917,09:35,1572.80,1572.90,1571.20,1571.50,10880,0
HDFCBANK,20210917,09:36,1571.50,1572.45,1571.25,1571.75,12057,0
HDFCBANK,20210917,09:37,1571.30,1573.00,1571.30,1572.35,12678,0
HDFCBANK,20210917,09:38,1572.95,1572.95,1571.30,1571.95,7816,0
HDFCBANK,20210917,09:39,1571.80,1572.25,1571.00,1571.30,11110,0
HDFCBANK,20210917,09:40,1571.30,1571.85,1571.00,1571.60,14590,0
HDFCBANK,20210917,09:41,1571.75,1571.80,1570.90,1571.30,16007,0
HDFCBANK,20210917,09:42,1571.30,1572.00,1570.75,1571.95,39393,0
HDFCBANK,20210917,09:43,1571.50,1575.00,1571.50,1575.00,43645,0
HDFCBANK,20210917,09:44,1574.95,1576.00,1574.90,1575.50,50236,0
HDFCBANK,20210917,09:45,1575.45,1575.50,1574.50,1575.45,16312,0
HDFCBANK,20210917,09:46,1575.50,1575.50,1574.00,1574.20,17044,0
HDFCBANK,20210917,09:47,1574.20,1574.75,1573.55,1573.85,12528,0
HDFCBANK,20210917,09:48,1573.50,1574.50,1573.50,1574.20,15490,0
HDFCBANK,20210917,09:49,1574.05,1574.40,1573.05,1573.35,10054,0
HDFCBANK,20210917,09:50,1573.45,1573.75,1572.50,1572.75,22080,0
HDFCBANK,20210917,09:51,1572.70,1572.80,1571.50,1571.55,10119,0
HDFCBANK,20210917,09:52,1571.85,1573.00,1571.55,1572.30,9576,0
HDFCBANK,20210917,09:53,1572.50,1574.30,1572.20,1572.95,8738,0
HDFCBANK,20210917,09:54,1573.00,1573.65,1572.70,1573.65,4136,0
HDFCBANK,20210917,09:55,1573.25,1574.00,1572.85,1573.15,6686,0
HDFCBANK,20210917,09:56,1573.00,1573.15,1572.00,1572.00,4442,0
HDFCBANK,20210917,09:57,1572.55,1572.55,1571.00,1571.70,8526,0
HDFCBANK,20210917,09:58,1571.70,1573.05,1571.70,1573.05,4739,0
HDFCBANK,20210917,09:59,1573.10,1573.15,1571.45,1571.55,10028,0
HDFCBANK,20210917,10:00,1571.95,1572.90,1571.60,1572.60,3224,0
HDFCBANK,20210917,10:01,1572.75,1573.00,1572.50,1573.00,5675,0
HDFCBANK,20210917,10:02,1572.95,1573.70,1572.50,1572.55,7699,0
HDFCBANK,20210917,10:03,1572.50,1572.55,1571.80,1572.30,7017,0
HDFCBANK,20210917,10:04,1572.10,1573.00,1572.00,1572.80,5716,0
HDFCBANK,20210917,10:05,1572.65,1573.25,1572.15,1572.80,3718,0
HDFCBANK,20210917,10:06,1572.80,1573.35,1571.55,1573.15,5162,0
HDFCBANK,20210917,10:07,1573.05,1573.75,1573.05,1573.50,3968,0
HDFCBANK,20210917,10:08,1573.50,1574.05,1572.85,1573.50,6903,0
HDFCBANK,20210917,10:09,1573.65,1573.75,1573.00,1573.75,4277,0
HDFCBANK,20210917,10:10,1573.50,1574.65,1572.90,1573.65,8936,0
HDFCBANK,20210917,10:11,1573.05,1574.05,1572.60,1572.90,10401,0
HDFCBANK,20210917,10:12,1572.90,1573.00,1572.15,1572.85,9662,0
HDFCBANK,20210917,10:13,1573.20,1574.30,1573.20,1574.20,5769,0
HDFCBANK,20210917,10:14,1574.30,1575.00,1574.15,1575.00,8485,0
HDFCBANK,20210917,10:15,1574.85,1575.00,1574.00,1574.00,6856,0
HDFCBANK,20210917,10:16,1574.25,1574.75,1573.80,1574.25,9748,0
HDFCBANK,20210917,10:17,1574.25,1574.75,1573.60,1574.75,6116,0
HDFCBANK,20210917,10:18,1574.75,1574.80,1574.00,1574.50,6765,0
HDFCBANK,20210917,10:19,1574.50,1577.00,1574.35,1576.75,46471,0
HDFCBANK,20210917,10:20,1576.70,1577.90,1576.00,1576.90,22496,0
HDFCBANK,20210917,10:21,1576.95,1577.40,1576.30,1576.50,16507,0
HDFCBANK,20210917,10:22,1576.90,1576.95,1576.05,1576.85,7756,0
HDFCBANK,20210917,10:23,1576.75,1577.00,1576.00,1576.90,12176,0
HDFCBANK,20210917,10:24,1576.85,1577.45,1576.85,1577.30,6412,0
HDFCBANK,20210917,10:25,1577.40,1577.40,1576.55,1576.55,7366,0
HDFCBANK,20210917,10:26,1576.60,1577.00,1575.50,1575.55,12257,0
HDFCBANK,20210917,10:27,1575.70,1576.00,1575.15,1575.15,8080,0
HDFCBANK,20210917,10:28,1575.70,1575.70,1573.80,1574.00,21503,0
HDFCBANK,20210917,10:29,1574.00,1574.20,1573.90,1573.90,8868,0
HDFCBANK,20210917,10:30,1573.90,1574.35,1573.90,1574.05,16309,0
HDFCBANK,20210917,10:31,1574.10,1576.50,1574.10,1576.50,7292,0
HDFCBANK,20210917,10:32,1576.00,1576.95,1576.00,1576.95,6037,0
HDFCBANK,20210917,10:33,1576.95,1577.00,1576.30,1576.50,5304,0
HDFCBANK,20210917,10:34,1576.50,1577.00,1576.40,1577.00,9611,0
HDFCBANK,20210917,10:35,1576.95,1577.50,1576.95,1577.30,11221,0
HDFCBANK,20210917,10:36,1577.45,1577.50,1576.50,1577.15,6904,0
HDFCBANK,20210917,10:37,1577.15,1577.20,1575.60,1576.10,26402,0
HDFCBANK,20210917,10:38,1576.20,1576.45,1575.50,1576.25,26531,0
HDFCBANK,20210917,10:39,1576.75,1576.90,1576.25,1576.75,8961,0
HDFCBANK,20210917,10:40,1576.75,1576.95,1576.55,1576.85,2798,0
HDFCBANK,20210917,10:41,1576.90,1576.90,1576.00,1576.35,4976,0
HDFCBANK,20210917,10:42,1576.40,1576.80,1576.30,1576.70,4253,0
HDFCBANK,20210917,10:43,1576.50,1576.70,1576.15,1576.70,4239,0
HDFCBANK,20210917,10:44,1576.60,1578.60,1576.60,1578.00,25567,0
HDFCBANK,20210917,10:45,1578.00,1578.80,1577.65,1578.50,8464,0
HDFCBANK,20210917,10:46,1578.50,1578.50,1576.60,1577.00,18513,0
HDFCBANK,20210917,10:47,1577.10,1578.30,1576.95,1578.00,34440,0
HDFCBANK,20210917,10:48,1578.20,1578.55,1578.00,1578.50,7194,0
HDFCBANK,20210917,10:49,1578.35,1579.90,1578.35,1579.50,34139,0
HDFCBANK,20210917,10:50,1579.90,1581.50,1579.50,1580.70,65797,0
HDFCBANK,20210917,10:51,1580.70,1581.30,1580.25,1580.55,29803,0
HDFCBANK,20210917,10:52,1580.55,1582.70,1579.15,1582.50,65974,0
HDFCBANK,20210917,10:53,1582.70,1582.75,1581.75,1582.65,19143,0
HDFCBANK,20210917,10:54,1582.70,1583.00,1581.80,1583.00,27143,0
HDFCBANK,20210917,10:55,1582.90,1583.95,1582.75,1583.90,23733,0
HDFCBANK,20210917,10:56,1583.50,1583.90,1582.65,1583.00,10690,0
HDFCBANK,20210917,10:57,1582.65,1583.00,1581.70,1582.10,30749,0
HDFCBANK,20210917,10:58,1581.90,1582.25,1580.20,1580.55,16421,0
HDFCBANK,20210917,10:59,1580.60,1580.80,1579.05,1579.05,28157,0
HDFCBANK,20210917,11:00,1579.20,1580.00,1578.45,1578.50,10974,0
HDFCBANK,20210917,11:01,1578.90,1579.45,1578.70,1579.25,5620,0
HDFCBANK,20210917,11:02,1579.25,1580.00,1579.15,1580.00,10458,0
HDFCBANK,20210917,11:03,1580.05,1580.05,1578.70,1579.05,9981,0
HDFCBANK,20210917,11:04,1579.05,1579.95,1578.00,1578.00,11506,0
HDFCBANK,20210917,11:05,1578.15,1578.75,1577.35,1577.40,14534,0
HDFCBANK,20210917,11:06,1577.05,1577.55,1576.10,1576.70,13101,0
HDFCBANK,20210917,11:07,1576.70,1577.00,1575.35,1576.10,9003,0
HDFCBANK,20210917,11:08,1576.30,1576.50,1574.90,1575.45,20591,0
HDFCBANK,20210917,11:09,1574.80,1575.35,1573.00,1575.00,25247,0
HDFCBANK,20210917,11:10,1574.90,1577.55,1574.55,1575.30,20913,0
HDFCBANK,20210917,11:11,1575.30,1576.75,1575.05,1575.25,12959,0
HDFCBANK,20210917,11:12,1575.10,1576.20,1574.25,1575.55,20105,0
HDFCBANK,20210917,11:13,1575.70,1576.40,1574.50,1575.25,6256,0
HDFCBANK,20210917,11:14,1574.50,1575.65,1574.50,1575.45,11198,0
HDFCBANK,20210917,11:15,1575.45,1576.95,1575.35,1575.70,5791,0
HDFCBANK,20210917,11:16,1576.20,1576.20,1575.00,1575.50,4007,0
HDFCBANK,20210917,11:17,1575.75,1576.00,1574.70,1574.85,5762,0
HDFCBANK,20210917,11:18,1575.50,1575.50,1573.05,1573.55,15475,0
HDFCBANK,20210917,11:19,1573.50,1574.55,1573.15,1574.00,8311,0
HDFCBANK,20210917,11:20,1574.05,1574.05,1571.15,1573.15,42961,0
HDFCBANK,20210917,11:21,1573.10,1573.10,1571.60,1573.00,11334,0
HDFCBANK,20210917,11:22,1573.00,1574.40,1572.15,1574.40,5904,0
HDFCBANK,20210917,11:23,1574.40,1575.70,1573.70,1575.65,9337,0
HDFCBANK,20210917,11:24,1575.15,1575.65,1574.50,1574.95,8199,0
HDFCBANK,20210917,11:25,1574.95,1575.00,1573.00,1573.00,7697,0
HDFCBANK,20210917,11:26,1573.10,1573.70,1572.00,1572.60,14500,0
HDFCBANK,20210917,11:27,1572.55,1573.50,1572.00,1573.00,10687,0
HDFCBANK,20210917,11:28,1573.00,1573.00,1571.15,1571.30,29221,0
HDFCBANK,20210917,11:29,1571.20,1571.60,1570.70,1571.20,13078,0
HDFCBANK,20210917,11:30,1571.00,1571.15,1569.65,1569.65,42842,0
HDFCBANK,20210917,11:31,1569.85,1571.15,1568.95,1570.60,29694,0
HDFCBANK,20210917,11:32,1571.10,1572.20,1569.95,1571.10,33347,0
HDFCBANK,20210917,11:33,1571.90,1573.95,1571.75,1573.20,34782,0
HDFCBANK,20210917,11:34,1573.00,1573.00,1569.80,1569.80,21853,0
HDFCBANK,20210917,11:35,1569.85,1572.00,1569.45,1570.05,39563,0
HDFCBANK,20210917,11:36,1570.15,1572.85,1570.15,1572.25,23016,0
HDFCBANK,20210917,11:37,1572.25,1572.40,1571.30,1572.40,13649,0
HDFCBANK,20210917,11:38,1572.40,1572.50,1571.70,1572.00,10962,0
HDFCBANK,20210917,11:39,1572.00,1572.85,1571.75,1572.30,9817,0
HDFCBANK,20210917,11:40,1571.70,1571.75,1570.00,1570.60,140776,0
HDFCBANK,20210917,11:41,1570.60,1571.00,1568.00,1568.95,85243,0
HDFCBANK,20210917,11:42,1569.05,1571.05,1568.25,1570.95,23805,0
HDFCBANK,20210917,11:43,1570.95,1571.00,1568.50,1570.00,14577,0
HDFCBANK,20210917,11:44,1570.00,1570.80,1568.15,1570.35,13706,0
HDFCBANK,20210917,11:45,1570.35,1570.35,1568.25,1569.15,9011,0
HDFCBANK,20210917,11:46,1569.45,1570.40,1567.35,1569.60,11885,0
HDFCBANK,20210917,11:47,1569.60,1571.85,1569.05,1571.60,7160,0
HDFCBANK,20210917,11:48,1572.25,1575.00,1571.80,1574.80,16592,0
HDFCBANK,20210917,11:49,1574.15,1575.00,1573.55,1574.80,7683,0
HDFCBANK,20210917,11:50,1574.30,1575.00,1573.55,1574.35,20280,0
HDFCBANK,20210917,11:51,1574.50,1577.30,1574.35,1576.80,21704,0
HDFCBANK,20210917,11:52,1576.50,1577.00,1575.50,1576.90,15053,0
HDFCBANK,20210917,11:53,1576.90,1577.80,1576.00,1577.70,31108,0
HDFCBANK,20210917,11:54,1576.85,1577.80,1575.35,1575.55,9922,0
HDFCBANK,20210917,11:55,1575.55,1575.60,1573.00,1573.95,9421,0
HDFCBANK,20210917,11:56,1573.45,1574.65,1572.65,1573.95,8514,0
HDFCBANK,20210917,11:57,1573.95,1573.95,1572.30,1572.60,3530,0
HDFCBANK,20210917,11:58,1572.60,1573.00,1571.40,1572.50,7393,0
HDFCBANK,20210917,11:59,1572.50,1573.00,1571.55,1571.75,4674,0
HDFCBANK,20210917,12:00,1572.20,1573.00,1571.75,1572.50,6391,0
HDFCBANK,20210917,12:01,1572.30,1572.30,1570.00,1571.15,7571,0
HDFCBANK,20210917,12:02,1570.75,1572.55,1570.30,1571.10,12965,0
HDFCBANK,20210917,12:03,1571.00,1571.00,1570.00,1570.80,4290,0
HDFCBANK,20210917,12:04,1570.80,1570.80,1569.25,1569.55,4436,0
HDFCBANK,20210917,12:05,1569.65,1569.65,1567.00,1568.95,18034,0
HDFCBANK,20210917,12:06,1568.70,1569.75,1568.00,1568.95,13163,0
HDFCBANK,20210917,12:07,1568.95,1569.15,1568.05,1568.20,26899,0
HDFCBANK,20210917,12:08,1568.90,1568.90,1566.50,1566.50,19414,0
HDFCBANK,20210917,12:09,1566.55,1567.30,1564.00,1567.25,33327,0
HDFCBANK,20210917,12:10,1567.70,1568.65,1566.60,1567.75,12062,0
HDFCBANK,20210917,12:11,1567.70,1570.00,1566.65,1569.10,30293,0
HDFCBANK,20210917,12:12,1569.10,1569.10,1566.15,1566.15,12943,0
HDFCBANK,20210917,12:13,1566.15,1567.50,1565.85,1566.45,8450,0
HDFCBANK,20210917,12:14,1566.65,1567.40,1566.30,1566.55,6806,0
HDFCBANK,20210917,12:15,1566.50,1567.20,1566.45,1567.00,5860,0
HDFCBANK,20210917,12:16,1567.10,1567.10,1565.45,1565.55,6036,0
HDFCBANK,20210917,12:17,1565.25,1567.25,1565.00,1567.00,11653,0
HDFCBANK,20210917,12:18,1567.25,1568.70,1566.50,1566.70,10122,0
HDFCBANK,20210917,12:19,1566.20,1567.00,1565.25,1566.35,7532,0
HDFCBANK,20210917,12:20,1566.35,1567.50,1565.80,1567.50,9266,0
HDFCBANK,20210917,12:21,1567.50,1567.50,1566.00,1566.20,7154,0
HDFCBANK,20210917,12:22,1566.25,1567.95,1566.20,1567.25,6646,0
HDFCBANK,20210917,12:23,1567.45,1568.00,1567.25,1567.60,4695,0
HDFCBANK,20210917,12:24,1567.70,1568.75,1566.15,1566.40,16017,0
HDFCBANK,20210917,12:25,1566.55,1566.95,1566.10,1566.75,4316,0
HDFCBANK,20210917,12:26,1566.75,1566.75,1565.10,1565.65,5585,0
HDFCBANK,20210917,12:27,1565.65,1568.50,1565.65,1567.90,7956,0
HDFCBANK,20210917,12:28,1568.00,1568.80,1567.30,1567.55,15555,0
HDFCBANK,20210917,12:29,1568.00,1568.10,1567.25,1567.60,22625,0
HDFCBANK,20210917,12:30,1567.55,1569.00,1567.55,1567.90,10104,0
HDFCBANK,20210917,12:31,1567.90,1568.75,1566.60,1566.60,11070,0
HDFCBANK,20210917,12:32,1566.50,1566.65,1565.00,1566.35,9383,0
HDFCBANK,20210917,12:33,1566.05,1567.00,1565.05,1566.10,10336,0
HDFCBANK,20210917,12:34,1566.05,1566.90,1565.85,1565.85,8774,0
HDFCBANK,20210917,12:35,1565.85,1566.70,1565.55,1565.85,13975,0
HDFCBANK,20210917,12:36,1566.00,1566.00,1565.30,1565.75,8205,0
HDFCBANK,20210917,12:37,1565.75,1565.75,1565.15,1565.20,6655,0
HDFCBANK,20210917,12:38,1565.15,1565.20,1563.65,1564.10,22882,0
HDFCBANK,20210917,12:39,1563.80,1564.10,1562.05,1562.50,12061,0
HDFCBANK,20210917,12:40,1562.50,1563.25,1561.55,1562.55,10236,0
HDFCBANK,20210917,12:41,1562.60,1562.70,1561.05,1561.25,8532,0
HDFCBANK,20210917,12:42,1561.25,1562.15,1560.30,1561.65,17798,0
HDFCBANK,20210917,12:43,1561.85,1564.25,1561.70,1563.00,11101,0
HDFCBANK,20210917,12:44,1563.45,1563.70,1562.65,1563.20,7225,0
HDFCBANK,20210917,12:45,1563.15,1563.15,1561.05,1562.05,6765,0
HDFCBANK,20210917,12:46,1562.00,1563.10,1561.30,1561.30,14897,0
HDFCBANK,20210917,12:47,1561.00,1562.00,1560.45,1561.05,9334,0
HDFCBANK,20210917,12:48,1561.35,1562.00,1560.60,1560.95,30382,0
HDFCBANK,20210917,12:49,1560.20,1562.65,1560.00,1562.65,34846,0
HDFCBANK,20210917,12:50,1562.45,1562.85,1561.15,1562.35,8132,0
HDFCBANK,20210917,12:51,1562.85,1562.85,1561.05,1562.45,6750,0
HDFCBANK,20210917,12:52,1561.90,1562.10,1561.05,1561.75,4675,0
HDFCBANK,20210917,12:53,1561.60,1562.40,1561.60,1562.00,9062,0
HDFCBANK,20210917,12:54,1562.00,1563.75,1562.00,1563.70,8356,0
HDFCBANK,20210917,12:55,1563.60,1563.80,1561.65,1562.05,14789,0
HDFCBANK,20210917,12:56,1561.65,1561.65,1560.00,1560.25,35301,0
HDFCBANK,20210917,12:57,1560.40,1560.65,1559.20,1559.35,18952,0
HDFCBANK,20210917,12:58,1559.85,1561.35,1559.55,1560.95,19250,0
HDFCBANK,20210917,12:59,1561.00,1561.45,1560.75,1561.15,11420,0
HDFCBANK,20210917,13:00,1561.10,1562.75,1561.05,1561.70,11545,0
HDFCBANK,20210917,13:01,1561.70,1562.70,1561.50,1561.55,15769,0
HDFCBANK,20210917,13:02,1561.75,1562.00,1560.65,1561.50,24074,0
HDFCBANK,20210917,13:03,1561.00,1561.50,1560.55,1560.65,8789,0
HDFCBANK,20210917,13:04,1560.95,1562.25,1560.00,1562.25,12289,0
HDFCBANK,20210917,13:05,1561.45,1564.35,1561.45,1563.25,9885,0
HDFCBANK,20210917,13:06,1563.70,1564.85,1563.25,1564.25,6671,0
HDFCBANK,20210917,13:07,1564.25,1564.95,1563.00,1563.40,6491,0
HDFCBANK,20210917,13:08,1563.00,1563.35,1562.00,1562.95,4740,0
HDFCBANK,20210917,13:09,1562.50,1563.25,1561.50,1561.55,4077,0
HDFCBANK,20210917,13:10,1561.50,1562.15,1560.50,1560.55,5452,0
HDFCBANK,20210917,13:11,1560.90,1562.25,1560.90,1561.95,4792,0
HDFCBANK,20210917,13:12,1561.95,1563.00,1561.75,1562.35,3864,0
HDFCBANK,20210917,13:13,1561.95,1562.00,1561.10,1561.30,25589,0
HDFCBANK,20210917,13:14,1561.30,1563.35,1561.10,1563.35,17504,0
HDFCBANK,20210917,13:15,1563.35,1564.35,1562.70,1564.35,9948,0
HDFCBANK,20210917,13:16,1563.95,1566.00,1563.85,1566.00,10991,0
HDFCBANK,20210917,13:17,1565.95,1568.95,1565.95,1568.85,36080,0
HDFCBANK,20210917,13:18,1569.00,1569.00,1567.00,1568.00,18870,0
HDFCBANK,20210917,13:19,1567.55,1568.10,1566.15,1567.25,8657,0
HDFCBANK,20210917,13:20,1567.40,1568.30,1566.30,1566.45,5612,0
HDFCBANK,20210917,13:21,1566.50,1567.85,1566.50,1567.85,4313,0
HDFCBANK,20210917,13:22,1567.35,1567.85,1567.00,1567.00,4555,0
HDFCBANK,20210917,13:23,1567.30,1567.30,1566.00,1566.40,4198,0
HDFCBANK,20210917,13:24,1566.00,1567.00,1563.80,1564.80,8293,0
HDFCBANK,20210917,13:25,1564.20,1565.80,1564.20,1565.70,6151,0
HDFCBANK,20210917,13:26,1565.75,1566.05,1564.75,1565.85,7197,0
HDFCBANK,20210917,13:27,1565.85,1566.20,1564.95,1565.30,3153,0
HDFCBANK,20210917,13:28,1565.30,1565.70,1564.95,1565.00,3538,0
HDFCBANK,20210917,13:29,1564.90,1565.65,1564.00,1564.50,3197,0
HDFCBANK,20210917,13:30,1564.50,1565.20,1564.00,1565.20,6149,0
HDFCBANK,20210917,13:31,1565.20,1565.60,1564.30,1564.30,4046,0
HDFCBANK,20210917,13:32,1564.30,1564.55,1562.50,1562.50,6172,0
HDFCBANK,20210917,13:33,1563.05,1563.60,1562.30,1563.40,4834,0
HDFCBANK,20210917,13:34,1563.35,1563.95,1563.10,1563.30,3560,0
HDFCBANK,20210917,13:35,1563.10,1563.45,1562.05,1562.70,4418,0
HDFCBANK,20210917,13:36,1562.15,1565.45,1562.05,1564.65,20460,0
HDFCBANK,20210917,13:37,1564.35,1567.00,1564.35,1566.75,5547,0
HDFCBANK,20210917,13:38,1566.75,1567.55,1566.10,1566.10,4367,0
HDFCBANK,20210917,13:39,1566.10,1567.10,1566.00,1566.60,4252,0
HDFCBANK,20210917,13:40,1566.70,1566.70,1565.00,1566.00,5350,0
HDFCBANK,20210917,13:41,1565.85,1566.50,1565.50,1565.80,5832,0
HDFCBANK,20210917,13:42,1566.00,1566.45,1565.55,1566.15,2928,0
HDFCBANK,20210917,13:43,1566.05,1566.75,1565.10,1565.20,3960,0
HDFCBANK,20210917,13:44,1565.20,1566.40,1565.20,1565.80,2742,0
HDFCBANK,20210917,13:45,1566.15,1566.55,1565.00,1565.50,3354,0
HDFCBANK,20210917,13:46,1565.30,1567.00,1564.00,1567.00,5731,0
HDFCBANK,20210917,13:47,1566.40,1567.45,1565.00,1565.30,2903,0
HDFCBANK,20210917,13:48,1565.00,1565.85,1564.15,1564.15,5578,0
HDFCBANK,20210917,13:49,1564.55,1566.60,1564.05,1566.00,3688,0
HDFCBANK,20210917,13:50,1566.05,1566.60,1564.60,1565.15,7110,0
HDFCBANK,20210917,13:51,1565.15,1565.60,1564.25,1564.70,7288,0
HDFCBANK,20210917,13:52,1564.50,1565.00,1564.30,1564.30,3342,0
HDFCBANK,20210917,13:53,1564.80,1564.80,1563.55,1563.95,4808,0
HDFCBANK,20210917,13:54,1563.70,1564.70,1563.50,1564.50,5290,0
HDFCBANK,20210917,13:55,1564.05,1565.00,1564.05,1564.85,3507,0
HDFCBANK,20210917,13:56,1564.95,1564.95,1562.75,1563.55,4214,0
HDFCBANK,20210917,13:57,1563.55,1563.55,1563.00,1563.10,7216,0
HDFCBANK,20210917,13:58,1563.10,1564.20,1562.80,1564.05,20156,0
HDFCBANK,20210917,13:59,1564.40,1565.35,1564.15,1565.20,7498,0
HDFCBANK,20210917,14:00,1565.20,1565.40,1565.00,1565.00,5130,0
HDFCBANK,20210917,14:01,1565.15,1565.15,1564.30,1565.00,15368,0
HDFCBANK,20210917,14:02,1565.00,1565.50,1565.00,1565.10,4434,0
HDFCBANK,20210917,14:03,1565.10,1565.20,1565.00,1565.00,6439,0
HDFCBANK,20210917,14:04,1565.00,1565.25,1564.55,1565.05,6972,0
HDFCBANK,20210917,14:05,1565.05,1565.30,1564.50,1565.20,8178,0
HDFCBANK,20210917,14:06,1565.00,1565.50,1565.00,1565.20,5842,0
HDFCBANK,20210917,14:07,1565.10,1565.20,1564.55,1565.00,15629,0
HDFCBANK,20210917,14:08,1564.70,1565.15,1564.50,1565.15,13490,0
HDFCBANK,20210917,14:09,1565.10,1565.50,1565.00,1565.50,6011,0
HDFCBANK,20210917,14:10,1565.45,1565.50,1565.00,1565.00,3825,0
HDFCBANK,20210917,14:11,1565.00,1566.40,1564.55,1566.40,20181,0
HDFCBANK,20210917,14:12,1566.35,1566.65,1565.00,1565.00,9094,0
HDFCBANK,20210917,14:13,1565.00,1566.00,1564.65,1565.50,4763,0
HDFCBANK,20210917,14:14,1565.60,1566.75,1565.05,1566.45,6590,0
HDFCBANK,20210917,14:15,1566.45,1567.65,1566.45,1567.05,6882,0
HDFCBANK,20210917,14:16,1567.00,1568.00,1567.00,1567.40,7500,0
HDFCBANK,20210917,14:17,1567.95,1568.00,1566.50,1566.95,12004,0
HDFCBANK,20210917,14:18,1567.00,1568.35,1567.00,1567.50,8836,0
HDFCBANK,20210917,14:19,1567.45,1568.00,1567.00,1567.10,7413,0
HDFCBANK,20210917,14:20,1567.10,1567.80,1565.65,1566.30,12741,0
HDFCBANK,20210917,14:21,1565.75,1566.65,1565.65,1566.15,5086,0
HDFCBANK,20210917,14:22,1565.70,1567.15,1565.70,1566.55,8090,0
HDFCBANK,20210917,14:23,1566.55,1566.55,1565.05,1565.60,4865,0
HDFCBANK,20210917,14:24,1565.60,1565.75,1565.00,1565.10,7685,0
HDFCBANK,20210917,14:25,1565.50,1565.80,1564.40,1565.65,15651,0
HDFCBANK,20210917,14:26,1565.75,1565.85,1565.00,1565.25,12185,0
HDFCBANK,20210917,14:27,1565.25,1566.70,1564.50,1564.50,13869,0
HDFCBANK,20210917,14:28,1564.50,1564.90,1562.90,1563.80,12041,0
HDFCBANK,20210917,14:29,1563.80,1565.15,1563.40,1564.40,14542,0
HDFCBANK,20210917,14:30,1564.40,1565.45,1564.40,1564.50,10409,0
HDFCBANK,20210917,14:31,1564.25,1565.45,1563.55,1564.80,8239,0
HDFCBANK,20210917,14:32,1564.85,1565.85,1564.05,1564.60,7717,0
HDFCBANK,20210917,14:33,1564.60,1564.90,1563.00,1564.30,10720,0
HDFCBANK,20210917,14:34,1564.20,1564.20,1561.55,1561.65,17351,0
HDFCBANK,20210917,14:35,1561.15,1563.10,1561.00,1562.40,17601,0
HDFCBANK,20210917,14:36,1562.35,1563.10,1561.60,1561.75,15103,0
HDFCBANK,20210917,14:37,1561.30,1563.35,1561.20,1563.25,27240,0
HDFCBANK,20210917,14:38,1562.75,1564.40,1562.70,1564.40,32218,0
HDFCBANK,20210917,14:39,1564.40,1565.25,1563.60,1564.30,17093,0
HDFCBANK,20210917,14:40,1564.05,1565.65,1564.00,1565.60,14868,0
HDFCBANK,20210917,14:41,1565.50,1566.65,1565.50,1565.75,16104,0
HDFCBANK,20210917,14:42,1565.50,1566.30,1564.95,1565.15,15410,0
HDFCBANK,20210917,14:43,1565.15,1567.05,1565.15,1566.75,15329,0
HDFCBANK,20210917,14:44,1566.80,1567.85,1565.10,1565.30,23525,0
HDFCBANK,20210917,14:45,1565.45,1567.15,1565.45,1566.60,20335,0
HDFCBANK,20210917,14:46,1566.55,1568.50,1566.30,1568.50,27098,0
HDFCBANK,20210917,14:47,1568.20,1569.65,1568.20,1569.60,35951,0
HDFCBANK,20210917,14:48,1569.60,1570.80,1569.45,1570.45,32489,0
HDFCBANK,20210917,14:49,1570.05,1571.90,1570.05,1571.60,18798,0
HDFCBANK,20210917,14:50,1571.40,1571.90,1571.00,1571.10,16720,0
HDFCBANK,20210917,14:51,1571.10,1571.50,1570.05,1570.05,17489,0
HDFCBANK,20210917,14:52,1570.00,1571.00,1570.00,1570.95,20161,0
HDFCBANK,20210917,14:53,1570.35,1571.00,1570.00,1570.05,27204,0
HDFCBANK,20210917,14:54,1570.05,1571.50,1570.05,1571.50,15312,0
HDFCBANK,20210917,14:55,1571.50,1572.50,1571.10,1572.00,26979,0
HDFCBANK,20210917,14:56,1572.00,1572.55,1570.40,1570.90,8674,0
HDFCBANK,20210917,14:57,1570.85,1571.65,1570.00,1570.50,8672,0
HDFCBANK,20210917,14:58,1571.15,1571.40,1570.20,1570.65,9568,0
HDFCBANK,20210917,14:59,1570.70,1573.80,1570.70,1573.55,39196,0
HDFCBANK,20210917,15:00,1573.55,1574.85,1572.35,1573.55,41916,0
HDFCBANK,20210917,15:01,1574.10,1579.45,1574.10,1579.10,159950,0
HDFCBANK,20210917,15:02,1579.15,1581.45,1579.10,1581.40,221319,0
HDFCBANK,20210917,15:03,1581.35,1583.00,1577.55,1577.55,268813,0
HDFCBANK,20210917,15:04,1577.60,1577.65,1570.20,1573.40,179872,0
HDFCBANK,20210917,15:05,1572.50,1578.25,1572.50,1578.25,137060,0
HDFCBANK,20210917,15:06,1577.95,1581.00,1577.95,1580.90,179005,0
HDFCBANK,20210917,15:07,1581.00,1581.00,1575.10,1576.95,176906,0
HDFCBANK,20210917,15:08,1576.45,1579.85,1576.20,1577.10,163084,0
HDFCBANK,20210917,15:09,1577.45,1579.90,1577.35,1579.00,154188,0
HDFCBANK,20210917,15:10,1579.20,1579.70,1576.55,1577.40,209181,0
HDFCBANK,20210917,15:11,1577.60,1579.50,1577.60,1578.80,157155,0
HDFCBANK,20210917,15:12,1578.80,1579.50,1577.15,1579.05,138922,0
HDFCBANK,20210917,15:13,1579.50,1580.25,1578.70,1580.25,184289,0
HDFCBANK,20210917,15:14,1580.15,1580.50,1578.70,1580.10,146943,0
HDFCBANK,20210917,15:15,1580.00,1581.75,1580.00,1581.70,135461,0
HDFCBANK,20210917,15:16,1581.65,1582.35,1581.65,1581.90,187447,0
HDFCBANK,20210917,15:17,1581.85,1582.50,1581.85,1582.10,163080,0
HDFCBANK,20210917,15:18,1582.15,1582.80,1580.55,1582.70,128976,0
HDFCBANK,20210917,15:19,1582.85,1584.35,1582.85,1584.00,159326,0
HDFCBANK,20210917,15:20,1584.40,1584.95,1583.70,1584.50,192198,0
HDFCBANK,20210917,15:21,1584.65,1585.35,1584.30,1585.15,195295,0
HDFCBANK,20210917,15:22,1585.70,1587.35,1585.50,1587.10,199908,0
HDFCBANK,20210917,15:23,1587.10,1588.15,1586.60,1587.00,189191,0
HDFCBANK,20210917,15:24,1587.05,1587.50,1586.20,1587.35,183783,0
HDFCBANK,20210917,15:25,1587.45,1588.45,1586.50,1586.95,206815,0
HDFCBANK,20210917,15:26,1587.00,1588.40,1587.00,1588.40,162896,0
HDFCBANK,20210917,15:27,1588.40,1588.75,1587.15,1588.30,160634,0
HDFCBANK,20210917,15:28,1588.30,1589.00,1588.00,1588.55,196011,0
HDFCBANK,20210917,15:29,1588.00,1588.00,1583.70,1585.00,62668,0
HDFCBANK,20210917,15:30,1585.00,1586.00,1583.35,1585.05,34891,0
HDFCBANK,20210917,15:31,1585.55,1585.55,1585.55,1585.55,51,0
HDFCBANK,20210917,15:32,1582.15,1582.15,1582.15,1582.15,0,0
HDFCBANK,20210917,15:41,1582.15,1582.15,1582.15,1582.15,1,0
HDFCBANK,20210917,16:45,1582.15,1582.15,1582.15,1582.15,0,0
