HINDPETRO_F1,20210917,09:16,286.00,286.00,283.95,284.25,75600,25436700
HINDPETRO_F1,20210917,09:17,283.80,284.00,283.00,283.65,105300,25436700
HINDPETRO_F1,20210917,09:18,283.15,283.45,282.80,282.95,70200,25471800
HINDPETRO_F1,20210917,09:19,283.00,284.10,283.00,284.10,97200,25471800
HINDPETRO_F1,20210917,09:20,283.95,283.95,283.45,283.60,29700,25471800
HINDPETRO_F1,20210917,09:21,283.80,283.80,283.20,283.40,108000,25498800
HINDPETRO_F1,20210917,09:22,283.40,283.40,282.80,282.80,18900,25498800
HINDPETRO_F1,20210917,09:23,282.75,283.15,282.70,283.15,48600,25498800
HINDPETRO_F1,20210917,09:24,282.80,282.80,282.30,282.30,86400,25498800
HINDPETRO_F1,20210917,09:25,282.70,282.70,282.20,282.20,24300,25593300
HINDPETRO_F1,20210917,09:26,281.90,282.05,281.65,281.65,78300,25593300
HINDPETRO_F1,20210917,09:27,281.50,282.00,281.50,282.00,51300,25655400
HINDPETRO_F1,20210917,09:28,281.75,281.85,281.50,281.75,37800,25655400
HINDPETRO_F1,20210917,09:29,281.75,281.75,281.35,281.40,21600,25655400
HINDPETRO_F1,20210917,09:30,281.40,281.40,281.05,281.40,37800,25571700
HINDPETRO_F1,20210917,09:31,282.20,282.20,281.40,281.65,99900,25571700
HINDPETRO_F1,20210917,09:32,281.60,282.10,281.60,282.10,10800,25571700
HINDPETRO_F1,20210917,09:33,282.45,282.45,282.35,282.40,10800,25620300
HINDPETRO_F1,20210917,09:34,282.45,282.70,282.45,282.50,32400,25620300
HINDPETRO_F1,20210917,09:35,282.45,282.50,282.45,282.50,27000,25620300
HINDPETRO_F1,20210917,09:36,282.40,282.40,282.35,282.35,16200,25620300
HINDPETRO_F1,20210917,09:37,282.40,282.40,281.85,282.05,43200,25631100
HINDPETRO_F1,20210917,09:38,282.00,282.10,282.00,282.10,10800,25631100
HINDPETRO_F1,20210917,09:39,282.10,282.40,282.10,282.35,37800,25677000
HINDPETRO_F1,20210917,09:40,282.40,282.40,281.80,281.80,59400,25677000
HINDPETRO_F1,20210917,09:41,281.60,281.60,281.30,281.40,59400,25677000
HINDPETRO_F1,20210917,09:42,281.20,281.20,281.05,281.05,21600,25706700
HINDPETRO_F1,20210917,09:43,280.95,281.10,280.80,280.80,32400,25706700
HINDPETRO_F1,20210917,09:44,280.55,280.65,280.55,280.65,10800,25706700
HINDPETRO_F1,20210917,09:45,280.25,280.55,280.25,280.55,24300,25620300
HINDPETRO_F1,20210917,09:46,280.90,281.00,280.70,281.00,43200,25620300
HINDPETRO_F1,20210917,09:47,280.85,281.20,280.85,280.85,21600,25620300
HINDPETRO_F1,20210917,09:48,281.45,281.45,281.45,281.45,16200,25641900
HINDPETRO_F1,20210917,09:49,280.90,281.25,280.90,281.10,32400,25641900
HINDPETRO_F1,20210917,09:50,281.20,281.45,281.20,281.20,16200,25641900
HINDPETRO_F1,20210917,09:51,281.20,281.20,281.10,281.10,5400,25641900
HINDPETRO_F1,20210917,09:52,280.90,280.90,280.90,280.90,21600,25569000
HINDPETRO_F1,20210917,09:53,280.85,281.00,280.85,281.00,10800,25569000
HINDPETRO_F1,20210917,09:54,280.95,280.95,280.95,280.95,10800,25569000
HINDPETRO_F1,20210917,09:55,281.00,281.00,280.80,280.80,16200,25590600
HINDPETRO_F1,20210917,09:56,280.80,280.90,280.80,280.85,18900,25590600
HINDPETRO_F1,20210917,09:57,281.00,281.35,281.00,281.35,35100,25609500
HINDPETRO_F1,20210917,09:58,281.30,281.45,281.30,281.45,10800,25609500
HINDPETRO_F1,20210917,10:00,281.40,282.25,281.40,282.25,72900,25633800
HINDPETRO_F1,20210917,10:01,282.20,282.20,282.00,282.00,5400,25633800
HINDPETRO_F1,20210917,10:02,282.15,282.15,282.05,282.05,10800,25633800
HINDPETRO_F1,20210917,10:03,282.00,282.00,282.00,282.00,5400,25636500
HINDPETRO_F1,20210917,10:04,281.95,281.95,281.95,281.95,8100,25636500
HINDPETRO_F1,20210917,10:05,281.50,281.50,281.50,281.50,24300,25636500
HINDPETRO_F1,20210917,10:06,281.30,281.30,281.30,281.30,2700,25636500
HINDPETRO_F1,20210917,10:07,281.30,281.30,281.30,281.30,2700,25647300
HINDPETRO_F1,20210917,10:08,281.35,281.35,280.95,280.95,32400,25647300
HINDPETRO_F1,20210917,10:09,281.00,281.20,281.00,281.10,18900,25650000
HINDPETRO_F1,20210917,10:11,280.85,280.85,280.85,280.85,2700,25650000
HINDPETRO_F1,20210917,10:12,280.80,280.80,280.80,280.80,2700,25650000
HINDPETRO_F1,20210917,10:13,280.70,280.70,280.70,280.70,2700,25650000
HINDPETRO_F1,20210917,10:14,281.10,281.10,281.10,281.10,5400,25655400
HINDPETRO_F1,20210917,10:15,281.10,281.10,281.10,281.10,2700,25658100
HINDPETRO_F1,20210917,10:16,281.45,281.45,281.45,281.45,8100,25658100
HINDPETRO_F1,20210917,10:17,281.70,281.70,281.45,281.45,18900,25658100
HINDPETRO_F1,20210917,10:18,281.45,281.60,281.45,281.60,5400,25674300
HINDPETRO_F1,20210917,10:19,281.75,281.75,281.65,281.65,5400,25674300
HINDPETRO_F1,20210917,10:20,281.65,282.70,281.65,282.70,37800,25674300
HINDPETRO_F1,20210917,10:21,282.95,283.00,282.95,283.00,32400,25639200
HINDPETRO_F1,20210917,10:22,282.95,283.20,282.95,283.20,5400,25639200
HINDPETRO_F1,20210917,10:23,283.30,284.50,283.30,284.50,129600,25639200
HINDPETRO_F1,20210917,10:24,284.70,285.40,284.70,285.40,224100,25749900
HINDPETRO_F1,20210917,10:25,285.25,285.25,284.40,284.70,45900,25749900
HINDPETRO_F1,20210917,10:26,284.70,285.70,284.70,285.65,67500,25749900
HINDPETRO_F1,20210917,10:27,285.35,285.75,285.35,285.50,99900,25749900
HINDPETRO_F1,20210917,10:28,285.45,287.00,285.45,286.85,329400,25844400
HINDPETRO_F1,20210917,10:29,286.70,286.80,285.40,285.60,99900,25844400
HINDPETRO_F1,20210917,10:30,285.50,285.95,285.50,285.65,37800,25852500
HINDPETRO_F1,20210917,10:31,285.50,285.50,284.95,285.25,78300,25852500
HINDPETRO_F1,20210917,10:32,285.50,285.55,285.50,285.55,10800,25852500
HINDPETRO_F1,20210917,10:33,285.35,285.35,285.00,285.00,27000,25852500
HINDPETRO_F1,20210917,10:34,285.25,285.25,284.95,284.95,78300,25884900
HINDPETRO_F1,20210917,10:35,284.60,284.60,284.30,284.40,18900,25884900
HINDPETRO_F1,20210917,10:36,284.90,284.90,284.25,284.25,18900,25898400
HINDPETRO_F1,20210917,10:37,284.45,284.75,284.20,284.75,21600,25898400
HINDPETRO_F1,20210917,10:38,284.40,284.45,284.40,284.45,8100,25898400
HINDPETRO_F1,20210917,10:39,284.40,284.75,284.40,284.45,16200,25898400
HINDPETRO_F1,20210917,10:40,284.25,284.50,284.25,284.50,18900,25898400
HINDPETRO_F1,20210917,10:41,284.20,284.20,283.35,283.35,32400,25898400
HINDPETRO_F1,20210917,10:42,283.50,283.70,283.30,283.70,27000,25898400
HINDPETRO_F1,20210917,10:43,283.70,283.70,283.70,283.70,2700,25909200
HINDPETRO_F1,20210917,10:44,283.40,283.55,283.40,283.55,13500,25909200
HINDPETRO_F1,20210917,10:45,283.75,283.75,283.75,283.75,5400,25909200
HINDPETRO_F1,20210917,10:46,283.60,283.60,283.60,283.60,10800,25917300
HINDPETRO_F1,20210917,10:47,283.60,283.60,283.50,283.50,5400,25917300
HINDPETRO_F1,20210917,10:48,283.60,283.65,283.60,283.65,8100,25917300
HINDPETRO_F1,20210917,10:49,283.00,283.00,282.70,282.70,89100,25933500
HINDPETRO_F1,20210917,10:51,283.05,283.05,282.80,282.80,10800,25933500
HINDPETRO_F1,20210917,10:52,282.75,283.50,282.75,283.35,18900,25933500
HINDPETRO_F1,20210917,10:53,283.35,283.60,283.35,283.60,27000,25933500
HINDPETRO_F1,20210917,10:54,284.25,285.20,284.25,285.20,148500,26025300
HINDPETRO_F1,20210917,10:55,284.60,284.60,284.55,284.55,8100,26025300
HINDPETRO_F1,20210917,10:56,284.45,284.45,284.45,284.45,5400,26025300
HINDPETRO_F1,20210917,10:57,284.15,284.15,283.90,283.90,5400,26025300
HINDPETRO_F1,20210917,10:58,284.00,284.00,284.00,284.00,5400,26055000
HINDPETRO_F1,20210917,10:59,283.80,283.80,283.80,283.80,5400,26055000
HINDPETRO_F1,20210917,11:00,283.90,283.90,283.90,283.90,5400,26055000
HINDPETRO_F1,20210917,11:01,283.50,283.75,283.50,283.75,5400,26071200
HINDPETRO_F1,20210917,11:02,283.70,283.70,283.30,283.30,10800,26071200
HINDPETRO_F1,20210917,11:03,283.30,283.30,283.30,283.30,2700,26071200
HINDPETRO_F1,20210917,11:04,283.25,283.25,283.25,283.25,2700,25911900
HINDPETRO_F1,20210917,11:06,283.35,283.35,283.15,283.35,13500,25911900
HINDPETRO_F1,20210917,11:07,283.50,283.50,283.50,283.50,13500,25914600
HINDPETRO_F1,20210917,11:08,283.25,283.25,283.25,283.25,5400,25914600
HINDPETRO_F1,20210917,11:12,283.25,283.25,283.25,283.25,5400,25917300
HINDPETRO_F1,20210917,11:15,282.60,282.60,282.60,282.60,21600,25922700
HINDPETRO_F1,20210917,11:16,282.50,282.50,282.50,282.50,2700,25922700
HINDPETRO_F1,20210917,11:17,282.35,282.35,282.35,282.35,35100,25909200
HINDPETRO_F1,20210917,11:18,282.20,282.40,282.15,282.35,16200,25909200
HINDPETRO_F1,20210917,11:19,282.25,282.25,282.25,282.25,2700,25903800
HINDPETRO_F1,20210917,11:20,282.15,282.20,282.05,282.20,32400,25903800
HINDPETRO_F1,20210917,11:21,282.10,282.20,282.10,282.20,10800,25903800
HINDPETRO_F1,20210917,11:22,282.20,282.20,282.20,282.20,5400,25909200
HINDPETRO_F1,20210917,11:23,282.25,282.30,281.95,281.95,18900,25909200
HINDPETRO_F1,20210917,11:24,281.70,281.70,281.55,281.55,5400,25909200
HINDPETRO_F1,20210917,11:25,281.55,281.95,281.55,281.70,24300,25909200
HINDPETRO_F1,20210917,11:26,281.70,281.70,281.00,281.00,29700,25909200
HINDPETRO_F1,20210917,11:27,281.30,281.30,280.80,280.80,13500,25909200
HINDPETRO_F1,20210917,11:28,280.95,281.15,280.95,281.15,21600,25906500
HINDPETRO_F1,20210917,11:29,281.10,281.25,280.90,280.90,16200,25906500
HINDPETRO_F1,20210917,11:30,281.20,281.20,281.05,281.05,5400,25906500
HINDPETRO_F1,20210917,11:31,281.05,281.35,280.90,280.90,29700,25920000
HINDPETRO_F1,20210917,11:32,280.80,280.90,280.00,280.25,156600,25920000
HINDPETRO_F1,20210917,11:33,280.20,280.20,279.80,280.00,143100,25920000
HINDPETRO_F1,20210917,11:34,279.85,279.90,279.00,279.40,210600,25866000
HINDPETRO_F1,20210917,11:35,279.50,279.50,278.80,278.85,156600,25866000
HINDPETRO_F1,20210917,11:36,279.00,279.05,278.85,278.85,59400,25866000
HINDPETRO_F1,20210917,11:37,278.65,278.95,278.65,278.85,40500,25817400
HINDPETRO_F1,20210917,11:38,278.45,278.60,277.90,278.20,143100,25817400
HINDPETRO_F1,20210917,11:39,278.00,278.00,276.90,277.45,307800,25817400
HINDPETRO_F1,20210917,11:40,277.65,277.85,276.85,276.90,245700,25685100
HINDPETRO_F1,20210917,11:41,277.00,277.05,276.95,276.95,51300,25685100
HINDPETRO_F1,20210917,11:42,276.65,277.55,276.65,277.20,78300,25685100
HINDPETRO_F1,20210917,11:43,276.70,276.85,275.75,276.10,205200,25614900
HINDPETRO_F1,20210917,11:44,276.00,276.00,274.95,275.55,118800,25614900
HINDPETRO_F1,20210917,11:45,275.45,275.45,275.40,275.40,24300,25614900
HINDPETRO_F1,20210917,11:46,275.20,276.05,275.20,276.05,37800,25547400
HINDPETRO_F1,20210917,11:47,276.20,276.90,276.20,276.75,40500,25547400
HINDPETRO_F1,20210917,11:48,276.45,276.45,276.25,276.25,32400,25547400
HINDPETRO_F1,20210917,11:49,276.70,276.80,276.50,276.60,45900,25355700
HINDPETRO_F1,20210917,11:50,277.40,277.75,277.25,277.25,16200,25355700
HINDPETRO_F1,20210917,11:51,277.40,277.75,277.25,277.25,35100,25355700
HINDPETRO_F1,20210917,11:52,277.65,277.65,276.80,276.95,18900,25355700
HINDPETRO_F1,20210917,11:53,277.15,277.15,276.60,276.60,18900,25355700
HINDPETRO_F1,20210917,11:54,276.60,276.60,276.45,276.45,18900,25355700
HINDPETRO_F1,20210917,11:55,276.50,276.65,276.40,276.40,13500,25350300
HINDPETRO_F1,20210917,11:56,276.55,276.55,276.00,276.00,32400,25350300
HINDPETRO_F1,20210917,11:57,276.00,276.00,275.00,275.40,256500,25350300
HINDPETRO_F1,20210917,11:58,274.95,274.95,274.25,274.25,37800,25137000
HINDPETRO_F1,20210917,11:59,275.00,275.30,274.90,274.90,86400,25137000
HINDPETRO_F1,20210917,12:00,275.15,275.15,274.60,274.90,40500,25137000
HINDPETRO_F1,20210917,12:01,274.50,274.80,274.45,274.45,51300,25134300
HINDPETRO_F1,20210917,12:02,274.55,275.05,274.50,275.00,59400,25134300
HINDPETRO_F1,20210917,12:03,274.95,275.10,274.90,274.90,35100,25134300
HINDPETRO_F1,20210917,12:04,275.15,275.15,274.75,274.85,35100,25150500
HINDPETRO_F1,20210917,12:05,275.00,275.00,274.60,275.00,32400,25150500
HINDPETRO_F1,20210917,12:06,275.20,275.45,275.20,275.35,64800,25150500
HINDPETRO_F1,20210917,12:07,275.35,275.35,275.35,275.35,5400,25164000
HINDPETRO_F1,20210917,12:08,275.30,275.45,275.00,275.10,43200,25164000
HINDPETRO_F1,20210917,12:09,275.10,275.10,275.10,275.10,2700,25164000
HINDPETRO_F1,20210917,12:10,275.25,275.25,275.25,275.25,2700,25153200
HINDPETRO_F1,20210917,12:11,275.60,276.00,275.60,276.00,29700,25153200
HINDPETRO_F1,20210917,12:12,276.00,276.00,275.50,275.50,32400,25153200
HINDPETRO_F1,20210917,12:13,275.05,275.15,275.05,275.15,10800,25137000
HINDPETRO_F1,20210917,12:14,275.45,275.50,275.10,275.50,10800,25137000
HINDPETRO_F1,20210917,12:15,275.05,275.05,274.50,274.50,62100,25137000
HINDPETRO_F1,20210917,12:16,275.45,275.45,275.00,275.00,13500,25104600
HINDPETRO_F1,20210917,12:17,274.80,275.20,274.80,275.20,35100,25104600
HINDPETRO_F1,20210917,12:18,275.65,276.00,275.65,276.00,21600,25104600
HINDPETRO_F1,20210917,12:19,276.20,276.65,276.20,276.65,10800,25123500
HINDPETRO_F1,20210917,12:20,276.75,277.20,276.75,276.90,32400,25123500
HINDPETRO_F1,20210917,12:21,276.90,276.90,276.60,276.60,8100,25123500
HINDPETRO_F1,20210917,12:22,277.05,277.35,277.05,277.35,5400,25112700
HINDPETRO_F1,20210917,12:23,276.90,277.25,276.90,277.25,37800,25112700
HINDPETRO_F1,20210917,12:24,277.15,277.15,276.95,276.95,16200,25112700
HINDPETRO_F1,20210917,12:25,277.25,277.25,277.25,277.25,2700,25134300
HINDPETRO_F1,20210917,12:26,276.90,276.90,276.90,276.90,5400,25134300
HINDPETRO_F1,20210917,12:27,277.15,277.85,277.15,277.85,18900,25134300
HINDPETRO_F1,20210917,12:28,277.30,277.30,277.25,277.25,5400,25137000
HINDPETRO_F1,20210917,12:29,277.70,277.70,277.45,277.45,10800,25137000
HINDPETRO_F1,20210917,12:30,277.70,277.70,277.70,277.70,2700,25137000
HINDPETRO_F1,20210917,12:32,277.20,277.75,277.20,277.75,13500,25147800
HINDPETRO_F1,20210917,12:33,277.85,277.90,277.55,277.55,10800,25147800
HINDPETRO_F1,20210917,12:34,277.85,277.85,277.85,277.85,8100,25147800
HINDPETRO_F1,20210917,12:35,278.00,278.00,278.00,278.00,8100,25142400
HINDPETRO_F1,20210917,12:36,278.25,278.25,278.00,278.00,27000,25142400
HINDPETRO_F1,20210917,12:37,277.95,277.95,277.80,277.80,5400,25139700
HINDPETRO_F1,20210917,12:39,277.00,277.00,276.80,276.80,10800,25139700
HINDPETRO_F1,20210917,12:40,277.20,277.20,276.95,276.95,10800,25145100
HINDPETRO_F1,20210917,12:41,276.90,277.00,276.90,277.00,8100,25145100
HINDPETRO_F1,20210917,12:42,277.05,277.20,277.05,277.15,18900,25145100
HINDPETRO_F1,20210917,12:43,277.00,278.10,277.00,278.10,27000,25134300
HINDPETRO_F1,20210917,12:44,277.80,278.15,277.80,278.15,5400,25134300
HINDPETRO_F1,20210917,12:45,278.15,278.15,277.70,277.70,10800,25134300
HINDPETRO_F1,20210917,12:46,277.90,277.90,277.90,277.90,8100,25134300
HINDPETRO_F1,20210917,12:47,277.60,277.75,277.60,277.75,10800,25147800
HINDPETRO_F1,20210917,12:48,277.60,277.60,277.60,277.60,5400,25147800
HINDPETRO_F1,20210917,12:49,277.80,277.85,277.80,277.85,10800,25142400
HINDPETRO_F1,20210917,12:51,277.85,278.00,277.85,278.00,16200,25142400
HINDPETRO_F1,20210917,12:52,278.00,278.00,278.00,278.00,2700,25142400
HINDPETRO_F1,20210917,12:54,278.10,278.30,278.10,278.30,29700,25131600
HINDPETRO_F1,20210917,12:55,277.85,277.85,277.85,277.85,2700,25131600
HINDPETRO_F1,20210917,12:56,277.65,277.65,277.65,277.65,8100,25134300
HINDPETRO_F1,20210917,12:59,277.75,277.75,277.75,277.75,2700,25134300
HINDPETRO_F1,20210917,13:00,277.80,277.80,277.80,277.80,2700,25134300
HINDPETRO_F1,20210917,13:01,277.85,277.85,277.85,277.85,2700,25134300
HINDPETRO_F1,20210917,13:02,277.85,277.85,277.85,277.85,5400,25131600
HINDPETRO_F1,20210917,13:03,277.80,277.80,277.80,277.80,2700,25131600
HINDPETRO_F1,20210917,13:04,277.80,277.80,277.80,277.80,2700,25131600
HINDPETRO_F1,20210917,13:05,277.95,278.25,277.95,278.00,21600,25128900
HINDPETRO_F1,20210917,13:07,278.25,278.25,278.25,278.25,2700,25131600
HINDPETRO_F1,20210917,13:08,278.30,278.30,278.30,278.30,5400,25131600
HINDPETRO_F1,20210917,13:09,278.25,278.25,278.05,278.05,5400,25131600
HINDPETRO_F1,20210917,13:10,277.95,277.95,277.85,277.85,21600,25131600
HINDPETRO_F1,20210917,13:11,277.95,277.95,277.95,277.95,8100,25131600
HINDPETRO_F1,20210917,13:12,278.25,278.55,278.15,278.15,35100,25131600
HINDPETRO_F1,20210917,13:14,278.45,278.50,278.45,278.50,5400,25120800
HINDPETRO_F1,20210917,13:16,278.55,278.55,278.55,278.55,2700,25126200
HINDPETRO_F1,20210917,13:17,278.75,278.75,278.75,278.75,2700,25126200
HINDPETRO_F1,20210917,13:18,278.95,279.00,278.85,278.85,16200,25126200
HINDPETRO_F1,20210917,13:19,278.70,278.70,278.70,278.70,5400,25112700
HINDPETRO_F1,20210917,13:21,278.90,278.90,278.60,278.60,5400,25112700
HINDPETRO_F1,20210917,13:22,278.90,279.45,278.90,279.45,35100,25101900
HINDPETRO_F1,20210917,13:23,279.45,279.45,279.40,279.40,8100,25101900
HINDPETRO_F1,20210917,13:24,279.45,279.45,279.25,279.25,48600,25101900
HINDPETRO_F1,20210917,13:26,279.50,279.50,279.50,279.50,8100,25083000
HINDPETRO_F1,20210917,13:27,279.90,279.90,279.90,279.90,16200,25083000
HINDPETRO_F1,20210917,13:28,280.00,280.40,280.00,280.40,10800,25083000
HINDPETRO_F1,20210917,13:29,280.00,280.00,279.80,279.80,13500,25072200
HINDPETRO_F1,20210917,13:30,279.70,280.00,279.70,279.90,16200,25072200
HINDPETRO_F1,20210917,13:31,279.95,279.95,279.95,279.95,2700,25069500
HINDPETRO_F1,20210917,13:32,279.90,279.90,279.55,279.55,18900,25069500
HINDPETRO_F1,20210917,13:33,279.50,279.65,279.50,279.65,10800,25069500
HINDPETRO_F1,20210917,13:34,279.25,279.45,279.25,279.45,5400,25069500
HINDPETRO_F1,20210917,13:36,279.65,279.65,279.65,279.65,2700,25047900
HINDPETRO_F1,20210917,13:37,279.40,279.75,279.40,279.75,8100,25047900
HINDPETRO_F1,20210917,13:38,279.85,280.35,279.85,280.15,29700,25042500
HINDPETRO_F1,20210917,13:39,280.20,280.20,280.20,280.20,2700,25042500
HINDPETRO_F1,20210917,13:40,279.95,279.95,279.95,279.95,8100,25042500
HINDPETRO_F1,20210917,13:41,280.20,280.20,280.20,280.20,2700,25045200
HINDPETRO_F1,20210917,13:42,280.30,280.50,280.30,280.50,5400,25045200
HINDPETRO_F1,20210917,13:43,280.60,280.65,280.00,280.20,62100,25058700
HINDPETRO_F1,20210917,13:44,280.20,281.25,280.20,281.25,70200,25058700
HINDPETRO_F1,20210917,13:45,281.25,281.45,281.25,281.45,5400,25058700
HINDPETRO_F1,20210917,13:46,281.10,281.40,281.10,281.40,37800,25072200
HINDPETRO_F1,20210917,13:47,281.35,281.55,281.20,281.55,45900,25072200
HINDPETRO_F1,20210917,13:48,281.60,281.60,281.35,281.35,5400,25072200
HINDPETRO_F1,20210917,13:49,281.25,281.25,281.25,281.25,13500,25072200
HINDPETRO_F1,20210917,13:50,281.20,281.45,281.20,281.45,29700,25069500
HINDPETRO_F1,20210917,13:51,281.45,281.45,281.45,281.45,2700,25069500
HINDPETRO_F1,20210917,13:52,281.45,281.45,281.35,281.35,5400,25069500
HINDPETRO_F1,20210917,13:54,281.50,281.50,281.50,281.50,27000,25077600
HINDPETRO_F1,20210917,13:55,281.45,281.45,281.45,281.45,2700,25077600
HINDPETRO_F1,20210917,13:56,281.30,281.35,281.30,281.35,5400,25074900
HINDPETRO_F1,20210917,13:57,281.15,281.15,281.10,281.10,16200,25074900
HINDPETRO_F1,20210917,13:58,281.45,281.45,281.45,281.45,2700,25074900
HINDPETRO_F1,20210917,14:00,281.45,281.45,281.45,281.45,29700,25050600
HINDPETRO_F1,20210917,14:01,281.45,281.45,281.25,281.25,8100,25050600
HINDPETRO_F1,20210917,14:02,281.05,281.05,281.00,281.00,32400,25053300
HINDPETRO_F1,20210917,14:03,281.35,281.35,281.35,281.35,2700,25053300
HINDPETRO_F1,20210917,14:04,281.00,281.00,280.95,280.95,5400,25053300
HINDPETRO_F1,20210917,14:05,280.65,281.00,280.65,281.00,10800,25061400
HINDPETRO_F1,20210917,14:06,281.35,281.35,281.35,281.35,13500,25061400
HINDPETRO_F1,20210917,14:09,281.25,281.60,281.25,281.60,10800,25074900
HINDPETRO_F1,20210917,14:10,281.65,281.90,281.65,281.90,8100,25072200
HINDPETRO_F1,20210917,14:11,281.80,281.90,281.80,281.90,10800,25072200
HINDPETRO_F1,20210917,14:12,282.00,282.15,281.95,282.15,24300,25072200
HINDPETRO_F1,20210917,14:13,282.10,282.10,282.00,282.00,37800,25072200
HINDPETRO_F1,20210917,14:14,282.00,282.10,282.00,282.10,27000,25058700
HINDPETRO_F1,20210917,14:15,282.35,282.35,282.25,282.30,40500,25058700
HINDPETRO_F1,20210917,14:18,282.60,282.60,282.60,282.60,56700,25026300
HINDPETRO_F1,20210917,14:19,282.85,282.85,282.65,282.80,24300,25031700
HINDPETRO_F1,20210917,14:20,282.50,282.50,282.50,282.50,24300,25031700
HINDPETRO_F1,20210917,14:21,282.50,282.50,282.45,282.45,5400,25031700
HINDPETRO_F1,20210917,14:22,282.50,282.50,282.50,282.50,8100,25031700
HINDPETRO_F1,20210917,14:24,282.20,282.20,282.00,282.00,35100,24999300
HINDPETRO_F1,20210917,14:25,281.95,281.95,281.35,281.65,159300,24985800
HINDPETRO_F1,20210917,14:26,281.35,281.35,281.05,281.05,24300,24985800
HINDPETRO_F1,20210917,14:27,281.35,281.35,281.15,281.15,18900,24985800
HINDPETRO_F1,20210917,14:28,281.50,281.50,281.50,281.50,29700,24985800
HINDPETRO_F1,20210917,14:29,281.50,281.50,281.25,281.25,16200,25026300
HINDPETRO_F1,20210917,14:30,281.25,281.45,281.05,281.05,51300,25026300
HINDPETRO_F1,20210917,14:31,281.10,281.10,281.10,281.10,2700,25026300
HINDPETRO_F1,20210917,14:32,281.25,281.25,281.05,281.05,10800,25026300
HINDPETRO_F1,20210917,14:34,280.70,280.70,280.70,280.70,10800,25026300
HINDPETRO_F1,20210917,14:35,280.45,280.45,280.35,280.35,8100,25026300
HINDPETRO_F1,20210917,14:36,280.80,280.95,280.80,280.95,18900,25026300
HINDPETRO_F1,20210917,14:37,281.00,281.00,281.00,281.00,2700,25026300
HINDPETRO_F1,20210917,14:38,281.40,281.70,281.40,281.70,5400,25020900
HINDPETRO_F1,20210917,14:40,281.70,282.30,281.55,282.30,40500,25020900
HINDPETRO_F1,20210917,14:41,282.20,282.25,282.20,282.25,13500,24999300
HINDPETRO_F1,20210917,14:42,282.10,282.10,282.10,282.10,2700,24999300
HINDPETRO_F1,20210917,14:43,282.10,282.20,282.10,282.20,18900,24999300
HINDPETRO_F1,20210917,14:44,282.20,282.65,282.20,282.20,62100,24980400
HINDPETRO_F1,20210917,14:45,282.15,282.15,282.15,282.15,2700,24980400
HINDPETRO_F1,20210917,14:46,281.70,281.80,281.60,281.80,13500,24980400
HINDPETRO_F1,20210917,14:47,281.70,281.70,281.70,281.70,2700,24975000
HINDPETRO_F1,20210917,14:48,282.00,282.00,282.00,282.00,2700,24975000
HINDPETRO_F1,20210917,14:49,282.00,282.00,281.85,281.85,5400,24975000
HINDPETRO_F1,20210917,14:51,282.10,282.10,282.10,282.10,8100,24975000
HINDPETRO_F1,20210917,14:52,282.10,282.10,282.10,282.10,2700,24977700
HINDPETRO_F1,20210917,14:53,282.00,282.40,282.00,282.40,10800,24980400
HINDPETRO_F1,20210917,14:54,282.40,282.60,282.40,282.60,21600,24980400
HINDPETRO_F1,20210917,14:55,281.60,281.80,281.60,281.80,27000,24980400
HINDPETRO_F1,20210917,14:56,281.65,282.20,281.45,282.20,43200,24985800
HINDPETRO_F1,20210917,14:57,281.50,281.80,281.50,281.60,16200,24985800
HINDPETRO_F1,20210917,14:58,281.60,281.65,281.50,281.65,8100,24985800
HINDPETRO_F1,20210917,15:00,281.50,281.50,281.50,281.50,5400,24991200
HINDPETRO_F1,20210917,15:01,282.00,282.80,282.00,282.80,67500,24991200
HINDPETRO_F1,20210917,15:02,282.75,283.60,282.75,283.60,167400,24969600
HINDPETRO_F1,20210917,15:03,283.50,283.50,282.90,282.95,86400,24969600
HINDPETRO_F1,20210917,15:04,283.15,283.15,282.45,282.45,156600,24969600
HINDPETRO_F1,20210917,15:05,282.00,282.30,282.00,282.25,91800,25074900
HINDPETRO_F1,20210917,15:06,282.30,282.80,281.80,282.00,197100,25074900
HINDPETRO_F1,20210917,15:07,282.10,282.70,282.10,282.70,43200,25074900
HINDPETRO_F1,20210917,15:08,282.65,282.65,282.30,282.40,97200,25182900
HINDPETRO_F1,20210917,15:09,282.35,282.75,282.35,282.50,86400,25182900
HINDPETRO_F1,20210917,15:10,282.40,282.80,282.30,282.80,121500,25182900
HINDPETRO_F1,20210917,15:11,282.65,282.75,282.65,282.65,72900,25336800
HINDPETRO_F1,20210917,15:12,282.80,282.85,282.80,282.85,94500,25336800
HINDPETRO_F1,20210917,15:13,282.95,283.00,282.80,283.00,110700,25336800
HINDPETRO_F1,20210917,15:14,283.05,283.25,282.90,283.25,108000,25474500
HINDPETRO_F1,20210917,15:15,283.25,283.25,282.85,282.85,99900,25474500
HINDPETRO_F1,20210917,15:16,283.15,283.45,283.15,283.45,121500,25474500
HINDPETRO_F1,20210917,15:17,283.40,283.40,283.00,283.00,81000,25577100
HINDPETRO_F1,20210917,15:18,282.85,283.20,282.85,283.20,70200,25577100
HINDPETRO_F1,20210917,15:19,283.15,283.20,283.05,283.05,121500,25577100
HINDPETRO_F1,20210917,15:20,282.85,283.35,282.85,283.35,59400,25682400
HINDPETRO_F1,20210917,15:21,283.30,283.30,283.05,283.30,99900,25682400
HINDPETRO_F1,20210917,15:22,283.00,283.15,282.90,282.90,110700,25682400
HINDPETRO_F1,20210917,15:23,282.90,282.95,282.90,282.90,48600,25795800
HINDPETRO_F1,20210917,15:24,282.95,283.00,282.90,283.00,29700,25795800
HINDPETRO_F1,20210917,15:25,283.00,283.45,282.85,283.45,91800,25795800
HINDPETRO_F1,20210917,15:26,283.45,283.65,283.45,283.45,148500,25866000
HINDPETRO_F1,20210917,15:27,283.40,283.40,282.65,282.80,110700,25866000
HINDPETRO_F1,20210917,15:28,283.00,283.00,282.15,282.15,51300,25866000
HINDPETRO_F1,20210917,15:29,282.15,282.15,281.70,281.80,51300,25952400
HINDPETRO_F1,20210917,15:30,282.00,282.50,282.00,282.50,43200,25952400
HINDPETRO_F1,20210917,18:44,282.90,282.90,282.90,282.90,1,23611500
