M&MFIN,20210526,09:08,158.50,158.50,158.50,158.50,8746,0
M&MFIN,20210526,09:16,158.25,158.45,157.95,158.10,92822,0
M&MFIN,20210526,09:17,158.15,158.25,157.70,157.90,65678,0
M&MFIN,20210526,09:18,158.25,158.25,158.05,158.05,55770,0
M&MFIN,20210526,09:19,158.00,158.00,157.45,157.60,64105,0
M&MFIN,20210526,09:20,157.55,157.70,157.40,157.60,37464,0
M&MFIN,20210526,09:21,157.65,157.90,157.65,157.80,40399,0
M&MFIN,20210526,09:22,157.80,157.80,157.50,157.70,34512,0
M&MFIN,20210526,09:23,157.55,157.95,157.55,157.80,49680,0
M&MFIN,20210526,09:24,157.75,157.75,157.45,157.45,35263,0
M&MFIN,20210526,09:25,157.55,157.55,157.10,157.40,47374,0
M&MFIN,20210526,09:26,157.35,157.45,157.35,157.35,19028,0
M&MFIN,20210526,09:27,157.45,157.50,157.40,157.45,13461,0
M&MFIN,20210526,09:28,157.35,157.65,157.35,157.60,29711,0
M&MFIN,20210526,09:29,157.65,157.65,157.25,157.30,51629,0
M&MFIN,20210526,09:30,157.25,157.40,157.00,157.00,44640,0
M&MFIN,20210526,09:31,157.05,157.50,157.05,157.45,36817,0
M&MFIN,20210526,09:32,157.40,157.50,157.10,157.10,33095,0
M&MFIN,20210526,09:33,157.15,157.45,157.15,157.40,13521,0
M&MFIN,20210526,09:34,157.40,157.60,157.35,157.55,21934,0
M&MFIN,20210526,09:35,157.60,157.65,157.50,157.50,46081,0
M&MFIN,20210526,09:36,157.40,157.75,157.25,157.75,36577,0
M&MFIN,20210526,09:37,157.65,157.80,157.55,157.55,25494,0
M&MFIN,20210526,09:38,157.65,157.65,157.45,157.60,22658,0
M&MFIN,20210526,09:39,157.60,157.65,156.60,156.80,134234,0
M&MFIN,20210526,09:40,156.85,156.85,156.65,156.70,42005,0
M&MFIN,20210526,09:41,156.75,156.75,156.25,156.45,61121,0
M&MFIN,20210526,09:42,156.40,156.65,156.40,156.65,35224,0
M&MFIN,20210526,09:43,156.70,156.70,156.45,156.65,26004,0
M&MFIN,20210526,09:44,156.65,156.75,156.35,156.60,30659,0
M&MFIN,20210526,09:45,156.60,156.95,156.60,156.95,23573,0
M&MFIN,20210526,09:46,156.95,157.35,156.95,157.25,32017,0
M&MFIN,20210526,09:47,157.15,157.30,157.00,157.10,19195,0
M&MFIN,20210526,09:48,157.05,157.25,157.05,157.25,18105,0
M&MFIN,20210526,09:49,157.25,157.35,157.20,157.35,6605,0
M&MFIN,20210526,09:50,157.30,157.55,157.30,157.50,26316,0
M&MFIN,20210526,09:51,157.50,157.60,157.25,157.40,31888,0
M&MFIN,20210526,09:52,157.45,157.50,157.35,157.45,20247,0
M&MFIN,20210526,09:53,157.40,157.55,157.25,157.40,47802,0
M&MFIN,20210526,09:54,157.40,157.50,157.30,157.40,16090,0
M&MFIN,20210526,09:55,157.40,157.45,157.40,157.45,11399,0
M&MFIN,20210526,09:56,157.45,157.55,157.45,157.45,26155,0
M&MFIN,20210526,09:57,157.45,157.70,157.45,157.70,24919,0
M&MFIN,20210526,09:58,157.70,157.80,157.40,157.50,43408,0
M&MFIN,20210526,09:59,157.40,157.70,157.40,157.55,33573,0
M&MFIN,20210526,10:00,157.35,157.60,157.35,157.60,11132,0
M&MFIN,20210526,10:01,157.70,157.90,157.65,157.85,39773,0
M&MFIN,20210526,10:02,157.80,157.90,157.75,157.75,27168,0
M&MFIN,20210526,10:03,157.60,157.80,157.60,157.75,13322,0
M&MFIN,20210526,10:04,157.75,157.95,157.75,157.95,20836,0
M&MFIN,20210526,10:05,157.90,158.15,157.90,158.10,55225,0
M&MFIN,20210526,10:06,158.00,158.40,158.00,158.20,36898,0
M&MFIN,20210526,10:07,158.25,158.35,158.15,158.35,36310,0
M&MFIN,20210526,10:08,158.30,158.35,158.20,158.20,11382,0
M&MFIN,20210526,10:09,158.15,158.20,158.05,158.20,13844,0
M&MFIN,20210526,10:10,158.15,158.25,158.15,158.15,5576,0
M&MFIN,20210526,10:11,158.20,158.20,157.85,158.05,25685,0
M&MFIN,20210526,10:12,157.95,158.00,157.90,157.90,17723,0
M&MFIN,20210526,10:13,157.90,158.00,157.85,158.00,7257,0
M&MFIN,20210526,10:14,157.95,158.20,157.90,158.20,15189,0
M&MFIN,20210526,10:15,158.10,158.25,158.10,158.25,8602,0
M&MFIN,20210526,10:16,158.25,158.25,158.00,158.05,12770,0
M&MFIN,20210526,10:17,158.05,158.15,157.85,158.00,16687,0
M&MFIN,20210526,10:18,158.00,158.00,157.70,157.80,46221,0
M&MFIN,20210526,10:19,157.70,158.20,157.70,158.15,50420,0
M&MFIN,20210526,10:20,158.15,158.20,158.05,158.15,11272,0
M&MFIN,20210526,10:21,158.10,158.25,158.10,158.25,15302,0
M&MFIN,20210526,10:22,158.20,158.20,158.10,158.15,7348,0
M&MFIN,20210526,10:23,158.15,158.20,158.05,158.05,12818,0
M&MFIN,20210526,10:24,158.05,158.35,158.00,158.30,35325,0
M&MFIN,20210526,10:25,158.35,158.45,158.20,158.30,31368,0
M&MFIN,20210526,10:26,158.30,158.60,158.25,158.55,68840,0
M&MFIN,20210526,10:27,158.40,158.65,158.40,158.45,30192,0
M&MFIN,20210526,10:28,158.45,158.55,158.35,158.55,25656,0
M&MFIN,20210526,10:29,158.40,158.60,158.40,158.60,13869,0
M&MFIN,20210526,10:30,158.50,158.50,158.40,158.40,28257,0
M&MFIN,20210526,10:31,158.35,158.40,158.30,158.30,10170,0
M&MFIN,20210526,10:32,158.40,158.40,158.20,158.35,8380,0
M&MFIN,20210526,10:33,158.30,158.50,158.30,158.45,15220,0
M&MFIN,20210526,10:34,158.50,158.50,158.30,158.30,5157,0
M&MFIN,20210526,10:35,158.40,158.50,158.35,158.45,6068,0
M&MFIN,20210526,10:36,158.50,158.50,158.35,158.40,10510,0
M&MFIN,20210526,10:37,158.40,158.50,158.35,158.50,25668,0
M&MFIN,20210526,10:38,158.50,158.60,158.40,158.55,12842,0
M&MFIN,20210526,10:39,158.50,158.60,158.45,158.60,8722,0
M&MFIN,20210526,10:40,158.60,158.90,158.60,158.90,36348,0
M&MFIN,20210526,10:41,158.90,158.90,158.80,158.90,18860,0
M&MFIN,20210526,10:42,158.80,158.85,158.50,158.50,134431,0
M&MFIN,20210526,10:43,158.55,158.85,158.55,158.80,9414,0
M&MFIN,20210526,10:44,158.80,158.85,158.70,158.85,10182,0
M&MFIN,20210526,10:45,158.80,158.80,158.65,158.75,6767,0
M&MFIN,20210526,10:46,158.70,158.70,158.50,158.50,6431,0
M&MFIN,20210526,10:47,158.55,158.65,158.40,158.45,19258,0
M&MFIN,20210526,10:48,158.50,158.50,158.35,158.35,11879,0
M&MFIN,20210526,10:49,158.35,158.45,158.30,158.30,7966,0
M&MFIN,20210526,10:50,158.40,158.40,158.30,158.30,3226,0
M&MFIN,20210526,10:51,158.30,158.35,158.20,158.20,6874,0
M&MFIN,20210526,10:52,158.20,158.50,158.20,158.50,14347,0
M&MFIN,20210526,10:53,158.50,158.60,158.45,158.60,8632,0
M&MFIN,20210526,10:54,158.70,158.75,158.60,158.70,12519,0
M&MFIN,20210526,10:55,158.70,158.70,158.50,158.60,10740,0
M&MFIN,20210526,10:56,158.65,158.75,158.55,158.65,12494,0
M&MFIN,20210526,10:57,158.65,158.75,158.60,158.75,2764,0
M&MFIN,20210526,10:58,158.90,159.10,158.85,159.00,47282,0
M&MFIN,20210526,10:59,158.90,159.05,158.85,159.00,18358,0
M&MFIN,20210526,11:00,158.90,159.30,158.90,159.25,17869,0
M&MFIN,20210526,11:01,159.20,159.25,159.00,159.05,38747,0
M&MFIN,20210526,11:02,159.05,159.10,159.00,159.00,22630,0
M&MFIN,20210526,11:03,159.00,159.15,159.00,159.10,17723,0
M&MFIN,20210526,11:04,159.10,159.20,159.10,159.15,28090,0
M&MFIN,20210526,11:05,159.15,159.30,159.10,159.30,11902,0
M&MFIN,20210526,11:06,159.15,159.30,159.15,159.25,9052,0
M&MFIN,20210526,11:07,159.20,159.25,159.15,159.15,10168,0
M&MFIN,20210526,11:08,159.15,159.20,159.10,159.10,18821,0
M&MFIN,20210526,11:09,159.10,159.15,159.00,159.10,15350,0
M&MFIN,20210526,11:10,159.05,159.10,158.80,159.00,30611,0
M&MFIN,20210526,11:11,159.00,159.00,158.65,158.80,23710,0
M&MFIN,20210526,11:12,158.75,158.80,158.65,158.75,7806,0
M&MFIN,20210526,11:13,158.75,158.85,158.55,158.65,20729,0
M&MFIN,20210526,11:14,158.50,158.85,158.50,158.85,3703,0
M&MFIN,20210526,11:15,158.80,158.90,158.80,158.85,5918,0
M&MFIN,20210526,11:16,158.90,159.20,158.80,159.20,7491,0
M&MFIN,20210526,11:17,159.20,159.30,159.00,159.20,21138,0
M&MFIN,20210526,11:18,159.30,159.30,159.00,159.10,57467,0
M&MFIN,20210526,11:19,159.15,159.40,159.05,159.05,40302,0
M&MFIN,20210526,11:20,159.05,159.05,158.80,158.80,63834,0
M&MFIN,20210526,11:21,158.80,159.20,158.80,159.20,10699,0
M&MFIN,20210526,11:22,159.20,159.20,159.05,159.15,7523,0
M&MFIN,20210526,11:23,159.15,159.20,159.05,159.10,4300,0
M&MFIN,20210526,11:24,159.10,159.10,158.90,158.95,9016,0
M&MFIN,20210526,11:25,158.95,159.10,158.90,159.10,5464,0
M&MFIN,20210526,11:26,159.10,159.10,159.00,159.00,6053,0
M&MFIN,20210526,11:27,159.05,159.10,159.00,159.05,4225,0
M&MFIN,20210526,11:28,159.05,159.05,159.00,159.00,10698,0
M&MFIN,20210526,11:29,159.00,159.10,158.90,158.95,9256,0
M&MFIN,20210526,11:30,159.00,159.00,158.90,158.90,5046,0
M&MFIN,20210526,11:31,158.80,158.90,158.70,158.70,8419,0
M&MFIN,20210526,11:32,158.75,158.90,158.75,158.85,15978,0
M&MFIN,20210526,11:33,158.85,159.00,158.85,158.95,10268,0
M&MFIN,20210526,11:34,158.95,158.95,158.80,158.85,5648,0
M&MFIN,20210526,11:35,158.90,159.00,158.90,158.95,1426,0
M&MFIN,20210526,11:36,159.00,159.00,158.85,159.00,5596,0
M&MFIN,20210526,11:37,159.00,159.00,158.85,158.90,10242,0
M&MFIN,20210526,11:38,158.85,158.90,158.75,158.85,4547,0
M&MFIN,20210526,11:39,158.85,158.90,158.80,158.90,6536,0
M&MFIN,20210526,11:40,158.90,158.90,158.80,158.90,3950,0
M&MFIN,20210526,11:41,158.80,158.90,158.60,158.80,29163,0
M&MFIN,20210526,11:42,158.80,158.85,158.70,158.80,3749,0
M&MFIN,20210526,11:43,158.90,159.00,158.80,159.00,13807,0
M&MFIN,20210526,11:44,159.00,159.10,158.90,159.10,16968,0
M&MFIN,20210526,11:45,159.10,159.15,158.95,158.95,13875,0
M&MFIN,20210526,11:46,159.00,159.10,158.95,159.05,4767,0
M&MFIN,20210526,11:47,159.10,159.10,158.80,159.00,10623,0
M&MFIN,20210526,11:48,159.00,159.05,158.90,158.95,13229,0
M&MFIN,20210526,11:49,158.95,159.00,158.85,158.90,2204,0
M&MFIN,20210526,11:50,158.85,158.90,158.80,158.90,2816,0
M&MFIN,20210526,11:51,158.90,158.90,158.75,158.90,8362,0
M&MFIN,20210526,11:52,158.85,158.90,158.80,158.90,3747,0
M&MFIN,20210526,11:53,158.80,158.90,158.75,158.75,15804,0
M&MFIN,20210526,11:54,158.75,158.80,158.65,158.70,12905,0
M&MFIN,20210526,11:55,158.70,158.70,158.50,158.60,28029,0
M&MFIN,20210526,11:56,158.60,158.75,158.60,158.75,6221,0
M&MFIN,20210526,11:57,158.65,158.75,158.60,158.65,4164,0
M&MFIN,20210526,11:58,158.70,158.75,158.60,158.70,5973,0
M&MFIN,20210526,11:59,158.70,158.85,158.55,158.85,18112,0
M&MFIN,20210526,12:00,158.85,158.85,158.70,158.85,3760,0
M&MFIN,20210526,12:01,158.85,159.10,158.85,159.10,26790,0
M&MFIN,20210526,12:02,159.10,159.20,159.00,159.20,22455,0
M&MFIN,20210526,12:03,159.20,159.20,159.15,159.15,17541,0
M&MFIN,20210526,12:04,159.20,159.30,159.10,159.25,19046,0
M&MFIN,20210526,12:05,159.25,159.40,159.25,159.30,20471,0
M&MFIN,20210526,12:06,159.40,159.65,159.35,159.60,42466,0
M&MFIN,20210526,12:07,159.60,159.75,159.60,159.65,50189,0
M&MFIN,20210526,12:08,159.75,159.85,159.60,159.75,61050,0
M&MFIN,20210526,12:09,159.80,159.85,159.65,159.80,31950,0
M&MFIN,20210526,12:10,159.85,159.85,159.65,159.70,16019,0
M&MFIN,20210526,12:11,159.70,159.80,159.65,159.70,13591,0
M&MFIN,20210526,12:12,159.70,159.75,159.65,159.65,20124,0
M&MFIN,20210526,12:13,159.55,159.95,159.55,159.90,71515,0
M&MFIN,20210526,12:14,160.00,160.20,159.90,160.10,126798,0
M&MFIN,20210526,12:15,160.15,160.20,159.90,160.00,54556,0
M&MFIN,20210526,12:16,159.90,160.15,159.90,160.00,23099,0
M&MFIN,20210526,12:17,160.10,160.10,159.80,160.00,34535,0
M&MFIN,20210526,12:18,159.90,160.00,159.70,159.80,13058,0
M&MFIN,20210526,12:19,159.80,159.80,159.55,159.65,22672,0
M&MFIN,20210526,12:20,159.55,159.70,159.50,159.55,18615,0
M&MFIN,20210526,12:21,159.55,159.60,159.40,159.45,18003,0
M&MFIN,20210526,12:22,159.40,159.50,159.30,159.45,41965,0
M&MFIN,20210526,12:23,159.40,159.50,159.40,159.50,12211,0
M&MFIN,20210526,12:24,159.50,159.50,159.40,159.45,8802,0
M&MFIN,20210526,12:25,159.60,159.65,159.45,159.55,12012,0
M&MFIN,20210526,12:26,159.45,159.45,159.35,159.35,22262,0
M&MFIN,20210526,12:27,159.40,159.40,159.10,159.25,61909,0
M&MFIN,20210526,12:28,159.20,159.25,159.20,159.25,7247,0
M&MFIN,20210526,12:29,159.25,159.40,159.20,159.40,4631,0
M&MFIN,20210526,12:30,159.40,159.50,159.35,159.45,2250,0
M&MFIN,20210526,12:31,159.45,159.45,159.25,159.35,16902,0
M&MFIN,20210526,12:32,159.50,159.50,159.30,159.40,8798,0
M&MFIN,20210526,12:33,159.45,159.45,159.30,159.45,4872,0
M&MFIN,20210526,12:34,159.35,159.50,159.35,159.50,6658,0
M&MFIN,20210526,12:35,159.40,159.55,159.40,159.50,6722,0
M&MFIN,20210526,12:36,159.55,159.65,159.50,159.65,10901,0
M&MFIN,20210526,12:37,159.60,159.70,159.50,159.50,5621,0
M&MFIN,20210526,12:38,159.60,159.60,159.50,159.55,3658,0
M&MFIN,20210526,12:39,159.55,159.65,159.50,159.65,18454,0
M&MFIN,20210526,12:40,159.65,159.65,159.50,159.55,24493,0
M&MFIN,20210526,12:41,159.60,159.60,159.45,159.50,2306,0
M&MFIN,20210526,12:42,159.50,159.55,159.45,159.50,3549,0
M&MFIN,20210526,12:43,159.50,159.50,159.45,159.45,2874,0
M&MFIN,20210526,12:44,159.45,159.50,159.35,159.35,2255,0
M&MFIN,20210526,12:45,159.35,159.45,159.30,159.40,7759,0
M&MFIN,20210526,12:46,159.40,159.50,159.40,159.40,8375,0
M&MFIN,20210526,12:47,159.40,159.50,159.30,159.40,6367,0
M&MFIN,20210526,12:48,159.30,159.40,159.30,159.30,3682,0
M&MFIN,20210526,12:49,159.35,159.40,159.25,159.25,4866,0
M&MFIN,20210526,12:50,159.25,159.25,159.00,159.10,19727,0
M&MFIN,20210526,12:51,159.10,159.10,159.05,159.10,19029,0
M&MFIN,20210526,12:52,159.10,159.20,159.00,159.10,13485,0
M&MFIN,20210526,12:53,159.10,159.10,159.00,159.05,10031,0
M&MFIN,20210526,12:54,159.05,159.15,159.05,159.15,2580,0
M&MFIN,20210526,12:55,159.15,159.30,159.10,159.25,4533,0
M&MFIN,20210526,12:56,159.15,159.25,159.10,159.10,4505,0
M&MFIN,20210526,12:57,159.10,159.25,159.10,159.20,9125,0
M&MFIN,20210526,12:58,159.10,159.20,159.10,159.10,2491,0
M&MFIN,20210526,12:59,159.20,159.20,159.00,159.05,8390,0
M&MFIN,20210526,13:00,159.05,159.15,159.05,159.05,2705,0
M&MFIN,20210526,13:01,159.10,159.10,158.95,159.05,13741,0
M&MFIN,20210526,13:02,159.00,159.10,158.80,158.85,9294,0
M&MFIN,20210526,13:03,158.85,158.95,158.80,158.80,6282,0
M&MFIN,20210526,13:04,158.80,158.90,158.80,158.80,9992,0
M&MFIN,20210526,13:05,158.90,158.90,158.75,158.80,6036,0
M&MFIN,20210526,13:06,158.85,158.90,158.75,158.85,21357,0
M&MFIN,20210526,13:07,158.90,159.00,158.70,158.80,30035,0
M&MFIN,20210526,13:08,158.70,158.85,158.70,158.75,11214,0
M&MFIN,20210526,13:09,158.65,158.65,158.55,158.65,20954,0
M&MFIN,20210526,13:10,158.65,158.70,158.60,158.60,12905,0
M&MFIN,20210526,13:11,158.60,158.70,158.55,158.65,9510,0
M&MFIN,20210526,13:12,158.65,158.80,158.65,158.65,8144,0
M&MFIN,20210526,13:13,158.70,158.80,158.60,158.75,6763,0
M&MFIN,20210526,13:14,158.65,158.80,158.60,158.80,9842,0
M&MFIN,20210526,13:15,158.70,158.80,158.60,158.65,5466,0
M&MFIN,20210526,13:16,158.60,158.80,158.60,158.60,8201,0
M&MFIN,20210526,13:17,158.70,158.70,158.60,158.65,1983,0
M&MFIN,20210526,13:18,158.65,158.70,158.60,158.60,5054,0
M&MFIN,20210526,13:19,158.60,158.65,158.25,158.30,76534,0
M&MFIN,20210526,13:20,158.35,158.35,158.20,158.30,9268,0
M&MFIN,20210526,13:21,158.20,158.30,158.20,158.20,8320,0
M&MFIN,20210526,13:22,158.20,158.25,158.10,158.15,14756,0
M&MFIN,20210526,13:23,158.15,158.20,158.10,158.15,6847,0
M&MFIN,20210526,13:24,158.15,158.20,158.15,158.15,7992,0
M&MFIN,20210526,13:25,158.15,158.25,158.15,158.15,10810,0
M&MFIN,20210526,13:26,158.25,158.30,158.15,158.25,13109,0
M&MFIN,20210526,13:27,158.30,158.30,158.20,158.25,8593,0
M&MFIN,20210526,13:28,158.25,158.30,158.10,158.20,24821,0
M&MFIN,20210526,13:29,158.20,158.20,157.60,157.70,85938,0
M&MFIN,20210526,13:30,157.70,157.90,157.60,157.90,32058,0
M&MFIN,20210526,13:31,157.75,157.75,157.40,157.40,89953,0
M&MFIN,20210526,13:32,157.45,157.60,157.40,157.50,19852,0
M&MFIN,20210526,13:33,157.50,157.60,157.45,157.60,18567,0
M&MFIN,20210526,13:34,157.55,157.55,157.15,157.25,60235,0
M&MFIN,20210526,13:35,157.25,157.25,157.15,157.25,19804,0
M&MFIN,20210526,13:36,157.20,157.25,157.10,157.10,31611,0
M&MFIN,20210526,13:37,157.10,157.20,157.05,157.10,44456,0
M&MFIN,20210526,13:38,157.10,157.25,157.10,157.20,28367,0
M&MFIN,20210526,13:39,157.15,157.20,157.00,157.05,73656,0
M&MFIN,20210526,13:40,157.00,157.05,156.80,156.80,84943,0
M&MFIN,20210526,13:41,156.80,156.95,156.80,156.80,47544,0
M&MFIN,20210526,13:42,156.80,157.00,156.80,156.95,68626,0
M&MFIN,20210526,13:43,156.95,157.00,156.70,156.75,62457,0
M&MFIN,20210526,13:44,156.75,156.80,156.60,156.65,42251,0
M&MFIN,20210526,13:45,156.60,156.70,156.55,156.55,46721,0
M&MFIN,20210526,13:46,156.55,156.60,156.30,156.50,103230,0
M&MFIN,20210526,13:47,156.55,156.60,156.25,156.30,71916,0
M&MFIN,20210526,13:48,156.40,156.40,156.20,156.25,71386,0
M&MFIN,20210526,13:49,156.30,156.40,156.20,156.35,53707,0
M&MFIN,20210526,13:50,156.30,156.35,156.15,156.20,50429,0
M&MFIN,20210526,13:51,156.15,156.55,156.10,156.25,75146,0
M&MFIN,20210526,13:52,156.25,156.40,156.15,156.35,65646,0
M&MFIN,20210526,13:53,156.35,156.40,156.15,156.20,43237,0
M&MFIN,20210526,13:54,156.20,156.40,156.20,156.25,51148,0
M&MFIN,20210526,13:55,156.20,156.40,156.20,156.25,48518,0
M&MFIN,20210526,13:56,156.25,156.60,156.20,156.25,65056,0
M&MFIN,20210526,13:57,156.25,156.70,156.25,156.70,136379,0
M&MFIN,20210526,13:58,156.60,156.65,156.45,156.50,44260,0
M&MFIN,20210526,13:59,156.60,156.60,156.45,156.60,42355,0
M&MFIN,20210526,14:00,156.50,156.60,156.30,156.35,38073,0
M&MFIN,20210526,14:01,156.30,156.55,156.25,156.40,45327,0
M&MFIN,20210526,14:02,156.40,156.50,156.25,156.30,46920,0
M&MFIN,20210526,14:03,156.30,156.45,156.20,156.35,45447,0
M&MFIN,20210526,14:04,156.35,156.45,156.20,156.30,42309,0
M&MFIN,20210526,14:05,156.25,156.30,156.15,156.20,43819,0
M&MFIN,20210526,14:06,156.15,156.40,156.10,156.20,63355,0
M&MFIN,20210526,14:07,156.20,156.45,156.20,156.45,44815,0
M&MFIN,20210526,14:08,156.45,156.50,156.30,156.30,39900,0
M&MFIN,20210526,14:09,156.35,156.45,156.30,156.35,59727,0
M&MFIN,20210526,14:10,156.45,156.45,156.30,156.40,55016,0
M&MFIN,20210526,14:11,156.40,156.50,156.35,156.40,38036,0
M&MFIN,20210526,14:12,156.35,156.50,156.30,156.40,53246,0
M&MFIN,20210526,14:13,156.40,156.50,156.30,156.40,47813,0
M&MFIN,20210526,14:14,156.40,156.40,156.20,156.25,51102,0
M&MFIN,20210526,14:15,156.20,156.35,156.20,156.25,39113,0
M&MFIN,20210526,14:16,156.20,156.25,156.10,156.15,44050,0
M&MFIN,20210526,14:17,156.30,156.35,156.10,156.15,75468,0
M&MFIN,20210526,14:18,156.10,156.30,156.10,156.20,39635,0
M&MFIN,20210526,14:19,156.15,156.25,156.10,156.10,44723,0
M&MFIN,20210526,14:20,156.15,156.20,156.00,156.05,109254,0
M&MFIN,20210526,14:21,156.00,156.15,156.00,156.05,71153,0
M&MFIN,20210526,14:22,156.05,156.15,155.60,155.65,85678,0
M&MFIN,20210526,14:23,155.65,155.80,155.50,155.60,90768,0
M&MFIN,20210526,14:24,155.55,155.75,155.50,155.75,63932,0
M&MFIN,20210526,14:25,155.80,155.80,155.60,155.60,37124,0
M&MFIN,20210526,14:26,155.65,155.80,155.55,155.80,58089,0
M&MFIN,20210526,14:27,155.60,155.75,155.50,155.65,44956,0
M&MFIN,20210526,14:28,155.60,155.80,155.55,155.55,47664,0
M&MFIN,20210526,14:29,155.60,155.80,155.55,155.60,48813,0
M&MFIN,20210526,14:30,155.70,155.70,155.50,155.50,40046,0
M&MFIN,20210526,14:31,155.50,155.60,155.40,155.45,46743,0
M&MFIN,20210526,14:32,155.40,155.50,155.25,155.30,64029,0
M&MFIN,20210526,14:33,155.30,155.45,155.25,155.30,54041,0
M&MFIN,20210526,14:34,155.45,155.45,155.20,155.25,67616,0
M&MFIN,20210526,14:35,155.25,155.75,155.10,155.60,95210,0
M&MFIN,20210526,14:36,155.55,155.85,155.55,155.75,54076,0
M&MFIN,20210526,14:37,155.70,155.85,155.65,155.65,55792,0
M&MFIN,20210526,14:38,155.70,155.85,155.55,155.75,50096,0
M&MFIN,20210526,14:39,155.65,156.05,155.65,155.90,59881,0
M&MFIN,20210526,14:40,155.95,156.00,155.75,155.75,48530,0
M&MFIN,20210526,14:41,155.80,155.95,155.65,155.80,54095,0
M&MFIN,20210526,14:42,155.80,156.00,155.75,155.75,41423,0
M&MFIN,20210526,14:43,155.70,155.85,155.60,155.65,40492,0
M&MFIN,20210526,14:44,155.60,155.75,155.50,155.55,52935,0
M&MFIN,20210526,14:45,155.55,155.95,155.50,155.90,63094,0
M&MFIN,20210526,14:46,155.90,155.95,155.80,155.85,49829,0
M&MFIN,20210526,14:47,155.85,155.95,155.80,155.90,40315,0
M&MFIN,20210526,14:48,155.85,155.90,155.70,155.75,39702,0
M&MFIN,20210526,14:49,155.75,155.85,155.65,155.65,33894,0
M&MFIN,20210526,14:50,155.65,155.80,155.60,155.70,39309,0
M&MFIN,20210526,14:51,155.80,155.80,155.65,155.70,40157,0
M&MFIN,20210526,14:52,155.70,155.80,155.60,155.65,38765,0
M&MFIN,20210526,14:53,155.60,155.75,155.60,155.60,61553,0
M&MFIN,20210526,14:54,155.60,155.70,155.55,155.65,44528,0
M&MFIN,20210526,14:55,155.60,155.70,155.55,155.60,38843,0
M&MFIN,20210526,14:56,155.60,155.70,155.55,155.60,63235,0
M&MFIN,20210526,14:57,155.60,155.70,155.55,155.70,40785,0
M&MFIN,20210526,14:58,155.65,155.70,155.55,155.55,40961,0
M&MFIN,20210526,14:59,155.55,155.60,155.45,155.50,49878,0
M&MFIN,20210526,15:00,155.65,155.65,155.35,155.35,33507,0
M&MFIN,20210526,15:01,155.35,155.40,155.20,155.30,47632,0
M&MFIN,20210526,15:02,155.25,155.35,155.15,155.15,52791,0
M&MFIN,20210526,15:03,155.20,155.30,155.15,155.20,49414,0
M&MFIN,20210526,15:04,155.30,155.35,155.15,155.25,44056,0
M&MFIN,20210526,15:05,155.25,155.40,155.20,155.30,67880,0
M&MFIN,20210526,15:06,155.30,155.40,155.20,155.25,49225,0
M&MFIN,20210526,15:07,155.25,155.35,155.20,155.25,42187,0
M&MFIN,20210526,15:08,155.25,155.30,155.20,155.25,61308,0
M&MFIN,20210526,15:09,155.25,155.35,155.20,155.30,49776,0
M&MFIN,20210526,15:10,155.20,155.30,155.20,155.25,45912,0
M&MFIN,20210526,15:11,155.20,155.30,155.10,155.25,88263,0
M&MFIN,20210526,15:12,155.35,155.35,155.10,155.20,52829,0
M&MFIN,20210526,15:13,155.30,155.45,155.20,155.40,84101,0
M&MFIN,20210526,15:14,155.40,155.45,155.35,155.40,66696,0
M&MFIN,20210526,15:15,155.40,155.45,155.30,155.45,54439,0
M&MFIN,20210526,15:16,155.40,155.45,155.25,155.30,103835,0
M&MFIN,20210526,15:17,155.30,155.55,155.30,155.45,54328,0
M&MFIN,20210526,15:18,155.40,155.55,155.40,155.40,65470,0
M&MFIN,20210526,15:19,155.45,155.50,155.35,155.40,59014,0
M&MFIN,20210526,15:20,155.35,155.45,155.30,155.35,69935,0
M&MFIN,20210526,15:21,155.35,155.55,155.35,155.40,73017,0
M&MFIN,20210526,15:22,155.40,155.50,155.30,155.45,138425,0
M&MFIN,20210526,15:23,155.30,155.55,155.30,155.40,54889,0
M&MFIN,20210526,15:24,155.40,155.55,155.35,155.55,52589,0
M&MFIN,20210526,15:25,155.55,155.60,155.45,155.50,62772,0
M&MFIN,20210526,15:26,155.60,155.60,155.45,155.60,64738,0
M&MFIN,20210526,15:27,155.55,155.60,155.45,155.45,75172,0
M&MFIN,20210526,15:28,155.50,155.60,155.45,155.55,75263,0
M&MFIN,20210526,15:29,155.50,155.70,155.50,155.70,60689,0
M&MFIN,20210526,15:30,155.60,155.85,155.60,155.85,48646,0
M&MFIN,20210526,15:31,155.80,155.80,155.80,155.80,1205,0
M&MFIN,20210526,15:32,155.35,155.35,155.35,155.35,0,0
M&MFIN,20210526,15:41,155.35,155.35,155.35,155.35,4,0
M&MFIN,20210526,16:45,155.35,155.35,155.35,155.35,0,0
