COALINDIA_F1,20170619,09:16,256.6,256.95,256.35,256.35,18700
COALINDIA_F1,20170619,09:17,256.05,256.35,256.05,256.1,13600
COALINDIA_F1,20170619,09:18,256.25,256.5,256.15,256.5,28900
COALINDIA_F1,20170619,09:19,256.25,256.25,256.25,256.25,1700
COALINDIA_F1,20170619,09:20,256.25,256.3,256.2,256.2,13600
COALINDIA_F1,20170619,09:21,256.1,256.45,256.1,256.1,20400
COALINDIA_F1,20170619,09:22,256.1,256.1,256,256,22100
COALINDIA_F1,20170619,09:23,255.8,255.8,255.35,255.45,39100
COALINDIA_F1,20170619,09:24,255.45,255.6,255.45,255.5,23800
COALINDIA_F1,20170619,09:25,255.5,255.65,255.2,255.2,15300
COALINDIA_F1,20170619,09:26,255.1,255.15,255,255,10200
COALINDIA_F1,20170619,09:27,255,255.2,255,255.15,40800
COALINDIA_F1,20170619,09:28,255.2,255.4,255.2,255.4,10200
COALINDIA_F1,20170619,09:29,255.5,255.5,255.25,255.25,11900
COALINDIA_F1,20170619,09:30,255.25,255.45,255.25,255.25,13600
COALINDIA_F1,20170619,09:31,255.3,255.3,255.15,255.25,22100
COALINDIA_F1,20170619,09:32,255.05,255.15,255.05,255.15,8500
COALINDIA_F1,20170619,09:33,255.2,255.3,255.2,255.3,10200
COALINDIA_F1,20170619,09:34,255.25,255.25,255.25,255.25,15300
COALINDIA_F1,20170619,09:35,255.25,255.25,255.2,255.25,8500
COALINDIA_F1,20170619,09:36,255.15,255.4,255.15,255.4,10200
COALINDIA_F1,20170619,09:37,255.45,255.45,255.45,255.45,3400
COALINDIA_F1,20170619,09:38,255.75,255.75,255.65,255.7,39100
COALINDIA_F1,20170619,09:39,255.4,255.65,255.4,255.65,13600
COALINDIA_F1,20170619,09:41,255.7,255.75,255.7,255.75,8500
COALINDIA_F1,20170619,09:42,255.75,255.75,255.75,255.75,5100
COALINDIA_F1,20170619,09:43,255.65,255.85,255.65,255.75,15300
COALINDIA_F1,20170619,09:44,255.75,255.75,255.7,255.7,6800
COALINDIA_F1,20170619,09:45,255.55,255.55,255.55,255.55,8500
COALINDIA_F1,20170619,09:46,255.6,255.6,255.55,255.55,3400
COALINDIA_F1,20170619,09:47,255.55,255.55,255.35,255.35,13600
COALINDIA_F1,20170619,09:48,255.3,255.3,255.3,255.3,1700
COALINDIA_F1,20170619,09:49,255.35,255.35,255.35,255.35,5100
COALINDIA_F1,20170619,09:50,255,255.05,255,255.05,10200
COALINDIA_F1,20170619,09:51,255,255,254.8,254.8,27200
COALINDIA_F1,20170619,09:52,254.8,254.8,254.7,254.75,6800
COALINDIA_F1,20170619,09:53,254.65,254.7,254.55,254.55,15300
COALINDIA_F1,20170619,09:54,254.4,254.55,254.4,254.55,18700
COALINDIA_F1,20170619,09:55,254.5,254.5,254.45,254.5,18700
COALINDIA_F1,20170619,09:56,254.55,254.6,254.5,254.5,28900
COALINDIA_F1,20170619,09:57,254.5,254.55,254.5,254.5,8500
COALINDIA_F1,20170619,09:58,254.6,254.6,254.6,254.6,1700
COALINDIA_F1,20170619,09:59,254.65,254.65,254.6,254.6,3400
COALINDIA_F1,20170619,10:00,254.55,254.6,254.55,254.6,13600
COALINDIA_F1,20170619,10:01,254.6,254.65,254.55,254.65,10200
COALINDIA_F1,20170619,10:02,254.65,254.8,254.65,254.8,11900
COALINDIA_F1,20170619,10:03,254.8,254.8,254.7,254.7,10200
COALINDIA_F1,20170619,10:04,254.7,254.75,254.65,254.75,10200
COALINDIA_F1,20170619,10:05,254.85,254.85,254.7,254.75,15300
COALINDIA_F1,20170619,10:06,254.8,254.8,254.65,254.65,6800
COALINDIA_F1,20170619,10:07,254.7,254.7,254.7,254.7,6800
COALINDIA_F1,20170619,10:08,254.85,254.85,254.85,254.85,1700
COALINDIA_F1,20170619,10:09,254.85,255,254.85,255,10200
COALINDIA_F1,20170619,10:10,254.9,255.05,254.9,255.05,8500
COALINDIA_F1,20170619,10:11,254.9,254.9,254.9,254.9,1700
COALINDIA_F1,20170619,10:12,254.75,254.75,254.75,254.75,6800
COALINDIA_F1,20170619,10:13,254.7,254.7,254.7,254.7,1700
COALINDIA_F1,20170619,10:14,254.65,254.65,254.65,254.65,5100
COALINDIA_F1,20170619,10:15,254.55,254.55,254.45,254.45,11900
COALINDIA_F1,20170619,10:16,254.45,254.55,254.45,254.55,8500
COALINDIA_F1,20170619,10:17,254.5,254.55,254.5,254.55,8500
COALINDIA_F1,20170619,10:18,254.6,254.6,254.55,254.6,8500
COALINDIA_F1,20170619,10:19,254.6,254.65,254.45,254.45,5100
COALINDIA_F1,20170619,10:20,254.55,254.55,254.55,254.55,3400
COALINDIA_F1,20170619,10:21,254.6,254.6,254.55,254.55,3400
COALINDIA_F1,20170619,10:22,254.4,254.4,254.3,254.3,22100
COALINDIA_F1,20170619,10:23,254.3,254.3,254.3,254.3,5100
COALINDIA_F1,20170619,10:25,254.3,254.4,254.3,254.4,8500
COALINDIA_F1,20170619,10:26,254.2,254.3,254.2,254.3,3400
COALINDIA_F1,20170619,10:27,254.3,254.3,254.3,254.3,1700
COALINDIA_F1,20170619,10:29,254.35,254.35,254.25,254.25,13600
COALINDIA_F1,20170619,10:30,254.25,254.25,254.25,254.25,1700
COALINDIA_F1,20170619,10:31,254.3,254.3,254.2,254.3,5100
COALINDIA_F1,20170619,10:32,254.25,254.25,254.1,254.1,35700
COALINDIA_F1,20170619,10:33,254.1,254.1,254,254,71400
COALINDIA_F1,20170619,10:34,253.8,253.8,253.5,253.7,64600
COALINDIA_F1,20170619,10:35,253.7,253.75,253.7,253.75,32300
COALINDIA_F1,20170619,10:36,253.7,253.75,253.7,253.75,32300
COALINDIA_F1,20170619,10:37,253.75,253.75,253.45,253.55,32300
COALINDIA_F1,20170619,10:38,253.6,253.8,253.6,253.7,22100
COALINDIA_F1,20170619,10:39,253.65,253.7,253.35,253.35,40800
COALINDIA_F1,20170619,10:40,253.3,253.45,253.2,253.35,90100
COALINDIA_F1,20170619,10:41,253.35,253.35,253.2,253.2,13600
COALINDIA_F1,20170619,10:42,253.2,253.25,253.15,253.25,17000
COALINDIA_F1,20170619,10:43,253.2,253.3,253.15,253.15,18700
COALINDIA_F1,20170619,10:44,253.3,253.3,253.2,253.2,5100
COALINDIA_F1,20170619,10:45,253.3,253.3,253.3,253.3,1700
COALINDIA_F1,20170619,10:46,253.25,253.25,253.25,253.25,13600
COALINDIA_F1,20170619,10:47,253.25,253.3,253.1,253.3,20400
COALINDIA_F1,20170619,10:48,253.2,253.2,253.2,253.2,3400
COALINDIA_F1,20170619,10:49,253.15,253.3,253.15,253.15,15300
COALINDIA_F1,20170619,10:50,253.15,253.15,253.15,253.15,3400
COALINDIA_F1,20170619,10:51,253.2,253.35,253.15,253.35,15300
COALINDIA_F1,20170619,10:52,253.25,253.3,253.1,253.1,10200
COALINDIA_F1,20170619,10:53,253.2,253.2,253.05,253.15,6800
COALINDIA_F1,20170619,10:54,253.2,253.2,252.9,252.9,49300
COALINDIA_F1,20170619,10:55,252.9,252.95,252.4,252.5,115600
COALINDIA_F1,20170619,10:56,252.4,252.5,252.35,252.5,18700
COALINDIA_F1,20170619,10:57,252.45,252.6,252.4,252.55,25500
COALINDIA_F1,20170619,10:58,252.55,252.6,252.35,252.35,13600
COALINDIA_F1,20170619,10:59,252.45,252.5,252.2,252.3,28900
COALINDIA_F1,20170619,11:00,252.15,252.4,252.15,252.4,30600
COALINDIA_F1,20170619,11:01,252.35,252.35,252.3,252.3,5100
COALINDIA_F1,20170619,11:02,252.5,252.5,252.45,252.45,6800
COALINDIA_F1,20170619,11:03,252.7,252.9,252.7,252.9,18700
COALINDIA_F1,20170619,11:04,252.75,252.95,252.75,252.8,13600
COALINDIA_F1,20170619,11:05,252.8,252.9,252.8,252.9,11900
COALINDIA_F1,20170619,11:06,252.65,252.8,252.65,252.8,6800
COALINDIA_F1,20170619,11:07,252.75,252.75,252.6,252.6,27200
COALINDIA_F1,20170619,11:08,252.65,252.75,252.65,252.75,30600
COALINDIA_F1,20170619,11:09,252.8,253.05,252.8,252.95,23800
COALINDIA_F1,20170619,11:10,252.95,253,252.95,253,5100
COALINDIA_F1,20170619,11:11,253.1,253.1,252.5,252.55,96900
COALINDIA_F1,20170619,11:12,252.55,252.65,252.55,252.65,3400
COALINDIA_F1,20170619,11:13,252.65,252.65,252.65,252.65,1700
COALINDIA_F1,20170619,11:14,252.8,252.8,252.7,252.7,3400
COALINDIA_F1,20170619,11:15,252.9,253.05,252.9,253.05,10200
COALINDIA_F1,20170619,11:16,252.95,252.95,252.85,252.85,13600
COALINDIA_F1,20170619,11:17,252.85,252.95,252.8,252.85,13600
COALINDIA_F1,20170619,11:18,252.8,252.8,252.8,252.8,6800
COALINDIA_F1,20170619,11:20,252.8,252.8,252.8,252.8,1700
COALINDIA_F1,20170619,11:21,252.8,252.9,252.6,252.6,47600
COALINDIA_F1,20170619,11:22,252.7,252.7,252.7,252.7,3400
COALINDIA_F1,20170619,11:23,252.8,252.9,252.8,252.85,13600
COALINDIA_F1,20170619,11:24,252.9,252.9,252.8,252.8,5100
COALINDIA_F1,20170619,11:25,252.75,252.75,252.75,252.75,1700
COALINDIA_F1,20170619,11:26,252.8,252.8,252.8,252.8,1700
COALINDIA_F1,20170619,11:27,252.85,252.85,252.85,252.85,6800
COALINDIA_F1,20170619,11:28,252.9,252.9,252.85,252.85,3400
COALINDIA_F1,20170619,11:29,252.75,252.75,252.7,252.7,6800
COALINDIA_F1,20170619,11:30,252.7,252.7,252.65,252.65,10200
COALINDIA_F1,20170619,11:31,252.75,252.75,252.75,252.75,5100
COALINDIA_F1,20170619,11:32,252.65,252.75,252.65,252.7,11900
COALINDIA_F1,20170619,11:33,252.6,252.6,252.6,252.6,1700
COALINDIA_F1,20170619,11:34,252.55,252.6,252.55,252.55,5100
COALINDIA_F1,20170619,11:35,252.6,252.6,252.5,252.6,11900
COALINDIA_F1,20170619,11:36,252.55,252.6,252.5,252.6,15300
COALINDIA_F1,20170619,11:37,252.5,252.6,252.5,252.6,10200
COALINDIA_F1,20170619,11:38,252.6,252.65,252.5,252.65,10200
COALINDIA_F1,20170619,11:39,252.65,252.65,252.65,252.65,1700
COALINDIA_F1,20170619,11:40,252.5,252.6,252.5,252.6,3400
COALINDIA_F1,20170619,11:41,252.5,252.6,252.5,252.5,5100
COALINDIA_F1,20170619,11:42,252.65,252.7,252.5,252.7,8500
COALINDIA_F1,20170619,11:46,252.55,252.55,252.5,252.5,10200
COALINDIA_F1,20170619,11:48,252.5,252.55,252.5,252.55,3400
COALINDIA_F1,20170619,11:49,252.5,252.65,252.5,252.65,5100
COALINDIA_F1,20170619,11:50,252.35,252.35,252.3,252.3,32300
COALINDIA_F1,20170619,11:51,252.45,252.65,252.45,252.65,3400
COALINDIA_F1,20170619,11:52,252.5,252.6,252.5,252.6,5100
COALINDIA_F1,20170619,11:53,252.45,252.45,252.45,252.45,3400
COALINDIA_F1,20170619,11:54,252.45,252.45,252.45,252.45,1700
COALINDIA_F1,20170619,11:55,252.6,252.6,252.5,252.6,5100
COALINDIA_F1,20170619,11:56,252.55,252.55,252.55,252.55,1700
COALINDIA_F1,20170619,11:57,252.5,252.55,252.4,252.45,18700
COALINDIA_F1,20170619,11:58,252.45,252.45,252.45,252.45,1700
COALINDIA_F1,20170619,11:59,252.5,252.5,252.3,252.5,11900
COALINDIA_F1,20170619,12:01,252.5,252.5,252.5,252.5,3400
COALINDIA_F1,20170619,12:02,252.5,252.65,252.5,252.65,17000
COALINDIA_F1,20170619,12:04,252.7,252.7,252.7,252.7,5100
COALINDIA_F1,20170619,12:05,252.7,252.7,252.6,252.6,5100
COALINDIA_F1,20170619,12:06,252.75,252.75,252.65,252.7,6800
COALINDIA_F1,20170619,12:07,252.7,252.7,252.7,252.7,1700
COALINDIA_F1,20170619,12:09,252.7,252.7,252.7,252.7,1700
COALINDIA_F1,20170619,12:10,252.65,252.65,252.6,252.65,5100
COALINDIA_F1,20170619,12:12,252.7,252.7,252.65,252.65,3400
COALINDIA_F1,20170619,12:13,252.75,252.75,252.75,252.75,1700
COALINDIA_F1,20170619,12:16,252.75,252.75,252.75,252.75,1700
COALINDIA_F1,20170619,12:17,252.75,252.75,252.75,252.75,1700
COALINDIA_F1,20170619,12:18,252.75,252.75,252.75,252.75,1700
COALINDIA_F1,20170619,12:19,252.8,252.8,252.8,252.8,1700
COALINDIA_F1,20170619,12:22,252.85,252.85,252.8,252.8,5100
COALINDIA_F1,20170619,12:23,252.7,252.7,252.7,252.7,1700
COALINDIA_F1,20170619,12:24,252.85,252.85,252.85,252.85,3400
COALINDIA_F1,20170619,12:25,252.9,252.9,252.85,252.85,13600
COALINDIA_F1,20170619,12:26,252.75,252.9,252.75,252.9,3400
COALINDIA_F1,20170619,12:27,252.9,252.9,252.9,252.9,8500
COALINDIA_F1,20170619,12:28,252.9,252.9,252.9,252.9,8500
COALINDIA_F1,20170619,12:29,253,253.35,252.95,253.35,23800
COALINDIA_F1,20170619,12:30,253.25,253.65,253.2,253.5,81600
COALINDIA_F1,20170619,12:31,253.7,253.7,253.55,253.55,13600
COALINDIA_F1,20170619,12:32,253.55,253.55,253.5,253.55,39100
COALINDIA_F1,20170619,12:33,253.5,253.6,253.5,253.6,10200
COALINDIA_F1,20170619,12:34,253.55,253.6,253.5,253.5,22100
COALINDIA_F1,20170619,12:35,253.5,253.65,253.5,253.55,6800
COALINDIA_F1,20170619,12:36,253.5,253.5,253.45,253.5,25500
COALINDIA_F1,20170619,12:37,253.65,253.7,253.65,253.7,3400
COALINDIA_F1,20170619,12:38,253.7,253.7,253.65,253.65,18700
COALINDIA_F1,20170619,12:39,253.65,253.65,253.65,253.65,8500
COALINDIA_F1,20170619,12:40,253.7,253.7,253.65,253.65,6800
COALINDIA_F1,20170619,12:41,253.8,253.95,253.8,253.95,45900
COALINDIA_F1,20170619,12:42,253.95,253.95,253.95,253.95,6800
COALINDIA_F1,20170619,12:43,253.95,253.95,253.85,253.85,6800
COALINDIA_F1,20170619,12:44,253.85,253.85,253.8,253.8,5100
COALINDIA_F1,20170619,12:45,253.8,253.85,253.8,253.85,3400
COALINDIA_F1,20170619,12:47,253.65,253.65,253.65,253.65,5100
COALINDIA_F1,20170619,12:48,253.7,253.8,253.7,253.8,5100
COALINDIA_F1,20170619,12:49,253.7,253.7,253.65,253.7,5100
COALINDIA_F1,20170619,12:55,253.65,253.65,253.55,253.55,5100
COALINDIA_F1,20170619,12:57,253.65,253.65,253.65,253.65,1700
COALINDIA_F1,20170619,12:58,253.55,253.55,253.55,253.55,1700
COALINDIA_F1,20170619,13:00,253.6,253.6,253.6,253.6,1700
COALINDIA_F1,20170619,13:03,253.6,253.6,253.6,253.6,1700
COALINDIA_F1,20170619,13:05,253.6,253.6,253.6,253.6,1700
COALINDIA_F1,20170619,13:06,253.7,253.75,253.7,253.75,6800
COALINDIA_F1,20170619,13:07,253.75,253.75,253.75,253.75,3400
COALINDIA_F1,20170619,13:10,253.75,253.75,253.7,253.7,6800
COALINDIA_F1,20170619,13:11,253.8,253.8,253.8,253.8,1700
COALINDIA_F1,20170619,13:12,253.8,253.8,253.75,253.75,3400
COALINDIA_F1,20170619,13:13,253.8,253.8,253.8,253.8,5100
COALINDIA_F1,20170619,13:14,253.8,253.8,253.8,253.8,1700
COALINDIA_F1,20170619,13:15,253.8,253.8,253.8,253.8,1700
COALINDIA_F1,20170619,13:16,253.8,253.8,253.8,253.8,3400
COALINDIA_F1,20170619,13:17,253.85,253.85,253.85,253.85,1700
COALINDIA_F1,20170619,13:19,253.8,253.8,253.8,253.8,1700
COALINDIA_F1,20170619,13:21,253.7,253.7,253.7,253.7,1700
COALINDIA_F1,20170619,13:22,253.75,253.75,253.6,253.6,3400
COALINDIA_F1,20170619,13:25,253.7,253.7,253.7,253.7,1700
COALINDIA_F1,20170619,13:26,253.6,253.6,253.6,253.6,1700
COALINDIA_F1,20170619,13:28,253.7,253.7,253.6,253.6,5100
COALINDIA_F1,20170619,13:29,253.65,253.65,253.65,253.65,1700
COALINDIA_F1,20170619,13:31,253.65,253.65,253.65,253.65,1700
COALINDIA_F1,20170619,13:32,253.75,253.8,253.75,253.8,10200
COALINDIA_F1,20170619,13:33,253.85,253.85,253.85,253.85,1700
COALINDIA_F1,20170619,13:34,253.8,253.8,253.8,253.8,1700
COALINDIA_F1,20170619,13:36,253.8,253.8,253.8,253.8,1700
COALINDIA_F1,20170619,13:40,253.9,253.9,253.9,253.9,1700
COALINDIA_F1,20170619,13:41,253.9,253.9,253.85,253.85,8500
COALINDIA_F1,20170619,13:42,253.75,253.75,253.75,253.75,1700
COALINDIA_F1,20170619,13:43,253.75,253.75,253.75,253.75,3400
COALINDIA_F1,20170619,13:44,253.9,254.25,253.9,254.25,23800
COALINDIA_F1,20170619,13:45,254.35,254.35,254.1,254.1,25500
COALINDIA_F1,20170619,13:46,254.4,254.65,254.4,254.4,40800
COALINDIA_F1,20170619,13:47,254.2,254.35,254.15,254.15,10200
COALINDIA_F1,20170619,13:48,254.25,254.3,254.1,254.1,18700
COALINDIA_F1,20170619,13:49,254.1,254.25,254.1,254.25,6800
COALINDIA_F1,20170619,13:50,254.35,254.4,254.25,254.25,6800
COALINDIA_F1,20170619,13:51,254.35,254.4,254.25,254.4,6800
COALINDIA_F1,20170619,13:52,254.5,254.5,254.35,254.35,8500
COALINDIA_F1,20170619,13:56,254.3,254.3,254.3,254.3,3400
COALINDIA_F1,20170619,13:57,254.35,254.35,254.35,254.35,1700
COALINDIA_F1,20170619,13:58,254.35,254.5,254.35,254.35,10200
COALINDIA_F1,20170619,13:59,254.45,254.5,254.45,254.5,5100
COALINDIA_F1,20170619,14:00,254.5,254.6,254.5,254.5,13600
COALINDIA_F1,20170619,14:01,254.6,254.6,254.6,254.6,5100
COALINDIA_F1,20170619,14:02,254.65,254.65,254.5,254.5,8500
COALINDIA_F1,20170619,14:04,254.45,254.45,254.45,254.45,1700
COALINDIA_F1,20170619,14:05,254.6,254.75,254.45,254.45,13600
COALINDIA_F1,20170619,14:06,254.7,254.75,254.7,254.75,5100
COALINDIA_F1,20170619,14:07,254.7,254.7,254.7,254.7,3400
COALINDIA_F1,20170619,14:08,254.75,254.75,254.75,254.75,5100
COALINDIA_F1,20170619,14:09,254.7,254.7,254.7,254.7,3400
COALINDIA_F1,20170619,14:10,254.75,254.8,254.75,254.8,15300
COALINDIA_F1,20170619,14:11,254.75,254.8,254.75,254.8,13600
COALINDIA_F1,20170619,14:12,254.85,254.85,254.85,254.85,3400
COALINDIA_F1,20170619,14:13,254.65,254.65,254.65,254.65,3400
COALINDIA_F1,20170619,14:14,254.7,254.7,254.7,254.7,1700
COALINDIA_F1,20170619,14:15,254.65,254.75,254.65,254.65,13600
COALINDIA_F1,20170619,14:16,254.85,254.9,254.85,254.9,5100
COALINDIA_F1,20170619,14:17,254.75,254.8,254.75,254.8,3400
COALINDIA_F1,20170619,14:18,254.9,254.9,254.9,254.9,1700
COALINDIA_F1,20170619,14:20,254.85,255,254.85,255,22100
COALINDIA_F1,20170619,14:21,255.05,255.05,254.8,254.85,25500
COALINDIA_F1,20170619,14:22,255,255.15,255,255.15,17000
COALINDIA_F1,20170619,14:23,255.1,255.1,255,255,5100
COALINDIA_F1,20170619,14:25,254.95,254.95,254.95,254.95,3400
COALINDIA_F1,20170619,14:26,255.1,255.1,255.05,255.05,3400
COALINDIA_F1,20170619,14:27,255.05,255.1,254.95,254.95,18700
COALINDIA_F1,20170619,14:28,255.1,255.2,255.05,255.05,13600
COALINDIA_F1,20170619,14:29,255.15,255.15,255.15,255.15,1700
COALINDIA_F1,20170619,14:30,255.15,255.15,255,255.1,10200
COALINDIA_F1,20170619,14:31,255.15,255.2,255.05,255.2,8500
COALINDIA_F1,20170619,14:32,255.1,255.2,255.05,255.05,5100
COALINDIA_F1,20170619,14:33,255,255.2,255,255.2,17000
COALINDIA_F1,20170619,14:34,255.15,255.35,255.15,255.35,13600
COALINDIA_F1,20170619,14:35,255.25,255.25,255.25,255.25,1700
COALINDIA_F1,20170619,14:36,255.2,255.65,255.2,255.3,44200
COALINDIA_F1,20170619,14:37,255.25,255.3,255.25,255.3,10200
COALINDIA_F1,20170619,14:38,255.4,255.4,255.15,255.15,8500
COALINDIA_F1,20170619,14:40,255.05,255.05,255.05,255.05,1700
COALINDIA_F1,20170619,14:41,255.1,255.1,255.1,255.1,1700
COALINDIA_F1,20170619,14:42,255,255,255,255,1700
COALINDIA_F1,20170619,14:43,255,255.1,255,255.05,8500
COALINDIA_F1,20170619,14:44,255,255,255,255,1700
COALINDIA_F1,20170619,14:45,254.9,254.9,254.9,254.9,5100
COALINDIA_F1,20170619,14:46,254.8,254.8,254.7,254.7,13600
COALINDIA_F1,20170619,14:47,254.8,254.8,254.55,254.55,3400
COALINDIA_F1,20170619,14:48,254.6,254.65,254.6,254.65,3400
COALINDIA_F1,20170619,14:49,254.6,254.6,254.6,254.6,3400
COALINDIA_F1,20170619,14:50,254.6,254.75,254.6,254.75,5100
COALINDIA_F1,20170619,14:51,254.5,254.5,254.35,254.35,8500
COALINDIA_F1,20170619,14:52,254.2,254.35,254.2,254.35,15300
COALINDIA_F1,20170619,14:53,254.2,254.2,254.1,254.1,10200
COALINDIA_F1,20170619,14:54,254,254,253.8,254,34000
COALINDIA_F1,20170619,14:55,254.1,254.4,254.1,254.4,8500
COALINDIA_F1,20170619,14:56,254.45,254.45,254.35,254.4,5100
COALINDIA_F1,20170619,14:57,254.2,254.2,254.2,254.2,1700
COALINDIA_F1,20170619,14:58,254.35,254.35,254.15,254.15,13600
COALINDIA_F1,20170619,14:59,254.2,254.2,254.1,254.1,11900
COALINDIA_F1,20170619,15:00,254.2,254.2,254.15,254.2,15300
COALINDIA_F1,20170619,15:01,254.2,254.2,254.05,254.05,3400
COALINDIA_F1,20170619,15:02,254.35,254.6,254.35,254.6,11900
COALINDIA_F1,20170619,15:03,254.7,254.7,254.6,254.6,6800
COALINDIA_F1,20170619,15:04,254.65,254.65,254.65,254.65,3400
COALINDIA_F1,20170619,15:05,254.6,254.6,254.55,254.55,3400
COALINDIA_F1,20170619,15:06,254.65,254.75,254.65,254.75,6800
COALINDIA_F1,20170619,15:07,254.55,254.55,254.5,254.5,11900
COALINDIA_F1,20170619,15:09,254.6,254.6,254.45,254.45,6800
COALINDIA_F1,20170619,15:10,254.65,254.65,254.6,254.6,5100
COALINDIA_F1,20170619,15:11,254.65,254.65,254.65,254.65,5100
COALINDIA_F1,20170619,15:12,254.6,254.6,254.6,254.6,8500
COALINDIA_F1,20170619,15:13,254.7,254.75,254.6,254.6,6800
COALINDIA_F1,20170619,15:14,254.6,254.7,254.6,254.7,8500
COALINDIA_F1,20170619,15:15,254.7,254.8,254.7,254.8,13600
COALINDIA_F1,20170619,15:16,254.8,254.85,254.75,254.75,15300
COALINDIA_F1,20170619,15:17,254.8,254.85,254.8,254.85,11900
COALINDIA_F1,20170619,15:18,254.8,254.8,254.7,254.7,8500
COALINDIA_F1,20170619,15:19,254.75,254.75,254.75,254.75,6800
COALINDIA_F1,20170619,15:20,254.7,254.75,254.55,254.75,18700
COALINDIA_F1,20170619,15:21,254.7,254.8,254.65,254.7,27200
COALINDIA_F1,20170619,15:22,254.75,254.75,254.65,254.7,10200
COALINDIA_F1,20170619,15:23,254.65,254.65,254.65,254.65,17000
COALINDIA_F1,20170619,15:24,254.65,254.65,254.6,254.6,10200
COALINDIA_F1,20170619,15:25,254.7,254.7,254.6,254.6,11900
COALINDIA_F1,20170619,15:26,254.6,254.65,254.6,254.65,10200
COALINDIA_F1,20170619,15:27,254.65,254.75,254.65,254.75,17000
COALINDIA_F1,20170619,15:28,254.7,254.7,254.65,254.65,6800
COALINDIA_F1,20170619,15:29,254.7,254.7,254.6,254.6,8500
COALINDIA_F1,20170619,15:30,254.55,254.9,254.55,254.9,39100
COALINDIA_F1,20170619,16:31,254.7,254.7,254.7,254.7,1
