COALINDIA_F1,20220118,09:16,164.55,164.75,164.50,164.75,54600,39139800
COALINDIA_F1,20220118,09:17,164.75,164.85,164.75,164.80,92400,39139800
COALINDIA_F1,20220118,09:18,164.75,164.75,164.65,164.70,37800,39160800
COALINDIA_F1,20220118,09:19,164.85,164.85,164.50,164.50,42000,39160800
COALINDIA_F1,20220118,09:20,164.35,164.60,164.35,164.60,63000,39160800
COALINDIA_F1,20220118,09:21,164.60,164.60,164.60,164.60,21000,39160800
COALINDIA_F1,20220118,09:22,164.65,164.65,164.65,164.65,29400,39190200
COALINDIA_F1,20220118,09:23,164.65,165.00,164.65,164.90,71400,39190200
COALINDIA_F1,20220118,09:24,165.30,165.55,165.30,165.55,231000,39253200
COALINDIA_F1,20220118,09:25,165.45,165.50,165.45,165.45,46200,39253200
COALINDIA_F1,20220118,09:26,165.35,165.35,165.25,165.25,109200,39253200
COALINDIA_F1,20220118,09:27,165.25,165.30,165.25,165.30,42000,39307800
COALINDIA_F1,20220118,09:28,165.25,165.25,164.95,164.95,29400,39307800
COALINDIA_F1,20220118,09:29,165.00,165.00,164.95,164.95,12600,39307800
COALINDIA_F1,20220118,09:30,165.00,165.05,165.00,165.00,54600,39320400
COALINDIA_F1,20220118,09:31,164.85,164.85,164.70,164.75,33600,39320400
COALINDIA_F1,20220118,09:32,164.75,164.80,164.75,164.80,16800,39320400
COALINDIA_F1,20220118,09:33,164.70,164.70,164.60,164.60,21000,39320400
COALINDIA_F1,20220118,09:34,164.60,164.60,164.45,164.45,25200,39324600
COALINDIA_F1,20220118,09:35,164.55,164.55,164.45,164.45,12600,39324600
COALINDIA_F1,20220118,09:36,164.40,164.40,164.30,164.30,67200,39299400
COALINDIA_F1,20220118,09:37,164.25,164.25,164.20,164.20,8400,39299400
COALINDIA_F1,20220118,09:38,164.20,164.25,164.10,164.10,21000,39299400
COALINDIA_F1,20220118,09:39,163.85,163.85,163.80,163.80,58800,39291000
COALINDIA_F1,20220118,09:40,163.90,163.90,163.90,163.90,12600,39291000
COALINDIA_F1,20220118,09:41,163.80,163.80,163.60,163.60,33600,39291000
COALINDIA_F1,20220118,09:42,163.55,163.75,163.50,163.75,25200,39270000
COALINDIA_F1,20220118,09:43,163.65,163.65,163.50,163.50,142800,39270000
COALINDIA_F1,20220118,09:44,163.30,163.75,163.30,163.75,121800,39270000
COALINDIA_F1,20220118,09:45,163.65,163.80,163.65,163.80,33600,39274200
COALINDIA_F1,20220118,09:46,163.70,163.80,163.70,163.80,21000,39274200
COALINDIA_F1,20220118,09:47,163.65,163.95,163.65,163.95,71400,39274200
COALINDIA_F1,20220118,09:48,164.10,164.15,164.05,164.05,37800,39320400
COALINDIA_F1,20220118,09:49,164.00,164.15,164.00,164.15,37800,39320400
COALINDIA_F1,20220118,09:50,164.10,164.10,164.10,164.10,8400,39320400
COALINDIA_F1,20220118,09:51,164.15,164.15,164.10,164.10,12600,39320400
COALINDIA_F1,20220118,09:52,164.20,164.25,164.15,164.20,25200,39328800
COALINDIA_F1,20220118,09:53,164.00,164.00,163.85,163.85,50400,39328800
COALINDIA_F1,20220118,09:54,163.85,163.95,163.80,163.95,29400,39320400
COALINDIA_F1,20220118,09:55,163.95,163.95,163.95,163.95,4200,39320400
COALINDIA_F1,20220118,09:56,163.90,163.95,163.80,163.80,37800,39320400
COALINDIA_F1,20220118,09:57,163.75,163.85,163.75,163.85,163800,39324600
COALINDIA_F1,20220118,09:58,163.80,163.80,163.80,163.80,197400,39324600
COALINDIA_F1,20220118,09:59,163.65,163.65,163.55,163.60,29400,39324600
COALINDIA_F1,20220118,10:00,163.50,163.50,163.50,163.50,12600,39324600
COALINDIA_F1,20220118,10:01,163.40,163.50,163.25,163.50,46200,39412800
COALINDIA_F1,20220118,10:02,163.60,163.65,163.60,163.65,33600,39412800
COALINDIA_F1,20220118,10:03,163.70,163.70,163.70,163.70,4200,39412800
COALINDIA_F1,20220118,10:04,163.70,163.85,163.70,163.85,8400,39429600
COALINDIA_F1,20220118,10:06,163.85,163.85,163.80,163.80,71400,39438000
COALINDIA_F1,20220118,10:07,163.75,163.75,163.75,163.75,21000,39438000
COALINDIA_F1,20220118,10:08,163.75,163.75,163.75,163.75,8400,39438000
COALINDIA_F1,20220118,10:09,163.80,163.80,163.80,163.80,8400,39438000
COALINDIA_F1,20220118,10:10,163.75,163.75,163.75,163.75,21000,39438000
COALINDIA_F1,20220118,10:11,163.75,163.75,163.65,163.65,121800,39438000
COALINDIA_F1,20220118,10:12,163.70,163.70,163.70,163.70,4200,39438000
COALINDIA_F1,20220118,10:14,163.65,163.65,163.65,163.65,8400,39442200
COALINDIA_F1,20220118,10:15,163.60,163.70,163.60,163.70,33600,39442200
COALINDIA_F1,20220118,10:16,163.65,163.65,163.60,163.60,12600,39438000
COALINDIA_F1,20220118,10:17,163.50,163.50,163.50,163.50,8400,39438000
COALINDIA_F1,20220118,10:18,163.35,163.35,163.25,163.25,16800,39391800
COALINDIA_F1,20220118,10:19,163.25,163.30,163.25,163.30,12600,39391800
COALINDIA_F1,20220118,10:20,163.25,163.25,163.10,163.15,33600,39391800
COALINDIA_F1,20220118,10:21,163.15,163.15,163.15,163.15,4200,39391800
COALINDIA_F1,20220118,10:22,162.95,163.00,162.95,162.95,67200,39387600
COALINDIA_F1,20220118,10:23,162.70,162.80,162.70,162.70,130200,39387600
COALINDIA_F1,20220118,10:24,162.85,162.85,162.85,162.85,12600,39387600
COALINDIA_F1,20220118,10:25,162.90,163.00,162.90,163.00,29400,39400200
COALINDIA_F1,20220118,10:26,163.20,163.30,163.20,163.30,79800,39400200
COALINDIA_F1,20220118,10:28,163.40,163.40,163.40,163.40,4200,39450600
COALINDIA_F1,20220118,10:29,163.35,163.35,163.35,163.35,4200,39450600
COALINDIA_F1,20220118,10:30,163.45,163.45,163.40,163.40,25200,39450600
COALINDIA_F1,20220118,10:32,163.25,163.30,163.25,163.30,25200,39467400
COALINDIA_F1,20220118,10:35,163.40,163.45,163.40,163.45,33600,39467400
COALINDIA_F1,20220118,10:36,163.40,163.40,163.40,163.40,4200,39467400
COALINDIA_F1,20220118,10:37,163.30,163.30,163.30,163.30,21000,39475800
COALINDIA_F1,20220118,10:39,163.20,163.45,163.20,163.45,67200,39475800
COALINDIA_F1,20220118,10:40,163.25,163.25,163.20,163.20,42000,39509400
COALINDIA_F1,20220118,10:41,163.25,163.25,163.25,163.25,4200,39509400
COALINDIA_F1,20220118,10:42,163.45,163.45,163.45,163.45,16800,39509400
COALINDIA_F1,20220118,10:43,163.60,163.60,163.60,163.60,126000,39513600
COALINDIA_F1,20220118,10:44,163.65,163.65,163.65,163.65,4200,39513600
COALINDIA_F1,20220118,10:45,163.55,163.55,163.55,163.55,12600,39513600
COALINDIA_F1,20220118,10:46,163.50,163.50,163.50,163.50,16800,39484200
COALINDIA_F1,20220118,10:47,163.40,163.50,163.40,163.50,109200,39484200
COALINDIA_F1,20220118,10:48,163.50,163.55,163.50,163.55,12600,39484200
COALINDIA_F1,20220118,10:49,163.50,163.50,163.50,163.50,8400,39463200
COALINDIA_F1,20220118,10:50,163.55,163.55,163.55,163.55,8400,39463200
COALINDIA_F1,20220118,10:51,163.55,163.55,163.55,163.55,8400,39463200
COALINDIA_F1,20220118,10:52,163.55,163.55,163.55,163.55,4200,39454800
COALINDIA_F1,20220118,10:53,163.55,163.55,163.55,163.55,12600,39454800
COALINDIA_F1,20220118,10:55,163.55,163.55,163.55,163.55,4200,39454800
COALINDIA_F1,20220118,10:56,163.50,163.55,163.50,163.55,29400,39454800
COALINDIA_F1,20220118,10:57,163.45,163.45,163.45,163.45,4200,39454800
COALINDIA_F1,20220118,10:58,163.40,163.40,163.40,163.40,4200,39454800
COALINDIA_F1,20220118,10:59,163.40,163.40,163.40,163.40,12600,39475800
COALINDIA_F1,20220118,11:01,163.40,163.40,163.35,163.35,8400,39471600
COALINDIA_F1,20220118,11:04,163.40,163.40,163.40,163.40,8400,39475800
COALINDIA_F1,20220118,11:05,163.35,163.35,163.35,163.35,12600,39475800
COALINDIA_F1,20220118,11:08,163.25,163.25,163.25,163.25,42000,39467400
COALINDIA_F1,20220118,11:09,163.30,163.30,163.30,163.30,8400,39467400
COALINDIA_F1,20220118,11:11,163.25,163.25,163.25,163.25,8400,39459000
COALINDIA_F1,20220118,11:13,163.25,163.25,163.20,163.20,12600,39463200
COALINDIA_F1,20220118,11:14,163.20,163.20,163.20,163.20,12600,39463200
COALINDIA_F1,20220118,11:15,163.10,163.10,163.10,163.10,4200,39463200
COALINDIA_F1,20220118,11:16,163.15,163.15,163.15,163.15,4200,39454800
COALINDIA_F1,20220118,11:17,163.15,163.15,163.10,163.10,16800,39454800
COALINDIA_F1,20220118,11:18,163.15,163.15,163.10,163.10,54600,39454800
COALINDIA_F1,20220118,11:19,163.15,163.15,163.05,163.05,67200,39505200
COALINDIA_F1,20220118,11:20,163.00,163.15,163.00,163.15,25200,39505200
COALINDIA_F1,20220118,11:21,163.15,163.25,163.15,163.25,79800,39505200
COALINDIA_F1,20220118,11:22,163.30,163.30,163.25,163.25,16800,39568200
COALINDIA_F1,20220118,11:23,163.25,163.25,163.25,163.25,4200,39568200
COALINDIA_F1,20220118,11:24,163.30,163.30,163.25,163.25,37800,39568200
COALINDIA_F1,20220118,11:25,163.30,163.30,163.30,163.30,8400,39555600
COALINDIA_F1,20220118,11:27,163.20,163.20,163.20,163.20,21000,39555600
COALINDIA_F1,20220118,11:29,163.25,163.25,163.25,163.25,4200,39543000
COALINDIA_F1,20220118,11:33,163.35,163.35,163.35,163.35,4200,39547200
COALINDIA_F1,20220118,11:35,163.35,163.35,163.35,163.35,4200,39543000
COALINDIA_F1,20220118,11:36,163.40,163.40,163.35,163.35,21000,39543000
COALINDIA_F1,20220118,11:37,163.40,163.40,163.40,163.40,16800,39538800
COALINDIA_F1,20220118,11:38,163.30,163.35,163.30,163.35,21000,39538800
COALINDIA_F1,20220118,11:41,163.30,163.30,163.30,163.30,8400,39551400
COALINDIA_F1,20220118,11:43,163.40,163.40,163.40,163.40,4200,39551400
COALINDIA_F1,20220118,11:44,163.45,163.45,163.40,163.40,12600,39551400
COALINDIA_F1,20220118,11:46,163.40,163.40,163.40,163.40,12600,39555600
COALINDIA_F1,20220118,11:47,163.35,163.35,163.35,163.35,8400,39555600
COALINDIA_F1,20220118,11:49,163.40,163.40,163.40,163.40,4200,39555600
COALINDIA_F1,20220118,11:50,163.35,163.35,163.35,163.35,12600,39555600
COALINDIA_F1,20220118,11:52,163.40,163.40,163.40,163.40,4200,39559800
COALINDIA_F1,20220118,11:53,163.35,163.35,163.35,163.35,21000,39559800
COALINDIA_F1,20220118,11:54,163.30,163.30,163.30,163.30,4200,39559800
COALINDIA_F1,20220118,11:56,163.50,163.50,163.30,163.30,491400,39559800
COALINDIA_F1,20220118,11:57,163.35,163.35,163.35,163.35,8400,39559800
COALINDIA_F1,20220118,12:02,163.35,163.35,163.35,163.35,4200,39631200
COALINDIA_F1,20220118,12:04,163.40,163.40,163.40,163.40,4200,39610200
COALINDIA_F1,20220118,12:05,163.30,163.30,163.30,163.30,4200,39610200
COALINDIA_F1,20220118,12:11,163.30,163.30,163.30,163.30,4200,39601800
COALINDIA_F1,20220118,12:15,163.25,163.25,163.25,163.25,12600,39597600
COALINDIA_F1,20220118,12:16,163.20,163.20,163.15,163.15,12600,39597600
COALINDIA_F1,20220118,12:17,163.20,163.20,163.20,163.20,8400,39597600
COALINDIA_F1,20220118,12:18,163.20,163.20,163.20,163.20,4200,39597600
COALINDIA_F1,20220118,12:19,163.20,163.20,163.20,163.20,8400,39580800
COALINDIA_F1,20220118,12:20,163.25,163.25,163.25,163.25,8400,39580800
COALINDIA_F1,20220118,12:23,163.30,163.30,163.30,163.30,8400,39576600
COALINDIA_F1,20220118,12:24,163.25,163.25,163.25,163.25,16800,39576600
COALINDIA_F1,20220118,12:26,163.25,163.25,163.25,163.25,4200,39580800
COALINDIA_F1,20220118,12:27,163.20,163.20,163.20,163.20,4200,39580800
COALINDIA_F1,20220118,12:28,163.20,163.20,163.15,163.15,29400,39580800
COALINDIA_F1,20220118,12:29,163.15,163.15,163.15,163.15,16800,39580800
COALINDIA_F1,20220118,12:31,163.10,163.20,163.05,163.20,54600,39576600
COALINDIA_F1,20220118,12:32,163.15,163.15,163.15,163.15,4200,39576600
COALINDIA_F1,20220118,12:34,163.20,163.25,163.20,163.25,8400,39589200
COALINDIA_F1,20220118,12:35,163.20,163.20,163.15,163.15,21000,39589200
COALINDIA_F1,20220118,12:37,163.10,163.10,163.10,163.10,12600,39576600
COALINDIA_F1,20220118,12:38,163.05,163.10,163.05,163.10,12600,39576600
COALINDIA_F1,20220118,12:39,163.10,163.10,163.10,163.10,4200,39576600
COALINDIA_F1,20220118,12:40,163.10,163.10,163.10,163.10,4200,39585000
COALINDIA_F1,20220118,12:41,163.00,163.00,163.00,163.00,63000,39585000
COALINDIA_F1,20220118,12:42,163.05,163.05,163.05,163.05,4200,39585000
COALINDIA_F1,20220118,12:44,163.15,163.15,163.15,163.15,4200,39614400
COALINDIA_F1,20220118,12:46,163.15,163.15,163.15,163.15,8400,39601800
COALINDIA_F1,20220118,12:47,163.20,163.20,163.20,163.20,8400,39601800
COALINDIA_F1,20220118,12:48,163.20,163.20,163.20,163.20,16800,39601800
COALINDIA_F1,20220118,12:55,163.25,163.30,163.25,163.30,12600,39593400
COALINDIA_F1,20220118,12:57,163.35,163.35,163.35,163.35,8400,39597600
COALINDIA_F1,20220118,12:58,163.30,163.35,163.30,163.35,16800,39606000
COALINDIA_F1,20220118,12:59,163.25,163.25,163.25,163.25,8400,39606000
COALINDIA_F1,20220118,13:00,163.30,163.30,163.30,163.30,4200,39606000
COALINDIA_F1,20220118,13:01,163.40,163.40,163.30,163.30,16800,39606000
COALINDIA_F1,20220118,13:02,163.30,163.30,163.30,163.30,4200,39622800
COALINDIA_F1,20220118,13:03,163.20,163.20,163.20,163.20,8400,39622800
COALINDIA_F1,20220118,13:04,163.15,163.15,163.15,163.15,12600,39622800
COALINDIA_F1,20220118,13:05,163.25,163.25,163.25,163.25,4200,39622800
COALINDIA_F1,20220118,13:06,163.35,163.35,163.35,163.35,4200,39622800
COALINDIA_F1,20220118,13:07,163.40,163.40,163.40,163.40,8400,39622800
COALINDIA_F1,20220118,13:08,163.40,163.45,163.40,163.45,8400,39622800
COALINDIA_F1,20220118,13:09,163.45,163.45,163.45,163.45,4200,39622800
COALINDIA_F1,20220118,13:11,163.50,163.50,163.50,163.50,8400,39622800
COALINDIA_F1,20220118,13:12,163.50,163.75,163.50,163.75,29400,39618600
COALINDIA_F1,20220118,13:13,163.75,163.75,163.55,163.55,37800,39606000
COALINDIA_F1,20220118,13:14,163.60,163.60,163.50,163.50,12600,39606000
COALINDIA_F1,20220118,13:16,163.45,163.50,163.45,163.50,327600,39597600
COALINDIA_F1,20220118,13:17,163.60,163.60,163.60,163.60,21000,39597600
COALINDIA_F1,20220118,13:19,163.65,163.65,163.65,163.65,8400,39690000
COALINDIA_F1,20220118,13:20,163.70,163.70,163.70,163.70,12600,39690000
COALINDIA_F1,20220118,13:21,163.70,163.70,163.70,163.70,8400,39690000
COALINDIA_F1,20220118,13:22,163.70,163.70,163.70,163.70,8400,39690000
COALINDIA_F1,20220118,13:23,163.75,163.75,163.75,163.75,4200,39690000
COALINDIA_F1,20220118,13:24,163.75,163.75,163.75,163.75,8400,39690000
COALINDIA_F1,20220118,13:27,163.65,163.65,163.65,163.65,4200,39690000
COALINDIA_F1,20220118,13:29,163.65,163.65,163.65,163.65,4200,39681600
COALINDIA_F1,20220118,13:30,163.65,163.65,163.65,163.65,4200,39681600
COALINDIA_F1,20220118,13:31,163.70,163.70,163.65,163.65,8400,39677400
COALINDIA_F1,20220118,13:35,163.60,163.60,163.60,163.60,4200,39681600
COALINDIA_F1,20220118,13:36,163.60,163.60,163.60,163.60,4200,39681600
COALINDIA_F1,20220118,13:38,163.60,163.60,163.60,163.60,4200,39664800
COALINDIA_F1,20220118,13:40,163.60,163.60,163.50,163.55,37800,39677400
COALINDIA_F1,20220118,13:41,163.75,163.75,163.65,163.65,46200,39677400
COALINDIA_F1,20220118,13:42,163.65,163.65,163.60,163.60,8400,39677400
COALINDIA_F1,20220118,13:44,163.75,163.75,163.75,163.75,8400,39702600
COALINDIA_F1,20220118,13:46,163.40,163.40,163.35,163.35,33600,39702600
COALINDIA_F1,20220118,13:47,163.35,163.35,163.10,163.10,29400,39702600
COALINDIA_F1,20220118,13:48,163.10,163.10,163.10,163.10,42000,39702600
COALINDIA_F1,20220118,13:51,163.15,163.20,163.15,163.20,29400,39719400
COALINDIA_F1,20220118,13:52,163.20,163.20,163.20,163.20,4200,39719400
COALINDIA_F1,20220118,13:53,163.20,163.20,163.20,163.20,25200,39719400
COALINDIA_F1,20220118,13:55,163.25,163.25,163.25,163.25,16800,39719400
COALINDIA_F1,20220118,13:56,163.30,163.30,163.30,163.30,8400,39719400
COALINDIA_F1,20220118,13:57,163.30,163.30,163.30,163.30,16800,39719400
COALINDIA_F1,20220118,13:58,163.40,163.40,163.40,163.40,4200,39719400
COALINDIA_F1,20220118,14:00,163.25,163.25,163.25,163.25,21000,39719400
COALINDIA_F1,20220118,14:01,163.40,163.40,163.40,163.40,46200,39732000
COALINDIA_F1,20220118,14:03,163.40,163.40,163.30,163.30,12600,39732000
COALINDIA_F1,20220118,14:04,163.25,163.25,163.20,163.20,8400,39732000
COALINDIA_F1,20220118,14:05,163.15,163.15,163.15,163.15,16800,39719400
COALINDIA_F1,20220118,14:06,163.20,163.20,163.20,163.20,8400,39719400
COALINDIA_F1,20220118,14:08,163.20,163.20,163.20,163.20,4200,39719400
COALINDIA_F1,20220118,14:10,163.25,163.25,163.25,163.25,4200,39715200
COALINDIA_F1,20220118,14:12,163.30,163.30,163.30,163.30,4200,39719400
COALINDIA_F1,20220118,14:13,163.30,163.30,163.30,163.30,21000,39715200
COALINDIA_F1,20220118,14:15,163.35,163.35,163.30,163.30,12600,39715200
COALINDIA_F1,20220118,14:16,163.20,163.20,163.20,163.20,4200,39715200
COALINDIA_F1,20220118,14:17,163.30,163.30,163.30,163.30,4200,39719400
COALINDIA_F1,20220118,14:18,163.25,163.25,163.25,163.25,4200,39719400
COALINDIA_F1,20220118,14:19,163.30,163.30,163.30,163.30,8400,39723600
COALINDIA_F1,20220118,14:20,163.25,163.25,163.25,163.25,8400,39723600
COALINDIA_F1,20220118,14:21,163.20,163.20,163.20,163.20,4200,39723600
COALINDIA_F1,20220118,14:23,163.05,163.05,163.05,163.05,4200,39723600
COALINDIA_F1,20220118,14:28,163.20,163.20,163.20,163.20,4200,39719400
COALINDIA_F1,20220118,14:29,163.10,163.10,163.10,163.10,16800,39702600
COALINDIA_F1,20220118,14:30,162.85,162.85,162.75,162.75,79800,39702600
COALINDIA_F1,20220118,14:31,162.75,162.90,162.75,162.90,33600,39694200
COALINDIA_F1,20220118,14:32,162.95,162.95,162.90,162.90,12600,39694200
COALINDIA_F1,20220118,14:33,162.85,162.85,162.75,162.75,63000,39694200
COALINDIA_F1,20220118,14:34,162.75,162.75,162.75,162.75,16800,39694200
COALINDIA_F1,20220118,14:35,162.80,162.85,162.80,162.80,12600,39652200
COALINDIA_F1,20220118,14:36,162.80,162.90,162.80,162.90,16800,39652200
COALINDIA_F1,20220118,14:37,162.85,162.85,162.75,162.75,21000,39652200
COALINDIA_F1,20220118,14:38,162.75,162.75,162.65,162.65,67200,39643800
COALINDIA_F1,20220118,14:39,162.70,162.70,162.50,162.50,46200,39643800
COALINDIA_F1,20220118,14:41,162.45,162.50,162.40,162.50,121800,39639600
COALINDIA_F1,20220118,14:42,162.50,162.50,162.40,162.40,29400,39639600
COALINDIA_F1,20220118,14:43,162.30,162.35,162.30,162.35,12600,39639600
COALINDIA_F1,20220118,14:44,162.30,162.35,162.30,162.35,21000,39631200
COALINDIA_F1,20220118,14:45,162.00,162.10,162.00,162.10,105000,39631200
COALINDIA_F1,20220118,14:46,162.40,162.40,162.10,162.20,163800,39631200
COALINDIA_F1,20220118,14:47,162.20,162.20,162.10,162.10,58800,39601800
COALINDIA_F1,20220118,14:48,162.10,162.10,161.85,161.90,109200,39601800
COALINDIA_F1,20220118,14:49,161.90,161.90,161.90,161.90,12600,39601800
COALINDIA_F1,20220118,14:50,161.80,161.80,161.65,161.70,42000,39681600
COALINDIA_F1,20220118,14:51,161.55,161.65,161.50,161.55,71400,39681600
COALINDIA_F1,20220118,14:52,161.50,161.55,161.05,161.20,222600,39622800
COALINDIA_F1,20220118,14:53,161.15,161.30,161.15,161.20,33600,39622800
COALINDIA_F1,20220118,14:54,161.20,161.20,161.15,161.15,42000,39622800
COALINDIA_F1,20220118,14:55,161.00,161.15,160.70,161.15,222600,39622800
COALINDIA_F1,20220118,14:56,161.15,161.15,161.10,161.10,71400,39664800
COALINDIA_F1,20220118,14:57,161.10,161.15,161.10,161.15,37800,39664800
COALINDIA_F1,20220118,14:58,161.10,161.10,160.95,160.95,25200,39664800
COALINDIA_F1,20220118,14:59,160.90,160.90,160.75,160.75,126000,39673200
COALINDIA_F1,20220118,15:00,160.90,160.90,160.65,160.70,58800,39673200
COALINDIA_F1,20220118,15:01,160.40,160.50,160.40,160.50,273000,39673200
COALINDIA_F1,20220118,15:02,160.50,160.90,160.50,160.90,172200,39694200
COALINDIA_F1,20220118,15:03,161.10,161.20,161.10,161.20,63000,39694200
COALINDIA_F1,20220118,15:04,161.10,161.25,161.10,161.25,42000,39694200
COALINDIA_F1,20220118,15:05,161.25,161.30,161.25,161.30,42000,39635400
COALINDIA_F1,20220118,15:06,161.30,161.30,161.30,161.30,58800,39635400
COALINDIA_F1,20220118,15:07,161.20,161.20,161.15,161.15,37800,39635400
COALINDIA_F1,20220118,15:08,161.10,161.10,160.95,161.00,58800,39618600
COALINDIA_F1,20220118,15:09,161.00,161.10,161.00,161.10,33600,39618600
COALINDIA_F1,20220118,15:10,161.10,161.10,161.05,161.10,50400,39618600
COALINDIA_F1,20220118,15:11,161.05,161.05,160.95,160.95,29400,39606000
COALINDIA_F1,20220118,15:12,161.05,161.05,160.95,160.95,16800,39606000
COALINDIA_F1,20220118,15:13,160.95,160.95,160.90,160.90,54600,39606000
COALINDIA_F1,20220118,15:14,161.00,161.00,160.75,160.75,46200,39522000
COALINDIA_F1,20220118,15:15,160.80,160.80,160.80,160.80,12600,39522000
COALINDIA_F1,20220118,15:16,160.70,160.70,160.35,160.60,134400,39522000
COALINDIA_F1,20220118,15:17,160.60,160.65,160.60,160.60,63000,39593400
COALINDIA_F1,20220118,15:18,160.55,160.55,160.45,160.45,96600,39593400
COALINDIA_F1,20220118,15:19,160.65,160.65,160.60,160.60,37800,39593400
COALINDIA_F1,20220118,15:20,160.65,160.95,160.65,160.95,75600,39333000
COALINDIA_F1,20220118,15:21,161.00,161.00,160.85,160.85,142800,39333000
COALINDIA_F1,20220118,15:22,160.70,160.80,160.70,160.80,21000,39333000
COALINDIA_F1,20220118,15:23,160.70,160.70,160.65,160.65,214200,39261600
COALINDIA_F1,20220118,15:24,160.70,160.85,160.70,160.85,29400,39261600
COALINDIA_F1,20220118,15:25,160.70,160.75,160.70,160.75,63000,39261600
COALINDIA_F1,20220118,15:26,160.80,160.80,160.70,160.75,75600,39228000
COALINDIA_F1,20220118,15:27,160.80,160.80,160.70,160.75,29400,39228000
COALINDIA_F1,20220118,15:28,160.75,160.80,160.75,160.80,46200,39228000
COALINDIA_F1,20220118,15:29,160.80,160.80,160.80,160.80,50400,39228000
COALINDIA_F1,20220118,15:30,160.80,160.90,160.80,160.85,88200,39228000
COALINDIA_F1,20220118,15:31,160.90,160.90,160.90,160.90,12600,39228000
COALINDIA_F1,20220118,20:23,160.80,160.80,160.80,160.80,1,38333400
