IBULHSGFIN_F1,20210208,09:16,216.95,218.90,216.90,218.75,83700,28888900
IBULHSGFIN_F1,20210208,09:17,218.35,218.75,216.50,216.65,167400,28888900
IBULHSGFIN_F1,20210208,09:18,216.65,217.70,215.85,217.70,353400,28888900
IBULHSGFIN_F1,20210208,09:19,217.80,218.15,217.50,217.75,111600,28888900
IBULHSGFIN_F1,20210208,09:20,217.80,218.40,217.70,218.40,77500,28888900
IBULHSGFIN_F1,20210208,09:21,218.40,218.85,218.40,218.85,96100,28895100
IBULHSGFIN_F1,20210208,09:22,218.70,218.80,218.45,218.75,52700,28895100
IBULHSGFIN_F1,20210208,09:23,218.75,218.75,218.10,218.10,52700,28895100
IBULHSGFIN_F1,20210208,09:24,218.00,218.90,218.00,218.75,58900,28876500
IBULHSGFIN_F1,20210208,09:25,218.75,219.20,218.75,219.15,89900,28876500
IBULHSGFIN_F1,20210208,09:26,219.15,219.30,218.65,218.70,111600,28876500
IBULHSGFIN_F1,20210208,09:27,218.80,219.10,218.80,219.10,68200,28873400
IBULHSGFIN_F1,20210208,09:28,219.10,219.20,219.10,219.20,24800,28873400
IBULHSGFIN_F1,20210208,09:29,219.25,219.30,219.05,219.25,55800,28873400
IBULHSGFIN_F1,20210208,09:30,219.00,219.05,218.80,218.90,21700,28879600
IBULHSGFIN_F1,20210208,09:31,218.95,220.65,218.95,220.25,120900,28879600
IBULHSGFIN_F1,20210208,09:32,220.30,220.30,219.75,219.95,46500,28879600
IBULHSGFIN_F1,20210208,09:33,219.90,219.95,219.45,219.75,52700,28898200
IBULHSGFIN_F1,20210208,09:34,219.80,219.80,219.00,219.00,34100,28898200
IBULHSGFIN_F1,20210208,09:35,218.70,219.05,218.50,219.00,34100,28898200
IBULHSGFIN_F1,20210208,09:36,219.00,220.00,219.00,219.35,86800,28901300
IBULHSGFIN_F1,20210208,09:37,219.20,219.65,219.15,219.65,40300,28901300
IBULHSGFIN_F1,20210208,09:38,219.75,219.85,219.50,219.50,24800,28901300
IBULHSGFIN_F1,20210208,09:39,219.15,219.70,219.15,219.70,46500,28901300
IBULHSGFIN_F1,20210208,09:40,219.70,219.90,219.60,219.60,34100,28901300
IBULHSGFIN_F1,20210208,09:41,219.50,219.65,219.35,219.50,27900,28901300
IBULHSGFIN_F1,20210208,09:42,219.20,219.75,219.15,219.60,18600,28854800
IBULHSGFIN_F1,20210208,09:43,219.60,219.60,219.10,219.35,31000,28854800
IBULHSGFIN_F1,20210208,09:44,219.40,219.55,219.30,219.30,12400,28854800
IBULHSGFIN_F1,20210208,09:45,219.35,219.95,219.35,219.70,40300,28857900
IBULHSGFIN_F1,20210208,09:46,220.00,220.15,219.45,219.65,52700,28857900
IBULHSGFIN_F1,20210208,09:47,219.75,220.05,219.65,220.05,12400,28857900
IBULHSGFIN_F1,20210208,09:48,220.05,220.30,219.90,220.10,43400,28857900
IBULHSGFIN_F1,20210208,09:49,220.10,220.20,220.00,220.00,27900,28857900
IBULHSGFIN_F1,20210208,09:50,219.90,220.00,219.70,220.00,9300,28857900
IBULHSGFIN_F1,20210208,09:51,219.90,219.90,219.70,219.80,12400,28823800
IBULHSGFIN_F1,20210208,09:52,219.80,219.80,219.45,219.50,24800,28823800
IBULHSGFIN_F1,20210208,09:53,219.50,219.65,219.50,219.55,21700,28823800
IBULHSGFIN_F1,20210208,09:54,219.35,219.35,219.00,219.00,37200,28845500
IBULHSGFIN_F1,20210208,09:55,219.10,219.10,218.45,218.50,74400,28845500
IBULHSGFIN_F1,20210208,09:56,218.30,218.70,218.30,218.70,18600,28845500
IBULHSGFIN_F1,20210208,09:57,218.50,218.60,218.50,218.60,9300,28857900
IBULHSGFIN_F1,20210208,09:58,218.65,218.65,218.40,218.50,15500,28857900
IBULHSGFIN_F1,20210208,09:59,218.35,218.55,218.35,218.55,12400,28857900
IBULHSGFIN_F1,20210208,10:00,218.10,218.15,217.80,217.80,136400,28783500
IBULHSGFIN_F1,20210208,10:01,217.95,218.00,217.80,217.90,31000,28783500
IBULHSGFIN_F1,20210208,10:02,217.90,218.00,217.85,218.00,21700,28783500
IBULHSGFIN_F1,20210208,10:03,218.00,218.45,218.00,218.45,15500,28783500
IBULHSGFIN_F1,20210208,10:04,218.65,219.00,218.65,219.00,18600,28764900
IBULHSGFIN_F1,20210208,10:05,219.40,219.40,219.10,219.30,15500,28764900
IBULHSGFIN_F1,20210208,10:06,219.50,219.55,219.40,219.55,15500,28780400
IBULHSGFIN_F1,20210208,10:07,219.50,219.55,219.40,219.40,12400,28780400
IBULHSGFIN_F1,20210208,10:08,219.35,219.55,219.35,219.55,15500,28780400
IBULHSGFIN_F1,20210208,10:09,219.40,220.10,219.20,220.10,186000,28780400
IBULHSGFIN_F1,20210208,10:10,220.20,222.25,220.10,222.25,288300,28799000
IBULHSGFIN_F1,20210208,10:11,222.30,222.30,220.80,220.95,235600,28799000
IBULHSGFIN_F1,20210208,10:12,220.85,220.95,220.45,220.45,62000,28740100
IBULHSGFIN_F1,20210208,10:13,220.45,220.80,220.45,220.65,52700,28740100
IBULHSGFIN_F1,20210208,10:14,220.40,220.55,219.55,219.55,83700,28740100
IBULHSGFIN_F1,20210208,10:15,219.50,219.80,219.35,219.35,52700,28740100
IBULHSGFIN_F1,20210208,10:16,219.80,219.80,219.15,219.15,86800,28606800
IBULHSGFIN_F1,20210208,10:17,219.50,219.70,219.50,219.65,18600,28606800
IBULHSGFIN_F1,20210208,10:18,219.40,219.55,219.40,219.40,12400,28603700
IBULHSGFIN_F1,20210208,10:19,219.15,219.15,219.15,219.15,21700,28603700
IBULHSGFIN_F1,20210208,10:20,219.15,219.30,219.15,219.30,24800,28603700
IBULHSGFIN_F1,20210208,10:21,219.30,219.40,219.30,219.40,9300,28597500
IBULHSGFIN_F1,20210208,10:22,219.50,219.60,219.50,219.60,6200,28597500
IBULHSGFIN_F1,20210208,10:24,219.55,219.55,219.55,219.55,21700,28597500
IBULHSGFIN_F1,20210208,10:25,219.25,219.25,219.05,219.05,9300,28501400
IBULHSGFIN_F1,20210208,10:26,219.25,219.65,219.25,219.65,21700,28501400
IBULHSGFIN_F1,20210208,10:27,219.75,220.65,219.75,220.40,133300,28501400
IBULHSGFIN_F1,20210208,10:28,220.20,220.20,220.00,220.00,12400,28501400
IBULHSGFIN_F1,20210208,10:29,220.25,220.25,220.20,220.20,6200,28501400
IBULHSGFIN_F1,20210208,10:30,220.00,220.00,220.00,220.00,6200,28501400
IBULHSGFIN_F1,20210208,10:31,220.00,220.00,220.00,220.00,3100,28495200
IBULHSGFIN_F1,20210208,10:32,219.95,220.00,219.65,219.70,31000,28495200
IBULHSGFIN_F1,20210208,10:34,219.60,219.60,219.50,219.50,6200,28489000
IBULHSGFIN_F1,20210208,10:35,219.60,219.60,219.60,219.60,3100,28489000
IBULHSGFIN_F1,20210208,10:36,219.70,219.85,219.70,219.75,12400,28485900
IBULHSGFIN_F1,20210208,10:37,219.85,219.85,219.85,219.85,3100,28485900
IBULHSGFIN_F1,20210208,10:38,219.80,220.05,219.80,220.05,15500,28485900
IBULHSGFIN_F1,20210208,10:39,220.00,220.00,220.00,220.00,6200,28485900
IBULHSGFIN_F1,20210208,10:40,220.05,220.15,219.85,220.10,18600,28485900
IBULHSGFIN_F1,20210208,10:41,219.75,219.75,219.60,219.60,9300,28485900
IBULHSGFIN_F1,20210208,10:42,219.50,219.50,219.25,219.25,9300,28495200
IBULHSGFIN_F1,20210208,10:43,218.85,219.25,218.85,219.25,80600,28495200
IBULHSGFIN_F1,20210208,10:44,219.25,219.25,219.05,219.05,9300,28495200
IBULHSGFIN_F1,20210208,10:45,219.15,220.15,219.15,220.15,173600,28467300
IBULHSGFIN_F1,20210208,10:46,220.35,220.55,220.30,220.35,24800,28467300
IBULHSGFIN_F1,20210208,10:47,220.00,220.00,220.00,220.00,21700,28467300
IBULHSGFIN_F1,20210208,10:48,219.95,220.95,219.95,220.95,151900,28473500
IBULHSGFIN_F1,20210208,10:49,220.75,220.75,220.60,220.70,83700,28473500
IBULHSGFIN_F1,20210208,10:51,220.70,220.70,220.40,220.40,12400,28529300
IBULHSGFIN_F1,20210208,10:52,220.35,220.35,220.35,220.35,3100,28529300
IBULHSGFIN_F1,20210208,10:53,220.35,220.50,220.35,220.40,15500,28529300
IBULHSGFIN_F1,20210208,10:55,220.55,220.55,220.55,220.55,3100,28495200
IBULHSGFIN_F1,20210208,10:56,220.55,221.05,220.50,221.05,62000,28495200
IBULHSGFIN_F1,20210208,10:57,220.90,221.15,220.90,221.15,34100,28492100
IBULHSGFIN_F1,20210208,10:58,221.15,221.80,221.15,221.60,145700,28492100
IBULHSGFIN_F1,20210208,10:59,221.60,221.60,221.50,221.55,18600,28492100
IBULHSGFIN_F1,20210208,11:00,221.85,221.90,221.70,221.90,77500,28504500
IBULHSGFIN_F1,20210208,11:01,221.90,222.00,221.55,221.55,58900,28504500
IBULHSGFIN_F1,20210208,11:02,221.45,221.50,221.40,221.40,27900,28504500
IBULHSGFIN_F1,20210208,11:03,221.45,221.50,221.20,221.25,27900,28544800
IBULHSGFIN_F1,20210208,11:04,221.20,221.35,221.00,221.00,158100,28544800
IBULHSGFIN_F1,20210208,11:05,221.05,221.20,221.00,221.15,15500,28544800
IBULHSGFIN_F1,20210208,11:06,221.00,221.00,220.95,220.95,9300,28557200
IBULHSGFIN_F1,20210208,11:08,220.85,220.85,220.85,220.85,3100,28557200
IBULHSGFIN_F1,20210208,11:09,220.90,220.90,220.90,220.90,3100,28554100
IBULHSGFIN_F1,20210208,11:10,220.85,220.85,220.85,220.85,3100,28554100
IBULHSGFIN_F1,20210208,11:11,221.00,221.00,220.65,220.80,58900,28554100
IBULHSGFIN_F1,20210208,11:12,220.70,220.70,220.70,220.70,3100,28554100
IBULHSGFIN_F1,20210208,11:13,220.65,220.80,220.50,220.50,15500,28532400
IBULHSGFIN_F1,20210208,11:16,220.55,220.55,220.55,220.55,3100,28526200
IBULHSGFIN_F1,20210208,11:17,220.60,220.60,220.60,220.60,9300,28526200
IBULHSGFIN_F1,20210208,11:19,220.55,220.55,220.05,220.10,161200,28526200
IBULHSGFIN_F1,20210208,11:20,220.35,220.35,220.35,220.35,6200,28526200
IBULHSGFIN_F1,20210208,11:21,220.50,220.90,220.50,220.90,18600,28526200
IBULHSGFIN_F1,20210208,11:22,220.90,221.10,220.90,221.10,12400,28501400
IBULHSGFIN_F1,20210208,11:23,221.10,221.25,221.10,221.25,21700,28501400
IBULHSGFIN_F1,20210208,11:24,221.30,221.30,220.70,220.70,111600,28501400
IBULHSGFIN_F1,20210208,11:25,220.70,220.90,220.70,220.90,9300,28572700
IBULHSGFIN_F1,20210208,11:26,220.70,220.70,220.60,220.60,6200,28572700
IBULHSGFIN_F1,20210208,11:27,220.50,220.50,220.35,220.50,37200,28547900
IBULHSGFIN_F1,20210208,11:30,220.35,220.35,220.20,220.20,9300,28554100
IBULHSGFIN_F1,20210208,11:31,220.10,220.10,220.00,220.00,12400,28554100
IBULHSGFIN_F1,20210208,11:32,219.85,219.85,219.80,219.80,9300,28554100
IBULHSGFIN_F1,20210208,11:33,219.65,219.75,219.65,219.75,12400,28538600
IBULHSGFIN_F1,20210208,11:34,219.90,219.90,219.70,219.70,18600,28538600
IBULHSGFIN_F1,20210208,11:35,219.75,219.80,219.75,219.80,6200,28538600
IBULHSGFIN_F1,20210208,11:36,219.70,219.70,219.50,219.55,18600,28538600
IBULHSGFIN_F1,20210208,11:37,219.55,219.65,219.55,219.65,6200,28529300
IBULHSGFIN_F1,20210208,11:38,219.75,220.00,219.75,220.00,9300,28529300
IBULHSGFIN_F1,20210208,11:39,220.25,220.25,220.25,220.25,3100,28529300
IBULHSGFIN_F1,20210208,11:40,220.45,220.45,220.45,220.45,6200,28526200
IBULHSGFIN_F1,20210208,11:41,220.40,220.40,220.40,220.40,3100,28526200
IBULHSGFIN_F1,20210208,11:43,220.40,220.60,220.40,220.60,15500,28526200
IBULHSGFIN_F1,20210208,11:44,220.30,220.30,220.30,220.30,9300,28526200
IBULHSGFIN_F1,20210208,11:45,220.00,220.35,220.00,220.35,9300,28526200
IBULHSGFIN_F1,20210208,11:46,220.20,220.20,220.00,220.00,12400,28526200
IBULHSGFIN_F1,20210208,11:47,219.85,219.85,219.85,219.85,6200,28526200
IBULHSGFIN_F1,20210208,11:48,220.35,220.35,220.35,220.35,6200,28498300
IBULHSGFIN_F1,20210208,11:50,220.30,220.30,220.30,220.30,3100,28498300
IBULHSGFIN_F1,20210208,11:51,220.10,220.10,219.75,219.75,15500,28498300
IBULHSGFIN_F1,20210208,11:52,219.75,219.75,219.75,219.75,3100,28498300
IBULHSGFIN_F1,20210208,11:55,220.25,220.55,220.25,220.55,21700,28498300
IBULHSGFIN_F1,20210208,11:56,220.50,220.65,220.50,220.50,62000,28498300
IBULHSGFIN_F1,20210208,11:57,220.40,220.40,220.30,220.40,58900,28523100
IBULHSGFIN_F1,20210208,11:58,220.40,220.60,220.40,220.60,40300,28523100
IBULHSGFIN_F1,20210208,11:59,220.70,220.70,220.45,220.45,18600,28523100
IBULHSGFIN_F1,20210208,12:00,220.25,220.25,220.25,220.25,3100,28523100
IBULHSGFIN_F1,20210208,12:01,220.15,220.15,220.00,220.00,18600,28526200
IBULHSGFIN_F1,20210208,12:02,219.90,219.90,219.85,219.85,6200,28526200
IBULHSGFIN_F1,20210208,12:04,219.85,219.90,219.70,219.90,21700,28520000
IBULHSGFIN_F1,20210208,12:06,220.05,220.05,220.05,220.05,18600,28520000
IBULHSGFIN_F1,20210208,12:08,220.00,220.00,219.75,219.75,139500,28501400
IBULHSGFIN_F1,20210208,12:09,219.60,219.75,219.50,219.75,24800,28501400
IBULHSGFIN_F1,20210208,12:10,219.65,219.70,219.60,219.70,99200,28591300
IBULHSGFIN_F1,20210208,12:11,219.45,219.45,219.45,219.45,6200,28591300
IBULHSGFIN_F1,20210208,12:12,219.30,219.50,219.30,219.35,12400,28591300
IBULHSGFIN_F1,20210208,12:13,219.35,219.50,219.35,219.50,9300,28613000
IBULHSGFIN_F1,20210208,12:14,219.10,219.25,218.90,219.05,65100,28613000
IBULHSGFIN_F1,20210208,12:15,219.25,219.40,219.10,219.40,27900,28613000
IBULHSGFIN_F1,20210208,12:16,219.45,219.45,219.20,219.20,21700,28609900
IBULHSGFIN_F1,20210208,12:17,219.10,219.10,218.80,218.80,18600,28609900
IBULHSGFIN_F1,20210208,12:18,218.80,218.80,218.55,218.70,52700,28609900
IBULHSGFIN_F1,20210208,12:19,218.65,218.75,218.65,218.75,6200,28628500
IBULHSGFIN_F1,20210208,12:20,218.75,218.75,218.75,218.75,3100,28628500
IBULHSGFIN_F1,20210208,12:21,218.90,219.00,218.85,218.90,18600,28628500
IBULHSGFIN_F1,20210208,12:22,218.90,219.20,218.80,219.20,21700,28631600
IBULHSGFIN_F1,20210208,12:23,219.15,219.15,219.15,219.15,3100,28631600
IBULHSGFIN_F1,20210208,12:24,219.15,219.15,219.15,219.15,3100,28631600
IBULHSGFIN_F1,20210208,12:25,219.25,219.25,219.25,219.25,3100,28585100
IBULHSGFIN_F1,20210208,12:26,218.55,218.55,218.45,218.45,12400,28585100
IBULHSGFIN_F1,20210208,12:27,218.25,218.55,218.25,218.55,18600,28585100
IBULHSGFIN_F1,20210208,12:28,218.30,218.45,218.30,218.45,9300,28578900
IBULHSGFIN_F1,20210208,12:29,218.25,218.25,217.90,217.95,58900,28578900
IBULHSGFIN_F1,20210208,12:30,218.05,218.20,218.05,218.20,6200,28578900
IBULHSGFIN_F1,20210208,12:31,218.35,218.35,218.35,218.35,6200,28585100
IBULHSGFIN_F1,20210208,12:32,218.70,218.80,218.70,218.75,9300,28585100
IBULHSGFIN_F1,20210208,12:33,218.65,218.80,218.60,218.80,18600,28585100
IBULHSGFIN_F1,20210208,12:34,218.75,218.80,218.75,218.80,6200,28594400
IBULHSGFIN_F1,20210208,12:35,218.90,218.90,218.90,218.90,9300,28594400
IBULHSGFIN_F1,20210208,12:36,218.80,218.80,218.60,218.60,6200,28594400
IBULHSGFIN_F1,20210208,12:37,218.30,218.80,218.30,218.80,18600,28591300
IBULHSGFIN_F1,20210208,12:38,218.95,219.00,218.95,219.00,9300,28591300
IBULHSGFIN_F1,20210208,12:39,219.00,219.25,219.00,219.25,18600,28591300
IBULHSGFIN_F1,20210208,12:40,219.35,219.35,219.25,219.25,6200,28597500
IBULHSGFIN_F1,20210208,12:41,219.25,219.25,219.25,219.25,3100,28597500
IBULHSGFIN_F1,20210208,12:43,219.15,219.15,219.15,219.15,15500,28560300
IBULHSGFIN_F1,20210208,12:44,219.15,219.15,219.15,219.15,12400,28560300
IBULHSGFIN_F1,20210208,12:45,218.75,218.75,218.25,218.25,24800,28560300
IBULHSGFIN_F1,20210208,12:47,217.80,218.00,217.80,218.00,21700,28572700
IBULHSGFIN_F1,20210208,12:48,218.00,218.10,218.00,218.10,9300,28572700
IBULHSGFIN_F1,20210208,12:49,218.10,218.10,218.00,218.00,12400,28585100
IBULHSGFIN_F1,20210208,12:50,218.10,218.40,218.00,218.40,24800,28585100
IBULHSGFIN_F1,20210208,12:51,218.30,218.30,218.15,218.15,9300,28585100
IBULHSGFIN_F1,20210208,12:52,218.30,218.30,218.30,218.30,6200,28585100
IBULHSGFIN_F1,20210208,12:53,218.25,218.55,218.25,218.50,12400,28606800
IBULHSGFIN_F1,20210208,12:54,218.55,218.55,218.55,218.55,3100,28606800
IBULHSGFIN_F1,20210208,12:55,218.55,218.55,218.30,218.30,9300,28600600
IBULHSGFIN_F1,20210208,12:56,218.45,218.45,218.10,218.10,12400,28600600
IBULHSGFIN_F1,20210208,12:57,218.10,218.10,218.10,218.10,3100,28600600
IBULHSGFIN_F1,20210208,12:58,218.10,218.10,218.10,218.10,3100,28597500
IBULHSGFIN_F1,20210208,12:59,218.30,218.30,218.10,218.10,6200,28597500
IBULHSGFIN_F1,20210208,13:00,218.25,218.25,218.25,218.25,3100,28597500
IBULHSGFIN_F1,20210208,13:01,218.15,218.30,218.05,218.30,12400,28594400
IBULHSGFIN_F1,20210208,13:02,218.20,218.45,218.20,218.45,9300,28594400
IBULHSGFIN_F1,20210208,13:04,218.45,218.45,218.45,218.45,3100,28594400
IBULHSGFIN_F1,20210208,13:06,218.45,218.45,218.45,218.45,3100,28594400
IBULHSGFIN_F1,20210208,13:07,218.40,218.40,218.40,218.40,3100,28594400
IBULHSGFIN_F1,20210208,13:08,218.30,218.30,218.30,218.30,3100,28600600
IBULHSGFIN_F1,20210208,13:09,218.20,218.20,218.20,218.20,3100,28600600
IBULHSGFIN_F1,20210208,13:10,218.25,218.25,218.25,218.25,3100,28606800
IBULHSGFIN_F1,20210208,13:11,218.45,218.45,218.45,218.45,6200,28606800
IBULHSGFIN_F1,20210208,13:12,218.55,218.55,218.25,218.25,12400,28606800
IBULHSGFIN_F1,20210208,13:13,218.50,218.50,218.50,218.50,3100,28606800
IBULHSGFIN_F1,20210208,13:16,218.50,218.50,218.40,218.40,6200,28572700
IBULHSGFIN_F1,20210208,13:17,218.70,218.85,218.70,218.85,37200,28572700
IBULHSGFIN_F1,20210208,13:18,218.85,219.05,218.85,219.05,15500,28572700
IBULHSGFIN_F1,20210208,13:19,219.20,219.20,219.20,219.20,3100,28591300
IBULHSGFIN_F1,20210208,13:20,219.25,219.40,219.25,219.40,15500,28591300
IBULHSGFIN_F1,20210208,13:21,219.50,219.50,219.40,219.50,15500,28591300
IBULHSGFIN_F1,20210208,13:22,219.70,219.70,219.40,219.40,12400,28600600
IBULHSGFIN_F1,20210208,13:23,219.60,219.75,219.60,219.60,12400,28600600
IBULHSGFIN_F1,20210208,13:24,219.50,219.50,219.50,219.50,3100,28600600
IBULHSGFIN_F1,20210208,13:26,219.40,219.40,219.40,219.40,3100,28622300
IBULHSGFIN_F1,20210208,13:28,219.40,219.55,219.40,219.55,9300,28619200
IBULHSGFIN_F1,20210208,13:29,219.50,220.05,219.50,220.05,24800,28619200
IBULHSGFIN_F1,20210208,13:30,220.15,220.15,220.00,220.15,18600,28619200
IBULHSGFIN_F1,20210208,13:31,220.00,220.00,220.00,220.00,9300,28591300
IBULHSGFIN_F1,20210208,13:33,219.80,219.95,219.65,219.65,18600,28591300
IBULHSGFIN_F1,20210208,13:34,219.80,219.80,219.80,219.80,3100,28597500
IBULHSGFIN_F1,20210208,13:35,219.80,219.80,219.80,219.80,3100,28597500
IBULHSGFIN_F1,20210208,13:36,220.00,220.05,220.00,220.05,21700,28597500
IBULHSGFIN_F1,20210208,13:37,220.00,220.00,219.95,219.95,6200,28578900
IBULHSGFIN_F1,20210208,13:38,219.75,219.90,219.70,219.90,24800,28578900
IBULHSGFIN_F1,20210208,13:39,219.80,219.85,219.80,219.85,12400,28578900
IBULHSGFIN_F1,20210208,13:40,220.00,220.20,219.90,220.20,27900,28603700
IBULHSGFIN_F1,20210208,13:41,220.20,220.20,220.10,220.10,6200,28603700
IBULHSGFIN_F1,20210208,13:42,219.75,219.80,219.50,219.50,21700,28603700
IBULHSGFIN_F1,20210208,13:43,219.40,219.80,219.40,219.70,31000,28628500
IBULHSGFIN_F1,20210208,13:44,220.00,220.00,220.00,220.00,3100,28628500
IBULHSGFIN_F1,20210208,13:45,219.95,219.95,219.75,219.75,9300,28628500
IBULHSGFIN_F1,20210208,13:46,219.80,219.80,219.80,219.80,6200,28634700
IBULHSGFIN_F1,20210208,13:47,219.95,219.95,219.95,219.95,6200,28634700
IBULHSGFIN_F1,20210208,13:48,220.10,220.60,220.10,220.60,49600,28634700
IBULHSGFIN_F1,20210208,13:49,220.50,220.50,220.40,220.40,9300,28634700
IBULHSGFIN_F1,20210208,13:50,220.10,220.10,220.10,220.10,37200,28628500
IBULHSGFIN_F1,20210208,13:51,220.05,220.05,220.05,220.05,3100,28628500
IBULHSGFIN_F1,20210208,13:52,220.05,220.05,220.05,220.05,15500,28628500
IBULHSGFIN_F1,20210208,13:53,220.25,220.25,220.25,220.25,9300,28637800
IBULHSGFIN_F1,20210208,13:54,220.00,220.00,220.00,220.00,6200,28637800
IBULHSGFIN_F1,20210208,13:55,220.00,220.00,220.00,220.00,3100,28628500
IBULHSGFIN_F1,20210208,13:56,220.00,220.00,220.00,220.00,3100,28628500
IBULHSGFIN_F1,20210208,13:57,220.40,220.40,220.40,220.40,12400,28628500
IBULHSGFIN_F1,20210208,13:58,220.45,220.45,220.00,220.00,34100,28628500
IBULHSGFIN_F1,20210208,13:59,220.00,220.25,220.00,220.25,6200,28625400
IBULHSGFIN_F1,20210208,14:01,219.95,219.95,219.95,219.95,3100,28613000
IBULHSGFIN_F1,20210208,14:02,219.95,220.55,219.95,220.45,148800,28613000
IBULHSGFIN_F1,20210208,14:03,220.45,220.45,219.95,219.95,111600,28613000
IBULHSGFIN_F1,20210208,14:04,219.95,219.95,219.75,219.80,55800,28628500
IBULHSGFIN_F1,20210208,14:05,219.85,219.90,219.85,219.90,37200,28628500
IBULHSGFIN_F1,20210208,14:06,219.90,219.90,219.90,219.90,31000,28628500
IBULHSGFIN_F1,20210208,14:08,219.75,219.80,219.75,219.80,40300,28650200
IBULHSGFIN_F1,20210208,14:09,220.00,220.00,219.80,219.80,46500,28650200
IBULHSGFIN_F1,20210208,14:10,219.95,220.15,219.95,220.15,6200,28644000
IBULHSGFIN_F1,20210208,14:11,220.30,220.30,220.30,220.30,3100,28644000
IBULHSGFIN_F1,20210208,14:12,220.05,220.05,220.05,220.05,6200,28644000
IBULHSGFIN_F1,20210208,14:14,220.15,220.15,220.15,220.15,9300,28644000
IBULHSGFIN_F1,20210208,14:15,220.20,220.25,220.20,220.25,6200,28613000
IBULHSGFIN_F1,20210208,14:16,219.95,220.15,219.80,219.80,43400,28613000
IBULHSGFIN_F1,20210208,14:17,219.85,220.00,219.80,220.00,15500,28613000
IBULHSGFIN_F1,20210208,14:18,219.90,220.10,219.90,220.10,6200,28613000
IBULHSGFIN_F1,20210208,14:19,219.85,220.10,219.85,219.95,18600,28600600
IBULHSGFIN_F1,20210208,14:20,219.85,220.20,219.85,220.20,46500,28600600
IBULHSGFIN_F1,20210208,14:21,220.05,220.05,220.05,220.05,3100,28600600
IBULHSGFIN_F1,20210208,14:22,220.00,220.00,220.00,220.00,3100,28613000
IBULHSGFIN_F1,20210208,14:23,220.00,220.00,220.00,220.00,18600,28613000
IBULHSGFIN_F1,20210208,14:24,219.90,219.90,219.90,219.90,3100,28613000
IBULHSGFIN_F1,20210208,14:26,219.60,219.60,219.60,219.60,3100,28619200
IBULHSGFIN_F1,20210208,14:27,219.75,219.80,219.75,219.80,6200,28619200
IBULHSGFIN_F1,20210208,14:30,219.55,219.55,219.55,219.55,3100,28622300
IBULHSGFIN_F1,20210208,14:31,219.70,219.70,219.65,219.65,6200,28619200
IBULHSGFIN_F1,20210208,14:32,219.45,219.45,219.30,219.30,9300,28619200
IBULHSGFIN_F1,20210208,14:33,219.30,219.30,219.30,219.30,3100,28619200
IBULHSGFIN_F1,20210208,14:34,219.20,219.20,219.15,219.20,15500,28613000
IBULHSGFIN_F1,20210208,14:35,219.25,219.25,219.25,219.25,3100,28613000
IBULHSGFIN_F1,20210208,14:36,219.40,219.50,219.40,219.50,6200,28613000
IBULHSGFIN_F1,20210208,14:37,219.30,219.30,219.30,219.30,3100,28606800
IBULHSGFIN_F1,20210208,14:39,219.10,219.10,219.10,219.10,3100,28606800
IBULHSGFIN_F1,20210208,14:40,219.10,219.10,219.10,219.10,3100,28606800
IBULHSGFIN_F1,20210208,14:41,219.10,219.25,219.00,219.25,15500,28603700
IBULHSGFIN_F1,20210208,14:43,219.25,219.25,219.25,219.25,3100,28603700
IBULHSGFIN_F1,20210208,14:44,219.15,219.30,219.15,219.20,9300,28613000
IBULHSGFIN_F1,20210208,14:46,219.30,219.35,219.25,219.35,15500,28619200
IBULHSGFIN_F1,20210208,14:47,219.40,219.40,219.40,219.40,6200,28619200
IBULHSGFIN_F1,20210208,14:48,219.50,219.50,219.50,219.50,6200,28619200
IBULHSGFIN_F1,20210208,14:49,219.50,219.50,219.50,219.50,3100,28619200
IBULHSGFIN_F1,20210208,14:50,219.65,220.00,219.45,220.00,117800,28616100
IBULHSGFIN_F1,20210208,14:51,220.15,220.40,220.15,220.20,114700,28616100
IBULHSGFIN_F1,20210208,14:52,220.25,220.50,220.25,220.50,55800,28616100
IBULHSGFIN_F1,20210208,14:53,220.50,220.55,219.80,219.80,164300,28659500
IBULHSGFIN_F1,20210208,14:54,219.85,219.90,219.70,219.70,40300,28659500
IBULHSGFIN_F1,20210208,14:55,219.85,220.20,219.85,220.15,15500,28659500
IBULHSGFIN_F1,20210208,14:56,220.15,220.15,219.95,219.95,46500,28606800
IBULHSGFIN_F1,20210208,14:57,219.95,220.15,219.95,219.95,58900,28606800
IBULHSGFIN_F1,20210208,14:58,220.05,220.30,219.95,220.20,80600,28647100
IBULHSGFIN_F1,20210208,14:59,220.05,220.35,220.05,220.25,198400,28647100
IBULHSGFIN_F1,20210208,15:00,220.35,220.40,220.05,220.05,105400,28647100
IBULHSGFIN_F1,20210208,15:01,220.00,220.05,219.95,219.95,31000,28647100
IBULHSGFIN_F1,20210208,15:02,219.75,219.85,219.75,219.85,34100,28644000
IBULHSGFIN_F1,20210208,15:03,219.80,219.85,219.70,219.80,74400,28644000
IBULHSGFIN_F1,20210208,15:04,219.80,219.80,219.40,219.55,229400,28737000
IBULHSGFIN_F1,20210208,15:05,219.55,219.60,219.40,219.50,111600,28737000
IBULHSGFIN_F1,20210208,15:06,219.50,219.90,219.50,219.65,148800,28737000
IBULHSGFIN_F1,20210208,15:07,219.75,219.85,219.60,219.60,65100,28737000
IBULHSGFIN_F1,20210208,15:08,219.60,219.60,219.55,219.55,15500,28799000
IBULHSGFIN_F1,20210208,15:09,219.65,219.75,219.65,219.65,24800,28799000
IBULHSGFIN_F1,20210208,15:10,219.80,219.85,219.80,219.85,12400,28774200
IBULHSGFIN_F1,20210208,15:11,219.90,219.90,219.75,219.80,46500,28774200
IBULHSGFIN_F1,20210208,15:12,219.80,219.85,219.80,219.80,21700,28774200
IBULHSGFIN_F1,20210208,15:13,219.70,219.85,219.70,219.70,46500,28755600
IBULHSGFIN_F1,20210208,15:14,219.45,219.80,219.45,219.70,142600,28755600
IBULHSGFIN_F1,20210208,15:15,219.85,219.95,219.85,219.95,133300,28755600
IBULHSGFIN_F1,20210208,15:16,219.90,219.90,219.65,219.90,74400,28709100
IBULHSGFIN_F1,20210208,15:17,219.80,220.00,219.80,220.00,49600,28709100
IBULHSGFIN_F1,20210208,15:18,220.10,220.15,220.05,220.05,80600,28709100
IBULHSGFIN_F1,20210208,15:19,220.10,220.10,219.95,220.10,102300,28640900
IBULHSGFIN_F1,20210208,15:20,219.95,220.10,219.95,219.95,49600,28640900
IBULHSGFIN_F1,20210208,15:21,219.90,219.95,219.55,219.55,68200,28640900
IBULHSGFIN_F1,20210208,15:22,219.60,219.70,219.60,219.70,62000,28616100
IBULHSGFIN_F1,20210208,15:23,219.60,219.80,219.60,219.65,58900,28616100
IBULHSGFIN_F1,20210208,15:24,219.65,219.65,219.60,219.60,18600,28616100
IBULHSGFIN_F1,20210208,15:25,219.60,219.60,219.55,219.55,27900,28631600
IBULHSGFIN_F1,20210208,15:26,219.55,219.70,219.50,219.50,46500,28631600
IBULHSGFIN_F1,20210208,15:27,219.65,219.70,219.55,219.65,46500,28631600
IBULHSGFIN_F1,20210208,15:28,219.55,219.65,219.45,219.50,37200,28631600
IBULHSGFIN_F1,20210208,15:29,219.50,219.50,218.70,218.70,111600,28640900
IBULHSGFIN_F1,20210208,15:30,218.80,219.00,218.60,219.00,105400,28640900
IBULHSGFIN_F1,20210208,18:12,219.70,219.70,219.70,219.70,1,28222400
