BAJFINANCE,20221202,09:08,6730.20,6730.20,6730.20,6730.20,1351,0
BAJFINANCE,20221202,09:16,6737.95,6741.95,6707.00,6712.00,17585,0
BAJFINANCE,20221202,09:17,6713.80,6713.80,6688.45,6703.70,21182,0
BAJFINANCE,20221202,09:18,6699.25,6703.50,6690.65,6698.00,15540,0
BAJFINANCE,20221202,09:19,6698.00,6698.00,6692.05,6697.00,6605,0
BAJFINANCE,20221202,09:20,6697.85,6709.20,6697.75,6705.85,9884,0
BAJFINANCE,20221202,09:21,6706.00,6708.00,6701.60,6708.00,5734,0
BAJFINANCE,20221202,09:22,6708.00,6708.25,6701.00,6707.60,4978,0
BAJFINANCE,20221202,09:23,6704.40,6709.35,6702.20,6707.35,3257,0
BAJFINANCE,20221202,09:24,6707.40,6707.40,6702.30,6704.00,2264,0
BAJFINANCE,20221202,09:25,6704.00,6704.55,6702.00,6704.35,3356,0
BAJFINANCE,20221202,09:26,6704.20,6704.20,6695.10,6698.20,6242,0
BAJFINANCE,20221202,09:27,6699.60,6700.00,6690.00,6693.05,15079,0
BAJFINANCE,20221202,09:28,6695.95,6697.00,6690.00,6695.00,13166,0
BAJFINANCE,20221202,09:29,6693.15,6698.40,6690.50,6695.00,5471,0
BAJFINANCE,20221202,09:30,6695.35,6695.35,6690.10,6691.45,3464,0
BAJFINANCE,20221202,09:31,6693.25,6693.65,6685.20,6690.95,6772,0
BAJFINANCE,20221202,09:32,6690.85,6696.55,6690.85,6694.85,4445,0
BAJFINANCE,20221202,09:33,6694.85,6694.90,6693.20,6694.85,1768,0
BAJFINANCE,20221202,09:34,6694.20,6705.20,6694.20,6703.00,16869,0
BAJFINANCE,20221202,09:35,6700.20,6703.00,6698.00,6698.00,4537,0
BAJFINANCE,20221202,09:36,6700.15,6700.15,6694.25,6699.80,2951,0
BAJFINANCE,20221202,09:37,6703.00,6703.00,6698.10,6701.90,4251,0
BAJFINANCE,20221202,09:38,6701.90,6701.90,6699.00,6701.00,2978,0
BAJFINANCE,20221202,09:39,6700.00,6700.40,6697.00,6698.00,3569,0
BAJFINANCE,20221202,09:40,6699.90,6699.90,6695.00,6695.00,2582,0
BAJFINANCE,20221202,09:41,6695.00,6695.75,6688.45,6688.45,5126,0
BAJFINANCE,20221202,09:42,6688.35,6689.95,6687.00,6687.05,5422,0
BAJFINANCE,20221202,09:43,6687.05,6687.05,6671.75,6678.60,29604,0
BAJFINANCE,20221202,09:44,6678.60,6684.15,6675.50,6675.50,7669,0
BAJFINANCE,20221202,09:45,6675.50,6678.30,6673.10,6674.10,4982,0
BAJFINANCE,20221202,09:46,6675.40,6675.40,6656.00,6660.95,30010,0
BAJFINANCE,20221202,09:47,6660.95,6662.20,6657.80,6659.80,11474,0
BAJFINANCE,20221202,09:48,6660.05,6665.00,6658.05,6661.20,10777,0
BAJFINANCE,20221202,09:49,6661.20,6669.90,6661.20,6669.50,7264,0
BAJFINANCE,20221202,09:50,6669.65,6669.65,6662.00,6668.00,4815,0
BAJFINANCE,20221202,09:51,6668.00,6668.00,6661.45,6661.45,20057,0
BAJFINANCE,20221202,09:52,6661.00,6665.00,6660.00,6665.00,37440,0
BAJFINANCE,20221202,09:53,6665.00,6665.40,6660.00,6661.35,4334,0
BAJFINANCE,20221202,09:54,6661.35,6664.80,6660.45,6661.95,4703,0
BAJFINANCE,20221202,09:55,6660.80,6663.00,6660.00,6662.50,5167,0
BAJFINANCE,20221202,09:56,6662.50,6663.60,6654.70,6655.60,14721,0
BAJFINANCE,20221202,09:57,6654.40,6657.35,6651.05,6655.00,5542,0
BAJFINANCE,20221202,09:58,6655.00,6660.00,6652.05,6655.15,4279,0
BAJFINANCE,20221202,09:59,6655.20,6658.40,6652.25,6657.35,2727,0
BAJFINANCE,20221202,10:00,6657.35,6659.75,6655.30,6659.75,2287,0
BAJFINANCE,20221202,10:01,6659.35,6659.75,6655.55,6657.45,2960,0
BAJFINANCE,20221202,10:02,6657.45,6658.65,6656.00,6658.25,3362,0
BAJFINANCE,20221202,10:03,6658.25,6662.90,6658.00,6661.60,4940,0
BAJFINANCE,20221202,10:04,6661.00,6661.90,6657.90,6660.50,2652,0
BAJFINANCE,20221202,10:05,6661.00,6662.50,6659.25,6661.05,4856,0
BAJFINANCE,20221202,10:06,6661.05,6662.00,6654.20,6655.45,7590,0
BAJFINANCE,20221202,10:07,6654.15,6658.35,6648.00,6650.90,51877,0
BAJFINANCE,20221202,10:08,6652.50,6656.95,6650.50,6656.80,9269,0
BAJFINANCE,20221202,10:09,6656.70,6656.70,6650.55,6653.05,7272,0
BAJFINANCE,20221202,10:10,6653.05,6654.00,6650.40,6651.75,3320,0
BAJFINANCE,20221202,10:11,6651.70,6653.60,6647.00,6651.35,19402,0
BAJFINANCE,20221202,10:12,6651.30,6655.80,6650.00,6654.20,3550,0
BAJFINANCE,20221202,10:13,6652.50,6655.50,6652.00,6652.00,2510,0
BAJFINANCE,20221202,10:14,6652.00,6653.70,6651.00,6653.50,2128,0
BAJFINANCE,20221202,10:15,6653.50,6653.85,6651.45,6652.90,1359,0
BAJFINANCE,20221202,10:16,6652.95,6657.70,6652.90,6657.00,3107,0
BAJFINANCE,20221202,10:17,6657.00,6664.50,6657.00,6663.65,3695,0
BAJFINANCE,20221202,10:18,6663.90,6663.90,6660.10,6661.35,2663,0
BAJFINANCE,20221202,10:19,6661.35,6661.35,6658.20,6660.05,1604,0
BAJFINANCE,20221202,10:20,6660.00,6661.00,6657.15,6659.90,1992,0
BAJFINANCE,20221202,10:21,6659.85,6659.85,6655.40,6657.40,1881,0
BAJFINANCE,20221202,10:22,6657.40,6660.05,6656.00,6659.70,2050,0
BAJFINANCE,20221202,10:23,6659.70,6659.85,6657.00,6659.05,2636,0
BAJFINANCE,20221202,10:24,6658.95,6663.55,6656.55,6660.00,2361,0
BAJFINANCE,20221202,10:25,6660.00,6660.45,6656.55,6657.55,1156,0
BAJFINANCE,20221202,10:26,6657.50,6659.30,6655.00,6657.00,1644,0
BAJFINANCE,20221202,10:27,6657.95,6660.15,6656.70,6657.75,6068,0
BAJFINANCE,20221202,10:28,6657.75,6660.35,6657.00,6660.35,862,0
BAJFINANCE,20221202,10:29,6660.35,6661.25,6659.00,6659.40,1341,0
BAJFINANCE,20221202,10:30,6661.00,6665.00,6659.40,6663.80,2164,0
BAJFINANCE,20221202,10:31,6663.80,6669.85,6662.15,6669.30,3624,0
BAJFINANCE,20221202,10:32,6669.30,6674.80,6668.00,6673.00,4774,0
BAJFINANCE,20221202,10:33,6673.00,6673.00,6670.10,6671.90,2627,0
BAJFINANCE,20221202,10:34,6671.85,6671.90,6668.80,6669.95,1896,0
BAJFINANCE,20221202,10:35,6669.95,6672.10,6667.45,6669.65,3669,0
BAJFINANCE,20221202,10:36,6669.35,6671.45,6669.00,6670.00,1452,0
BAJFINANCE,20221202,10:37,6670.00,6670.40,6662.00,6662.00,2385,0
BAJFINANCE,20221202,10:38,6662.40,6669.00,6662.25,6668.90,1786,0
BAJFINANCE,20221202,10:39,6668.85,6670.40,6667.40,6669.90,2205,0
BAJFINANCE,20221202,10:40,6669.95,6669.95,6668.00,6669.55,1257,0
BAJFINANCE,20221202,10:41,6669.00,6670.00,6668.45,6669.65,1350,0
BAJFINANCE,20221202,10:42,6669.60,6672.00,6666.35,6672.00,2746,0
BAJFINANCE,20221202,10:43,6672.00,6678.00,6670.40,6673.10,5540,0
BAJFINANCE,20221202,10:44,6673.10,6682.05,6672.60,6679.90,5691,0
BAJFINANCE,20221202,10:45,6682.60,6690.40,6678.25,6689.95,10605,0
BAJFINANCE,20221202,10:46,6692.00,6692.65,6685.15,6686.00,8222,0
BAJFINANCE,20221202,10:47,6688.00,6697.80,6688.00,6691.55,12521,0
BAJFINANCE,20221202,10:48,6693.00,6701.15,6691.55,6700.00,11249,0
BAJFINANCE,20221202,10:49,6701.75,6704.60,6697.00,6698.00,5558,0
BAJFINANCE,20221202,10:50,6698.00,6698.00,6683.25,6684.00,4499,0
BAJFINANCE,20221202,10:51,6685.00,6699.00,6684.00,6698.50,4596,0
BAJFINANCE,20221202,10:52,6698.50,6699.50,6690.55,6698.00,5019,0
BAJFINANCE,20221202,10:53,6698.50,6704.75,6697.95,6698.05,6664,0
BAJFINANCE,20221202,10:54,6700.00,6701.95,6698.05,6700.00,2420,0
BAJFINANCE,20221202,10:55,6699.95,6703.85,6689.80,6694.00,5763,0
BAJFINANCE,20221202,10:56,6694.40,6694.40,6692.00,6692.00,1818,0
BAJFINANCE,20221202,10:57,6692.70,6694.15,6686.50,6688.00,3079,0
BAJFINANCE,20221202,10:58,6687.50,6690.00,6683.30,6689.65,2546,0
BAJFINANCE,20221202,10:59,6689.20,6695.65,6689.20,6695.65,2092,0
BAJFINANCE,20221202,11:00,6695.65,6695.65,6690.80,6691.25,2004,0
BAJFINANCE,20221202,11:01,6694.00,6694.55,6691.05,6691.05,916,0
BAJFINANCE,20221202,11:02,6691.00,6693.65,6689.70,6690.95,1658,0
BAJFINANCE,20221202,11:03,6687.00,6690.45,6687.00,6688.65,1787,0
BAJFINANCE,20221202,11:04,6688.65,6703.95,6688.65,6700.05,12201,0
BAJFINANCE,20221202,11:05,6702.50,6704.50,6697.15,6699.50,2407,0
BAJFINANCE,20221202,11:06,6699.45,6699.50,6692.25,6694.40,2097,0
BAJFINANCE,20221202,11:07,6694.05,6696.95,6693.00,6695.45,2239,0
BAJFINANCE,20221202,11:08,6695.40,6704.00,6694.55,6700.00,2730,0
BAJFINANCE,20221202,11:09,6700.90,6703.25,6699.40,6700.90,3772,0
BAJFINANCE,20221202,11:10,6700.90,6710.00,6700.00,6710.00,12450,0
BAJFINANCE,20221202,11:11,6712.00,6714.90,6707.55,6708.00,6932,0
BAJFINANCE,20221202,11:12,6708.40,6714.80,6708.00,6709.35,4537,0
BAJFINANCE,20221202,11:13,6709.30,6709.90,6701.45,6705.90,4992,0
BAJFINANCE,20221202,11:14,6707.85,6707.85,6703.90,6705.45,2010,0
BAJFINANCE,20221202,11:15,6705.50,6705.50,6700.15,6700.55,2206,0
BAJFINANCE,20221202,11:16,6700.50,6703.40,6700.05,6700.85,3950,0
BAJFINANCE,20221202,11:17,6702.00,6709.00,6700.70,6705.00,3955,0
BAJFINANCE,20221202,11:18,6703.85,6707.35,6703.35,6703.95,2119,0
BAJFINANCE,20221202,11:19,6703.90,6703.90,6697.00,6697.45,2461,0
BAJFINANCE,20221202,11:20,6697.45,6702.00,6697.00,6697.25,2966,0
BAJFINANCE,20221202,11:21,6697.25,6698.00,6690.00,6694.60,3664,0
BAJFINANCE,20221202,11:22,6692.35,6694.00,6689.75,6690.00,1942,0
BAJFINANCE,20221202,11:23,6691.90,6691.90,6687.00,6687.75,2295,0
BAJFINANCE,20221202,11:24,6687.75,6689.30,6685.00,6687.60,2615,0
BAJFINANCE,20221202,11:25,6687.60,6689.15,6684.25,6685.90,8393,0
BAJFINANCE,20221202,11:26,6687.00,6690.00,6685.05,6687.00,1759,0
BAJFINANCE,20221202,11:27,6687.35,6687.70,6678.35,6678.85,4248,0
BAJFINANCE,20221202,11:28,6679.25,6683.00,6678.65,6679.05,1642,0
BAJFINANCE,20221202,11:29,6680.80,6680.80,6675.55,6677.50,3823,0
BAJFINANCE,20221202,11:30,6677.45,6682.35,6676.30,6680.95,1702,0
BAJFINANCE,20221202,11:31,6680.95,6680.95,6675.00,6678.10,2936,0
BAJFINANCE,20221202,11:32,6678.10,6679.95,6677.35,6678.80,1804,0
BAJFINANCE,20221202,11:33,6678.50,6681.00,6677.50,6678.95,2202,0
BAJFINANCE,20221202,11:34,6678.95,6679.35,6672.25,6673.00,4860,0
BAJFINANCE,20221202,11:35,6672.65,6677.10,6672.25,6674.05,2878,0
BAJFINANCE,20221202,11:36,6674.05,6674.30,6668.10,6673.85,5950,0
BAJFINANCE,20221202,11:37,6673.85,6674.00,6670.10,6674.00,2178,0
BAJFINANCE,20221202,11:38,6673.65,6673.95,6670.90,6670.95,3056,0
BAJFINANCE,20221202,11:39,6673.80,6675.40,6670.15,6670.15,2860,0
BAJFINANCE,20221202,11:40,6670.05,6670.10,6666.00,6667.60,3712,0
BAJFINANCE,20221202,11:41,6669.00,6677.65,6667.60,6674.70,1655,0
BAJFINANCE,20221202,11:42,6675.25,6679.00,6675.00,6676.75,1994,0
BAJFINANCE,20221202,11:43,6676.40,6676.80,6671.80,6675.50,1847,0
BAJFINANCE,20221202,11:44,6675.00,6675.60,6670.05,6672.40,1274,0
BAJFINANCE,20221202,11:45,6672.80,6672.80,6670.00,6670.40,2707,0
BAJFINANCE,20221202,11:46,6669.50,6673.40,6669.05,6671.05,1359,0
BAJFINANCE,20221202,11:47,6671.40,6673.95,6670.00,6670.65,1238,0
BAJFINANCE,20221202,11:48,6672.75,6672.80,6669.10,6670.25,978,0
BAJFINANCE,20221202,11:49,6670.20,6674.45,6669.65,6672.25,1878,0
BAJFINANCE,20221202,11:50,6672.25,6674.45,6670.00,6673.40,1331,0
BAJFINANCE,20221202,11:51,6673.40,6677.70,6671.50,6673.40,1219,0
BAJFINANCE,20221202,11:52,6673.00,6673.00,6670.00,6670.00,1422,0
BAJFINANCE,20221202,11:53,6670.25,6670.65,6667.15,6670.65,2955,0
BAJFINANCE,20221202,11:54,6673.35,6675.35,6670.00,6671.00,1974,0
BAJFINANCE,20221202,11:55,6671.00,6672.55,6666.25,6671.25,2377,0
BAJFINANCE,20221202,11:56,6671.30,6671.30,6668.00,6668.50,926,0
BAJFINANCE,20221202,11:57,6670.00,6670.00,6665.00,6665.90,3052,0
BAJFINANCE,20221202,11:58,6665.65,6671.95,6665.00,6667.40,1900,0
BAJFINANCE,20221202,11:59,6669.75,6674.00,6669.75,6673.65,2133,0
BAJFINANCE,20221202,12:00,6672.40,6672.40,6670.00,6671.40,1249,0
BAJFINANCE,20221202,12:01,6671.45,6671.45,6668.00,6668.15,1369,0
BAJFINANCE,20221202,12:02,6670.00,6674.90,6668.00,6674.00,1784,0
BAJFINANCE,20221202,12:03,6674.40,6676.00,6670.00,6670.05,1355,0
BAJFINANCE,20221202,12:04,6670.95,6670.95,6668.00,6669.00,1401,0
BAJFINANCE,20221202,12:05,6668.00,6674.00,6668.00,6671.85,1820,0
BAJFINANCE,20221202,12:06,6673.95,6673.95,6671.50,6672.00,806,0
BAJFINANCE,20221202,12:07,6672.00,6675.00,6671.50,6675.00,1247,0
BAJFINANCE,20221202,12:08,6675.00,6676.60,6672.10,6673.95,716,0
BAJFINANCE,20221202,12:09,6673.85,6674.30,6672.00,6673.00,1035,0
BAJFINANCE,20221202,12:10,6673.00,6675.25,6671.95,6673.20,1587,0
BAJFINANCE,20221202,12:11,6674.30,6674.30,6670.10,6672.90,1256,0
BAJFINANCE,20221202,12:12,6672.85,6676.90,6671.80,6673.25,1576,0
BAJFINANCE,20221202,12:13,6672.35,6674.40,6671.95,6672.05,666,0
BAJFINANCE,20221202,12:14,6673.00,6673.00,6669.00,6670.00,1345,0
BAJFINANCE,20221202,12:15,6669.00,6671.65,6669.00,6670.95,1354,0
BAJFINANCE,20221202,12:16,6669.90,6670.95,6668.00,6670.00,6350,0
BAJFINANCE,20221202,12:17,6670.00,6670.00,6668.00,6669.80,1003,0
BAJFINANCE,20221202,12:18,6669.95,6671.90,6668.00,6668.80,1623,0
BAJFINANCE,20221202,12:19,6668.80,6670.90,6668.00,6670.75,856,0
BAJFINANCE,20221202,12:20,6670.70,6675.10,6668.25,6671.90,1297,0
BAJFINANCE,20221202,12:21,6671.55,6675.60,6671.55,6671.65,1697,0
BAJFINANCE,20221202,12:22,6672.95,6673.40,6670.00,6672.00,1356,0
BAJFINANCE,20221202,12:23,6672.55,6674.00,6672.00,6673.05,1364,0
BAJFINANCE,20221202,12:24,6672.85,6673.90,6670.00,6670.20,1448,0
BAJFINANCE,20221202,12:25,6670.20,6670.20,6668.00,6669.25,1426,0
BAJFINANCE,20221202,12:26,6670.00,6670.05,6668.15,6668.20,586,0
BAJFINANCE,20221202,12:27,6668.95,6669.30,6668.00,6668.10,1426,0
BAJFINANCE,20221202,12:28,6668.10,6668.10,6668.00,6668.05,1054,0
BAJFINANCE,20221202,12:29,6668.00,6668.05,6666.40,6667.25,1169,0
BAJFINANCE,20221202,12:30,6667.25,6674.80,6666.50,6672.60,1892,0
BAJFINANCE,20221202,12:31,6672.60,6675.00,6670.00,6672.60,1084,0
BAJFINANCE,20221202,12:32,6674.75,6674.75,6672.60,6673.10,1185,0
BAJFINANCE,20221202,12:33,6673.10,6674.60,6671.00,6674.20,1572,0
BAJFINANCE,20221202,12:34,6673.95,6673.95,6671.50,6673.30,511,0
BAJFINANCE,20221202,12:35,6673.25,6673.30,6671.50,6672.25,910,0
BAJFINANCE,20221202,12:36,6672.25,6672.25,6671.00,6671.60,1038,0
BAJFINANCE,20221202,12:37,6671.60,6672.45,6668.00,6670.00,2717,0
BAJFINANCE,20221202,12:38,6668.50,6670.00,6668.00,6668.75,924,0
BAJFINANCE,20221202,12:39,6668.75,6668.75,6667.00,6668.00,1032,0
BAJFINANCE,20221202,12:40,6668.00,6668.00,6666.50,6667.30,1486,0
BAJFINANCE,20221202,12:41,6667.85,6670.40,6666.75,6670.00,1122,0
BAJFINANCE,20221202,12:42,6670.00,6673.95,6669.95,6670.45,1590,0
BAJFINANCE,20221202,12:43,6671.55,6675.00,6671.55,6672.50,1850,0
BAJFINANCE,20221202,12:44,6672.95,6674.00,6670.00,6671.20,1547,0
BAJFINANCE,20221202,12:45,6671.60,6674.00,6670.05,6674.00,1092,0
BAJFINANCE,20221202,12:46,6673.95,6674.00,6671.00,6672.70,610,0
BAJFINANCE,20221202,12:47,6672.70,6672.70,6671.20,6672.00,702,0
BAJFINANCE,20221202,12:48,6672.00,6672.70,6671.55,6672.40,918,0
BAJFINANCE,20221202,12:49,6672.40,6674.80,6671.55,6672.00,813,0
BAJFINANCE,20221202,12:50,6672.40,6672.45,6670.60,6672.15,616,0
BAJFINANCE,20221202,12:51,6672.00,6672.25,6668.05,6672.15,7261,0
BAJFINANCE,20221202,12:52,6672.15,6672.55,6671.00,6671.25,844,0
BAJFINANCE,20221202,12:53,6671.05,6673.80,6669.00,6671.05,2186,0
BAJFINANCE,20221202,12:54,6672.70,6673.00,6669.05,6669.85,894,0
BAJFINANCE,20221202,12:55,6670.00,6670.00,6669.00,6669.60,756,0
BAJFINANCE,20221202,12:56,6669.55,6669.65,6666.40,6666.40,1543,0
BAJFINANCE,20221202,12:57,6666.30,6668.80,6666.30,6668.10,1136,0
BAJFINANCE,20221202,12:58,6668.10,6668.75,6666.40,6668.50,748,0
BAJFINANCE,20221202,12:59,6667.00,6667.25,6666.15,6667.20,784,0
BAJFINANCE,20221202,13:00,6667.20,6671.00,6666.00,6670.95,1033,0
BAJFINANCE,20221202,13:01,6670.95,6677.80,6670.00,6674.95,3028,0
BAJFINANCE,20221202,13:02,6675.35,6676.50,6673.05,6676.05,1163,0
BAJFINANCE,20221202,13:03,6676.05,6677.05,6673.00,6676.50,1819,0
BAJFINANCE,20221202,13:04,6673.45,6677.75,6673.45,6677.00,3974,0
BAJFINANCE,20221202,13:05,6676.80,6677.40,6675.00,6675.00,1694,0
BAJFINANCE,20221202,13:06,6675.95,6676.15,6675.00,6676.10,1122,0
BAJFINANCE,20221202,13:07,6677.00,6677.55,6675.05,6677.55,970,0
BAJFINANCE,20221202,13:08,6677.70,6685.00,6677.00,6683.65,4379,0
BAJFINANCE,20221202,13:09,6685.25,6686.75,6680.80,6680.80,2001,0
BAJFINANCE,20221202,13:10,6680.80,6683.00,6680.55,6681.05,1350,0
BAJFINANCE,20221202,13:11,6682.00,6682.50,6680.65,6681.85,880,0
BAJFINANCE,20221202,13:12,6681.70,6681.70,6678.00,6678.40,1733,0
BAJFINANCE,20221202,13:13,6678.45,6678.45,6675.00,6677.45,1976,0
BAJFINANCE,20221202,13:14,6677.55,6678.35,6676.90,6677.85,1425,0
BAJFINANCE,20221202,13:15,6676.90,6679.10,6676.00,6676.50,1296,0
BAJFINANCE,20221202,13:16,6676.90,6677.85,6675.00,6675.00,1947,0
BAJFINANCE,20221202,13:17,6675.45,6675.80,6671.00,6672.40,1401,0
BAJFINANCE,20221202,13:18,6673.00,6674.20,6671.15,6672.05,1725,0
BAJFINANCE,20221202,13:19,6673.80,6674.10,6671.30,6674.10,1428,0
BAJFINANCE,20221202,13:20,6674.90,6676.45,6667.25,6670.70,4311,0
BAJFINANCE,20221202,13:21,6670.55,6670.65,6667.05,6670.65,1497,0
BAJFINANCE,20221202,13:22,6670.65,6678.00,6669.95,6676.00,1299,0
BAJFINANCE,20221202,13:23,6676.40,6677.85,6674.00,6675.35,1189,0
BAJFINANCE,20221202,13:24,6675.40,6675.45,6670.90,6671.35,1116,0
BAJFINANCE,20221202,13:25,6673.75,6673.75,6670.00,6670.45,1353,0
BAJFINANCE,20221202,13:26,6670.45,6671.80,6670.00,6671.80,1299,0
BAJFINANCE,20221202,13:27,6671.80,6671.80,6667.20,6667.55,2072,0
BAJFINANCE,20221202,13:28,6667.20,6669.55,6666.00,6669.15,2776,0
BAJFINANCE,20221202,13:29,6669.40,6669.55,6666.00,6666.05,3846,0
BAJFINANCE,20221202,13:30,6666.00,6666.00,6660.00,6662.85,9388,0
BAJFINANCE,20221202,13:31,6661.50,6662.05,6660.00,6661.40,1804,0
BAJFINANCE,20221202,13:32,6661.40,6662.05,6660.00,6662.05,1968,0
BAJFINANCE,20221202,13:33,6662.25,6664.60,6660.00,6663.75,3068,0
BAJFINANCE,20221202,13:34,6663.80,6669.15,6662.85,6666.25,914,0
BAJFINANCE,20221202,13:35,6666.15,6668.20,6666.00,6667.50,944,0
BAJFINANCE,20221202,13:36,6668.00,6668.30,6666.85,6667.05,994,0
BAJFINANCE,20221202,13:37,6668.25,6673.20,6667.00,6669.60,1187,0
BAJFINANCE,20221202,13:38,6670.75,6671.50,6668.95,6671.50,1016,0
BAJFINANCE,20221202,13:39,6671.10,6673.80,6669.20,6670.35,1041,0
BAJFINANCE,20221202,13:40,6670.35,6674.45,6670.15,6670.50,1660,0
BAJFINANCE,20221202,13:41,6673.85,6673.85,6670.00,6672.65,1252,0
BAJFINANCE,20221202,13:42,6671.50,6673.00,6670.00,6671.90,1077,0
BAJFINANCE,20221202,13:43,6672.85,6672.90,6668.05,6672.00,1689,0
BAJFINANCE,20221202,13:44,6672.00,6676.90,6670.00,6674.00,7108,0
BAJFINANCE,20221202,13:45,6673.95,6675.55,6672.00,6675.55,1338,0
BAJFINANCE,20221202,13:46,6675.95,6679.45,6673.85,6675.45,2584,0
BAJFINANCE,20221202,13:47,6678.45,6679.15,6675.15,6677.60,1579,0
BAJFINANCE,20221202,13:48,6677.60,6677.60,6673.10,6675.90,955,0
BAJFINANCE,20221202,13:49,6675.90,6675.90,6672.00,6672.50,1372,0
BAJFINANCE,20221202,13:50,6674.45,6680.00,6672.05,6678.30,3455,0
BAJFINANCE,20221202,13:51,6678.75,6681.10,6675.00,6675.00,1755,0
BAJFINANCE,20221202,13:52,6676.05,6676.55,6673.25,6674.85,1425,0
BAJFINANCE,20221202,13:53,6674.80,6676.25,6671.60,6674.95,1977,0
BAJFINANCE,20221202,13:54,6674.95,6676.50,6672.50,6675.95,1673,0
BAJFINANCE,20221202,13:55,6675.90,6676.85,6674.00,6676.85,1094,0
BAJFINANCE,20221202,13:56,6676.85,6678.95,6674.00,6674.55,2752,0
BAJFINANCE,20221202,13:57,6674.00,6674.55,6674.00,6674.00,1324,0
BAJFINANCE,20221202,13:58,6674.00,6677.10,6674.00,6676.35,1296,0
BAJFINANCE,20221202,13:59,6676.35,6678.40,6674.00,6675.60,1203,0
BAJFINANCE,20221202,14:00,6676.10,6677.00,6674.00,6674.75,1307,0
BAJFINANCE,20221202,14:01,6674.00,6678.75,6674.00,6677.25,1502,0
BAJFINANCE,20221202,14:02,6677.80,6679.10,6675.00,6675.00,998,0
BAJFINANCE,20221202,14:03,6677.25,6677.25,6674.00,6675.70,1189,0
BAJFINANCE,20221202,14:04,6675.70,6679.00,6675.30,6678.70,1162,0
BAJFINANCE,20221202,14:05,6678.65,6679.90,6674.00,6676.35,2079,0
BAJFINANCE,20221202,14:06,6676.35,6676.35,6672.00,6674.05,1018,0
BAJFINANCE,20221202,14:07,6673.00,6675.00,6671.00,6674.50,1676,0
BAJFINANCE,20221202,14:08,6674.15,6674.50,6670.00,6671.00,6617,0
BAJFINANCE,20221202,14:09,6670.50,6674.50,6670.00,6673.95,1758,0
BAJFINANCE,20221202,14:10,6673.95,6674.20,6671.00,6673.60,748,0
BAJFINANCE,20221202,14:11,6673.55,6673.60,6670.00,6670.80,773,0
BAJFINANCE,20221202,14:12,6670.75,6673.60,6670.00,6673.15,1321,0
BAJFINANCE,20221202,14:13,6673.10,6673.15,6670.85,6672.10,727,0
BAJFINANCE,20221202,14:14,6672.40,6672.45,6670.00,6670.95,912,0
BAJFINANCE,20221202,14:15,6670.50,6673.00,6670.00,6672.90,1803,0
BAJFINANCE,20221202,14:16,6673.00,6673.00,6670.95,6670.95,756,0
BAJFINANCE,20221202,14:17,6672.75,6672.75,6670.00,6671.75,1134,0
BAJFINANCE,20221202,14:18,6671.80,6671.80,6670.05,6671.60,653,0
BAJFINANCE,20221202,14:19,6671.55,6671.60,6670.00,6671.40,1333,0
BAJFINANCE,20221202,14:20,6671.40,6671.90,6670.00,6670.70,1079,0
BAJFINANCE,20221202,14:21,6671.35,6672.75,6670.00,6671.00,1624,0
BAJFINANCE,20221202,14:22,6672.65,6672.70,6670.00,6670.45,801,0
BAJFINANCE,20221202,14:23,6670.40,6673.60,6670.00,6670.40,2353,0
BAJFINANCE,20221202,14:24,6670.65,6680.00,6670.05,6680.00,2655,0
BAJFINANCE,20221202,14:25,6677.65,6683.35,6677.00,6679.15,3842,0
BAJFINANCE,20221202,14:26,6679.10,6683.30,6675.50,6683.30,5257,0
BAJFINANCE,20221202,14:27,6681.90,6684.70,6681.85,6683.00,2327,0
BAJFINANCE,20221202,14:28,6682.80,6683.00,6677.80,6679.95,2644,0
BAJFINANCE,20221202,14:29,6679.65,6682.20,6679.65,6682.00,1817,0
BAJFINANCE,20221202,14:30,6681.95,6682.20,6680.00,6680.00,1227,0
BAJFINANCE,20221202,14:31,6680.95,6683.00,6679.85,6683.00,2884,0
BAJFINANCE,20221202,14:32,6683.00,6683.00,6679.70,6680.55,2724,0
BAJFINANCE,20221202,14:33,6682.00,6682.00,6680.00,6681.50,1363,0
BAJFINANCE,20221202,14:34,6681.45,6681.45,6677.05,6679.90,1711,0
BAJFINANCE,20221202,14:35,6678.25,6679.85,6677.25,6677.25,6554,0
BAJFINANCE,20221202,14:36,6679.40,6679.95,6676.00,6677.45,2198,0
BAJFINANCE,20221202,14:37,6679.00,6679.00,6675.90,6677.00,1965,0
BAJFINANCE,20221202,14:38,6676.00,6676.90,6671.00,6676.00,2469,0
BAJFINANCE,20221202,14:39,6676.00,6676.00,6673.00,6675.45,1964,0
BAJFINANCE,20221202,14:40,6675.65,6678.60,6673.10,6678.60,2820,0
BAJFINANCE,20221202,14:41,6678.60,6680.75,6678.60,6679.50,2988,0
BAJFINANCE,20221202,14:42,6679.95,6680.00,6676.40,6678.00,2173,0
BAJFINANCE,20221202,14:43,6679.40,6679.95,6677.15,6678.15,1515,0
BAJFINANCE,20221202,14:44,6680.00,6681.80,6676.40,6678.35,2806,0
BAJFINANCE,20221202,14:45,6678.35,6679.85,6676.40,6679.85,2358,0
BAJFINANCE,20221202,14:46,6680.00,6681.35,6679.95,6681.25,2393,0
BAJFINANCE,20221202,14:47,6681.00,6685.00,6681.00,6684.40,6063,0
BAJFINANCE,20221202,14:48,6684.90,6684.90,6681.00,6682.95,2290,0
BAJFINANCE,20221202,14:49,6682.95,6682.95,6678.10,6679.00,2906,0
BAJFINANCE,20221202,14:50,6680.05,6680.05,6676.45,6677.40,1959,0
BAJFINANCE,20221202,14:51,6677.00,6679.30,6674.65,6679.30,3322,0
BAJFINANCE,20221202,14:52,6679.65,6679.65,6675.95,6679.65,2448,0
BAJFINANCE,20221202,14:53,6679.90,6680.30,6678.05,6680.10,2151,0
BAJFINANCE,20221202,14:54,6680.05,6680.05,6675.90,6675.90,2678,0
BAJFINANCE,20221202,14:55,6675.90,6678.55,6675.00,6678.55,2587,0
BAJFINANCE,20221202,14:56,6678.50,6680.20,6677.30,6680.20,4829,0
BAJFINANCE,20221202,14:57,6680.35,6680.60,6677.55,6679.05,6230,0
BAJFINANCE,20221202,14:58,6679.05,6679.90,6677.00,6679.90,1894,0
BAJFINANCE,20221202,14:59,6679.90,6679.90,6677.00,6679.55,2758,0
BAJFINANCE,20221202,15:00,6679.60,6690.80,6678.40,6689.10,13808,0
BAJFINANCE,20221202,15:01,6690.25,6690.25,6682.00,6684.95,8779,0
BAJFINANCE,20221202,15:02,6684.95,6687.00,6683.15,6685.00,4575,0
BAJFINANCE,20221202,15:03,6685.00,6685.00,6680.20,6681.40,4234,0
BAJFINANCE,20221202,15:04,6681.20,6681.20,6678.00,6679.45,6882,0
BAJFINANCE,20221202,15:05,6679.80,6679.80,6675.00,6676.60,6012,0
BAJFINANCE,20221202,15:06,6676.70,6679.50,6675.60,6679.50,8540,0
BAJFINANCE,20221202,15:07,6679.55,6682.85,6679.55,6681.00,5283,0
BAJFINANCE,20221202,15:08,6681.00,6681.15,6679.20,6681.15,5164,0
BAJFINANCE,20221202,15:09,6680.00,6681.15,6678.70,6679.15,11082,0
BAJFINANCE,20221202,15:10,6679.15,6681.05,6678.00,6681.05,5756,0
BAJFINANCE,20221202,15:11,6681.05,6682.90,6680.95,6681.10,5631,0
BAJFINANCE,20221202,15:12,6681.20,6681.20,6678.00,6678.05,4460,0
BAJFINANCE,20221202,15:13,6678.00,6680.00,6677.05,6677.70,6500,0
BAJFINANCE,20221202,15:14,6677.90,6678.05,6677.15,6677.15,6641,0
BAJFINANCE,20221202,15:15,6677.00,6677.95,6675.00,6675.00,5851,0
BAJFINANCE,20221202,15:16,6676.30,6678.55,6672.00,6675.05,15770,0
BAJFINANCE,20221202,15:17,6676.60,6677.00,6672.35,6675.05,6942,0
BAJFINANCE,20221202,15:18,6675.05,6675.40,6674.10,6675.40,8689,0
BAJFINANCE,20221202,15:19,6675.85,6675.85,6672.20,6672.55,6386,0
BAJFINANCE,20221202,15:20,6672.55,6673.50,6672.00,6673.45,7465,0
BAJFINANCE,20221202,15:21,6673.35,6674.00,6671.40,6671.40,10253,0
BAJFINANCE,20221202,15:22,6671.70,6673.40,6671.65,6672.70,4539,0
BAJFINANCE,20221202,15:23,6672.65,6673.40,6672.00,6673.40,6709,0
BAJFINANCE,20221202,15:24,6673.40,6673.40,6671.45,6671.45,5316,0
BAJFINANCE,20221202,15:25,6671.50,6671.50,6670.10,6670.10,5913,0
BAJFINANCE,20221202,15:26,6670.15,6670.15,6670.00,6670.05,12795,0
BAJFINANCE,20221202,15:27,6670.05,6670.05,6665.25,6665.25,6716,0
BAJFINANCE,20221202,15:28,6665.95,6667.00,6665.00,6667.00,5577,0
BAJFINANCE,20221202,15:29,6667.00,6667.05,6665.35,6666.00,5826,0
BAJFINANCE,20221202,15:30,6666.00,6671.00,6665.00,6671.00,6120,0
BAJFINANCE,20221202,15:31,6672.00,6672.00,6672.00,6672.00,32,0
BAJFINANCE,20221202,15:32,6675.75,6675.75,6675.75,6675.75,0,0
BAJFINANCE,20221202,15:41,6675.75,6675.75,6675.75,6675.75,28,0
BAJFINANCE,20221202,16:56,6675.75,6675.75,6675.75,6675.75,0,0
