BANKBARODA_F1,20180131,09:16,159.8,161.4,159.45,161.1,228000
BANKBARODA_F1,20180131,09:17,161,161.4,160.8,161.15,228000
BANKBARODA_F1,20180131,09:18,161.25,161.45,161.1,161.2,84000
BANKBARODA_F1,20180131,09:19,161.25,161.35,161.15,161.2,56000
BANKBARODA_F1,20180131,09:20,161.3,161.3,160.85,160.95,80000
BANKBARODA_F1,20180131,09:21,160.95,160.95,160.5,160.7,156000
BANKBARODA_F1,20180131,09:22,160.75,160.8,160.55,160.75,172000
BANKBARODA_F1,20180131,09:23,160.75,161.1,160.75,161.1,64000
BANKBARODA_F1,20180131,09:24,161.2,161.5,161,161.45,104000
BANKBARODA_F1,20180131,09:25,161.5,161.85,161.5,161.65,72000
BANKBARODA_F1,20180131,09:26,161.55,162,161.5,161.9,152000
BANKBARODA_F1,20180131,09:27,161.95,161.95,161.6,161.6,112000
BANKBARODA_F1,20180131,09:28,161.6,161.75,161.5,161.7,44000
BANKBARODA_F1,20180131,09:29,161.8,161.9,161.75,161.8,32000
BANKBARODA_F1,20180131,09:30,161.8,161.85,161.4,161.4,88000
BANKBARODA_F1,20180131,09:31,161.5,161.8,161.5,161.8,52000
BANKBARODA_F1,20180131,09:32,161.8,162.05,161.8,161.95,108000
BANKBARODA_F1,20180131,09:33,161.75,162,161.75,161.85,36000
BANKBARODA_F1,20180131,09:34,161.8,161.9,161.4,161.4,100000
BANKBARODA_F1,20180131,09:35,161.5,161.75,161.5,161.75,36000
BANKBARODA_F1,20180131,09:36,161.75,161.85,161.55,161.85,144000
BANKBARODA_F1,20180131,09:37,161.8,161.8,161.7,161.8,52000
BANKBARODA_F1,20180131,09:38,161.85,161.85,161.5,161.6,48000
BANKBARODA_F1,20180131,09:39,161.55,161.8,161.55,161.7,36000
BANKBARODA_F1,20180131,09:40,161.7,162.15,161.7,162.1,100000
BANKBARODA_F1,20180131,09:41,162.05,162.3,161.8,162.15,92000
BANKBARODA_F1,20180131,09:42,162.2,162.4,162.2,162.25,248000
BANKBARODA_F1,20180131,09:43,162.2,162.45,162.15,162.35,160000
BANKBARODA_F1,20180131,09:44,162.4,162.5,162.3,162.5,96000
BANKBARODA_F1,20180131,09:45,162.4,162.4,162.1,162.15,60000
BANKBARODA_F1,20180131,09:46,162.15,162.15,162.15,162.15,12000
BANKBARODA_F1,20180131,09:47,162.25,162.4,162.25,162.25,76000
BANKBARODA_F1,20180131,09:48,162.15,162.2,161.85,161.95,56000
BANKBARODA_F1,20180131,09:49,161.85,161.85,161.5,161.55,88000
BANKBARODA_F1,20180131,09:50,161.65,162,161.65,162,116000
BANKBARODA_F1,20180131,09:51,161.75,162.1,161.75,162.1,44000
BANKBARODA_F1,20180131,09:52,162,162,161.8,161.8,88000
BANKBARODA_F1,20180131,09:53,161.85,161.95,161.85,161.85,28000
BANKBARODA_F1,20180131,09:54,161.8,161.8,161.8,161.8,4000
BANKBARODA_F1,20180131,09:55,161.85,162.2,161.85,162.2,40000
BANKBARODA_F1,20180131,09:56,162,162.05,162,162.05,40000
BANKBARODA_F1,20180131,09:57,162,162,162,162,8000
BANKBARODA_F1,20180131,09:58,162,162,161.9,161.9,12000
BANKBARODA_F1,20180131,09:59,161.9,162.2,161.9,162.2,24000
BANKBARODA_F1,20180131,10:00,162.2,162.2,162.1,162.1,16000
BANKBARODA_F1,20180131,10:01,162,162.05,162,162.05,16000
BANKBARODA_F1,20180131,10:02,162.05,162.05,162,162,24000
BANKBARODA_F1,20180131,10:03,161.95,161.95,161.85,161.85,20000
BANKBARODA_F1,20180131,10:04,161.75,161.8,161.7,161.8,16000
BANKBARODA_F1,20180131,10:05,161.8,161.85,161.8,161.85,16000
BANKBARODA_F1,20180131,10:06,161.85,162,161.85,162,20000
BANKBARODA_F1,20180131,10:07,162.05,162.05,161.85,161.85,44000
BANKBARODA_F1,20180131,10:08,161.75,161.8,161.7,161.8,20000
BANKBARODA_F1,20180131,10:09,161.7,161.75,161.7,161.75,16000
BANKBARODA_F1,20180131,10:10,161.65,161.75,161.65,161.7,32000
BANKBARODA_F1,20180131,10:11,161.7,161.85,161.7,161.75,28000
BANKBARODA_F1,20180131,10:12,161.75,161.75,161.65,161.65,16000
BANKBARODA_F1,20180131,10:13,161.7,161.7,161.65,161.65,8000
BANKBARODA_F1,20180131,10:14,161.6,161.7,161.55,161.7,44000
BANKBARODA_F1,20180131,10:15,161.6,161.6,161.55,161.55,20000
BANKBARODA_F1,20180131,10:16,161.6,161.65,161.55,161.55,24000
BANKBARODA_F1,20180131,10:17,161.5,161.5,161.35,161.35,28000
BANKBARODA_F1,20180131,10:18,161.35,161.35,161.25,161.25,40000
BANKBARODA_F1,20180131,10:19,161.35,161.4,161.35,161.35,16000
BANKBARODA_F1,20180131,10:20,161.35,161.4,161.25,161.25,44000
BANKBARODA_F1,20180131,10:21,161.4,161.4,161.25,161.35,20000
BANKBARODA_F1,20180131,10:22,161.3,161.4,161.25,161.25,32000
BANKBARODA_F1,20180131,10:23,161.2,161.3,161.05,161.15,84000
BANKBARODA_F1,20180131,10:24,161.15,161.25,161.15,161.25,24000
BANKBARODA_F1,20180131,10:25,161.1,161.1,161.05,161.1,44000
BANKBARODA_F1,20180131,10:26,161,161.1,161,161.05,72000
BANKBARODA_F1,20180131,10:27,161.05,161.15,161,161,60000
BANKBARODA_F1,20180131,10:28,161,161.05,160.9,160.9,104000
BANKBARODA_F1,20180131,10:29,160.85,160.85,160.75,160.8,80000
BANKBARODA_F1,20180131,10:30,160.8,161,160.8,161,48000
BANKBARODA_F1,20180131,10:31,160.9,160.9,160.8,160.8,16000
BANKBARODA_F1,20180131,10:32,160.8,160.8,160.35,160.4,168000
BANKBARODA_F1,20180131,10:33,160.45,160.7,160.4,160.7,112000
BANKBARODA_F1,20180131,10:34,160.8,160.8,160.6,160.6,48000
BANKBARODA_F1,20180131,10:35,160.7,160.9,160.7,160.85,44000
BANKBARODA_F1,20180131,10:36,160.85,160.85,160.75,160.75,24000
BANKBARODA_F1,20180131,10:37,160.7,160.7,160.35,160.6,48000
BANKBARODA_F1,20180131,10:38,160.6,160.6,160.35,160.4,128000
BANKBARODA_F1,20180131,10:39,160.45,160.5,160.15,160.15,136000
BANKBARODA_F1,20180131,10:40,160.05,160.1,159.95,160,104000
BANKBARODA_F1,20180131,10:41,160.05,160.1,160,160,100000
BANKBARODA_F1,20180131,10:42,159.95,160.2,159.95,160.2,28000
BANKBARODA_F1,20180131,10:43,160.2,160.25,160.05,160.25,48000
BANKBARODA_F1,20180131,10:44,160.15,160.2,159.85,159.85,72000
BANKBARODA_F1,20180131,10:45,159.85,160.15,159.75,159.9,276000
BANKBARODA_F1,20180131,10:46,159.85,159.95,159.7,159.75,336000
BANKBARODA_F1,20180131,10:47,159.7,159.7,159.35,159.5,236000
BANKBARODA_F1,20180131,10:48,159.6,159.8,159.55,159.8,52000
BANKBARODA_F1,20180131,10:49,159.75,159.8,159.75,159.75,28000
BANKBARODA_F1,20180131,10:50,159.7,159.75,159.55,159.75,52000
BANKBARODA_F1,20180131,10:51,159.65,159.8,159.5,159.8,56000
BANKBARODA_F1,20180131,10:52,159.85,159.85,159.7,159.7,24000
BANKBARODA_F1,20180131,10:53,159.7,159.7,159.25,159.55,124000
BANKBARODA_F1,20180131,10:54,159.7,159.7,159.6,159.7,40000
BANKBARODA_F1,20180131,10:55,159.7,159.7,159.4,159.4,72000
BANKBARODA_F1,20180131,10:56,159.4,159.55,159.3,159.4,84000
BANKBARODA_F1,20180131,10:57,159.35,159.6,159.3,159.45,80000
BANKBARODA_F1,20180131,10:58,159.5,159.8,159.5,159.8,16000
BANKBARODA_F1,20180131,10:59,159.6,159.75,159.6,159.75,24000
BANKBARODA_F1,20180131,11:00,159.65,159.7,159.65,159.7,12000
BANKBARODA_F1,20180131,11:01,159.6,159.6,159.1,159.15,68000
BANKBARODA_F1,20180131,11:02,159.15,159.35,159,159.3,176000
BANKBARODA_F1,20180131,11:03,159.15,159.55,159.15,159.55,92000
BANKBARODA_F1,20180131,11:04,159.4,159.4,159.3,159.3,16000
BANKBARODA_F1,20180131,11:05,159.5,159.5,159.5,159.5,32000
BANKBARODA_F1,20180131,11:06,159.45,159.6,159.45,159.6,20000
BANKBARODA_F1,20180131,11:07,159.5,159.5,159.25,159.25,36000
BANKBARODA_F1,20180131,11:08,159.35,159.4,159.1,159.35,60000
BANKBARODA_F1,20180131,11:09,159.25,159.3,159.2,159.25,40000
BANKBARODA_F1,20180131,11:10,159.35,159.45,159.25,159.25,52000
BANKBARODA_F1,20180131,11:11,159.25,159.25,159.15,159.2,20000
BANKBARODA_F1,20180131,11:12,159.3,159.5,159.3,159.5,28000
BANKBARODA_F1,20180131,11:13,159.45,159.45,159.35,159.35,8000
BANKBARODA_F1,20180131,11:14,159.25,159.25,159.25,159.25,12000
BANKBARODA_F1,20180131,11:15,159.35,159.4,159.2,159.2,36000
BANKBARODA_F1,20180131,11:16,159.4,159.4,159.4,159.4,8000
BANKBARODA_F1,20180131,11:17,159.4,159.4,159.4,159.4,8000
BANKBARODA_F1,20180131,11:18,159.5,159.5,159.5,159.5,12000
BANKBARODA_F1,20180131,11:19,159.45,159.65,159.45,159.65,28000
BANKBARODA_F1,20180131,11:20,159.6,159.65,159.55,159.55,16000
BANKBARODA_F1,20180131,11:21,159.45,159.5,159.45,159.5,12000
BANKBARODA_F1,20180131,11:22,159.5,159.55,159.4,159.4,32000
BANKBARODA_F1,20180131,11:23,159.4,159.45,159.35,159.45,20000
BANKBARODA_F1,20180131,11:24,159.35,159.5,159.35,159.4,24000
BANKBARODA_F1,20180131,11:25,159.4,159.4,159.4,159.4,4000
BANKBARODA_F1,20180131,11:26,159.35,159.45,159.35,159.4,20000
BANKBARODA_F1,20180131,11:27,159.45,159.45,159.4,159.4,24000
BANKBARODA_F1,20180131,11:28,159.4,159.4,159.3,159.4,48000
BANKBARODA_F1,20180131,11:29,159.4,159.5,159.2,159.2,36000
BANKBARODA_F1,20180131,11:30,159.15,159.25,159.1,159.15,100000
BANKBARODA_F1,20180131,11:31,159.05,159.05,159,159.05,48000
BANKBARODA_F1,20180131,11:32,159.15,159.25,159.1,159.25,52000
BANKBARODA_F1,20180131,11:33,159.2,159.2,159.1,159.15,24000
BANKBARODA_F1,20180131,11:34,159,159,158.7,158.7,212000
BANKBARODA_F1,20180131,11:35,158.75,158.75,158.65,158.7,44000
BANKBARODA_F1,20180131,11:36,158.65,158.85,158.6,158.7,92000
BANKBARODA_F1,20180131,11:37,158.8,158.8,158.65,158.75,48000
BANKBARODA_F1,20180131,11:38,158.65,158.65,158.65,158.65,8000
BANKBARODA_F1,20180131,11:39,158.6,158.6,158.55,158.55,28000
BANKBARODA_F1,20180131,11:40,158.55,158.6,158.35,158.35,68000
BANKBARODA_F1,20180131,11:41,158.3,158.45,158.3,158.45,48000
BANKBARODA_F1,20180131,11:42,158.4,158.5,158.4,158.5,12000
BANKBARODA_F1,20180131,11:43,158.5,158.7,158.5,158.65,52000
BANKBARODA_F1,20180131,11:44,158.75,158.8,158.65,158.65,32000
BANKBARODA_F1,20180131,11:45,158.7,158.7,158.65,158.65,12000
BANKBARODA_F1,20180131,11:46,158.7,158.8,158.6,158.75,32000
BANKBARODA_F1,20180131,11:47,158.7,158.75,158.65,158.75,24000
BANKBARODA_F1,20180131,11:48,158.6,158.6,158.45,158.45,128000
BANKBARODA_F1,20180131,11:49,158.6,158.75,158.6,158.75,24000
BANKBARODA_F1,20180131,11:50,158.8,158.8,158.6,158.75,52000
BANKBARODA_F1,20180131,11:51,158.7,158.7,158.55,158.6,36000
BANKBARODA_F1,20180131,11:52,158.6,158.75,158.6,158.7,40000
BANKBARODA_F1,20180131,11:53,158.75,158.75,158.75,158.75,12000
BANKBARODA_F1,20180131,11:54,158.5,158.65,158.45,158.45,48000
BANKBARODA_F1,20180131,11:55,158.45,158.45,158.2,158.25,112000
BANKBARODA_F1,20180131,11:56,158.15,158.15,157.9,158,268000
BANKBARODA_F1,20180131,11:57,158.05,158.1,158,158.05,140000
BANKBARODA_F1,20180131,11:58,158.05,158.05,157.95,157.95,60000
BANKBARODA_F1,20180131,11:59,158.05,158.2,158.05,158.2,24000
BANKBARODA_F1,20180131,12:00,158.2,158.35,158.2,158.35,20000
BANKBARODA_F1,20180131,12:01,158.25,158.3,158.15,158.2,28000
BANKBARODA_F1,20180131,12:02,158.15,158.15,158.15,158.15,4000
BANKBARODA_F1,20180131,12:03,157.85,157.85,157.6,157.7,180000
BANKBARODA_F1,20180131,12:04,157.75,157.8,157.7,157.75,52000
BANKBARODA_F1,20180131,12:05,157.75,157.8,157.7,157.7,32000
BANKBARODA_F1,20180131,12:06,157.75,158.15,157.7,157.7,120000
BANKBARODA_F1,20180131,12:07,157.75,157.8,157.7,157.8,36000
BANKBARODA_F1,20180131,12:08,157.85,157.85,157.75,157.75,52000
BANKBARODA_F1,20180131,12:09,157.7,157.85,157.6,157.85,60000
BANKBARODA_F1,20180131,12:10,157.75,157.9,157.7,157.85,64000
BANKBARODA_F1,20180131,12:11,157.85,157.95,157.85,157.95,36000
BANKBARODA_F1,20180131,12:12,157.9,158.2,157.9,158.15,76000
BANKBARODA_F1,20180131,12:13,158.05,158.1,158,158.1,28000
BANKBARODA_F1,20180131,12:14,158.1,158.1,158,158.1,12000
BANKBARODA_F1,20180131,12:15,158.1,158.15,157.85,157.95,40000
BANKBARODA_F1,20180131,12:17,157.85,158,157.85,158,32000
BANKBARODA_F1,20180131,12:18,157.9,158,157.9,157.95,68000
BANKBARODA_F1,20180131,12:19,158,158,157.8,157.8,64000
BANKBARODA_F1,20180131,12:20,157.65,157.8,157.65,157.75,68000
BANKBARODA_F1,20180131,12:21,157.8,157.8,157.65,157.75,24000
BANKBARODA_F1,20180131,12:22,157.65,157.8,157.65,157.75,56000
BANKBARODA_F1,20180131,12:23,157.75,157.75,157.75,157.75,4000
BANKBARODA_F1,20180131,12:24,157.8,157.8,157.5,157.5,172000
BANKBARODA_F1,20180131,12:25,157.45,157.6,157.4,157.55,60000
BANKBARODA_F1,20180131,12:26,157.45,157.55,157.45,157.55,12000
BANKBARODA_F1,20180131,12:27,157.6,157.75,157.6,157.75,56000
BANKBARODA_F1,20180131,12:28,157.75,157.75,157.65,157.75,28000
BANKBARODA_F1,20180131,12:29,157.75,157.8,157.7,157.8,60000
BANKBARODA_F1,20180131,12:30,157.75,157.85,157.75,157.85,32000
BANKBARODA_F1,20180131,12:31,157.9,157.9,157.7,157.7,28000
BANKBARODA_F1,20180131,12:32,157.75,157.95,157.75,157.95,24000
BANKBARODA_F1,20180131,12:33,157.8,157.85,157.8,157.8,20000
BANKBARODA_F1,20180131,12:34,157.85,157.85,157.75,157.75,20000
BANKBARODA_F1,20180131,12:35,157.85,158,157.85,158,36000
BANKBARODA_F1,20180131,12:36,157.95,158.15,157.9,158.1,36000
BANKBARODA_F1,20180131,12:37,158.05,158.15,158.05,158.15,12000
BANKBARODA_F1,20180131,12:38,158.05,158.1,158,158.1,20000
BANKBARODA_F1,20180131,12:39,158.05,158.1,158.05,158.1,12000
BANKBARODA_F1,20180131,12:40,158.15,158.15,158.05,158.05,12000
BANKBARODA_F1,20180131,12:41,158.1,158.2,158.1,158.2,40000
BANKBARODA_F1,20180131,12:42,158.2,158.2,158.1,158.2,24000
BANKBARODA_F1,20180131,12:43,158.2,158.2,158,158,28000
BANKBARODA_F1,20180131,12:44,157.85,157.85,157.85,157.85,36000
BANKBARODA_F1,20180131,12:45,157.85,157.85,157.75,157.75,48000
BANKBARODA_F1,20180131,12:46,157.7,157.75,157.65,157.75,16000
BANKBARODA_F1,20180131,12:47,157.65,157.7,157.65,157.7,16000
BANKBARODA_F1,20180131,12:48,157.75,157.75,157.75,157.75,4000
BANKBARODA_F1,20180131,12:49,157.85,157.9,157.8,157.8,24000
BANKBARODA_F1,20180131,12:50,157.7,157.9,157.7,157.9,52000
BANKBARODA_F1,20180131,12:51,157.8,157.85,157.8,157.85,8000
BANKBARODA_F1,20180131,12:52,157.8,157.85,157.75,157.75,12000
BANKBARODA_F1,20180131,12:53,157.7,157.7,157.7,157.7,12000
BANKBARODA_F1,20180131,12:54,157.6,157.6,157.6,157.6,16000
BANKBARODA_F1,20180131,12:55,157.6,157.6,157.55,157.55,28000
BANKBARODA_F1,20180131,12:56,157.6,157.6,157.55,157.55,16000
BANKBARODA_F1,20180131,12:57,157.55,157.65,157.55,157.6,20000
BANKBARODA_F1,20180131,12:58,157.75,157.75,157.75,157.75,4000
BANKBARODA_F1,20180131,12:59,157.65,157.75,157.65,157.75,16000
BANKBARODA_F1,20180131,13:00,157.65,157.65,157.3,157.4,72000
BANKBARODA_F1,20180131,13:01,157.3,157.35,157,157.35,132000
BANKBARODA_F1,20180131,13:02,157.35,157.4,157.15,157.2,24000
BANKBARODA_F1,20180131,13:03,157.25,157.25,157.15,157.15,68000
BANKBARODA_F1,20180131,13:04,157.05,157.1,157.05,157.1,52000
BANKBARODA_F1,20180131,13:05,157.05,157.1,157,157.1,52000
BANKBARODA_F1,20180131,13:06,157.2,157.3,157.15,157.3,48000
BANKBARODA_F1,20180131,13:07,157.35,157.35,157.15,157.15,28000
BANKBARODA_F1,20180131,13:08,157.1,157.2,157.1,157.2,40000
BANKBARODA_F1,20180131,13:09,157,157.2,156.95,157.2,280000
BANKBARODA_F1,20180131,13:10,157.2,157.2,157,157.15,72000
BANKBARODA_F1,20180131,13:11,157.2,157.2,157.1,157.2,24000
BANKBARODA_F1,20180131,13:12,157.15,157.25,157.15,157.15,112000
BANKBARODA_F1,20180131,13:13,157.2,157.2,156.85,156.95,100000
BANKBARODA_F1,20180131,13:14,156.95,157.05,156.95,157,44000
BANKBARODA_F1,20180131,13:15,157,157.25,156.95,157.25,96000
BANKBARODA_F1,20180131,13:16,157.15,157.45,157.15,157.2,52000
BANKBARODA_F1,20180131,13:17,157.1,157.25,157.1,157.15,32000
BANKBARODA_F1,20180131,13:18,157.15,157.15,156.95,156.95,180000
BANKBARODA_F1,20180131,13:19,156.95,157.05,156.9,157,60000
BANKBARODA_F1,20180131,13:20,157,157.05,156.9,156.9,24000
BANKBARODA_F1,20180131,13:21,156.85,157,156.85,156.9,20000
BANKBARODA_F1,20180131,13:22,156.95,157,156.85,157,36000
BANKBARODA_F1,20180131,13:23,157.15,157.15,157.05,157.15,32000
BANKBARODA_F1,20180131,13:24,157.15,157.2,157.05,157.1,20000
BANKBARODA_F1,20180131,13:25,157.15,157.2,157.1,157.2,32000
BANKBARODA_F1,20180131,13:26,157.2,157.2,157.1,157.2,28000
BANKBARODA_F1,20180131,13:27,157.15,157.15,157.15,157.15,16000
BANKBARODA_F1,20180131,13:28,157.15,157.2,157.1,157.2,28000
BANKBARODA_F1,20180131,13:29,157.15,157.15,157.1,157.1,8000
BANKBARODA_F1,20180131,13:30,157.1,157.1,157.1,157.1,4000
BANKBARODA_F1,20180131,13:31,157.1,157.15,157.1,157.15,12000
BANKBARODA_F1,20180131,13:32,157.05,157.15,157.05,157.05,16000
BANKBARODA_F1,20180131,13:33,157,157,156.9,156.9,16000
BANKBARODA_F1,20180131,13:34,157,157.1,157,157.1,16000
BANKBARODA_F1,20180131,13:35,157.05,157.05,157,157,12000
BANKBARODA_F1,20180131,13:36,156.95,156.95,156.95,156.95,12000
BANKBARODA_F1,20180131,13:37,157,157.2,157,157.15,48000
BANKBARODA_F1,20180131,13:38,157.25,157.25,157.05,157.1,36000
BANKBARODA_F1,20180131,13:39,157,157,156.9,156.9,80000
BANKBARODA_F1,20180131,13:40,156.95,157,156.9,157,48000
BANKBARODA_F1,20180131,13:41,157,157,156.7,156.75,72000
BANKBARODA_F1,20180131,13:42,156.7,156.9,156.7,156.8,120000
BANKBARODA_F1,20180131,13:43,156.9,157,156.9,157,24000
BANKBARODA_F1,20180131,13:44,156.95,157,156.8,156.8,28000
BANKBARODA_F1,20180131,13:45,156.85,156.85,156.65,156.65,36000
BANKBARODA_F1,20180131,13:46,156.55,156.7,156.5,156.7,44000
BANKBARODA_F1,20180131,13:47,156.7,156.8,156.55,156.65,32000
BANKBARODA_F1,20180131,13:48,156.55,156.8,156.55,156.65,40000
BANKBARODA_F1,20180131,13:49,156.7,156.75,156.7,156.75,12000
BANKBARODA_F1,20180131,13:50,156.7,156.7,156.55,156.65,36000
BANKBARODA_F1,20180131,13:51,156.6,156.6,156.55,156.55,20000
BANKBARODA_F1,20180131,13:52,156.55,156.55,156.55,156.55,8000
BANKBARODA_F1,20180131,13:53,156.65,156.8,156.65,156.7,44000
BANKBARODA_F1,20180131,13:54,156.7,156.7,156.7,156.7,8000
BANKBARODA_F1,20180131,13:55,156.65,156.65,156.65,156.65,4000
BANKBARODA_F1,20180131,13:56,156.55,156.6,156.55,156.6,28000
BANKBARODA_F1,20180131,13:57,156.65,156.7,156.65,156.65,24000
BANKBARODA_F1,20180131,13:58,156.65,156.65,156.6,156.65,32000
BANKBARODA_F1,20180131,13:59,156.55,156.7,156.55,156.7,28000
BANKBARODA_F1,20180131,14:00,156.7,156.8,156.7,156.8,16000
BANKBARODA_F1,20180131,14:01,156.85,156.85,156.6,156.75,76000
BANKBARODA_F1,20180131,14:02,156.75,156.8,156.75,156.8,8000
BANKBARODA_F1,20180131,14:03,156.8,156.9,156.8,156.8,20000
BANKBARODA_F1,20180131,14:04,156.7,156.7,156.2,156.25,184000
BANKBARODA_F1,20180131,14:05,156.25,156.4,156.25,156.35,28000
BANKBARODA_F1,20180131,14:06,156.35,156.65,156.35,156.6,64000
BANKBARODA_F1,20180131,14:07,156.6,156.7,156.55,156.7,28000
BANKBARODA_F1,20180131,14:08,156.6,156.6,156.45,156.5,32000
BANKBARODA_F1,20180131,14:09,156.5,156.8,156.5,156.75,92000
BANKBARODA_F1,20180131,14:10,156.75,156.75,156.55,156.55,28000
BANKBARODA_F1,20180131,14:11,156.65,156.75,156.65,156.75,16000
BANKBARODA_F1,20180131,14:12,156.8,157.1,156.75,156.95,108000
BANKBARODA_F1,20180131,14:13,157,157.1,157,157.1,24000
BANKBARODA_F1,20180131,14:14,157.05,157.15,157,157,80000
BANKBARODA_F1,20180131,14:15,157,157.15,157,157,44000
BANKBARODA_F1,20180131,14:16,157,157.05,156.75,156.9,68000
BANKBARODA_F1,20180131,14:17,156.85,156.95,156.85,156.95,20000
BANKBARODA_F1,20180131,14:18,157.05,157.05,156.95,156.95,16000
BANKBARODA_F1,20180131,14:19,157,157,156.9,156.9,20000
BANKBARODA_F1,20180131,14:20,157,157,157,157,40000
BANKBARODA_F1,20180131,14:21,156.9,156.95,156.9,156.9,16000
BANKBARODA_F1,20180131,14:22,157,157.05,156.9,157,76000
BANKBARODA_F1,20180131,14:23,157,157.1,156.85,156.85,60000
BANKBARODA_F1,20180131,14:24,157.1,157.1,156.9,156.9,32000
BANKBARODA_F1,20180131,14:25,156.9,157,156.9,157,28000
BANKBARODA_F1,20180131,14:26,157,157.05,156.9,157.05,40000
BANKBARODA_F1,20180131,14:27,157,157.05,156.95,156.95,28000
BANKBARODA_F1,20180131,14:28,156.9,157,156.85,156.9,24000
BANKBARODA_F1,20180131,14:29,157,157,157,157,4000
BANKBARODA_F1,20180131,14:30,157,157,156.9,156.9,32000
BANKBARODA_F1,20180131,14:31,156.85,156.85,156.8,156.8,8000
BANKBARODA_F1,20180131,14:32,156.8,156.9,156.7,156.75,72000
BANKBARODA_F1,20180131,14:33,156.75,156.75,156.7,156.7,16000
BANKBARODA_F1,20180131,14:34,156.7,156.75,156.7,156.7,24000
BANKBARODA_F1,20180131,14:35,156.55,156.85,156.55,156.85,48000
BANKBARODA_F1,20180131,14:36,156.75,156.8,156.75,156.8,12000
BANKBARODA_F1,20180131,14:37,156.85,156.95,156.85,156.95,24000
BANKBARODA_F1,20180131,14:38,156.9,157.1,156.9,157.05,52000
BANKBARODA_F1,20180131,14:39,157.15,157.4,157,157.4,68000
BANKBARODA_F1,20180131,14:40,157.35,158.2,157.35,158.2,300000
BANKBARODA_F1,20180131,14:41,158.3,158.6,158,158.2,496000
BANKBARODA_F1,20180131,14:42,158.15,158.8,158.1,158.8,216000
BANKBARODA_F1,20180131,14:43,158.8,159,158.6,158.85,348000
BANKBARODA_F1,20180131,14:44,158.9,158.9,158.4,158.55,180000
BANKBARODA_F1,20180131,14:45,158.65,159.2,158.55,159.15,224000
BANKBARODA_F1,20180131,14:46,159.15,159.35,159,159.1,320000
BANKBARODA_F1,20180131,14:47,159.05,159.15,158.75,159.1,224000
BANKBARODA_F1,20180131,14:48,159.15,159.15,158.95,159,144000
BANKBARODA_F1,20180131,14:49,158.8,158.9,158.65,158.75,64000
BANKBARODA_F1,20180131,14:50,158.7,159.05,158.6,158.8,136000
BANKBARODA_F1,20180131,14:51,158.7,158.85,158.4,158.85,172000
BANKBARODA_F1,20180131,14:52,158.85,158.95,158.65,158.85,152000
BANKBARODA_F1,20180131,14:53,158.8,158.95,158.3,158.3,144000
BANKBARODA_F1,20180131,14:54,158.35,158.4,158.15,158.25,164000
BANKBARODA_F1,20180131,14:55,158.25,158.55,158.15,158.45,84000
BANKBARODA_F1,20180131,14:56,158.3,158.3,158,158.2,188000
BANKBARODA_F1,20180131,14:57,158.25,158.3,158.15,158.15,68000
BANKBARODA_F1,20180131,14:58,158.15,158.3,158.15,158.3,24000
BANKBARODA_F1,20180131,14:59,158.2,158.2,157.9,157.95,112000
BANKBARODA_F1,20180131,15:00,157.9,157.9,157.7,157.75,48000
BANKBARODA_F1,20180131,15:01,157.7,157.7,157.45,157.6,92000
BANKBARODA_F1,20180131,15:02,157.6,157.85,157.6,157.8,64000
BANKBARODA_F1,20180131,15:03,157.85,158.1,157.85,158,96000
BANKBARODA_F1,20180131,15:04,157.95,158.1,157.95,158,76000
BANKBARODA_F1,20180131,15:06,157.9,157.9,157.7,157.75,32000
BANKBARODA_F1,20180131,15:07,157.85,157.9,157.85,157.85,28000
BANKBARODA_F1,20180131,15:08,157.8,157.8,157.7,157.7,72000
BANKBARODA_F1,20180131,15:09,157.8,157.85,157.65,157.85,28000
BANKBARODA_F1,20180131,15:10,157.65,157.8,157.55,157.8,72000
BANKBARODA_F1,20180131,15:11,157.8,157.85,157.75,157.8,32000
BANKBARODA_F1,20180131,15:12,157.8,157.85,157.65,157.65,56000
BANKBARODA_F1,20180131,15:13,157.7,157.75,157.7,157.7,52000
BANKBARODA_F1,20180131,15:14,157.85,157.9,157.75,157.75,64000
BANKBARODA_F1,20180131,15:15,157.8,157.9,157.8,157.8,80000
BANKBARODA_F1,20180131,15:16,157.85,157.85,157.55,157.55,124000
BANKBARODA_F1,20180131,15:17,157.6,157.6,157.4,157.5,248000
BANKBARODA_F1,20180131,15:18,157.6,157.9,157.6,157.9,108000
BANKBARODA_F1,20180131,15:19,157.85,157.95,157.8,157.95,52000
BANKBARODA_F1,20180131,15:20,157.95,157.95,157.65,157.7,84000
BANKBARODA_F1,20180131,15:21,157.7,157.8,157.6,157.75,72000
BANKBARODA_F1,20180131,15:22,157.75,157.8,157.55,157.75,96000
BANKBARODA_F1,20180131,15:23,157.8,157.8,157.5,157.65,96000
BANKBARODA_F1,20180131,15:24,157.6,157.75,157.5,157.7,64000
BANKBARODA_F1,20180131,15:25,157.65,157.8,157.6,157.75,104000
BANKBARODA_F1,20180131,15:26,157.75,157.85,157.5,157.65,128000
BANKBARODA_F1,20180131,15:27,157.6,157.65,157.4,157.6,136000
BANKBARODA_F1,20180131,15:28,157.65,157.7,157.45,157.45,328000
BANKBARODA_F1,20180131,15:29,157.5,157.55,157.4,157.5,148000
BANKBARODA_F1,20180131,15:30,157.5,157.5,157.15,157.5,216000
BANKBARODA_F1,20180131,16:37,157.65,157.65,157.65,157.65,1
