RCOM_F1,20180131,09:16,30.1,30.4,30.1,30.35,896000
RCOM_F1,20180131,09:17,30.4,30.85,30.35,30.8,2212000
RCOM_F1,20180131,09:18,30.75,31,30.7,30.9,2436000
RCOM_F1,20180131,09:19,30.85,31.1,30.85,31,1652000
RCOM_F1,20180131,09:20,30.95,31,30.5,30.55,2100000
RCOM_F1,20180131,09:21,30.65,30.7,30.55,30.7,952000
RCOM_F1,20180131,09:22,30.75,30.75,30.65,30.7,644000
RCOM_F1,20180131,09:23,30.7,30.75,30.55,30.7,728000
RCOM_F1,20180131,09:24,30.7,30.7,30.6,30.6,224000
RCOM_F1,20180131,09:25,30.55,30.6,30.55,30.6,336000
RCOM_F1,20180131,09:26,30.55,30.55,30.4,30.5,812000
RCOM_F1,20180131,09:27,30.5,30.5,30.35,30.35,420000
RCOM_F1,20180131,09:28,30.35,30.35,30.25,30.25,560000
RCOM_F1,20180131,09:29,30.25,30.25,30,30.2,1204000
RCOM_F1,20180131,09:30,30.25,30.45,30.25,30.35,1260000
RCOM_F1,20180131,09:31,30.3,30.4,30.25,30.4,1036000
RCOM_F1,20180131,09:32,30.5,30.7,30.5,30.7,672000
RCOM_F1,20180131,09:33,30.6,30.6,30.45,30.45,140000
RCOM_F1,20180131,09:34,30.45,30.5,30.45,30.5,280000
RCOM_F1,20180131,09:35,30.5,30.55,30.5,30.55,112000
RCOM_F1,20180131,09:36,30.55,30.55,30.5,30.5,168000
RCOM_F1,20180131,09:37,30.55,30.55,30.5,30.5,56000
RCOM_F1,20180131,09:38,30.5,30.6,30.5,30.6,168000
RCOM_F1,20180131,09:39,30.75,30.85,30.6,30.65,1372000
RCOM_F1,20180131,09:40,30.6,30.65,30.6,30.65,308000
RCOM_F1,20180131,09:41,30.7,30.75,30.7,30.75,588000
RCOM_F1,20180131,09:42,30.75,30.85,30.7,30.8,504000
RCOM_F1,20180131,09:43,30.85,30.9,30.65,30.75,616000
RCOM_F1,20180131,09:44,30.8,30.8,30.75,30.8,252000
RCOM_F1,20180131,09:45,30.8,30.8,30.7,30.75,280000
RCOM_F1,20180131,09:46,30.7,30.75,30.7,30.75,280000
RCOM_F1,20180131,09:47,30.7,30.75,30.7,30.75,112000
RCOM_F1,20180131,09:48,30.7,30.75,30.7,30.75,504000
RCOM_F1,20180131,09:49,30.6,30.7,30.6,30.65,756000
RCOM_F1,20180131,09:50,30.65,30.7,30.65,30.7,140000
RCOM_F1,20180131,09:51,30.7,30.7,30.65,30.7,112000
RCOM_F1,20180131,09:52,30.7,30.7,30.7,30.7,56000
RCOM_F1,20180131,09:53,30.65,30.7,30.65,30.65,84000
RCOM_F1,20180131,09:54,30.65,30.7,30.65,30.7,224000
RCOM_F1,20180131,09:55,30.65,30.7,30.6,30.6,196000
RCOM_F1,20180131,09:56,30.6,30.6,30.6,30.6,84000
RCOM_F1,20180131,09:57,30.6,30.6,30.5,30.5,364000
RCOM_F1,20180131,09:58,30.45,30.6,30.45,30.6,336000
RCOM_F1,20180131,09:59,30.55,30.6,30.55,30.6,112000
RCOM_F1,20180131,10:00,30.6,30.6,30.55,30.6,196000
RCOM_F1,20180131,10:01,30.55,30.6,30.55,30.6,112000
RCOM_F1,20180131,10:03,30.55,30.55,30.55,30.55,84000
RCOM_F1,20180131,10:04,30.5,30.5,30.45,30.5,392000
RCOM_F1,20180131,10:05,30.5,30.5,30.5,30.5,28000
RCOM_F1,20180131,10:06,30.4,30.45,30.4,30.45,140000
RCOM_F1,20180131,10:07,30.45,30.45,30.4,30.4,56000
RCOM_F1,20180131,10:08,30.4,30.45,30.4,30.45,84000
RCOM_F1,20180131,10:09,30.5,30.5,30.5,30.5,196000
RCOM_F1,20180131,10:10,30.5,30.5,30.5,30.5,168000
RCOM_F1,20180131,10:11,30.55,30.55,30.55,30.55,84000
RCOM_F1,20180131,10:12,30.5,30.55,30.5,30.55,56000
RCOM_F1,20180131,10:13,30.5,30.5,30.5,30.5,56000
RCOM_F1,20180131,10:14,30.45,30.45,30.45,30.45,140000
RCOM_F1,20180131,10:15,30.45,30.5,30.45,30.5,84000
RCOM_F1,20180131,10:16,30.45,30.45,30.4,30.4,336000
RCOM_F1,20180131,10:17,30.4,30.4,30.3,30.35,644000
RCOM_F1,20180131,10:18,30.4,30.4,30.35,30.4,140000
RCOM_F1,20180131,10:20,30.45,30.45,30.35,30.35,392000
RCOM_F1,20180131,10:21,30.3,30.3,30.3,30.3,28000
RCOM_F1,20180131,10:22,30.3,30.35,30.3,30.3,168000
RCOM_F1,20180131,10:23,30.35,30.35,30.35,30.35,28000
RCOM_F1,20180131,10:24,30.3,30.35,30.3,30.35,112000
RCOM_F1,20180131,10:26,30.3,30.3,30.2,30.3,1456000
RCOM_F1,20180131,10:27,30.3,30.3,30.2,30.2,252000
RCOM_F1,20180131,10:28,30.2,30.25,30.2,30.25,196000
RCOM_F1,20180131,10:29,30.25,30.25,30.15,30.15,336000
RCOM_F1,20180131,10:30,30.2,30.35,30.2,30.35,364000
RCOM_F1,20180131,10:31,30.35,30.35,30.35,30.35,56000
RCOM_F1,20180131,10:33,30.3,30.3,30.2,30.25,588000
RCOM_F1,20180131,10:34,30.25,30.25,30.25,30.25,112000
RCOM_F1,20180131,10:35,30.3,30.3,30.3,30.3,56000
RCOM_F1,20180131,10:36,30.3,30.3,30.2,30.2,140000
RCOM_F1,20180131,10:37,30.25,30.25,30.25,30.25,56000
RCOM_F1,20180131,10:38,30.25,30.25,30.2,30.25,196000
RCOM_F1,20180131,10:39,30.2,30.25,30.2,30.25,84000
RCOM_F1,20180131,10:40,30.2,30.2,30.15,30.15,784000
RCOM_F1,20180131,10:41,30.15,30.15,30.05,30.1,1036000
RCOM_F1,20180131,10:42,30.1,30.15,30.05,30.15,476000
RCOM_F1,20180131,10:43,30.15,30.2,30.1,30.1,140000
RCOM_F1,20180131,10:44,30.15,30.15,29.7,29.85,2576000
RCOM_F1,20180131,10:45,29.85,29.85,29.8,29.85,280000
RCOM_F1,20180131,10:46,29.75,29.85,29.75,29.8,784000
RCOM_F1,20180131,10:47,29.8,30.1,29.8,30.05,756000
RCOM_F1,20180131,10:48,29.95,30,29.85,29.9,336000
RCOM_F1,20180131,10:49,29.9,29.9,29.85,29.85,504000
RCOM_F1,20180131,10:50,29.8,29.8,29.75,29.8,420000
RCOM_F1,20180131,10:51,29.75,29.8,29.75,29.8,168000
RCOM_F1,20180131,10:52,29.8,29.85,29.75,29.85,336000
RCOM_F1,20180131,10:53,29.9,29.9,29.8,29.9,308000
RCOM_F1,20180131,10:54,29.9,29.9,29.9,29.9,140000
RCOM_F1,20180131,10:55,29.85,29.85,29.85,29.85,168000
RCOM_F1,20180131,10:56,29.85,29.85,29.85,29.85,280000
RCOM_F1,20180131,10:57,29.9,29.9,29.9,29.9,28000
RCOM_F1,20180131,10:58,29.9,29.9,29.9,29.9,56000
RCOM_F1,20180131,10:59,29.9,29.9,29.85,29.9,140000
RCOM_F1,20180131,11:00,29.9,29.9,29.9,29.9,56000
RCOM_F1,20180131,11:01,29.85,29.85,29.85,29.85,140000
RCOM_F1,20180131,11:02,29.85,29.9,29.8,29.85,196000
RCOM_F1,20180131,11:03,29.85,29.85,29.85,29.85,28000
RCOM_F1,20180131,11:04,29.9,29.9,29.8,29.8,140000
RCOM_F1,20180131,11:05,29.85,29.85,29.85,29.85,28000
RCOM_F1,20180131,11:06,29.85,29.85,29.8,29.8,84000
RCOM_F1,20180131,11:07,29.85,29.9,29.85,29.9,168000
RCOM_F1,20180131,11:08,29.85,29.85,29.8,29.8,336000
RCOM_F1,20180131,11:09,29.85,29.85,29.75,29.75,364000
RCOM_F1,20180131,11:10,29.8,29.8,29.75,29.75,140000
RCOM_F1,20180131,11:11,29.75,29.75,29.55,29.7,1344000
RCOM_F1,20180131,11:12,29.7,29.7,29.6,29.7,420000
RCOM_F1,20180131,11:13,29.65,29.65,29.6,29.6,420000
RCOM_F1,20180131,11:14,29.55,29.55,29.5,29.55,420000
RCOM_F1,20180131,11:15,29.55,29.6,29.55,29.55,252000
RCOM_F1,20180131,11:16,29.6,29.6,29.55,29.55,476000
RCOM_F1,20180131,11:17,29.55,29.6,29.55,29.6,252000
RCOM_F1,20180131,11:18,29.65,29.7,29.65,29.7,420000
RCOM_F1,20180131,11:19,29.65,29.7,29.6,29.7,280000
RCOM_F1,20180131,11:20,29.65,29.65,29.65,29.65,196000
RCOM_F1,20180131,11:22,29.65,29.65,29.6,29.6,224000
RCOM_F1,20180131,11:23,29.6,29.6,29.55,29.6,84000
RCOM_F1,20180131,11:24,29.55,29.55,29.45,29.5,560000
RCOM_F1,20180131,11:25,29.55,29.55,29.45,29.5,504000
RCOM_F1,20180131,11:26,29.5,29.6,29.5,29.6,168000
RCOM_F1,20180131,11:27,29.6,29.6,29.6,29.6,420000
RCOM_F1,20180131,11:28,29.6,29.6,29.6,29.6,112000
RCOM_F1,20180131,11:29,29.6,29.65,29.6,29.65,140000
RCOM_F1,20180131,11:30,29.65,29.65,29.6,29.6,112000
RCOM_F1,20180131,11:31,29.6,29.6,29.6,29.6,28000
RCOM_F1,20180131,11:32,29.65,29.65,29.65,29.65,84000
RCOM_F1,20180131,11:33,29.65,29.65,29.6,29.65,196000
RCOM_F1,20180131,11:34,29.7,29.7,29.65,29.65,112000
RCOM_F1,20180131,11:35,29.6,29.6,29.6,29.6,112000
RCOM_F1,20180131,11:36,29.6,29.6,29.6,29.6,56000
RCOM_F1,20180131,11:37,29.55,29.55,29.55,29.55,84000
RCOM_F1,20180131,11:39,29.55,29.55,29.55,29.55,56000
RCOM_F1,20180131,11:40,29.55,29.55,29.55,29.55,28000
RCOM_F1,20180131,11:41,29.5,29.5,29.5,29.5,392000
RCOM_F1,20180131,11:42,29.5,29.5,29.45,29.45,252000
RCOM_F1,20180131,11:43,29.45,29.5,29.45,29.5,168000
RCOM_F1,20180131,11:45,29.5,29.55,29.5,29.55,84000
RCOM_F1,20180131,11:46,29.55,29.55,29.55,29.55,140000
RCOM_F1,20180131,11:47,29.5,29.55,29.5,29.55,56000
RCOM_F1,20180131,11:48,29.55,29.55,29.55,29.55,56000
RCOM_F1,20180131,11:49,29.55,29.6,29.55,29.55,112000
RCOM_F1,20180131,11:50,29.6,29.7,29.6,29.7,980000
RCOM_F1,20180131,11:51,29.7,29.7,29.7,29.7,140000
RCOM_F1,20180131,11:52,29.7,29.7,29.7,29.7,168000
RCOM_F1,20180131,11:53,29.7,29.7,29.65,29.65,140000
RCOM_F1,20180131,11:54,29.65,29.65,29.65,29.65,84000
RCOM_F1,20180131,11:55,29.6,29.6,29.6,29.6,28000
RCOM_F1,20180131,11:56,29.6,29.6,29.6,29.6,28000
RCOM_F1,20180131,11:57,29.55,29.55,29.55,29.55,196000
RCOM_F1,20180131,11:58,29.55,29.55,29.55,29.55,56000
RCOM_F1,20180131,11:59,29.55,29.55,29.55,29.55,28000
RCOM_F1,20180131,12:01,29.6,29.6,29.6,29.6,168000
RCOM_F1,20180131,12:02,29.6,29.6,29.6,29.6,28000
RCOM_F1,20180131,12:03,29.6,29.6,29.6,29.6,28000
RCOM_F1,20180131,12:05,29.65,29.65,29.65,29.65,280000
RCOM_F1,20180131,12:06,29.65,29.65,29.6,29.65,140000
RCOM_F1,20180131,12:07,29.65,29.65,29.6,29.65,140000
RCOM_F1,20180131,12:08,29.6,29.6,29.6,29.6,28000
RCOM_F1,20180131,12:09,29.65,29.7,29.65,29.7,140000
RCOM_F1,20180131,12:10,29.65,29.65,29.6,29.65,168000
RCOM_F1,20180131,12:11,29.7,29.95,29.7,29.95,700000
RCOM_F1,20180131,12:12,30.05,30.05,29.9,29.9,1260000
RCOM_F1,20180131,12:13,29.9,29.9,29.8,29.8,280000
RCOM_F1,20180131,12:14,29.75,29.75,29.7,29.7,168000
RCOM_F1,20180131,12:15,29.75,29.75,29.7,29.75,168000
RCOM_F1,20180131,12:16,29.7,29.7,29.7,29.7,112000
RCOM_F1,20180131,12:17,29.7,29.7,29.7,29.7,56000
RCOM_F1,20180131,12:18,29.75,29.75,29.75,29.75,84000
RCOM_F1,20180131,12:19,29.7,29.7,29.7,29.7,28000
RCOM_F1,20180131,12:20,29.7,29.75,29.7,29.75,168000
RCOM_F1,20180131,12:21,29.65,29.65,29.65,29.65,28000
RCOM_F1,20180131,12:22,29.65,29.75,29.65,29.75,112000
RCOM_F1,20180131,12:24,29.65,29.65,29.6,29.6,224000
RCOM_F1,20180131,12:25,29.6,29.6,29.6,29.6,84000
RCOM_F1,20180131,12:26,29.65,29.65,29.6,29.65,280000
RCOM_F1,20180131,12:27,29.7,29.75,29.7,29.7,112000
RCOM_F1,20180131,12:28,29.65,29.65,29.65,29.65,28000
RCOM_F1,20180131,12:29,29.7,29.7,29.6,29.6,56000
RCOM_F1,20180131,12:30,29.6,29.7,29.6,29.65,140000
RCOM_F1,20180131,12:31,29.65,29.7,29.65,29.65,140000
RCOM_F1,20180131,12:33,29.6,29.6,29.6,29.6,28000
RCOM_F1,20180131,12:34,29.65,29.65,29.65,29.65,56000
RCOM_F1,20180131,12:35,29.7,29.7,29.7,29.7,56000
RCOM_F1,20180131,12:36,29.65,29.65,29.65,29.65,28000
RCOM_F1,20180131,12:37,29.7,29.7,29.7,29.7,28000
RCOM_F1,20180131,12:38,29.7,29.7,29.7,29.7,112000
RCOM_F1,20180131,12:39,29.7,29.7,29.7,29.7,28000
RCOM_F1,20180131,12:40,29.75,29.75,29.7,29.7,252000
RCOM_F1,20180131,12:41,29.7,29.75,29.7,29.75,56000
RCOM_F1,20180131,12:43,29.75,29.75,29.65,29.65,84000
RCOM_F1,20180131,12:44,29.65,29.65,29.65,29.65,28000
RCOM_F1,20180131,12:46,29.65,29.7,29.65,29.7,140000
RCOM_F1,20180131,12:47,29.7,29.7,29.65,29.65,616000
RCOM_F1,20180131,12:49,29.65,29.65,29.65,29.65,28000
RCOM_F1,20180131,12:50,29.65,29.65,29.6,29.6,56000
RCOM_F1,20180131,12:51,29.65,29.65,29.65,29.65,28000
RCOM_F1,20180131,12:52,29.65,29.65,29.6,29.6,252000
RCOM_F1,20180131,12:53,29.6,29.6,29.6,29.6,28000
RCOM_F1,20180131,12:54,29.55,29.55,29.55,29.55,84000
RCOM_F1,20180131,12:55,29.6,29.65,29.6,29.6,84000
RCOM_F1,20180131,12:56,29.6,29.6,29.55,29.55,112000
RCOM_F1,20180131,12:57,29.5,29.65,29.4,29.6,1288000
RCOM_F1,20180131,12:58,29.55,29.55,29.5,29.55,168000
RCOM_F1,20180131,12:59,29.55,29.55,29.55,29.55,84000
RCOM_F1,20180131,13:00,29.5,29.5,29.45,29.45,224000
RCOM_F1,20180131,13:01,29.4,29.45,29.4,29.4,252000
RCOM_F1,20180131,13:02,29.45,29.45,29.45,29.45,28000
RCOM_F1,20180131,13:03,29.4,29.4,29.05,29.25,2632000
RCOM_F1,20180131,13:04,29.2,29.35,29.2,29.35,588000
RCOM_F1,20180131,13:05,29.3,29.3,29.3,29.3,84000
RCOM_F1,20180131,13:06,29.25,29.35,29.25,29.3,168000
RCOM_F1,20180131,13:07,29.3,29.3,29.25,29.25,84000
RCOM_F1,20180131,13:08,29.25,29.3,29.25,29.3,140000
RCOM_F1,20180131,13:09,29.3,29.3,29.3,29.3,56000
RCOM_F1,20180131,13:10,29.3,29.3,29.3,29.3,56000
RCOM_F1,20180131,13:11,29.3,29.35,29.3,29.3,364000
RCOM_F1,20180131,13:12,29.35,29.4,29.3,29.4,784000
RCOM_F1,20180131,13:13,29.4,29.45,29.35,29.35,420000
RCOM_F1,20180131,13:14,29.35,29.4,29.35,29.4,112000
RCOM_F1,20180131,13:15,29.45,29.45,29.45,29.45,112000
RCOM_F1,20180131,13:16,29.45,29.5,29.45,29.45,280000
RCOM_F1,20180131,13:17,29.4,29.4,29.4,29.4,84000
RCOM_F1,20180131,13:18,29.4,29.4,29.4,29.4,28000
RCOM_F1,20180131,13:19,29.4,29.4,29.35,29.35,140000
RCOM_F1,20180131,13:20,29.4,29.4,29.35,29.35,56000
RCOM_F1,20180131,13:22,29.35,29.35,29.3,29.3,224000
RCOM_F1,20180131,13:23,29.3,29.35,29.3,29.35,56000
RCOM_F1,20180131,13:24,29.3,29.3,29.3,29.3,28000
RCOM_F1,20180131,13:25,29.35,29.35,29.35,29.35,28000
RCOM_F1,20180131,13:26,29.35,29.4,29.35,29.35,84000
RCOM_F1,20180131,13:27,29.4,29.4,29.4,29.4,112000
RCOM_F1,20180131,13:28,29.4,29.4,29.35,29.35,112000
RCOM_F1,20180131,13:29,29.4,29.4,29.4,29.4,140000
RCOM_F1,20180131,13:30,29.4,29.4,29.4,29.4,140000
RCOM_F1,20180131,13:31,29.4,29.4,29.4,29.4,28000
RCOM_F1,20180131,13:32,29.4,29.4,29.4,29.4,28000
RCOM_F1,20180131,13:34,29.35,29.35,29.35,29.35,140000
RCOM_F1,20180131,13:35,29.3,29.4,29.3,29.4,280000
RCOM_F1,20180131,13:36,29.4,29.4,29.35,29.35,112000
RCOM_F1,20180131,13:37,29.35,29.4,29.35,29.4,196000
RCOM_F1,20180131,13:38,29.4,29.4,29.4,29.4,56000
RCOM_F1,20180131,13:39,29.45,29.45,29.45,29.45,336000
RCOM_F1,20180131,13:40,29.5,29.5,29.5,29.5,112000
RCOM_F1,20180131,13:41,29.5,29.5,29.45,29.45,112000
RCOM_F1,20180131,13:42,29.45,29.45,29.45,29.45,28000
RCOM_F1,20180131,13:43,29.4,29.4,29.35,29.35,168000
RCOM_F1,20180131,13:44,29.35,29.35,29.35,29.35,28000
RCOM_F1,20180131,13:45,29.35,29.35,29.35,29.35,112000
RCOM_F1,20180131,13:46,29.35,29.35,29.35,29.35,28000
RCOM_F1,20180131,13:47,29.35,29.35,29.35,29.35,84000
RCOM_F1,20180131,13:48,29.4,29.4,29.4,29.4,224000
RCOM_F1,20180131,13:50,29.35,29.35,29.35,29.35,168000
RCOM_F1,20180131,13:51,29.35,29.35,29.35,29.35,28000
RCOM_F1,20180131,13:52,29.35,29.35,29.3,29.3,56000
RCOM_F1,20180131,13:53,29.3,29.3,29.3,29.3,224000
RCOM_F1,20180131,13:54,29.3,29.35,29.3,29.3,112000
RCOM_F1,20180131,13:55,29.25,29.25,29.25,29.25,224000
RCOM_F1,20180131,13:56,29.2,29.2,29.15,29.2,364000
RCOM_F1,20180131,13:57,29.15,29.3,29.15,29.25,252000
RCOM_F1,20180131,13:58,29.2,29.25,29.2,29.25,56000
RCOM_F1,20180131,13:59,29.25,29.25,29.25,29.25,140000
RCOM_F1,20180131,14:00,29.25,29.25,29.25,29.25,196000
RCOM_F1,20180131,14:01,29.25,29.25,29.25,29.25,28000
RCOM_F1,20180131,14:02,29.2,29.25,29.2,29.25,168000
RCOM_F1,20180131,14:03,29.15,29.15,29.1,29.1,616000
RCOM_F1,20180131,14:04,29.1,29.15,29,29.05,1540000
RCOM_F1,20180131,14:05,29.05,29.1,29.05,29.1,168000
RCOM_F1,20180131,14:06,29.05,29.1,29.05,29.1,252000
RCOM_F1,20180131,14:07,29.1,29.1,29.1,29.1,84000
RCOM_F1,20180131,14:08,29.1,29.1,29.1,29.1,280000
RCOM_F1,20180131,14:09,29.1,29.15,29.1,29.15,308000
RCOM_F1,20180131,14:10,29.15,29.15,29.1,29.1,280000
RCOM_F1,20180131,14:11,29.1,29.1,29.1,29.1,140000
RCOM_F1,20180131,14:12,29.15,29.15,29.15,29.15,140000
RCOM_F1,20180131,14:13,29.2,29.25,29.2,29.2,224000
RCOM_F1,20180131,14:15,29.2,29.25,29.2,29.25,196000
RCOM_F1,20180131,14:16,29.25,29.25,29.25,29.25,28000
RCOM_F1,20180131,14:17,29.25,29.25,29.25,29.25,56000
RCOM_F1,20180131,14:18,29.25,29.25,29.25,29.25,56000
RCOM_F1,20180131,14:19,29.25,29.4,29.25,29.4,420000
RCOM_F1,20180131,14:20,29.4,29.4,29.35,29.35,448000
RCOM_F1,20180131,14:21,29.3,29.3,29.3,29.3,28000
RCOM_F1,20180131,14:22,29.35,29.35,29.35,29.35,168000
RCOM_F1,20180131,14:23,29.4,29.5,29.4,29.5,616000
RCOM_F1,20180131,14:24,29.45,29.5,29.45,29.5,252000
RCOM_F1,20180131,14:25,29.5,29.7,29.4,29.65,1400000
RCOM_F1,20180131,14:26,29.6,29.95,29.6,29.95,2100000
RCOM_F1,20180131,14:27,29.9,29.9,29.8,29.8,364000
RCOM_F1,20180131,14:28,29.8,29.8,29.6,29.65,644000
RCOM_F1,20180131,14:29,29.65,29.8,29.6,29.8,896000
RCOM_F1,20180131,14:30,29.75,29.75,29.65,29.65,224000
RCOM_F1,20180131,14:31,29.7,29.7,29.6,29.6,112000
RCOM_F1,20180131,14:32,29.65,29.65,29.65,29.65,280000
RCOM_F1,20180131,14:33,29.6,29.7,29.6,29.7,224000
RCOM_F1,20180131,14:34,29.65,29.65,29.6,29.6,84000
RCOM_F1,20180131,14:35,29.6,29.65,29.6,29.65,196000
RCOM_F1,20180131,14:36,29.6,29.6,29.6,29.6,112000
RCOM_F1,20180131,14:37,29.55,29.55,29.55,29.55,28000
RCOM_F1,20180131,14:38,29.55,29.55,29.55,29.55,56000
RCOM_F1,20180131,14:39,29.55,29.55,29.5,29.5,168000
RCOM_F1,20180131,14:40,29.6,29.6,29.6,29.6,56000
RCOM_F1,20180131,14:41,29.65,29.75,29.65,29.75,308000
RCOM_F1,20180131,14:42,29.75,29.85,29.75,29.85,392000
RCOM_F1,20180131,14:43,29.85,29.9,29.8,29.9,700000
RCOM_F1,20180131,14:44,30.05,30.05,29.9,29.9,1624000
RCOM_F1,20180131,14:45,29.85,29.85,29.8,29.85,196000
RCOM_F1,20180131,14:46,29.9,29.9,29.8,29.8,308000
RCOM_F1,20180131,14:47,29.8,29.85,29.7,29.85,364000
RCOM_F1,20180131,14:48,29.85,29.85,29.8,29.8,56000
RCOM_F1,20180131,14:49,29.65,29.65,29.6,29.6,700000
RCOM_F1,20180131,14:50,29.65,29.75,29.65,29.7,168000
RCOM_F1,20180131,14:51,29.7,29.8,29.7,29.75,196000
RCOM_F1,20180131,14:52,29.8,29.8,29.75,29.75,56000
RCOM_F1,20180131,14:53,29.85,29.85,29.75,29.75,224000
RCOM_F1,20180131,14:54,29.75,29.8,29.75,29.8,84000
RCOM_F1,20180131,14:55,29.7,29.7,29.65,29.65,112000
RCOM_F1,20180131,14:56,29.7,29.75,29.7,29.75,112000
RCOM_F1,20180131,14:57,29.75,29.75,29.75,29.75,112000
RCOM_F1,20180131,14:58,29.7,29.7,29.7,29.7,140000
RCOM_F1,20180131,14:59,29.7,29.7,29.65,29.7,364000
RCOM_F1,20180131,15:00,29.7,29.7,29.7,29.7,56000
RCOM_F1,20180131,15:01,29.65,29.65,29.55,29.55,812000
RCOM_F1,20180131,15:02,29.5,29.55,29.5,29.55,84000
RCOM_F1,20180131,15:03,29.55,29.7,29.55,29.7,420000
RCOM_F1,20180131,15:04,29.65,29.65,29.65,29.65,140000
RCOM_F1,20180131,15:05,29.65,29.7,29.6,29.65,252000
RCOM_F1,20180131,15:06,29.65,29.65,29.6,29.65,196000
RCOM_F1,20180131,15:07,29.65,29.65,29.65,29.65,28000
RCOM_F1,20180131,15:08,29.65,29.7,29.65,29.65,224000
RCOM_F1,20180131,15:09,29.7,29.7,29.7,29.7,168000
RCOM_F1,20180131,15:10,29.7,29.7,29.7,29.7,28000
RCOM_F1,20180131,15:11,29.65,29.65,29.6,29.65,252000
RCOM_F1,20180131,15:12,29.65,29.65,29.55,29.65,420000
RCOM_F1,20180131,15:13,29.6,29.65,29.6,29.6,588000
RCOM_F1,20180131,15:14,29.6,29.6,29.6,29.6,140000
RCOM_F1,20180131,15:15,29.65,29.65,29.6,29.6,56000
RCOM_F1,20180131,15:16,29.75,29.75,29.65,29.7,1512000
RCOM_F1,20180131,15:17,29.7,29.7,29.6,29.6,308000
RCOM_F1,20180131,15:18,29.65,29.7,29.6,29.6,252000
RCOM_F1,20180131,15:19,29.6,29.65,29.55,29.65,672000
RCOM_F1,20180131,15:20,29.6,29.6,29.55,29.55,644000
RCOM_F1,20180131,15:21,29.6,29.6,29.55,29.55,504000
RCOM_F1,20180131,15:22,29.55,29.6,29.55,29.6,700000
RCOM_F1,20180131,15:23,29.65,29.65,29.55,29.55,784000
RCOM_F1,20180131,15:24,29.6,29.6,29.6,29.6,420000
RCOM_F1,20180131,15:25,29.55,29.6,29.55,29.6,168000
RCOM_F1,20180131,15:26,29.6,29.7,29.6,29.65,700000
RCOM_F1,20180131,15:27,29.65,29.65,29.6,29.6,252000
RCOM_F1,20180131,15:28,29.6,29.65,29.6,29.6,364000
RCOM_F1,20180131,15:29,29.65,29.65,29.6,29.6,532000
RCOM_F1,20180131,15:30,29.6,29.6,29.55,29.6,616000
RCOM_F1,20180131,16:37,29.65,29.65,29.65,29.65,1
