ULTRACEMCO,20211109,09:08,8200.00,8200.00,8200.00,8200.00,620,0
ULTRACEMCO,20211109,09:16,8200.00,8200.00,8157.10,8182.00,3870,0
ULTRACEMCO,20211109,09:17,8181.35,8212.00,8176.50,8211.20,2756,0
ULTRACEMCO,20211109,09:18,8205.10,8246.70,8205.10,8241.50,3929,0
ULTRACEMCO,20211109,09:19,8247.40,8255.05,8244.10,8244.60,3790,0
ULTRACEMCO,20211109,09:20,8249.60,8249.90,8232.20,8237.45,1612,0
ULTRACEMCO,20211109,09:21,8238.60,8254.80,8232.45,8240.45,3439,0
ULTRACEMCO,20211109,09:22,8239.55,8249.95,8225.00,8243.35,4421,0
ULTRACEMCO,20211109,09:23,8240.25,8255.05,8240.00,8250.00,5521,0
ULTRACEMCO,20211109,09:24,8245.55,8250.75,8240.00,8245.90,2712,0
ULTRACEMCO,20211109,09:25,8243.80,8253.70,8240.00,8247.80,4448,0
ULTRACEMCO,20211109,09:26,8252.75,8253.25,8246.50,8248.00,546,0
ULTRACEMCO,20211109,09:27,8249.70,8249.70,8228.10,8231.00,1582,0
ULTRACEMCO,20211109,09:28,8234.25,8239.40,8220.45,8235.00,1526,0
ULTRACEMCO,20211109,09:29,8235.90,8235.90,8223.65,8224.95,1284,0
ULTRACEMCO,20211109,09:30,8224.95,8233.35,8220.00,8220.00,1154,0
ULTRACEMCO,20211109,09:31,8220.00,8224.10,8201.00,8205.00,1985,0
ULTRACEMCO,20211109,09:32,8201.00,8201.00,8191.90,8193.00,1913,0
ULTRACEMCO,20211109,09:33,8196.45,8206.00,8182.70,8182.70,3821,0
ULTRACEMCO,20211109,09:34,8180.05,8205.00,8180.05,8201.95,3048,0
ULTRACEMCO,20211109,09:35,8201.95,8227.00,8201.95,8227.00,1037,0
ULTRACEMCO,20211109,09:36,8227.00,8228.80,8220.00,8220.00,589,0
ULTRACEMCO,20211109,09:37,8222.10,8222.10,8198.00,8198.45,473,0
ULTRACEMCO,20211109,09:38,8198.00,8198.00,8182.00,8194.00,1460,0
ULTRACEMCO,20211109,09:39,8188.25,8192.10,8180.00,8182.00,1138,0
ULTRACEMCO,20211109,09:40,8181.00,8189.00,8180.00,8184.00,746,0
ULTRACEMCO,20211109,09:41,8184.00,8187.00,8175.05,8186.15,1096,0
ULTRACEMCO,20211109,09:42,8185.70,8185.75,8180.00,8182.00,389,0
ULTRACEMCO,20211109,09:43,8184.45,8190.35,8180.05,8181.60,912,0
ULTRACEMCO,20211109,09:44,8184.25,8184.95,8175.25,8184.10,1474,0
ULTRACEMCO,20211109,09:45,8184.10,8198.00,8184.10,8197.80,715,0
ULTRACEMCO,20211109,09:46,8200.00,8200.00,8170.00,8170.00,1513,0
ULTRACEMCO,20211109,09:47,8169.05,8170.00,8157.05,8163.75,1195,0
ULTRACEMCO,20211109,09:48,8163.80,8167.00,8156.00,8156.00,742,0
ULTRACEMCO,20211109,09:49,8152.60,8155.00,8144.00,8145.00,2001,0
ULTRACEMCO,20211109,09:50,8146.00,8159.95,8143.00,8155.00,1297,0
ULTRACEMCO,20211109,09:51,8157.75,8174.00,8154.00,8165.95,860,0
ULTRACEMCO,20211109,09:52,8160.00,8162.50,8155.00,8157.85,641,0
ULTRACEMCO,20211109,09:53,8165.00,8173.95,8160.25,8164.05,1120,0
ULTRACEMCO,20211109,09:54,8160.20,8177.45,8160.05,8177.40,667,0
ULTRACEMCO,20211109,09:55,8174.15,8178.20,8170.00,8170.25,272,0
ULTRACEMCO,20211109,09:56,8170.25,8197.10,8165.40,8190.95,1221,0
ULTRACEMCO,20211109,09:57,8195.05,8207.05,8190.80,8198.20,1103,0
ULTRACEMCO,20211109,09:58,8198.80,8211.00,8198.80,8205.85,1166,0
ULTRACEMCO,20211109,09:59,8211.00,8211.00,8205.95,8206.70,276,0
ULTRACEMCO,20211109,10:00,8209.95,8215.50,8203.90,8210.05,538,0
ULTRACEMCO,20211109,10:01,8210.00,8210.05,8196.10,8210.05,1433,0
ULTRACEMCO,20211109,10:02,8211.00,8214.95,8206.30,8207.25,326,0
ULTRACEMCO,20211109,10:03,8211.00,8211.90,8207.05,8211.00,129,0
ULTRACEMCO,20211109,10:04,8207.00,8211.90,8206.80,8206.80,215,0
ULTRACEMCO,20211109,10:05,8206.70,8210.95,8206.70,8207.00,178,0
ULTRACEMCO,20211109,10:06,8208.25,8209.95,8201.40,8209.60,427,0
ULTRACEMCO,20211109,10:07,8205.00,8210.00,8205.00,8205.90,140,0
ULTRACEMCO,20211109,10:08,8202.05,8208.55,8202.00,8203.00,233,0
ULTRACEMCO,20211109,10:09,8203.40,8207.90,8202.00,8204.45,96,0
ULTRACEMCO,20211109,10:10,8200.00,8204.00,8190.00,8190.05,352,0
ULTRACEMCO,20211109,10:11,8190.25,8194.30,8188.15,8189.25,327,0
ULTRACEMCO,20211109,10:12,8189.25,8189.60,8177.00,8179.60,1082,0
ULTRACEMCO,20211109,10:13,8180.00,8183.60,8173.10,8175.05,274,0
ULTRACEMCO,20211109,10:14,8173.15,8194.75,8173.15,8189.00,506,0
ULTRACEMCO,20211109,10:15,8189.40,8189.40,8183.25,8186.10,173,0
ULTRACEMCO,20211109,10:16,8185.30,8192.00,8184.95,8190.10,267,0
ULTRACEMCO,20211109,10:17,8190.10,8198.80,8187.55,8198.75,466,0
ULTRACEMCO,20211109,10:18,8198.75,8199.00,8191.15,8196.85,299,0
ULTRACEMCO,20211109,10:19,8195.05,8200.00,8194.65,8200.00,266,0
ULTRACEMCO,20211109,10:20,8199.00,8204.10,8197.20,8204.10,406,0
ULTRACEMCO,20211109,10:21,8200.00,8202.20,8198.30,8201.80,189,0
ULTRACEMCO,20211109,10:22,8199.60,8200.75,8195.80,8198.05,296,0
ULTRACEMCO,20211109,10:23,8198.05,8204.60,8186.05,8186.05,775,0
ULTRACEMCO,20211109,10:24,8186.45,8189.30,8181.10,8183.70,392,0
ULTRACEMCO,20211109,10:25,8189.55,8196.30,8186.65,8191.15,224,0
ULTRACEMCO,20211109,10:26,8195.95,8206.00,8193.75,8201.85,349,0
ULTRACEMCO,20211109,10:27,8203.50,8206.00,8200.00,8205.85,239,0
ULTRACEMCO,20211109,10:28,8205.00,8205.90,8200.05,8201.55,339,0
ULTRACEMCO,20211109,10:29,8205.95,8208.00,8201.55,8202.20,615,0
ULTRACEMCO,20211109,10:30,8205.00,8205.00,8200.00,8205.00,197,0
ULTRACEMCO,20211109,10:31,8205.00,8208.00,8201.50,8205.00,330,0
ULTRACEMCO,20211109,10:32,8205.00,8210.00,8200.00,8205.25,499,0
ULTRACEMCO,20211109,10:33,8205.00,8209.00,8205.00,8205.00,73,0
ULTRACEMCO,20211109,10:34,8205.00,8208.80,8200.10,8204.70,251,0
ULTRACEMCO,20211109,10:35,8200.30,8204.80,8200.00,8200.65,138,0
ULTRACEMCO,20211109,10:36,8204.65,8208.45,8200.20,8208.45,217,0
ULTRACEMCO,20211109,10:37,8203.10,8210.00,8203.10,8209.95,308,0
ULTRACEMCO,20211109,10:38,8206.20,8209.75,8205.25,8205.35,150,0
ULTRACEMCO,20211109,10:39,8205.40,8215.00,8205.40,8214.25,623,0
ULTRACEMCO,20211109,10:40,8214.20,8219.40,8212.65,8216.15,347,0
ULTRACEMCO,20211109,10:41,8219.00,8219.00,8206.00,8210.60,320,0
ULTRACEMCO,20211109,10:42,8210.50,8212.20,8200.05,8212.20,453,0
ULTRACEMCO,20211109,10:43,8212.20,8212.20,8205.60,8211.95,261,0
ULTRACEMCO,20211109,10:44,8208.85,8215.00,8208.85,8214.60,214,0
ULTRACEMCO,20211109,10:45,8210.90,8219.00,8210.90,8218.05,368,0
ULTRACEMCO,20211109,10:46,8218.05,8220.00,8215.00,8218.00,202,0
ULTRACEMCO,20211109,10:47,8218.00,8218.80,8206.30,8209.70,2592,0
ULTRACEMCO,20211109,10:48,8215.00,8218.05,8206.30,8218.05,761,0
ULTRACEMCO,20211109,10:49,8216.90,8218.05,8207.60,8214.05,330,0
ULTRACEMCO,20211109,10:50,8214.95,8214.95,8210.55,8211.05,244,0
ULTRACEMCO,20211109,10:51,8214.90,8214.90,8211.15,8214.50,254,0
ULTRACEMCO,20211109,10:52,8214.90,8214.90,8200.05,8206.35,854,0
ULTRACEMCO,20211109,10:53,8202.10,8209.85,8202.00,8204.50,279,0
ULTRACEMCO,20211109,10:54,8204.15,8208.15,8200.00,8202.00,329,0
ULTRACEMCO,20211109,10:55,8201.15,8206.05,8192.20,8200.15,1771,0
ULTRACEMCO,20211109,10:56,8200.15,8207.70,8200.15,8204.00,128,0
ULTRACEMCO,20211109,10:57,8206.00,8210.00,8203.55,8210.00,192,0
ULTRACEMCO,20211109,10:58,8208.05,8210.00,8208.00,8209.75,161,0
ULTRACEMCO,20211109,10:59,8209.80,8213.95,8208.00,8212.00,287,0
ULTRACEMCO,20211109,11:00,8212.00,8218.00,8209.05,8210.15,273,0
ULTRACEMCO,20211109,11:01,8213.20,8214.95,8210.00,8214.95,253,0
ULTRACEMCO,20211109,11:02,8210.40,8214.40,8210.00,8210.00,271,0
ULTRACEMCO,20211109,11:03,8210.00,8214.00,8200.65,8210.80,659,0
ULTRACEMCO,20211109,11:04,8210.40,8213.50,8208.50,8212.95,464,0
ULTRACEMCO,20211109,11:05,8212.30,8212.95,8207.05,8210.00,656,0
ULTRACEMCO,20211109,11:06,8207.00,8212.70,8207.00,8210.00,284,0
ULTRACEMCO,20211109,11:07,8211.00,8214.90,8210.00,8214.00,386,0
ULTRACEMCO,20211109,11:08,8214.00,8217.95,8214.00,8217.55,444,0
ULTRACEMCO,20211109,11:09,8217.50,8217.50,8214.00,8216.65,202,0
ULTRACEMCO,20211109,11:10,8215.00,8217.70,8214.00,8215.00,111,0
ULTRACEMCO,20211109,11:11,8216.00,8217.70,8211.15,8213.00,304,0
ULTRACEMCO,20211109,11:12,8211.15,8214.95,8210.15,8214.95,230,0
ULTRACEMCO,20211109,11:13,8211.60,8211.60,8206.70,8206.70,713,0
ULTRACEMCO,20211109,11:14,8210.00,8215.00,8206.30,8214.60,217,0
ULTRACEMCO,20211109,11:15,8212.00,8214.50,8208.35,8210.30,528,0
ULTRACEMCO,20211109,11:16,8210.25,8213.40,8208.10,8211.90,259,0
ULTRACEMCO,20211109,11:17,8208.35,8217.00,8205.65,8216.00,2083,0
ULTRACEMCO,20211109,11:18,8215.00,8218.00,8215.00,8215.20,469,0
ULTRACEMCO,20211109,11:19,8218.00,8218.00,8215.20,8215.45,169,0
ULTRACEMCO,20211109,11:20,8218.00,8218.00,8215.00,8215.05,161,0
ULTRACEMCO,20211109,11:21,8215.05,8218.95,8215.00,8215.55,229,0
ULTRACEMCO,20211109,11:22,8218.50,8218.50,8210.35,8211.15,288,0
ULTRACEMCO,20211109,11:23,8215.75,8215.75,8210.00,8210.00,425,0
ULTRACEMCO,20211109,11:24,8210.00,8213.95,8209.10,8212.00,1463,0
ULTRACEMCO,20211109,11:25,8209.50,8215.00,8209.45,8215.00,270,0
ULTRACEMCO,20211109,11:26,8215.00,8215.00,8210.00,8211.90,334,0
ULTRACEMCO,20211109,11:27,8211.45,8217.55,8210.15,8212.40,391,0
ULTRACEMCO,20211109,11:28,8215.00,8215.00,8210.15,8210.15,237,0
ULTRACEMCO,20211109,11:29,8211.30,8214.45,8210.00,8210.15,189,0
ULTRACEMCO,20211109,11:30,8212.00,8213.90,8210.00,8210.10,203,0
ULTRACEMCO,20211109,11:31,8213.60,8213.60,8210.00,8213.00,348,0
ULTRACEMCO,20211109,11:32,8213.00,8213.00,8210.90,8212.95,282,0
ULTRACEMCO,20211109,11:33,8212.95,8212.95,8209.05,8209.35,520,0
ULTRACEMCO,20211109,11:34,8209.40,8214.95,8209.40,8214.90,258,0
ULTRACEMCO,20211109,11:35,8211.80,8214.95,8211.40,8212.00,395,0
ULTRACEMCO,20211109,11:36,8215.00,8215.00,8211.80,8211.80,132,0
ULTRACEMCO,20211109,11:37,8211.80,8215.00,8211.60,8214.95,168,0
ULTRACEMCO,20211109,11:38,8214.95,8219.00,8213.90,8219.00,384,0
ULTRACEMCO,20211109,11:39,8218.00,8225.00,8218.00,8220.65,912,0
ULTRACEMCO,20211109,11:40,8220.85,8225.00,8213.95,8220.00,299,0
ULTRACEMCO,20211109,11:41,8218.70,8223.30,8218.70,8222.70,283,0
ULTRACEMCO,20211109,11:42,8220.35,8225.00,8220.35,8223.15,266,0
ULTRACEMCO,20211109,11:43,8224.75,8224.75,8223.10,8224.00,124,0
ULTRACEMCO,20211109,11:44,8224.00,8224.00,8210.40,8218.70,561,0
ULTRACEMCO,20211109,11:45,8220.05,8222.70,8217.10,8218.70,187,0
ULTRACEMCO,20211109,11:46,8218.70,8222.70,8218.00,8218.35,154,0
ULTRACEMCO,20211109,11:47,8218.35,8222.70,8217.95,8218.65,293,0
ULTRACEMCO,20211109,11:48,8218.65,8229.05,8218.65,8229.05,558,0
ULTRACEMCO,20211109,11:49,8229.05,8234.85,8225.00,8234.85,580,0
ULTRACEMCO,20211109,11:50,8232.65,8235.00,8225.00,8230.00,1285,0
ULTRACEMCO,20211109,11:51,8230.00,8230.10,8228.05,8229.90,261,0
ULTRACEMCO,20211109,11:52,8228.55,8233.60,8228.15,8233.60,421,0
ULTRACEMCO,20211109,11:53,8230.65,8233.60,8230.20,8230.20,336,0
ULTRACEMCO,20211109,11:54,8230.20,8233.00,8228.85,8229.80,244,0
ULTRACEMCO,20211109,11:55,8230.00,8230.05,8225.55,8230.05,353,0
ULTRACEMCO,20211109,11:56,8230.05,8230.05,8225.55,8230.05,387,0
ULTRACEMCO,20211109,11:57,8232.00,8234.95,8229.00,8229.00,313,0
ULTRACEMCO,20211109,11:58,8229.00,8230.00,8225.60,8226.10,116,0
ULTRACEMCO,20211109,11:59,8230.00,8232.85,8227.10,8230.00,228,0
ULTRACEMCO,20211109,12:00,8230.00,8235.15,8228.00,8229.50,394,0
ULTRACEMCO,20211109,12:01,8230.00,8233.25,8228.50,8232.50,175,0
ULTRACEMCO,20211109,12:02,8230.00,8232.50,8228.50,8230.50,165,0
ULTRACEMCO,20211109,12:03,8232.50,8236.05,8231.20,8232.05,1264,0
ULTRACEMCO,20211109,12:04,8232.05,8235.50,8231.85,8231.95,125,0
ULTRACEMCO,20211109,12:05,8232.50,8235.00,8227.00,8235.00,1025,0
ULTRACEMCO,20211109,12:06,8231.85,8244.00,8230.00,8230.00,1173,0
ULTRACEMCO,20211109,12:07,8228.00,8231.00,8224.00,8226.05,162,0
ULTRACEMCO,20211109,12:08,8224.00,8227.55,8223.60,8226.60,264,0
ULTRACEMCO,20211109,12:09,8223.60,8226.45,8220.00,8222.45,1221,0
ULTRACEMCO,20211109,12:10,8222.00,8228.00,8222.00,8224.90,267,0
ULTRACEMCO,20211109,12:11,8225.60,8227.90,8218.00,8221.05,537,0
ULTRACEMCO,20211109,12:12,8218.00,8226.70,8217.05,8224.35,400,0
ULTRACEMCO,20211109,12:13,8223.25,8227.20,8220.00,8227.20,337,0
ULTRACEMCO,20211109,12:14,8227.20,8230.00,8222.50,8230.00,180,0
ULTRACEMCO,20211109,12:15,8226.10,8233.35,8226.10,8228.65,157,0
ULTRACEMCO,20211109,12:16,8230.75,8234.00,8230.05,8232.00,147,0
ULTRACEMCO,20211109,12:17,8232.00,8234.00,8230.70,8231.00,127,0
ULTRACEMCO,20211109,12:18,8234.00,8237.65,8231.00,8231.05,253,0
ULTRACEMCO,20211109,12:19,8231.05,8233.80,8228.10,8228.10,109,0
ULTRACEMCO,20211109,12:20,8228.10,8232.25,8227.65,8227.65,164,0
ULTRACEMCO,20211109,12:21,8227.65,8232.00,8220.45,8227.40,472,0
ULTRACEMCO,20211109,12:22,8227.40,8230.00,8224.60,8229.45,88,0
ULTRACEMCO,20211109,12:23,8229.45,8230.15,8225.00,8230.15,271,0
ULTRACEMCO,20211109,12:24,8230.00,8230.80,8227.40,8230.00,314,0
ULTRACEMCO,20211109,12:25,8230.00,8230.55,8229.00,8229.90,144,0
ULTRACEMCO,20211109,12:26,8229.00,8230.00,8225.00,8230.00,181,0
ULTRACEMCO,20211109,12:27,8230.00,8230.55,8226.00,8226.00,162,0
ULTRACEMCO,20211109,12:28,8226.00,8228.85,8224.60,8227.35,389,0
ULTRACEMCO,20211109,12:29,8225.00,8228.10,8224.00,8227.85,148,0
ULTRACEMCO,20211109,12:30,8227.75,8229.10,8223.65,8229.10,563,0
ULTRACEMCO,20211109,12:31,8229.10,8233.45,8227.10,8230.05,302,0
ULTRACEMCO,20211109,12:32,8232.65,8232.65,8224.15,8230.00,466,0
ULTRACEMCO,20211109,12:33,8230.00,8232.65,8226.00,8230.00,209,0
ULTRACEMCO,20211109,12:34,8226.25,8230.05,8226.25,8230.00,122,0
ULTRACEMCO,20211109,12:35,8229.80,8233.00,8226.80,8227.00,519,0
ULTRACEMCO,20211109,12:36,8227.05,8231.00,8226.75,8231.00,850,0
ULTRACEMCO,20211109,12:37,8231.00,8233.60,8231.00,8233.60,144,0
ULTRACEMCO,20211109,12:38,8230.70,8237.10,8230.05,8230.20,374,0
ULTRACEMCO,20211109,12:39,8230.20,8239.80,8228.60,8235.05,290,0
ULTRACEMCO,20211109,12:40,8235.00,8239.55,8230.00,8234.65,110,0
ULTRACEMCO,20211109,12:41,8234.65,8234.65,8230.00,8234.60,224,0
ULTRACEMCO,20211109,12:42,8230.20,8236.95,8229.00,8235.00,141,0
ULTRACEMCO,20211109,12:43,8235.00,8237.00,8232.05,8236.70,151,0
ULTRACEMCO,20211109,12:44,8236.70,8239.00,8235.00,8235.10,193,0
ULTRACEMCO,20211109,12:45,8238.85,8239.85,8235.00,8236.35,333,0
ULTRACEMCO,20211109,12:46,8238.80,8244.65,8237.15,8242.15,421,0
ULTRACEMCO,20211109,12:47,8243.30,8243.30,8230.15,8237.05,212,0
ULTRACEMCO,20211109,12:48,8237.05,8239.00,8231.00,8238.85,532,0
ULTRACEMCO,20211109,12:49,8235.00,8243.00,8234.20,8243.00,412,0
ULTRACEMCO,20211109,12:50,8242.70,8242.70,8236.10,8240.00,149,0
ULTRACEMCO,20211109,12:51,8236.40,8240.00,8235.05,8239.60,335,0
ULTRACEMCO,20211109,12:52,8239.95,8240.85,8235.00,8240.00,428,0
ULTRACEMCO,20211109,12:53,8240.00,8240.90,8235.00,8239.05,452,0
ULTRACEMCO,20211109,12:54,8235.00,8240.85,8235.00,8240.85,243,0
ULTRACEMCO,20211109,12:55,8239.15,8244.00,8235.05,8238.30,273,0
ULTRACEMCO,20211109,12:56,8240.45,8244.00,8235.15,8235.15,405,0
ULTRACEMCO,20211109,12:57,8239.85,8239.85,8235.00,8237.80,465,0
ULTRACEMCO,20211109,12:58,8237.90,8239.50,8235.00,8235.15,319,0
ULTRACEMCO,20211109,12:59,8235.00,8239.15,8233.15,8239.00,356,0
ULTRACEMCO,20211109,13:00,8235.85,8238.95,8234.85,8236.90,205,0
ULTRACEMCO,20211109,13:01,8239.45,8239.75,8233.05,8237.45,413,0
ULTRACEMCO,20211109,13:02,8237.70,8237.70,8233.35,8234.25,169,0
ULTRACEMCO,20211109,13:03,8237.95,8239.00,8234.80,8239.00,836,0
ULTRACEMCO,20211109,13:04,8239.00,8239.00,8236.00,8238.85,92,0
ULTRACEMCO,20211109,13:05,8236.00,8238.70,8234.10,8238.15,208,0
ULTRACEMCO,20211109,13:06,8234.55,8237.95,8234.05,8237.85,66,0
ULTRACEMCO,20211109,13:07,8234.00,8237.85,8234.00,8234.50,348,0
ULTRACEMCO,20211109,13:08,8234.50,8237.50,8231.05,8232.10,737,0
ULTRACEMCO,20211109,13:09,8231.05,8234.00,8230.00,8230.00,528,0
ULTRACEMCO,20211109,13:10,8232.35,8235.30,8220.10,8227.50,1008,0
ULTRACEMCO,20211109,13:11,8228.90,8228.95,8221.90,8225.85,616,0
ULTRACEMCO,20211109,13:12,8223.95,8223.95,8220.05,8223.90,339,0
ULTRACEMCO,20211109,13:13,8223.95,8223.95,8220.05,8221.30,441,0
ULTRACEMCO,20211109,13:14,8220.85,8227.15,8220.65,8226.45,438,0
ULTRACEMCO,20211109,13:15,8226.50,8228.00,8222.30,8227.55,265,0
ULTRACEMCO,20211109,13:16,8227.55,8228.00,8223.60,8227.55,189,0
ULTRACEMCO,20211109,13:17,8223.60,8227.20,8221.00,8223.70,232,0
ULTRACEMCO,20211109,13:18,8223.70,8229.90,8212.85,8225.95,1305,0
ULTRACEMCO,20211109,13:19,8228.25,8238.00,8228.25,8236.95,1290,0
ULTRACEMCO,20211109,13:20,8237.00,8238.00,8232.25,8236.90,309,0
ULTRACEMCO,20211109,13:21,8236.85,8238.00,8230.15,8236.50,348,0
ULTRACEMCO,20211109,13:22,8231.45,8237.00,8226.65,8228.35,219,0
ULTRACEMCO,20211109,13:23,8224.30,8230.60,8224.00,8229.65,232,0
ULTRACEMCO,20211109,13:24,8229.55,8230.20,8225.00,8228.20,374,0
ULTRACEMCO,20211109,13:25,8225.00,8229.90,8224.80,8228.80,295,0
ULTRACEMCO,20211109,13:26,8225.75,8230.00,8225.75,8229.85,66,0
ULTRACEMCO,20211109,13:27,8229.65,8229.65,8225.00,8228.55,226,0
ULTRACEMCO,20211109,13:28,8228.55,8228.55,8225.00,8225.50,184,0
ULTRACEMCO,20211109,13:29,8225.35,8228.00,8221.55,8227.75,173,0
ULTRACEMCO,20211109,13:30,8227.10,8227.10,8222.15,8225.00,173,0
ULTRACEMCO,20211109,13:31,8225.00,8225.00,8221.00,8221.00,372,0
ULTRACEMCO,20211109,13:32,8224.35,8229.75,8219.75,8228.90,483,0
ULTRACEMCO,20211109,13:33,8226.60,8228.00,8218.00,8227.25,265,0
ULTRACEMCO,20211109,13:34,8227.95,8232.50,8223.85,8223.85,482,0
ULTRACEMCO,20211109,13:35,8222.35,8222.35,8210.00,8215.00,1878,0
ULTRACEMCO,20211109,13:36,8211.30,8214.95,8200.00,8213.15,3222,0
ULTRACEMCO,20211109,13:37,8214.50,8215.80,8202.00,8206.80,1329,0
ULTRACEMCO,20211109,13:38,8211.00,8217.80,8206.15,8210.00,738,0
ULTRACEMCO,20211109,13:39,8214.10,8220.00,8210.00,8220.00,461,0
ULTRACEMCO,20211109,13:40,8219.95,8219.95,8210.20,8217.00,379,0
ULTRACEMCO,20211109,13:41,8217.00,8225.00,8213.20,8225.00,528,0
ULTRACEMCO,20211109,13:42,8225.00,8233.00,8223.00,8231.00,297,0
ULTRACEMCO,20211109,13:43,8231.00,8231.00,8225.00,8228.95,157,0
ULTRACEMCO,20211109,13:44,8228.00,8232.95,8225.00,8230.70,554,0
ULTRACEMCO,20211109,13:45,8230.70,8231.00,8225.15,8225.15,293,0
ULTRACEMCO,20211109,13:46,8225.15,8233.15,8225.00,8225.10,1390,0
ULTRACEMCO,20211109,13:47,8222.90,8230.00,8222.10,8222.10,294,0
ULTRACEMCO,20211109,13:48,8222.15,8227.75,8215.00,8220.00,668,0
ULTRACEMCO,20211109,13:49,8221.90,8221.90,8215.20,8216.50,363,0
ULTRACEMCO,20211109,13:50,8216.50,8222.45,8215.00,8218.95,479,0
ULTRACEMCO,20211109,13:51,8215.05,8220.90,8215.00,8216.15,200,0
ULTRACEMCO,20211109,13:52,8220.90,8223.05,8216.90,8216.90,156,0
ULTRACEMCO,20211109,13:53,8217.60,8218.50,8213.60,8216.55,404,0
ULTRACEMCO,20211109,13:54,8210.00,8216.35,8210.00,8212.00,380,0
ULTRACEMCO,20211109,13:55,8211.20,8212.00,8210.70,8210.70,143,0
ULTRACEMCO,20211109,13:56,8210.70,8212.00,8208.00,8208.25,396,0
ULTRACEMCO,20211109,13:57,8211.00,8213.45,8209.00,8212.00,451,0
ULTRACEMCO,20211109,13:58,8209.60,8213.80,8209.60,8213.65,172,0
ULTRACEMCO,20211109,13:59,8215.00,8216.90,8210.05,8210.05,531,0
ULTRACEMCO,20211109,14:00,8210.05,8213.75,8206.00,8206.05,1134,0
ULTRACEMCO,20211109,14:01,8206.05,8209.95,8195.00,8208.00,4254,0
ULTRACEMCO,20211109,14:02,8209.20,8209.20,8200.00,8202.00,876,0
ULTRACEMCO,20211109,14:03,8201.00,8203.00,8199.60,8200.00,1400,0
ULTRACEMCO,20211109,14:04,8200.00,8203.00,8200.00,8202.55,2188,0
ULTRACEMCO,20211109,14:05,8202.55,8208.55,8201.50,8207.00,311,0
ULTRACEMCO,20211109,14:06,8208.55,8210.60,8207.00,8210.60,373,0
ULTRACEMCO,20211109,14:07,8212.55,8215.40,8210.20,8215.00,404,0
ULTRACEMCO,20211109,14:08,8211.10,8217.75,8211.10,8217.75,187,0
ULTRACEMCO,20211109,14:09,8217.85,8217.85,8208.00,8208.00,703,0
ULTRACEMCO,20211109,14:10,8210.00,8211.85,8200.90,8211.85,1171,0
ULTRACEMCO,20211109,14:11,8208.95,8211.50,8206.00,8210.00,146,0
ULTRACEMCO,20211109,14:12,8210.00,8215.00,8210.00,8210.35,193,0
ULTRACEMCO,20211109,14:13,8210.30,8215.05,8210.30,8212.00,339,0
ULTRACEMCO,20211109,14:14,8212.00,8224.65,8212.00,8224.05,356,0
ULTRACEMCO,20211109,14:15,8224.05,8224.05,8217.40,8217.40,489,0
ULTRACEMCO,20211109,14:16,8217.40,8220.00,8217.40,8220.00,65,0
ULTRACEMCO,20211109,14:17,8217.45,8220.00,8215.45,8215.45,271,0
ULTRACEMCO,20211109,14:18,8217.10,8218.70,8210.25,8211.00,141,0
ULTRACEMCO,20211109,14:19,8210.70,8217.40,8210.00,8210.00,188,0
ULTRACEMCO,20211109,14:20,8210.00,8213.75,8210.00,8212.00,55,0
ULTRACEMCO,20211109,14:21,8214.00,8218.45,8211.10,8218.35,192,0
ULTRACEMCO,20211109,14:22,8218.40,8220.00,8214.60,8219.75,568,0
ULTRACEMCO,20211109,14:23,8219.75,8223.90,8218.10,8223.90,406,0
ULTRACEMCO,20211109,14:24,8223.90,8224.00,8222.00,8222.65,254,0
ULTRACEMCO,20211109,14:25,8222.55,8223.95,8212.05,8214.35,604,0
ULTRACEMCO,20211109,14:26,8210.90,8216.05,8210.00,8213.50,133,0
ULTRACEMCO,20211109,14:27,8213.95,8219.95,8211.15,8216.95,156,0
ULTRACEMCO,20211109,14:28,8220.00,8222.50,8217.05,8222.20,181,0
ULTRACEMCO,20211109,14:29,8222.00,8222.15,8210.00,8214.45,1146,0
ULTRACEMCO,20211109,14:30,8214.60,8215.70,8211.60,8214.95,45,0
ULTRACEMCO,20211109,14:31,8216.75,8219.00,8214.55,8215.00,97,0
ULTRACEMCO,20211109,14:32,8215.00,8221.20,8215.00,8221.20,183,0
ULTRACEMCO,20211109,14:33,8210.00,8213.90,8210.00,8210.00,673,0
ULTRACEMCO,20211109,14:34,8213.00,8213.00,8206.60,8207.05,1004,0
ULTRACEMCO,20211109,14:35,8209.70,8210.50,8207.00,8208.60,597,0
ULTRACEMCO,20211109,14:36,8207.00,8211.35,8207.00,8207.70,199,0
ULTRACEMCO,20211109,14:37,8208.00,8208.00,8202.35,8203.00,1090,0
ULTRACEMCO,20211109,14:38,8200.25,8205.80,8200.00,8205.80,1145,0
ULTRACEMCO,20211109,14:39,8208.45,8208.45,8193.05,8195.05,2491,0
ULTRACEMCO,20211109,14:40,8192.55,8197.90,8192.55,8194.95,330,0
ULTRACEMCO,20211109,14:41,8194.95,8195.00,8193.00,8193.00,645,0
ULTRACEMCO,20211109,14:42,8193.55,8197.15,8190.00,8190.00,968,0
ULTRACEMCO,20211109,14:43,8190.00,8193.05,8185.00,8185.00,1020,0
ULTRACEMCO,20211109,14:44,8185.00,8185.35,8184.60,8185.20,564,0
ULTRACEMCO,20211109,14:45,8185.20,8196.95,8185.00,8189.10,1349,0
ULTRACEMCO,20211109,14:46,8189.00,8189.05,8182.30,8187.25,1166,0
ULTRACEMCO,20211109,14:47,8186.75,8190.20,8186.60,8186.65,504,0
ULTRACEMCO,20211109,14:48,8179.35,8182.00,8171.40,8180.00,1513,0
ULTRACEMCO,20211109,14:49,8177.10,8179.75,8177.10,8179.75,702,0
ULTRACEMCO,20211109,14:50,8179.75,8179.75,8171.00,8173.00,1132,0
ULTRACEMCO,20211109,14:51,8171.00,8173.00,8165.60,8166.00,908,0
ULTRACEMCO,20211109,14:52,8166.65,8167.75,8161.60,8163.35,855,0
ULTRACEMCO,20211109,14:53,8165.25,8169.65,8162.55,8165.40,592,0
ULTRACEMCO,20211109,14:54,8169.15,8170.00,8160.00,8165.90,1243,0
ULTRACEMCO,20211109,14:55,8165.95,8169.95,8164.40,8168.00,496,0
ULTRACEMCO,20211109,14:56,8165.10,8169.15,8161.00,8169.15,1208,0
ULTRACEMCO,20211109,14:57,8170.00,8170.60,8168.50,8168.60,548,0
ULTRACEMCO,20211109,14:58,8169.85,8180.70,8169.85,8179.30,1359,0
ULTRACEMCO,20211109,14:59,8179.80,8179.80,8164.00,8167.50,853,0
ULTRACEMCO,20211109,15:00,8168.00,8170.00,8161.20,8164.70,805,0
ULTRACEMCO,20211109,15:01,8161.20,8168.90,8161.20,8167.05,681,0
ULTRACEMCO,20211109,15:02,8168.90,8173.10,8166.65,8170.00,898,0
ULTRACEMCO,20211109,15:03,8174.35,8174.35,8160.20,8166.80,1966,0
ULTRACEMCO,20211109,15:04,8165.40,8168.65,8161.00,8166.70,529,0
ULTRACEMCO,20211109,15:05,8169.85,8178.90,8166.10,8175.20,1033,0
ULTRACEMCO,20211109,15:06,8178.75,8178.75,8169.65,8169.75,784,0
ULTRACEMCO,20211109,15:07,8173.45,8177.95,8169.90,8173.70,854,0
ULTRACEMCO,20211109,15:08,8173.70,8175.35,8170.60,8173.40,704,0
ULTRACEMCO,20211109,15:09,8173.40,8173.40,8162.10,8164.40,1144,0
ULTRACEMCO,20211109,15:10,8164.40,8169.95,8164.40,8167.00,1023,0
ULTRACEMCO,20211109,15:11,8167.00,8178.95,8167.00,8173.95,1378,0
ULTRACEMCO,20211109,15:12,8173.95,8175.90,8162.55,8167.70,829,0
ULTRACEMCO,20211109,15:13,8165.50,8169.50,8163.85,8166.50,1824,0
ULTRACEMCO,20211109,15:14,8166.50,8168.00,8162.30,8166.00,1140,0
ULTRACEMCO,20211109,15:15,8166.00,8169.95,8160.70,8166.20,1262,0
ULTRACEMCO,20211109,15:16,8169.00,8169.95,8160.65,8161.00,591,0
ULTRACEMCO,20211109,15:17,8163.45,8167.35,8160.90,8167.35,994,0
ULTRACEMCO,20211109,15:18,8167.30,8167.30,8160.10,8162.05,1036,0
ULTRACEMCO,20211109,15:19,8162.05,8164.95,8157.55,8164.95,1199,0
ULTRACEMCO,20211109,15:20,8161.80,8166.65,8160.05,8161.50,925,0
ULTRACEMCO,20211109,15:21,8161.50,8161.50,8156.10,8160.00,1647,0
ULTRACEMCO,20211109,15:22,8161.90,8161.90,8155.55,8160.00,1258,0
ULTRACEMCO,20211109,15:23,8160.80,8160.80,8158.00,8158.00,904,0
ULTRACEMCO,20211109,15:24,8157.95,8161.10,8156.10,8161.10,906,0
ULTRACEMCO,20211109,15:25,8158.10,8164.95,8158.10,8162.60,1081,0
ULTRACEMCO,20211109,15:26,8162.15,8166.55,8162.15,8165.15,622,0
ULTRACEMCO,20211109,15:27,8165.15,8171.60,8162.10,8169.65,1054,0
ULTRACEMCO,20211109,15:28,8169.45,8169.55,8162.50,8162.50,1057,0
ULTRACEMCO,20211109,15:29,8162.20,8169.95,8156.00,8164.20,1044,0
ULTRACEMCO,20211109,15:30,8164.95,8164.95,8158.65,8160.00,308,0
ULTRACEMCO,20211109,15:31,8160.00,8160.00,8160.00,8160.00,1,0
ULTRACEMCO,20211109,15:32,8166.00,8166.00,8166.00,8166.00,0,0
ULTRACEMCO,20211109,15:41,8166.00,8166.00,8166.00,8166.00,5,0
ULTRACEMCO,20211109,16:53,8166.00,8166.00,8166.00,8166.00,0,0
