NESTLEIND,20220920,09:08,18810.00,18810.00,18810.00,18810.00,58,0
NESTLEIND,20220920,09:16,18810.00,18900.00,18676.00,18827.85,731,0
NESTLEIND,20220920,09:17,18823.15,18855.00,18800.30,18812.10,490,0
NESTLEIND,20220920,09:18,18760.55,18824.85,18760.55,18800.00,848,0
NESTLEIND,20220920,09:19,18809.15,18844.15,18809.15,18844.15,177,0
NESTLEIND,20220920,09:20,18844.00,18844.15,18805.00,18805.00,447,0
NESTLEIND,20220920,09:21,18815.00,18815.40,18798.30,18800.90,161,0
NESTLEIND,20220920,09:22,18800.90,18812.45,18789.80,18801.65,77,0
NESTLEIND,20220920,09:23,18812.45,18812.55,18801.65,18803.40,30,0
NESTLEIND,20220920,09:24,18812.45,18812.55,18803.40,18805.00,56,0
NESTLEIND,20220920,09:25,18811.95,18821.65,18805.05,18813.50,111,0
NESTLEIND,20220920,09:26,18815.10,18821.55,18793.65,18799.95,171,0
NESTLEIND,20220920,09:27,18793.60,18799.95,18785.80,18785.80,118,0
NESTLEIND,20220920,09:28,18799.45,18799.45,18786.10,18790.55,85,0
NESTLEIND,20220920,09:29,18788.75,18798.45,18778.00,18778.00,121,0
NESTLEIND,20220920,09:30,18809.95,18809.95,18802.50,18802.50,78,0
NESTLEIND,20220920,09:31,18809.40,18817.60,18809.05,18810.35,125,0
NESTLEIND,20220920,09:32,18817.00,18835.80,18810.35,18825.15,502,0
NESTLEIND,20220920,09:33,18826.10,18849.70,18826.10,18849.65,145,0
NESTLEIND,20220920,09:34,18841.80,18849.60,18831.00,18831.00,342,0
NESTLEIND,20220920,09:35,18828.60,18828.60,18811.35,18813.35,37,0
NESTLEIND,20220920,09:36,18813.35,18820.80,18813.35,18813.45,64,0
NESTLEIND,20220920,09:37,18820.75,18830.00,18816.70,18830.00,73,0
NESTLEIND,20220920,09:38,18829.95,18829.95,18829.90,18829.95,16,0
NESTLEIND,20220920,09:39,18825.00,18829.50,18824.30,18824.55,81,0
NESTLEIND,20220920,09:40,18829.50,18829.50,18816.70,18816.70,102,0
NESTLEIND,20220920,09:41,18813.20,18824.50,18813.10,18824.25,23,0
NESTLEIND,20220920,09:42,18814.95,18823.90,18813.25,18813.25,60,0
NESTLEIND,20220920,09:43,18821.75,18843.35,18814.60,18843.35,69,0
NESTLEIND,20220920,09:44,18843.25,18843.25,18834.00,18835.35,40,0
NESTLEIND,20220920,09:45,18835.35,18840.10,18826.35,18826.35,108,0
NESTLEIND,20220920,09:46,18835.40,18835.40,18822.75,18822.75,48,0
NESTLEIND,20220920,09:47,18822.60,18833.20,18813.25,18828.10,131,0
NESTLEIND,20220920,09:48,18843.30,18855.00,18841.05,18852.00,131,0
NESTLEIND,20220920,09:49,18852.25,18866.10,18852.05,18856.00,81,0
NESTLEIND,20220920,09:50,18863.55,18877.30,18863.55,18877.30,83,0
NESTLEIND,20220920,09:51,18875.50,18880.65,18866.75,18880.65,85,0
NESTLEIND,20220920,09:52,18871.35,18881.05,18869.95,18869.95,185,0
NESTLEIND,20220920,09:53,18858.60,18860.40,18852.00,18852.00,47,0
NESTLEIND,20220920,09:54,18854.00,18854.00,18841.05,18841.05,75,0
NESTLEIND,20220920,09:55,18845.95,18845.95,18835.00,18838.40,39,0
NESTLEIND,20220920,09:56,18835.00,18849.45,18826.55,18844.45,182,0
NESTLEIND,20220920,09:57,18843.85,18863.90,18835.45,18863.90,104,0
NESTLEIND,20220920,09:58,18853.75,18853.75,18831.65,18831.65,64,0
NESTLEIND,20220920,09:59,18831.65,18831.65,18821.90,18826.65,70,0
NESTLEIND,20220920,10:00,18826.65,18831.35,18824.30,18831.35,55,0
NESTLEIND,20220920,10:01,18826.65,18849.70,18826.65,18849.70,30,0
NESTLEIND,20220920,10:02,18821.05,18836.40,18812.65,18835.05,659,0
NESTLEIND,20220920,10:03,18834.60,18834.60,18814.05,18814.05,78,0
NESTLEIND,20220920,10:04,18814.00,18814.00,18801.00,18810.20,51,0
NESTLEIND,20220920,10:05,18810.20,18820.85,18810.20,18815.50,47,0
NESTLEIND,20220920,10:06,18818.05,18825.50,18818.05,18825.50,26,0
NESTLEIND,20220920,10:07,18834.60,18839.15,18825.50,18828.55,110,0
NESTLEIND,20220920,10:08,18825.15,18826.70,18815.50,18819.40,33,0
NESTLEIND,20220920,10:09,18811.05,18819.40,18811.05,18811.10,28,0
NESTLEIND,20220920,10:10,18815.25,18834.00,18815.25,18828.50,66,0
NESTLEIND,20220920,10:11,18823.10,18826.15,18823.10,18823.75,25,0
NESTLEIND,20220920,10:12,18823.10,18825.05,18823.10,18825.05,36,0
NESTLEIND,20220920,10:13,18825.05,18831.75,18825.05,18831.75,17,0
NESTLEIND,20220920,10:14,18828.90,18829.40,18828.90,18829.40,3,0
NESTLEIND,20220920,10:15,18830.45,18840.50,18830.45,18840.50,86,0
NESTLEIND,20220920,10:16,18843.95,18843.95,18840.50,18841.25,12,0
NESTLEIND,20220920,10:17,18841.25,18843.50,18840.50,18840.50,66,0
NESTLEIND,20220920,10:18,18838.90,18838.90,18831.00,18834.85,166,0
NESTLEIND,20220920,10:19,18836.30,18836.70,18835.10,18836.70,30,0
NESTLEIND,20220920,10:20,18838.80,18838.80,18837.70,18838.10,17,0
NESTLEIND,20220920,10:21,18834.90,18834.90,18831.00,18832.80,123,0
NESTLEIND,20220920,10:22,18835.05,18835.90,18833.10,18835.90,9,0
NESTLEIND,20220920,10:23,18833.10,18853.95,18833.10,18853.95,105,0
NESTLEIND,20220920,10:24,18857.30,18857.75,18852.35,18857.75,25,0
NESTLEIND,20220920,10:25,18859.95,18863.90,18857.30,18862.00,72,0
NESTLEIND,20220920,10:26,18862.00,18869.95,18862.00,18866.75,115,0
NESTLEIND,20220920,10:27,18868.55,18872.75,18860.05,18860.05,126,0
NESTLEIND,20220920,10:28,18864.10,18864.10,18854.75,18854.75,35,0
NESTLEIND,20220920,10:29,18853.85,18853.85,18840.10,18844.65,98,0
NESTLEIND,20220920,10:30,18840.30,18843.85,18829.40,18835.40,32,0
NESTLEIND,20220920,10:31,18832.40,18850.00,18832.40,18850.00,76,0
NESTLEIND,20220920,10:32,18847.25,18848.55,18847.25,18847.25,9,0
NESTLEIND,20220920,10:33,18847.25,18866.20,18847.25,18866.10,127,0
NESTLEIND,20220920,10:34,18866.10,18866.10,18845.00,18847.55,58,0
NESTLEIND,20220920,10:35,18840.35,18852.40,18840.35,18846.15,70,0
NESTLEIND,20220920,10:36,18846.10,18846.10,18839.50,18839.60,52,0
NESTLEIND,20220920,10:37,18843.45,18848.00,18841.90,18848.00,36,0
NESTLEIND,20220920,10:38,18853.05,18858.65,18847.35,18855.05,63,0
NESTLEIND,20220920,10:39,18855.45,18859.05,18853.40,18856.75,20,0
NESTLEIND,20220920,10:40,18869.80,18870.00,18855.10,18865.30,160,0
NESTLEIND,20220920,10:41,18856.45,18860.30,18856.00,18858.00,75,0
NESTLEIND,20220920,10:42,18855.00,18856.50,18852.20,18852.20,23,0
NESTLEIND,20220920,10:43,18852.20,18852.20,18846.00,18846.35,23,0
NESTLEIND,20220920,10:44,18842.05,18846.35,18842.05,18846.35,48,0
NESTLEIND,20220920,10:45,18856.40,18859.60,18856.40,18858.25,22,0
NESTLEIND,20220920,10:46,18858.65,18858.65,18846.00,18846.00,63,0
NESTLEIND,20220920,10:47,18846.00,18867.30,18846.00,18856.65,64,0
NESTLEIND,20220920,10:48,18854.45,18854.45,18846.15,18849.60,19,0
NESTLEIND,20220920,10:49,18849.60,18849.60,18846.90,18847.25,37,0
NESTLEIND,20220920,10:50,18847.20,18854.65,18847.20,18854.65,136,0
NESTLEIND,20220920,10:51,18854.35,18855.00,18854.25,18855.00,82,0
NESTLEIND,20220920,10:52,18850.05,18870.00,18850.05,18870.00,97,0
NESTLEIND,20220920,10:53,18862.65,18870.00,18862.65,18865.65,23,0
NESTLEIND,20220920,10:54,18864.30,18864.30,18850.45,18854.95,62,0
NESTLEIND,20220920,10:55,18861.70,18870.00,18861.70,18866.50,62,0
NESTLEIND,20220920,10:56,18862.60,18866.45,18862.45,18866.45,85,0
NESTLEIND,20220920,10:57,18866.85,18869.95,18863.40,18869.00,35,0
NESTLEIND,20220920,10:58,18869.35,18869.35,18863.40,18866.20,11,0
NESTLEIND,20220920,10:59,18865.15,18865.15,18863.40,18864.80,25,0
NESTLEIND,20220920,11:00,18864.45,18864.60,18864.45,18864.45,21,0
NESTLEIND,20220920,11:01,18865.45,18881.45,18865.45,18878.25,71,0
NESTLEIND,20220920,11:02,18885.35,18887.60,18882.35,18882.35,166,0
NESTLEIND,20220920,11:03,18883.10,18883.10,18873.00,18873.00,111,0
NESTLEIND,20220920,11:04,18874.05,18875.10,18863.40,18869.95,34,0
NESTLEIND,20220920,11:05,18863.45,18864.80,18863.40,18864.80,15,0
NESTLEIND,20220920,11:06,18864.05,18869.35,18863.40,18869.35,60,0
NESTLEIND,20220920,11:07,18869.75,18880.95,18869.35,18870.15,41,0
NESTLEIND,20220920,11:08,18870.10,18873.80,18863.40,18863.40,20,0
NESTLEIND,20220920,11:09,18868.15,18868.15,18863.40,18868.10,42,0
NESTLEIND,20220920,11:10,18865.75,18879.85,18865.75,18879.85,76,0
NESTLEIND,20220920,11:11,18881.10,18888.00,18880.00,18885.60,126,0
NESTLEIND,20220920,11:12,18885.60,18885.65,18877.55,18883.90,180,0
NESTLEIND,20220920,11:13,18886.00,18888.00,18883.90,18883.90,37,0
NESTLEIND,20220920,11:14,18885.90,18888.00,18883.90,18883.90,79,0
NESTLEIND,20220920,11:15,18883.90,18883.90,18877.55,18879.20,35,0
NESTLEIND,20220920,11:16,18877.55,18887.50,18870.40,18887.50,70,0
NESTLEIND,20220920,11:17,18889.00,18889.00,18879.55,18889.00,101,0
NESTLEIND,20220920,11:18,18889.00,18899.00,18886.75,18899.00,78,0
NESTLEIND,20220920,11:19,18897.20,18900.00,18895.95,18895.95,34,0
NESTLEIND,20220920,11:20,18895.95,18895.95,18882.15,18892.25,144,0
NESTLEIND,20220920,11:21,18892.00,18895.40,18885.00,18895.40,163,0
NESTLEIND,20220920,11:22,18899.50,18919.95,18892.25,18919.95,299,0
NESTLEIND,20220920,11:23,18919.95,18920.00,18914.00,18919.20,122,0
NESTLEIND,20220920,11:24,18908.05,18913.55,18892.05,18897.55,136,0
NESTLEIND,20220920,11:25,18897.50,18897.50,18884.20,18884.20,64,0
NESTLEIND,20220920,11:26,18878.00,18881.25,18868.25,18879.70,95,0
NESTLEIND,20220920,11:27,18875.40,18879.75,18875.15,18877.60,38,0
NESTLEIND,20220920,11:28,18878.00,18885.00,18875.55,18882.85,121,0
NESTLEIND,20220920,11:29,18883.85,18895.95,18882.85,18892.15,261,0
NESTLEIND,20220920,11:30,18892.35,18892.90,18882.80,18886.55,92,0
NESTLEIND,20220920,11:31,18886.90,18894.00,18877.45,18881.90,38,0
NESTLEIND,20220920,11:32,18882.30,18886.60,18866.05,18866.05,113,0
NESTLEIND,20220920,11:33,18875.95,18895.45,18866.20,18895.40,196,0
NESTLEIND,20220920,11:34,18895.00,18895.30,18873.10,18873.10,25,0
NESTLEIND,20220920,11:35,18873.20,18885.60,18873.20,18882.95,41,0
NESTLEIND,20220920,11:36,18880.25,18892.25,18880.25,18892.25,28,0
NESTLEIND,20220920,11:37,18894.90,18898.70,18894.00,18898.70,14,0
NESTLEIND,20220920,11:38,18898.80,18909.85,18898.80,18906.05,117,0
NESTLEIND,20220920,11:39,18892.35,18895.40,18885.45,18893.95,38,0
NESTLEIND,20220920,11:40,18894.00,18894.00,18885.00,18885.00,68,0
NESTLEIND,20220920,11:41,18887.20,18887.20,18880.00,18880.00,25,0
NESTLEIND,20220920,11:42,18882.45,18882.85,18879.10,18879.95,69,0
NESTLEIND,20220920,11:43,18882.85,18882.85,18879.20,18880.45,14,0
NESTLEIND,20220920,11:44,18882.85,18903.80,18882.85,18903.80,57,0
NESTLEIND,20220920,11:45,18901.25,18909.00,18884.95,18884.95,143,0
NESTLEIND,20220920,11:46,18884.95,18887.95,18872.00,18876.85,188,0
NESTLEIND,20220920,11:47,18872.40,18874.55,18872.40,18872.85,177,0
NESTLEIND,20220920,11:48,18872.40,18877.30,18872.40,18874.90,75,0
NESTLEIND,20220920,11:49,18879.95,18888.60,18877.65,18888.60,30,0
NESTLEIND,20220920,11:50,18884.80,18890.00,18872.75,18874.95,265,0
NESTLEIND,20220920,11:51,18872.40,18876.60,18872.40,18875.00,83,0
NESTLEIND,20220920,11:52,18875.00,18875.00,18867.80,18867.80,113,0
NESTLEIND,20220920,11:53,18865.00,18867.75,18855.60,18858.05,35,0
NESTLEIND,20220920,11:54,18860.55,18860.55,18841.80,18843.00,186,0
NESTLEIND,20220920,11:55,18846.45,18850.00,18829.95,18829.95,382,0
NESTLEIND,20220920,11:56,18835.00,18849.70,18830.00,18849.70,239,0
NESTLEIND,20220920,11:57,18845.80,18863.70,18845.40,18855.15,56,0
NESTLEIND,20220920,11:58,18850.50,18855.15,18840.70,18849.35,66,0
NESTLEIND,20220920,11:59,18845.00,18845.00,18832.00,18832.00,46,0
NESTLEIND,20220920,12:00,18834.75,18852.95,18833.30,18848.95,95,0
NESTLEIND,20220920,12:01,18848.95,18848.95,18822.90,18831.05,202,0
NESTLEIND,20220920,12:02,18827.30,18836.25,18792.15,18808.05,555,0
NESTLEIND,20220920,12:03,18804.45,18810.85,18794.00,18800.00,222,0
NESTLEIND,20220920,12:04,18800.00,18806.25,18796.75,18800.00,294,0
NESTLEIND,20220920,12:05,18800.00,18809.00,18771.85,18774.80,428,0
NESTLEIND,20220920,12:06,18760.80,18773.10,18744.55,18745.45,540,0
NESTLEIND,20220920,12:07,18749.80,18750.00,18740.15,18740.15,221,0
NESTLEIND,20220920,12:08,18740.20,18744.90,18710.25,18737.00,285,0
NESTLEIND,20220920,12:09,18727.80,18741.85,18727.80,18740.00,197,0
NESTLEIND,20220920,12:10,18739.10,18739.50,18725.00,18738.85,136,0
NESTLEIND,20220920,12:11,18738.85,18744.40,18727.85,18744.40,83,0
NESTLEIND,20220920,12:12,18744.45,18749.90,18744.30,18749.35,62,0
NESTLEIND,20220920,12:13,18749.35,18749.35,18743.15,18744.80,34,0
NESTLEIND,20220920,12:14,18743.90,18750.80,18743.20,18750.00,361,0
NESTLEIND,20220920,12:15,18747.50,18750.00,18747.00,18750.00,60,0
NESTLEIND,20220920,12:16,18750.00,18750.00,18748.65,18749.00,86,0
NESTLEIND,20220920,12:17,18748.15,18748.15,18738.80,18738.80,221,0
NESTLEIND,20220920,12:18,18738.80,18738.80,18723.85,18733.90,176,0
NESTLEIND,20220920,12:19,18729.25,18743.65,18724.90,18735.55,260,0
NESTLEIND,20220920,12:20,18730.80,18739.55,18720.20,18737.85,146,0
NESTLEIND,20220920,12:21,18734.10,18734.45,18723.95,18724.95,129,0
NESTLEIND,20220920,12:22,18724.95,18725.00,18712.95,18724.95,151,0
NESTLEIND,20220920,12:23,18724.00,18729.95,18724.00,18725.10,353,0
NESTLEIND,20220920,12:24,18722.20,18729.95,18722.20,18729.95,277,0
NESTLEIND,20220920,12:25,18728.65,18739.05,18720.00,18726.70,445,0
NESTLEIND,20220920,12:26,18726.55,18743.90,18721.90,18722.70,482,0
NESTLEIND,20220920,12:27,18724.95,18743.95,18723.75,18730.45,589,0
NESTLEIND,20220920,12:28,18733.55,18745.00,18731.45,18745.00,38,0
NESTLEIND,20220920,12:29,18740.25,18756.95,18735.65,18737.90,339,0
NESTLEIND,20220920,12:30,18737.90,18737.90,18725.00,18734.45,276,0
NESTLEIND,20220920,12:31,18734.85,18738.00,18724.45,18736.80,158,0
NESTLEIND,20220920,12:32,18737.65,18737.65,18725.00,18725.00,344,0
NESTLEIND,20220920,12:33,18717.90,18725.00,18717.90,18723.45,150,0
NESTLEIND,20220920,12:34,18725.00,18725.00,18713.40,18717.00,213,0
NESTLEIND,20220920,12:35,18717.00,18725.00,18715.20,18725.00,290,0
NESTLEIND,20220920,12:36,18724.95,18725.00,18717.25,18723.20,100,0
NESTLEIND,20220920,12:37,18723.20,18744.25,18723.10,18744.20,132,0
NESTLEIND,20220920,12:38,18744.20,18744.90,18724.15,18724.15,114,0
NESTLEIND,20220920,12:39,18741.85,18741.85,18728.50,18736.80,131,0
NESTLEIND,20220920,12:40,18732.95,18743.95,18732.45,18735.60,177,0
NESTLEIND,20220920,12:41,18742.00,18742.90,18728.05,18742.20,299,0
NESTLEIND,20220920,12:42,18741.65,18742.40,18735.20,18739.05,148,0
NESTLEIND,20220920,12:43,18742.00,18743.95,18737.50,18743.85,133,0
NESTLEIND,20220920,12:44,18743.85,18743.85,18727.20,18743.40,982,0
NESTLEIND,20220920,12:45,18732.20,18748.00,18732.20,18748.00,546,0
NESTLEIND,20220920,12:46,18748.00,18771.20,18735.60,18769.40,1604,0
NESTLEIND,20220920,12:47,18763.90,18772.40,18761.80,18771.95,69,0
NESTLEIND,20220920,12:48,18777.80,18780.00,18774.70,18780.00,125,0
NESTLEIND,20220920,12:49,18780.00,18815.45,18777.45,18805.60,418,0
NESTLEIND,20220920,12:50,18797.50,18816.15,18797.50,18811.40,88,0
NESTLEIND,20220920,12:51,18807.25,18809.30,18765.70,18773.25,1548,0
NESTLEIND,20220920,12:52,18772.80,18777.40,18761.55,18773.85,344,0
NESTLEIND,20220920,12:53,18760.00,18777.35,18752.00,18769.75,920,0
NESTLEIND,20220920,12:54,18765.40,18770.85,18759.90,18763.55,1493,0
NESTLEIND,20220920,12:55,18763.55,18763.95,18760.30,18763.95,57,0
NESTLEIND,20220920,12:56,18765.00,18781.05,18765.00,18774.60,116,0
NESTLEIND,20220920,12:57,18774.65,18774.65,18767.60,18767.60,126,0
NESTLEIND,20220920,12:58,18760.00,18777.70,18750.00,18750.00,4338,0
NESTLEIND,20220920,12:59,18750.35,18764.35,18735.25,18745.40,2843,0
NESTLEIND,20220920,13:00,18745.35,18745.85,18740.05,18744.35,111,0
NESTLEIND,20220920,13:01,18740.15,18740.15,18730.00,18735.20,171,0
NESTLEIND,20220920,13:02,18738.75,18738.75,18704.85,18704.85,375,0
NESTLEIND,20220920,13:03,18701.10,18718.15,18700.15,18718.15,336,0
NESTLEIND,20220920,13:04,18718.80,18725.00,18708.90,18714.45,230,0
NESTLEIND,20220920,13:05,18705.00,18721.95,18701.50,18707.20,162,0
NESTLEIND,20220920,13:06,18701.90,18719.40,18700.10,18710.00,137,0
NESTLEIND,20220920,13:07,18700.10,18706.20,18690.00,18695.45,419,0
NESTLEIND,20220920,13:08,18695.45,18709.10,18691.40,18709.10,125,0
NESTLEIND,20220920,13:09,18704.55,18739.95,18704.55,18732.65,231,0
NESTLEIND,20220920,13:10,18732.65,18735.00,18724.55,18724.55,139,0
NESTLEIND,20220920,13:11,18724.50,18724.55,18708.10,18719.25,251,0
NESTLEIND,20220920,13:12,18710.00,18715.30,18696.00,18700.00,757,0
NESTLEIND,20220920,13:13,18698.45,18700.00,18697.00,18699.95,84,0
NESTLEIND,20220920,13:14,18697.90,18700.00,18692.35,18700.00,246,0
NESTLEIND,20220920,13:15,18699.95,18702.00,18699.95,18700.00,362,0
NESTLEIND,20220920,13:16,18700.00,18705.00,18699.20,18699.85,420,0
NESTLEIND,20220920,13:17,18693.75,18700.70,18691.05,18700.70,92,0
NESTLEIND,20220920,13:18,18692.70,18700.70,18688.70,18700.70,166,0
NESTLEIND,20220920,13:19,18700.70,18702.00,18697.10,18702.00,174,0
NESTLEIND,20220920,13:20,18702.00,18702.00,18698.50,18699.00,272,0
NESTLEIND,20220920,13:21,18698.00,18700.00,18698.00,18700.00,104,0
NESTLEIND,20220920,13:22,18700.00,18700.35,18695.00,18700.35,134,0
NESTLEIND,20220920,13:23,18700.35,18700.35,18696.00,18699.85,210,0
NESTLEIND,20220920,13:24,18700.00,18702.00,18699.10,18699.95,1018,0
NESTLEIND,20220920,13:25,18700.00,18700.40,18688.45,18691.95,235,0
NESTLEIND,20220920,13:26,18688.45,18700.00,18688.45,18692.20,293,0
NESTLEIND,20220920,13:27,18698.75,18700.00,18692.35,18692.40,68,0
NESTLEIND,20220920,13:28,18696.50,18697.75,18692.40,18696.30,67,0
NESTLEIND,20220920,13:29,18696.35,18700.00,18692.00,18692.00,141,0
NESTLEIND,20220920,13:30,18690.90,18694.35,18687.05,18690.00,107,0
NESTLEIND,20220920,13:31,18687.45,18688.65,18660.10,18660.10,373,0
NESTLEIND,20220920,13:32,18660.00,18688.85,18658.15,18678.55,490,0
NESTLEIND,20220920,13:33,18678.55,18690.00,18678.55,18682.65,91,0
NESTLEIND,20220920,13:34,18689.90,18689.90,18673.75,18679.55,186,0
NESTLEIND,20220920,13:35,18673.75,18685.70,18673.75,18685.70,71,0
NESTLEIND,20220920,13:36,18675.50,18690.00,18675.50,18688.90,79,0
NESTLEIND,20220920,13:37,18687.75,18689.90,18678.55,18685.70,60,0
NESTLEIND,20220920,13:38,18685.60,18690.00,18675.30,18675.30,124,0
NESTLEIND,20220920,13:39,18683.00,18683.00,18670.75,18678.85,80,0
NESTLEIND,20220920,13:40,18679.70,18680.00,18671.15,18677.95,353,0
NESTLEIND,20220920,13:41,18677.95,18695.40,18676.00,18686.55,104,0
NESTLEIND,20220920,13:42,18692.40,18692.40,18682.55,18687.00,60,0
NESTLEIND,20220920,13:43,18692.00,18692.10,18687.25,18687.40,63,0
NESTLEIND,20220920,13:44,18689.75,18700.00,18687.45,18694.25,65,0
NESTLEIND,20220920,13:45,18697.05,18700.00,18694.55,18700.00,91,0
NESTLEIND,20220920,13:46,18697.50,18700.00,18690.05,18690.05,223,0
NESTLEIND,20220920,13:47,18697.15,18697.15,18672.80,18692.55,194,0
NESTLEIND,20220920,13:48,18692.55,18693.95,18673.00,18673.00,108,0
NESTLEIND,20220920,13:49,18676.45,18680.00,18673.65,18679.95,86,0
NESTLEIND,20220920,13:50,18675.50,18680.00,18673.00,18673.50,200,0
NESTLEIND,20220920,13:51,18675.00,18675.00,18660.90,18662.90,185,0
NESTLEIND,20220920,13:52,18662.90,18676.00,18660.25,18675.40,235,0
NESTLEIND,20220920,13:53,18676.00,18676.00,18660.25,18660.25,176,0
NESTLEIND,20220920,13:54,18665.80,18675.00,18662.05,18670.05,113,0
NESTLEIND,20220920,13:55,18670.00,18675.00,18660.70,18671.05,140,0
NESTLEIND,20220920,13:56,18671.15,18680.00,18665.05,18671.00,3733,0
NESTLEIND,20220920,13:57,18675.00,18675.00,18665.70,18675.00,258,0
NESTLEIND,20220920,13:58,18675.00,18679.00,18655.00,18662.60,511,0
NESTLEIND,20220920,13:59,18660.00,18675.95,18655.40,18660.00,410,0
NESTLEIND,20220920,14:00,18660.00,18660.00,18655.00,18658.00,139,0
NESTLEIND,20220920,14:01,18658.00,18658.00,18640.00,18646.80,426,0
NESTLEIND,20220920,14:02,18656.15,18660.00,18649.40,18656.45,313,0
NESTLEIND,20220920,14:03,18658.00,18658.00,18651.45,18651.45,107,0
NESTLEIND,20220920,14:04,18655.05,18664.45,18650.10,18650.10,366,0
NESTLEIND,20220920,14:05,18659.00,18659.45,18651.20,18657.95,87,0
NESTLEIND,20220920,14:06,18658.00,18658.00,18651.35,18651.40,74,0
NESTLEIND,20220920,14:07,18654.55,18657.35,18645.00,18655.90,196,0
NESTLEIND,20220920,14:08,18655.85,18658.00,18650.90,18654.65,99,0
NESTLEIND,20220920,14:09,18658.00,18659.00,18654.85,18658.15,165,0
NESTLEIND,20220920,14:10,18659.00,18659.00,18654.00,18654.10,128,0
NESTLEIND,20220920,14:11,18663.20,18666.50,18645.05,18645.05,357,0
NESTLEIND,20220920,14:12,18653.25,18666.95,18652.90,18666.95,227,0
NESTLEIND,20220920,14:13,18666.95,18669.15,18659.55,18667.00,71,0
NESTLEIND,20220920,14:14,18667.00,18672.15,18656.60,18672.15,137,0
NESTLEIND,20220920,14:15,18669.50,18705.00,18669.50,18694.45,178,0
NESTLEIND,20220920,14:16,18700.00,18700.00,18679.35,18699.25,136,0
NESTLEIND,20220920,14:17,18699.00,18699.00,18680.55,18683.45,135,0
NESTLEIND,20220920,14:18,18691.90,18697.95,18684.25,18686.35,140,0
NESTLEIND,20220920,14:19,18685.05,18692.00,18682.55,18685.65,116,0
NESTLEIND,20220920,14:20,18691.90,18729.00,18691.90,18729.00,69,0
NESTLEIND,20220920,14:21,18735.00,18750.00,18729.10,18740.05,174,0
NESTLEIND,20220920,14:22,18740.00,18742.25,18700.30,18704.65,413,0
NESTLEIND,20220920,14:23,18701.05,18701.05,18675.45,18683.65,505,0
NESTLEIND,20220920,14:24,18683.65,18683.65,18673.85,18676.80,354,0
NESTLEIND,20220920,14:25,18676.80,18677.00,18670.35,18673.60,88,0
NESTLEIND,20220920,14:26,18677.00,18677.00,18670.00,18677.00,151,0
NESTLEIND,20220920,14:27,18677.00,18677.00,18673.25,18675.00,75,0
NESTLEIND,20220920,14:28,18675.00,18680.00,18674.90,18675.00,822,0
NESTLEIND,20220920,14:29,18675.00,18675.00,18661.70,18672.10,186,0
NESTLEIND,20220920,14:30,18664.10,18675.00,18664.10,18675.00,61,0
NESTLEIND,20220920,14:31,18675.00,18675.00,18670.10,18674.30,138,0
NESTLEIND,20220920,14:32,18675.00,18675.00,18670.00,18675.00,255,0
NESTLEIND,20220920,14:33,18675.00,18675.00,18670.20,18675.00,51,0
NESTLEIND,20220920,14:34,18675.00,18675.00,18665.00,18675.00,83,0
NESTLEIND,20220920,14:35,18675.00,18675.00,18655.55,18665.00,306,0
NESTLEIND,20220920,14:36,18665.00,18668.35,18655.25,18665.00,431,0
NESTLEIND,20220920,14:37,18661.20,18664.90,18658.80,18660.00,121,0
NESTLEIND,20220920,14:38,18660.00,18660.00,18656.00,18659.55,293,0
NESTLEIND,20220920,14:39,18658.00,18658.00,18644.75,18646.20,350,0
NESTLEIND,20220920,14:40,18653.80,18672.90,18653.80,18672.25,466,0
NESTLEIND,20220920,14:41,18667.35,18686.15,18667.35,18686.15,76,0
NESTLEIND,20220920,14:42,18686.65,18690.00,18681.95,18690.00,78,0
NESTLEIND,20220920,14:43,18690.00,18690.00,18654.05,18672.90,1392,0
NESTLEIND,20220920,14:44,18658.50,18665.60,18650.90,18658.00,310,0
NESTLEIND,20220920,14:45,18658.00,18658.35,18655.70,18658.00,181,0
NESTLEIND,20220920,14:46,18658.00,18659.55,18653.00,18653.00,624,0
NESTLEIND,20220920,14:47,18658.00,18658.00,18634.90,18644.05,301,0
NESTLEIND,20220920,14:48,18640.00,18652.00,18640.00,18652.00,65,0
NESTLEIND,20220920,14:49,18651.95,18651.95,18645.15,18646.05,175,0
NESTLEIND,20220920,14:50,18648.40,18651.60,18646.00,18649.70,78,0
NESTLEIND,20220920,14:51,18649.75,18652.00,18643.95,18650.40,96,0
NESTLEIND,20220920,14:52,18651.00,18652.00,18645.05,18652.00,70,0
NESTLEIND,20220920,14:53,18650.05,18659.65,18650.05,18658.00,90,0
NESTLEIND,20220920,14:54,18658.00,18658.00,18652.35,18658.00,181,0
NESTLEIND,20220920,14:55,18652.75,18658.00,18652.75,18658.00,73,0
NESTLEIND,20220920,14:56,18654.25,18658.00,18645.40,18655.00,219,0
NESTLEIND,20220920,14:57,18655.00,18658.00,18651.55,18658.00,184,0
NESTLEIND,20220920,14:58,18654.00,18658.00,18653.15,18658.00,123,0
NESTLEIND,20220920,14:59,18658.00,18658.00,18653.35,18658.00,63,0
NESTLEIND,20220920,15:00,18658.00,18658.35,18654.10,18658.35,101,0
NESTLEIND,20220920,15:01,18658.00,18658.00,18641.10,18642.40,373,0
NESTLEIND,20220920,15:02,18642.40,18647.40,18622.55,18622.55,351,0
NESTLEIND,20220920,15:03,18622.00,18658.00,18610.05,18644.75,757,0
NESTLEIND,20220920,15:04,18644.75,18658.00,18634.00,18658.00,275,0
NESTLEIND,20220920,15:05,18649.75,18660.00,18629.30,18629.30,799,0
NESTLEIND,20220920,15:06,18629.30,18633.95,18612.65,18620.10,155,0
NESTLEIND,20220920,15:07,18620.10,18620.10,18612.00,18612.00,305,0
NESTLEIND,20220920,15:08,18610.00,18610.00,18575.10,18575.45,551,0
NESTLEIND,20220920,15:09,18583.00,18628.80,18583.00,18620.95,471,0
NESTLEIND,20220920,15:10,18628.70,18628.70,18602.60,18604.85,250,0
NESTLEIND,20220920,15:11,18604.70,18612.55,18604.70,18612.55,268,0
NESTLEIND,20220920,15:12,18612.55,18612.95,18591.40,18591.50,329,0
NESTLEIND,20220920,15:13,18599.10,18600.00,18589.95,18600.00,369,0
NESTLEIND,20220920,15:14,18594.35,18613.70,18594.35,18613.70,226,0
NESTLEIND,20220920,15:15,18606.50,18613.70,18600.00,18607.85,379,0
NESTLEIND,20220920,15:16,18607.25,18608.25,18591.15,18600.00,549,0
NESTLEIND,20220920,15:17,18600.05,18609.90,18600.05,18608.00,232,0
NESTLEIND,20220920,15:18,18608.00,18614.00,18604.30,18614.00,495,0
NESTLEIND,20220920,15:19,18617.45,18628.45,18604.45,18604.65,396,0
NESTLEIND,20220920,15:20,18608.60,18616.40,18600.00,18606.95,379,0
NESTLEIND,20220920,15:21,18600.05,18606.95,18600.00,18600.00,601,0
NESTLEIND,20220920,15:22,18600.00,18602.90,18600.00,18600.25,203,0
NESTLEIND,20220920,15:23,18600.25,18600.55,18600.00,18600.00,343,0
NESTLEIND,20220920,15:24,18600.25,18601.35,18600.00,18601.25,368,0
NESTLEIND,20220920,15:25,18601.75,18621.95,18601.75,18621.95,264,0
NESTLEIND,20220920,15:26,18622.10,18638.95,18621.95,18632.50,230,0
NESTLEIND,20220920,15:27,18649.95,18649.95,18626.95,18639.35,489,0
NESTLEIND,20220920,15:28,18640.00,18643.60,18619.75,18619.75,483,0
NESTLEIND,20220920,15:29,18627.70,18635.40,18605.25,18605.25,371,0
NESTLEIND,20220920,15:30,18590.85,18630.85,18590.85,18622.35,44,0
NESTLEIND,20220920,15:32,18616.65,18616.65,18616.65,18616.65,0,0
NESTLEIND,20220920,15:45,18616.65,18616.65,18616.65,18616.65,1,0
NESTLEIND,20220920,16:56,18616.65,18616.65,18616.65,18616.65,0,0
