WIPRO_F1,20171107,09:16,299.4,300.25,299.4,300,52800
WIPRO_F1,20171107,09:17,300.05,300.05,299.8,300,16800
WIPRO_F1,20171107,09:18,299.85,300.55,299.85,300.55,36000
WIPRO_F1,20171107,09:19,300,300.5,300,300.1,24000
WIPRO_F1,20171107,09:20,300.75,300.8,300.5,300.7,33600
WIPRO_F1,20171107,09:21,300.7,301,300.5,300.9,48000
WIPRO_F1,20171107,09:22,300.65,300.95,300.4,300.95,14400
WIPRO_F1,20171107,09:23,300.95,301.1,300.8,301.1,19200
WIPRO_F1,20171107,09:24,301.3,302.4,301.3,302.2,55200
WIPRO_F1,20171107,09:25,301.9,302,301.9,302,38400
WIPRO_F1,20171107,09:26,302,302.2,301.9,302.2,16800
WIPRO_F1,20171107,09:27,302.2,302.4,302.05,302.05,16800
WIPRO_F1,20171107,09:28,302,302.05,301.9,302,40800
WIPRO_F1,20171107,09:29,302.2,302.35,302.2,302.25,16800
WIPRO_F1,20171107,09:30,302.1,302.1,302,302.05,12000
WIPRO_F1,20171107,09:31,302.2,302.2,302,302,12000
WIPRO_F1,20171107,09:32,302.35,302.5,302.1,302.4,33600
WIPRO_F1,20171107,09:33,302.35,302.45,302.3,302.3,21600
WIPRO_F1,20171107,09:34,302.1,302.1,302,302,12000
WIPRO_F1,20171107,09:35,302.15,302.3,302.15,302.15,19200
WIPRO_F1,20171107,09:36,302,302.15,302,302.05,7200
WIPRO_F1,20171107,09:37,302,302.2,302,302.15,9600
WIPRO_F1,20171107,09:38,302.15,302.15,302,302,7200
WIPRO_F1,20171107,09:39,302.3,302.5,302.3,302.3,40800
WIPRO_F1,20171107,09:40,302.35,302.45,302.35,302.35,7200
WIPRO_F1,20171107,09:41,302.2,302.2,302.1,302.1,7200
WIPRO_F1,20171107,09:42,302.25,302.25,302.15,302.15,16800
WIPRO_F1,20171107,09:43,302.7,303.35,302.7,303.2,158400
WIPRO_F1,20171107,09:44,303.25,303.65,303.2,303.65,60000
WIPRO_F1,20171107,09:45,303.8,303.85,303.4,303.5,112800
WIPRO_F1,20171107,09:46,303.25,304.1,303.25,303.75,120000
WIPRO_F1,20171107,09:47,303.7,303.8,303.5,303.65,76800
WIPRO_F1,20171107,09:48,303.85,303.95,303.6,303.6,33600
WIPRO_F1,20171107,09:49,303.75,304.5,303.75,304.5,60000
WIPRO_F1,20171107,09:50,304.55,304.55,303.7,303.7,67200
WIPRO_F1,20171107,09:51,303.85,303.85,303.8,303.8,9600
WIPRO_F1,20171107,09:52,303.8,303.8,303.1,303.25,40800
WIPRO_F1,20171107,09:53,303.3,303.7,303.3,303.7,43200
WIPRO_F1,20171107,09:54,303.5,303.5,303.35,303.5,19200
WIPRO_F1,20171107,09:55,303.25,303.45,303.2,303.25,19200
WIPRO_F1,20171107,09:56,303.1,303.1,302.95,303.1,28800
WIPRO_F1,20171107,09:57,303.05,303.45,303.05,303.35,31200
WIPRO_F1,20171107,09:58,303.35,303.45,303.35,303.45,12000
WIPRO_F1,20171107,09:59,303.6,303.8,303.6,303.8,31200
WIPRO_F1,20171107,10:00,303.65,304.15,303.65,304.15,24000
WIPRO_F1,20171107,10:01,304.2,304.3,304.2,304.25,36000
WIPRO_F1,20171107,10:02,303.8,303.8,303.45,303.8,64800
WIPRO_F1,20171107,10:03,303.7,303.95,303.7,303.85,14400
WIPRO_F1,20171107,10:04,303.95,304,303.55,303.65,31200
WIPRO_F1,20171107,10:05,303.75,303.85,303.75,303.85,16800
WIPRO_F1,20171107,10:06,303.6,303.75,303.6,303.7,9600
WIPRO_F1,20171107,10:07,303.8,304.2,303.75,304.2,24000
WIPRO_F1,20171107,10:08,303.9,304.15,303.9,304.15,19200
WIPRO_F1,20171107,10:09,304.05,304.05,303.95,304,40800
WIPRO_F1,20171107,10:10,304,304.3,304,304.3,57600
WIPRO_F1,20171107,10:11,304.3,304.35,304.2,304.2,52800
WIPRO_F1,20171107,10:12,304.2,304.65,304.2,304.2,129600
WIPRO_F1,20171107,10:13,304.25,304.35,304.25,304.3,38400
WIPRO_F1,20171107,10:14,304.2,304.5,304.2,304.2,26400
WIPRO_F1,20171107,10:15,304.45,304.45,304.35,304.4,48000
WIPRO_F1,20171107,10:16,304.3,305,304.3,304.95,146400
WIPRO_F1,20171107,10:17,304.75,304.9,304.55,304.55,124800
WIPRO_F1,20171107,10:18,304.5,304.5,304,304,79200
WIPRO_F1,20171107,10:19,303.8,304,303.8,304,24000
WIPRO_F1,20171107,10:20,304.15,304.2,304,304,7200
WIPRO_F1,20171107,10:21,303.9,303.95,303.9,303.9,7200
WIPRO_F1,20171107,10:22,303.9,304.5,303.9,304.2,19200
WIPRO_F1,20171107,10:23,304.3,304.3,304,304,36000
WIPRO_F1,20171107,10:24,303.9,303.9,303.65,303.7,24000
WIPRO_F1,20171107,10:25,303.75,303.85,303.65,303.75,14400
WIPRO_F1,20171107,10:26,303.5,303.65,303.1,303.1,43200
WIPRO_F1,20171107,10:27,303.35,303.35,303,303,26400
WIPRO_F1,20171107,10:28,303,303.15,303,303.15,19200
WIPRO_F1,20171107,10:29,303,303,302.7,302.85,26400
WIPRO_F1,20171107,10:30,302.65,302.9,302.65,302.75,12000
WIPRO_F1,20171107,10:31,302.85,302.85,302.7,302.75,14400
WIPRO_F1,20171107,10:32,302.7,302.7,302.35,302.35,21600
WIPRO_F1,20171107,10:33,302.5,302.5,302.5,302.5,12000
WIPRO_F1,20171107,10:34,302.45,302.75,302.45,302.75,16800
WIPRO_F1,20171107,10:35,303,303.35,303,303.35,12000
WIPRO_F1,20171107,10:36,303.35,303.4,303.1,303.4,43200
WIPRO_F1,20171107,10:37,303.5,303.5,303.45,303.45,7200
WIPRO_F1,20171107,10:38,303.55,303.75,303.55,303.6,19200
WIPRO_F1,20171107,10:39,303.5,303.8,303.4,303.8,28800
WIPRO_F1,20171107,10:40,303.9,303.9,303.6,303.65,24000
WIPRO_F1,20171107,10:41,303.8,303.8,303.7,303.7,4800
WIPRO_F1,20171107,10:42,303.5,303.5,303.5,303.5,7200
WIPRO_F1,20171107,10:43,303.6,303.6,303.5,303.5,14400
WIPRO_F1,20171107,10:44,303.75,303.75,303.75,303.75,2400
WIPRO_F1,20171107,10:45,303.5,303.65,303.5,303.65,9600
WIPRO_F1,20171107,10:46,303.6,303.75,303.6,303.75,9600
WIPRO_F1,20171107,10:47,303.55,303.55,303.5,303.5,7200
WIPRO_F1,20171107,10:48,303.55,303.75,303.55,303.75,4800
WIPRO_F1,20171107,10:49,303.55,303.65,303.55,303.65,9600
WIPRO_F1,20171107,10:50,303.8,304.05,303.8,303.85,36000
WIPRO_F1,20171107,10:51,303.8,304.05,303.8,303.85,19200
WIPRO_F1,20171107,10:52,304,304,304,304,4800
WIPRO_F1,20171107,10:53,304.2,304.6,304.15,304.55,64800
WIPRO_F1,20171107,10:54,304.5,304.8,304.4,304.6,33600
WIPRO_F1,20171107,10:55,304.7,305.45,304.7,305.4,136800
WIPRO_F1,20171107,10:56,305.5,305.75,305.2,305.2,108000
WIPRO_F1,20171107,10:57,305.25,305.35,305.2,305.35,19200
WIPRO_F1,20171107,10:58,305.2,305.7,305.2,305.7,57600
WIPRO_F1,20171107,10:59,305.75,305.75,305.55,305.55,31200
WIPRO_F1,20171107,11:00,305.5,305.65,305.45,305.5,31200
WIPRO_F1,20171107,11:01,305.6,305.65,305.5,305.6,31200
WIPRO_F1,20171107,11:02,305.65,306.1,305.6,306.05,256800
WIPRO_F1,20171107,11:03,306.25,306.85,306.15,306.7,208800
WIPRO_F1,20171107,11:04,306.6,306.85,306.25,306.35,72000
WIPRO_F1,20171107,11:05,306.25,307,305.8,307,172800
WIPRO_F1,20171107,11:06,307.25,307.6,306.9,307.45,194400
WIPRO_F1,20171107,11:07,307.45,307.95,307.25,307.85,129600
WIPRO_F1,20171107,11:08,308.1,308.4,308,308.2,168000
WIPRO_F1,20171107,11:09,308.3,308.7,308.3,308.7,211200
WIPRO_F1,20171107,11:10,308.75,308.8,308.2,308.3,122400
WIPRO_F1,20171107,11:11,308.3,308.95,308.15,308.85,100800
WIPRO_F1,20171107,11:12,308.95,309.2,308.6,308.95,141600
WIPRO_F1,20171107,11:13,308.95,308.95,308.35,308.65,100800
WIPRO_F1,20171107,11:14,308.65,309.35,308.65,308.8,110400
WIPRO_F1,20171107,11:15,308.95,309,308.3,308.3,165600
WIPRO_F1,20171107,11:16,308.25,308.25,307.6,308.15,146400
WIPRO_F1,20171107,11:17,308.2,308.2,307.45,307.5,177600
WIPRO_F1,20171107,11:18,307.45,307.9,307.45,307.8,12000
WIPRO_F1,20171107,11:19,307.8,308.2,307.7,308.15,57600
WIPRO_F1,20171107,11:20,307.9,308,307.9,307.95,12000
WIPRO_F1,20171107,11:21,308.35,308.55,308.1,308.5,103200
WIPRO_F1,20171107,11:22,308.6,308.85,308.4,308.8,40800
WIPRO_F1,20171107,11:23,308.8,309.1,308.7,308.8,182400
WIPRO_F1,20171107,11:24,308.95,309.15,308.7,309,79200
WIPRO_F1,20171107,11:25,309.2,309.2,308.85,309.1,141600
WIPRO_F1,20171107,11:26,309.2,309.4,308.9,309.2,127200
WIPRO_F1,20171107,11:27,309.3,309.5,309.2,309.35,136800
WIPRO_F1,20171107,11:28,309.35,309.35,308.55,308.7,124800
WIPRO_F1,20171107,11:29,308.65,308.65,308.1,308.1,43200
WIPRO_F1,20171107,11:30,308.1,308.1,307.75,307.95,60000
WIPRO_F1,20171107,11:31,308.1,308.25,307.85,308.05,24000
WIPRO_F1,20171107,11:32,308,308.25,307.85,308.25,38400
WIPRO_F1,20171107,11:33,308.05,308.25,308.05,308.1,9600
WIPRO_F1,20171107,11:34,308.05,308.15,307.9,308.15,26400
WIPRO_F1,20171107,11:35,307.9,307.95,307.6,307.65,55200
WIPRO_F1,20171107,11:36,307.7,307.7,307.2,307.5,57600
WIPRO_F1,20171107,11:37,307.25,307.45,307.2,307.45,38400
WIPRO_F1,20171107,11:38,307,307.15,306.75,306.95,76800
WIPRO_F1,20171107,11:39,306.75,307.1,306.75,307.1,16800
WIPRO_F1,20171107,11:40,307,307.45,307,307.45,19200
WIPRO_F1,20171107,11:41,307.65,307.65,307.4,307.4,19200
WIPRO_F1,20171107,11:42,307.1,307.3,307.1,307.3,12000
WIPRO_F1,20171107,11:43,307.2,307.25,307.1,307.1,7200
WIPRO_F1,20171107,11:44,307.35,307.35,307.05,307.05,14400
WIPRO_F1,20171107,11:45,307,307.05,306.9,306.9,16800
WIPRO_F1,20171107,11:46,307,307,306.65,306.7,16800
WIPRO_F1,20171107,11:47,306.95,307.05,306.95,307,19200
WIPRO_F1,20171107,11:48,307.1,307.5,307.1,307.5,52800
WIPRO_F1,20171107,11:49,307.65,307.7,307.65,307.7,7200
WIPRO_F1,20171107,11:50,307.5,307.5,307.5,307.5,4800
WIPRO_F1,20171107,11:51,307.6,308,307.6,307.85,12000
WIPRO_F1,20171107,11:52,308,308.2,308,308.2,12000
WIPRO_F1,20171107,11:53,308.25,308.5,308.25,308.5,57600
WIPRO_F1,20171107,11:54,308.5,308.6,308.4,308.45,24000
WIPRO_F1,20171107,11:55,308.5,308.55,308,308.35,40800
WIPRO_F1,20171107,11:56,308.1,308.35,308,308,28800
WIPRO_F1,20171107,11:57,307.7,307.7,307.5,307.55,9600
WIPRO_F1,20171107,11:58,307.4,307.7,307.4,307.45,26400
WIPRO_F1,20171107,11:59,307.65,307.65,307.6,307.6,4800
WIPRO_F1,20171107,12:00,307.55,307.85,307.55,307.85,14400
WIPRO_F1,20171107,12:01,307.7,307.7,307.45,307.6,9600
WIPRO_F1,20171107,12:02,307.6,307.6,307.6,307.6,2400
WIPRO_F1,20171107,12:03,307.5,307.5,307.35,307.35,7200
WIPRO_F1,20171107,12:04,307.4,307.4,307,307,19200
WIPRO_F1,20171107,12:05,307.15,307.25,307.15,307.2,16800
WIPRO_F1,20171107,12:06,307.15,307.15,307,307,12000
WIPRO_F1,20171107,12:07,307.15,307.15,307.05,307.05,24000
WIPRO_F1,20171107,12:08,307,307,307,307,7200
WIPRO_F1,20171107,12:09,307.1,307.1,306.95,307,28800
WIPRO_F1,20171107,12:10,307,307.05,306.8,306.8,14400
WIPRO_F1,20171107,12:11,306.75,306.8,306.55,306.8,33600
WIPRO_F1,20171107,12:12,306.9,307.1,306.9,307.05,19200
WIPRO_F1,20171107,12:13,307.2,307.25,307.1,307.2,26400
WIPRO_F1,20171107,12:14,307,307.15,307,307.1,14400
WIPRO_F1,20171107,12:15,307.25,307.45,307.25,307.45,12000
WIPRO_F1,20171107,12:16,307.25,307.25,307.25,307.25,7200
WIPRO_F1,20171107,12:17,307.25,307.25,306.95,306.95,19200
WIPRO_F1,20171107,12:18,306.9,306.9,306.9,306.9,7200
WIPRO_F1,20171107,12:20,306.8,306.8,306.8,306.8,2400
WIPRO_F1,20171107,12:21,306.85,306.9,306.3,306.3,67200
WIPRO_F1,20171107,12:22,306.45,306.5,306.35,306.5,14400
WIPRO_F1,20171107,12:23,306.45,306.7,306.45,306.55,9600
WIPRO_F1,20171107,12:24,306.5,306.7,306.5,306.6,16800
WIPRO_F1,20171107,12:25,306.55,306.7,306.55,306.7,7200
WIPRO_F1,20171107,12:26,306.5,306.5,306.5,306.5,4800
WIPRO_F1,20171107,12:27,306.45,306.45,306.4,306.4,9600
WIPRO_F1,20171107,12:28,306.45,306.55,306.45,306.55,7200
WIPRO_F1,20171107,12:29,306.55,306.55,306.45,306.45,7200
WIPRO_F1,20171107,12:30,306.3,306.3,306.1,306.1,14400
WIPRO_F1,20171107,12:31,306.2,306.2,305.15,305.55,134400
WIPRO_F1,20171107,12:32,305.5,305.5,305.35,305.4,21600
WIPRO_F1,20171107,12:33,305.3,305.4,305.3,305.4,33600
WIPRO_F1,20171107,12:34,305.45,305.45,304.85,304.95,60000
WIPRO_F1,20171107,12:35,305,305.2,304.9,304.95,64800
WIPRO_F1,20171107,12:36,304.9,304.9,304.55,304.65,28800
WIPRO_F1,20171107,12:37,304.75,304.75,303.15,304.35,261600
WIPRO_F1,20171107,12:38,304.55,304.55,303.95,303.95,115200
WIPRO_F1,20171107,12:39,304.2,304.2,303.95,304.15,14400
WIPRO_F1,20171107,12:40,304.25,304.3,304.1,304.3,38400
WIPRO_F1,20171107,12:41,304.2,304.2,304,304,31200
WIPRO_F1,20171107,12:42,304.05,304.65,303.95,304.3,33600
WIPRO_F1,20171107,12:43,304.1,304.4,304.1,304.4,28800
WIPRO_F1,20171107,12:44,304.5,304.6,304.5,304.6,7200
WIPRO_F1,20171107,12:45,304.65,304.95,304.65,304.95,31200
WIPRO_F1,20171107,12:46,304.95,305.4,304.95,305.4,28800
WIPRO_F1,20171107,12:47,305.15,305.15,305.15,305.15,9600
WIPRO_F1,20171107,12:48,305,305.35,305,305.1,36000
WIPRO_F1,20171107,12:49,304.75,305,304.75,305,14400
WIPRO_F1,20171107,12:50,305.1,305.1,305.1,305.1,2400
WIPRO_F1,20171107,12:51,305.1,305.1,305,305,4800
WIPRO_F1,20171107,12:52,305,305.05,305,305.05,7200
WIPRO_F1,20171107,12:53,305,305,305,305,7200
WIPRO_F1,20171107,12:54,305.1,305.35,305.1,305.35,7200
WIPRO_F1,20171107,12:55,305.5,305.5,305.5,305.5,2400
WIPRO_F1,20171107,12:56,305.3,305.5,305.3,305.5,9600
WIPRO_F1,20171107,12:57,305.4,305.4,305.1,305.15,16800
WIPRO_F1,20171107,12:58,305.45,305.7,305.3,305.55,36000
WIPRO_F1,20171107,12:59,305.55,305.55,305.4,305.4,9600
WIPRO_F1,20171107,13:02,305.05,305.05,304.9,305,9600
WIPRO_F1,20171107,13:03,305.3,305.3,305.1,305.3,28800
WIPRO_F1,20171107,13:04,305.35,305.35,304.8,304.8,21600
WIPRO_F1,20171107,13:05,304.75,304.75,304.5,304.5,7200
WIPRO_F1,20171107,13:06,304.3,304.3,304.05,304.05,14400
WIPRO_F1,20171107,13:07,304,304.2,303.95,304.15,12000
WIPRO_F1,20171107,13:08,304.1,304.1,304,304,16800
WIPRO_F1,20171107,13:09,303.9,303.9,303.6,303.6,33600
WIPRO_F1,20171107,13:10,303.55,303.55,303.3,303.45,31200
WIPRO_F1,20171107,13:11,303.5,303.5,303.3,303.3,33600
WIPRO_F1,20171107,13:12,303.3,304,303.3,304,50400
WIPRO_F1,20171107,13:13,303.6,303.6,303.3,303.55,28800
WIPRO_F1,20171107,13:14,303.7,303.75,303.7,303.75,4800
WIPRO_F1,20171107,13:15,303.8,303.8,303.8,303.8,2400
WIPRO_F1,20171107,13:16,303.7,303.7,303.5,303.5,16800
WIPRO_F1,20171107,13:17,303.55,303.55,303.55,303.55,2400
WIPRO_F1,20171107,13:18,303.6,303.65,303.5,303.5,14400
WIPRO_F1,20171107,13:19,303.6,303.7,303.45,303.45,16800
WIPRO_F1,20171107,13:20,303.3,303.4,303.2,303.2,12000
WIPRO_F1,20171107,13:21,303.3,303.3,303.05,303.05,31200
WIPRO_F1,20171107,13:22,303.15,303.15,303,303,45600
WIPRO_F1,20171107,13:23,303.45,303.45,303.15,303.25,55200
WIPRO_F1,20171107,13:24,303.2,303.35,303.2,303.35,9600
WIPRO_F1,20171107,13:25,303.5,303.6,303.5,303.6,4800
WIPRO_F1,20171107,13:26,303.65,303.9,303.65,303.9,9600
WIPRO_F1,20171107,13:27,304,304.2,304,304.2,16800
WIPRO_F1,20171107,13:28,304.3,304.4,304.3,304.3,14400
WIPRO_F1,20171107,13:29,304.45,304.45,304.3,304.4,9600
WIPRO_F1,20171107,13:30,304.35,304.4,304.35,304.4,4800
WIPRO_F1,20171107,13:31,304.25,304.35,304.25,304.35,7200
WIPRO_F1,20171107,13:32,304.2,304.2,304.2,304.2,2400
WIPRO_F1,20171107,13:33,303.9,303.9,303.9,303.9,4800
WIPRO_F1,20171107,13:35,303.7,303.7,303.55,303.55,12000
WIPRO_F1,20171107,13:36,303.55,303.7,303.5,303.5,9600
WIPRO_F1,20171107,13:37,303.4,303.4,303.35,303.35,7200
WIPRO_F1,20171107,13:38,303.35,303.5,303.35,303.5,16800
WIPRO_F1,20171107,13:39,303.5,303.5,303.35,303.35,4800
WIPRO_F1,20171107,13:40,303.45,303.5,303.3,303.45,9600
WIPRO_F1,20171107,13:41,303.25,303.25,303.2,303.25,9600
WIPRO_F1,20171107,13:42,303.2,303.2,303.1,303.1,24000
WIPRO_F1,20171107,13:43,303.05,303.2,303.05,303.2,9600
WIPRO_F1,20171107,13:44,303.35,303.35,303.3,303.3,4800
WIPRO_F1,20171107,13:45,303.45,304.05,303.45,304.05,24000
WIPRO_F1,20171107,13:46,303.7,303.7,303.55,303.55,9600
WIPRO_F1,20171107,13:47,303.6,303.6,303.6,303.6,2400
WIPRO_F1,20171107,13:48,303.6,303.9,303.6,303.9,9600
WIPRO_F1,20171107,13:49,304,304.35,304,304.35,7200
WIPRO_F1,20171107,13:50,304.5,304.5,304.25,304.3,48000
WIPRO_F1,20171107,13:52,304.6,304.85,304.6,304.85,21600
WIPRO_F1,20171107,13:53,304.75,304.75,304.75,304.75,2400
WIPRO_F1,20171107,13:54,304.85,304.85,304.4,304.4,21600
WIPRO_F1,20171107,13:55,304.3,304.75,304.3,304.55,24000
WIPRO_F1,20171107,13:57,304.85,305.35,304.85,305.35,31200
WIPRO_F1,20171107,13:58,305.35,305.35,305,305,21600
WIPRO_F1,20171107,13:59,305.15,305.15,304.85,304.85,7200
WIPRO_F1,20171107,14:00,304.9,304.9,304.9,304.9,4800
WIPRO_F1,20171107,14:01,304.8,304.8,304.8,304.8,2400
WIPRO_F1,20171107,14:02,304.95,305.1,304.75,304.75,26400
WIPRO_F1,20171107,14:03,304.75,304.75,304.75,304.75,2400
WIPRO_F1,20171107,14:04,304.5,304.5,304.5,304.5,4800
WIPRO_F1,20171107,14:05,304.5,304.5,304.1,304.1,14400
WIPRO_F1,20171107,14:06,304.35,304.55,304.35,304.55,88800
WIPRO_F1,20171107,14:07,304.5,304.5,304.4,304.4,4800
WIPRO_F1,20171107,14:08,304.2,304.2,304.1,304.1,4800
WIPRO_F1,20171107,14:09,304.45,304.45,304.45,304.45,2400
WIPRO_F1,20171107,14:10,304.5,304.7,304.5,304.7,14400
WIPRO_F1,20171107,14:11,304.55,304.55,304.55,304.55,2400
WIPRO_F1,20171107,14:12,304.25,304.25,304.25,304.25,4800
WIPRO_F1,20171107,14:13,304.1,304.2,304.1,304.2,14400
WIPRO_F1,20171107,14:14,304.1,304.1,304.1,304.1,2400
WIPRO_F1,20171107,14:15,304.2,304.2,304.1,304.1,7200
WIPRO_F1,20171107,14:16,304.05,304.1,304.05,304.1,4800
WIPRO_F1,20171107,14:17,303.8,303.85,303.55,303.55,16800
WIPRO_F1,20171107,14:18,303.7,303.7,303.7,303.7,4800
WIPRO_F1,20171107,14:19,303.75,303.75,303.5,303.5,7200
WIPRO_F1,20171107,14:20,303.7,303.85,303.65,303.65,7200
WIPRO_F1,20171107,14:21,303.6,303.6,303.6,303.6,2400
WIPRO_F1,20171107,14:22,303.6,303.7,303.5,303.5,14400
WIPRO_F1,20171107,14:23,303.5,303.5,303.4,303.4,4800
WIPRO_F1,20171107,14:24,303.5,303.6,303.5,303.6,9600
WIPRO_F1,20171107,14:25,303.7,303.7,303.4,303.4,9600
WIPRO_F1,20171107,14:26,303.15,303.15,303.1,303.15,9600
WIPRO_F1,20171107,14:27,303.4,303.95,303.4,303.75,36000
WIPRO_F1,20171107,14:29,303.7,304.15,303.7,304.15,16800
WIPRO_F1,20171107,14:30,304.1,304.1,304.1,304.1,7200
WIPRO_F1,20171107,14:32,304,304.1,304,304.1,7200
WIPRO_F1,20171107,14:33,304.1,304.1,304.05,304.05,7200
WIPRO_F1,20171107,14:35,304.2,304.4,304.2,304.4,4800
WIPRO_F1,20171107,14:36,304.75,304.85,304.7,304.85,24000
WIPRO_F1,20171107,14:37,304.75,305,304.7,305,19200
WIPRO_F1,20171107,14:38,304.95,304.95,304.3,304.3,14400
WIPRO_F1,20171107,14:39,304.5,304.6,304.45,304.6,7200
WIPRO_F1,20171107,14:40,304.45,304.45,304.45,304.45,4800
WIPRO_F1,20171107,14:41,304.5,304.5,304.5,304.5,7200
WIPRO_F1,20171107,14:42,304.65,304.65,304.45,304.5,7200
WIPRO_F1,20171107,14:43,304.45,304.45,304.45,304.45,4800
WIPRO_F1,20171107,14:44,304.55,304.55,304.3,304.3,7200
WIPRO_F1,20171107,14:45,304.25,304.25,304.25,304.25,2400
WIPRO_F1,20171107,14:46,304.4,304.65,304.4,304.65,7200
WIPRO_F1,20171107,14:47,304.75,304.75,304.65,304.75,12000
WIPRO_F1,20171107,14:48,304.8,305,304.8,305,14400
WIPRO_F1,20171107,14:49,305,305,304.85,305,14400
WIPRO_F1,20171107,14:50,304.85,304.9,304.85,304.9,4800
WIPRO_F1,20171107,14:51,304.75,304.75,304.7,304.7,12000
WIPRO_F1,20171107,14:52,304.85,305.2,304.7,305.2,36000
WIPRO_F1,20171107,14:53,305.15,305.15,305,305,14400
WIPRO_F1,20171107,14:54,305.2,305.2,304.9,305.05,9600
WIPRO_F1,20171107,14:55,304.95,305,304.95,305,4800
WIPRO_F1,20171107,14:56,304.9,305,304.9,305,4800
WIPRO_F1,20171107,14:57,305,305,305,305,7200
WIPRO_F1,20171107,14:58,305.1,305.1,305.1,305.1,7200
WIPRO_F1,20171107,14:59,305,305,304.85,304.95,14400
WIPRO_F1,20171107,15:01,305,305,304.9,304.9,19200
WIPRO_F1,20171107,15:02,304.9,304.9,304.8,304.8,43200
WIPRO_F1,20171107,15:03,304.85,305.1,304.85,305.1,26400
WIPRO_F1,20171107,15:04,305.2,305.4,305.15,305.15,31200
WIPRO_F1,20171107,15:05,305.1,305.35,305,305.2,19200
WIPRO_F1,20171107,15:06,305.05,305.35,305.05,305.2,24000
WIPRO_F1,20171107,15:07,305.05,305.35,305,305.35,36000
WIPRO_F1,20171107,15:08,305.1,305.3,304.85,304.85,40800
WIPRO_F1,20171107,15:09,305.05,305.1,304.8,304.8,31200
WIPRO_F1,20171107,15:10,304.85,305.1,304.8,304.95,40800
WIPRO_F1,20171107,15:11,304.9,304.9,304.55,304.65,60000
WIPRO_F1,20171107,15:12,304.65,304.95,304.65,304.8,52800
WIPRO_F1,20171107,15:13,304.5,304.85,304.45,304.6,40800
WIPRO_F1,20171107,15:14,304.6,305,304.6,304.6,60000
WIPRO_F1,20171107,15:15,304.6,304.75,304.5,304.6,28800
WIPRO_F1,20171107,15:16,304.5,304.5,303.5,303.5,100800
WIPRO_F1,20171107,15:17,303.9,304.15,303.4,303.4,105600
WIPRO_F1,20171107,15:18,303.45,304.05,303.45,303.95,38400
WIPRO_F1,20171107,15:19,303.65,304.75,303.65,304.05,98400
WIPRO_F1,20171107,15:20,303.9,304.1,303.5,303.5,96000
WIPRO_F1,20171107,15:21,303.65,303.65,303.25,303.35,38400
WIPRO_F1,20171107,15:22,303.1,303.3,302.85,303.3,81600
WIPRO_F1,20171107,15:23,303.15,303.4,302.6,303.2,69600
WIPRO_F1,20171107,15:24,303.2,303.85,303.2,303.55,50400
WIPRO_F1,20171107,15:25,303.55,304,303.25,303.7,52800
WIPRO_F1,20171107,15:26,303.95,304.3,303.7,303.9,60000
WIPRO_F1,20171107,15:27,304.2,304.25,303.5,303.5,48000
WIPRO_F1,20171107,15:28,303.45,304,303.45,304,28800
WIPRO_F1,20171107,15:29,304,304.45,303.95,304.45,36000
WIPRO_F1,20171107,15:30,304.2,304.2,303.65,303.7,38400
WIPRO_F1,20171107,16:36,304.2,304.2,304.2,304.2,1
