DRREDDY,20190130,09:08,2655.05,2655.05,2655.05,2655.05,550,0
DRREDDY,20190130,09:16,2646.40,2655.00,2642.30,2654.95,4113,0
DRREDDY,20190130,09:17,2655.00,2657.75,2652.00,2654.85,3516,0
DRREDDY,20190130,09:18,2653.95,2660.00,2650.00,2655.00,2747,0
DRREDDY,20190130,09:19,2654.85,2658.00,2653.20,2654.95,905,0
DRREDDY,20190130,09:20,2655.80,2661.15,2653.55,2655.70,4113,0
DRREDDY,20190130,09:21,2656.60,2662.00,2656.60,2662.00,1923,0
DRREDDY,20190130,09:22,2661.45,2664.95,2655.00,2655.00,3016,0
DRREDDY,20190130,09:23,2655.50,2656.80,2655.00,2655.75,5044,0
DRREDDY,20190130,09:24,2655.05,2658.25,2655.05,2656.50,1493,0
DRREDDY,20190130,09:25,2656.40,2662.00,2656.40,2659.20,2036,0
DRREDDY,20190130,09:26,2660.00,2666.45,2659.00,2664.90,2565,0
DRREDDY,20190130,09:27,2665.95,2670.00,2665.95,2667.75,2891,0
DRREDDY,20190130,09:28,2668.85,2668.85,2660.00,2660.95,2611,0
DRREDDY,20190130,09:29,2659.90,2663.30,2659.90,2661.00,2425,0
DRREDDY,20190130,09:30,2662.00,2662.00,2658.20,2660.00,1532,0
DRREDDY,20190130,09:31,2659.70,2661.75,2657.40,2659.85,2304,0
DRREDDY,20190130,09:32,2659.80,2661.25,2658.10,2659.00,1629,0
DRREDDY,20190130,09:33,2660.00,2661.65,2657.90,2657.90,1084,0
DRREDDY,20190130,09:34,2657.45,2660.20,2656.05,2660.00,1303,0
DRREDDY,20190130,09:35,2659.20,2662.00,2658.45,2662.00,1047,0
DRREDDY,20190130,09:36,2661.00,2667.00,2661.00,2663.90,1483,0
DRREDDY,20190130,09:37,2663.90,2666.10,2661.60,2661.60,1020,0
DRREDDY,20190130,09:38,2661.15,2666.90,2660.30,2665.10,742,0
DRREDDY,20190130,09:39,2665.35,2665.50,2663.35,2665.05,850,0
DRREDDY,20190130,09:40,2664.00,2666.05,2662.95,2663.85,1834,0
DRREDDY,20190130,09:41,2665.35,2669.90,2664.00,2669.90,2672,0
DRREDDY,20190130,09:42,2669.90,2673.50,2667.90,2673.50,5525,0
DRREDDY,20190130,09:43,2672.40,2677.00,2672.40,2676.40,5359,0
DRREDDY,20190130,09:44,2675.95,2677.15,2671.80,2674.70,3240,0
DRREDDY,20190130,09:45,2675.00,2675.50,2673.30,2674.35,2712,0
DRREDDY,20190130,09:46,2674.35,2676.50,2672.60,2675.10,2368,0
DRREDDY,20190130,09:47,2674.15,2675.50,2673.65,2675.00,1921,0
DRREDDY,20190130,09:48,2675.50,2677.85,2675.00,2676.55,1266,0
DRREDDY,20190130,09:49,2676.40,2680.00,2676.40,2679.75,2783,0
DRREDDY,20190130,09:50,2680.00,2680.00,2675.10,2675.95,3312,0
DRREDDY,20190130,09:51,2675.05,2677.35,2675.05,2675.10,2584,0
DRREDDY,20190130,09:52,2675.10,2678.10,2674.00,2677.95,2391,0
DRREDDY,20190130,09:53,2676.75,2678.00,2676.55,2676.55,3465,0
DRREDDY,20190130,09:54,2675.60,2676.10,2673.80,2673.80,1474,0
DRREDDY,20190130,09:55,2673.65,2674.90,2670.55,2674.85,1841,0
DRREDDY,20190130,09:56,2674.85,2675.00,2671.95,2674.65,977,0
DRREDDY,20190130,09:57,2674.35,2674.95,2673.45,2674.20,527,0
DRREDDY,20190130,09:58,2674.15,2674.15,2672.10,2673.55,728,0
DRREDDY,20190130,09:59,2673.40,2673.45,2670.55,2672.00,925,0
DRREDDY,20190130,10:00,2672.00,2673.50,2672.00,2673.00,830,0
DRREDDY,20190130,10:01,2673.05,2674.00,2672.90,2673.00,348,0
DRREDDY,20190130,10:02,2673.20,2673.20,2669.65,2670.00,1719,0
DRREDDY,20190130,10:03,2671.00,2672.40,2670.00,2670.00,1037,0
DRREDDY,20190130,10:04,2670.00,2670.00,2666.10,2666.45,1592,0
DRREDDY,20190130,10:05,2667.25,2669.25,2665.90,2669.00,2570,0
DRREDDY,20190130,10:06,2668.35,2668.95,2666.65,2668.00,1134,0
DRREDDY,20190130,10:07,2666.60,2668.95,2666.60,2667.80,928,0
DRREDDY,20190130,10:08,2668.50,2668.95,2666.00,2667.60,1322,0
DRREDDY,20190130,10:09,2668.40,2668.40,2664.00,2665.05,1771,0
DRREDDY,20190130,10:10,2664.85,2665.05,2661.55,2662.95,966,0
DRREDDY,20190130,10:11,2662.75,2664.75,2662.00,2664.00,789,0
DRREDDY,20190130,10:12,2664.75,2666.00,2664.00,2665.00,1148,0
DRREDDY,20190130,10:13,2665.00,2666.45,2664.90,2666.00,2123,0
DRREDDY,20190130,10:14,2666.55,2670.50,2666.25,2670.00,964,0
DRREDDY,20190130,10:15,2669.20,2670.45,2668.00,2670.45,673,0
DRREDDY,20190130,10:16,2670.45,2672.40,2670.15,2671.00,1961,0
DRREDDY,20190130,10:17,2671.00,2672.45,2669.40,2670.55,1148,0
DRREDDY,20190130,10:18,2671.30,2672.20,2670.25,2671.70,822,0
DRREDDY,20190130,10:19,2671.25,2672.00,2671.15,2671.90,445,0
DRREDDY,20190130,10:20,2671.90,2671.95,2670.05,2671.25,495,0
DRREDDY,20190130,10:21,2671.20,2672.40,2670.00,2670.10,506,0
DRREDDY,20190130,10:22,2670.10,2671.15,2669.85,2671.15,347,0
DRREDDY,20190130,10:23,2671.70,2673.85,2670.75,2672.75,669,0
DRREDDY,20190130,10:24,2672.75,2674.85,2672.75,2674.75,863,0
DRREDDY,20190130,10:25,2674.75,2674.80,2672.15,2672.75,845,0
DRREDDY,20190130,10:26,2672.75,2673.85,2672.15,2673.05,660,0
DRREDDY,20190130,10:27,2672.15,2673.00,2670.55,2671.70,661,0
DRREDDY,20190130,10:28,2672.40,2674.00,2670.20,2673.50,789,0
DRREDDY,20190130,10:29,2672.30,2673.15,2671.00,2671.80,334,0
DRREDDY,20190130,10:30,2672.00,2674.20,2671.95,2672.75,497,0
DRREDDY,20190130,10:31,2672.75,2673.60,2670.10,2673.35,516,0
DRREDDY,20190130,10:32,2673.40,2673.40,2669.10,2670.50,655,0
DRREDDY,20190130,10:33,2670.50,2671.25,2666.55,2669.60,1935,0
DRREDDY,20190130,10:34,2669.00,2669.75,2667.15,2668.35,1165,0
DRREDDY,20190130,10:35,2665.70,2671.90,2665.60,2671.00,1652,0
DRREDDY,20190130,10:36,2671.00,2671.80,2666.45,2667.00,599,0
DRREDDY,20190130,10:37,2666.25,2668.70,2666.00,2667.60,948,0
DRREDDY,20190130,10:38,2667.45,2671.50,2667.45,2669.50,898,0
DRREDDY,20190130,10:39,2670.10,2670.25,2665.85,2667.70,689,0
DRREDDY,20190130,10:40,2665.85,2667.70,2664.25,2666.30,1605,0
DRREDDY,20190130,10:41,2666.25,2667.90,2664.75,2666.30,997,0
DRREDDY,20190130,10:42,2665.00,2666.65,2664.30,2666.40,580,0
DRREDDY,20190130,10:43,2665.70,2667.40,2664.50,2667.20,546,0
DRREDDY,20190130,10:44,2667.00,2668.00,2667.00,2667.95,402,0
DRREDDY,20190130,10:45,2668.00,2669.05,2667.00,2667.00,560,0
DRREDDY,20190130,10:46,2668.00,2669.20,2667.65,2668.40,214,0
DRREDDY,20190130,10:47,2668.45,2669.05,2666.45,2667.95,522,0
DRREDDY,20190130,10:48,2667.95,2669.85,2666.25,2669.80,580,0
DRREDDY,20190130,10:49,2669.70,2669.85,2667.60,2667.80,389,0
DRREDDY,20190130,10:50,2668.35,2671.00,2667.80,2671.00,551,0
DRREDDY,20190130,10:51,2670.30,2672.55,2670.30,2671.35,2258,0
DRREDDY,20190130,10:52,2671.30,2671.50,2666.25,2668.40,1719,0
DRREDDY,20190130,10:53,2670.30,2670.30,2667.05,2669.65,571,0
DRREDDY,20190130,10:54,2669.70,2670.00,2667.25,2669.05,399,0
DRREDDY,20190130,10:55,2669.75,2669.90,2666.55,2669.15,660,0
DRREDDY,20190130,10:56,2669.45,2669.85,2668.00,2668.05,334,0
DRREDDY,20190130,10:57,2668.10,2669.40,2667.25,2669.35,247,0
DRREDDY,20190130,10:58,2669.40,2670.00,2667.70,2668.95,899,0
DRREDDY,20190130,10:59,2668.90,2670.00,2668.20,2669.35,362,0
DRREDDY,20190130,11:00,2668.45,2669.65,2666.35,2666.60,554,0
DRREDDY,20190130,11:01,2666.55,2669.30,2666.35,2666.45,487,0
DRREDDY,20190130,11:02,2666.40,2669.00,2666.15,2668.40,344,0
DRREDDY,20190130,11:03,2665.65,2666.90,2665.05,2666.85,1095,0
DRREDDY,20190130,11:04,2666.85,2668.15,2666.50,2666.95,471,0
DRREDDY,20190130,11:05,2667.60,2669.60,2666.95,2668.80,835,0
DRREDDY,20190130,11:06,2669.60,2670.00,2666.50,2668.30,2132,0
DRREDDY,20190130,11:07,2668.80,2669.95,2668.00,2669.75,276,0
DRREDDY,20190130,11:08,2669.95,2669.95,2667.30,2669.45,478,0
DRREDDY,20190130,11:09,2669.50,2669.95,2666.55,2668.40,638,0
DRREDDY,20190130,11:10,2668.75,2669.40,2666.90,2667.95,678,0
DRREDDY,20190130,11:11,2667.25,2669.95,2667.25,2668.70,315,0
DRREDDY,20190130,11:12,2669.65,2669.90,2668.10,2669.90,377,0
DRREDDY,20190130,11:13,2669.85,2669.90,2669.80,2669.85,354,0
DRREDDY,20190130,11:14,2669.90,2669.90,2667.00,2669.80,854,0
DRREDDY,20190130,11:15,2669.70,2669.70,2666.00,2668.90,948,0
DRREDDY,20190130,11:16,2669.50,2669.50,2666.25,2669.25,742,0
DRREDDY,20190130,11:17,2669.45,2669.90,2667.75,2667.75,474,0
DRREDDY,20190130,11:18,2667.90,2669.80,2666.85,2668.50,532,0
DRREDDY,20190130,11:19,2668.50,2668.50,2667.45,2667.65,527,0
DRREDDY,20190130,11:20,2667.60,2668.25,2664.55,2666.25,1842,0
DRREDDY,20190130,11:21,2666.20,2667.75,2665.00,2665.20,959,0
DRREDDY,20190130,11:22,2665.00,2667.00,2665.00,2666.95,1131,0
DRREDDY,20190130,11:23,2666.90,2667.95,2665.15,2666.35,418,0
DRREDDY,20190130,11:24,2667.15,2668.55,2665.05,2667.35,528,0
DRREDDY,20190130,11:25,2667.40,2668.95,2665.30,2668.95,385,0
DRREDDY,20190130,11:26,2668.95,2668.95,2664.00,2664.75,1790,0
DRREDDY,20190130,11:27,2664.70,2666.05,2664.05,2665.95,606,0
DRREDDY,20190130,11:28,2666.85,2667.30,2666.00,2666.15,245,0
DRREDDY,20190130,11:29,2666.15,2668.50,2665.45,2666.10,484,0
DRREDDY,20190130,11:30,2667.00,2669.00,2666.10,2667.60,329,0
DRREDDY,20190130,11:31,2668.15,2669.50,2667.75,2668.35,755,0
DRREDDY,20190130,11:32,2666.50,2668.30,2666.10,2667.80,236,0
DRREDDY,20190130,11:33,2667.50,2668.65,2666.10,2666.45,273,0
DRREDDY,20190130,11:34,2666.55,2666.85,2665.40,2665.55,534,0
DRREDDY,20190130,11:35,2666.05,2667.05,2665.20,2667.05,493,0
DRREDDY,20190130,11:36,2667.90,2669.00,2666.70,2668.00,709,0
DRREDDY,20190130,11:37,2667.10,2667.90,2665.85,2666.85,455,0
DRREDDY,20190130,11:38,2667.20,2667.85,2666.00,2666.00,348,0
DRREDDY,20190130,11:39,2665.95,2667.15,2665.30,2665.95,1235,0
DRREDDY,20190130,11:40,2665.95,2667.15,2665.35,2666.75,456,0
DRREDDY,20190130,11:41,2665.90,2667.10,2665.30,2666.45,526,0
DRREDDY,20190130,11:42,2666.50,2667.10,2666.45,2667.10,474,0
DRREDDY,20190130,11:43,2667.05,2667.10,2665.85,2666.60,203,0
DRREDDY,20190130,11:44,2666.00,2666.60,2665.00,2666.00,642,0
DRREDDY,20190130,11:45,2666.00,2666.50,2665.25,2666.20,456,0
DRREDDY,20190130,11:46,2665.75,2666.05,2663.05,2666.05,2050,0
DRREDDY,20190130,11:47,2666.65,2667.20,2660.40,2664.75,5074,0
DRREDDY,20190130,11:48,2664.70,2666.35,2660.90,2665.00,2294,0
DRREDDY,20190130,11:49,2664.75,2664.75,2661.30,2664.40,420,0
DRREDDY,20190130,11:50,2663.90,2664.40,2663.05,2664.00,355,0
DRREDDY,20190130,11:51,2663.95,2664.35,2662.45,2664.30,254,0
DRREDDY,20190130,11:52,2663.50,2664.30,2662.40,2663.00,285,0
DRREDDY,20190130,11:53,2662.40,2664.00,2660.70,2664.00,560,0
DRREDDY,20190130,11:54,2664.00,2664.00,2662.95,2663.95,248,0
DRREDDY,20190130,11:55,2663.95,2664.00,2663.95,2664.00,236,0
DRREDDY,20190130,11:56,2663.95,2664.00,2662.55,2663.80,257,0
DRREDDY,20190130,11:57,2663.85,2664.00,2662.20,2663.30,318,0
DRREDDY,20190130,11:58,2663.30,2663.30,2662.00,2662.95,460,0
DRREDDY,20190130,11:59,2662.50,2663.40,2660.50,2662.90,1025,0
DRREDDY,20190130,12:00,2661.95,2662.90,2661.65,2662.85,230,0
DRREDDY,20190130,12:01,2662.80,2663.00,2661.00,2662.80,351,0
DRREDDY,20190130,12:02,2661.35,2663.00,2661.05,2661.90,545,0
DRREDDY,20190130,12:03,2662.40,2662.90,2659.25,2659.25,3042,0
DRREDDY,20190130,12:04,2660.00,2660.00,2659.25,2660.00,691,0
DRREDDY,20190130,12:05,2659.95,2660.00,2659.15,2660.00,1115,0
DRREDDY,20190130,12:06,2659.95,2660.00,2659.30,2659.95,399,0
DRREDDY,20190130,12:07,2659.95,2660.00,2659.65,2660.00,1403,0
DRREDDY,20190130,12:08,2659.80,2660.00,2659.80,2660.00,1093,0
DRREDDY,20190130,12:09,2659.95,2660.00,2656.05,2657.50,3514,0
DRREDDY,20190130,12:10,2657.40,2658.75,2656.60,2658.70,1253,0
DRREDDY,20190130,12:11,2658.70,2658.70,2657.50,2658.60,655,0
DRREDDY,20190130,12:12,2658.00,2658.60,2657.50,2657.60,467,0
DRREDDY,20190130,12:13,2658.00,2659.15,2657.60,2659.05,840,0
DRREDDY,20190130,12:14,2659.35,2659.35,2658.30,2659.25,333,0
DRREDDY,20190130,12:15,2659.25,2659.35,2658.05,2659.35,362,0
DRREDDY,20190130,12:16,2659.15,2663.00,2659.15,2663.00,1456,0
DRREDDY,20190130,12:17,2662.85,2664.40,2660.75,2663.60,1367,0
DRREDDY,20190130,12:18,2663.30,2664.35,2660.50,2663.90,1056,0
DRREDDY,20190130,12:19,2664.10,2664.25,2658.75,2658.75,2860,0
DRREDDY,20190130,12:20,2658.75,2660.00,2657.95,2660.00,1660,0
DRREDDY,20190130,12:21,2659.95,2660.00,2659.45,2660.00,401,0
DRREDDY,20190130,12:22,2659.95,2660.00,2659.60,2659.95,914,0
DRREDDY,20190130,12:23,2659.95,2660.00,2659.70,2659.95,326,0
DRREDDY,20190130,12:24,2659.95,2660.00,2659.70,2659.95,207,0
DRREDDY,20190130,12:25,2659.95,2660.00,2659.70,2659.70,524,0
DRREDDY,20190130,12:26,2659.95,2660.00,2659.70,2660.00,212,0
DRREDDY,20190130,12:27,2659.95,2660.00,2659.95,2659.95,481,0
DRREDDY,20190130,12:28,2659.95,2662.00,2659.95,2661.30,358,0
DRREDDY,20190130,12:29,2661.85,2662.00,2659.70,2660.05,374,0
DRREDDY,20190130,12:30,2660.05,2662.00,2660.05,2662.00,259,0
DRREDDY,20190130,12:31,2661.95,2662.00,2661.20,2661.95,289,0
DRREDDY,20190130,12:32,2661.95,2663.25,2661.10,2662.60,942,0
DRREDDY,20190130,12:33,2661.10,2663.25,2661.10,2662.85,247,0
DRREDDY,20190130,12:34,2663.15,2663.15,2660.00,2662.80,705,0
DRREDDY,20190130,12:35,2662.90,2663.45,2661.60,2663.00,421,0
DRREDDY,20190130,12:36,2663.00,2663.30,2661.05,2661.35,362,0
DRREDDY,20190130,12:37,2661.50,2662.95,2661.00,2662.75,658,0
DRREDDY,20190130,12:38,2662.60,2662.85,2661.40,2662.80,243,0
DRREDDY,20190130,12:39,2662.80,2662.85,2661.05,2662.05,298,0
DRREDDY,20190130,12:40,2662.05,2662.75,2658.05,2662.60,755,0
DRREDDY,20190130,12:41,2662.80,2662.95,2659.65,2660.80,800,0
DRREDDY,20190130,12:42,2660.80,2661.00,2658.70,2660.10,442,0
DRREDDY,20190130,12:43,2660.95,2662.00,2660.95,2661.05,396,0
DRREDDY,20190130,12:44,2661.05,2662.00,2659.85,2662.00,316,0
DRREDDY,20190130,12:45,2661.70,2663.00,2661.65,2663.00,410,0
DRREDDY,20190130,12:46,2661.75,2663.00,2660.90,2663.00,227,0
DRREDDY,20190130,12:47,2662.95,2663.00,2661.20,2663.00,310,0
DRREDDY,20190130,12:48,2663.00,2664.00,2662.40,2663.75,458,0
DRREDDY,20190130,12:49,2663.00,2663.85,2662.05,2662.50,464,0
DRREDDY,20190130,12:50,2662.05,2662.25,2659.90,2660.05,862,0
DRREDDY,20190130,12:51,2660.45,2660.50,2659.65,2659.65,827,0
DRREDDY,20190130,12:52,2659.65,2660.00,2658.55,2658.75,919,0
DRREDDY,20190130,12:53,2659.30,2659.75,2657.50,2657.75,1052,0
DRREDDY,20190130,12:54,2658.70,2659.30,2656.60,2657.10,713,0
DRREDDY,20190130,12:55,2657.00,2659.20,2656.60,2657.05,1648,0
DRREDDY,20190130,12:56,2657.05,2659.20,2657.05,2658.00,1006,0
DRREDDY,20190130,12:57,2658.00,2658.85,2657.80,2657.95,889,0
DRREDDY,20190130,12:58,2657.80,2657.95,2656.60,2657.90,727,0
DRREDDY,20190130,12:59,2656.65,2658.55,2656.60,2656.60,899,0
DRREDDY,20190130,13:00,2656.60,2657.35,2652.75,2653.95,1511,0
DRREDDY,20190130,13:01,2652.80,2653.80,2650.20,2651.45,2242,0
DRREDDY,20190130,13:02,2650.75,2653.80,2647.85,2652.15,3232,0
DRREDDY,20190130,13:03,2650.90,2653.40,2650.50,2653.10,1094,0
DRREDDY,20190130,13:04,2653.10,2654.95,2653.00,2653.30,1874,0
DRREDDY,20190130,13:05,2653.10,2653.20,2652.55,2652.60,950,0
DRREDDY,20190130,13:06,2652.45,2652.60,2649.25,2649.95,1539,0
DRREDDY,20190130,13:07,2649.95,2651.75,2649.95,2649.95,1272,0
DRREDDY,20190130,13:08,2649.95,2650.00,2649.70,2649.80,1270,0
DRREDDY,20190130,13:09,2649.60,2650.00,2649.30,2649.70,16652,0
DRREDDY,20190130,13:10,2649.70,2649.70,2646.00,2648.15,2251,0
DRREDDY,20190130,13:11,2647.80,2648.00,2646.50,2648.00,1632,0
DRREDDY,20190130,13:12,2648.00,2649.65,2647.45,2649.55,322,0
DRREDDY,20190130,13:13,2648.55,2652.30,2648.55,2651.95,1679,0
DRREDDY,20190130,13:14,2651.35,2651.85,2651.35,2651.50,1231,0
DRREDDY,20190130,13:15,2651.45,2651.50,2649.05,2650.00,1507,0
DRREDDY,20190130,13:16,2649.65,2650.00,2649.65,2650.00,483,0
DRREDDY,20190130,13:17,2649.75,2650.00,2649.15,2650.00,656,0
DRREDDY,20190130,13:18,2650.00,2650.00,2649.50,2649.50,622,0
DRREDDY,20190130,13:19,2649.85,2650.00,2649.75,2650.00,1021,0
DRREDDY,20190130,13:20,2649.85,2649.95,2649.05,2649.75,261,0
DRREDDY,20190130,13:21,2649.40,2650.00,2649.30,2650.00,1032,0
DRREDDY,20190130,13:22,2649.95,2650.00,2649.95,2650.00,1103,0
DRREDDY,20190130,13:23,2650.00,2650.45,2649.30,2649.85,898,0
DRREDDY,20190130,13:24,2649.85,2650.00,2649.85,2650.00,272,0
DRREDDY,20190130,13:25,2649.95,2650.00,2649.55,2650.00,799,0
DRREDDY,20190130,13:26,2649.95,2649.95,2649.55,2649.55,283,0
DRREDDY,20190130,13:27,2649.60,2649.60,2648.90,2648.90,745,0
DRREDDY,20190130,13:28,2648.05,2649.00,2646.70,2647.00,1793,0
DRREDDY,20190130,13:29,2647.00,2647.00,2645.05,2646.20,877,0
DRREDDY,20190130,13:30,2646.15,2647.00,2646.15,2647.00,795,0
DRREDDY,20190130,13:31,2646.95,2647.00,2646.55,2647.00,490,0
DRREDDY,20190130,13:32,2646.80,2647.00,2645.90,2646.65,1605,0
DRREDDY,20190130,13:33,2646.05,2647.00,2646.00,2646.00,847,0
DRREDDY,20190130,13:34,2645.70,2646.60,2641.00,2643.55,4133,0
DRREDDY,20190130,13:35,2643.00,2643.05,2638.00,2639.85,3195,0
DRREDDY,20190130,13:36,2639.85,2640.00,2638.05,2639.35,2520,0
DRREDDY,20190130,13:37,2639.45,2639.45,2637.45,2639.00,1375,0
DRREDDY,20190130,13:38,2638.70,2638.70,2638.00,2638.40,507,0
DRREDDY,20190130,13:39,2638.70,2643.00,2638.35,2642.95,1166,0
DRREDDY,20190130,13:40,2643.00,2644.70,2642.00,2643.80,2508,0
DRREDDY,20190130,13:41,2643.00,2643.85,2641.85,2641.85,2516,0
DRREDDY,20190130,13:42,2642.00,2642.00,2640.05,2640.10,2393,0
DRREDDY,20190130,13:43,2640.05,2640.05,2639.00,2640.00,1977,0
DRREDDY,20190130,13:44,2639.45,2640.00,2638.75,2639.90,2273,0
DRREDDY,20190130,13:45,2639.70,2639.90,2639.60,2639.90,770,0
DRREDDY,20190130,13:46,2639.90,2642.90,2639.20,2642.90,1793,0
DRREDDY,20190130,13:47,2642.80,2645.80,2642.80,2644.00,4044,0
DRREDDY,20190130,13:48,2644.00,2647.00,2643.75,2646.75,2502,0
DRREDDY,20190130,13:49,2646.70,2649.95,2646.70,2649.95,3429,0
DRREDDY,20190130,13:50,2649.45,2649.95,2648.20,2648.50,1468,0
DRREDDY,20190130,13:51,2648.50,2649.00,2647.70,2647.75,4180,0
DRREDDY,20190130,13:52,2647.85,2650.00,2647.85,2649.95,1389,0
DRREDDY,20190130,13:53,2649.90,2649.95,2647.60,2647.60,3542,0
DRREDDY,20190130,13:54,2647.10,2649.25,2647.10,2648.95,4356,0
DRREDDY,20190130,13:55,2648.90,2650.50,2647.85,2650.50,24026,0
DRREDDY,20190130,13:56,2649.45,2652.00,2648.95,2649.40,4049,0
DRREDDY,20190130,13:57,2649.40,2651.00,2648.70,2649.55,1545,0
DRREDDY,20190130,13:58,2649.50,2650.55,2649.10,2649.35,828,0
DRREDDY,20190130,13:59,2649.35,2650.70,2649.10,2649.90,788,0
DRREDDY,20190130,14:00,2649.40,2651.00,2649.40,2650.00,3305,0
DRREDDY,20190130,14:01,2649.95,2650.95,2649.55,2649.70,2139,0
DRREDDY,20190130,14:02,2651.00,2651.00,2649.50,2651.00,1927,0
DRREDDY,20190130,14:03,2651.45,2652.00,2649.15,2649.20,2632,0
DRREDDY,20190130,14:04,2649.15,2649.15,2647.75,2648.00,1533,0
DRREDDY,20190130,14:05,2647.75,2648.80,2647.35,2648.00,542,0
DRREDDY,20190130,14:06,2647.95,2648.80,2647.65,2648.80,2708,0
DRREDDY,20190130,14:07,2648.85,2649.10,2648.45,2649.10,1682,0
DRREDDY,20190130,14:08,2649.05,2649.45,2648.60,2649.05,1838,0
DRREDDY,20190130,14:09,2649.20,2649.20,2647.85,2648.65,2085,0
DRREDDY,20190130,14:10,2648.85,2648.85,2648.45,2648.60,1443,0
DRREDDY,20190130,14:11,2648.60,2648.80,2648.30,2648.30,2706,0
DRREDDY,20190130,14:12,2648.25,2648.35,2647.55,2647.55,2759,0
DRREDDY,20190130,14:13,2647.55,2647.55,2645.40,2646.40,2972,0
DRREDDY,20190130,14:14,2646.40,2646.60,2643.85,2645.45,2883,0
DRREDDY,20190130,14:15,2645.45,2646.65,2644.80,2645.80,1826,0
DRREDDY,20190130,14:16,2647.00,2647.70,2646.10,2646.30,2768,0
DRREDDY,20190130,14:17,2646.10,2646.90,2645.35,2645.35,2471,0
DRREDDY,20190130,14:18,2645.35,2646.25,2644.45,2645.55,4120,0
DRREDDY,20190130,14:19,2646.00,2646.80,2643.60,2645.15,22964,0
DRREDDY,20190130,14:20,2643.90,2646.40,2643.05,2645.40,4266,0
DRREDDY,20190130,14:21,2645.95,2649.00,2645.45,2649.00,2713,0
DRREDDY,20190130,14:22,2649.10,2649.25,2647.50,2649.00,2744,0
DRREDDY,20190130,14:23,2648.35,2651.75,2647.60,2647.60,3589,0
DRREDDY,20190130,14:24,2647.55,2647.95,2646.70,2646.90,1795,0
DRREDDY,20190130,14:25,2646.90,2649.75,2646.70,2649.75,1247,0
DRREDDY,20190130,14:26,2649.75,2653.65,2648.50,2652.50,5098,0
DRREDDY,20190130,14:27,2653.65,2654.90,2653.00,2654.00,3044,0
DRREDDY,20190130,14:28,2653.60,2656.45,2653.50,2655.20,1944,0
DRREDDY,20190130,14:29,2655.15,2656.30,2653.65,2653.90,4282,0
DRREDDY,20190130,14:30,2653.95,2655.30,2652.25,2654.00,2136,0
DRREDDY,20190130,14:31,2653.50,2654.85,2653.30,2653.70,1981,0
DRREDDY,20190130,14:32,2655.00,2656.30,2653.25,2656.20,11525,0
DRREDDY,20190130,14:33,2656.20,2658.50,2656.00,2656.00,4221,0
DRREDDY,20190130,14:34,2657.20,2658.00,2656.25,2658.00,1309,0
DRREDDY,20190130,14:35,2657.65,2659.80,2657.65,2659.80,1103,0
DRREDDY,20190130,14:36,2658.95,2659.80,2658.15,2658.15,4314,0
DRREDDY,20190130,14:37,2658.40,2658.95,2657.25,2657.25,1480,0
DRREDDY,20190130,14:38,2657.25,2658.70,2657.25,2657.80,769,0
DRREDDY,20190130,14:39,2657.85,2662.65,2657.70,2662.00,7735,0
DRREDDY,20190130,14:40,2663.50,2668.35,2662.75,2665.00,8968,0
DRREDDY,20190130,14:41,2665.00,2665.60,2662.45,2662.70,1149,0
DRREDDY,20190130,14:42,2662.00,2663.00,2661.55,2663.00,3200,0
DRREDDY,20190130,14:43,2662.95,2664.00,2661.35,2661.60,3097,0
DRREDDY,20190130,14:44,2661.30,2662.80,2657.55,2659.70,3432,0
DRREDDY,20190130,14:45,2660.95,2660.95,2658.55,2659.80,1622,0
DRREDDY,20190130,14:46,2659.80,2662.15,2659.75,2661.75,1519,0
DRREDDY,20190130,14:47,2661.25,2661.75,2659.30,2661.00,1429,0
DRREDDY,20190130,14:48,2661.90,2662.00,2657.15,2660.95,1381,0
DRREDDY,20190130,14:49,2660.90,2662.00,2659.00,2659.35,781,0
DRREDDY,20190130,14:50,2659.30,2659.35,2655.20,2657.25,2523,0
DRREDDY,20190130,14:51,2658.25,2658.95,2656.65,2658.85,2357,0
DRREDDY,20190130,14:52,2658.85,2662.75,2658.85,2662.60,2390,0
DRREDDY,20190130,14:53,2662.55,2663.00,2660.35,2660.75,3013,0
DRREDDY,20190130,14:54,2662.90,2663.60,2656.35,2663.00,4026,0
DRREDDY,20190130,14:55,2663.00,2663.00,2659.00,2660.90,1715,0
DRREDDY,20190130,14:56,2661.90,2664.00,2661.90,2663.10,2479,0
DRREDDY,20190130,14:57,2662.85,2663.15,2660.10,2660.30,1809,0
DRREDDY,20190130,14:58,2660.45,2662.15,2660.10,2661.95,1691,0
DRREDDY,20190130,14:59,2661.90,2662.60,2660.20,2660.95,1893,0
DRREDDY,20190130,15:00,2660.90,2662.20,2660.20,2662.20,1225,0
DRREDDY,20190130,15:01,2662.30,2662.30,2660.20,2661.55,1826,0
DRREDDY,20190130,15:02,2661.50,2664.00,2661.50,2663.70,1479,0
DRREDDY,20190130,15:03,2664.15,2665.05,2663.60,2665.05,2462,0
DRREDDY,20190130,15:04,2665.50,2666.65,2665.45,2666.65,1125,0
DRREDDY,20190130,15:05,2666.85,2667.70,2665.85,2665.90,3415,0
DRREDDY,20190130,15:06,2665.70,2665.95,2663.10,2664.25,1626,0
DRREDDY,20190130,15:07,2664.25,2665.00,2664.25,2664.85,1724,0
DRREDDY,20190130,15:08,2664.50,2664.85,2660.80,2662.15,2736,0
DRREDDY,20190130,15:09,2662.25,2662.70,2660.15,2662.70,2354,0
DRREDDY,20190130,15:10,2663.45,2663.95,2660.50,2660.70,1568,0
DRREDDY,20190130,15:11,2660.70,2662.55,2659.45,2660.70,1592,0
DRREDDY,20190130,15:12,2660.00,2662.00,2660.00,2661.15,2581,0
DRREDDY,20190130,15:13,2660.85,2662.15,2660.85,2662.10,1935,0
DRREDDY,20190130,15:14,2662.10,2665.00,2661.40,2664.95,1811,0
DRREDDY,20190130,15:15,2664.95,2665.00,2661.50,2664.20,2073,0
DRREDDY,20190130,15:16,2664.25,2664.40,2664.00,2664.15,1432,0
DRREDDY,20190130,15:17,2664.15,2664.70,2663.95,2664.50,2797,0
DRREDDY,20190130,15:18,2664.20,2665.00,2664.10,2664.85,1165,0
DRREDDY,20190130,15:19,2664.85,2665.00,2663.05,2664.50,2613,0
DRREDDY,20190130,15:20,2664.45,2666.25,2662.35,2662.35,4218,0
DRREDDY,20190130,15:21,2662.35,2664.55,2662.30,2664.45,1827,0
DRREDDY,20190130,15:22,2664.05,2664.45,2662.65,2664.45,1399,0
DRREDDY,20190130,15:23,2664.40,2666.05,2664.25,2666.05,1273,0
DRREDDY,20190130,15:24,2663.75,2669.90,2662.25,2666.05,16587,0
DRREDDY,20190130,15:25,2667.45,2669.75,2667.00,2668.00,9360,0
DRREDDY,20190130,15:26,2668.00,2668.00,2667.35,2667.40,1870,0
DRREDDY,20190130,15:27,2667.50,2668.00,2667.15,2667.25,6257,0
DRREDDY,20190130,15:28,2667.20,2667.35,2663.00,2663.05,2794,0
DRREDDY,20190130,15:29,2661.00,2662.65,2653.60,2658.25,2122,0
DRREDDY,20190130,15:30,2658.25,2661.00,2650.00,2655.50,526,0
DRREDDY,20190130,15:31,2654.65,2654.65,2654.65,2654.65,18,0
DRREDDY,20190130,15:32,2665.40,2665.40,2665.40,2665.40,0,0
DRREDDY,20190130,15:41,2665.40,2665.40,2665.40,2665.40,42,0
DRREDDY,20190130,15:45,2665.40,2665.40,2665.40,2665.40,17,0
DRREDDY,20190130,15:47,2665.40,2665.40,2665.40,2665.40,19,0
DRREDDY,20190130,16:36,2665.40,2665.40,2665.40,2665.40,0,0
