NIFTYMETAL,20180308,09:08,3814.45,3814.45,3814.45,3814.45,42
NIFTYMETAL,20180308,09:16,3817.3,3831.45,3810.45,3826,57
NIFTYMETAL,20180308,09:17,3826.1,3826.95,3820.05,3820.9,58
NIFTYMETAL,20180308,09:18,3821.4,3821.7,3814,3816,57
NIFTYMETAL,20180308,09:19,3816.55,3818.15,3807.15,3807.35,58
NIFTYMETAL,20180308,09:20,3806.25,3808.1,3801.2,3801.2,59
NIFTYMETAL,20180308,09:21,3801.05,3801.5,3793.65,3795.3,58
NIFTYMETAL,20180308,09:22,3794.6,3806.2,3794.6,3806,58
NIFTYMETAL,20180308,09:23,3806.1,3809.5,3800.6,3802.05,59
NIFTYMETAL,20180308,09:24,3803.25,3805.15,3797.65,3798.3,59
NIFTYMETAL,20180308,09:25,3798.35,3798.85,3796.45,3796.55,58
NIFTYMETAL,20180308,09:26,3796.4,3799.1,3795.55,3797.95,57
NIFTYMETAL,20180308,09:27,3797.6,3800,3797.6,3799.45,56
NIFTYMETAL,20180308,09:28,3799.4,3800.4,3798.35,3799.85,56
NIFTYMETAL,20180308,09:29,3799.55,3800.4,3796.55,3797.75,51
NIFTYMETAL,20180308,09:30,3797.8,3797.8,3784.4,3788.45,60
NIFTYMETAL,20180308,09:31,3787.95,3790,3787.4,3790,57
NIFTYMETAL,20180308,09:32,3789.05,3790.95,3789.05,3790.05,57
NIFTYMETAL,20180308,09:33,3789.85,3791.7,3789.75,3790.85,54
NIFTYMETAL,20180308,09:34,3790.65,3790.85,3786.25,3786.25,54
NIFTYMETAL,20180308,09:35,3785.2,3785.5,3777.4,3779.5,58
NIFTYMETAL,20180308,09:36,3779.2,3779.2,3772.45,3773.55,55
NIFTYMETAL,20180308,09:37,3773.45,3776.8,3772.5,3772.5,59
NIFTYMETAL,20180308,09:38,3772.7,3773.55,3768.35,3770.45,58
NIFTYMETAL,20180308,09:39,3770.25,3770.25,3766.2,3767.7,57
NIFTYMETAL,20180308,09:40,3768,3771.45,3767.65,3771.4,58
NIFTYMETAL,20180308,09:41,3771.45,3771.5,3769.2,3771,58
NIFTYMETAL,20180308,09:42,3770.6,3774.1,3770.5,3771.45,58
NIFTYMETAL,20180308,09:43,3771.55,3771.75,3765.8,3766.25,56
NIFTYMETAL,20180308,09:44,3765.95,3766.25,3760.95,3762.4,58
NIFTYMETAL,20180308,09:45,3762.7,3763,3759.6,3760.7,56
NIFTYMETAL,20180308,09:46,3761.05,3763.85,3759.55,3763.3,56
NIFTYMETAL,20180308,09:47,3763.95,3765.8,3763.45,3763.5,54
NIFTYMETAL,20180308,09:48,3763.75,3765.65,3762.3,3764.25,56
NIFTYMETAL,20180308,09:49,3764.4,3764.9,3757.7,3757.7,54
NIFTYMETAL,20180308,09:50,3757.5,3758.25,3751.9,3752.85,58
NIFTYMETAL,20180308,09:51,3753.2,3754.75,3753.05,3754.25,58
NIFTYMETAL,20180308,09:52,3753.6,3754.95,3752.85,3754.2,57
NIFTYMETAL,20180308,09:53,3754.45,3754.45,3747.4,3748.65,57
NIFTYMETAL,20180308,09:54,3749.05,3749.25,3744.95,3745.2,55
NIFTYMETAL,20180308,09:55,3744.9,3745.75,3742.5,3744.9,58
NIFTYMETAL,20180308,09:56,3744.65,3747.2,3743.8,3743.8,54
NIFTYMETAL,20180308,09:57,3743.5,3743.5,3737.15,3737.45,59
NIFTYMETAL,20180308,09:58,3736.85,3737.85,3734.5,3734.5,59
NIFTYMETAL,20180308,09:59,3734.15,3735.9,3732.8,3735.4,54
NIFTYMETAL,20180308,10:00,3735.6,3735.85,3730.75,3733.8,57
NIFTYMETAL,20180308,10:01,3733.7,3737.6,3732.8,3737,55
NIFTYMETAL,20180308,10:02,3737.3,3737.6,3735.45,3737.3,54
NIFTYMETAL,20180308,10:03,3737.05,3737.45,3736.05,3736.6,55
NIFTYMETAL,20180308,10:04,3736.55,3736.75,3730.85,3732.7,54
NIFTYMETAL,20180308,10:05,3732.55,3732.65,3729.95,3730.75,56
NIFTYMETAL,20180308,10:06,3731.05,3736.6,3731.05,3735.75,53
NIFTYMETAL,20180308,10:07,3736.1,3742.95,3735.75,3742.95,59
NIFTYMETAL,20180308,10:08,3743.05,3743.4,3741.15,3741.15,58
NIFTYMETAL,20180308,10:09,3741.5,3744.6,3740.65,3742.2,57
NIFTYMETAL,20180308,10:10,3742.05,3747.2,3741.45,3746.5,56
NIFTYMETAL,20180308,10:11,3746.4,3746.95,3742.75,3743.35,54
NIFTYMETAL,20180308,10:12,3743.5,3744.3,3742.75,3744.3,48
NIFTYMETAL,20180308,10:13,3744.4,3748.5,3744.2,3747.6,54
NIFTYMETAL,20180308,10:14,3747.8,3747.8,3740.8,3741.15,53
NIFTYMETAL,20180308,10:15,3741.05,3742,3739.75,3741.5,57
NIFTYMETAL,20180308,10:16,3741.6,3741.6,3733.8,3734.2,51
NIFTYMETAL,20180308,10:17,3734.45,3735.35,3731.3,3732.65,58
NIFTYMETAL,20180308,10:18,3732.3,3737.1,3731.1,3732,58
NIFTYMETAL,20180308,10:19,3731.95,3733.6,3731.65,3733.6,55
NIFTYMETAL,20180308,10:20,3733.8,3738.6,3732.65,3737.2,53
NIFTYMETAL,20180308,10:21,3737.25,3738.5,3734.8,3738.45,51
NIFTYMETAL,20180308,10:22,3738.25,3738.25,3732.9,3733.15,50
NIFTYMETAL,20180308,10:23,3733.25,3733.45,3730,3730.4,52
NIFTYMETAL,20180308,10:24,3730.9,3730.9,3726.6,3726.8,53
NIFTYMETAL,20180308,10:25,3727,3727.3,3719.2,3720.35,34
NIFTYMETAL,20180308,10:26,3719.65,3722,3718.1,3721.75,53
NIFTYMETAL,20180308,10:27,3722,3727.55,3721.85,3726.6,55
NIFTYMETAL,20180308,10:28,3726.9,3728.45,3726.2,3726.55,55
NIFTYMETAL,20180308,10:29,3726.3,3726.3,3722.25,3722.4,53
NIFTYMETAL,20180308,10:30,3721.75,3723.45,3720.75,3723.3,52
NIFTYMETAL,20180308,10:31,3723.1,3724.85,3721.85,3724.4,49
NIFTYMETAL,20180308,10:32,3724.2,3727.65,3724.2,3725.2,55
NIFTYMETAL,20180308,10:33,3724.95,3725.25,3722.55,3723.55,53
NIFTYMETAL,20180308,10:34,3723,3725.1,3722.55,3724.6,50
NIFTYMETAL,20180308,10:35,3724.35,3728.1,3724.15,3727.25,49
NIFTYMETAL,20180308,10:36,3727.4,3728.7,3726.2,3728.05,53
NIFTYMETAL,20180308,10:37,3728.2,3728.3,3723.1,3723.45,52
NIFTYMETAL,20180308,10:38,3723.4,3727.9,3723.35,3727.7,51
NIFTYMETAL,20180308,10:39,3728.1,3728.1,3725.85,3727.15,55
NIFTYMETAL,20180308,10:40,3728,3728.1,3712.85,3713.5,56
NIFTYMETAL,20180308,10:41,3712.6,3712.6,3708.2,3709,57
NIFTYMETAL,20180308,10:42,3708.55,3711.7,3707.3,3711.45,57
NIFTYMETAL,20180308,10:43,3711.7,3715.45,3711.7,3711.95,58
NIFTYMETAL,20180308,10:44,3711.8,3716.6,3711,3716.6,58
NIFTYMETAL,20180308,10:45,3717.4,3722.35,3716.85,3720.15,57
NIFTYMETAL,20180308,10:46,3720.8,3727.55,3720.8,3726.65,53
NIFTYMETAL,20180308,10:47,3726.6,3732.45,3726.6,3729.95,57
NIFTYMETAL,20180308,10:48,3730.45,3732.2,3726.75,3727.5,59
NIFTYMETAL,20180308,10:49,3727.15,3730.15,3726.95,3727.3,54
NIFTYMETAL,20180308,10:50,3727.2,3728.15,3726.15,3727.25,56
NIFTYMETAL,20180308,10:51,3727.1,3740.6,3727.1,3736.4,55
NIFTYMETAL,20180308,10:52,3735.8,3743.4,3734.9,3741.6,57
NIFTYMETAL,20180308,10:53,3742.1,3745.7,3742.05,3745.7,58
NIFTYMETAL,20180308,10:54,3745.65,3745.95,3742.1,3742.2,57
NIFTYMETAL,20180308,10:55,3742.25,3749.45,3740.55,3749.05,56
NIFTYMETAL,20180308,10:56,3749,3750.75,3746.3,3746.4,55
NIFTYMETAL,20180308,10:57,3746.45,3746.45,3741.3,3741.3,52
NIFTYMETAL,20180308,10:58,3741.35,3743.25,3739.05,3743.2,56
NIFTYMETAL,20180308,10:59,3743.1,3743.15,3739.85,3740.35,48
NIFTYMETAL,20180308,11:00,3740.2,3740.3,3736.95,3738.35,54
NIFTYMETAL,20180308,11:01,3738,3743.55,3737.6,3742.6,52
NIFTYMETAL,20180308,11:02,3741.85,3742.75,3741.45,3742.5,50
NIFTYMETAL,20180308,11:03,3742.35,3751.7,3742.15,3750.65,56
NIFTYMETAL,20180308,11:04,3750.75,3751.6,3749.5,3749.7,55
NIFTYMETAL,20180308,11:05,3749.6,3750.45,3746.8,3750.45,53
NIFTYMETAL,20180308,11:06,3750.05,3751.75,3749.45,3751.45,48
NIFTYMETAL,20180308,11:07,3750.85,3751.6,3747.8,3747.8,47
NIFTYMETAL,20180308,11:08,3747.85,3748.55,3743,3744.15,55
NIFTYMETAL,20180308,11:09,3744,3749.75,3743.55,3747.7,54
NIFTYMETAL,20180308,11:10,3747.85,3748.35,3746.35,3746.55,50
NIFTYMETAL,20180308,11:11,3746.5,3746.5,3742.65,3743.6,51
NIFTYMETAL,20180308,11:12,3743.65,3744.25,3742.7,3743.8,54
NIFTYMETAL,20180308,11:13,3743.85,3745.4,3743.55,3744.25,52
NIFTYMETAL,20180308,11:14,3743.65,3747.55,3742.9,3747.5,56
NIFTYMETAL,20180308,11:15,3746.95,3747.05,3745.35,3745.6,53
NIFTYMETAL,20180308,11:16,3745.5,3745.8,3742.95,3743.6,53
NIFTYMETAL,20180308,11:17,3743.5,3743.85,3741,3741.05,48
NIFTYMETAL,20180308,11:18,3741.15,3741.3,3739.15,3739.4,50
NIFTYMETAL,20180308,11:19,3739.3,3739.95,3738.25,3739.25,52
NIFTYMETAL,20180308,11:20,3739.8,3739.8,3738.1,3739.5,55
NIFTYMETAL,20180308,11:21,3739.6,3743.9,3739.4,3742,49
NIFTYMETAL,20180308,11:22,3741.95,3743.2,3740.95,3742.7,54
NIFTYMETAL,20180308,11:23,3742.9,3744.3,3742.1,3743.9,48
NIFTYMETAL,20180308,11:24,3743.85,3747.85,3743.45,3747.75,52
NIFTYMETAL,20180308,11:25,3747.65,3750.95,3747.25,3750.8,53
NIFTYMETAL,20180308,11:26,3750.7,3754.35,3750.7,3752.4,50
NIFTYMETAL,20180308,11:27,3751.9,3753.7,3750.85,3751.45,51
NIFTYMETAL,20180308,11:28,3751.4,3751.6,3750.1,3750.55,51
NIFTYMETAL,20180308,11:29,3750.7,3750.7,3748.5,3749.05,54
NIFTYMETAL,20180308,11:30,3749.4,3749.5,3748.3,3748.75,54
NIFTYMETAL,20180308,11:31,3749.25,3750.7,3749,3750.15,47
NIFTYMETAL,20180308,11:32,3750.2,3750.3,3748.95,3749.4,47
NIFTYMETAL,20180308,11:33,3749.25,3749.45,3748.2,3748.2,45
NIFTYMETAL,20180308,11:34,3748.25,3748.5,3747.3,3747.65,44
NIFTYMETAL,20180308,11:35,3747.7,3751.8,3747.45,3750.4,51
NIFTYMETAL,20180308,11:36,3750,3751.15,3749.5,3749.65,47
NIFTYMETAL,20180308,11:37,3749.5,3750.2,3748.55,3749.4,46
NIFTYMETAL,20180308,11:38,3749.55,3750.2,3749.35,3749.6,49
NIFTYMETAL,20180308,11:39,3749.45,3752.35,3749.35,3752.35,50
NIFTYMETAL,20180308,11:40,3753.05,3754.1,3752.55,3753.75,51
NIFTYMETAL,20180308,11:41,3753.8,3753.95,3751.6,3751.75,53
NIFTYMETAL,20180308,11:42,3751.95,3755.85,3751.7,3755.25,49
NIFTYMETAL,20180308,11:43,3755.35,3760.45,3755.2,3759.9,58
NIFTYMETAL,20180308,11:44,3759.75,3762.75,3759.4,3760.85,54
NIFTYMETAL,20180308,11:45,3761.35,3761.8,3760.65,3760.95,50
NIFTYMETAL,20180308,11:46,3761,3763,3761,3761.8,53
NIFTYMETAL,20180308,11:47,3761.6,3761.6,3758.5,3759.4,56
NIFTYMETAL,20180308,11:48,3759.55,3761.15,3759.2,3760.7,50
NIFTYMETAL,20180308,11:49,3760.65,3760.8,3757.4,3758.15,51
NIFTYMETAL,20180308,11:50,3757.5,3758.3,3755.05,3755.05,50
NIFTYMETAL,20180308,11:51,3754.7,3756.6,3754.3,3756,53
NIFTYMETAL,20180308,11:52,3755.85,3756.6,3755.7,3756.2,52
NIFTYMETAL,20180308,11:53,3756.35,3762.1,3756.2,3761.4,50
NIFTYMETAL,20180308,11:54,3761.5,3764.55,3761.45,3763.4,56
NIFTYMETAL,20180308,11:55,3763.55,3763.55,3759.5,3759.8,50
NIFTYMETAL,20180308,11:56,3760.05,3763.7,3759.2,3763.45,52
NIFTYMETAL,20180308,11:57,3762.85,3763.95,3762.8,3763.7,49
NIFTYMETAL,20180308,11:58,3763.65,3765.2,3763.35,3764.45,52
NIFTYMETAL,20180308,11:59,3764.3,3768.45,3764.3,3767.85,52
NIFTYMETAL,20180308,12:00,3767.65,3768.15,3764.9,3766.2,50
NIFTYMETAL,20180308,12:01,3766.1,3767.35,3764.6,3764.8,47
NIFTYMETAL,20180308,12:02,3765.25,3765.25,3762.5,3762.6,52
NIFTYMETAL,20180308,12:03,3762.8,3762.8,3758.5,3759.3,50
NIFTYMETAL,20180308,12:04,3759.5,3763.25,3756.7,3762,56
NIFTYMETAL,20180308,12:05,3762.25,3762.85,3759.85,3760.45,51
NIFTYMETAL,20180308,12:06,3760.6,3760.7,3758.05,3758.05,49
NIFTYMETAL,20180308,12:07,3758,3758.5,3756.65,3757.55,44
NIFTYMETAL,20180308,12:08,3756.7,3758.45,3756.65,3758.05,49
NIFTYMETAL,20180308,12:09,3758.1,3758.1,3757.15,3757.3,46
NIFTYMETAL,20180308,12:10,3757.6,3766.85,3757.6,3766.85,56
NIFTYMETAL,20180308,12:11,3766.5,3767.75,3765.5,3767.25,51
NIFTYMETAL,20180308,12:12,3767,3767.95,3765.75,3765.8,51
NIFTYMETAL,20180308,12:13,3765.85,3767.45,3764.05,3767.4,49
NIFTYMETAL,20180308,12:14,3767.45,3767.45,3761.3,3762.25,47
NIFTYMETAL,20180308,12:15,3761.3,3764.15,3760.8,3764.15,44
NIFTYMETAL,20180308,12:16,3764.2,3765.65,3763.65,3765.65,55
NIFTYMETAL,20180308,12:17,3765.75,3767.75,3765.05,3766.85,51
NIFTYMETAL,20180308,12:18,3767,3768.9,3766.55,3768.7,55
NIFTYMETAL,20180308,12:19,3768.9,3770.85,3767.6,3767.6,53
NIFTYMETAL,20180308,12:20,3767.15,3768.05,3766.5,3767.1,47
NIFTYMETAL,20180308,12:21,3767.9,3769.4,3767.1,3769.4,52
NIFTYMETAL,20180308,12:22,3769.65,3770.45,3767.5,3767.65,49
NIFTYMETAL,20180308,12:23,3767.75,3768.55,3765.45,3765.45,45
NIFTYMETAL,20180308,12:24,3764.8,3764.8,3762.9,3762.95,45
NIFTYMETAL,20180308,12:25,3762.85,3765.1,3762.25,3765.1,51
NIFTYMETAL,20180308,12:26,3765.55,3765.8,3764.25,3764.25,45
NIFTYMETAL,20180308,12:27,3764.3,3765.35,3764.15,3764.15,48
NIFTYMETAL,20180308,12:28,3764.1,3764.5,3761.4,3761.4,50
NIFTYMETAL,20180308,12:29,3761.05,3761.55,3759.1,3759.1,45
NIFTYMETAL,20180308,12:30,3758.8,3758.9,3756.25,3756.25,57
NIFTYMETAL,20180308,12:31,3756.6,3758.85,3756.2,3758.65,45
NIFTYMETAL,20180308,12:32,3758.55,3759.75,3756.95,3759.7,49
NIFTYMETAL,20180308,12:33,3759.5,3762.8,3759.1,3762.35,51
NIFTYMETAL,20180308,12:34,3762.25,3763.6,3760.8,3762.9,44
NIFTYMETAL,20180308,12:35,3762.8,3763.8,3762.15,3763.6,48
NIFTYMETAL,20180308,12:36,3763.7,3764.65,3763.3,3763.4,48
NIFTYMETAL,20180308,12:37,3763.15,3764.15,3762.85,3763.9,44
NIFTYMETAL,20180308,12:38,3764,3767.45,3764,3766.9,47
NIFTYMETAL,20180308,12:39,3766.85,3767.7,3766.5,3767.45,45
NIFTYMETAL,20180308,12:40,3767.35,3768.1,3765,3765,46
NIFTYMETAL,20180308,12:41,3764.95,3766.2,3764.5,3765.95,43
NIFTYMETAL,20180308,12:42,3765.9,3765.9,3763.45,3763.95,51
NIFTYMETAL,20180308,12:43,3763.7,3764.3,3762.65,3762.75,48
NIFTYMETAL,20180308,12:44,3762.8,3763.05,3761.7,3761.7,42
NIFTYMETAL,20180308,12:45,3761.65,3761.65,3760.05,3761.25,42
NIFTYMETAL,20180308,12:46,3761.35,3761.9,3760.5,3761.2,46
NIFTYMETAL,20180308,12:47,3760.7,3761,3759.25,3759.7,40
NIFTYMETAL,20180308,12:48,3759.25,3761.7,3758.6,3761.15,51
NIFTYMETAL,20180308,12:49,3761,3761,3759.15,3759.75,44
NIFTYMETAL,20180308,12:50,3759.6,3759.95,3758.3,3758.7,45
NIFTYMETAL,20180308,12:51,3758.6,3759.55,3757.65,3757.65,45
NIFTYMETAL,20180308,12:52,3757.5,3757.5,3754.7,3754.9,48
NIFTYMETAL,20180308,12:53,3755.05,3757.2,3754.65,3756.25,54
NIFTYMETAL,20180308,12:54,3756.5,3756.65,3755.3,3755.3,43
NIFTYMETAL,20180308,12:55,3755.25,3755.9,3754.25,3754.6,47
NIFTYMETAL,20180308,12:56,3755.3,3755.3,3753.1,3753.6,45
NIFTYMETAL,20180308,12:57,3753.8,3753.8,3750.5,3750.5,46
NIFTYMETAL,20180308,12:58,3750.2,3750.35,3748.3,3748.75,49
NIFTYMETAL,20180308,12:59,3748.8,3750.05,3747.9,3749.9,52
NIFTYMETAL,20180308,13:00,3750.05,3751.4,3749.35,3751.1,50
NIFTYMETAL,20180308,13:01,3750.7,3754,3750.7,3753.8,45
NIFTYMETAL,20180308,13:02,3753.6,3754.35,3753.15,3754.35,49
NIFTYMETAL,20180308,13:03,3754.4,3754.75,3753.55,3754.05,48
NIFTYMETAL,20180308,13:04,3753.95,3755.4,3753.2,3754.55,50
NIFTYMETAL,20180308,13:05,3754.45,3754.5,3750.95,3751.25,50
NIFTYMETAL,20180308,13:06,3751.05,3751.05,3745.9,3746.15,51
NIFTYMETAL,20180308,13:07,3746.35,3747.45,3745.8,3745.9,40
NIFTYMETAL,20180308,13:08,3745.5,3745.7,3743.65,3743.65,52
NIFTYMETAL,20180308,13:09,3743.6,3744.75,3743.15,3743.4,52
NIFTYMETAL,20180308,13:10,3743.25,3743.25,3739.95,3740.8,54
NIFTYMETAL,20180308,13:11,3741.3,3743.2,3740.15,3743.1,56
NIFTYMETAL,20180308,13:12,3743,3743.9,3740.5,3740.65,54
NIFTYMETAL,20180308,13:13,3740.25,3741.05,3738.95,3738.95,51
NIFTYMETAL,20180308,13:14,3739.15,3739.15,3734.8,3735.8,58
NIFTYMETAL,20180308,13:15,3735.55,3739,3735.2,3738.95,58
NIFTYMETAL,20180308,13:16,3738.5,3738.7,3737.1,3737.8,52
NIFTYMETAL,20180308,13:17,3737.85,3737.85,3734.05,3736.65,52
NIFTYMETAL,20180308,13:18,3736.45,3741.25,3736.1,3741.25,51
NIFTYMETAL,20180308,13:19,3741.8,3744.25,3741.8,3743.65,55
NIFTYMETAL,20180308,13:20,3743.6,3744.15,3742.5,3743.9,51
NIFTYMETAL,20180308,13:21,3744.2,3745.5,3743.3,3745.45,55
NIFTYMETAL,20180308,13:22,3745.5,3746.65,3745.1,3746,53
NIFTYMETAL,20180308,13:23,3746.5,3750.6,3746.2,3749.8,51
NIFTYMETAL,20180308,13:24,3749.5,3749.85,3745.95,3747.05,50
NIFTYMETAL,20180308,13:25,3746.95,3751.2,3746.95,3750.85,47
NIFTYMETAL,20180308,13:26,3750.7,3752.75,3750.4,3752.2,51
NIFTYMETAL,20180308,13:27,3752.15,3752.2,3750.2,3750.2,52
NIFTYMETAL,20180308,13:28,3750.15,3750.3,3746.95,3747,49
NIFTYMETAL,20180308,13:29,3747.25,3747.65,3745.9,3746.2,44
NIFTYMETAL,20180308,13:30,3746.25,3746.6,3745.3,3745.7,49
NIFTYMETAL,20180308,13:31,3745.6,3745.9,3741.05,3741.7,48
NIFTYMETAL,20180308,13:32,3742.05,3744.55,3741.55,3742.3,44
NIFTYMETAL,20180308,13:33,3742,3743.8,3740.15,3740.8,44
NIFTYMETAL,20180308,13:34,3740.95,3741.5,3740.15,3741.3,43
NIFTYMETAL,20180308,13:35,3741.45,3745.65,3741.35,3742.85,43
NIFTYMETAL,20180308,13:36,3742.9,3743.6,3742.4,3742.75,46
NIFTYMETAL,20180308,13:37,3743.6,3748.9,3743.45,3747,50
NIFTYMETAL,20180308,13:38,3746.7,3748.2,3746.5,3747.8,43
NIFTYMETAL,20180308,13:39,3747.7,3748.05,3743.8,3743.8,47
NIFTYMETAL,20180308,13:40,3744.2,3746.25,3743.7,3744.55,51
NIFTYMETAL,20180308,13:41,3744.6,3745.15,3744.05,3744.15,44
NIFTYMETAL,20180308,13:42,3744.3,3744.55,3741.4,3741.85,50
NIFTYMETAL,20180308,13:43,3741.9,3742.1,3740.15,3740.75,50
NIFTYMETAL,20180308,13:44,3740.8,3742,3740.3,3741.05,51
NIFTYMETAL,20180308,13:45,3740.85,3741.95,3740.25,3741.05,45
NIFTYMETAL,20180308,13:46,3740.75,3741.1,3739.75,3739.75,45
NIFTYMETAL,20180308,13:47,3739.1,3739.6,3736.8,3739.6,52
NIFTYMETAL,20180308,13:48,3740.05,3740.2,3731.25,3733.9,54
NIFTYMETAL,20180308,13:49,3734.05,3735,3732.7,3734.2,55
NIFTYMETAL,20180308,13:50,3733.8,3738.35,3732.9,3733.5,57
NIFTYMETAL,20180308,13:51,3733.15,3734.15,3728.95,3729.95,51
NIFTYMETAL,20180308,13:52,3730.15,3733.45,3729.5,3733.45,56
NIFTYMETAL,20180308,13:53,3733.65,3736.95,3733.65,3734.95,55
NIFTYMETAL,20180308,13:54,3734.4,3735.25,3731.95,3732.1,51
NIFTYMETAL,20180308,13:55,3732.2,3732.3,3727.85,3728.1,52
NIFTYMETAL,20180308,13:56,3727.6,3728.9,3726.15,3726.65,56
NIFTYMETAL,20180308,13:57,3726.15,3728.3,3726.15,3727.1,49
NIFTYMETAL,20180308,13:58,3727.05,3727.15,3725.2,3726.1,56
NIFTYMETAL,20180308,13:59,3725.65,3728.75,3725.65,3728.05,56
NIFTYMETAL,20180308,14:00,3728.1,3732.65,3728.1,3731.3,53
NIFTYMETAL,20180308,14:01,3731.45,3731.6,3729.8,3730.85,45
NIFTYMETAL,20180308,14:02,3730.4,3730.5,3724.75,3724.75,49
NIFTYMETAL,20180308,14:03,3724.65,3724.9,3722.15,3723.5,58
NIFTYMETAL,20180308,14:04,3723.1,3723.4,3717.3,3720.1,57
NIFTYMETAL,20180308,14:05,3720.05,3725.2,3719.15,3723.05,55
NIFTYMETAL,20180308,14:06,3723.15,3724,3723,3723.75,46
NIFTYMETAL,20180308,14:07,3723.55,3728.25,3723.2,3725.75,56
NIFTYMETAL,20180308,14:08,3725.85,3728.2,3724.25,3727.7,58
NIFTYMETAL,20180308,14:09,3727.3,3730.95,3727.3,3730.15,50
NIFTYMETAL,20180308,14:10,3729.7,3730,3727.15,3728.2,51
NIFTYMETAL,20180308,14:11,3728.65,3730.4,3728.15,3729.45,51
NIFTYMETAL,20180308,14:12,3729.55,3731.3,3729.2,3730.7,50
NIFTYMETAL,20180308,14:13,3730.65,3731.25,3729.05,3729.05,54
NIFTYMETAL,20180308,14:14,3729.35,3731.8,3728.75,3731.15,51
NIFTYMETAL,20180308,14:15,3731.35,3734.05,3731.25,3733,54
NIFTYMETAL,20180308,14:16,3733.1,3734.15,3732.15,3732.8,57
NIFTYMETAL,20180308,14:17,3732.85,3735.5,3732.85,3735.05,50
NIFTYMETAL,20180308,14:18,3734.95,3742.25,3734.6,3741.5,57
NIFTYMETAL,20180308,14:19,3741.65,3742.4,3739.7,3740.9,55
NIFTYMETAL,20180308,14:20,3740.1,3740.1,3736.7,3736.7,50
NIFTYMETAL,20180308,14:21,3736.85,3739.9,3736.75,3739.9,54
NIFTYMETAL,20180308,14:22,3739.25,3739.45,3736,3737.4,54
NIFTYMETAL,20180308,14:23,3737.35,3737.35,3735.05,3735.05,50
NIFTYMETAL,20180308,14:24,3735.25,3737.6,3735.25,3737.1,50
NIFTYMETAL,20180308,14:25,3737,3737.6,3736.05,3737.05,53
NIFTYMETAL,20180308,14:26,3737.2,3741.05,3737.2,3741.05,52
NIFTYMETAL,20180308,14:27,3740.3,3744.45,3740.2,3744.45,49
NIFTYMETAL,20180308,14:28,3744.6,3744.7,3740.75,3740.95,56
NIFTYMETAL,20180308,14:29,3740.8,3741.4,3739.75,3740.8,50
NIFTYMETAL,20180308,14:30,3740.45,3740.45,3735.3,3735.85,47
NIFTYMETAL,20180308,14:31,3736.05,3740.35,3736.05,3740.05,50
NIFTYMETAL,20180308,14:32,3740.25,3742.65,3739.35,3742.65,52
NIFTYMETAL,20180308,14:33,3742.95,3743.7,3741.35,3742.5,55
NIFTYMETAL,20180308,14:34,3742.45,3750,3742.05,3749.05,55
NIFTYMETAL,20180308,14:35,3750.05,3753.65,3750.05,3751,55
NIFTYMETAL,20180308,14:36,3750.9,3751.1,3749.1,3750.6,56
NIFTYMETAL,20180308,14:37,3750.85,3751.05,3748.5,3750.2,51
NIFTYMETAL,20180308,14:38,3750.45,3756,3749.65,3755.85,58
NIFTYMETAL,20180308,14:39,3754.8,3761,3754.35,3760.7,57
NIFTYMETAL,20180308,14:40,3760.55,3767.75,3759.95,3766.85,59
NIFTYMETAL,20180308,14:41,3766.8,3768.9,3762.55,3763.05,59
NIFTYMETAL,20180308,14:42,3762.75,3763.05,3755.9,3755.9,54
NIFTYMETAL,20180308,14:43,3756.15,3758.15,3755.4,3756.5,53
NIFTYMETAL,20180308,14:44,3756.6,3756.6,3751.8,3752.1,55
NIFTYMETAL,20180308,14:45,3752.05,3759.15,3751.95,3756.4,56
NIFTYMETAL,20180308,14:46,3756.35,3759.7,3754.9,3759.7,54
NIFTYMETAL,20180308,14:47,3759.6,3759.6,3755.45,3756.95,54
NIFTYMETAL,20180308,14:48,3757.05,3757.15,3752.95,3753.6,54
NIFTYMETAL,20180308,14:49,3753.5,3754.3,3752.5,3753.95,51
NIFTYMETAL,20180308,14:50,3754,3754.1,3750.2,3750.7,50
NIFTYMETAL,20180308,14:51,3750.85,3751.55,3749.6,3750.55,54
NIFTYMETAL,20180308,14:52,3750.7,3753.9,3750.35,3753.05,46
NIFTYMETAL,20180308,14:53,3752.8,3753.65,3749.1,3750,46
NIFTYMETAL,20180308,14:54,3750.05,3751.15,3749.75,3750.8,51
NIFTYMETAL,20180308,14:55,3750.9,3752.95,3750.45,3752.55,50
NIFTYMETAL,20180308,14:56,3752.5,3755.8,3752.5,3754.5,50
NIFTYMETAL,20180308,14:57,3754.6,3757.15,3753.65,3757.1,54
NIFTYMETAL,20180308,14:58,3756.9,3759.55,3756.9,3758.6,51
NIFTYMETAL,20180308,14:59,3758.35,3760.8,3757.55,3760.3,53
NIFTYMETAL,20180308,15:00,3760.4,3760.4,3756.2,3756.4,50
NIFTYMETAL,20180308,15:01,3756.3,3758.9,3755.75,3758.9,53
NIFTYMETAL,20180308,15:02,3759.35,3760.6,3758.3,3760.1,53
NIFTYMETAL,20180308,15:03,3760.05,3765.7,3760.05,3764.85,54
NIFTYMETAL,20180308,15:04,3764.55,3764.9,3762.3,3764.8,57
NIFTYMETAL,20180308,15:05,3764.85,3765.4,3762.5,3763.95,58
NIFTYMETAL,20180308,15:06,3764,3766.6,3763.3,3763.3,55
NIFTYMETAL,20180308,15:07,3763.5,3763.85,3759.5,3759.5,55
NIFTYMETAL,20180308,15:08,3759.55,3760.7,3755.45,3756.3,58
NIFTYMETAL,20180308,15:09,3756.1,3758.05,3755.9,3758,56
NIFTYMETAL,20180308,15:10,3757.85,3760.1,3755.4,3755.4,52
NIFTYMETAL,20180308,15:11,3753.55,3754.55,3751.7,3753.75,55
NIFTYMETAL,20180308,15:12,3753.45,3755.9,3748.75,3748.95,57
NIFTYMETAL,20180308,15:13,3749.25,3749.25,3744.9,3746.7,57
NIFTYMETAL,20180308,15:14,3747,3750.25,3746.95,3749.4,54
NIFTYMETAL,20180308,15:15,3749.55,3751.3,3748.85,3750.05,58
NIFTYMETAL,20180308,15:16,3749.7,3753.4,3748.1,3752.2,59
NIFTYMETAL,20180308,15:17,3752.05,3756.75,3752.05,3756.4,59
NIFTYMETAL,20180308,15:18,3757.05,3760.45,3757.05,3757.75,57
NIFTYMETAL,20180308,15:19,3757.5,3759.1,3755.35,3758.75,57
NIFTYMETAL,20180308,15:20,3758.55,3759,3757.6,3758.4,57
NIFTYMETAL,20180308,15:21,3758.7,3760.45,3757.45,3757.9,58
NIFTYMETAL,20180308,15:22,3757.55,3759.75,3755.45,3757.25,58
NIFTYMETAL,20180308,15:23,3757,3757.2,3754.6,3756.7,59
NIFTYMETAL,20180308,15:24,3756.55,3756.55,3754.35,3755.8,58
NIFTYMETAL,20180308,15:25,3755.5,3759.1,3755.4,3758.85,51
NIFTYMETAL,20180308,15:26,3759.1,3759.1,3754.75,3755.5,54
NIFTYMETAL,20180308,15:27,3755,3756.05,3754.3,3755.7,56
NIFTYMETAL,20180308,15:28,3755.45,3756,3754.45,3754.7,53
NIFTYMETAL,20180308,15:29,3755.25,3755.45,3752.95,3753.45,56
NIFTYMETAL,20180308,15:30,3753.25,3754.3,3751.75,3752.75,57
NIFTYMETAL,20180308,15:31,3752.35,3752.35,3752.35,3752.35,1
NIFTYMETAL,20180308,15:32,3753.3,3756,3753.3,3756,2
