VOLTAS_F1,20190227,09:16,541.45,541.90,541.30,541.90,6000,2656000
VOLTAS_F1,20190227,09:17,539.50,541.05,539.50,541.05,25000,2658000
VOLTAS_F1,20190227,09:18,541.00,541.10,540.80,540.80,13000,2658000
VOLTAS_F1,20190227,09:19,540.90,542.30,540.90,542.30,48000,2658000
VOLTAS_F1,20190227,09:20,543.50,543.50,541.80,542.45,61000,2672000
VOLTAS_F1,20190227,09:21,542.35,542.50,541.20,541.20,45000,2672000
VOLTAS_F1,20190227,09:22,541.60,541.60,540.90,541.45,15000,2672000
VOLTAS_F1,20190227,09:23,541.15,541.60,541.15,541.60,8000,2719000
VOLTAS_F1,20190227,09:24,541.50,541.50,541.50,541.50,1000,2719000
VOLTAS_F1,20190227,09:25,541.35,541.35,541.35,541.35,22000,2719000
VOLTAS_F1,20190227,09:26,541.30,541.30,540.80,540.95,8000,2729000
VOLTAS_F1,20190227,09:27,540.95,541.15,540.90,540.95,13000,2729000
VOLTAS_F1,20190227,09:28,540.50,540.50,539.95,540.00,13000,2729000
VOLTAS_F1,20190227,09:29,539.60,539.60,539.60,539.60,4000,2735000
VOLTAS_F1,20190227,09:30,539.90,539.90,539.90,539.90,1000,2735000
VOLTAS_F1,20190227,09:31,539.65,539.70,539.35,539.70,5000,2735000
VOLTAS_F1,20190227,09:32,540.05,540.05,539.55,539.55,6000,2734000
VOLTAS_F1,20190227,09:33,539.95,539.95,538.95,539.20,15000,2734000
VOLTAS_F1,20190227,09:34,539.10,539.70,539.10,539.70,4000,2734000
VOLTAS_F1,20190227,09:35,539.75,540.95,539.75,540.95,21000,2734000
VOLTAS_F1,20190227,09:36,541.40,541.40,540.35,540.60,28000,2734000
VOLTAS_F1,20190227,09:37,541.25,541.40,540.85,541.30,17000,2734000
VOLTAS_F1,20190227,09:38,540.80,540.85,540.50,540.85,7000,2723000
VOLTAS_F1,20190227,09:39,540.30,540.30,540.00,540.00,8000,2723000
VOLTAS_F1,20190227,09:40,539.95,539.95,539.95,539.95,1000,2723000
VOLTAS_F1,20190227,09:41,540.15,540.15,539.30,539.30,19000,2723000
VOLTAS_F1,20190227,09:42,539.00,539.00,538.95,538.95,2000,2723000
VOLTAS_F1,20190227,09:43,538.50,539.50,538.50,539.05,14000,2723000
VOLTAS_F1,20190227,09:44,539.45,539.65,539.25,539.65,4000,2720000
VOLTAS_F1,20190227,09:45,539.20,539.20,539.05,539.05,3000,2720000
VOLTAS_F1,20190227,09:46,539.45,539.45,539.45,539.45,1000,2720000
VOLTAS_F1,20190227,09:47,539.80,540.00,539.80,540.00,6000,2720000
VOLTAS_F1,20190227,09:48,540.00,540.00,539.85,539.85,3000,2720000
VOLTAS_F1,20190227,09:49,540.45,540.45,540.45,540.45,3000,2720000
VOLTAS_F1,20190227,09:50,540.45,540.50,540.10,540.10,7000,2721000
VOLTAS_F1,20190227,09:51,540.45,540.75,540.45,540.75,3000,2721000
VOLTAS_F1,20190227,09:52,540.80,540.80,540.45,540.45,2000,2721000
VOLTAS_F1,20190227,09:53,540.80,540.80,540.80,540.80,13000,2717000
VOLTAS_F1,20190227,09:54,541.00,541.50,541.00,541.50,4000,2717000
VOLTAS_F1,20190227,09:55,541.05,541.05,541.05,541.05,3000,2717000
VOLTAS_F1,20190227,09:56,540.50,540.60,540.45,540.60,4000,2718000
VOLTAS_F1,20190227,09:57,540.70,541.50,540.70,541.50,24000,2718000
VOLTAS_F1,20190227,09:58,541.00,541.00,541.00,541.00,1000,2718000
VOLTAS_F1,20190227,09:59,540.85,541.50,540.85,541.25,7000,2713000
VOLTAS_F1,20190227,10:00,541.35,542.00,541.35,541.65,19000,2713000
VOLTAS_F1,20190227,10:01,542.05,542.20,541.70,542.20,3000,2713000
VOLTAS_F1,20190227,10:02,541.95,541.95,541.95,541.95,4000,2725000
VOLTAS_F1,20190227,10:03,542.30,542.55,542.10,542.55,36000,2725000
VOLTAS_F1,20190227,10:04,542.70,542.75,542.70,542.75,16000,2725000
VOLTAS_F1,20190227,10:05,543.25,543.50,543.25,543.50,7000,2710000
VOLTAS_F1,20190227,10:06,543.20,544.25,543.20,544.25,28000,2710000
VOLTAS_F1,20190227,10:07,544.65,545.20,544.30,545.15,61000,2710000
VOLTAS_F1,20190227,10:08,545.40,545.95,545.00,545.15,45000,2693000
VOLTAS_F1,20190227,10:09,544.80,546.00,544.80,545.50,26000,2693000
VOLTAS_F1,20190227,10:10,545.30,545.60,545.00,545.50,17000,2693000
VOLTAS_F1,20190227,10:11,545.65,545.65,544.70,544.70,19000,2697000
VOLTAS_F1,20190227,10:12,544.60,546.40,544.60,545.65,34000,2697000
VOLTAS_F1,20190227,10:13,545.60,546.25,545.55,546.15,26000,2697000
VOLTAS_F1,20190227,10:14,546.00,546.00,545.75,546.00,32000,2703000
VOLTAS_F1,20190227,10:15,545.75,546.05,545.75,546.05,24000,2703000
VOLTAS_F1,20190227,10:16,546.45,546.45,545.70,545.70,34000,2703000
VOLTAS_F1,20190227,10:17,545.50,546.40,545.50,546.40,25000,2666000
VOLTAS_F1,20190227,10:18,546.10,546.50,546.10,546.25,23000,2666000
VOLTAS_F1,20190227,10:19,546.10,546.20,546.10,546.20,25000,2666000
VOLTAS_F1,20190227,10:20,546.45,547.35,546.45,547.00,30000,2648000
VOLTAS_F1,20190227,10:21,546.60,546.60,546.20,546.35,32000,2648000
VOLTAS_F1,20190227,10:22,546.00,546.00,545.05,545.05,19000,2648000
VOLTAS_F1,20190227,10:23,545.10,545.40,545.00,545.35,15000,2655000
VOLTAS_F1,20190227,10:24,545.40,545.70,545.40,545.70,2000,2655000
VOLTAS_F1,20190227,10:25,545.40,545.45,545.15,545.45,4000,2655000
VOLTAS_F1,20190227,10:26,545.45,546.00,545.45,546.00,10000,2652000
VOLTAS_F1,20190227,10:27,546.00,546.00,545.80,545.80,9000,2652000
VOLTAS_F1,20190227,10:28,545.75,545.75,545.75,545.75,2000,2652000
VOLTAS_F1,20190227,10:29,545.75,545.75,545.75,545.75,1000,2644000
VOLTAS_F1,20190227,10:30,545.75,546.00,545.75,546.00,4000,2644000
VOLTAS_F1,20190227,10:31,546.00,546.00,546.00,546.00,1000,2644000
VOLTAS_F1,20190227,10:32,545.80,546.70,545.80,546.70,14000,2639000
VOLTAS_F1,20190227,10:33,546.90,546.90,546.65,546.65,15000,2639000
VOLTAS_F1,20190227,10:34,546.85,546.85,546.85,546.85,1000,2639000
VOLTAS_F1,20190227,10:35,547.00,547.00,546.50,546.50,21000,2645000
VOLTAS_F1,20190227,10:36,546.75,548.00,546.75,547.75,36000,2645000
VOLTAS_F1,20190227,10:37,547.70,548.00,547.35,547.35,12000,2645000
VOLTAS_F1,20190227,10:38,547.45,548.25,547.45,548.10,11000,2634000
VOLTAS_F1,20190227,10:39,548.70,549.90,548.40,549.90,85000,2634000
VOLTAS_F1,20190227,10:40,550.30,551.30,549.85,550.90,66000,2634000
VOLTAS_F1,20190227,10:41,551.15,551.15,550.80,551.00,43000,2655000
VOLTAS_F1,20190227,10:42,551.30,551.50,551.00,551.10,24000,2655000
VOLTAS_F1,20190227,10:43,551.10,551.20,550.80,551.15,22000,2655000
VOLTAS_F1,20190227,10:44,551.10,551.35,551.05,551.05,13000,2668000
VOLTAS_F1,20190227,10:45,550.80,552.45,550.80,552.45,35000,2668000
VOLTAS_F1,20190227,10:46,552.15,552.85,552.15,552.85,14000,2668000
VOLTAS_F1,20190227,10:47,553.20,553.55,552.95,553.20,35000,2682000
VOLTAS_F1,20190227,10:48,553.05,553.05,552.55,552.60,16000,2682000
VOLTAS_F1,20190227,10:49,552.50,553.20,552.45,553.05,18000,2686000
VOLTAS_F1,20190227,10:50,553.20,553.95,553.20,553.75,34000,2686000
VOLTAS_F1,20190227,10:51,552.90,553.40,552.90,553.30,16000,2686000
VOLTAS_F1,20190227,10:52,553.15,553.15,552.60,552.80,9000,2677000
VOLTAS_F1,20190227,10:53,552.70,553.20,552.45,553.20,12000,2677000
VOLTAS_F1,20190227,10:54,553.50,554.45,553.50,554.45,19000,2677000
VOLTAS_F1,20190227,10:55,554.60,554.85,554.55,554.60,11000,2677000
VOLTAS_F1,20190227,10:56,554.60,554.60,554.00,554.00,14000,2665000
VOLTAS_F1,20190227,10:57,554.10,554.20,554.05,554.20,4000,2665000
VOLTAS_F1,20190227,10:58,554.50,554.50,554.10,554.10,5000,2665000
VOLTAS_F1,20190227,10:59,554.05,554.05,554.00,554.00,4000,2664000
VOLTAS_F1,20190227,11:00,553.70,553.90,553.70,553.90,4000,2664000
VOLTAS_F1,20190227,11:01,553.50,553.75,553.45,553.70,12000,2664000
VOLTAS_F1,20190227,11:02,553.80,554.85,553.65,554.85,26000,2664000
VOLTAS_F1,20190227,11:03,554.75,554.90,554.25,554.25,12000,2664000
VOLTAS_F1,20190227,11:04,554.25,554.75,554.25,554.75,16000,2664000
VOLTAS_F1,20190227,11:05,555.40,556.00,555.10,555.50,42000,2673000
VOLTAS_F1,20190227,11:06,555.55,557.35,555.55,557.00,28000,2673000
VOLTAS_F1,20190227,11:07,557.00,557.00,556.65,556.65,17000,2673000
VOLTAS_F1,20190227,11:08,556.70,557.00,556.70,556.70,6000,2684000
VOLTAS_F1,20190227,11:09,556.85,556.85,556.25,556.30,13000,2684000
VOLTAS_F1,20190227,11:10,556.20,556.40,555.95,555.95,19000,2679000
VOLTAS_F1,20190227,11:11,555.95,556.00,555.65,555.65,9000,2679000
VOLTAS_F1,20190227,11:12,555.65,555.65,555.25,555.25,4000,2679000
VOLTAS_F1,20190227,11:13,555.45,557.40,555.45,556.95,42000,2679000
VOLTAS_F1,20190227,11:14,557.00,557.95,557.00,557.50,21000,2676000
VOLTAS_F1,20190227,11:15,557.75,557.95,557.60,557.60,8000,2676000
VOLTAS_F1,20190227,11:16,557.50,558.20,557.50,557.50,47000,2676000
VOLTAS_F1,20190227,11:17,557.50,557.65,557.25,557.25,13000,2698000
VOLTAS_F1,20190227,11:18,557.05,557.60,556.30,557.00,67000,2698000
VOLTAS_F1,20190227,11:19,557.40,557.80,556.25,556.25,31000,2698000
VOLTAS_F1,20190227,11:20,556.05,556.05,554.60,554.85,26000,2732000
VOLTAS_F1,20190227,11:21,554.90,554.90,554.00,554.00,17000,2732000
VOLTAS_F1,20190227,11:22,553.95,554.50,553.40,554.05,22000,2732000
VOLTAS_F1,20190227,11:23,554.00,554.50,554.00,554.40,8000,2719000
VOLTAS_F1,20190227,11:24,554.05,554.05,553.05,553.05,11000,2719000
VOLTAS_F1,20190227,11:25,552.80,553.70,552.70,553.70,16000,2719000
VOLTAS_F1,20190227,11:26,553.40,553.65,552.50,552.50,8000,2712000
VOLTAS_F1,20190227,11:27,552.55,552.55,551.20,551.20,19000,2712000
VOLTAS_F1,20190227,11:28,551.20,551.20,550.70,550.85,29000,2712000
VOLTAS_F1,20190227,11:29,550.70,550.90,549.80,549.80,27000,2709000
VOLTAS_F1,20190227,11:30,549.65,551.45,549.65,551.15,11000,2709000
VOLTAS_F1,20190227,11:31,551.75,552.25,551.75,551.75,8000,2709000
VOLTAS_F1,20190227,11:32,551.35,551.40,551.25,551.25,3000,2705000
VOLTAS_F1,20190227,11:33,551.35,552.75,551.35,552.75,10000,2705000
VOLTAS_F1,20190227,11:34,552.70,552.70,552.20,552.55,4000,2705000
VOLTAS_F1,20190227,11:35,551.95,551.95,551.45,551.55,3000,2703000
VOLTAS_F1,20190227,11:36,551.05,551.05,550.55,551.05,9000,2703000
VOLTAS_F1,20190227,11:37,551.35,551.35,551.00,551.00,5000,2703000
VOLTAS_F1,20190227,11:38,550.65,550.90,549.70,549.85,29000,2705000
VOLTAS_F1,20190227,11:39,549.85,549.85,548.50,548.85,34000,2705000
VOLTAS_F1,20190227,11:40,549.00,549.00,547.70,548.50,29000,2683000
VOLTAS_F1,20190227,11:41,548.20,548.50,548.00,548.45,25000,2683000
VOLTAS_F1,20190227,11:42,548.05,548.70,547.80,548.70,17000,2683000
VOLTAS_F1,20190227,11:43,548.30,548.30,547.85,547.95,30000,2683000
VOLTAS_F1,20190227,11:44,548.25,548.45,547.55,547.95,26000,2676000
VOLTAS_F1,20190227,11:45,548.40,548.95,548.40,548.50,5000,2676000
VOLTAS_F1,20190227,11:46,548.20,549.90,548.20,549.90,7000,2676000
VOLTAS_F1,20190227,11:47,549.95,549.95,549.00,549.00,5000,2677000
VOLTAS_F1,20190227,11:48,548.45,549.00,548.45,549.00,4000,2677000
VOLTAS_F1,20190227,11:49,549.40,549.95,549.40,549.95,7000,2677000
VOLTAS_F1,20190227,11:50,549.70,549.90,549.20,549.60,11000,2661000
VOLTAS_F1,20190227,11:51,550.30,550.35,549.95,550.35,6000,2661000
VOLTAS_F1,20190227,11:52,549.95,550.00,549.70,550.00,7000,2661000
VOLTAS_F1,20190227,11:53,550.25,550.25,549.65,550.10,7000,2664000
VOLTAS_F1,20190227,11:54,550.25,550.25,549.15,549.45,18000,2664000
VOLTAS_F1,20190227,11:55,549.05,549.60,549.00,549.60,8000,2664000
VOLTAS_F1,20190227,11:56,549.90,549.95,549.90,549.95,11000,2666000
VOLTAS_F1,20190227,11:57,549.90,549.95,549.40,549.40,4000,2666000
VOLTAS_F1,20190227,11:58,549.45,549.45,547.50,547.50,41000,2666000
VOLTAS_F1,20190227,11:59,547.50,547.55,546.85,547.20,37000,2662000
VOLTAS_F1,20190227,12:00,547.95,547.95,547.75,547.75,8000,2662000
VOLTAS_F1,20190227,12:01,547.50,547.55,546.80,546.95,36000,2662000
VOLTAS_F1,20190227,12:02,547.20,547.20,546.20,546.35,20000,2659000
VOLTAS_F1,20190227,12:03,546.05,547.25,546.05,546.25,21000,2659000
VOLTAS_F1,20190227,12:04,546.15,546.45,545.85,546.00,32000,2638000
VOLTAS_F1,20190227,12:05,545.95,545.95,545.15,545.70,29000,2638000
VOLTAS_F1,20190227,12:06,545.75,545.75,544.80,545.45,22000,2638000
VOLTAS_F1,20190227,12:07,545.00,545.00,543.00,543.00,40000,2638000
VOLTAS_F1,20190227,12:08,543.35,544.35,543.00,544.35,24000,2622000
VOLTAS_F1,20190227,12:09,545.05,545.45,544.50,545.00,7000,2622000
VOLTAS_F1,20190227,12:10,544.85,544.85,543.00,543.15,33000,2622000
VOLTAS_F1,20190227,12:11,542.70,543.00,542.10,542.15,39000,2612000
VOLTAS_F1,20190227,12:12,542.25,542.25,540.50,541.30,57000,2612000
VOLTAS_F1,20190227,12:13,541.10,541.50,540.05,540.55,38000,2612000
VOLTAS_F1,20190227,12:14,540.55,541.00,540.50,540.75,7000,2625000
VOLTAS_F1,20190227,12:15,541.00,541.50,540.45,540.45,16000,2625000
VOLTAS_F1,20190227,12:16,541.10,543.00,541.10,542.60,8000,2625000
VOLTAS_F1,20190227,12:17,543.20,544.15,543.00,543.90,33000,2625000
VOLTAS_F1,20190227,12:18,543.95,544.50,543.55,544.50,17000,2625000
VOLTAS_F1,20190227,12:19,544.55,545.00,544.50,544.85,14000,2625000
VOLTAS_F1,20190227,12:20,544.65,544.95,544.65,544.95,3000,2597000
VOLTAS_F1,20190227,12:21,544.50,546.30,544.50,545.95,25000,2597000
VOLTAS_F1,20190227,12:22,545.45,546.15,545.45,546.15,6000,2633000
VOLTAS_F1,20190227,12:23,546.50,547.25,546.50,547.10,11000,2633000
VOLTAS_F1,20190227,12:24,546.60,546.80,545.80,546.20,7000,2633000
VOLTAS_F1,20190227,12:25,544.65,545.00,544.20,544.20,9000,2633000
VOLTAS_F1,20190227,12:26,544.30,545.65,544.30,545.65,29000,2627000
VOLTAS_F1,20190227,12:27,545.40,545.40,544.50,544.70,24000,2627000
VOLTAS_F1,20190227,12:28,544.40,544.40,543.85,543.90,23000,2627000
VOLTAS_F1,20190227,12:29,543.45,544.70,543.45,544.70,44000,2649000
VOLTAS_F1,20190227,12:30,544.25,544.60,544.25,544.40,7000,2649000
VOLTAS_F1,20190227,12:31,544.45,544.60,544.45,544.50,8000,2649000
VOLTAS_F1,20190227,12:32,544.05,544.05,542.75,542.75,6000,2688000
VOLTAS_F1,20190227,12:33,542.95,544.00,542.95,543.80,16000,2688000
VOLTAS_F1,20190227,12:34,544.05,544.05,544.05,544.05,1000,2688000
VOLTAS_F1,20190227,12:35,543.75,544.05,543.75,544.05,2000,2693000
VOLTAS_F1,20190227,12:36,544.05,544.45,544.05,544.45,3000,2693000
VOLTAS_F1,20190227,12:37,544.50,544.50,544.10,544.10,6000,2693000
VOLTAS_F1,20190227,12:38,544.30,544.50,544.30,544.50,4000,2696000
VOLTAS_F1,20190227,12:39,544.95,544.95,544.95,544.95,3000,2696000
VOLTAS_F1,20190227,12:40,545.35,545.35,544.50,545.05,6000,2696000
VOLTAS_F1,20190227,12:41,543.90,543.90,543.90,543.90,1000,2685000
VOLTAS_F1,20190227,12:42,543.95,543.95,543.95,543.95,1000,2685000
VOLTAS_F1,20190227,12:43,543.70,544.05,543.70,544.05,4000,2685000
VOLTAS_F1,20190227,12:45,543.80,543.90,543.80,543.90,2000,2685000
VOLTAS_F1,20190227,12:46,543.50,543.50,543.35,543.35,5000,2685000
VOLTAS_F1,20190227,12:47,544.05,545.75,544.05,545.75,15000,2683000
VOLTAS_F1,20190227,12:48,545.10,545.30,545.10,545.30,7000,2683000
VOLTAS_F1,20190227,12:49,544.75,544.85,544.75,544.85,3000,2682000
VOLTAS_F1,20190227,12:50,544.85,544.85,544.65,544.65,9000,2682000
VOLTAS_F1,20190227,12:51,544.30,544.65,544.30,544.65,8000,2682000
VOLTAS_F1,20190227,12:52,545.20,545.50,545.20,545.50,7000,2682000
VOLTAS_F1,20190227,12:53,545.30,545.35,545.30,545.35,5000,2681000
VOLTAS_F1,20190227,12:54,545.50,545.60,545.45,545.45,5000,2681000
VOLTAS_F1,20190227,12:55,545.05,545.05,544.05,544.50,9000,2681000
VOLTAS_F1,20190227,12:56,545.00,545.00,545.00,545.00,1000,2681000
VOLTAS_F1,20190227,12:58,544.70,544.70,544.50,544.50,8000,2673000
VOLTAS_F1,20190227,12:59,543.50,543.50,543.00,543.00,22000,2638000
VOLTAS_F1,20190227,13:00,543.20,543.20,542.50,542.50,3000,2638000
VOLTAS_F1,20190227,13:01,542.45,542.50,542.30,542.30,6000,2638000
VOLTAS_F1,20190227,13:02,542.35,542.40,542.25,542.25,4000,2631000
VOLTAS_F1,20190227,13:03,542.55,543.40,542.55,543.40,5000,2631000
VOLTAS_F1,20190227,13:04,543.50,543.50,543.05,543.05,5000,2631000
VOLTAS_F1,20190227,13:05,543.05,543.50,543.05,543.50,21000,2631000
VOLTAS_F1,20190227,13:06,543.90,543.90,543.45,543.90,13000,2631000
VOLTAS_F1,20190227,13:07,543.60,543.60,543.60,543.60,1000,2631000
VOLTAS_F1,20190227,13:08,543.70,543.70,543.70,543.70,1000,2631000
VOLTAS_F1,20190227,13:10,544.20,544.20,544.20,544.20,1000,2628000
VOLTAS_F1,20190227,13:11,543.50,543.50,543.20,543.20,4000,2629000
VOLTAS_F1,20190227,13:12,543.25,543.25,543.10,543.10,5000,2629000
VOLTAS_F1,20190227,13:13,543.10,543.10,542.20,542.20,34000,2629000
VOLTAS_F1,20190227,13:14,542.10,542.10,542.10,542.10,4000,2633000
VOLTAS_F1,20190227,13:15,542.00,542.00,541.00,541.00,25000,2633000
VOLTAS_F1,20190227,13:16,541.70,541.70,541.55,541.55,3000,2633000
VOLTAS_F1,20190227,13:17,541.45,541.45,540.95,540.95,7000,2644000
VOLTAS_F1,20190227,13:18,540.95,541.15,540.80,541.15,14000,2644000
VOLTAS_F1,20190227,13:19,541.30,541.30,541.00,541.00,18000,2644000
VOLTAS_F1,20190227,13:20,541.05,541.05,541.05,541.05,1000,2649000
VOLTAS_F1,20190227,13:21,541.05,541.20,540.50,540.50,15000,2649000
VOLTAS_F1,20190227,13:22,540.50,540.50,539.00,539.00,38000,2634000
VOLTAS_F1,20190227,13:23,538.90,539.35,538.15,538.50,30000,2634000
VOLTAS_F1,20190227,13:24,539.00,539.00,538.20,538.20,4000,2634000
VOLTAS_F1,20190227,13:25,538.75,539.25,538.60,539.25,6000,2634000
VOLTAS_F1,20190227,13:26,539.65,539.90,539.65,539.90,6000,2620000
VOLTAS_F1,20190227,13:27,539.90,541.25,539.90,541.25,7000,2620000
VOLTAS_F1,20190227,13:28,541.55,541.55,541.55,541.55,2000,2620000
VOLTAS_F1,20190227,13:29,542.30,542.50,542.30,542.50,9000,2614000
VOLTAS_F1,20190227,13:30,541.75,542.00,541.75,542.00,5000,2614000
VOLTAS_F1,20190227,13:31,542.05,542.05,542.05,542.05,3000,2614000
VOLTAS_F1,20190227,13:32,542.55,543.20,542.55,543.20,3000,2616000
VOLTAS_F1,20190227,13:33,543.45,543.75,543.25,543.75,14000,2616000
VOLTAS_F1,20190227,13:34,544.20,544.20,544.00,544.00,7000,2616000
VOLTAS_F1,20190227,13:35,544.00,545.05,544.00,545.05,8000,2619000
VOLTAS_F1,20190227,13:36,545.05,545.30,544.90,545.30,8000,2619000
VOLTAS_F1,20190227,13:37,545.45,545.45,545.00,545.00,6000,2619000
VOLTAS_F1,20190227,13:38,545.00,545.20,545.00,545.20,4000,2617000
VOLTAS_F1,20190227,13:39,545.35,546.00,545.35,545.90,10000,2617000
VOLTAS_F1,20190227,13:40,545.90,545.90,545.10,545.70,11000,2617000
VOLTAS_F1,20190227,13:41,545.50,545.70,545.50,545.70,7000,2616000
VOLTAS_F1,20190227,13:42,545.75,546.00,545.50,545.75,23000,2616000
VOLTAS_F1,20190227,13:43,545.75,545.95,545.70,545.95,11000,2611000
VOLTAS_F1,20190227,13:44,545.95,545.95,545.40,545.40,11000,2611000
VOLTAS_F1,20190227,13:45,545.00,545.05,545.00,545.05,5000,2611000
VOLTAS_F1,20190227,13:46,545.35,545.35,545.00,545.10,9000,2611000
VOLTAS_F1,20190227,13:47,545.55,545.55,545.05,545.05,4000,2619000
VOLTAS_F1,20190227,13:48,544.85,545.20,544.85,545.20,2000,2619000
VOLTAS_F1,20190227,13:49,545.40,545.40,544.40,544.40,7000,2619000
VOLTAS_F1,20190227,13:50,544.55,545.40,544.55,545.40,6000,2623000
VOLTAS_F1,20190227,13:51,546.00,546.00,546.00,546.00,5000,2623000
VOLTAS_F1,20190227,13:52,545.80,545.80,545.45,545.60,128000,2623000
VOLTAS_F1,20190227,13:53,545.45,545.45,545.00,545.00,4000,2615000
VOLTAS_F1,20190227,13:54,545.00,545.00,544.90,544.90,4000,2615000
VOLTAS_F1,20190227,13:55,544.90,545.25,544.90,545.25,7000,2615000
VOLTAS_F1,20190227,13:56,545.55,545.75,545.50,545.75,5000,2610000
VOLTAS_F1,20190227,13:57,545.50,545.80,545.40,545.40,4000,2610000
VOLTAS_F1,20190227,13:58,546.00,546.20,546.00,546.20,12000,2610000
VOLTAS_F1,20190227,13:59,546.20,546.50,546.20,546.30,7000,2614000
VOLTAS_F1,20190227,14:00,546.50,546.50,546.00,546.40,4000,2614000
VOLTAS_F1,20190227,14:01,547.15,547.15,546.80,546.80,8000,2614000
VOLTAS_F1,20190227,14:03,546.50,546.50,546.50,546.50,3000,2622000
VOLTAS_F1,20190227,14:04,546.10,546.75,546.10,546.75,2000,2622000
VOLTAS_F1,20190227,14:06,546.95,546.95,546.90,546.90,4000,2624000
VOLTAS_F1,20190227,14:07,547.20,547.75,547.20,547.75,19000,2624000
VOLTAS_F1,20190227,14:08,547.70,547.80,547.30,547.30,6000,2629000
VOLTAS_F1,20190227,14:09,547.50,547.50,547.50,547.50,1000,2629000
VOLTAS_F1,20190227,14:10,547.55,547.55,547.55,547.55,5000,2629000
VOLTAS_F1,20190227,14:11,547.55,547.55,546.85,546.85,9000,2624000
VOLTAS_F1,20190227,14:12,546.50,546.50,546.40,546.40,2000,2624000
VOLTAS_F1,20190227,14:13,546.25,546.65,545.80,545.80,9000,2624000
VOLTAS_F1,20190227,14:14,545.80,545.80,545.80,545.80,1000,2630000
VOLTAS_F1,20190227,14:15,545.70,546.10,545.70,546.10,4000,2630000
VOLTAS_F1,20190227,14:16,546.10,546.10,546.10,546.10,1000,2630000
VOLTAS_F1,20190227,14:17,545.85,545.85,545.60,545.60,2000,2625000
VOLTAS_F1,20190227,14:18,545.55,545.55,545.00,545.00,4000,2625000
VOLTAS_F1,20190227,14:19,544.40,544.40,543.20,543.20,7000,2625000
VOLTAS_F1,20190227,14:20,543.25,543.40,543.20,543.20,20000,2622000
VOLTAS_F1,20190227,14:21,543.45,543.80,543.45,543.80,5000,2622000
VOLTAS_F1,20190227,14:22,544.05,544.05,544.05,544.05,2000,2622000
VOLTAS_F1,20190227,14:23,544.90,544.90,544.70,544.70,2000,2612000
VOLTAS_F1,20190227,14:24,544.05,544.25,544.00,544.00,3000,2612000
VOLTAS_F1,20190227,14:25,544.45,544.50,543.85,543.85,3000,2612000
VOLTAS_F1,20190227,14:27,544.70,545.05,544.70,545.05,2000,2614000
VOLTAS_F1,20190227,14:28,545.05,545.40,545.05,545.40,4000,2614000
VOLTAS_F1,20190227,14:29,545.80,545.90,545.80,545.90,2000,2616000
VOLTAS_F1,20190227,14:30,545.75,546.35,545.75,546.30,3000,2616000
VOLTAS_F1,20190227,14:31,546.30,546.30,545.50,545.50,2000,2616000
VOLTAS_F1,20190227,14:32,546.00,546.50,546.00,546.50,3000,2616000
VOLTAS_F1,20190227,14:33,546.70,546.70,546.70,546.70,1000,2616000
VOLTAS_F1,20190227,14:34,546.65,546.75,546.30,546.60,7000,2616000
VOLTAS_F1,20190227,14:35,546.45,546.55,546.45,546.55,4000,2621000
VOLTAS_F1,20190227,14:36,547.00,547.00,546.65,546.65,2000,2621000
VOLTAS_F1,20190227,14:37,546.30,546.30,545.35,545.35,3000,2621000
VOLTAS_F1,20190227,14:38,545.30,545.30,545.30,545.30,4000,2613000
VOLTAS_F1,20190227,14:39,545.35,545.35,545.35,545.35,1000,2613000
VOLTAS_F1,20190227,14:40,544.15,544.15,544.00,544.00,9000,2613000
VOLTAS_F1,20190227,14:41,543.55,543.55,543.55,543.55,3000,2608000
VOLTAS_F1,20190227,14:42,544.05,544.05,543.80,543.85,7000,2608000
VOLTAS_F1,20190227,14:43,544.05,544.05,544.05,544.05,3000,2608000
VOLTAS_F1,20190227,14:44,544.05,544.10,543.05,543.05,10000,2608000
VOLTAS_F1,20190227,14:45,543.00,543.00,543.00,543.00,5000,2608000
VOLTAS_F1,20190227,14:46,542.75,543.00,542.70,543.00,37000,2608000
VOLTAS_F1,20190227,14:47,542.25,542.45,542.25,542.45,20000,2590000
VOLTAS_F1,20190227,14:48,542.00,542.10,542.00,542.10,7000,2590000
VOLTAS_F1,20190227,14:49,542.00,542.45,541.00,541.40,70000,2590000
VOLTAS_F1,20190227,14:50,541.40,541.40,541.00,541.05,11000,2552000
VOLTAS_F1,20190227,14:51,541.40,541.40,540.90,540.90,3000,2552000
VOLTAS_F1,20190227,14:52,541.00,541.00,541.00,541.00,3000,2552000
VOLTAS_F1,20190227,14:53,541.00,541.25,541.00,541.10,6000,2545000
VOLTAS_F1,20190227,14:54,540.85,540.85,540.60,540.60,9000,2545000
VOLTAS_F1,20190227,14:55,541.00,541.50,541.00,541.15,6000,2545000
VOLTAS_F1,20190227,14:56,541.60,541.60,541.60,541.60,2000,2547000
VOLTAS_F1,20190227,14:57,541.60,541.60,541.60,541.60,2000,2547000
VOLTAS_F1,20190227,14:58,541.40,541.75,541.40,541.75,13000,2547000
VOLTAS_F1,20190227,14:59,541.85,541.85,541.60,541.60,3000,2537000
VOLTAS_F1,20190227,15:00,541.90,542.80,541.90,542.80,7000,2537000
VOLTAS_F1,20190227,15:01,542.85,543.00,542.85,543.00,3000,2537000
VOLTAS_F1,20190227,15:02,543.35,543.40,543.15,543.40,14000,2539000
VOLTAS_F1,20190227,15:03,543.50,543.70,543.50,543.70,4000,2539000
VOLTAS_F1,20190227,15:04,543.35,543.35,542.95,542.95,7000,2539000
VOLTAS_F1,20190227,15:05,543.55,543.70,543.55,543.70,8000,2539000
VOLTAS_F1,20190227,15:06,543.75,543.95,543.75,543.95,3000,2539000
VOLTAS_F1,20190227,15:07,543.65,543.65,543.65,543.65,2000,2539000
VOLTAS_F1,20190227,15:08,543.20,543.80,543.20,543.80,10000,2531000
VOLTAS_F1,20190227,15:09,543.75,543.75,543.75,543.75,6000,2531000
VOLTAS_F1,20190227,15:10,543.75,544.50,543.75,544.50,20000,2531000
VOLTAS_F1,20190227,15:11,544.70,544.70,543.90,543.90,23000,2519000
VOLTAS_F1,20190227,15:12,544.35,544.35,543.50,543.95,9000,2519000
VOLTAS_F1,20190227,15:13,543.50,543.50,543.50,543.50,2000,2519000
VOLTAS_F1,20190227,15:14,543.55,543.55,543.40,543.50,10000,2510000
VOLTAS_F1,20190227,15:15,543.75,543.75,543.20,543.45,9000,2510000
VOLTAS_F1,20190227,15:16,543.55,543.65,543.55,543.65,8000,2499000
VOLTAS_F1,20190227,15:17,543.80,543.80,543.70,543.80,26000,2499000
VOLTAS_F1,20190227,15:18,543.95,543.95,543.20,543.20,8000,2499000
VOLTAS_F1,20190227,15:19,543.65,544.50,543.65,544.50,16000,2499000
VOLTAS_F1,20190227,15:20,544.25,544.50,544.25,544.50,6000,2503000
VOLTAS_F1,20190227,15:21,544.10,544.10,544.00,544.00,3000,2503000
VOLTAS_F1,20190227,15:22,543.75,544.00,543.65,544.00,7000,2503000
VOLTAS_F1,20190227,15:23,543.55,543.55,543.45,543.45,7000,2509000
VOLTAS_F1,20190227,15:24,543.15,543.35,543.15,543.35,20000,2509000
VOLTAS_F1,20190227,15:25,543.15,543.30,543.15,543.30,4000,2509000
VOLTAS_F1,20190227,15:26,543.15,543.35,543.05,543.05,9000,2510000
VOLTAS_F1,20190227,15:27,542.90,542.90,542.45,542.70,14000,2510000
VOLTAS_F1,20190227,15:28,543.10,543.10,542.75,543.05,14000,2510000
VOLTAS_F1,20190227,15:29,543.00,543.00,542.95,542.95,120000,2494000
VOLTAS_F1,20190227,15:30,542.90,543.25,542.90,542.95,26000,2494000
VOLTAS_F1,20190227,15:31,542.85,542.85,542.85,542.85,1000,2494000
VOLTAS_F1,20190227,16:44,543.40,543.40,543.40,543.40,1,2001000
