PEL_F1,20200922,09:16,1280.05,1280.05,1265.60,1270.00,13200,2163150
PEL_F1,20200922,09:17,1270.00,1270.00,1261.05,1264.80,35200,2163150
PEL_F1,20200922,09:18,1266.00,1266.00,1254.65,1256.70,12100,2178000
PEL_F1,20200922,09:19,1253.70,1254.40,1249.95,1251.80,14850,2178000
PEL_F1,20200922,09:20,1251.80,1261.60,1251.80,1261.60,20350,2178000
PEL_F1,20200922,09:21,1261.60,1261.60,1250.00,1250.00,15950,2180200
PEL_F1,20200922,09:22,1250.00,1253.00,1250.00,1251.00,13200,2180200
PEL_F1,20200922,09:23,1247.85,1248.25,1238.95,1241.00,19800,2180200
PEL_F1,20200922,09:24,1240.00,1244.45,1236.60,1239.25,20900,2193950
PEL_F1,20200922,09:25,1240.85,1241.65,1238.00,1239.70,12100,2193950
PEL_F1,20200922,09:26,1238.25,1238.25,1228.20,1230.05,21450,2193950
PEL_F1,20200922,09:27,1230.05,1232.05,1224.50,1227.00,27500,2209350
PEL_F1,20200922,09:28,1227.00,1227.35,1212.25,1217.55,35200,2209350
PEL_F1,20200922,09:29,1219.70,1223.75,1219.45,1219.45,11000,2209350
PEL_F1,20200922,09:30,1221.00,1223.05,1219.00,1219.65,24750,2212100
PEL_F1,20200922,09:31,1216.95,1218.05,1206.50,1207.00,68750,2212100
PEL_F1,20200922,09:32,1208.90,1208.90,1201.00,1201.25,77550,2212100
PEL_F1,20200922,09:33,1204.30,1204.30,1198.90,1202.05,35750,2235200
PEL_F1,20200922,09:34,1201.15,1204.00,1197.50,1202.05,26400,2235200
PEL_F1,20200922,09:35,1205.00,1206.00,1199.00,1201.40,29150,2235200
PEL_F1,20200922,09:36,1201.95,1211.00,1201.95,1209.90,33550,2242350
PEL_F1,20200922,09:37,1209.70,1218.85,1206.50,1218.85,24750,2242350
PEL_F1,20200922,09:38,1218.55,1224.25,1217.05,1217.05,28050,2242350
PEL_F1,20200922,09:39,1217.15,1226.70,1217.15,1224.35,14850,2254450
PEL_F1,20200922,09:40,1224.00,1224.00,1217.95,1220.00,13750,2254450
PEL_F1,20200922,09:41,1220.00,1228.60,1219.90,1223.45,17050,2254450
PEL_F1,20200922,09:42,1224.45,1229.95,1222.90,1229.95,13200,2258300
PEL_F1,20200922,09:43,1229.00,1229.00,1224.00,1225.80,7700,2258300
PEL_F1,20200922,09:44,1225.80,1227.75,1223.20,1223.20,7150,2258300
PEL_F1,20200922,09:45,1226.45,1232.75,1225.50,1232.70,6600,2255550
PEL_F1,20200922,09:46,1234.40,1234.40,1229.20,1229.20,6600,2255550
PEL_F1,20200922,09:47,1229.85,1229.85,1223.55,1225.10,15950,2255550
PEL_F1,20200922,09:48,1225.10,1225.10,1217.00,1220.95,16500,2253350
PEL_F1,20200922,09:49,1221.10,1223.00,1218.00,1218.00,12650,2253350
PEL_F1,20200922,09:50,1219.20,1219.20,1213.20,1213.20,13750,2253350
PEL_F1,20200922,09:51,1214.35,1218.10,1212.35,1218.10,12100,2254450
PEL_F1,20200922,09:52,1217.50,1217.50,1214.00,1214.45,13200,2254450
PEL_F1,20200922,09:53,1218.40,1221.65,1215.30,1221.65,22000,2254450
PEL_F1,20200922,09:54,1223.90,1223.90,1217.35,1220.00,8250,2251700
PEL_F1,20200922,09:55,1221.00,1223.00,1220.00,1223.00,4400,2251700
PEL_F1,20200922,09:56,1223.20,1223.20,1218.00,1218.00,6600,2251700
PEL_F1,20200922,09:57,1217.50,1220.95,1216.80,1220.95,3850,2224200
PEL_F1,20200922,09:58,1220.95,1224.00,1220.95,1223.75,7150,2224200
PEL_F1,20200922,09:59,1224.95,1226.70,1223.45,1223.45,3850,2224200
PEL_F1,20200922,10:00,1223.45,1227.20,1223.45,1226.15,6600,2181850
PEL_F1,20200922,10:01,1228.00,1236.00,1228.00,1234.95,12100,2181850
PEL_F1,20200922,10:02,1234.95,1238.05,1234.95,1238.00,15950,2181850
PEL_F1,20200922,10:03,1238.00,1239.95,1236.30,1238.05,14850,2190100
PEL_F1,20200922,10:04,1232.90,1235.00,1230.80,1235.00,4950,2190100
PEL_F1,20200922,10:05,1236.00,1239.25,1236.00,1239.25,7700,2190100
PEL_F1,20200922,10:06,1239.45,1242.95,1237.25,1242.95,13750,2179650
PEL_F1,20200922,10:07,1242.20,1244.00,1242.00,1242.00,9350,2179650
PEL_F1,20200922,10:08,1241.40,1242.45,1240.00,1242.45,6600,2179650
PEL_F1,20200922,10:09,1244.00,1244.95,1242.60,1243.45,9900,2175250
PEL_F1,20200922,10:10,1243.00,1243.00,1238.00,1239.00,8800,2175250
PEL_F1,20200922,10:11,1239.00,1239.00,1230.90,1232.55,10450,2175250
PEL_F1,20200922,10:12,1235.35,1235.50,1233.00,1233.00,2200,2175250
PEL_F1,20200922,10:13,1235.00,1236.25,1235.00,1236.25,5500,2173050
PEL_F1,20200922,10:14,1238.40,1242.00,1238.40,1242.00,3850,2173050
PEL_F1,20200922,10:15,1242.00,1244.45,1240.90,1244.45,4950,2172500
PEL_F1,20200922,10:16,1244.45,1246.85,1244.45,1246.85,8250,2172500
PEL_F1,20200922,10:17,1246.85,1248.00,1243.40,1245.20,8250,2172500
PEL_F1,20200922,10:18,1244.90,1245.70,1242.05,1245.45,7700,2172500
PEL_F1,20200922,10:19,1245.45,1248.00,1245.45,1248.00,3850,2172500
PEL_F1,20200922,10:20,1248.00,1250.00,1246.00,1250.00,11550,2172500
PEL_F1,20200922,10:21,1250.25,1253.00,1250.00,1250.00,8800,2173600
PEL_F1,20200922,10:22,1251.10,1256.35,1251.10,1256.35,11000,2173600
PEL_F1,20200922,10:23,1256.50,1260.55,1252.10,1252.10,28600,2173600
PEL_F1,20200922,10:24,1253.00,1256.75,1253.00,1253.00,11550,2165900
PEL_F1,20200922,10:25,1253.00,1256.55,1253.00,1256.55,1650,2165900
PEL_F1,20200922,10:26,1257.20,1258.85,1256.30,1256.30,2200,2165900
PEL_F1,20200922,10:27,1256.30,1257.75,1255.25,1257.75,3300,2168650
PEL_F1,20200922,10:28,1259.00,1263.55,1259.00,1263.30,14300,2168650
PEL_F1,20200922,10:29,1263.30,1267.00,1262.25,1265.45,9350,2168650
PEL_F1,20200922,10:30,1265.00,1268.00,1262.50,1268.00,12650,2168650
PEL_F1,20200922,10:31,1267.00,1268.00,1260.00,1260.45,17050,2175250
PEL_F1,20200922,10:32,1261.20,1261.20,1260.00,1260.00,3850,2175250
PEL_F1,20200922,10:33,1257.55,1257.55,1251.85,1251.85,4400,2175250
PEL_F1,20200922,10:34,1251.85,1255.00,1251.05,1255.00,4400,2176900
PEL_F1,20200922,10:35,1255.00,1255.00,1250.10,1250.10,5500,2176900
PEL_F1,20200922,10:36,1248.50,1248.50,1244.70,1245.50,13750,2176350
PEL_F1,20200922,10:37,1243.00,1243.10,1239.85,1242.70,15400,2176350
PEL_F1,20200922,10:38,1242.35,1246.35,1242.35,1244.45,4950,2176350
PEL_F1,20200922,10:39,1247.70,1247.70,1245.90,1246.00,1650,2176350
PEL_F1,20200922,10:40,1244.00,1244.55,1242.60,1244.00,10450,2184600
PEL_F1,20200922,10:41,1242.20,1246.15,1241.65,1246.15,10450,2184600
PEL_F1,20200922,10:42,1246.15,1249.00,1246.15,1249.00,2750,2189550
PEL_F1,20200922,10:43,1250.85,1250.90,1248.80,1249.05,7700,2189550
PEL_F1,20200922,10:44,1250.00,1251.00,1250.00,1250.10,8250,2189550
PEL_F1,20200922,10:45,1251.20,1253.05,1250.00,1253.05,14850,2197250
PEL_F1,20200922,10:46,1254.55,1254.55,1250.60,1250.60,2200,2197250
PEL_F1,20200922,10:47,1251.05,1251.05,1248.95,1248.95,1100,2197250
PEL_F1,20200922,10:48,1248.10,1248.10,1245.60,1245.60,2200,2196150
PEL_F1,20200922,10:49,1246.20,1246.20,1246.20,1246.20,1100,2196150
PEL_F1,20200922,10:50,1244.05,1244.05,1241.50,1241.55,2750,2196150
PEL_F1,20200922,10:51,1241.45,1244.50,1240.20,1244.50,9900,2196150
PEL_F1,20200922,10:52,1243.95,1244.00,1243.10,1243.55,3300,2196150
PEL_F1,20200922,10:53,1243.55,1243.55,1237.70,1237.70,12100,2196150
PEL_F1,20200922,10:54,1239.30,1242.85,1239.30,1242.85,2750,2190100
PEL_F1,20200922,10:55,1242.15,1242.15,1241.40,1241.40,1100,2190100
PEL_F1,20200922,10:56,1241.90,1242.90,1241.90,1242.90,2200,2190100
PEL_F1,20200922,10:57,1242.05,1242.20,1242.00,1242.00,2750,2190100
PEL_F1,20200922,10:58,1242.00,1242.00,1242.00,1242.00,2750,2186800
PEL_F1,20200922,10:59,1239.80,1239.80,1237.15,1237.15,24200,2186800
PEL_F1,20200922,11:00,1235.75,1239.55,1235.75,1239.55,106700,2186800
PEL_F1,20200922,11:01,1239.55,1239.55,1234.55,1235.15,12100,2186800
PEL_F1,20200922,11:02,1235.15,1235.90,1233.00,1235.90,30800,2186800
PEL_F1,20200922,11:03,1237.75,1237.75,1234.15,1234.15,53900,2186800
PEL_F1,20200922,11:04,1234.15,1234.30,1234.15,1234.30,14300,2174700
PEL_F1,20200922,11:05,1234.30,1234.90,1233.50,1233.50,20900,2174700
PEL_F1,20200922,11:06,1233.50,1233.50,1233.50,1233.50,5500,2174700
PEL_F1,20200922,11:07,1233.50,1236.25,1233.50,1236.25,15950,2179100
PEL_F1,20200922,11:08,1236.25,1238.20,1236.25,1238.20,3300,2179100
PEL_F1,20200922,11:09,1238.20,1238.20,1236.25,1236.25,3300,2179100
PEL_F1,20200922,11:10,1235.50,1235.50,1235.50,1235.50,550,2179100
PEL_F1,20200922,11:11,1235.50,1235.50,1235.50,1235.50,550,2179100
PEL_F1,20200922,11:12,1238.55,1238.55,1238.55,1238.55,3300,2173600
PEL_F1,20200922,11:13,1238.00,1238.00,1238.00,1238.00,1100,2173600
PEL_F1,20200922,11:14,1233.90,1233.90,1233.90,1233.90,2750,2173600
PEL_F1,20200922,11:15,1235.00,1235.00,1235.00,1235.00,550,2173600
PEL_F1,20200922,11:16,1233.60,1234.25,1232.10,1234.25,7700,2173600
PEL_F1,20200922,11:17,1234.25,1234.25,1234.25,1234.25,3850,2173600
PEL_F1,20200922,11:18,1233.00,1234.00,1233.00,1234.00,3300,2173600
PEL_F1,20200922,11:19,1235.00,1235.00,1235.00,1235.00,2200,2155450
PEL_F1,20200922,11:20,1236.05,1236.05,1235.00,1235.00,1100,2155450
PEL_F1,20200922,11:21,1234.50,1234.50,1234.50,1234.50,3850,2156000
PEL_F1,20200922,11:22,1236.45,1237.20,1236.45,1237.20,2750,2156000
PEL_F1,20200922,11:23,1235.95,1235.95,1235.95,1235.95,1100,2156000
PEL_F1,20200922,11:24,1235.50,1235.50,1235.50,1235.50,550,2156000
PEL_F1,20200922,11:25,1235.50,1235.50,1235.50,1235.50,550,2156000
PEL_F1,20200922,11:27,1237.40,1237.40,1237.40,1237.40,1650,2155450
PEL_F1,20200922,11:28,1237.40,1237.40,1237.40,1237.40,2200,2155450
PEL_F1,20200922,11:29,1238.40,1238.40,1238.40,1238.40,1100,2155450
PEL_F1,20200922,11:30,1237.90,1239.00,1237.90,1239.00,2200,2155450
PEL_F1,20200922,11:31,1244.45,1245.65,1244.45,1244.90,7700,2155450
PEL_F1,20200922,11:32,1245.65,1247.75,1245.65,1247.75,13750,2155450
PEL_F1,20200922,11:33,1247.75,1247.75,1246.95,1246.95,3850,2149400
PEL_F1,20200922,11:34,1247.05,1248.50,1247.05,1247.70,2750,2149400
PEL_F1,20200922,11:35,1248.00,1248.00,1247.80,1247.80,1100,2149400
PEL_F1,20200922,11:36,1246.95,1246.95,1246.25,1246.25,3300,2149400
PEL_F1,20200922,11:38,1246.25,1246.25,1242.45,1242.45,67100,2147200
PEL_F1,20200922,11:39,1243.65,1244.00,1243.65,1244.00,2200,2147200
PEL_F1,20200922,11:41,1244.00,1244.00,1244.00,1244.00,550,2135100
PEL_F1,20200922,11:42,1244.00,1244.00,1244.00,1244.00,2750,2135100
PEL_F1,20200922,11:43,1244.00,1244.00,1244.00,1244.00,3300,2133450
PEL_F1,20200922,11:44,1244.00,1244.00,1244.00,1244.00,9900,2133450
PEL_F1,20200922,11:45,1247.90,1247.90,1247.50,1247.50,1100,2133450
PEL_F1,20200922,11:46,1247.60,1248.85,1247.60,1248.85,1100,2133450
PEL_F1,20200922,11:47,1247.80,1247.80,1247.55,1247.55,4400,2133450
PEL_F1,20200922,11:48,1247.55,1247.55,1247.55,1247.55,2200,2133450
PEL_F1,20200922,11:49,1245.10,1245.45,1245.10,1245.45,4950,2132900
PEL_F1,20200922,11:50,1246.35,1246.35,1245.65,1245.65,2750,2132900
PEL_F1,20200922,11:51,1245.70,1245.70,1240.80,1240.80,35200,2131250
PEL_F1,20200922,11:52,1240.80,1240.80,1240.00,1240.00,13750,2131250
PEL_F1,20200922,11:53,1240.00,1241.35,1240.00,1241.35,1100,2131250
PEL_F1,20200922,11:55,1240.65,1241.60,1240.30,1240.30,8250,2131800
PEL_F1,20200922,11:56,1241.90,1245.10,1241.90,1245.10,4400,2131800
PEL_F1,20200922,11:57,1245.10,1245.10,1242.50,1242.50,78100,2131800
PEL_F1,20200922,11:58,1242.50,1245.45,1240.00,1240.00,77550,2125750
PEL_F1,20200922,11:59,1240.00,1242.00,1240.00,1241.55,23100,2125750
PEL_F1,20200922,12:00,1241.50,1242.60,1241.25,1241.25,11000,2125750
PEL_F1,20200922,12:01,1241.80,1241.85,1241.00,1241.85,2750,2130700
PEL_F1,20200922,12:02,1245.00,1246.95,1245.00,1246.95,4400,2130700
PEL_F1,20200922,12:03,1245.05,1245.95,1244.60,1245.95,1650,2130700
PEL_F1,20200922,12:04,1245.30,1245.30,1245.30,1245.30,4400,2131250
PEL_F1,20200922,12:05,1244.25,1244.25,1244.25,1244.25,7700,2131250
PEL_F1,20200922,12:06,1241.95,1242.00,1241.95,1242.00,1650,2131250
PEL_F1,20200922,12:07,1243.30,1243.30,1242.25,1242.50,3850,2132350
PEL_F1,20200922,12:08,1242.50,1242.75,1242.50,1242.75,1100,2132350
PEL_F1,20200922,12:09,1244.85,1244.85,1243.85,1243.85,1100,2132350
PEL_F1,20200922,12:10,1243.95,1243.95,1240.00,1240.00,3300,2131250
PEL_F1,20200922,12:11,1240.00,1240.00,1240.00,1240.00,550,2131250
PEL_F1,20200922,12:12,1242.25,1242.25,1242.25,1242.25,550,2131250
PEL_F1,20200922,12:14,1242.40,1244.40,1242.40,1244.40,1650,2132350
PEL_F1,20200922,12:15,1244.60,1244.65,1244.40,1244.40,2200,2132350
PEL_F1,20200922,12:16,1243.50,1243.50,1243.50,1243.50,550,2132350
PEL_F1,20200922,12:17,1243.50,1243.50,1243.50,1243.50,550,2133450
PEL_F1,20200922,12:19,1243.50,1243.50,1243.00,1243.00,1650,2120250
PEL_F1,20200922,12:20,1241.30,1241.30,1241.15,1241.15,1650,2120250
PEL_F1,20200922,12:21,1240.70,1240.70,1240.70,1240.70,1100,2120250
PEL_F1,20200922,12:23,1239.55,1239.55,1239.55,1239.55,3850,2117500
PEL_F1,20200922,12:24,1237.25,1237.25,1235.55,1235.55,2750,2117500
PEL_F1,20200922,12:25,1235.00,1235.00,1235.00,1235.00,4950,2104300
PEL_F1,20200922,12:26,1234.35,1235.00,1234.35,1234.90,5500,2104300
PEL_F1,20200922,12:27,1235.60,1235.65,1234.35,1234.80,8800,2104300
PEL_F1,20200922,12:28,1234.15,1234.15,1231.20,1232.60,8800,2102100
PEL_F1,20200922,12:29,1232.00,1233.70,1232.00,1233.30,7150,2102100
PEL_F1,20200922,12:30,1233.75,1234.20,1233.00,1234.20,3850,2102100
PEL_F1,20200922,12:31,1232.65,1234.10,1232.65,1234.10,9900,2083950
PEL_F1,20200922,12:32,1234.15,1237.80,1234.15,1237.80,4950,2083950
PEL_F1,20200922,12:33,1238.00,1239.55,1238.00,1239.55,5500,2083950
PEL_F1,20200922,12:34,1239.85,1239.85,1239.55,1239.55,4400,2079000
PEL_F1,20200922,12:35,1239.95,1240.80,1239.95,1240.80,3300,2079000
PEL_F1,20200922,12:36,1241.85,1246.75,1241.85,1246.75,8800,2079000
PEL_F1,20200922,12:37,1245.90,1246.45,1245.50,1245.50,11000,2081750
PEL_F1,20200922,12:38,1245.50,1246.30,1245.25,1245.25,3300,2081750
PEL_F1,20200922,12:39,1245.00,1245.00,1245.00,1245.00,5500,2081750
PEL_F1,20200922,12:40,1244.45,1246.60,1243.55,1246.60,3850,2077350
PEL_F1,20200922,12:41,1246.50,1246.95,1246.15,1246.15,6050,2077350
PEL_F1,20200922,12:42,1246.90,1246.95,1246.90,1246.95,4950,2077350
PEL_F1,20200922,12:43,1246.95,1246.95,1244.85,1245.00,11550,2080650
PEL_F1,20200922,12:45,1245.00,1245.00,1244.45,1244.45,3850,2080650
PEL_F1,20200922,12:46,1244.90,1244.90,1240.75,1240.75,7700,2076250
PEL_F1,20200922,12:47,1242.20,1242.20,1240.50,1241.10,6600,2076250
PEL_F1,20200922,12:49,1238.80,1239.90,1238.80,1239.90,2750,2070750
PEL_F1,20200922,12:50,1239.25,1239.25,1239.20,1239.20,2200,2070750
PEL_F1,20200922,12:51,1237.90,1239.15,1237.85,1239.15,13750,2070750
PEL_F1,20200922,12:52,1239.35,1240.90,1238.75,1240.55,6600,2068000
PEL_F1,20200922,12:53,1241.70,1241.70,1241.00,1241.00,3850,2068000
PEL_F1,20200922,12:54,1240.25,1240.25,1239.90,1239.90,1100,2068000
PEL_F1,20200922,12:55,1239.90,1241.95,1239.90,1241.85,8250,2067450
PEL_F1,20200922,12:56,1242.65,1242.65,1241.40,1241.85,4950,2067450
PEL_F1,20200922,12:57,1241.85,1243.00,1241.35,1243.00,5500,2067450
PEL_F1,20200922,12:58,1244.00,1244.50,1244.00,1244.50,2750,2066350
PEL_F1,20200922,12:59,1245.80,1245.80,1245.80,1245.80,2750,2066350
PEL_F1,20200922,13:00,1246.55,1248.75,1246.55,1248.75,12100,2066350
PEL_F1,20200922,13:01,1249.85,1252.90,1249.85,1251.40,12100,2066900
PEL_F1,20200922,13:02,1250.75,1250.80,1249.85,1249.85,7700,2066900
PEL_F1,20200922,13:03,1249.85,1249.85,1249.10,1249.10,6050,2066900
PEL_F1,20200922,13:04,1249.10,1249.10,1245.90,1246.85,4400,2065800
PEL_F1,20200922,13:05,1247.00,1247.10,1247.00,1247.10,2200,2065800
PEL_F1,20200922,13:06,1246.65,1246.65,1243.00,1243.70,12100,2065800
PEL_F1,20200922,13:07,1243.70,1244.40,1242.00,1242.00,7700,2059200
PEL_F1,20200922,13:08,1241.60,1241.60,1241.50,1241.55,2200,2059200
PEL_F1,20200922,13:09,1241.65,1242.45,1241.65,1242.45,1650,2059200
PEL_F1,20200922,13:10,1241.85,1243.00,1241.85,1243.00,6050,2058100
PEL_F1,20200922,13:11,1243.95,1243.95,1243.95,1243.95,1650,2058100
PEL_F1,20200922,13:12,1244.25,1244.25,1243.15,1243.15,3300,2058100
PEL_F1,20200922,13:14,1242.15,1242.15,1242.15,1242.15,1100,2059200
PEL_F1,20200922,13:15,1241.80,1242.35,1240.50,1242.35,4400,2059200
PEL_F1,20200922,13:16,1241.35,1241.35,1237.30,1237.30,11000,2059200
PEL_F1,20200922,13:17,1237.30,1237.30,1237.30,1237.30,4400,2059200
PEL_F1,20200922,13:18,1239.05,1239.05,1238.95,1238.95,4950,2059200
PEL_F1,20200922,13:19,1240.10,1240.10,1238.00,1239.65,3300,2057550
PEL_F1,20200922,13:20,1239.00,1239.95,1238.25,1239.95,3300,2057550
PEL_F1,20200922,13:21,1239.95,1239.95,1238.30,1238.30,2200,2057550
PEL_F1,20200922,13:22,1238.30,1240.95,1238.30,1240.35,14300,2059200
PEL_F1,20200922,13:23,1240.20,1240.20,1240.20,1240.20,1100,2059200
PEL_F1,20200922,13:24,1242.30,1242.30,1242.30,1242.30,3850,2059200
PEL_F1,20200922,13:27,1242.30,1246.40,1242.30,1245.20,8250,2059200
PEL_F1,20200922,13:28,1246.30,1247.40,1246.30,1247.10,8250,2061400
PEL_F1,20200922,13:29,1247.80,1248.00,1247.80,1248.00,1650,2061400
PEL_F1,20200922,13:30,1248.00,1248.00,1245.95,1245.95,2750,2061400
PEL_F1,20200922,13:31,1245.95,1248.50,1245.95,1248.50,3300,2060850
PEL_F1,20200922,13:32,1247.40,1248.00,1247.40,1248.00,2750,2060850
PEL_F1,20200922,13:33,1248.95,1248.95,1248.95,1248.95,3850,2060850
PEL_F1,20200922,13:35,1249.30,1252.20,1249.30,1252.20,4400,2061950
PEL_F1,20200922,13:36,1251.40,1253.10,1250.55,1252.50,4950,2061950
PEL_F1,20200922,13:37,1250.95,1251.60,1250.95,1251.60,12100,2065250
PEL_F1,20200922,13:38,1251.60,1251.60,1249.95,1250.50,5500,2065250
PEL_F1,20200922,13:39,1250.50,1253.25,1250.40,1253.25,13200,2065250
PEL_F1,20200922,13:40,1253.25,1253.25,1253.25,1253.25,11550,2075700
PEL_F1,20200922,13:41,1252.00,1252.00,1249.00,1249.00,1100,2075700
PEL_F1,20200922,13:42,1248.55,1249.30,1248.55,1249.30,4950,2075700
PEL_F1,20200922,13:43,1248.90,1248.90,1247.40,1247.55,1650,2080650
PEL_F1,20200922,13:44,1248.55,1249.80,1248.50,1249.80,3300,2080650
PEL_F1,20200922,13:46,1250.95,1250.95,1250.95,1250.95,1100,2080650
PEL_F1,20200922,13:47,1250.95,1254.25,1250.95,1253.45,6050,2072400
PEL_F1,20200922,13:48,1253.45,1253.50,1252.90,1253.50,1650,2072400
PEL_F1,20200922,13:49,1255.00,1255.00,1253.75,1253.75,1650,2060850
PEL_F1,20200922,13:50,1253.75,1253.75,1252.40,1252.95,2750,2060850
PEL_F1,20200922,13:51,1252.95,1252.95,1249.10,1249.10,9350,2060850
PEL_F1,20200922,13:54,1249.00,1249.00,1248.00,1248.00,3850,2065250
PEL_F1,20200922,13:55,1245.85,1247.40,1245.85,1247.40,2200,2063600
PEL_F1,20200922,13:56,1244.45,1244.45,1241.90,1241.95,7150,2063600
PEL_F1,20200922,13:57,1242.40,1242.40,1240.00,1240.00,8800,2063600
PEL_F1,20200922,13:58,1240.00,1241.60,1238.40,1238.40,7700,2057550
PEL_F1,20200922,13:59,1235.25,1238.00,1235.25,1237.75,6050,2057550
PEL_F1,20200922,14:00,1240.55,1242.65,1239.70,1242.60,7700,2057550
PEL_F1,20200922,14:01,1239.80,1239.80,1239.60,1239.60,2200,2058100
PEL_F1,20200922,14:02,1238.10,1238.10,1238.00,1238.00,2750,2058100
PEL_F1,20200922,14:03,1238.85,1239.75,1237.65,1237.65,3850,2058100
PEL_F1,20200922,14:04,1239.85,1239.85,1239.85,1239.85,550,2054250
PEL_F1,20200922,14:05,1239.85,1241.10,1239.85,1240.40,8250,2054250
PEL_F1,20200922,14:06,1240.45,1240.45,1238.85,1238.85,2750,2054250
PEL_F1,20200922,14:07,1238.80,1238.80,1238.80,1238.80,2200,2053700
PEL_F1,20200922,14:08,1240.00,1240.60,1236.55,1236.55,11550,2053700
PEL_F1,20200922,14:09,1236.90,1238.20,1236.90,1238.20,1650,2053700
PEL_F1,20200922,14:10,1236.50,1237.10,1236.15,1237.10,1650,2054250
PEL_F1,20200922,14:11,1237.10,1237.10,1234.25,1234.25,8250,2054250
PEL_F1,20200922,14:12,1233.90,1233.90,1229.65,1230.85,12650,2054250
PEL_F1,20200922,14:13,1230.30,1230.85,1228.10,1228.50,18150,2055350
PEL_F1,20200922,14:14,1228.55,1229.20,1228.55,1228.55,9900,2055350
PEL_F1,20200922,14:15,1229.50,1229.50,1222.55,1222.55,21450,2055350
PEL_F1,20200922,14:16,1222.55,1228.00,1222.55,1228.00,11550,2054800
PEL_F1,20200922,14:17,1229.00,1229.90,1228.25,1229.90,30800,2054800
PEL_F1,20200922,14:18,1229.90,1229.90,1226.00,1226.30,5500,2054800
PEL_F1,20200922,14:19,1226.30,1228.30,1223.10,1223.10,3850,2053700
PEL_F1,20200922,14:20,1225.25,1228.05,1225.25,1228.05,1100,2053700
PEL_F1,20200922,14:21,1224.95,1224.95,1224.00,1224.00,2200,2053700
PEL_F1,20200922,14:22,1223.40,1230.40,1223.40,1228.45,7700,2055350
PEL_F1,20200922,14:23,1228.30,1229.70,1228.30,1229.70,1650,2055350
PEL_F1,20200922,14:24,1226.45,1226.45,1226.45,1226.45,4950,2055350
PEL_F1,20200922,14:25,1226.45,1234.10,1226.45,1234.10,8800,2055350
PEL_F1,20200922,14:26,1235.00,1236.45,1235.00,1235.65,4950,2058100
PEL_F1,20200922,14:27,1235.80,1235.80,1234.05,1234.05,1650,2058100
PEL_F1,20200922,14:28,1234.05,1234.05,1231.00,1231.00,2200,2050950
PEL_F1,20200922,14:29,1231.25,1231.25,1229.50,1229.50,3850,2050950
PEL_F1,20200922,14:30,1229.50,1231.20,1229.50,1231.20,3850,2050950
PEL_F1,20200922,14:31,1231.95,1236.00,1231.95,1236.00,9900,2050950
PEL_F1,20200922,14:32,1236.00,1236.00,1236.00,1236.00,4400,2050950
PEL_F1,20200922,14:33,1236.00,1236.30,1233.40,1233.40,7700,2050950
PEL_F1,20200922,14:34,1234.65,1234.65,1234.65,1234.65,2200,2050950
PEL_F1,20200922,14:35,1234.65,1234.65,1234.00,1234.00,1100,2043800
PEL_F1,20200922,14:37,1232.40,1232.40,1227.70,1227.70,3850,2043800
PEL_F1,20200922,14:38,1228.45,1228.45,1226.60,1226.60,3300,2047100
PEL_F1,20200922,14:39,1226.15,1227.70,1224.90,1226.35,4400,2047100
PEL_F1,20200922,14:40,1228.50,1228.85,1226.70,1226.85,3850,2044900
PEL_F1,20200922,14:41,1227.60,1227.60,1221.00,1224.00,29150,2044900
PEL_F1,20200922,14:42,1223.90,1225.90,1223.80,1225.90,2750,2044900
PEL_F1,20200922,14:43,1224.00,1224.00,1223.30,1223.30,2750,2040500
PEL_F1,20200922,14:44,1224.25,1225.00,1221.30,1224.30,6600,2040500
PEL_F1,20200922,14:45,1225.65,1228.60,1225.65,1228.55,2200,2040500
PEL_F1,20200922,14:46,1228.80,1230.75,1228.55,1230.75,3300,2040500
PEL_F1,20200922,14:47,1232.00,1232.65,1231.90,1232.60,3850,2039400
PEL_F1,20200922,14:48,1236.45,1240.85,1236.45,1240.85,35200,2039400
PEL_F1,20200922,14:49,1241.80,1243.80,1241.80,1242.00,16500,2039400
PEL_F1,20200922,14:50,1242.00,1242.00,1234.45,1235.35,10450,2039400
PEL_F1,20200922,14:51,1236.45,1237.65,1236.45,1236.65,2750,2039400
PEL_F1,20200922,14:52,1238.00,1238.00,1237.95,1237.95,1650,2039400
PEL_F1,20200922,14:53,1237.30,1238.90,1237.30,1238.90,4950,2037200
PEL_F1,20200922,14:54,1240.00,1241.95,1240.00,1240.90,2750,2037200
PEL_F1,20200922,14:55,1240.90,1241.35,1239.90,1241.35,3300,2037200
PEL_F1,20200922,14:56,1240.00,1240.00,1240.00,1240.00,550,2035550
PEL_F1,20200922,14:57,1238.90,1239.35,1238.90,1239.35,1650,2035550
PEL_F1,20200922,14:58,1237.95,1237.95,1237.00,1237.00,2200,2036100
PEL_F1,20200922,14:59,1237.00,1237.00,1234.40,1234.40,23650,2036100
PEL_F1,20200922,15:00,1235.85,1235.85,1233.00,1233.00,15950,2036100
PEL_F1,20200922,15:01,1233.80,1236.40,1233.80,1234.00,12100,2036100
PEL_F1,20200922,15:02,1235.90,1240.75,1235.90,1239.90,3300,2073500
PEL_F1,20200922,15:03,1239.05,1239.05,1238.35,1238.35,1650,2073500
PEL_F1,20200922,15:04,1237.05,1239.00,1237.05,1239.00,8250,2071300
PEL_F1,20200922,15:05,1239.00,1240.45,1237.95,1237.95,3850,2071300
PEL_F1,20200922,15:06,1242.55,1242.70,1242.55,1242.70,1650,2071300
PEL_F1,20200922,15:07,1243.05,1243.75,1242.45,1242.45,9900,2061400
PEL_F1,20200922,15:08,1239.95,1242.50,1239.95,1242.50,6050,2061400
PEL_F1,20200922,15:09,1242.50,1242.50,1239.85,1241.00,4950,2061400
PEL_F1,20200922,15:10,1241.00,1244.00,1241.00,1244.00,2750,2062500
PEL_F1,20200922,15:11,1244.55,1248.60,1244.55,1248.60,10450,2062500
PEL_F1,20200922,15:12,1249.00,1256.05,1249.00,1253.85,18700,2062500
PEL_F1,20200922,15:13,1253.20,1255.50,1252.80,1254.10,4400,2050950
PEL_F1,20200922,15:14,1254.10,1254.90,1252.40,1252.40,3300,2050950
PEL_F1,20200922,15:15,1253.10,1255.00,1253.10,1254.60,6050,2050950
PEL_F1,20200922,15:16,1253.60,1255.00,1250.70,1252.15,6050,2048200
PEL_F1,20200922,15:17,1251.95,1251.95,1248.55,1249.25,7700,2048200
PEL_F1,20200922,15:18,1249.55,1252.20,1249.55,1251.10,16500,2048200
PEL_F1,20200922,15:19,1252.10,1252.55,1250.50,1250.50,6050,2026750
PEL_F1,20200922,15:20,1251.85,1251.90,1250.30,1250.85,4400,2026750
PEL_F1,20200922,15:21,1250.75,1251.80,1250.20,1250.70,3850,2026750
PEL_F1,20200922,15:22,1250.70,1253.05,1250.25,1250.25,7150,2022900
PEL_F1,20200922,15:23,1252.15,1252.25,1252.15,1252.25,1650,2022900
PEL_F1,20200922,15:24,1252.35,1253.75,1252.30,1253.75,2750,2022900
PEL_F1,20200922,15:25,1253.75,1253.75,1252.00,1252.00,5500,2022900
PEL_F1,20200922,15:26,1252.00,1253.75,1252.00,1252.05,8800,2020700
PEL_F1,20200922,15:27,1252.00,1252.00,1251.55,1251.55,1650,2020700
PEL_F1,20200922,15:28,1251.55,1251.55,1250.45,1251.50,3300,2020700
PEL_F1,20200922,15:29,1251.95,1251.95,1250.00,1251.25,6600,2011350
PEL_F1,20200922,15:30,1250.30,1251.85,1250.30,1250.35,5500,2011350
PEL_F1,20200922,17:55,1247.95,1247.95,1247.95,1247.95,1,1388200
