HDFC_F1,20181212,09:16,1919.80,1919.80,1909.90,1912.45,18500,24384000
HDFC_F1,20181212,09:17,1912.05,1915.25,1912.00,1913.60,19000,24384000
HDFC_F1,20181212,09:18,1913.55,1918.45,1913.40,1918.05,21500,24403500
HDFC_F1,20181212,09:19,1919.25,1921.00,1918.20,1921.00,17000,24403500
HDFC_F1,20181212,09:20,1921.20,1922.30,1916.90,1917.05,17000,24403500
HDFC_F1,20181212,09:21,1918.05,1918.90,1916.55,1918.40,15000,24408500
HDFC_F1,20181212,09:22,1917.85,1918.65,1917.45,1918.50,10000,24408500
HDFC_F1,20181212,09:23,1918.75,1920.00,1918.65,1919.20,7500,24408500
HDFC_F1,20181212,09:24,1918.50,1918.75,1917.00,1917.00,13000,24408000
HDFC_F1,20181212,09:25,1917.15,1920.00,1917.15,1919.90,15000,24408000
HDFC_F1,20181212,09:26,1920.45,1921.55,1919.20,1921.00,7000,24408000
HDFC_F1,20181212,09:27,1921.00,1922.45,1920.20,1920.20,12500,24415000
HDFC_F1,20181212,09:28,1920.50,1920.50,1917.65,1917.65,8500,24415000
HDFC_F1,20181212,09:29,1917.65,1918.05,1916.35,1917.25,12500,24415000
HDFC_F1,20181212,09:30,1917.20,1918.75,1916.55,1918.75,7000,24412000
HDFC_F1,20181212,09:31,1917.85,1917.85,1916.00,1916.00,12000,24412000
HDFC_F1,20181212,09:32,1916.00,1917.40,1915.65,1917.00,5500,24412000
HDFC_F1,20181212,09:33,1917.00,1920.10,1917.00,1919.90,26000,24415500
HDFC_F1,20181212,09:34,1919.10,1919.10,1917.50,1917.55,4500,24415500
HDFC_F1,20181212,09:35,1917.05,1917.05,1915.00,1915.25,19500,24415500
HDFC_F1,20181212,09:36,1915.30,1915.85,1914.50,1915.85,8000,24425500
HDFC_F1,20181212,09:37,1916.55,1917.90,1916.05,1917.90,21000,24425500
HDFC_F1,20181212,09:38,1917.85,1919.80,1917.80,1919.30,20000,24425500
HDFC_F1,20181212,09:39,1919.30,1920.20,1919.00,1919.50,30000,24439500
HDFC_F1,20181212,09:40,1919.20,1919.90,1918.85,1919.00,24000,24439500
HDFC_F1,20181212,09:41,1919.15,1921.55,1918.75,1920.20,20500,24439500
HDFC_F1,20181212,09:42,1920.00,1923.85,1920.00,1923.00,38000,24454000
HDFC_F1,20181212,09:43,1922.75,1926.25,1922.75,1924.50,38000,24454000
HDFC_F1,20181212,09:44,1924.30,1925.50,1924.00,1924.00,15500,24454000
HDFC_F1,20181212,09:45,1923.10,1923.85,1923.00,1923.30,7500,24477000
HDFC_F1,20181212,09:46,1923.25,1924.80,1923.25,1924.45,5500,24477000
HDFC_F1,20181212,09:47,1923.65,1924.75,1923.05,1923.05,7500,24477000
HDFC_F1,20181212,09:48,1923.00,1923.15,1922.20,1923.15,4500,24479500
HDFC_F1,20181212,09:49,1922.35,1923.35,1922.15,1923.20,11000,24479500
HDFC_F1,20181212,09:50,1923.20,1923.65,1923.00,1923.65,8500,24479500
HDFC_F1,20181212,09:51,1923.20,1925.00,1923.20,1924.50,19500,24473500
HDFC_F1,20181212,09:52,1924.80,1926.30,1924.45,1925.70,14500,24473500
HDFC_F1,20181212,09:53,1924.30,1925.65,1924.30,1924.35,9500,24473500
HDFC_F1,20181212,09:54,1923.80,1923.80,1922.55,1923.45,7000,24483000
HDFC_F1,20181212,09:55,1923.95,1924.20,1923.30,1924.20,12000,24483000
HDFC_F1,20181212,09:56,1923.30,1923.40,1922.55,1922.55,4000,24483000
HDFC_F1,20181212,09:57,1921.95,1922.95,1921.60,1922.90,4000,24490500
HDFC_F1,20181212,09:58,1923.00,1923.00,1921.90,1921.90,1500,24490500
HDFC_F1,20181212,09:59,1921.85,1922.25,1921.80,1922.25,2500,24490500
HDFC_F1,20181212,10:00,1922.00,1923.25,1922.00,1923.25,3000,24490000
HDFC_F1,20181212,10:01,1922.55,1923.05,1922.55,1923.05,1500,24490000
HDFC_F1,20181212,10:02,1922.50,1922.50,1920.95,1920.95,6500,24490000
HDFC_F1,20181212,10:03,1921.05,1921.05,1919.20,1919.90,12000,24488500
HDFC_F1,20181212,10:04,1919.85,1920.50,1919.65,1919.65,8500,24488500
HDFC_F1,20181212,10:05,1919.55,1919.55,1918.00,1918.45,14500,24488500
HDFC_F1,20181212,10:06,1918.05,1918.30,1916.30,1916.55,12500,24479500
HDFC_F1,20181212,10:07,1916.55,1918.40,1916.55,1918.40,6500,24479500
HDFC_F1,20181212,10:08,1919.00,1919.45,1918.25,1918.25,5000,24479500
HDFC_F1,20181212,10:09,1917.80,1918.25,1917.80,1918.25,2000,24484000
HDFC_F1,20181212,10:10,1918.50,1919.10,1918.50,1918.60,3500,24484000
HDFC_F1,20181212,10:11,1918.50,1918.95,1918.50,1918.95,1000,24484000
HDFC_F1,20181212,10:12,1918.35,1918.35,1917.15,1917.15,4000,24484000
HDFC_F1,20181212,10:13,1916.90,1917.80,1916.90,1917.80,3000,24484000
HDFC_F1,20181212,10:14,1917.85,1917.85,1916.80,1916.80,3500,24484000
HDFC_F1,20181212,10:15,1916.25,1916.25,1915.15,1915.50,6000,24486000
HDFC_F1,20181212,10:16,1915.00,1916.95,1914.15,1916.95,15000,24486000
HDFC_F1,20181212,10:17,1916.15,1917.00,1916.15,1917.00,7000,24486000
HDFC_F1,20181212,10:18,1916.90,1917.40,1916.90,1917.40,5000,24490000
HDFC_F1,20181212,10:19,1917.55,1919.00,1917.55,1919.00,3000,24490000
HDFC_F1,20181212,10:20,1919.00,1919.00,1917.60,1917.60,3500,24490000
HDFC_F1,20181212,10:21,1916.75,1917.75,1916.75,1917.00,1500,24496000
HDFC_F1,20181212,10:22,1919.60,1920.05,1917.50,1919.05,22000,24496000
HDFC_F1,20181212,10:23,1919.00,1920.85,1918.90,1920.55,12500,24496000
HDFC_F1,20181212,10:24,1919.80,1922.00,1919.75,1922.00,13000,24497000
HDFC_F1,20181212,10:25,1921.55,1923.45,1921.35,1923.45,11500,24497000
HDFC_F1,20181212,10:26,1923.00,1924.60,1922.75,1924.60,14500,24497000
HDFC_F1,20181212,10:27,1924.25,1928.00,1924.25,1926.10,27500,24507000
HDFC_F1,20181212,10:28,1926.05,1927.80,1925.50,1927.80,11000,24507000
HDFC_F1,20181212,10:29,1928.10,1928.55,1927.75,1928.00,15000,24507000
HDFC_F1,20181212,10:30,1927.85,1927.85,1927.00,1927.50,3000,24507000
HDFC_F1,20181212,10:31,1926.10,1926.50,1925.60,1925.60,8000,24521000
HDFC_F1,20181212,10:32,1925.10,1925.10,1923.50,1924.50,8000,24521000
HDFC_F1,20181212,10:33,1925.80,1926.60,1925.80,1926.60,2000,24525500
HDFC_F1,20181212,10:34,1926.40,1928.00,1926.40,1928.00,9000,24525500
HDFC_F1,20181212,10:35,1927.15,1928.95,1927.00,1928.00,7000,24525500
HDFC_F1,20181212,10:36,1927.90,1929.45,1927.75,1929.40,8500,24523500
HDFC_F1,20181212,10:37,1928.65,1928.65,1927.15,1927.15,4500,24523500
HDFC_F1,20181212,10:38,1926.85,1928.00,1926.60,1927.40,7500,24523500
HDFC_F1,20181212,10:39,1926.65,1927.40,1926.60,1927.00,2500,24529000
HDFC_F1,20181212,10:40,1926.75,1927.65,1926.75,1927.60,2000,24529000
HDFC_F1,20181212,10:41,1926.90,1927.60,1926.85,1926.85,2000,24529000
HDFC_F1,20181212,10:42,1926.50,1926.95,1925.80,1926.00,9000,24530500
HDFC_F1,20181212,10:43,1926.20,1927.80,1926.20,1926.80,10500,24530500
HDFC_F1,20181212,10:44,1926.30,1926.30,1925.75,1926.20,2500,24530500
HDFC_F1,20181212,10:45,1925.40,1927.15,1925.40,1927.15,1500,24530500
HDFC_F1,20181212,10:46,1926.40,1928.00,1926.40,1927.95,3000,24531000
HDFC_F1,20181212,10:47,1927.00,1927.55,1926.25,1926.80,16500,24531000
HDFC_F1,20181212,10:48,1927.00,1927.50,1926.65,1927.50,5000,24537000
HDFC_F1,20181212,10:49,1927.75,1928.30,1927.60,1927.60,2500,24537000
HDFC_F1,20181212,10:50,1927.50,1928.00,1927.15,1927.15,4000,24537000
HDFC_F1,20181212,10:51,1927.75,1928.65,1927.30,1928.55,7000,24537000
HDFC_F1,20181212,10:52,1928.15,1928.50,1928.05,1928.50,3000,24543500
HDFC_F1,20181212,10:53,1928.20,1929.00,1928.20,1928.75,2500,24543500
HDFC_F1,20181212,10:54,1928.30,1928.30,1925.80,1927.60,20500,24554500
HDFC_F1,20181212,10:55,1926.35,1926.60,1926.05,1926.50,3000,24554500
HDFC_F1,20181212,10:56,1925.60,1925.65,1925.00,1925.10,6500,24554500
HDFC_F1,20181212,10:57,1925.85,1926.40,1925.45,1926.40,4000,24556500
HDFC_F1,20181212,10:58,1925.60,1925.60,1925.00,1925.10,8000,24556500
HDFC_F1,20181212,10:59,1924.90,1924.90,1924.65,1924.80,1500,24556500
HDFC_F1,20181212,11:00,1923.85,1924.25,1922.15,1922.15,10000,24560500
HDFC_F1,20181212,11:01,1922.65,1923.10,1922.45,1923.10,3500,24560500
HDFC_F1,20181212,11:02,1923.50,1926.00,1923.45,1926.00,8000,24560500
HDFC_F1,20181212,11:03,1925.30,1925.90,1925.30,1925.90,1500,24560500
HDFC_F1,20181212,11:04,1925.80,1927.45,1925.80,1927.45,3000,24562500
HDFC_F1,20181212,11:05,1927.00,1927.80,1926.50,1926.50,3500,24562500
HDFC_F1,20181212,11:06,1925.60,1926.50,1925.45,1926.50,3000,24565500
HDFC_F1,20181212,11:07,1926.25,1927.00,1926.00,1926.55,4000,24565500
HDFC_F1,20181212,11:08,1926.20,1926.20,1925.90,1925.90,1500,24565500
HDFC_F1,20181212,11:09,1925.55,1926.00,1925.05,1926.00,3500,24568000
HDFC_F1,20181212,11:10,1926.75,1926.75,1925.55,1925.55,3000,24568000
HDFC_F1,20181212,11:11,1925.95,1926.50,1925.95,1926.40,2500,24568000
HDFC_F1,20181212,11:12,1926.30,1926.90,1926.25,1926.65,3000,24568000
HDFC_F1,20181212,11:13,1926.05,1927.40,1926.05,1927.00,4500,24572000
HDFC_F1,20181212,11:14,1926.45,1927.20,1926.45,1927.20,1500,24572000
HDFC_F1,20181212,11:15,1926.70,1926.70,1926.00,1926.00,2500,24572000
HDFC_F1,20181212,11:16,1926.00,1926.15,1925.55,1926.15,5000,24574500
HDFC_F1,20181212,11:17,1926.20,1926.30,1926.00,1926.00,2000,24574500
HDFC_F1,20181212,11:18,1925.75,1926.65,1925.50,1926.65,2500,24580000
HDFC_F1,20181212,11:19,1926.50,1926.95,1926.50,1926.95,1500,24580000
HDFC_F1,20181212,11:20,1925.80,1925.80,1925.80,1925.80,1000,24580000
HDFC_F1,20181212,11:21,1925.65,1925.65,1925.45,1925.45,1000,24580000
HDFC_F1,20181212,11:22,1925.70,1926.30,1925.50,1925.50,3500,24582000
HDFC_F1,20181212,11:23,1925.45,1926.10,1924.45,1925.00,5000,24582000
HDFC_F1,20181212,11:24,1924.90,1924.90,1924.35,1924.35,1500,24583000
HDFC_F1,20181212,11:25,1924.15,1925.40,1924.15,1925.00,2500,24583000
HDFC_F1,20181212,11:26,1924.80,1925.35,1924.70,1925.00,2000,24583000
HDFC_F1,20181212,11:27,1924.50,1925.00,1924.20,1924.20,2000,24583000
HDFC_F1,20181212,11:28,1924.50,1925.05,1923.90,1924.90,3000,24575000
HDFC_F1,20181212,11:29,1924.45,1924.80,1924.45,1924.80,1500,24575000
HDFC_F1,20181212,11:30,1923.80,1924.65,1923.80,1924.65,1000,24575000
HDFC_F1,20181212,11:31,1923.85,1926.00,1923.85,1925.35,8500,24579500
HDFC_F1,20181212,11:32,1924.90,1925.65,1924.90,1925.65,4000,24579500
HDFC_F1,20181212,11:33,1925.00,1926.40,1925.00,1926.40,15500,24588500
HDFC_F1,20181212,11:34,1925.10,1925.10,1924.65,1924.65,1500,24588500
HDFC_F1,20181212,11:35,1924.55,1924.55,1921.80,1922.85,9500,24588500
HDFC_F1,20181212,11:36,1922.65,1923.55,1922.65,1923.45,3000,24594000
HDFC_F1,20181212,11:37,1923.50,1923.50,1923.05,1923.05,1000,24594000
HDFC_F1,20181212,11:38,1923.75,1923.75,1923.15,1923.15,2000,24594000
HDFC_F1,20181212,11:39,1923.15,1923.15,1923.10,1923.10,1000,24585500
HDFC_F1,20181212,11:40,1923.50,1924.95,1922.65,1924.75,4000,24585500
HDFC_F1,20181212,11:41,1924.65,1924.65,1923.70,1923.70,1500,24585500
HDFC_F1,20181212,11:42,1924.85,1924.85,1924.85,1924.85,500,24585500
HDFC_F1,20181212,11:43,1924.95,1925.35,1924.95,1925.35,1500,24588000
HDFC_F1,20181212,11:44,1925.00,1925.95,1925.00,1925.80,8000,24588000
HDFC_F1,20181212,11:45,1926.10,1926.15,1926.00,1926.00,1500,24588000
HDFC_F1,20181212,11:46,1925.90,1926.50,1925.90,1926.50,1000,24591000
HDFC_F1,20181212,11:47,1926.25,1927.15,1926.25,1926.35,3000,24591000
HDFC_F1,20181212,11:48,1926.05,1926.05,1925.50,1925.50,2000,24593500
HDFC_F1,20181212,11:49,1926.00,1926.00,1926.00,1926.00,500,24593500
HDFC_F1,20181212,11:50,1925.60,1925.85,1925.20,1925.20,2500,24593500
HDFC_F1,20181212,11:51,1924.75,1924.75,1924.50,1924.50,1000,24593500
HDFC_F1,20181212,11:53,1924.30,1925.75,1924.30,1924.60,3500,24595500
HDFC_F1,20181212,11:54,1925.25,1925.95,1925.10,1925.10,2000,24591500
HDFC_F1,20181212,11:55,1926.00,1926.00,1925.70,1925.70,1000,24591500
HDFC_F1,20181212,11:56,1926.75,1926.75,1926.10,1926.10,1500,24591500
HDFC_F1,20181212,11:57,1926.25,1927.00,1926.25,1927.00,2000,24591500
HDFC_F1,20181212,11:58,1927.10,1927.10,1926.35,1926.35,1000,24593000
HDFC_F1,20181212,11:59,1926.50,1926.90,1926.50,1926.90,1500,24593000
HDFC_F1,20181212,12:00,1926.45,1927.10,1926.45,1926.50,2000,24594000
HDFC_F1,20181212,12:01,1926.35,1926.50,1926.35,1926.35,2500,24594000
HDFC_F1,20181212,12:02,1926.20,1927.00,1926.20,1926.50,1500,24594000
HDFC_F1,20181212,12:03,1926.10,1926.10,1926.10,1926.10,1000,24594000
HDFC_F1,20181212,12:04,1925.50,1925.90,1924.95,1925.90,3000,24595000
HDFC_F1,20181212,12:05,1924.65,1925.05,1924.55,1924.55,2500,24595000
HDFC_F1,20181212,12:06,1925.50,1925.50,1925.50,1925.50,1000,24595000
HDFC_F1,20181212,12:07,1924.95,1925.45,1924.95,1925.45,1500,24597500
HDFC_F1,20181212,12:08,1925.05,1925.05,1925.00,1925.00,1000,24597500
HDFC_F1,20181212,12:09,1925.10,1925.55,1925.10,1925.55,1000,24596000
HDFC_F1,20181212,12:10,1925.05,1925.80,1924.95,1925.80,1500,24596000
HDFC_F1,20181212,12:11,1924.90,1924.90,1924.90,1924.90,500,24596000
HDFC_F1,20181212,12:12,1924.80,1925.50,1924.50,1925.50,3500,24597000
HDFC_F1,20181212,12:13,1924.55,1924.55,1924.55,1924.55,1000,24597000
HDFC_F1,20181212,12:14,1924.85,1925.25,1924.85,1925.25,1500,24597000
HDFC_F1,20181212,12:15,1924.75,1924.75,1924.75,1924.75,500,24597000
HDFC_F1,20181212,12:16,1924.65,1924.65,1924.50,1924.50,1000,24597000
HDFC_F1,20181212,12:17,1924.15,1924.60,1924.15,1924.60,1000,24597000
HDFC_F1,20181212,12:18,1925.25,1925.50,1924.60,1925.50,2500,24599500
HDFC_F1,20181212,12:19,1924.60,1925.25,1924.00,1924.05,11000,24599500
HDFC_F1,20181212,12:20,1923.25,1925.40,1922.30,1922.65,23000,24599500
HDFC_F1,20181212,12:21,1922.75,1925.20,1922.20,1923.10,28500,24608000
HDFC_F1,20181212,12:22,1922.25,1925.40,1922.25,1922.85,30500,24608000
HDFC_F1,20181212,12:23,1924.40,1924.80,1923.25,1923.70,10500,24608000
HDFC_F1,20181212,12:24,1923.50,1923.50,1923.50,1923.50,500,24608000
HDFC_F1,20181212,12:25,1922.90,1923.00,1922.55,1922.75,2000,24610500
HDFC_F1,20181212,12:26,1922.10,1922.10,1921.05,1922.05,6000,24610500
HDFC_F1,20181212,12:27,1920.45,1922.35,1920.45,1922.35,5500,24608500
HDFC_F1,20181212,12:28,1922.00,1922.20,1921.65,1922.00,3500,24608500
HDFC_F1,20181212,12:29,1922.20,1923.20,1922.20,1923.10,1500,24608500
HDFC_F1,20181212,12:30,1923.15,1923.15,1922.90,1922.90,1000,24606000
HDFC_F1,20181212,12:31,1922.35,1922.35,1921.20,1921.20,5000,24606000
HDFC_F1,20181212,12:32,1921.20,1921.35,1921.20,1921.35,1500,24606000
HDFC_F1,20181212,12:33,1921.05,1922.35,1921.05,1921.65,3500,24604500
HDFC_F1,20181212,12:34,1922.40,1923.10,1922.40,1923.10,2000,24604500
HDFC_F1,20181212,12:35,1923.55,1923.55,1923.55,1923.55,500,24604500
HDFC_F1,20181212,12:36,1923.75,1923.75,1923.10,1923.15,16000,24602000
HDFC_F1,20181212,12:37,1923.60,1924.05,1923.60,1924.05,5500,24602000
HDFC_F1,20181212,12:38,1924.45,1924.95,1924.45,1924.75,3500,24602000
HDFC_F1,20181212,12:39,1925.00,1925.05,1924.15,1924.15,5000,24602000
HDFC_F1,20181212,12:40,1925.10,1925.10,1924.80,1924.80,1000,24613000
HDFC_F1,20181212,12:41,1925.30,1925.30,1925.30,1925.30,500,24613000
HDFC_F1,20181212,12:42,1924.45,1925.05,1924.45,1925.00,3500,24613000
HDFC_F1,20181212,12:43,1925.00,1925.10,1925.00,1925.10,2500,24615000
HDFC_F1,20181212,12:44,1925.15,1925.15,1925.05,1925.05,1000,24615000
HDFC_F1,20181212,12:45,1925.00,1925.00,1925.00,1925.00,1000,24604500
HDFC_F1,20181212,12:46,1925.00,1925.00,1924.75,1924.75,2000,24604500
HDFC_F1,20181212,12:47,1924.00,1924.15,1923.90,1924.15,2500,24604500
HDFC_F1,20181212,12:48,1923.75,1923.75,1922.95,1923.05,2500,24605500
HDFC_F1,20181212,12:49,1924.00,1924.00,1923.50,1923.50,3500,24605500
HDFC_F1,20181212,12:50,1923.00,1923.00,1922.60,1922.60,2000,24605500
HDFC_F1,20181212,12:51,1923.45,1923.50,1923.00,1923.35,3500,24609500
HDFC_F1,20181212,12:52,1923.25,1924.25,1923.25,1924.25,1000,24609500
HDFC_F1,20181212,12:53,1923.35,1924.00,1923.35,1923.65,2000,24609500
HDFC_F1,20181212,12:54,1923.60,1924.75,1923.00,1924.50,10000,24612500
HDFC_F1,20181212,12:55,1924.75,1924.75,1924.30,1924.30,1500,24612500
HDFC_F1,20181212,12:56,1924.00,1924.00,1923.85,1923.85,1000,24612500
HDFC_F1,20181212,12:57,1923.65,1924.10,1923.15,1924.05,4000,24617500
HDFC_F1,20181212,12:58,1924.20,1924.20,1922.95,1923.50,4500,24617500
HDFC_F1,20181212,12:59,1923.45,1923.45,1923.00,1923.00,2500,24617500
HDFC_F1,20181212,13:00,1923.85,1923.85,1922.85,1922.85,1500,24618000
HDFC_F1,20181212,13:02,1923.45,1923.45,1923.45,1923.45,500,24618000
HDFC_F1,20181212,13:03,1922.90,1923.30,1922.90,1923.10,2000,24618000
HDFC_F1,20181212,13:04,1922.90,1923.35,1922.90,1923.25,2500,24618500
HDFC_F1,20181212,13:05,1923.80,1924.00,1923.80,1924.00,1000,24618500
HDFC_F1,20181212,13:06,1923.25,1923.25,1923.00,1923.00,1500,24613500
HDFC_F1,20181212,13:07,1922.80,1923.00,1922.80,1922.90,2500,24613500
HDFC_F1,20181212,13:08,1922.80,1922.80,1922.25,1922.25,1500,24613500
HDFC_F1,20181212,13:10,1922.20,1922.75,1922.05,1922.75,2000,24616500
HDFC_F1,20181212,13:11,1922.10,1922.70,1921.85,1921.85,3000,24616500
HDFC_F1,20181212,13:12,1921.75,1921.75,1921.45,1921.45,1000,24618000
HDFC_F1,20181212,13:13,1921.25,1921.65,1921.05,1921.05,3500,24618000
HDFC_F1,20181212,13:14,1921.30,1922.75,1921.30,1922.30,1500,24618000
HDFC_F1,20181212,13:15,1922.95,1924.00,1922.95,1924.00,3000,24623500
HDFC_F1,20181212,13:16,1925.35,1925.35,1924.70,1924.70,2000,24623500
HDFC_F1,20181212,13:17,1924.95,1925.75,1924.80,1925.10,5500,24623500
HDFC_F1,20181212,13:18,1925.05,1925.05,1922.35,1922.35,5500,24623500
HDFC_F1,20181212,13:19,1923.00,1923.00,1922.70,1922.70,2500,24626000
HDFC_F1,20181212,13:20,1922.95,1923.60,1922.95,1923.60,2500,24626000
HDFC_F1,20181212,13:21,1924.05,1924.05,1923.10,1923.10,1500,24626000
HDFC_F1,20181212,13:22,1924.15,1924.15,1923.00,1923.00,2500,24630500
HDFC_F1,20181212,13:23,1923.00,1923.35,1922.75,1923.35,3500,24630500
HDFC_F1,20181212,13:24,1923.80,1924.45,1923.65,1924.10,2500,24631000
HDFC_F1,20181212,13:25,1924.40,1924.45,1923.10,1923.40,5000,24631000
HDFC_F1,20181212,13:26,1923.75,1924.65,1923.75,1924.65,1000,24631000
HDFC_F1,20181212,13:27,1924.75,1924.75,1923.80,1923.80,4000,24631000
HDFC_F1,20181212,13:28,1925.00,1925.00,1925.00,1925.00,500,24635000
HDFC_F1,20181212,13:29,1925.05,1925.05,1925.05,1925.05,500,24635000
HDFC_F1,20181212,13:30,1925.75,1925.75,1924.75,1925.30,5000,24634500
HDFC_F1,20181212,13:31,1925.00,1926.05,1925.00,1925.45,10000,24634500
HDFC_F1,20181212,13:33,1926.00,1927.00,1925.45,1926.50,4500,24633500
HDFC_F1,20181212,13:34,1927.30,1927.95,1927.30,1927.30,2000,24633500
HDFC_F1,20181212,13:35,1928.00,1929.45,1927.70,1928.55,6000,24633500
HDFC_F1,20181212,13:36,1929.05,1929.05,1927.25,1927.25,9000,24634000
HDFC_F1,20181212,13:37,1927.25,1927.85,1926.25,1926.25,6500,24634000
HDFC_F1,20181212,13:38,1926.75,1927.50,1926.20,1926.95,11500,24634000
HDFC_F1,20181212,13:39,1926.95,1927.65,1926.70,1927.65,5000,24646000
HDFC_F1,20181212,13:40,1927.45,1927.45,1926.30,1926.30,4500,24646000
HDFC_F1,20181212,13:41,1927.75,1927.75,1927.75,1927.75,500,24646000
HDFC_F1,20181212,13:42,1928.00,1928.00,1927.20,1927.20,3000,24647500
HDFC_F1,20181212,13:43,1927.35,1928.40,1927.25,1927.95,5000,24647500
HDFC_F1,20181212,13:44,1929.40,1929.40,1928.15,1928.60,8500,24647500
HDFC_F1,20181212,13:45,1928.05,1929.00,1928.05,1929.00,2000,24651500
HDFC_F1,20181212,13:46,1928.25,1929.30,1928.25,1929.30,1500,24651500
HDFC_F1,20181212,13:47,1928.55,1928.55,1928.55,1928.55,1000,24651500
HDFC_F1,20181212,13:48,1928.60,1931.15,1928.60,1930.85,24000,24651500
HDFC_F1,20181212,13:49,1931.00,1931.90,1930.40,1930.40,9000,24648500
HDFC_F1,20181212,13:50,1931.00,1932.30,1931.00,1931.90,10000,24648500
HDFC_F1,20181212,13:51,1932.00,1932.80,1931.70,1932.30,12000,24650500
HDFC_F1,20181212,13:52,1932.90,1934.15,1932.20,1932.70,15500,24650500
HDFC_F1,20181212,13:53,1932.75,1933.35,1932.50,1932.50,7500,24650500
HDFC_F1,20181212,13:54,1932.45,1933.00,1932.40,1932.40,4000,24656000
HDFC_F1,20181212,13:55,1932.30,1932.30,1931.20,1931.95,6000,24656000
HDFC_F1,20181212,13:56,1932.20,1933.80,1932.20,1933.70,6500,24656000
HDFC_F1,20181212,13:57,1933.10,1933.35,1932.60,1932.95,7000,24655500
HDFC_F1,20181212,13:58,1933.05,1933.25,1932.25,1932.60,13500,24655500
HDFC_F1,20181212,13:59,1932.20,1933.00,1932.20,1933.00,3500,24655500
HDFC_F1,20181212,14:00,1932.55,1933.10,1932.55,1932.65,4500,24657500
HDFC_F1,20181212,14:01,1932.55,1935.40,1932.50,1935.05,22500,24657500
HDFC_F1,20181212,14:02,1934.80,1934.80,1933.00,1933.00,13500,24657500
HDFC_F1,20181212,14:03,1933.00,1935.00,1933.00,1935.00,8500,24667000
HDFC_F1,20181212,14:04,1934.70,1935.95,1934.70,1935.85,9500,24667000
HDFC_F1,20181212,14:05,1934.50,1934.50,1934.05,1934.50,3000,24667000
HDFC_F1,20181212,14:06,1934.00,1935.00,1933.95,1934.25,14500,24679500
HDFC_F1,20181212,14:07,1934.05,1934.05,1933.70,1934.00,3000,24679500
HDFC_F1,20181212,14:08,1935.00,1936.90,1934.10,1934.50,33000,24679500
HDFC_F1,20181212,14:09,1934.70,1936.00,1934.55,1935.25,15500,24690500
HDFC_F1,20181212,14:10,1934.50,1935.45,1934.05,1935.00,6500,24690500
HDFC_F1,20181212,14:11,1935.00,1935.00,1934.00,1934.00,4000,24690500
HDFC_F1,20181212,14:12,1934.00,1934.80,1934.00,1934.80,3500,24700000
HDFC_F1,20181212,14:13,1934.75,1934.75,1934.00,1934.60,3500,24700000
HDFC_F1,20181212,14:14,1934.60,1935.60,1934.60,1935.45,6500,24700000
HDFC_F1,20181212,14:15,1935.30,1937.50,1935.30,1937.50,7500,24699000
HDFC_F1,20181212,14:16,1936.80,1937.45,1936.05,1937.05,6000,24699000
HDFC_F1,20181212,14:17,1936.40,1938.80,1936.40,1938.80,22000,24699000
HDFC_F1,20181212,14:18,1939.00,1939.00,1937.35,1937.60,9000,24691000
HDFC_F1,20181212,14:19,1937.60,1938.10,1937.05,1938.00,10000,24691000
HDFC_F1,20181212,14:20,1937.10,1937.80,1936.25,1937.80,8000,24691000
HDFC_F1,20181212,14:21,1936.85,1937.00,1936.45,1936.95,5500,24689500
HDFC_F1,20181212,14:22,1937.50,1938.80,1937.50,1938.80,10500,24689500
HDFC_F1,20181212,14:23,1938.50,1939.00,1938.00,1939.00,10500,24689500
HDFC_F1,20181212,14:24,1939.05,1939.10,1938.50,1938.80,4500,24690500
HDFC_F1,20181212,14:25,1938.80,1939.25,1938.00,1938.85,8500,24690500
HDFC_F1,20181212,14:26,1939.40,1939.85,1939.00,1939.85,11000,24690500
HDFC_F1,20181212,14:27,1939.20,1939.90,1939.00,1939.30,11500,24689000
HDFC_F1,20181212,14:28,1939.15,1939.50,1938.90,1938.90,4000,24689000
HDFC_F1,20181212,14:29,1938.60,1939.00,1938.60,1939.00,2000,24689000
HDFC_F1,20181212,14:30,1938.85,1939.10,1938.60,1939.10,3500,24689000
HDFC_F1,20181212,14:31,1939.15,1941.00,1939.15,1940.85,19000,24690000
HDFC_F1,20181212,14:32,1940.80,1940.95,1940.10,1940.80,10000,24690000
HDFC_F1,20181212,14:33,1941.25,1943.65,1941.10,1943.50,53500,24685000
HDFC_F1,20181212,14:34,1943.15,1943.35,1942.65,1942.80,12500,24685000
HDFC_F1,20181212,14:35,1942.80,1942.80,1940.80,1940.80,8000,24685000
HDFC_F1,20181212,14:36,1940.65,1941.50,1940.05,1940.15,12000,24680500
HDFC_F1,20181212,14:37,1940.85,1941.00,1940.45,1940.60,5000,24680500
HDFC_F1,20181212,14:38,1940.70,1940.95,1940.70,1940.80,1500,24680500
HDFC_F1,20181212,14:39,1941.00,1941.70,1941.00,1941.70,6500,24681000
HDFC_F1,20181212,14:40,1941.50,1943.25,1941.50,1942.60,7500,24681000
HDFC_F1,20181212,14:41,1942.20,1942.85,1941.00,1941.00,9000,24681000
HDFC_F1,20181212,14:42,1941.35,1941.75,1941.00,1941.40,3500,24690500
HDFC_F1,20181212,14:43,1941.50,1942.75,1941.20,1941.90,29000,24690500
HDFC_F1,20181212,14:44,1941.25,1942.00,1941.25,1942.00,7000,24690500
HDFC_F1,20181212,14:45,1941.95,1942.00,1941.30,1941.65,10000,24713500
HDFC_F1,20181212,14:46,1941.55,1942.50,1941.55,1942.50,11500,24713500
HDFC_F1,20181212,14:47,1942.50,1942.95,1942.40,1942.40,10000,24713500
HDFC_F1,20181212,14:48,1942.60,1943.00,1942.05,1942.65,13000,24729500
HDFC_F1,20181212,14:49,1942.80,1943.95,1942.65,1942.85,12000,24729500
HDFC_F1,20181212,14:50,1943.25,1944.00,1943.25,1944.00,10500,24729500
HDFC_F1,20181212,14:51,1943.55,1943.85,1943.30,1943.30,7000,24729500
HDFC_F1,20181212,14:52,1943.10,1943.10,1942.00,1942.00,7000,24739500
HDFC_F1,20181212,14:53,1941.65,1941.65,1939.70,1941.45,14500,24739500
HDFC_F1,20181212,14:54,1940.95,1940.95,1939.70,1940.50,6500,24738000
HDFC_F1,20181212,14:55,1940.65,1941.00,1939.85,1939.85,2000,24738000
HDFC_F1,20181212,14:56,1940.10,1940.45,1939.75,1939.75,3500,24738000
HDFC_F1,20181212,14:57,1940.00,1941.00,1939.25,1940.75,28000,24740000
HDFC_F1,20181212,14:58,1941.25,1941.85,1940.50,1941.05,14000,24740000
HDFC_F1,20181212,14:59,1940.65,1941.95,1940.60,1941.40,7500,24740000
HDFC_F1,20181212,15:00,1941.70,1942.65,1941.70,1942.35,8000,24755000
HDFC_F1,20181212,15:01,1942.45,1944.50,1942.45,1944.50,20500,24755000
HDFC_F1,20181212,15:02,1944.95,1945.00,1944.65,1945.00,11500,24755000
HDFC_F1,20181212,15:03,1945.20,1947.60,1945.05,1946.25,28500,24769000
HDFC_F1,20181212,15:04,1946.15,1948.30,1946.00,1947.95,13000,24769000
HDFC_F1,20181212,15:05,1947.50,1948.00,1947.15,1947.80,11000,24769000
HDFC_F1,20181212,15:06,1948.85,1948.85,1947.00,1947.05,11500,24770000
HDFC_F1,20181212,15:07,1946.85,1948.55,1946.85,1948.00,13500,24770000
HDFC_F1,20181212,15:08,1948.00,1949.40,1948.00,1948.95,17000,24770000
HDFC_F1,20181212,15:09,1949.00,1949.75,1948.70,1949.75,9500,24775000
HDFC_F1,20181212,15:10,1949.90,1950.05,1947.85,1949.00,24500,24775000
HDFC_F1,20181212,15:11,1948.65,1948.65,1948.30,1948.40,8500,24775000
HDFC_F1,20181212,15:12,1948.40,1949.10,1948.40,1948.95,7000,24775000
HDFC_F1,20181212,15:13,1949.30,1949.30,1946.10,1946.10,19500,24775000
HDFC_F1,20181212,15:14,1946.40,1946.50,1945.10,1946.00,13000,24775000
HDFC_F1,20181212,15:15,1946.35,1948.85,1946.35,1948.45,18000,24771500
HDFC_F1,20181212,15:16,1948.10,1948.10,1947.30,1947.75,10000,24771500
HDFC_F1,20181212,15:17,1947.65,1948.80,1947.65,1948.55,8500,24771500
HDFC_F1,20181212,15:18,1948.30,1949.75,1948.30,1949.75,12000,24777500
HDFC_F1,20181212,15:19,1949.35,1951.05,1949.30,1951.00,14000,24777500
HDFC_F1,20181212,15:20,1950.80,1951.95,1950.30,1951.95,12500,24777500
HDFC_F1,20181212,15:21,1952.00,1953.10,1951.30,1953.10,18500,24773500
HDFC_F1,20181212,15:22,1952.85,1952.85,1951.65,1951.95,30500,24773500
HDFC_F1,20181212,15:23,1952.00,1953.80,1952.00,1953.80,22500,24773500
HDFC_F1,20181212,15:24,1953.85,1954.55,1952.10,1952.10,45500,24786500
HDFC_F1,20181212,15:25,1951.80,1952.25,1950.90,1951.35,22500,24786500
HDFC_F1,20181212,15:26,1951.60,1952.35,1950.45,1950.45,12000,24786500
HDFC_F1,20181212,15:27,1950.45,1950.70,1948.25,1948.25,21500,24784500
HDFC_F1,20181212,15:28,1948.65,1948.90,1948.00,1948.85,17000,24784500
HDFC_F1,20181212,15:29,1948.25,1950.15,1946.45,1946.45,25500,24784500
HDFC_F1,20181212,15:30,1947.15,1947.15,1946.00,1946.15,12500,24767500
HDFC_F1,20181212,16:36,1949.30,1949.30,1949.30,1949.30,1,0
