PFC_F1,20201211,09:16,115.00,115.60,115.00,115.55,62000,25792000
PFC_F1,20201211,09:17,115.90,116.00,115.65,115.65,204600,25792000
PFC_F1,20201211,09:18,115.80,116.00,115.80,116.00,130200,25798200
PFC_F1,20201211,09:19,116.30,116.40,116.15,116.15,142600,25798200
PFC_F1,20201211,09:20,115.95,116.10,115.95,116.10,68200,25798200
PFC_F1,20201211,09:21,116.20,116.75,116.20,116.40,291400,25928400
PFC_F1,20201211,09:22,116.40,116.40,116.00,116.10,136400,25928400
PFC_F1,20201211,09:23,116.05,116.15,115.95,115.95,136400,25928400
PFC_F1,20201211,09:24,116.05,116.10,116.00,116.00,49600,25965600
PFC_F1,20201211,09:25,116.10,116.40,116.10,116.40,136400,25965600
PFC_F1,20201211,09:26,116.25,116.25,116.25,116.25,31000,25965600
PFC_F1,20201211,09:27,116.45,116.65,116.45,116.65,155000,25990400
PFC_F1,20201211,09:28,116.55,116.70,116.55,116.60,105400,25990400
PFC_F1,20201211,09:29,116.55,116.65,116.50,116.65,49600,25990400
PFC_F1,20201211,09:30,116.60,116.80,116.55,116.60,105400,25996600
PFC_F1,20201211,09:31,116.75,116.80,116.55,116.55,86800,25996600
PFC_F1,20201211,09:32,116.60,116.65,116.50,116.65,43400,25996600
PFC_F1,20201211,09:33,116.80,116.95,116.70,116.70,186000,26071000
PFC_F1,20201211,09:34,116.65,116.65,116.30,116.30,111600,26071000
PFC_F1,20201211,09:35,116.40,116.40,116.25,116.25,37200,26071000
PFC_F1,20201211,09:36,116.10,116.20,115.95,116.20,186000,26015200
PFC_F1,20201211,09:37,116.00,116.00,115.80,115.90,105400,26015200
PFC_F1,20201211,09:38,115.90,115.95,115.80,115.80,24800,26015200
PFC_F1,20201211,09:39,115.95,116.15,115.95,116.05,210800,26021400
PFC_F1,20201211,09:40,116.00,116.30,116.00,116.15,31000,26021400
PFC_F1,20201211,09:41,116.25,116.30,116.25,116.30,12400,26021400
PFC_F1,20201211,09:42,116.40,116.40,116.40,116.40,6200,26021400
PFC_F1,20201211,09:43,116.25,116.60,116.25,116.55,80600,26021400
PFC_F1,20201211,09:44,116.65,116.75,116.55,116.60,99200,26021400
PFC_F1,20201211,09:45,116.45,116.50,116.45,116.50,43400,26083400
PFC_F1,20201211,09:46,116.55,116.55,116.50,116.50,12400,26083400
PFC_F1,20201211,09:47,116.50,116.50,116.50,116.50,6200,26083400
PFC_F1,20201211,09:48,116.55,116.70,116.55,116.70,86800,26083400
PFC_F1,20201211,09:49,116.75,116.75,116.75,116.75,12400,26126800
PFC_F1,20201211,09:50,116.75,116.75,116.60,116.60,31000,26126800
PFC_F1,20201211,09:51,116.55,116.65,116.55,116.65,18600,26040000
PFC_F1,20201211,09:52,116.65,116.85,116.65,116.85,86800,26040000
PFC_F1,20201211,09:53,116.90,117.15,116.80,116.80,347200,26040000
PFC_F1,20201211,09:55,116.70,116.75,116.60,116.60,55800,26077200
PFC_F1,20201211,09:56,116.70,116.70,116.55,116.55,12400,26077200
PFC_F1,20201211,09:58,116.50,116.70,116.50,116.70,80600,26071000
PFC_F1,20201211,09:59,116.50,116.50,116.30,116.40,55800,26071000
PFC_F1,20201211,10:00,116.15,116.15,116.05,116.05,86800,26046200
PFC_F1,20201211,10:01,116.20,116.20,116.20,116.20,6200,26046200
PFC_F1,20201211,10:02,116.35,116.35,116.35,116.35,6200,26046200
PFC_F1,20201211,10:03,116.10,116.10,116.05,116.05,24800,26064800
PFC_F1,20201211,10:04,116.00,116.00,115.80,115.80,86800,26064800
PFC_F1,20201211,10:05,115.70,115.75,115.60,115.75,43400,26064800
PFC_F1,20201211,10:06,115.95,115.95,115.85,115.85,31000,26083400
PFC_F1,20201211,10:07,115.70,115.70,115.70,115.70,99200,26083400
PFC_F1,20201211,10:09,115.65,115.65,115.65,115.65,6200,26083400
PFC_F1,20201211,10:10,115.75,115.85,115.75,115.85,37200,26046200
PFC_F1,20201211,10:12,116.00,116.00,116.00,116.00,18600,26046200
PFC_F1,20201211,10:14,116.30,116.35,116.30,116.35,24800,26046200
PFC_F1,20201211,10:15,116.35,116.35,115.80,115.80,117800,26095800
PFC_F1,20201211,10:16,115.95,115.95,115.95,115.95,43400,26095800
PFC_F1,20201211,10:17,116.10,116.10,116.10,116.10,6200,26095800
PFC_F1,20201211,10:18,116.05,116.05,116.05,116.05,24800,26114400
PFC_F1,20201211,10:19,116.10,116.10,116.10,116.10,6200,26114400
PFC_F1,20201211,10:21,116.10,116.10,116.10,116.10,12400,26114400
PFC_F1,20201211,10:22,116.00,116.00,116.00,116.00,6200,26102000
PFC_F1,20201211,10:23,116.20,116.35,116.20,116.35,55800,26102000
PFC_F1,20201211,10:24,116.35,116.40,116.35,116.40,24800,26083400
PFC_F1,20201211,10:25,116.55,116.55,116.55,116.55,31000,26083400
PFC_F1,20201211,10:26,116.60,116.65,116.50,116.65,24800,26083400
PFC_F1,20201211,10:27,116.65,116.80,116.65,116.80,43400,26164000
PFC_F1,20201211,10:28,116.65,116.70,116.60,116.70,24800,26164000
PFC_F1,20201211,10:29,116.60,116.60,116.60,116.60,6200,26164000
PFC_F1,20201211,10:30,116.50,116.50,116.50,116.50,12400,26157800
PFC_F1,20201211,10:31,116.70,116.85,116.70,116.85,68200,26157800
PFC_F1,20201211,10:32,116.90,116.90,116.85,116.85,18600,26157800
PFC_F1,20201211,10:33,116.90,116.90,116.80,116.80,12400,26133000
PFC_F1,20201211,10:34,116.75,116.75,116.75,116.75,12400,26133000
PFC_F1,20201211,10:35,116.80,116.80,116.80,116.80,6200,26133000
PFC_F1,20201211,10:36,116.85,116.90,116.85,116.90,68200,26133000
PFC_F1,20201211,10:38,116.80,116.80,116.80,116.80,6200,26133000
PFC_F1,20201211,10:39,116.85,116.85,116.85,116.85,6200,26145400
PFC_F1,20201211,10:41,116.90,117.35,116.90,117.35,186000,26145400
PFC_F1,20201211,10:42,117.35,117.35,117.15,117.15,105400,26176400
PFC_F1,20201211,10:43,117.15,117.30,117.05,117.30,117800,26176400
PFC_F1,20201211,10:44,117.25,117.40,117.25,117.35,167400,26176400
PFC_F1,20201211,10:45,117.40,117.45,117.35,117.40,117800,26312800
PFC_F1,20201211,10:46,117.50,117.65,117.50,117.65,93000,26312800
PFC_F1,20201211,10:47,117.50,117.50,117.45,117.45,37200,26312800
PFC_F1,20201211,10:48,117.50,117.55,117.50,117.55,68200,26356200
PFC_F1,20201211,10:49,117.70,117.90,117.55,117.85,409200,26356200
PFC_F1,20201211,10:50,117.90,118.00,117.85,117.90,254200,26356200
PFC_F1,20201211,10:51,117.75,117.90,117.75,117.90,155000,26610400
PFC_F1,20201211,10:52,117.95,118.15,117.95,118.15,173600,26610400
PFC_F1,20201211,10:53,118.05,118.15,118.05,118.15,62000,26610400
PFC_F1,20201211,10:54,118.20,118.20,118.20,118.20,31000,26554600
PFC_F1,20201211,10:55,118.25,118.45,118.25,118.40,142600,26554600
PFC_F1,20201211,10:56,118.40,118.40,118.00,118.00,124000,26554600
PFC_F1,20201211,10:57,118.00,118.25,118.00,118.25,55800,26622800
PFC_F1,20201211,10:58,118.00,118.20,118.00,118.20,37200,26622800
PFC_F1,20201211,10:59,118.00,118.10,117.85,118.00,68200,26622800
PFC_F1,20201211,11:00,117.95,118.10,117.90,118.00,62000,26616600
PFC_F1,20201211,11:01,118.20,118.20,118.20,118.20,24800,26616600
PFC_F1,20201211,11:02,118.00,118.15,118.00,118.10,24800,26616600
PFC_F1,20201211,11:03,118.05,118.40,118.05,118.40,155000,26622800
PFC_F1,20201211,11:04,118.45,118.55,118.45,118.50,124000,26622800
PFC_F1,20201211,11:05,118.45,118.50,118.40,118.40,49600,26622800
PFC_F1,20201211,11:06,118.60,118.60,118.60,118.60,6200,26622800
PFC_F1,20201211,11:07,118.60,118.60,118.55,118.60,80600,26641400
PFC_F1,20201211,11:08,118.60,118.60,118.50,118.50,12400,26641400
PFC_F1,20201211,11:09,118.50,118.60,118.50,118.50,31000,26715800
PFC_F1,20201211,11:10,118.45,118.75,118.45,118.75,136400,26715800
PFC_F1,20201211,11:11,118.55,118.60,118.55,118.60,12400,26715800
PFC_F1,20201211,11:12,118.30,118.30,118.15,118.15,37200,26715800
PFC_F1,20201211,11:13,118.15,118.35,117.90,117.90,341000,26746800
PFC_F1,20201211,11:14,117.80,118.00,117.70,118.00,334800,26746800
PFC_F1,20201211,11:15,117.85,118.00,117.70,117.70,43400,26746800
PFC_F1,20201211,11:16,117.70,117.75,117.60,117.75,86800,26715800
PFC_F1,20201211,11:17,117.85,118.05,117.85,118.05,68200,26715800
PFC_F1,20201211,11:18,118.10,118.10,118.10,118.10,12400,26715800
PFC_F1,20201211,11:19,117.95,118.15,117.95,118.15,18600,26839800
PFC_F1,20201211,11:20,118.25,118.40,118.20,118.20,31000,26839800
PFC_F1,20201211,11:21,118.10,118.25,118.10,118.25,43400,26839800
PFC_F1,20201211,11:22,118.00,118.00,117.50,117.60,378200,26870800
PFC_F1,20201211,11:23,118.00,118.15,118.00,118.10,161200,26870800
PFC_F1,20201211,11:24,118.15,118.20,118.15,118.20,12400,26870800
PFC_F1,20201211,11:26,118.15,118.15,118.15,118.15,12400,27007200
PFC_F1,20201211,11:27,118.20,118.55,118.20,118.55,105400,27013400
PFC_F1,20201211,11:28,118.45,118.60,118.45,118.55,62000,27013400
PFC_F1,20201211,11:29,118.65,118.85,118.65,118.75,179800,27013400
PFC_F1,20201211,11:30,118.80,118.80,118.60,118.60,18600,27013400
PFC_F1,20201211,11:31,118.50,118.50,118.35,118.35,80600,27038200
PFC_F1,20201211,11:32,118.25,118.25,118.25,118.25,6200,27038200
PFC_F1,20201211,11:33,118.00,118.00,117.95,118.00,210800,27038200
PFC_F1,20201211,11:34,117.90,118.15,117.90,118.15,49600,27025800
PFC_F1,20201211,11:35,118.35,118.35,118.20,118.20,12400,27025800
PFC_F1,20201211,11:36,118.10,118.20,118.10,118.20,74400,27025800
PFC_F1,20201211,11:37,118.30,118.30,118.30,118.30,6200,27001000
PFC_F1,20201211,11:39,118.20,118.20,118.20,118.20,6200,27001000
PFC_F1,20201211,11:40,118.00,118.00,118.00,118.00,6200,27001000
PFC_F1,20201211,11:41,118.00,118.00,118.00,118.00,6200,27001000
PFC_F1,20201211,11:43,117.95,118.05,117.95,118.00,49600,27001000
PFC_F1,20201211,11:44,117.90,117.90,117.90,117.90,31000,27001000
PFC_F1,20201211,11:45,117.90,117.95,117.90,117.95,24800,27001000
PFC_F1,20201211,11:46,117.95,117.95,117.95,117.95,6200,26957600
PFC_F1,20201211,11:48,117.90,118.10,117.90,118.10,12400,26957600
PFC_F1,20201211,11:49,118.15,118.15,118.15,118.15,24800,26951400
PFC_F1,20201211,11:50,118.30,118.30,118.30,118.30,18600,26951400
PFC_F1,20201211,11:52,118.40,118.40,118.40,118.40,24800,26957600
PFC_F1,20201211,11:53,118.40,118.40,118.40,118.40,6200,26957600
PFC_F1,20201211,11:54,118.45,118.50,118.35,118.35,68200,26957600
PFC_F1,20201211,11:57,118.30,118.35,118.30,118.35,74400,26939000
PFC_F1,20201211,11:58,118.15,118.15,118.15,118.15,6200,26895600
PFC_F1,20201211,12:00,118.20,118.20,118.20,118.20,6200,26895600
PFC_F1,20201211,12:01,118.25,118.25,118.25,118.25,6200,26870800
PFC_F1,20201211,12:02,118.20,118.20,118.20,118.20,6200,26870800
PFC_F1,20201211,12:05,118.25,118.25,118.25,118.25,18600,26877000
PFC_F1,20201211,12:10,118.15,118.15,118.15,118.15,6200,26877000
PFC_F1,20201211,12:12,118.15,118.20,118.15,118.20,12400,26877000
PFC_F1,20201211,12:14,118.30,118.30,118.30,118.30,12400,26877000
PFC_F1,20201211,12:15,118.40,118.45,118.40,118.40,37200,26883200
PFC_F1,20201211,12:17,118.50,118.50,118.50,118.50,12400,26895600
PFC_F1,20201211,12:18,118.50,118.50,118.30,118.30,43400,26895600
PFC_F1,20201211,12:19,118.25,118.25,118.20,118.25,31000,26908000
PFC_F1,20201211,12:21,118.25,118.25,118.25,118.25,12400,26908000
PFC_F1,20201211,12:22,118.15,118.15,118.15,118.15,6200,26939000
PFC_F1,20201211,12:24,118.20,118.20,118.20,118.20,6200,26939000
PFC_F1,20201211,12:26,118.30,118.30,118.30,118.30,6200,26926600
PFC_F1,20201211,12:30,118.40,118.40,118.40,118.40,6200,26926600
PFC_F1,20201211,12:31,118.25,118.25,118.25,118.25,18600,26926600
PFC_F1,20201211,12:33,118.35,118.35,118.30,118.30,12400,26908000
PFC_F1,20201211,12:34,118.45,118.45,118.45,118.45,12400,26914200
PFC_F1,20201211,12:35,118.35,118.35,118.15,118.15,24800,26914200
PFC_F1,20201211,12:36,118.15,118.15,118.15,118.15,6200,26914200
PFC_F1,20201211,12:37,118.20,118.20,118.10,118.10,12400,26914200
PFC_F1,20201211,12:38,118.15,118.15,118.10,118.10,18600,26914200
PFC_F1,20201211,12:39,118.05,118.05,118.05,118.05,18600,26914200
PFC_F1,20201211,12:40,117.95,117.95,117.70,117.85,117800,26945200
PFC_F1,20201211,12:41,117.80,117.95,117.80,117.95,24800,26945200
PFC_F1,20201211,12:42,118.00,118.00,117.95,117.95,80600,26945200
PFC_F1,20201211,12:43,117.95,117.95,117.95,117.95,12400,26877000
PFC_F1,20201211,12:45,118.05,118.05,118.05,118.05,6200,26877000
PFC_F1,20201211,12:46,118.05,118.05,118.05,118.05,6200,26864600
PFC_F1,20201211,12:47,118.00,118.00,118.00,118.00,6200,26864600
PFC_F1,20201211,12:48,117.85,117.85,117.85,117.85,24800,26864600
PFC_F1,20201211,12:50,117.85,117.85,117.85,117.85,24800,26852200
PFC_F1,20201211,12:51,117.80,117.80,117.75,117.75,24800,26852200
PFC_F1,20201211,12:52,117.80,117.80,117.70,117.70,18600,26901800
PFC_F1,20201211,12:53,117.80,117.80,117.75,117.75,24800,26901800
PFC_F1,20201211,12:54,117.75,117.75,117.75,117.75,6200,26901800
PFC_F1,20201211,12:55,117.80,117.85,117.80,117.85,24800,26901800
PFC_F1,20201211,12:56,117.90,118.00,117.90,118.00,31000,26889400
PFC_F1,20201211,12:57,117.95,118.40,117.95,118.40,86800,26889400
PFC_F1,20201211,12:58,118.40,118.60,118.40,118.60,508400,26970000
PFC_F1,20201211,12:59,118.60,118.60,118.50,118.50,31000,26970000
PFC_F1,20201211,13:00,118.50,118.50,118.50,118.50,12400,26970000
PFC_F1,20201211,13:01,118.50,118.50,118.50,118.50,12400,27131200
PFC_F1,20201211,13:02,118.40,118.40,118.40,118.40,6200,27131200
PFC_F1,20201211,13:03,118.40,118.50,118.40,118.50,12400,27131200
PFC_F1,20201211,13:05,118.45,118.50,118.45,118.50,12400,27125000
PFC_F1,20201211,13:06,118.45,118.45,118.45,118.45,6200,27125000
PFC_F1,20201211,13:07,118.50,118.50,118.40,118.40,18600,27125000
PFC_F1,20201211,13:10,118.50,118.50,118.50,118.50,6200,27100200
PFC_F1,20201211,13:11,118.45,118.45,118.45,118.45,6200,27100200
PFC_F1,20201211,13:15,118.55,118.60,118.55,118.60,31000,27106400
PFC_F1,20201211,13:16,118.65,118.65,118.65,118.65,6200,27106400
PFC_F1,20201211,13:17,118.60,118.60,118.60,118.60,12400,27094000
PFC_F1,20201211,13:19,118.55,118.55,118.55,118.55,12400,27087800
PFC_F1,20201211,13:20,118.45,118.45,118.45,118.45,6200,27087800
PFC_F1,20201211,13:21,118.45,118.45,118.45,118.45,12400,27087800
PFC_F1,20201211,13:22,118.45,118.45,118.40,118.45,31000,27094000
PFC_F1,20201211,13:23,118.35,118.35,118.35,118.35,12400,27094000
PFC_F1,20201211,13:26,118.35,118.35,118.35,118.35,12400,26926600
PFC_F1,20201211,13:28,118.35,118.40,118.35,118.40,12400,26926600
PFC_F1,20201211,13:29,118.35,118.35,118.35,118.35,12400,26926600
PFC_F1,20201211,13:31,118.30,118.30,118.25,118.25,80600,26926600
PFC_F1,20201211,13:32,118.25,118.25,118.10,118.10,68200,26926600
PFC_F1,20201211,13:33,118.20,118.20,118.15,118.15,24800,26926600
PFC_F1,20201211,13:34,118.10,118.10,118.10,118.10,6200,26926600
PFC_F1,20201211,13:35,118.30,118.30,118.00,118.00,167400,26932800
PFC_F1,20201211,13:36,118.00,118.00,118.00,118.00,12400,26932800
PFC_F1,20201211,13:37,118.15,118.15,118.15,118.15,6200,26920400
PFC_F1,20201211,13:39,118.30,118.30,118.30,118.30,31000,26920400
PFC_F1,20201211,13:43,118.20,118.20,118.20,118.20,6200,26908000
PFC_F1,20201211,13:44,118.10,118.10,118.10,118.10,12400,26908000
PFC_F1,20201211,13:46,118.00,118.00,118.00,118.00,18600,26901800
PFC_F1,20201211,13:47,117.95,117.95,117.95,117.95,6200,26901800
PFC_F1,20201211,13:48,118.00,118.15,118.00,118.15,55800,26901800
PFC_F1,20201211,13:49,118.20,118.20,118.20,118.20,6200,26908000
PFC_F1,20201211,13:50,118.20,118.20,118.15,118.15,18600,26908000
PFC_F1,20201211,13:51,118.15,118.15,118.15,118.15,6200,26908000
PFC_F1,20201211,13:56,118.20,118.20,118.20,118.20,18600,26926600
PFC_F1,20201211,13:57,118.15,119.20,118.15,118.90,427800,26926600
PFC_F1,20201211,13:58,119.00,119.25,119.00,119.10,254200,27025800
PFC_F1,20201211,13:59,119.00,119.00,118.75,118.90,179800,27025800
PFC_F1,20201211,14:00,118.75,118.75,118.45,118.45,93000,27025800
PFC_F1,20201211,14:01,118.45,118.45,118.05,118.05,80600,27094000
PFC_F1,20201211,14:02,118.05,118.15,118.00,118.10,99200,27094000
PFC_F1,20201211,14:03,117.95,117.95,117.75,117.80,62000,27094000
PFC_F1,20201211,14:04,117.90,117.90,117.55,117.55,86800,27081600
PFC_F1,20201211,14:05,117.55,117.60,117.55,117.60,37200,27081600
PFC_F1,20201211,14:06,117.75,117.80,117.60,117.60,55800,27081600
PFC_F1,20201211,14:07,117.65,117.65,117.65,117.65,18600,27069200
PFC_F1,20201211,14:08,117.60,117.60,117.60,117.60,24800,27069200
PFC_F1,20201211,14:09,117.65,117.80,117.65,117.80,24800,27069200
PFC_F1,20201211,14:10,117.80,117.95,117.80,117.80,37200,27069200
PFC_F1,20201211,14:11,117.80,117.80,117.80,117.80,6200,27069200
PFC_F1,20201211,14:12,117.75,117.75,117.75,117.75,12400,27069200
PFC_F1,20201211,14:13,117.65,117.65,117.65,117.65,43400,27069200
PFC_F1,20201211,14:14,117.60,117.60,117.30,117.30,99200,27038200
PFC_F1,20201211,14:15,117.25,117.30,117.20,117.20,62000,27038200
PFC_F1,20201211,14:16,117.20,117.25,117.20,117.20,31000,27019600
PFC_F1,20201211,14:17,117.20,117.20,117.10,117.10,49600,27019600
PFC_F1,20201211,14:18,117.05,117.15,116.95,116.95,93000,27019600
PFC_F1,20201211,14:19,116.90,116.90,116.80,116.80,86800,27013400
PFC_F1,20201211,14:20,117.00,117.25,117.00,117.25,74400,27013400
PFC_F1,20201211,14:21,117.05,117.10,116.95,116.95,49600,27013400
PFC_F1,20201211,14:22,116.75,116.85,116.75,116.85,43400,26994800
PFC_F1,20201211,14:23,116.95,117.00,116.90,116.90,31000,26994800
PFC_F1,20201211,14:24,116.95,116.95,116.60,116.80,62000,26994800
PFC_F1,20201211,14:26,117.00,117.00,117.00,117.00,12400,27025800
PFC_F1,20201211,14:27,117.05,117.15,117.05,117.15,49600,27025800
PFC_F1,20201211,14:28,117.25,117.25,117.15,117.15,18600,27025800
PFC_F1,20201211,14:29,117.30,117.30,117.25,117.25,12400,27025800
PFC_F1,20201211,14:30,117.35,117.35,117.30,117.35,43400,27025800
PFC_F1,20201211,14:31,117.30,117.30,117.30,117.30,62000,27025800
PFC_F1,20201211,14:32,117.45,117.45,117.45,117.45,6200,27025800
PFC_F1,20201211,14:33,117.50,117.55,117.50,117.55,12400,27025800
PFC_F1,20201211,14:34,117.50,117.50,117.40,117.40,49600,26963800
PFC_F1,20201211,14:35,117.45,117.45,117.45,117.45,6200,26963800
PFC_F1,20201211,14:36,117.30,117.40,117.30,117.40,74400,26963800
PFC_F1,20201211,14:37,117.40,117.40,117.40,117.40,18600,26963800
PFC_F1,20201211,14:38,117.35,117.35,117.30,117.30,18600,26864600
PFC_F1,20201211,14:39,117.15,117.15,117.00,117.00,24800,26864600
PFC_F1,20201211,14:40,117.05,117.05,117.05,117.05,24800,26839800
PFC_F1,20201211,14:41,117.10,117.30,117.10,117.30,24800,26839800
PFC_F1,20201211,14:42,117.20,117.20,117.20,117.20,24800,26839800
PFC_F1,20201211,14:43,117.30,117.30,116.95,116.95,111600,26864600
PFC_F1,20201211,14:44,116.90,117.00,116.90,117.00,62000,26864600
PFC_F1,20201211,14:46,117.25,117.25,117.20,117.20,24800,26839800
PFC_F1,20201211,14:47,117.10,117.15,117.10,117.15,74400,26839800
PFC_F1,20201211,14:49,117.25,117.30,117.25,117.30,31000,26883200
PFC_F1,20201211,14:50,117.40,117.50,117.40,117.50,49600,26883200
PFC_F1,20201211,14:51,117.55,117.80,117.55,117.80,49600,26883200
PFC_F1,20201211,14:52,117.75,117.75,117.60,117.60,31000,26864600
PFC_F1,20201211,14:53,117.45,117.45,117.30,117.30,105400,26864600
PFC_F1,20201211,14:54,117.20,117.20,117.20,117.20,6200,26864600
PFC_F1,20201211,14:55,117.15,117.15,117.15,117.15,6200,26864600
PFC_F1,20201211,14:56,117.20,117.30,117.15,117.30,31000,26858400
PFC_F1,20201211,14:58,117.20,117.20,117.20,117.20,49600,26858400
PFC_F1,20201211,14:59,117.30,117.30,117.30,117.30,6200,26877000
PFC_F1,20201211,15:00,117.10,117.10,117.10,117.10,12400,26877000
PFC_F1,20201211,15:01,117.15,117.20,117.15,117.20,43400,26877000
PFC_F1,20201211,15:02,117.20,117.20,117.20,117.20,12400,26864600
PFC_F1,20201211,15:03,117.35,117.40,117.25,117.25,43400,26864600
PFC_F1,20201211,15:04,117.35,117.35,117.35,117.35,6200,26864600
PFC_F1,20201211,15:05,117.35,117.35,117.10,117.25,99200,26858400
PFC_F1,20201211,15:06,117.35,117.35,117.35,117.35,37200,26858400
PFC_F1,20201211,15:07,117.35,117.35,117.35,117.35,12400,26858400
PFC_F1,20201211,15:08,117.30,117.40,117.25,117.25,37200,26852200
PFC_F1,20201211,15:09,117.45,117.45,117.30,117.30,18600,26852200
PFC_F1,20201211,15:10,117.45,117.45,117.30,117.30,49600,26833600
PFC_F1,20201211,15:11,117.25,117.45,117.25,117.30,43400,26833600
PFC_F1,20201211,15:12,117.25,117.35,117.20,117.20,105400,26833600
PFC_F1,20201211,15:13,117.10,117.25,117.10,117.25,74400,26833600
PFC_F1,20201211,15:14,117.35,117.45,117.35,117.45,31000,26821200
PFC_F1,20201211,15:15,117.35,117.45,117.25,117.25,43400,26821200
PFC_F1,20201211,15:16,117.40,117.55,117.40,117.55,142600,26821200
PFC_F1,20201211,15:17,117.50,117.60,117.50,117.50,62000,26821200
PFC_F1,20201211,15:18,117.55,117.55,117.55,117.55,18600,26821200
PFC_F1,20201211,15:19,117.50,117.55,117.30,117.50,93000,26821200
PFC_F1,20201211,15:20,117.40,117.40,117.30,117.35,31000,26833600
PFC_F1,20201211,15:21,117.45,117.45,117.40,117.40,37200,26833600
PFC_F1,20201211,15:22,117.40,117.50,117.30,117.40,155000,26864600
PFC_F1,20201211,15:23,117.30,117.40,117.25,117.30,80600,26864600
PFC_F1,20201211,15:24,117.30,117.30,117.10,117.20,68200,26864600
PFC_F1,20201211,15:25,117.10,117.15,117.05,117.10,105400,26864600
PFC_F1,20201211,15:26,117.15,117.20,116.95,117.20,142600,26858400
PFC_F1,20201211,15:27,117.15,117.20,117.00,117.05,62000,26858400
PFC_F1,20201211,15:28,117.10,117.15,117.10,117.15,18600,26858400
PFC_F1,20201211,15:29,117.30,117.30,117.30,117.30,99200,26815000
PFC_F1,20201211,15:30,117.35,117.35,117.20,117.30,74400,26815000
PFC_F1,20201211,15:31,117.20,117.20,117.20,117.20,6200,26815000
PFC_F1,20201211,18:11,117.30,117.30,117.30,117.30,1,24669800
