POWERGRID_F1,20230116,09:16,215.20,215.50,214.85,214.85,32400,38666700
POWERGRID_F1,20230116,09:17,214.80,215.05,214.80,215.05,24300,38666700
POWERGRID_F1,20230116,09:18,214.95,214.95,214.60,214.70,27000,38693700
POWERGRID_F1,20230116,09:19,214.40,214.60,214.35,214.60,29700,38693700
POWERGRID_F1,20230116,09:20,214.45,214.45,214.30,214.30,10800,38693700
POWERGRID_F1,20230116,09:21,214.20,214.20,213.60,213.60,37800,38718000
POWERGRID_F1,20230116,09:22,213.55,213.75,213.15,213.40,135000,38718000
POWERGRID_F1,20230116,09:23,213.30,213.45,213.15,213.35,70200,38718000
POWERGRID_F1,20230116,09:24,213.20,213.35,213.10,213.35,18900,38718000
POWERGRID_F1,20230116,09:25,213.50,213.60,213.50,213.60,13500,38774700
POWERGRID_F1,20230116,09:26,213.55,213.55,213.45,213.45,8100,38774700
POWERGRID_F1,20230116,09:27,213.40,213.45,213.40,213.45,13500,38774700
POWERGRID_F1,20230116,09:28,213.60,213.70,213.60,213.70,18900,38747700
POWERGRID_F1,20230116,09:29,213.55,213.55,213.40,213.40,13500,38747700
POWERGRID_F1,20230116,09:30,213.50,213.60,213.50,213.60,10800,38747700
POWERGRID_F1,20230116,09:31,213.55,213.55,213.30,213.30,8100,38661300
POWERGRID_F1,20230116,09:33,213.40,213.45,213.40,213.45,13500,38639700
POWERGRID_F1,20230116,09:34,213.40,213.40,213.15,213.20,48600,38639700
POWERGRID_F1,20230116,09:35,213.40,213.40,213.40,213.40,2700,38639700
POWERGRID_F1,20230116,09:36,213.30,213.30,213.30,213.30,10800,38650500
POWERGRID_F1,20230116,09:37,213.30,213.30,213.20,213.20,13500,38650500
POWERGRID_F1,20230116,09:38,213.20,213.20,213.20,213.20,16200,38650500
POWERGRID_F1,20230116,09:39,213.35,213.35,213.25,213.25,5400,38650500
POWERGRID_F1,20230116,09:40,213.25,213.35,213.25,213.35,5400,38650500
POWERGRID_F1,20230116,09:41,213.35,213.45,213.35,213.45,35100,38650500
POWERGRID_F1,20230116,09:42,213.25,213.30,213.10,213.10,43200,38620800
POWERGRID_F1,20230116,09:43,213.05,213.45,213.05,213.40,29700,38620800
POWERGRID_F1,20230116,09:44,213.40,213.40,213.40,213.40,8100,38620800
POWERGRID_F1,20230116,09:45,213.35,213.35,213.30,213.30,8100,38620800
POWERGRID_F1,20230116,09:46,213.35,213.35,213.25,213.25,13500,38620800
POWERGRID_F1,20230116,09:47,213.25,213.25,213.25,213.25,2700,38620800
POWERGRID_F1,20230116,09:48,213.40,213.45,213.35,213.45,21600,38612700
POWERGRID_F1,20230116,09:49,213.50,213.50,213.50,213.50,8100,38612700
POWERGRID_F1,20230116,09:50,213.30,213.30,213.25,213.25,37800,38612700
POWERGRID_F1,20230116,09:51,213.45,213.45,213.45,213.45,10800,38599200
POWERGRID_F1,20230116,09:52,213.40,213.40,213.25,213.25,13500,38599200
POWERGRID_F1,20230116,09:54,213.25,213.40,213.25,213.40,40500,38580300
POWERGRID_F1,20230116,09:55,213.45,213.50,213.45,213.50,5400,38580300
POWERGRID_F1,20230116,09:56,213.45,213.45,213.40,213.40,29700,38580300
POWERGRID_F1,20230116,09:57,213.40,213.40,213.30,213.30,10800,38556000
POWERGRID_F1,20230116,09:58,213.35,213.35,213.35,213.35,2700,38556000
POWERGRID_F1,20230116,09:59,213.20,213.20,213.20,213.20,10800,38556000
POWERGRID_F1,20230116,10:00,213.20,213.20,213.20,213.20,2700,38556000
POWERGRID_F1,20230116,10:01,213.20,213.20,213.20,213.20,16200,38556000
POWERGRID_F1,20230116,10:02,213.30,213.35,213.25,213.25,13500,38556000
POWERGRID_F1,20230116,10:03,213.30,213.30,213.30,213.30,13500,38531700
POWERGRID_F1,20230116,10:04,213.25,213.25,213.25,213.25,8100,38531700
POWERGRID_F1,20230116,10:05,213.40,213.40,213.35,213.35,8100,38531700
POWERGRID_F1,20230116,10:06,213.25,213.30,213.25,213.30,16200,38518200
POWERGRID_F1,20230116,10:07,213.50,213.65,213.50,213.65,21600,38518200
POWERGRID_F1,20230116,10:08,213.60,213.65,213.60,213.65,10800,38518200
POWERGRID_F1,20230116,10:09,213.55,213.55,213.55,213.55,8100,38518200
POWERGRID_F1,20230116,10:10,213.70,213.70,213.70,213.70,5400,38515500
POWERGRID_F1,20230116,10:11,213.65,213.70,213.65,213.70,10800,38515500
POWERGRID_F1,20230116,10:12,213.65,213.65,213.60,213.60,16200,38515500
POWERGRID_F1,20230116,10:14,213.55,213.55,213.55,213.55,8100,38512800
POWERGRID_F1,20230116,10:15,213.40,213.55,213.40,213.55,27000,38496600
POWERGRID_F1,20230116,10:16,213.50,213.50,213.45,213.45,10800,38496600
POWERGRID_F1,20230116,10:17,213.55,213.55,213.55,213.55,5400,38496600
POWERGRID_F1,20230116,10:19,213.65,213.70,213.65,213.70,18900,38488500
POWERGRID_F1,20230116,10:20,213.75,213.85,213.75,213.80,21600,38488500
POWERGRID_F1,20230116,10:21,213.75,213.75,213.75,213.75,5400,38488500
POWERGRID_F1,20230116,10:22,213.75,213.80,213.75,213.80,13500,38472300
POWERGRID_F1,20230116,10:23,213.75,213.75,213.75,213.75,2700,38472300
POWERGRID_F1,20230116,10:24,213.75,213.75,213.75,213.75,5400,38472300
POWERGRID_F1,20230116,10:25,213.75,213.80,213.75,213.80,5400,38475000
POWERGRID_F1,20230116,10:26,213.65,213.75,213.65,213.75,24300,38475000
POWERGRID_F1,20230116,10:27,213.70,213.75,213.70,213.70,8100,38475000
POWERGRID_F1,20230116,10:28,213.70,213.70,213.70,213.70,2700,38469600
POWERGRID_F1,20230116,10:29,213.65,213.65,213.65,213.65,8100,38469600
POWERGRID_F1,20230116,10:30,213.60,213.65,213.60,213.65,5400,38469600
POWERGRID_F1,20230116,10:31,213.70,213.70,213.65,213.65,13500,38466900
POWERGRID_F1,20230116,10:32,213.70,213.70,213.70,213.70,2700,38466900
POWERGRID_F1,20230116,10:33,213.70,213.70,213.70,213.70,2700,38466900
POWERGRID_F1,20230116,10:34,213.65,213.65,213.60,213.60,16200,38464200
POWERGRID_F1,20230116,10:35,213.65,213.65,213.65,213.65,2700,38464200
POWERGRID_F1,20230116,10:36,213.60,213.60,213.60,213.60,5400,38464200
POWERGRID_F1,20230116,10:37,213.60,213.60,213.55,213.60,16200,38456100
POWERGRID_F1,20230116,10:38,213.45,213.45,213.35,213.35,13500,38456100
POWERGRID_F1,20230116,10:39,213.50,213.55,213.50,213.55,5400,38456100
POWERGRID_F1,20230116,10:40,213.30,213.35,213.30,213.35,8100,38453400
POWERGRID_F1,20230116,10:42,213.40,213.40,213.40,213.40,2700,38453400
POWERGRID_F1,20230116,10:43,213.30,213.40,213.30,213.40,8100,38450700
POWERGRID_F1,20230116,10:44,213.25,213.25,213.25,213.25,2700,38450700
POWERGRID_F1,20230116,10:45,213.50,213.50,213.50,213.50,2700,38450700
POWERGRID_F1,20230116,10:46,213.45,213.45,213.45,213.45,2700,38437200
POWERGRID_F1,20230116,10:47,213.60,213.65,213.60,213.65,5400,38437200
POWERGRID_F1,20230116,10:48,213.70,213.70,213.70,213.70,2700,38437200
POWERGRID_F1,20230116,10:49,213.70,213.70,213.70,213.70,5400,38437200
POWERGRID_F1,20230116,10:50,213.70,213.70,213.70,213.70,2700,38437200
POWERGRID_F1,20230116,10:51,213.75,213.75,213.75,213.75,2700,38437200
POWERGRID_F1,20230116,10:52,213.65,213.70,213.65,213.65,16200,38439900
POWERGRID_F1,20230116,10:54,213.65,213.65,213.65,213.65,5400,38439900
POWERGRID_F1,20230116,10:56,213.70,213.70,213.70,213.70,2700,38426400
POWERGRID_F1,20230116,10:57,213.90,213.95,213.90,213.95,37800,38426400
POWERGRID_F1,20230116,10:58,213.90,213.95,213.90,213.95,16200,38418300
POWERGRID_F1,20230116,10:59,214.15,214.15,213.90,213.90,16200,38418300
POWERGRID_F1,20230116,11:00,213.95,214.05,213.95,214.05,8100,38418300
POWERGRID_F1,20230116,11:01,214.10,214.10,213.85,213.85,21600,38404800
POWERGRID_F1,20230116,11:02,213.95,213.95,213.95,213.95,8100,38404800
POWERGRID_F1,20230116,11:03,213.85,213.85,213.80,213.80,10800,38404800
POWERGRID_F1,20230116,11:04,213.95,213.95,213.85,213.85,13500,38412900
POWERGRID_F1,20230116,11:05,213.80,213.80,213.70,213.70,10800,38412900
POWERGRID_F1,20230116,11:06,213.60,213.60,213.50,213.50,10800,38412900
POWERGRID_F1,20230116,11:07,213.45,213.45,213.40,213.40,10800,38412900
POWERGRID_F1,20230116,11:08,213.50,213.50,213.45,213.45,29700,38412900
POWERGRID_F1,20230116,11:09,213.70,213.75,213.70,213.75,8100,38412900
POWERGRID_F1,20230116,11:10,213.65,213.65,213.65,213.65,13500,38412900
POWERGRID_F1,20230116,11:12,213.75,213.80,213.75,213.80,5400,38412900
POWERGRID_F1,20230116,11:13,213.80,213.80,213.80,213.80,5400,38412900
POWERGRID_F1,20230116,11:15,213.80,213.85,213.80,213.85,5400,38412900
POWERGRID_F1,20230116,11:16,213.85,213.85,213.60,213.70,24300,38412900
POWERGRID_F1,20230116,11:17,213.70,213.70,213.65,213.65,16200,38412900
POWERGRID_F1,20230116,11:18,213.65,213.65,213.65,213.65,2700,38412900
POWERGRID_F1,20230116,11:19,213.75,213.75,213.50,213.50,18900,38385900
POWERGRID_F1,20230116,11:20,213.45,213.45,213.45,213.45,10800,38385900
POWERGRID_F1,20230116,11:21,213.40,213.50,213.40,213.50,13500,38385900
POWERGRID_F1,20230116,11:22,213.35,213.55,213.35,213.55,27000,38377800
POWERGRID_F1,20230116,11:24,213.50,213.60,213.50,213.60,10800,38377800
POWERGRID_F1,20230116,11:26,213.65,213.65,213.65,213.65,2700,38372400
POWERGRID_F1,20230116,11:27,213.70,213.70,213.70,213.70,2700,38372400
POWERGRID_F1,20230116,11:28,213.85,213.85,213.85,213.85,2700,38372400
POWERGRID_F1,20230116,11:29,213.75,213.75,213.70,213.70,13500,38372400
POWERGRID_F1,20230116,11:30,213.70,213.70,213.65,213.65,5400,38372400
POWERGRID_F1,20230116,11:31,213.80,213.80,213.80,213.80,10800,38367000
POWERGRID_F1,20230116,11:32,213.70,213.90,213.70,213.90,10800,38367000
POWERGRID_F1,20230116,11:33,214.00,214.05,214.00,214.05,13500,38367000
POWERGRID_F1,20230116,11:34,213.85,213.95,213.85,213.95,18900,38356200
POWERGRID_F1,20230116,11:35,214.20,214.35,214.20,214.35,18900,38356200
POWERGRID_F1,20230116,11:36,214.20,214.20,214.10,214.20,13500,38356200
POWERGRID_F1,20230116,11:37,214.15,214.15,214.05,214.05,13500,38340000
POWERGRID_F1,20230116,11:38,214.20,214.35,214.20,214.35,18900,38340000
POWERGRID_F1,20230116,11:39,214.30,214.30,214.30,214.30,8100,38340000
POWERGRID_F1,20230116,11:40,214.20,214.20,214.10,214.15,32400,38342700
POWERGRID_F1,20230116,11:41,214.15,214.15,214.15,214.15,2700,38342700
POWERGRID_F1,20230116,11:42,214.15,214.25,214.15,214.25,27000,38342700
POWERGRID_F1,20230116,11:43,214.30,214.30,214.30,214.30,2700,38353500
POWERGRID_F1,20230116,11:44,214.30,214.30,214.15,214.15,10800,38353500
POWERGRID_F1,20230116,11:45,214.30,214.30,214.30,214.30,2700,38353500
POWERGRID_F1,20230116,11:46,214.35,214.35,214.30,214.30,5400,38356200
POWERGRID_F1,20230116,11:47,214.25,214.30,214.25,214.30,18900,38356200
POWERGRID_F1,20230116,11:48,214.30,214.30,214.30,214.30,10800,38356200
POWERGRID_F1,20230116,11:49,214.35,214.35,214.35,214.35,8100,38353500
POWERGRID_F1,20230116,11:50,214.35,214.40,214.25,214.25,8100,38353500
POWERGRID_F1,20230116,11:51,214.25,214.30,214.25,214.30,16200,38353500
POWERGRID_F1,20230116,11:52,214.25,214.25,214.25,214.25,2700,38361600
POWERGRID_F1,20230116,11:53,214.25,214.30,214.25,214.30,8100,38361600
POWERGRID_F1,20230116,11:55,214.35,214.35,214.35,214.35,2700,38364300
POWERGRID_F1,20230116,11:56,214.40,214.40,214.40,214.40,5400,38364300
POWERGRID_F1,20230116,11:57,214.35,214.40,214.35,214.40,8100,38364300
POWERGRID_F1,20230116,11:58,214.30,214.30,214.30,214.30,10800,38372400
POWERGRID_F1,20230116,11:59,214.25,214.25,214.25,214.25,5400,38372400
POWERGRID_F1,20230116,12:00,214.30,214.35,214.30,214.35,5400,38372400
POWERGRID_F1,20230116,12:01,214.35,214.35,214.30,214.30,5400,38377800
POWERGRID_F1,20230116,12:02,214.30,214.30,214.20,214.30,13500,38377800
POWERGRID_F1,20230116,12:03,214.35,214.35,214.35,214.35,2700,38377800
POWERGRID_F1,20230116,12:07,214.40,214.40,214.40,214.40,5400,38377800
POWERGRID_F1,20230116,12:08,214.35,214.35,214.35,214.35,2700,38377800
POWERGRID_F1,20230116,12:09,214.50,214.80,214.50,214.80,27000,38377800
POWERGRID_F1,20230116,12:10,214.80,214.80,214.75,214.80,21600,38375100
POWERGRID_F1,20230116,12:11,214.90,214.90,214.85,214.85,24300,38375100
POWERGRID_F1,20230116,12:12,214.90,214.90,214.85,214.90,13500,38375100
POWERGRID_F1,20230116,12:13,214.90,214.95,214.85,214.95,8100,38385900
POWERGRID_F1,20230116,12:14,215.00,215.00,214.90,214.90,16200,38385900
POWERGRID_F1,20230116,12:15,214.95,214.95,214.85,214.85,32400,38385900
POWERGRID_F1,20230116,12:16,214.80,214.80,214.75,214.75,27000,38402100
POWERGRID_F1,20230116,12:17,214.70,214.70,214.70,214.70,2700,38402100
POWERGRID_F1,20230116,12:18,214.65,214.70,214.65,214.70,10800,38402100
POWERGRID_F1,20230116,12:19,214.70,214.70,214.65,214.65,10800,38394000
POWERGRID_F1,20230116,12:20,214.65,214.70,214.65,214.70,8100,38394000
POWERGRID_F1,20230116,12:21,214.65,214.65,214.65,214.65,2700,38394000
POWERGRID_F1,20230116,12:22,214.75,214.80,214.75,214.80,32400,38402100
POWERGRID_F1,20230116,12:23,214.80,214.80,214.70,214.70,13500,38402100
POWERGRID_F1,20230116,12:24,214.75,214.75,214.60,214.65,48600,38402100
POWERGRID_F1,20230116,12:25,214.65,214.65,214.65,214.65,8100,38396700
POWERGRID_F1,20230116,12:26,214.65,214.65,214.65,214.65,13500,38396700
POWERGRID_F1,20230116,12:27,214.70,214.70,214.70,214.70,2700,38396700
POWERGRID_F1,20230116,12:28,214.80,214.80,214.80,214.80,8100,38396700
POWERGRID_F1,20230116,12:29,214.80,214.80,214.80,214.80,2700,38407500
POWERGRID_F1,20230116,12:30,214.75,214.80,214.70,214.80,13500,38407500
POWERGRID_F1,20230116,12:31,214.80,214.80,214.65,214.65,8100,38415600
POWERGRID_F1,20230116,12:32,214.65,214.65,214.60,214.60,10800,38415600
POWERGRID_F1,20230116,12:33,214.65,214.65,214.60,214.60,5400,38415600
POWERGRID_F1,20230116,12:34,214.55,214.55,214.40,214.50,27000,38423700
POWERGRID_F1,20230116,12:35,214.50,214.50,214.50,214.50,2700,38423700
POWERGRID_F1,20230116,12:36,214.50,214.55,214.50,214.55,10800,38423700
POWERGRID_F1,20230116,12:37,214.60,214.65,214.60,214.65,8100,38429100
POWERGRID_F1,20230116,12:38,214.65,214.75,214.65,214.75,10800,38429100
POWERGRID_F1,20230116,12:39,214.70,214.70,214.70,214.70,5400,38429100
POWERGRID_F1,20230116,12:40,214.75,214.75,214.75,214.75,5400,38437200
POWERGRID_F1,20230116,12:41,214.65,214.70,214.50,214.50,18900,38437200
POWERGRID_F1,20230116,12:42,214.50,214.50,214.50,214.50,5400,38437200
POWERGRID_F1,20230116,12:43,214.50,214.50,214.50,214.50,2700,38437200
POWERGRID_F1,20230116,12:44,214.50,214.50,214.50,214.50,5400,38445300
POWERGRID_F1,20230116,12:45,214.50,214.50,214.50,214.50,2700,38445300
POWERGRID_F1,20230116,12:46,214.55,214.55,214.55,214.55,8100,38450700
POWERGRID_F1,20230116,12:47,214.55,214.55,214.55,214.55,8100,38450700
POWERGRID_F1,20230116,12:48,214.50,214.50,214.40,214.40,5400,38450700
POWERGRID_F1,20230116,12:49,214.45,214.45,214.45,214.45,5400,38461500
POWERGRID_F1,20230116,12:51,214.55,214.55,214.55,214.55,5400,38461500
POWERGRID_F1,20230116,12:52,214.55,214.55,214.55,214.55,5400,38469600
POWERGRID_F1,20230116,12:53,214.55,214.55,214.55,214.55,2700,38469600
POWERGRID_F1,20230116,12:55,214.60,214.60,214.60,214.60,2700,38466900
POWERGRID_F1,20230116,12:56,214.55,214.65,214.55,214.65,13500,38466900
POWERGRID_F1,20230116,12:57,214.60,214.60,214.60,214.60,2700,38466900
POWERGRID_F1,20230116,12:58,214.65,214.65,214.65,214.65,2700,38477700
POWERGRID_F1,20230116,12:59,214.60,214.60,214.60,214.60,2700,38477700
POWERGRID_F1,20230116,13:00,214.40,214.40,214.40,214.40,16200,38477700
POWERGRID_F1,20230116,13:01,214.50,214.50,214.50,214.50,8100,38499300
POWERGRID_F1,20230116,13:02,214.60,214.60,214.60,214.60,5400,38499300
POWERGRID_F1,20230116,13:03,214.55,214.55,214.55,214.55,5400,38499300
POWERGRID_F1,20230116,13:04,214.50,214.50,214.50,214.50,2700,38507400
POWERGRID_F1,20230116,13:05,214.55,214.55,214.55,214.55,5400,38507400
POWERGRID_F1,20230116,13:06,214.55,214.55,214.55,214.55,2700,38507400
POWERGRID_F1,20230116,13:07,214.65,214.70,214.65,214.70,21600,38512800
POWERGRID_F1,20230116,13:08,214.70,214.70,214.65,214.65,8100,38512800
POWERGRID_F1,20230116,13:10,214.75,214.80,214.75,214.80,29700,38515500
POWERGRID_F1,20230116,13:11,214.75,214.75,214.70,214.70,21600,38515500
POWERGRID_F1,20230116,13:12,214.90,214.90,214.90,214.90,2700,38515500
POWERGRID_F1,20230116,13:13,214.95,214.95,214.95,214.95,5400,38529000
POWERGRID_F1,20230116,13:14,214.95,214.95,214.95,214.95,8100,38529000
POWERGRID_F1,20230116,13:15,214.95,214.95,214.90,214.95,10800,38529000
POWERGRID_F1,20230116,13:16,215.00,215.00,215.00,215.00,5400,38531700
POWERGRID_F1,20230116,13:17,215.00,215.05,215.00,215.05,5400,38531700
POWERGRID_F1,20230116,13:18,214.95,215.00,214.90,215.00,13500,38531700
POWERGRID_F1,20230116,13:19,215.00,215.05,215.00,215.05,8100,38537100
POWERGRID_F1,20230116,13:20,214.95,214.95,214.95,214.95,10800,38537100
POWERGRID_F1,20230116,13:21,214.85,214.95,214.85,214.95,5400,38537100
POWERGRID_F1,20230116,13:22,214.95,214.95,214.95,214.95,5400,38545200
POWERGRID_F1,20230116,13:23,214.95,214.95,214.95,214.95,5400,38545200
POWERGRID_F1,20230116,13:24,214.90,215.00,214.80,214.80,16200,38545200
POWERGRID_F1,20230116,13:25,214.90,214.90,214.90,214.90,5400,38545200
POWERGRID_F1,20230116,13:26,214.85,214.90,214.85,214.90,8100,38545200
POWERGRID_F1,20230116,13:27,215.00,215.00,214.95,214.95,5400,38545200
POWERGRID_F1,20230116,13:28,215.00,215.00,214.80,214.90,21600,38550600
POWERGRID_F1,20230116,13:29,214.90,214.95,214.90,214.95,5400,38550600
POWERGRID_F1,20230116,13:30,214.95,214.95,214.75,214.80,13500,38550600
POWERGRID_F1,20230116,13:31,214.95,214.95,214.95,214.95,8100,38553300
POWERGRID_F1,20230116,13:32,214.95,215.05,214.95,215.00,27000,38553300
POWERGRID_F1,20230116,13:33,215.05,215.05,215.05,215.05,2700,38553300
POWERGRID_F1,20230116,13:34,215.05,215.10,215.05,215.10,8100,38569500
POWERGRID_F1,20230116,13:35,215.00,215.10,215.00,215.10,5400,38569500
POWERGRID_F1,20230116,13:36,215.15,215.15,215.10,215.10,16200,38569500
POWERGRID_F1,20230116,13:37,215.05,215.05,215.00,215.05,8100,38583000
POWERGRID_F1,20230116,13:38,215.05,215.05,215.00,215.00,5400,38583000
POWERGRID_F1,20230116,13:39,215.10,215.10,215.10,215.10,5400,38583000
POWERGRID_F1,20230116,13:40,215.00,215.00,215.00,215.00,13500,38588400
POWERGRID_F1,20230116,13:41,214.95,215.05,214.95,215.05,8100,38588400
POWERGRID_F1,20230116,13:42,215.05,215.05,214.95,215.05,18900,38588400
POWERGRID_F1,20230116,13:43,215.05,215.05,215.05,215.05,2700,38591100
POWERGRID_F1,20230116,13:44,214.95,215.05,214.90,215.05,21600,38591100
POWERGRID_F1,20230116,13:45,214.90,214.95,214.90,214.90,10800,38591100
POWERGRID_F1,20230116,13:46,214.90,214.90,214.90,214.90,2700,38599200
POWERGRID_F1,20230116,13:47,215.00,215.00,215.00,215.00,2700,38599200
POWERGRID_F1,20230116,13:48,214.90,215.05,214.90,215.05,35100,38599200
POWERGRID_F1,20230116,13:49,215.05,215.15,215.05,215.10,21600,38612700
POWERGRID_F1,20230116,13:50,215.15,215.20,215.15,215.20,27000,38612700
POWERGRID_F1,20230116,13:51,215.20,215.20,215.15,215.15,16200,38612700
POWERGRID_F1,20230116,13:52,215.10,215.20,215.10,215.20,13500,38615400
POWERGRID_F1,20230116,13:53,215.00,215.15,215.00,215.15,27000,38615400
POWERGRID_F1,20230116,13:54,215.15,215.15,215.00,215.00,27000,38615400
POWERGRID_F1,20230116,13:55,215.10,215.10,214.90,215.10,40500,38628900
POWERGRID_F1,20230116,13:56,215.15,215.20,215.15,215.20,13500,38628900
POWERGRID_F1,20230116,13:57,215.10,215.10,215.00,215.00,59400,38628900
POWERGRID_F1,20230116,13:58,214.95,214.95,214.85,214.85,59400,38634300
POWERGRID_F1,20230116,13:59,214.85,214.85,214.75,214.75,64800,38634300
POWERGRID_F1,20230116,14:00,214.75,214.80,214.65,214.70,29700,38634300
POWERGRID_F1,20230116,14:01,214.70,214.75,214.30,214.60,78300,38680200
POWERGRID_F1,20230116,14:02,214.40,214.70,214.35,214.65,59400,38680200
POWERGRID_F1,20230116,14:03,214.70,214.70,214.70,214.70,29700,38680200
POWERGRID_F1,20230116,14:04,214.80,214.80,214.75,214.75,13500,38680200
POWERGRID_F1,20230116,14:05,214.70,214.80,214.70,214.80,48600,38680200
POWERGRID_F1,20230116,14:06,214.85,214.95,214.85,214.85,27000,38680200
POWERGRID_F1,20230116,14:07,214.90,214.90,214.90,214.90,16200,38693700
POWERGRID_F1,20230116,14:08,214.90,214.95,214.90,214.90,8100,38693700
POWERGRID_F1,20230116,14:09,214.90,214.95,214.90,214.95,24300,38693700
POWERGRID_F1,20230116,14:10,214.85,215.00,214.85,215.00,16200,38699100
POWERGRID_F1,20230116,14:11,214.90,215.05,214.90,214.95,51300,38699100
POWERGRID_F1,20230116,14:12,214.90,214.90,214.85,214.85,24300,38699100
POWERGRID_F1,20230116,14:13,214.90,214.95,214.85,214.85,43200,38734200
POWERGRID_F1,20230116,14:14,214.90,215.05,214.90,215.05,16200,38734200
POWERGRID_F1,20230116,14:15,215.00,215.00,214.90,214.95,27000,38734200
POWERGRID_F1,20230116,14:16,214.95,214.95,214.85,214.85,16200,38745000
POWERGRID_F1,20230116,14:17,214.85,214.85,214.85,214.85,10800,38745000
POWERGRID_F1,20230116,14:18,214.90,214.90,214.80,214.90,24300,38745000
POWERGRID_F1,20230116,14:19,214.85,214.85,214.85,214.85,8100,38755800
POWERGRID_F1,20230116,14:20,214.90,214.90,214.90,214.90,10800,38755800
POWERGRID_F1,20230116,14:21,214.85,214.90,214.85,214.85,35100,38755800
POWERGRID_F1,20230116,14:22,214.90,214.95,214.85,214.95,29700,38761200
POWERGRID_F1,20230116,14:23,215.00,215.00,214.85,214.85,18900,38761200
POWERGRID_F1,20230116,14:24,214.85,215.00,214.85,214.95,13500,38761200
POWERGRID_F1,20230116,14:25,215.00,215.05,215.00,215.05,13500,38763900
POWERGRID_F1,20230116,14:26,215.10,215.10,215.00,215.00,13500,38763900
POWERGRID_F1,20230116,14:27,215.10,215.10,215.10,215.10,24300,38763900
POWERGRID_F1,20230116,14:28,215.15,215.15,215.15,215.15,5400,38763900
POWERGRID_F1,20230116,14:29,215.20,215.20,215.10,215.10,24300,38763900
POWERGRID_F1,20230116,14:30,215.15,215.20,215.15,215.20,32400,38763900
POWERGRID_F1,20230116,14:31,215.20,215.20,215.10,215.15,18900,38763900
POWERGRID_F1,20230116,14:32,215.20,215.25,215.20,215.25,29700,38758500
POWERGRID_F1,20230116,14:33,215.25,215.25,215.25,215.25,21600,38758500
POWERGRID_F1,20230116,14:34,215.25,215.30,215.25,215.30,24300,38769300
POWERGRID_F1,20230116,14:35,215.30,215.30,215.20,215.20,18900,38769300
POWERGRID_F1,20230116,14:36,215.30,215.30,215.20,215.25,13500,38769300
POWERGRID_F1,20230116,14:37,215.25,215.25,215.15,215.25,16200,38790900
POWERGRID_F1,20230116,14:38,215.15,215.30,215.15,215.30,29700,38790900
POWERGRID_F1,20230116,14:39,215.30,215.40,215.30,215.40,8100,38790900
POWERGRID_F1,20230116,14:40,215.35,215.35,215.30,215.30,10800,38801700
POWERGRID_F1,20230116,14:41,215.40,215.40,215.40,215.40,2700,38801700
POWERGRID_F1,20230116,14:42,215.35,215.40,215.35,215.40,16200,38801700
POWERGRID_F1,20230116,14:43,215.50,215.50,215.50,215.50,5400,38799000
POWERGRID_F1,20230116,14:44,215.55,215.55,215.45,215.45,29700,38799000
POWERGRID_F1,20230116,14:45,215.50,215.50,215.50,215.50,21600,38799000
POWERGRID_F1,20230116,14:46,215.50,215.50,215.35,215.35,18900,38790900
POWERGRID_F1,20230116,14:47,215.35,215.35,215.30,215.30,5400,38790900
POWERGRID_F1,20230116,14:48,215.30,215.30,215.30,215.30,10800,38790900
POWERGRID_F1,20230116,14:49,215.30,215.30,215.30,215.30,8100,38780100
POWERGRID_F1,20230116,14:50,215.30,215.30,215.30,215.30,8100,38780100
POWERGRID_F1,20230116,14:51,215.35,215.40,215.35,215.40,48600,38780100
POWERGRID_F1,20230116,14:52,215.30,215.40,215.30,215.40,16200,38761200
POWERGRID_F1,20230116,14:53,215.35,215.40,215.35,215.40,16200,38761200
POWERGRID_F1,20230116,14:54,215.45,215.50,215.45,215.50,27000,38761200
POWERGRID_F1,20230116,14:55,215.50,215.50,215.50,215.50,56700,38761200
POWERGRID_F1,20230116,14:56,215.50,215.50,215.35,215.50,59400,38761200
POWERGRID_F1,20230116,14:57,215.55,215.55,215.40,215.40,13500,38761200
POWERGRID_F1,20230116,14:58,215.45,215.55,215.40,215.45,21600,38766600
POWERGRID_F1,20230116,14:59,215.35,215.45,215.35,215.45,27000,38766600
POWERGRID_F1,20230116,15:00,215.40,215.50,215.35,215.50,37800,38766600
POWERGRID_F1,20230116,15:01,215.50,215.55,215.50,215.55,37800,38785500
POWERGRID_F1,20230116,15:02,215.55,215.55,215.45,215.55,78300,38785500
POWERGRID_F1,20230116,15:03,215.55,215.75,215.55,215.75,224100,38785500
POWERGRID_F1,20230116,15:04,215.65,215.75,215.65,215.65,37800,38812500
POWERGRID_F1,20230116,15:05,215.70,215.80,215.65,215.70,45900,38812500
POWERGRID_F1,20230116,15:06,215.80,215.80,215.75,215.75,27000,38812500
POWERGRID_F1,20230116,15:07,215.75,215.75,215.70,215.70,16200,38812500
POWERGRID_F1,20230116,15:08,215.70,215.80,215.70,215.80,29700,38850300
POWERGRID_F1,20230116,15:09,215.75,215.85,215.65,215.85,54000,38850300
POWERGRID_F1,20230116,15:10,215.75,215.85,215.75,215.80,48600,38874600
POWERGRID_F1,20230116,15:11,215.80,215.85,215.80,215.85,29700,38874600
POWERGRID_F1,20230116,15:12,215.85,215.85,215.80,215.85,24300,38874600
POWERGRID_F1,20230116,15:13,215.85,215.85,215.80,215.80,21600,38907000
POWERGRID_F1,20230116,15:14,215.80,215.85,215.80,215.85,48600,38907000
POWERGRID_F1,20230116,15:15,215.75,215.80,215.75,215.80,48600,38907000
POWERGRID_F1,20230116,15:16,215.90,215.90,215.75,215.75,62100,38961000
POWERGRID_F1,20230116,15:17,215.70,215.75,215.70,215.75,97200,38961000
POWERGRID_F1,20230116,15:18,215.80,215.85,215.80,215.80,40500,38961000
POWERGRID_F1,20230116,15:19,215.75,215.90,215.75,215.80,51300,39050100
POWERGRID_F1,20230116,15:20,215.90,215.90,215.75,215.75,75600,39050100
POWERGRID_F1,20230116,15:21,215.85,215.95,215.85,215.85,51300,39050100
POWERGRID_F1,20230116,15:22,215.90,216.00,215.90,215.90,54000,39101400
POWERGRID_F1,20230116,15:23,215.90,216.05,215.90,215.95,89100,39101400
POWERGRID_F1,20230116,15:24,216.10,216.10,216.00,216.00,62100,39101400
POWERGRID_F1,20230116,15:25,215.85,216.00,215.80,216.00,51300,39120300
POWERGRID_F1,20230116,15:26,215.95,216.00,215.95,215.95,37800,39120300
POWERGRID_F1,20230116,15:27,215.95,216.00,215.90,215.90,94500,39120300
POWERGRID_F1,20230116,15:28,215.90,216.00,215.90,216.00,35100,39168900
POWERGRID_F1,20230116,15:29,216.00,216.05,215.90,215.90,32400,39168900
POWERGRID_F1,20230116,15:30,216.00,216.10,216.00,216.10,51300,39168900
POWERGRID_F1,20230116,15:31,216.00,216.00,216.00,216.00,10800,39168900
POWERGRID_F1,20230116,18:58,215.80,215.80,215.80,215.80,1,36317700
