PEL_F1,20210803,09:16,2511.45,2519.80,2496.40,2502.10,26675,3176525
PEL_F1,20210803,09:17,2503.55,2503.55,2491.00,2491.00,16225,3176525
PEL_F1,20210803,09:18,2496.65,2500.60,2494.70,2500.00,15950,3172125
PEL_F1,20210803,09:19,2499.75,2499.75,2493.00,2498.20,6050,3172125
PEL_F1,20210803,09:20,2497.30,2497.30,2490.00,2490.00,6875,3172125
PEL_F1,20210803,09:21,2496.05,2505.60,2496.05,2502.20,19250,3171850
PEL_F1,20210803,09:22,2503.00,2509.30,2503.00,2507.00,8800,3171850
PEL_F1,20210803,09:23,2505.20,2516.10,2502.05,2515.00,26950,3171850
PEL_F1,20210803,09:24,2514.80,2516.70,2507.00,2507.00,16225,3189175
PEL_F1,20210803,09:25,2503.70,2505.15,2500.00,2500.00,2750,3189175
PEL_F1,20210803,09:26,2497.45,2507.30,2495.60,2507.30,17050,3189175
PEL_F1,20210803,09:27,2508.70,2508.80,2501.10,2502.00,11550,3197425
PEL_F1,20210803,09:28,2501.00,2511.00,2501.00,2511.00,13750,3197425
PEL_F1,20210803,09:29,2513.60,2515.50,2509.00,2510.00,13750,3197425
PEL_F1,20210803,09:30,2507.45,2514.30,2503.90,2506.40,20350,3209250
PEL_F1,20210803,09:31,2506.10,2514.05,2502.65,2509.35,17325,3209250
PEL_F1,20210803,09:32,2505.20,2509.65,2505.20,2508.00,2200,3209250
PEL_F1,20210803,09:33,2510.35,2510.35,2508.00,2508.45,2475,3214200
PEL_F1,20210803,09:34,2507.70,2509.40,2505.60,2506.00,8250,3214200
PEL_F1,20210803,09:35,2505.10,2507.00,2502.45,2502.45,4400,3214200
PEL_F1,20210803,09:36,2502.60,2505.05,2494.05,2494.50,13750,3202100
PEL_F1,20210803,09:37,2494.50,2494.50,2484.10,2487.40,16500,3202100
PEL_F1,20210803,09:38,2489.25,2490.55,2488.00,2490.55,3575,3202100
PEL_F1,20210803,09:39,2493.00,2495.00,2489.25,2489.25,3300,3193300
PEL_F1,20210803,09:40,2492.70,2492.70,2491.80,2492.00,1925,3193300
PEL_F1,20210803,09:41,2493.00,2494.00,2490.45,2493.45,3025,3193300
PEL_F1,20210803,09:42,2495.00,2495.00,2493.30,2493.30,8800,3196600
PEL_F1,20210803,09:43,2496.95,2497.00,2495.50,2495.50,825,3196600
PEL_F1,20210803,09:44,2495.00,2495.00,2490.85,2493.15,2750,3196600
PEL_F1,20210803,09:45,2492.80,2492.80,2492.50,2492.50,550,3196600
PEL_F1,20210803,09:46,2494.75,2494.75,2487.15,2487.30,4125,3197425
PEL_F1,20210803,09:47,2486.60,2489.50,2486.60,2488.30,1100,3197425
PEL_F1,20210803,09:48,2490.00,2490.00,2485.00,2485.00,5500,3199075
PEL_F1,20210803,09:49,2484.90,2491.65,2482.50,2489.35,6600,3199075
PEL_F1,20210803,09:51,2482.50,2482.50,2477.25,2481.95,6050,3194675
PEL_F1,20210803,09:52,2480.70,2482.50,2478.30,2478.30,4400,3194675
PEL_F1,20210803,09:53,2480.20,2485.50,2480.20,2485.50,1925,3194675
PEL_F1,20210803,09:54,2482.00,2482.00,2482.00,2482.00,275,3194950
PEL_F1,20210803,09:55,2480.70,2482.00,2479.80,2482.00,3025,3194950
PEL_F1,20210803,09:56,2484.15,2484.15,2484.15,2484.15,275,3194950
PEL_F1,20210803,09:57,2481.25,2483.25,2481.25,2483.25,550,3194400
PEL_F1,20210803,09:58,2481.00,2481.05,2478.30,2481.05,3575,3194400
PEL_F1,20210803,09:59,2483.80,2483.80,2483.80,2483.80,550,3194400
PEL_F1,20210803,10:00,2483.95,2483.95,2483.95,2483.95,1100,3194950
PEL_F1,20210803,10:01,2485.00,2485.00,2478.25,2480.00,14575,3194950
PEL_F1,20210803,10:02,2481.20,2481.20,2475.05,2475.05,4950,3194950
PEL_F1,20210803,10:03,2474.65,2483.55,2473.00,2483.55,4125,3188625
PEL_F1,20210803,10:04,2481.25,2487.95,2481.25,2487.95,4950,3188625
PEL_F1,20210803,10:05,2488.90,2493.60,2488.00,2493.60,3575,3188625
PEL_F1,20210803,10:06,2492.45,2494.00,2492.45,2494.00,2750,3188900
PEL_F1,20210803,10:07,2494.80,2495.00,2494.80,2495.00,1100,3188900
PEL_F1,20210803,10:08,2495.00,2496.80,2495.00,2496.80,1650,3188900
PEL_F1,20210803,10:09,2494.00,2495.00,2490.40,2495.00,12650,3188900
PEL_F1,20210803,10:10,2496.50,2502.95,2496.35,2502.95,23375,3194950
PEL_F1,20210803,10:11,2503.55,2505.00,2503.55,2505.00,3025,3194950
PEL_F1,20210803,10:12,2505.80,2505.80,2502.10,2502.50,1650,3194950
PEL_F1,20210803,10:13,2505.20,2506.95,2503.40,2505.00,13750,3194675
PEL_F1,20210803,10:14,2507.00,2508.00,2501.65,2502.00,10725,3194675
PEL_F1,20210803,10:15,2500.05,2500.05,2498.00,2498.00,20075,3196050
PEL_F1,20210803,10:16,2501.80,2504.40,2500.25,2504.30,4125,3196050
PEL_F1,20210803,10:17,2500.50,2512.95,2500.50,2512.95,18700,3196050
PEL_F1,20210803,10:18,2509.95,2510.00,2509.00,2510.00,2475,3201000
PEL_F1,20210803,10:19,2510.00,2511.50,2507.00,2507.00,10725,3201000
PEL_F1,20210803,10:20,2507.00,2508.75,2504.10,2505.45,3850,3201000
PEL_F1,20210803,10:21,2504.00,2505.60,2497.15,2505.60,3850,3198800
PEL_F1,20210803,10:22,2509.00,2510.00,2505.10,2506.10,6050,3198800
PEL_F1,20210803,10:23,2504.00,2505.75,2504.00,2505.10,1375,3198800
PEL_F1,20210803,10:24,2503.10,2504.20,2503.10,2504.20,550,3199075
PEL_F1,20210803,10:25,2503.00,2503.00,2500.05,2500.50,1650,3199075
PEL_F1,20210803,10:28,2498.05,2498.30,2497.00,2498.30,3300,3198800
PEL_F1,20210803,10:29,2497.75,2498.90,2497.75,2498.60,1925,3198800
PEL_F1,20210803,10:30,2499.00,2501.35,2498.55,2501.35,825,3198525
PEL_F1,20210803,10:31,2496.80,2499.15,2495.10,2499.15,4125,3198525
PEL_F1,20210803,10:35,2498.10,2498.10,2496.70,2496.70,1650,3199075
PEL_F1,20210803,10:36,2500.45,2500.45,2500.45,2500.45,275,3199075
PEL_F1,20210803,10:37,2498.10,2498.10,2498.10,2498.10,275,3200175
PEL_F1,20210803,10:39,2496.60,2496.60,2496.60,2496.60,275,3199900
PEL_F1,20210803,10:42,2496.05,2496.05,2494.85,2494.85,825,3199350
PEL_F1,20210803,10:43,2495.95,2495.95,2493.30,2493.30,2475,3199350
PEL_F1,20210803,10:44,2493.25,2495.75,2492.60,2493.00,2200,3199350
PEL_F1,20210803,10:45,2493.00,2493.00,2490.20,2490.20,3300,3199350
PEL_F1,20210803,10:46,2489.05,2489.05,2489.05,2489.05,550,3198525
PEL_F1,20210803,10:47,2490.65,2491.75,2490.25,2490.25,1375,3198525
PEL_F1,20210803,10:48,2492.10,2492.10,2490.00,2490.00,4400,3198525
PEL_F1,20210803,10:49,2490.05,2490.05,2490.05,2490.05,275,3194675
PEL_F1,20210803,10:50,2490.10,2490.10,2490.10,2490.10,275,3194675
PEL_F1,20210803,10:51,2490.00,2492.40,2490.00,2492.40,2200,3193575
PEL_F1,20210803,10:54,2490.05,2490.05,2489.15,2489.15,5775,3193575
PEL_F1,20210803,10:55,2488.00,2488.00,2488.00,2488.00,550,3193300
PEL_F1,20210803,10:56,2486.00,2486.00,2483.00,2484.00,2475,3193300
PEL_F1,20210803,10:57,2485.10,2485.10,2485.10,2485.10,275,3193300
PEL_F1,20210803,10:58,2485.15,2487.60,2485.15,2487.60,825,3193575
PEL_F1,20210803,10:59,2488.25,2488.25,2488.00,2488.00,1375,3193575
PEL_F1,20210803,11:00,2490.05,2490.05,2490.05,2490.05,825,3193575
PEL_F1,20210803,11:02,2490.05,2490.05,2490.05,2490.05,275,3193575
PEL_F1,20210803,11:06,2490.05,2490.05,2488.80,2488.80,1375,3193575
PEL_F1,20210803,11:10,2490.70,2490.70,2489.00,2489.00,550,3193575
PEL_F1,20210803,11:11,2490.30,2490.30,2490.30,2490.30,550,3193575
PEL_F1,20210803,11:12,2489.95,2492.60,2489.95,2491.00,1925,3193575
PEL_F1,20210803,11:15,2494.05,2494.65,2494.05,2494.65,550,3191925
PEL_F1,20210803,11:16,2493.60,2493.60,2493.10,2493.10,550,3191925
PEL_F1,20210803,11:17,2492.00,2492.00,2492.00,2492.00,275,3191925
PEL_F1,20210803,11:18,2492.05,2492.05,2492.05,2492.05,275,3191925
PEL_F1,20210803,11:19,2490.00,2492.10,2490.00,2492.10,3300,3192475
PEL_F1,20210803,11:21,2493.00,2495.05,2493.00,2493.95,3300,3192475
PEL_F1,20210803,11:23,2493.00,2493.90,2493.00,2493.90,825,3193575
PEL_F1,20210803,11:25,2493.85,2493.85,2493.85,2493.85,550,3193575
PEL_F1,20210803,11:27,2491.40,2491.40,2491.40,2491.40,275,3193575
PEL_F1,20210803,11:28,2493.90,2493.90,2491.95,2491.95,1100,3193300
PEL_F1,20210803,11:31,2492.15,2492.15,2492.15,2492.15,275,3191925
PEL_F1,20210803,11:33,2494.75,2494.75,2494.75,2494.75,825,3191925
PEL_F1,20210803,11:35,2493.50,2493.50,2493.50,2493.50,275,3192475
PEL_F1,20210803,11:36,2492.75,2492.75,2492.75,2492.75,1650,3192475
PEL_F1,20210803,11:38,2491.60,2494.50,2491.60,2494.50,4400,3194125
PEL_F1,20210803,11:39,2498.40,2504.90,2498.40,2502.10,2750,3194125
PEL_F1,20210803,11:43,2498.75,2498.75,2498.75,2498.75,275,3193300
PEL_F1,20210803,11:45,2500.25,2500.25,2500.00,2500.00,825,3193300
PEL_F1,20210803,11:46,2500.75,2500.75,2500.75,2500.75,275,3193575
PEL_F1,20210803,11:49,2500.00,2500.00,2500.00,2500.00,275,3193850
PEL_F1,20210803,11:51,2501.80,2501.80,2501.80,2501.80,275,3193850
PEL_F1,20210803,11:52,2502.80,2502.80,2500.95,2500.95,1925,3192750
PEL_F1,20210803,11:55,2500.65,2500.65,2500.00,2500.00,550,3191925
PEL_F1,20210803,11:57,2502.60,2502.60,2502.60,2502.60,275,3191925
PEL_F1,20210803,11:58,2503.55,2506.00,2503.55,2506.00,4125,3191100
PEL_F1,20210803,11:59,2506.00,2506.00,2506.00,2506.00,1100,3191100
PEL_F1,20210803,12:01,2504.50,2504.50,2504.50,2504.50,275,3191100
PEL_F1,20210803,12:03,2504.05,2504.05,2504.00,2504.00,1375,3193025
PEL_F1,20210803,12:04,2504.00,2504.00,2502.95,2502.95,1375,3192750
PEL_F1,20210803,12:05,2502.70,2502.70,2502.70,2502.70,275,3192750
PEL_F1,20210803,12:06,2502.70,2502.70,2502.70,2502.70,275,3192750
PEL_F1,20210803,12:07,2502.75,2502.75,2502.75,2502.75,550,3192475
PEL_F1,20210803,12:08,2501.95,2501.95,2501.55,2501.55,550,3192475
PEL_F1,20210803,12:09,2504.15,2504.15,2501.85,2501.85,550,3192475
PEL_F1,20210803,12:12,2500.95,2500.95,2500.95,2500.95,275,3192200
PEL_F1,20210803,12:13,2500.70,2502.00,2500.00,2501.45,1650,3191650
PEL_F1,20210803,12:15,2504.00,2504.00,2504.00,2504.00,275,3191650
PEL_F1,20210803,12:17,2502.25,2502.25,2499.20,2499.20,550,3191925
PEL_F1,20210803,12:18,2500.00,2500.00,2498.00,2498.00,3025,3191925
PEL_F1,20210803,12:19,2501.00,2501.00,2500.00,2500.00,1650,3191100
PEL_F1,20210803,12:20,2500.00,2502.00,2500.00,2502.00,825,3191100
PEL_F1,20210803,12:21,2502.40,2502.40,2502.30,2502.40,1100,3191100
PEL_F1,20210803,12:22,2505.05,2505.05,2503.35,2503.35,1375,3191100
PEL_F1,20210803,12:24,2502.60,2502.60,2501.55,2501.55,550,3193300
PEL_F1,20210803,12:25,2501.85,2501.85,2501.85,2501.85,275,3193300
PEL_F1,20210803,12:27,2500.00,2500.00,2500.00,2500.00,1375,3193575
PEL_F1,20210803,12:28,2500.00,2501.50,2498.15,2501.50,6600,3193850
PEL_F1,20210803,12:29,2500.00,2500.00,2500.00,2500.00,1375,3193850
PEL_F1,20210803,12:31,2501.00,2501.00,2501.00,2501.00,275,3198525
PEL_F1,20210803,12:32,2500.05,2502.60,2500.00,2502.60,3300,3198525
PEL_F1,20210803,12:33,2504.25,2504.25,2501.75,2501.75,1100,3198525
PEL_F1,20210803,12:34,2500.00,2500.00,2500.00,2500.00,1650,3200450
PEL_F1,20210803,12:35,2500.00,2502.55,2500.00,2502.55,3850,3200450
PEL_F1,20210803,12:37,2504.35,2506.15,2504.35,2505.50,2475,3201000
PEL_F1,20210803,12:38,2507.00,2507.60,2506.70,2506.70,1650,3201000
PEL_F1,20210803,12:39,2506.50,2506.50,2505.50,2505.50,550,3201000
PEL_F1,20210803,12:40,2503.70,2505.50,2503.70,2504.50,1375,3199900
PEL_F1,20210803,12:42,2501.85,2501.85,2501.85,2501.85,275,3199900
PEL_F1,20210803,12:43,2503.75,2503.75,2501.65,2501.65,1650,3198800
PEL_F1,20210803,12:44,2503.40,2503.40,2503.40,2503.40,275,3198800
PEL_F1,20210803,12:46,2501.10,2501.10,2501.05,2501.05,550,3198250
PEL_F1,20210803,12:47,2501.00,2501.05,2501.00,2501.05,550,3198250
PEL_F1,20210803,12:48,2500.95,2500.95,2500.95,2500.95,275,3198250
PEL_F1,20210803,12:51,2501.10,2501.10,2501.10,2501.10,275,3197975
PEL_F1,20210803,12:52,2498.90,2498.90,2497.15,2497.15,1375,3197975
PEL_F1,20210803,12:53,2500.00,2502.75,2500.00,2501.20,1100,3197975
PEL_F1,20210803,12:54,2500.90,2500.90,2500.90,2500.90,550,3197975
PEL_F1,20210803,12:55,2501.00,2504.70,2500.50,2504.70,3850,3197700
PEL_F1,20210803,12:56,2504.30,2504.30,2501.00,2501.25,2200,3197700
PEL_F1,20210803,12:57,2504.35,2504.35,2504.35,2504.35,275,3197700
PEL_F1,20210803,12:58,2504.70,2506.00,2504.70,2506.00,1375,3195775
PEL_F1,20210803,12:59,2505.50,2505.50,2505.50,2505.50,550,3195775
PEL_F1,20210803,13:00,2506.60,2508.00,2506.60,2508.00,2200,3195775
PEL_F1,20210803,13:01,2507.50,2507.50,2507.50,2507.50,550,3196600
PEL_F1,20210803,13:02,2509.00,2509.95,2509.00,2509.95,1925,3196600
PEL_F1,20210803,13:03,2511.50,2513.85,2511.50,2512.20,5225,3196600
PEL_F1,20210803,13:04,2514.00,2515.00,2514.00,2515.00,2200,3197425
PEL_F1,20210803,13:05,2515.00,2520.00,2515.00,2518.00,14025,3197425
PEL_F1,20210803,13:06,2517.00,2517.85,2514.00,2516.70,8250,3197425
PEL_F1,20210803,13:07,2516.30,2516.30,2510.55,2510.55,1925,3194125
PEL_F1,20210803,13:08,2513.00,2513.00,2513.00,2513.00,275,3194125
PEL_F1,20210803,13:09,2510.55,2510.55,2510.25,2510.25,2200,3194125
PEL_F1,20210803,13:11,2510.45,2510.45,2510.45,2510.45,275,3194950
PEL_F1,20210803,13:12,2509.00,2509.00,2509.00,2509.00,825,3194950
PEL_F1,20210803,13:13,2509.00,2509.00,2509.00,2509.00,1100,3194950
PEL_F1,20210803,13:14,2511.85,2511.85,2511.85,2511.85,275,3194950
PEL_F1,20210803,13:15,2511.85,2513.80,2511.85,2513.80,550,3193850
PEL_F1,20210803,13:16,2512.40,2513.25,2510.60,2513.25,2475,3193850
PEL_F1,20210803,13:17,2510.60,2513.25,2510.60,2511.20,2475,3194400
PEL_F1,20210803,13:18,2510.00,2510.00,2510.00,2510.00,550,3194400
PEL_F1,20210803,13:19,2510.00,2510.00,2510.00,2510.00,7975,3194400
PEL_F1,20210803,13:20,2510.45,2510.45,2508.25,2508.80,1650,3194400
PEL_F1,20210803,13:21,2507.75,2507.75,2507.75,2507.75,275,3194400
PEL_F1,20210803,13:22,2507.95,2507.95,2507.95,2507.95,275,3189175
PEL_F1,20210803,13:24,2508.90,2508.90,2508.90,2508.90,275,3189175
PEL_F1,20210803,13:25,2511.45,2511.45,2511.45,2511.45,275,3188900
PEL_F1,20210803,13:26,2511.45,2511.45,2511.45,2511.45,275,3188900
PEL_F1,20210803,13:27,2509.20,2509.50,2509.20,2509.50,550,3188900
PEL_F1,20210803,13:29,2511.45,2511.45,2511.00,2511.00,2750,3191925
PEL_F1,20210803,13:30,2512.40,2513.25,2509.80,2509.80,1925,3191925
PEL_F1,20210803,13:31,2509.50,2509.50,2509.50,2509.50,275,3187800
PEL_F1,20210803,13:32,2508.45,2508.45,2508.45,2508.45,275,3187800
PEL_F1,20210803,13:33,2511.15,2511.15,2511.15,2511.15,550,3187800
PEL_F1,20210803,13:34,2511.60,2513.70,2511.60,2513.70,825,3186150
PEL_F1,20210803,13:35,2514.00,2517.85,2512.20,2512.20,4675,3186150
PEL_F1,20210803,13:37,2514.45,2514.45,2512.60,2512.60,825,3186975
PEL_F1,20210803,13:38,2512.85,2512.85,2512.25,2512.25,1375,3186975
PEL_F1,20210803,13:39,2512.00,2512.00,2512.00,2512.00,275,3186975
PEL_F1,20210803,13:40,2512.25,2512.25,2512.25,2512.25,275,3186150
PEL_F1,20210803,13:41,2513.00,2513.00,2513.00,2513.00,825,3186150
PEL_F1,20210803,13:42,2512.90,2512.90,2512.90,2512.90,275,3186150
PEL_F1,20210803,13:43,2510.05,2510.05,2510.05,2510.05,275,3186150
PEL_F1,20210803,13:44,2509.25,2511.75,2509.00,2511.75,2200,3186150
PEL_F1,20210803,13:45,2513.00,2513.00,2513.00,2513.00,275,3186150
PEL_F1,20210803,13:46,2512.40,2512.40,2512.40,2512.40,275,3186150
PEL_F1,20210803,13:47,2512.35,2512.35,2512.35,2512.35,550,3187250
PEL_F1,20210803,13:48,2510.70,2513.25,2510.70,2511.80,1925,3187250
PEL_F1,20210803,13:49,2510.35,2510.35,2510.35,2510.35,275,3188625
PEL_F1,20210803,13:50,2509.00,2511.50,2508.55,2511.50,5225,3188625
PEL_F1,20210803,13:51,2511.10,2513.30,2511.10,2513.30,825,3188625
PEL_F1,20210803,13:55,2510.85,2510.85,2510.85,2510.85,825,3186975
PEL_F1,20210803,13:56,2510.35,2510.35,2510.35,2510.35,275,3186975
PEL_F1,20210803,13:57,2512.00,2512.90,2510.50,2512.90,2475,3186975
PEL_F1,20210803,13:58,2510.95,2510.95,2510.95,2510.95,1375,3186975
PEL_F1,20210803,13:59,2509.85,2509.85,2509.85,2509.85,275,3188900
PEL_F1,20210803,14:00,2509.85,2510.50,2509.85,2510.50,825,3188900
PEL_F1,20210803,14:01,2510.95,2510.95,2510.25,2510.25,550,3188900
PEL_F1,20210803,14:03,2510.45,2510.45,2509.00,2509.00,3850,3188900
PEL_F1,20210803,14:04,2511.30,2511.30,2509.90,2509.90,1100,3189450
PEL_F1,20210803,14:05,2511.35,2511.35,2510.00,2510.00,550,3189450
PEL_F1,20210803,14:06,2511.85,2511.85,2511.85,2511.85,275,3189450
PEL_F1,20210803,14:07,2510.60,2510.60,2510.60,2510.60,550,3188075
PEL_F1,20210803,14:09,2511.05,2511.05,2511.05,2511.05,3300,3188075
PEL_F1,20210803,14:13,2511.45,2511.45,2509.30,2509.30,1100,3190825
PEL_F1,20210803,14:14,2511.30,2511.30,2511.30,2511.30,275,3191100
PEL_F1,20210803,14:15,2509.55,2511.60,2509.55,2511.60,550,3191100
PEL_F1,20210803,14:17,2511.55,2511.55,2510.15,2510.15,550,3190550
PEL_F1,20210803,14:18,2509.20,2517.45,2508.55,2517.45,12100,3190550
PEL_F1,20210803,14:19,2515.30,2534.00,2515.30,2533.45,67100,3201825
PEL_F1,20210803,14:20,2533.60,2538.00,2533.25,2535.55,27500,3201825
PEL_F1,20210803,14:21,2537.95,2542.10,2530.65,2535.55,43175,3201825
PEL_F1,20210803,14:22,2535.80,2535.80,2526.75,2527.35,9900,3211725
PEL_F1,20210803,14:23,2526.00,2526.00,2519.50,2519.50,6600,3211725
PEL_F1,20210803,14:24,2518.00,2518.00,2512.45,2514.35,6050,3211725
PEL_F1,20210803,14:25,2512.45,2514.75,2506.50,2506.50,8800,3209525
PEL_F1,20210803,14:26,2506.15,2510.35,2505.15,2510.35,10725,3209525
PEL_F1,20210803,14:27,2510.45,2510.45,2504.70,2507.20,8250,3209525
PEL_F1,20210803,14:28,2507.05,2507.05,2500.95,2502.00,7975,3206500
PEL_F1,20210803,14:29,2502.00,2516.95,2500.00,2516.95,12100,3206500
PEL_F1,20210803,14:30,2516.30,2517.30,2513.00,2513.00,1375,3206500
PEL_F1,20210803,14:31,2512.20,2512.20,2508.45,2509.95,4950,3200450
PEL_F1,20210803,14:32,2509.20,2511.70,2508.00,2508.95,3025,3200450
PEL_F1,20210803,14:33,2509.00,2512.05,2509.00,2512.05,3850,3200450
PEL_F1,20210803,14:34,2510.00,2510.00,2509.75,2509.75,550,3200450
PEL_F1,20210803,14:35,2511.35,2511.35,2508.00,2508.00,2200,3200450
PEL_F1,20210803,14:36,2509.00,2510.00,2507.45,2507.45,1925,3200450
PEL_F1,20210803,14:37,2506.10,2506.10,2506.10,2506.10,825,3200450
PEL_F1,20210803,14:38,2510.20,2510.20,2505.00,2506.65,4675,3196050
PEL_F1,20210803,14:39,2507.00,2508.00,2506.00,2508.00,3300,3196050
PEL_F1,20210803,14:40,2506.80,2509.00,2506.80,2506.90,1375,3193850
PEL_F1,20210803,14:41,2509.00,2509.05,2508.95,2508.95,1925,3193850
PEL_F1,20210803,14:42,2507.70,2508.85,2507.70,2507.90,1100,3193850
PEL_F1,20210803,14:43,2508.15,2512.00,2508.05,2512.00,2750,3195225
PEL_F1,20210803,14:44,2512.50,2512.50,2510.40,2510.40,825,3195225
PEL_F1,20210803,14:45,2509.10,2509.10,2506.10,2506.10,1650,3195225
PEL_F1,20210803,14:46,2508.80,2509.75,2508.05,2509.00,1375,3195500
PEL_F1,20210803,14:47,2508.25,2508.25,2506.20,2507.80,2475,3195500
PEL_F1,20210803,14:48,2507.10,2508.60,2506.60,2508.25,2750,3195500
PEL_F1,20210803,14:49,2508.55,2508.95,2506.70,2506.70,1375,3195775
PEL_F1,20210803,14:50,2508.50,2509.55,2508.50,2509.55,1375,3195775
PEL_F1,20210803,14:51,2509.65,2511.30,2508.45,2509.60,3850,3195775
PEL_F1,20210803,14:52,2510.00,2510.40,2510.00,2510.40,825,3189725
PEL_F1,20210803,14:53,2510.40,2510.40,2508.10,2508.10,3025,3189725
PEL_F1,20210803,14:54,2505.00,2506.85,2504.60,2504.60,12925,3189725
PEL_F1,20210803,14:55,2504.80,2510.00,2504.80,2510.00,1650,3189725
PEL_F1,20210803,14:56,2508.45,2510.85,2508.45,2510.85,1375,3187250
PEL_F1,20210803,14:57,2510.85,2510.85,2509.95,2510.00,1100,3187250
PEL_F1,20210803,14:58,2510.50,2510.75,2510.50,2510.75,1100,3187250
PEL_F1,20210803,14:59,2510.90,2510.90,2510.90,2510.90,275,3187250
PEL_F1,20210803,15:00,2508.00,2509.95,2508.00,2509.95,2200,3187250
PEL_F1,20210803,15:01,2509.00,2515.60,2509.00,2514.55,7975,3186425
PEL_F1,20210803,15:02,2514.30,2515.20,2512.35,2515.20,4125,3186425
PEL_F1,20210803,15:03,2515.20,2515.40,2512.95,2512.95,2200,3186425
PEL_F1,20210803,15:04,2516.00,2516.00,2512.95,2512.95,4125,3186425
PEL_F1,20210803,15:05,2512.20,2512.20,2509.60,2511.60,4400,3187800
PEL_F1,20210803,15:06,2511.60,2515.25,2510.10,2515.00,2750,3187800
PEL_F1,20210803,15:07,2512.65,2512.65,2511.00,2512.15,1375,3185325
PEL_F1,20210803,15:08,2511.10,2514.20,2511.10,2512.55,1925,3185325
PEL_F1,20210803,15:09,2513.50,2513.50,2511.65,2513.00,3300,3185325
PEL_F1,20210803,15:10,2512.55,2513.70,2511.60,2513.55,3300,3178725
PEL_F1,20210803,15:11,2513.35,2514.00,2513.35,2514.00,825,3178725
PEL_F1,20210803,15:12,2513.55,2513.55,2511.75,2512.20,3300,3178725
PEL_F1,20210803,15:13,2512.10,2512.10,2511.90,2511.90,825,3178725
PEL_F1,20210803,15:14,2511.65,2512.50,2511.65,2511.85,6325,3175700
PEL_F1,20210803,15:15,2511.95,2512.45,2511.95,2512.45,1650,3175700
PEL_F1,20210803,15:16,2511.75,2513.30,2511.75,2512.10,4950,3175700
PEL_F1,20210803,15:17,2512.35,2513.00,2510.00,2510.00,5500,3169375
PEL_F1,20210803,15:18,2508.55,2509.65,2507.00,2507.60,6600,3169375
PEL_F1,20210803,15:19,2508.30,2508.70,2508.20,2508.70,1650,3166350
PEL_F1,20210803,15:20,2509.70,2509.85,2508.00,2508.00,825,3166350
PEL_F1,20210803,15:21,2508.10,2509.30,2508.00,2509.25,1925,3166350
PEL_F1,20210803,15:22,2509.35,2510.00,2504.30,2508.05,10450,3166350
PEL_F1,20210803,15:23,2506.45,2510.00,2506.45,2509.10,6600,3163600
PEL_F1,20210803,15:24,2509.85,2510.60,2507.00,2510.60,8525,3163600
PEL_F1,20210803,15:25,2510.70,2511.95,2508.60,2509.00,7700,3163600
PEL_F1,20210803,15:26,2508.55,2511.50,2508.15,2508.15,4400,3157825
PEL_F1,20210803,15:27,2509.00,2509.00,2506.05,2508.00,5225,3157825
PEL_F1,20210803,15:28,2508.05,2510.00,2508.05,2508.35,4125,3157825
PEL_F1,20210803,15:29,2508.20,2508.20,2505.00,2505.00,6875,3158100
PEL_F1,20210803,15:30,2503.10,2508.15,2503.10,2506.00,3300,3158100
PEL_F1,20210803,18:08,2510.30,2510.30,2510.30,2510.30,1,3114100
