SUNTV_F1,20180619,09:16,888,888,878,878.05,72000
SUNTV_F1,20180619,09:17,878.65,882.3,878.65,881,69000
SUNTV_F1,20180619,09:18,880.45,881,879,879,44000
SUNTV_F1,20180619,09:19,878.3,879.15,876.2,877.75,66000
SUNTV_F1,20180619,09:20,876.85,877.5,876.5,877,38000
SUNTV_F1,20180619,09:21,876.7,879,876.7,878.15,28000
SUNTV_F1,20180619,09:22,878.35,880.2,877.65,879.15,32000
SUNTV_F1,20180619,09:23,879.45,880.85,878.5,878.5,45000
SUNTV_F1,20180619,09:24,878.55,880.25,878.55,880.25,26000
SUNTV_F1,20180619,09:25,879.75,882,879.75,882,46000
SUNTV_F1,20180619,09:26,881.9,882.75,881.6,882.5,32000
SUNTV_F1,20180619,09:27,882.5,882.5,881.5,882,28000
SUNTV_F1,20180619,09:28,881.65,881.9,880.65,880.65,20000
SUNTV_F1,20180619,09:29,881.35,881.35,879.55,880.55,27000
SUNTV_F1,20180619,09:30,880.75,881,879.15,879.15,18000
SUNTV_F1,20180619,09:31,879.1,880,879,879.3,18000
SUNTV_F1,20180619,09:32,879.7,879.75,878.55,878.6,18000
SUNTV_F1,20180619,09:33,878.9,879.95,878.55,878.85,27000
SUNTV_F1,20180619,09:34,878.6,879.45,878,878,38000
SUNTV_F1,20180619,09:35,878,878.5,877.8,878,25000
SUNTV_F1,20180619,09:36,878,878.5,878,878.25,15000
SUNTV_F1,20180619,09:37,878,878.85,877.45,878.8,27000
SUNTV_F1,20180619,09:38,878.25,879,878,878,16000
SUNTV_F1,20180619,09:39,878.5,878.5,877.65,877.65,18000
SUNTV_F1,20180619,09:40,877.5,878.4,877.4,878,14000
SUNTV_F1,20180619,09:41,878,878.4,877.7,878,8000
SUNTV_F1,20180619,09:42,878.15,878.55,878,878.3,14000
SUNTV_F1,20180619,09:43,878.75,878.75,875,875.15,108000
SUNTV_F1,20180619,09:44,875.35,878.25,875.35,878,37000
SUNTV_F1,20180619,09:45,878.15,878.4,878,878.35,14000
SUNTV_F1,20180619,09:46,878.35,878.35,877.6,877.6,8000
SUNTV_F1,20180619,09:47,877.6,877.95,877,877,12000
SUNTV_F1,20180619,09:48,877.7,877.8,877.3,877.8,5000
SUNTV_F1,20180619,09:49,878,878.15,876.7,877.55,27000
SUNTV_F1,20180619,09:50,877.55,878,876.45,876.45,31000
SUNTV_F1,20180619,09:51,876.7,877.15,876.3,876.3,17000
SUNTV_F1,20180619,09:52,876.15,876.35,874.5,874.5,50000
SUNTV_F1,20180619,09:53,874.5,875,873.4,875,63000
SUNTV_F1,20180619,09:54,874.95,876,874.9,875.6,20000
SUNTV_F1,20180619,09:55,875.2,876.2,873.5,874.45,66000
SUNTV_F1,20180619,09:56,874.4,875.5,874.4,874.75,28000
SUNTV_F1,20180619,09:57,874.8,875.5,874.5,874.5,26000
SUNTV_F1,20180619,09:58,874.5,875.2,872,874.5,105000
SUNTV_F1,20180619,09:59,874.7,875.4,873,874.7,70000
SUNTV_F1,20180619,10:00,875.15,875.75,873.85,875,44000
SUNTV_F1,20180619,10:01,875.35,876.15,875.35,876.1,15000
SUNTV_F1,20180619,10:02,876.4,877.35,876.15,877.35,15000
SUNTV_F1,20180619,10:03,877.25,877.65,875.5,875.8,32000
SUNTV_F1,20180619,10:04,875.95,876.05,875.55,875.55,11000
SUNTV_F1,20180619,10:05,875.5,875.6,875.35,875.55,12000
SUNTV_F1,20180619,10:06,875.7,876,875.4,875.8,8000
SUNTV_F1,20180619,10:07,875.85,875.85,874.95,874.95,12000
SUNTV_F1,20180619,10:08,874.95,874.95,874.25,874.5,6000
SUNTV_F1,20180619,10:09,874.6,874.6,874.3,874.35,3000
SUNTV_F1,20180619,10:10,874.35,874.7,874.1,874.1,11000
SUNTV_F1,20180619,10:11,874.05,874.05,873.6,873.6,15000
SUNTV_F1,20180619,10:12,872.95,873.15,871.65,873,72000
SUNTV_F1,20180619,10:13,872.65,873,872.3,872.3,14000
SUNTV_F1,20180619,10:14,872.95,873,872.05,872.5,25000
SUNTV_F1,20180619,10:15,872.95,873.1,872.55,872.8,22000
SUNTV_F1,20180619,10:16,872.6,872.9,871.5,872,27000
SUNTV_F1,20180619,10:17,871.9,872.8,871.45,872.65,27000
SUNTV_F1,20180619,10:18,872.6,872.8,872,872.3,11000
SUNTV_F1,20180619,10:19,872.5,873,872.2,873,9000
SUNTV_F1,20180619,10:20,873.4,873.4,872.85,872.85,6000
SUNTV_F1,20180619,10:21,873,873,871.25,871.3,25000
SUNTV_F1,20180619,10:22,872,872,871.45,871.85,8000
SUNTV_F1,20180619,10:23,871.8,872.15,871.35,872.15,9000
SUNTV_F1,20180619,10:24,872.7,872.7,872.7,872.7,2000
SUNTV_F1,20180619,10:25,873,873.15,872.5,872.5,18000
SUNTV_F1,20180619,10:26,872.4,872.4,871.6,871.6,22000
SUNTV_F1,20180619,10:27,872,872,871.35,871.8,11000
SUNTV_F1,20180619,10:28,871.85,872.3,871.85,872.3,7000
SUNTV_F1,20180619,10:29,872.75,873.7,872.4,873.5,16000
SUNTV_F1,20180619,10:30,873.2,873.5,873.2,873.5,5000
SUNTV_F1,20180619,10:31,873.85,873.9,872.8,873,20000
SUNTV_F1,20180619,10:32,872.9,873.35,872.65,873,12000
SUNTV_F1,20180619,10:33,872.9,873,872.75,873,6000
SUNTV_F1,20180619,10:34,873,873.45,873,873.45,2000
SUNTV_F1,20180619,10:35,873.15,873.5,873.15,873.5,9000
SUNTV_F1,20180619,10:36,873.95,874.4,873.3,874.2,15000
SUNTV_F1,20180619,10:37,874.1,875,874.1,874.95,17000
SUNTV_F1,20180619,10:38,874.35,874.95,874.05,874.05,13000
SUNTV_F1,20180619,10:39,874.1,874.1,871.7,872,43000
SUNTV_F1,20180619,10:40,872,872,872,872,1000
SUNTV_F1,20180619,10:41,872.25,872.25,871.6,871.9,14000
SUNTV_F1,20180619,10:42,872,872,870.1,870.3,61000
SUNTV_F1,20180619,10:43,870.65,870.75,868,870.5,93000
SUNTV_F1,20180619,10:44,870.15,870.4,869.55,869.85,22000
SUNTV_F1,20180619,10:45,870,870.65,869.85,869.95,29000
SUNTV_F1,20180619,10:46,869.15,869.2,868.85,869,24000
SUNTV_F1,20180619,10:47,868.7,869,867.3,867.95,84000
SUNTV_F1,20180619,10:48,867.75,868.6,867.75,868,21000
SUNTV_F1,20180619,10:49,867.8,869.4,867.8,869.4,21000
SUNTV_F1,20180619,10:50,869,870.05,869,869.8,15000
SUNTV_F1,20180619,10:51,869.95,870,869.3,869.4,15000
SUNTV_F1,20180619,10:52,869.8,869.85,869.35,869.5,7000
SUNTV_F1,20180619,10:53,869.35,869.35,868.7,868.7,8000
SUNTV_F1,20180619,10:54,868.9,869.15,868.5,868.5,18000
SUNTV_F1,20180619,10:55,869,869.1,868.7,868.7,10000
SUNTV_F1,20180619,10:56,869,869,868.65,868.9,13000
SUNTV_F1,20180619,10:57,868.85,869,868.25,868.8,8000
SUNTV_F1,20180619,10:58,869.25,869.25,868.8,868.8,4000
SUNTV_F1,20180619,10:59,869.3,869.45,869.2,869.4,9000
SUNTV_F1,20180619,11:00,869.4,869.95,869.4,869.5,4000
SUNTV_F1,20180619,11:01,870,870.7,870,870.5,11000
SUNTV_F1,20180619,11:02,870.5,870.5,870.2,870.2,2000
SUNTV_F1,20180619,11:03,870.6,870.6,870,870,2000
SUNTV_F1,20180619,11:04,870.45,870.45,870.15,870.4,3000
SUNTV_F1,20180619,11:05,870.8,871.6,870.8,871.6,38000
SUNTV_F1,20180619,11:06,871.5,871.5,870.9,870.9,8000
SUNTV_F1,20180619,11:07,871.05,871.2,871,871,7000
SUNTV_F1,20180619,11:08,871.2,871.3,871.1,871.1,8000
SUNTV_F1,20180619,11:09,871.1,871.1,870.55,870.55,5000
SUNTV_F1,20180619,11:10,870.4,870.4,869.55,869.55,8000
SUNTV_F1,20180619,11:11,869.5,869.85,869.5,869.5,4000
SUNTV_F1,20180619,11:12,869.2,869.2,867.65,868.1,53000
SUNTV_F1,20180619,11:13,868,868.6,867.5,868.5,22000
SUNTV_F1,20180619,11:14,868.25,868.25,866.95,867,28000
SUNTV_F1,20180619,11:15,866.65,866.9,865.5,866.9,55000
SUNTV_F1,20180619,11:16,867.15,867.45,866.5,867.4,14000
SUNTV_F1,20180619,11:17,867.55,867.55,867.4,867.55,10000
SUNTV_F1,20180619,11:18,867.8,868.5,867.7,868.5,8000
SUNTV_F1,20180619,11:19,868.4,868.4,867.8,868.25,8000
SUNTV_F1,20180619,11:20,868.05,868.05,867.7,867.7,3000
SUNTV_F1,20180619,11:21,867.7,868,867.7,868,6000
SUNTV_F1,20180619,11:22,867.55,867.55,866.75,866.75,32000
SUNTV_F1,20180619,11:23,867,867.5,867,867.05,19000
SUNTV_F1,20180619,11:24,867.35,867.9,866.05,867.9,21000
SUNTV_F1,20180619,11:25,867.25,867.6,867.25,867.6,4000
SUNTV_F1,20180619,11:26,867.8,869.3,867.75,869.3,17000
SUNTV_F1,20180619,11:27,869,869.45,869,869.45,5000
SUNTV_F1,20180619,11:28,869.2,869.9,869.2,869.9,4000
SUNTV_F1,20180619,11:29,869.9,869.9,869.45,869.45,7000
SUNTV_F1,20180619,11:30,869.75,869.75,869.2,869.2,3000
SUNTV_F1,20180619,11:31,869.75,869.8,869.25,869.25,5000
SUNTV_F1,20180619,11:32,869.2,869.45,868,868,10000
SUNTV_F1,20180619,11:33,868.15,868.15,868.15,868.15,1000
SUNTV_F1,20180619,11:34,868.65,868.7,868.6,868.6,4000
SUNTV_F1,20180619,11:38,869,869.5,867.75,867.75,21000
SUNTV_F1,20180619,11:39,868,868.2,868,868,10000
SUNTV_F1,20180619,11:40,868,868,864.45,864.5,73000
SUNTV_F1,20180619,11:41,864.4,866.75,864,866,29000
SUNTV_F1,20180619,11:42,866.45,867,866,866,16000
SUNTV_F1,20180619,11:43,866,866,865.15,866,13000
SUNTV_F1,20180619,11:44,866,866,864.15,864.6,33000
SUNTV_F1,20180619,11:45,865,865.4,864.5,864.5,12000
SUNTV_F1,20180619,11:46,864.35,864.55,863.7,863.7,32000
SUNTV_F1,20180619,11:47,864.55,864.55,862.35,864,66000
SUNTV_F1,20180619,11:48,864.1,864.25,864,864,11000
SUNTV_F1,20180619,11:49,864,864,863.8,864,12000
SUNTV_F1,20180619,11:50,864,864,862.8,864,22000
SUNTV_F1,20180619,11:51,862.95,863.25,860,862,132000
SUNTV_F1,20180619,11:52,861.6,861.6,859,859,76000
SUNTV_F1,20180619,11:53,859.05,860.05,857.6,859.75,92000
SUNTV_F1,20180619,11:54,859,860,858.55,859.5,29000
SUNTV_F1,20180619,11:55,859.35,860.7,859.3,860.45,21000
SUNTV_F1,20180619,11:56,860.5,863,860.5,862,36000
SUNTV_F1,20180619,11:57,862.15,862.35,861.05,861.05,11000
SUNTV_F1,20180619,11:58,861.4,861.5,861,861.5,8000
SUNTV_F1,20180619,11:59,861.8,862.35,861.6,862.35,17000
SUNTV_F1,20180619,12:00,862,862,861.2,861.65,8000
SUNTV_F1,20180619,12:01,861.05,861.5,861.05,861.45,5000
SUNTV_F1,20180619,12:02,861.85,862.8,861.85,862.8,17000
SUNTV_F1,20180619,12:03,862,862,861.1,861.45,10000
SUNTV_F1,20180619,12:04,861.4,861.5,861.2,861.5,4000
SUNTV_F1,20180619,12:05,861.5,861.5,861.05,861.05,3000
SUNTV_F1,20180619,12:06,861.65,862.7,861.65,862.15,16000
SUNTV_F1,20180619,12:07,861.6,861.6,860.55,860.6,35000
SUNTV_F1,20180619,12:08,860.25,860.45,860.15,860.15,4000
SUNTV_F1,20180619,12:09,860.2,860.9,860.15,860.9,6000
SUNTV_F1,20180619,12:10,860.9,861,860.7,860.7,4000
SUNTV_F1,20180619,12:12,860.8,860.8,859,859,36000
SUNTV_F1,20180619,12:13,859.1,859.8,859.1,859.8,5000
SUNTV_F1,20180619,12:14,860.25,860.6,860,860.6,8000
SUNTV_F1,20180619,12:15,860.05,860.35,860.05,860.35,5000
SUNTV_F1,20180619,12:16,860.55,860.55,859.85,859.85,9000
SUNTV_F1,20180619,12:17,859.7,860,859.65,860,4000
SUNTV_F1,20180619,12:19,860.7,862.05,860.7,861.3,14000
SUNTV_F1,20180619,12:20,861.9,861.9,861.9,861.9,4000
SUNTV_F1,20180619,12:21,862,862.6,861.6,862.6,9000
SUNTV_F1,20180619,12:22,862.85,862.85,862.85,862.85,2000
SUNTV_F1,20180619,12:23,862.75,862.8,862.45,862.45,6000
SUNTV_F1,20180619,12:24,863.5,864.3,862.95,864.3,26000
SUNTV_F1,20180619,12:25,864.05,864.4,863.1,863.2,21000
SUNTV_F1,20180619,12:26,863.4,863.4,862.3,862.85,10000
SUNTV_F1,20180619,12:27,862.65,863.95,862.65,863.35,7000
SUNTV_F1,20180619,12:28,863.85,863.85,863.2,863.2,4000
SUNTV_F1,20180619,12:29,863.15,863.55,863.15,863.15,4000
SUNTV_F1,20180619,12:30,863.15,863.15,862.25,862.25,7000
SUNTV_F1,20180619,12:31,862.4,862.4,862,862,4000
SUNTV_F1,20180619,12:32,863,863.25,863,863.25,6000
SUNTV_F1,20180619,12:33,863,863.15,863,863.15,2000
SUNTV_F1,20180619,12:34,863,863.05,862.25,862.45,7000
SUNTV_F1,20180619,12:35,862.5,862.55,862.5,862.55,2000
SUNTV_F1,20180619,12:36,862.45,862.5,862,862,14000
SUNTV_F1,20180619,12:37,862.5,862.9,862.5,862.9,3000
SUNTV_F1,20180619,12:38,862.9,863,862.9,862.9,4000
SUNTV_F1,20180619,12:39,863.2,863.2,863,863,8000
SUNTV_F1,20180619,12:40,863.5,863.8,863.5,863.5,8000
SUNTV_F1,20180619,12:41,863.05,864,863,863.65,9000
SUNTV_F1,20180619,12:42,863.6,864.2,863.6,864.2,6000
SUNTV_F1,20180619,12:43,864.55,864.6,863.45,863.45,20000
SUNTV_F1,20180619,12:44,864.75,865.25,864.2,864.9,38000
SUNTV_F1,20180619,12:45,865,865,864.4,864.4,8000
SUNTV_F1,20180619,12:46,864.25,864.25,863.55,864,9000
SUNTV_F1,20180619,12:47,864,864,863.5,863.5,10000
SUNTV_F1,20180619,12:48,863.95,864,863.95,864,4000
SUNTV_F1,20180619,12:49,864.05,864.1,863.55,863.55,5000
SUNTV_F1,20180619,12:50,864.15,864.15,864,864,2000
SUNTV_F1,20180619,12:51,864,864.1,864,864.1,2000
SUNTV_F1,20180619,12:52,863.75,864.3,863.75,864,4000
SUNTV_F1,20180619,12:53,863.75,864,863,863,15000
SUNTV_F1,20180619,12:54,862.5,863.4,862.5,863.4,3000
SUNTV_F1,20180619,12:55,863.7,864,863.7,864,4000
SUNTV_F1,20180619,12:56,863.65,864.75,863.65,864.75,7000
SUNTV_F1,20180619,12:57,864.75,864.75,864.15,864.15,6000
SUNTV_F1,20180619,12:58,864.15,864.5,864.15,864.5,2000
SUNTV_F1,20180619,12:59,864.3,864.7,864.1,864.7,8000
SUNTV_F1,20180619,13:00,864.8,865,864.8,864.8,18000
SUNTV_F1,20180619,13:01,864.6,864.65,864.15,864.35,9000
SUNTV_F1,20180619,13:02,864.4,864.4,863.75,863.75,4000
SUNTV_F1,20180619,13:03,863.55,864.5,863.5,864.2,18000
SUNTV_F1,20180619,13:04,863.45,864,863,863,6000
SUNTV_F1,20180619,13:05,863.2,864,863.2,864,6000
SUNTV_F1,20180619,13:06,863.45,863.45,863.45,863.45,1000
SUNTV_F1,20180619,13:07,863.75,863.75,863.75,863.75,3000
SUNTV_F1,20180619,13:08,864,864.4,864,864.4,4000
SUNTV_F1,20180619,13:09,863.6,863.6,863,863,11000
SUNTV_F1,20180619,13:10,863.1,863.6,863.1,863.5,7000
SUNTV_F1,20180619,13:11,863.95,864.15,863.7,863.7,5000
SUNTV_F1,20180619,13:12,863.7,864.5,863.7,864.5,5000
SUNTV_F1,20180619,13:13,864.1,864.1,864.1,864.1,1000
SUNTV_F1,20180619,13:14,864,864.3,864,864.3,4000
SUNTV_F1,20180619,13:15,864.2,864.95,864.2,864.95,11000
SUNTV_F1,20180619,13:16,865,867,865,866.4,34000
SUNTV_F1,20180619,13:17,866.2,866.2,865.25,865.35,14000
SUNTV_F1,20180619,13:18,865.9,866,865.9,866,3000
SUNTV_F1,20180619,13:19,866,866,865.75,866,4000
SUNTV_F1,20180619,13:21,865.7,865.9,865.35,865.35,6000
SUNTV_F1,20180619,13:22,865.3,865.75,865.3,865.45,3000
SUNTV_F1,20180619,13:23,865.6,865.6,865.6,865.6,1000
SUNTV_F1,20180619,13:24,866,866,866,866,1000
SUNTV_F1,20180619,13:25,865.5,865.5,865.5,865.5,3000
SUNTV_F1,20180619,13:26,865.6,865.6,864.85,864.85,8000
SUNTV_F1,20180619,13:27,864.7,866.75,864.7,866,41000
SUNTV_F1,20180619,13:28,866.05,867.5,866.05,867.5,18000
SUNTV_F1,20180619,13:29,867.2,869.8,867.2,868,41000
SUNTV_F1,20180619,13:30,868.1,869.3,868.1,869,33000
SUNTV_F1,20180619,13:31,869.95,871.65,869.4,869.45,60000
SUNTV_F1,20180619,13:32,870.85,870.85,867.3,867.3,27000
SUNTV_F1,20180619,13:33,867.4,868.05,867.4,868,9000
SUNTV_F1,20180619,13:34,868.25,868.25,867.9,867.9,5000
SUNTV_F1,20180619,13:35,867.5,867.5,867,867,6000
SUNTV_F1,20180619,13:36,866.7,867,865.55,867,14000
SUNTV_F1,20180619,13:37,866.45,867,866.45,867,10000
SUNTV_F1,20180619,13:38,866.6,866.6,865.1,866,22000
SUNTV_F1,20180619,13:39,866,866.5,866,866.2,6000
SUNTV_F1,20180619,13:40,866.25,867.9,866.25,867.9,5000
SUNTV_F1,20180619,13:41,867.6,867.6,867,867,4000
SUNTV_F1,20180619,13:42,866.15,866.85,866.15,866.75,3000
SUNTV_F1,20180619,13:43,866.5,866.5,866.4,866.4,2000
SUNTV_F1,20180619,13:44,866.1,866.4,866.1,866.4,3000
SUNTV_F1,20180619,13:45,867.5,867.5,866.15,867,7000
SUNTV_F1,20180619,13:46,867.1,867.5,867.1,867.5,4000
SUNTV_F1,20180619,13:48,868.55,868.55,867.75,868.15,15000
SUNTV_F1,20180619,13:49,868,868.9,868,868.9,8000
SUNTV_F1,20180619,13:50,868.75,869,868.7,869,3000
SUNTV_F1,20180619,13:51,868.95,869.55,868.7,869.55,22000
SUNTV_F1,20180619,13:52,869.15,869.4,868.95,869.4,5000
SUNTV_F1,20180619,13:53,869.55,869.55,868.75,868.75,5000
SUNTV_F1,20180619,13:54,868.2,868.2,867,867,11000
SUNTV_F1,20180619,13:55,867.5,868.1,867.5,867.6,3000
SUNTV_F1,20180619,13:56,867.45,867.55,867.45,867.55,2000
SUNTV_F1,20180619,13:57,867.8,868,867.8,868,2000
SUNTV_F1,20180619,13:58,867.85,867.85,867.55,867.6,3000
SUNTV_F1,20180619,14:01,867.55,867.55,867.2,867.2,4000
SUNTV_F1,20180619,14:02,867,867.8,867,867.8,8000
SUNTV_F1,20180619,14:03,867.15,867.15,867.15,867.15,1000
SUNTV_F1,20180619,14:04,867,868,867,867.6,18000
SUNTV_F1,20180619,14:05,867.15,868,867.15,868,5000
SUNTV_F1,20180619,14:06,867.95,868.25,867.95,868.25,2000
SUNTV_F1,20180619,14:07,867.95,868.65,867.95,868.65,9000
SUNTV_F1,20180619,14:08,868.85,868.9,868.25,868.25,9000
SUNTV_F1,20180619,14:09,868.45,868.95,867.95,868.2,7000
SUNTV_F1,20180619,14:10,867.9,867.9,866.75,867,9000
SUNTV_F1,20180619,14:11,867.35,867.45,866.6,866.6,9000
SUNTV_F1,20180619,14:12,866.6,866.6,866.3,866.3,5000
SUNTV_F1,20180619,14:13,866.65,866.65,866.65,866.65,1000
SUNTV_F1,20180619,14:14,866.4,866.65,866.4,866.65,2000
SUNTV_F1,20180619,14:15,866.8,866.95,866.8,866.95,3000
SUNTV_F1,20180619,14:16,866.95,866.95,866.95,866.95,1000
SUNTV_F1,20180619,14:17,866.65,866.65,866.65,866.65,2000
SUNTV_F1,20180619,14:18,866.2,866.2,865.25,865.55,7000
SUNTV_F1,20180619,14:19,865.25,866,865.25,865.4,15000
SUNTV_F1,20180619,14:20,865.95,865.95,865.4,865.4,3000
SUNTV_F1,20180619,14:21,865.05,865.1,864.8,865.1,22000
SUNTV_F1,20180619,14:22,865.05,865.05,864.75,864.75,7000
SUNTV_F1,20180619,14:23,864.7,864.7,864.25,864.25,8000
SUNTV_F1,20180619,14:24,864.2,864.65,863.75,864.5,17000
SUNTV_F1,20180619,14:25,865.35,866.3,865,866.3,23000
SUNTV_F1,20180619,14:27,865.6,865.8,865.4,865.8,8000
SUNTV_F1,20180619,14:28,865.95,865.95,865.75,865.75,2000
SUNTV_F1,20180619,14:29,865.7,865.8,865.65,865.65,4000
SUNTV_F1,20180619,14:30,865.25,865.25,865.25,865.25,3000
SUNTV_F1,20180619,14:31,865.4,865.4,865.4,865.4,1000
SUNTV_F1,20180619,14:32,865.3,865.45,865.15,865.15,3000
SUNTV_F1,20180619,14:33,865.1,865.15,865.1,865.15,3000
SUNTV_F1,20180619,14:34,865.1,865.15,864.8,864.8,12000
SUNTV_F1,20180619,14:35,865,865.25,865,865.25,4000
SUNTV_F1,20180619,14:37,865.6,865.6,865.55,865.6,3000
SUNTV_F1,20180619,14:38,865.35,865.85,865.35,865.45,5000
SUNTV_F1,20180619,14:39,866.25,867.2,865.6,865.9,20000
SUNTV_F1,20180619,14:40,867,867.5,866.5,866.5,6000
SUNTV_F1,20180619,14:41,866.45,866.7,866.45,866.7,5000
SUNTV_F1,20180619,14:42,866.65,867,866.1,867,6000
SUNTV_F1,20180619,14:43,867.1,867.1,866.35,866.55,4000
SUNTV_F1,20180619,14:45,866.35,866.35,865.65,865.65,10000
SUNTV_F1,20180619,14:46,866.55,866.75,865.9,866.75,5000
SUNTV_F1,20180619,14:47,866.85,866.9,866.75,866.75,4000
SUNTV_F1,20180619,14:48,866,866.45,866,866.45,3000
SUNTV_F1,20180619,14:49,865.9,865.9,865.8,865.8,7000
SUNTV_F1,20180619,14:50,866.65,866.8,866.5,866.8,3000
SUNTV_F1,20180619,14:51,866.55,866.55,865.95,866.55,4000
SUNTV_F1,20180619,14:52,866.05,866.05,866.05,866.05,2000
SUNTV_F1,20180619,14:53,866,866,866,866,1000
SUNTV_F1,20180619,14:54,866.05,866.7,866.05,866.55,5000
SUNTV_F1,20180619,14:55,866.85,867.35,866.85,867.3,8000
SUNTV_F1,20180619,14:56,867.45,867.45,866.5,867,14000
SUNTV_F1,20180619,14:57,867.45,867.75,867,867.5,19000
SUNTV_F1,20180619,14:58,867.3,867.6,867,867.5,7000
SUNTV_F1,20180619,14:59,867.6,867.6,867,867.4,9000
SUNTV_F1,20180619,15:00,867.5,867.5,866.7,866.7,9000
SUNTV_F1,20180619,15:01,866.5,867.2,866.5,867.2,8000
SUNTV_F1,20180619,15:02,867.2,867.2,866.5,867,10000
SUNTV_F1,20180619,15:03,867,867.1,866.2,866.2,11000
SUNTV_F1,20180619,15:04,866.1,866.35,865.25,865.25,12000
SUNTV_F1,20180619,15:05,865.55,865.55,865,865,9000
SUNTV_F1,20180619,15:06,864.3,864.95,864.1,864.45,15000
SUNTV_F1,20180619,15:07,864.45,864.6,864.2,864.4,5000
SUNTV_F1,20180619,15:08,864.5,864.5,863.5,864,29000
SUNTV_F1,20180619,15:09,864,864.55,864,864.1,15000
SUNTV_F1,20180619,15:10,863.8,864.5,863.8,863.9,16000
SUNTV_F1,20180619,15:11,863.8,864.35,863.5,864.05,29000
SUNTV_F1,20180619,15:12,864,865.7,863.8,864.05,106000
SUNTV_F1,20180619,15:13,864.1,864.1,863.5,863.5,11000
SUNTV_F1,20180619,15:14,863.05,863.65,862.55,863.2,34000
SUNTV_F1,20180619,15:15,863.3,863.3,862.2,862.7,30000
SUNTV_F1,20180619,15:16,862.85,863.1,861.95,861.95,59000
SUNTV_F1,20180619,15:17,861.8,862.5,861.4,862.15,16000
SUNTV_F1,20180619,15:18,862.7,863,862.45,863,14000
SUNTV_F1,20180619,15:19,863,863,862.7,863,13000
SUNTV_F1,20180619,15:20,862.8,863.35,862.7,862.75,18000
SUNTV_F1,20180619,15:21,862.85,863.5,862.5,863.05,26000
SUNTV_F1,20180619,15:22,863,863.75,862.45,863.75,28000
SUNTV_F1,20180619,15:23,863.15,863.75,863.1,863.55,22000
SUNTV_F1,20180619,15:24,863.75,864.7,862.7,864.7,56000
SUNTV_F1,20180619,15:25,864.45,867.75,864.45,867.75,48000
SUNTV_F1,20180619,15:26,867.05,867.25,866.75,867,20000
SUNTV_F1,20180619,15:27,867.6,868.25,867.15,867.85,29000
SUNTV_F1,20180619,15:28,867.85,868.3,867.4,868,22000
SUNTV_F1,20180619,15:29,868.25,869,867.6,868,44000
SUNTV_F1,20180619,15:30,867.85,868.15,865.65,865.7,29000
SUNTV_F1,20180619,16:36,864.7,864.7,864.7,864.7,1
