TATAMTRDVR_F1,20191120,09:16,77.50,77.50,77.05,77.10,60000,35004000
TATAMTRDVR_F1,20191120,09:17,77.00,77.05,77.00,77.05,78000,35004000
TATAMTRDVR_F1,20191120,09:18,76.95,77.10,76.95,77.10,72000,35004000
TATAMTRDVR_F1,20191120,09:19,77.00,77.25,77.00,77.25,36000,35016000
TATAMTRDVR_F1,20191120,09:20,77.50,77.50,77.50,77.50,12000,35016000
TATAMTRDVR_F1,20191120,09:21,77.45,77.55,77.45,77.45,48000,35010000
TATAMTRDVR_F1,20191120,09:22,77.65,77.65,77.60,77.60,24000,35010000
TATAMTRDVR_F1,20191120,09:23,77.60,77.70,77.40,77.45,72000,35010000
TATAMTRDVR_F1,20191120,09:24,77.55,77.55,77.45,77.45,30000,35022000
TATAMTRDVR_F1,20191120,09:25,77.25,77.25,77.25,77.25,6000,35022000
TATAMTRDVR_F1,20191120,09:26,77.25,77.35,77.25,77.35,12000,35022000
TATAMTRDVR_F1,20191120,09:27,77.25,77.35,77.25,77.35,18000,35022000
TATAMTRDVR_F1,20191120,09:28,77.20,77.50,77.20,77.50,96000,35022000
TATAMTRDVR_F1,20191120,09:29,77.40,77.50,77.40,77.50,30000,35022000
TATAMTRDVR_F1,20191120,09:30,77.65,77.90,77.65,77.85,18000,34986000
TATAMTRDVR_F1,20191120,09:31,77.85,77.85,77.80,77.80,12000,34986000
TATAMTRDVR_F1,20191120,09:32,77.80,77.80,77.65,77.65,84000,34986000
TATAMTRDVR_F1,20191120,09:33,77.70,77.70,77.70,77.70,12000,34992000
TATAMTRDVR_F1,20191120,09:34,77.80,77.85,77.80,77.85,36000,34992000
TATAMTRDVR_F1,20191120,09:35,77.85,77.85,77.85,77.85,6000,34992000
TATAMTRDVR_F1,20191120,09:38,77.85,77.85,77.85,77.85,6000,34998000
TATAMTRDVR_F1,20191120,09:40,77.80,77.80,77.70,77.70,12000,35004000
TATAMTRDVR_F1,20191120,09:41,77.65,77.65,77.65,77.65,12000,35004000
TATAMTRDVR_F1,20191120,09:43,77.55,77.55,77.55,77.55,6000,34992000
TATAMTRDVR_F1,20191120,09:44,77.45,77.45,77.45,77.45,6000,34992000
TATAMTRDVR_F1,20191120,09:46,77.45,77.45,77.45,77.45,6000,34992000
TATAMTRDVR_F1,20191120,09:47,77.35,77.35,77.35,77.35,12000,34992000
TATAMTRDVR_F1,20191120,09:48,77.40,77.40,77.40,77.40,6000,34998000
TATAMTRDVR_F1,20191120,09:49,77.35,77.45,77.35,77.45,18000,34998000
TATAMTRDVR_F1,20191120,09:50,77.45,77.45,77.45,77.45,6000,34998000
TATAMTRDVR_F1,20191120,09:51,77.45,77.50,77.45,77.50,18000,34998000
TATAMTRDVR_F1,20191120,09:52,77.60,77.65,77.60,77.65,18000,34992000
TATAMTRDVR_F1,20191120,09:55,77.75,77.75,77.75,77.75,18000,34998000
TATAMTRDVR_F1,20191120,09:56,77.75,77.75,77.75,77.75,6000,34998000
TATAMTRDVR_F1,20191120,09:57,77.75,78.05,77.75,78.05,60000,34992000
TATAMTRDVR_F1,20191120,09:58,78.05,78.05,77.90,77.90,12000,34992000
TATAMTRDVR_F1,20191120,10:00,78.00,78.00,77.90,77.90,30000,35016000
TATAMTRDVR_F1,20191120,10:01,77.70,77.70,77.70,77.70,6000,35016000
TATAMTRDVR_F1,20191120,10:02,77.70,77.70,77.70,77.70,6000,35016000
TATAMTRDVR_F1,20191120,10:03,77.75,77.75,77.75,77.75,6000,35016000
TATAMTRDVR_F1,20191120,10:04,77.85,77.85,77.80,77.80,24000,35010000
TATAMTRDVR_F1,20191120,10:07,77.60,77.65,77.60,77.65,90000,35022000
TATAMTRDVR_F1,20191120,10:08,77.85,78.00,77.85,78.00,18000,35022000
TATAMTRDVR_F1,20191120,10:09,78.00,78.00,78.00,78.00,6000,35022000
TATAMTRDVR_F1,20191120,10:10,78.00,78.15,78.00,78.10,102000,35082000
TATAMTRDVR_F1,20191120,10:11,78.00,78.10,78.00,78.00,30000,35082000
TATAMTRDVR_F1,20191120,10:13,77.95,77.95,77.95,77.95,6000,35082000
TATAMTRDVR_F1,20191120,10:14,77.95,77.95,77.95,77.95,6000,35064000
TATAMTRDVR_F1,20191120,10:16,77.95,77.95,77.95,77.95,18000,35046000
TATAMTRDVR_F1,20191120,10:17,77.90,77.90,77.85,77.85,12000,35046000
TATAMTRDVR_F1,20191120,10:24,78.15,78.15,78.05,78.05,12000,35052000
TATAMTRDVR_F1,20191120,10:26,77.95,77.95,77.95,77.95,6000,35052000
TATAMTRDVR_F1,20191120,10:28,77.95,77.95,77.95,77.95,6000,35058000
TATAMTRDVR_F1,20191120,10:30,77.85,77.85,77.85,77.85,18000,35058000
TATAMTRDVR_F1,20191120,10:33,77.80,77.80,77.80,77.80,6000,35064000
TATAMTRDVR_F1,20191120,10:36,77.75,77.75,77.75,77.75,6000,35052000
TATAMTRDVR_F1,20191120,10:39,77.80,77.80,77.80,77.80,6000,35052000
TATAMTRDVR_F1,20191120,10:40,77.80,77.80,77.70,77.70,12000,35034000
TATAMTRDVR_F1,20191120,10:41,77.70,77.70,77.70,77.70,6000,35034000
TATAMTRDVR_F1,20191120,10:48,77.80,78.20,77.80,78.15,90000,35040000
TATAMTRDVR_F1,20191120,10:49,78.20,78.40,78.15,78.15,90000,35040000
TATAMTRDVR_F1,20191120,10:50,78.20,78.30,78.20,78.30,18000,35040000
TATAMTRDVR_F1,20191120,10:51,78.30,78.30,78.25,78.25,12000,35118000
TATAMTRDVR_F1,20191120,10:52,78.20,78.20,78.15,78.15,36000,35118000
TATAMTRDVR_F1,20191120,10:53,78.20,78.20,78.20,78.20,6000,35118000
TATAMTRDVR_F1,20191120,10:54,78.10,78.10,78.10,78.10,6000,35100000
TATAMTRDVR_F1,20191120,10:55,78.15,78.15,78.15,78.15,12000,35100000
TATAMTRDVR_F1,20191120,10:56,78.05,78.05,78.05,78.05,12000,35100000
TATAMTRDVR_F1,20191120,10:57,77.90,77.90,77.85,77.85,12000,35100000
TATAMTRDVR_F1,20191120,10:58,77.85,77.85,77.85,77.85,6000,35106000
TATAMTRDVR_F1,20191120,10:59,77.85,77.85,77.85,77.85,36000,35106000
TATAMTRDVR_F1,20191120,11:00,77.80,77.80,77.80,77.80,6000,35106000
TATAMTRDVR_F1,20191120,11:01,77.80,77.80,77.80,77.80,12000,35106000
TATAMTRDVR_F1,20191120,11:06,77.80,77.90,77.75,77.75,162000,35136000
TATAMTRDVR_F1,20191120,11:07,77.60,77.60,77.40,77.40,36000,35136000
TATAMTRDVR_F1,20191120,11:08,77.50,77.50,77.50,77.50,6000,35136000
TATAMTRDVR_F1,20191120,11:10,77.40,77.50,77.40,77.50,24000,35142000
TATAMTRDVR_F1,20191120,11:11,77.50,77.50,77.50,77.50,12000,35142000
TATAMTRDVR_F1,20191120,11:12,77.40,77.40,77.40,77.40,6000,35124000
TATAMTRDVR_F1,20191120,11:14,77.35,77.35,77.35,77.35,12000,35124000
TATAMTRDVR_F1,20191120,11:15,77.30,77.30,77.30,77.30,12000,35124000
TATAMTRDVR_F1,20191120,11:16,77.30,77.30,77.30,77.30,1104000,35130000
TATAMTRDVR_F1,20191120,11:17,77.30,77.30,77.30,77.30,444000,35130000
TATAMTRDVR_F1,20191120,11:18,77.40,77.40,77.40,77.40,6000,35130000
TATAMTRDVR_F1,20191120,11:19,77.55,77.55,77.55,77.55,18000,36018000
TATAMTRDVR_F1,20191120,11:23,77.50,77.50,77.50,77.50,6000,36000000
TATAMTRDVR_F1,20191120,11:24,77.50,77.50,77.50,77.50,6000,36000000
TATAMTRDVR_F1,20191120,11:26,77.65,77.65,77.65,77.65,24000,35994000
TATAMTRDVR_F1,20191120,11:27,77.65,77.65,77.65,77.65,6000,35994000
TATAMTRDVR_F1,20191120,11:28,77.70,77.70,77.70,77.70,12000,35994000
TATAMTRDVR_F1,20191120,11:32,77.60,77.60,77.60,77.60,6000,35982000
TATAMTRDVR_F1,20191120,11:35,77.65,77.70,77.65,77.70,18000,35982000
TATAMTRDVR_F1,20191120,11:38,77.65,77.65,77.65,77.65,6000,35988000
TATAMTRDVR_F1,20191120,11:39,77.65,77.65,77.65,77.65,6000,35988000
TATAMTRDVR_F1,20191120,11:43,77.65,77.65,77.65,77.65,6000,35982000
TATAMTRDVR_F1,20191120,11:44,77.80,77.90,77.80,77.90,24000,35982000
TATAMTRDVR_F1,20191120,11:47,77.95,78.00,77.95,78.00,24000,35994000
TATAMTRDVR_F1,20191120,11:48,77.90,77.90,77.90,77.90,6000,35994000
TATAMTRDVR_F1,20191120,11:49,77.85,77.85,77.85,77.85,6000,35994000
TATAMTRDVR_F1,20191120,11:50,77.80,77.80,77.80,77.80,6000,35982000
TATAMTRDVR_F1,20191120,11:51,77.75,77.75,77.75,77.75,6000,35982000
TATAMTRDVR_F1,20191120,11:54,77.75,77.75,77.75,77.75,6000,35982000
TATAMTRDVR_F1,20191120,11:55,77.75,77.75,77.75,77.75,24000,35982000
TATAMTRDVR_F1,20191120,11:59,77.75,77.75,77.75,77.75,12000,35994000
TATAMTRDVR_F1,20191120,12:02,77.80,77.80,77.80,77.80,6000,35988000
TATAMTRDVR_F1,20191120,12:03,77.95,78.15,77.95,78.10,114000,36048000
TATAMTRDVR_F1,20191120,12:05,78.10,78.10,78.10,78.10,12000,36048000
TATAMTRDVR_F1,20191120,12:06,78.25,78.25,78.20,78.20,48000,36048000
TATAMTRDVR_F1,20191120,12:08,78.10,78.10,78.10,78.10,12000,36036000
TATAMTRDVR_F1,20191120,12:09,78.10,78.10,78.10,78.10,36000,36036000
TATAMTRDVR_F1,20191120,12:10,78.05,78.10,78.05,78.10,12000,36018000
TATAMTRDVR_F1,20191120,12:11,78.10,78.10,78.10,78.10,6000,36018000
TATAMTRDVR_F1,20191120,12:14,78.05,78.05,78.05,78.05,6000,36018000
TATAMTRDVR_F1,20191120,12:16,78.15,78.15,78.15,78.15,12000,35988000
TATAMTRDVR_F1,20191120,12:17,78.20,78.20,78.20,78.20,24000,35988000
TATAMTRDVR_F1,20191120,12:18,78.15,78.15,78.15,78.15,6000,35988000
TATAMTRDVR_F1,20191120,12:19,78.10,78.10,78.10,78.10,6000,35994000
TATAMTRDVR_F1,20191120,12:20,78.20,78.20,78.20,78.20,12000,35994000
TATAMTRDVR_F1,20191120,12:23,78.20,78.20,78.20,78.20,6000,35988000
TATAMTRDVR_F1,20191120,12:24,78.15,78.15,78.15,78.15,6000,35988000
TATAMTRDVR_F1,20191120,12:25,78.20,78.25,78.20,78.25,12000,35988000
TATAMTRDVR_F1,20191120,12:26,78.25,78.25,78.25,78.25,12000,35988000
TATAMTRDVR_F1,20191120,12:27,78.30,78.30,78.30,78.30,18000,35988000
TATAMTRDVR_F1,20191120,12:28,78.35,78.70,78.35,78.65,66000,35976000
TATAMTRDVR_F1,20191120,12:29,78.65,78.90,78.65,78.75,216000,35976000
TATAMTRDVR_F1,20191120,12:30,78.65,78.65,78.65,78.65,42000,36012000
TATAMTRDVR_F1,20191120,12:31,78.70,78.70,78.60,78.60,18000,36012000
TATAMTRDVR_F1,20191120,12:32,78.65,78.65,78.65,78.65,12000,36012000
TATAMTRDVR_F1,20191120,12:34,78.55,78.60,78.55,78.60,30000,36030000
TATAMTRDVR_F1,20191120,12:36,78.40,78.40,78.40,78.40,6000,36030000
TATAMTRDVR_F1,20191120,12:37,78.25,78.25,78.25,78.25,6000,36030000
TATAMTRDVR_F1,20191120,12:39,78.30,78.30,78.25,78.25,12000,36048000
TATAMTRDVR_F1,20191120,12:41,78.30,78.30,78.30,78.30,6000,36030000
TATAMTRDVR_F1,20191120,12:44,78.30,78.30,78.30,78.30,12000,36030000
TATAMTRDVR_F1,20191120,12:45,78.25,78.25,78.25,78.25,6000,36030000
TATAMTRDVR_F1,20191120,12:48,78.15,78.15,78.15,78.15,6000,36018000
TATAMTRDVR_F1,20191120,12:50,78.20,78.35,78.20,78.35,30000,36018000
TATAMTRDVR_F1,20191120,12:51,78.35,78.45,78.35,78.45,18000,36006000
TATAMTRDVR_F1,20191120,12:52,78.50,78.50,78.50,78.50,6000,36006000
TATAMTRDVR_F1,20191120,12:54,78.35,78.35,78.35,78.35,6000,36006000
TATAMTRDVR_F1,20191120,12:55,78.35,78.35,78.30,78.30,18000,36012000
TATAMTRDVR_F1,20191120,12:56,78.30,78.30,78.30,78.30,6000,36012000
TATAMTRDVR_F1,20191120,13:00,78.25,78.25,78.25,78.25,6000,36000000
TATAMTRDVR_F1,20191120,13:01,78.25,78.30,78.25,78.30,18000,36006000
TATAMTRDVR_F1,20191120,13:03,78.20,78.20,78.20,78.20,6000,36006000
TATAMTRDVR_F1,20191120,13:04,78.20,78.20,78.20,78.20,30000,36018000
TATAMTRDVR_F1,20191120,13:07,78.30,78.30,78.30,78.30,6000,36006000
TATAMTRDVR_F1,20191120,13:08,78.40,78.40,78.40,78.40,6000,36006000
TATAMTRDVR_F1,20191120,13:10,78.45,78.45,78.40,78.45,78000,36012000
TATAMTRDVR_F1,20191120,13:11,78.25,78.30,78.25,78.25,36000,36012000
TATAMTRDVR_F1,20191120,13:12,78.10,78.10,78.10,78.10,6000,36012000
TATAMTRDVR_F1,20191120,13:13,78.05,78.05,78.05,78.05,6000,35988000
TATAMTRDVR_F1,20191120,13:17,78.00,78.00,78.00,78.00,12000,35988000
TATAMTRDVR_F1,20191120,13:20,78.05,78.05,78.05,78.05,6000,35994000
TATAMTRDVR_F1,20191120,13:23,77.80,77.80,77.80,77.80,24000,35988000
TATAMTRDVR_F1,20191120,13:25,77.80,77.80,77.80,77.80,90000,35964000
TATAMTRDVR_F1,20191120,13:26,77.80,77.80,77.80,77.80,6000,35964000
TATAMTRDVR_F1,20191120,13:30,77.70,77.70,77.70,77.70,6000,35952000
TATAMTRDVR_F1,20191120,13:31,77.70,77.70,77.70,77.70,84000,35958000
TATAMTRDVR_F1,20191120,13:32,77.60,77.60,77.55,77.55,42000,35958000
TATAMTRDVR_F1,20191120,13:33,77.50,77.55,77.50,77.55,18000,35958000
TATAMTRDVR_F1,20191120,13:34,77.60,77.60,77.60,77.60,6000,35928000
TATAMTRDVR_F1,20191120,13:35,77.75,77.75,77.75,77.75,6000,35928000
TATAMTRDVR_F1,20191120,13:36,77.65,77.65,77.65,77.65,6000,35928000
TATAMTRDVR_F1,20191120,13:37,77.60,77.60,77.60,77.60,6000,35940000
TATAMTRDVR_F1,20191120,13:38,77.45,77.45,77.45,77.45,6000,35940000
TATAMTRDVR_F1,20191120,13:40,77.60,77.60,77.60,77.60,12000,35928000
TATAMTRDVR_F1,20191120,13:41,77.70,77.70,77.70,77.70,6000,35928000
TATAMTRDVR_F1,20191120,13:42,77.70,77.70,77.70,77.70,6000,35928000
TATAMTRDVR_F1,20191120,13:43,77.65,77.65,77.65,77.65,6000,35928000
TATAMTRDVR_F1,20191120,13:51,77.65,77.65,77.65,77.65,6000,35958000
TATAMTRDVR_F1,20191120,13:55,77.70,77.70,77.70,77.70,12000,35958000
TATAMTRDVR_F1,20191120,13:57,77.55,77.55,77.55,77.55,6000,35958000
TATAMTRDVR_F1,20191120,14:01,77.50,77.50,77.50,77.50,6000,35958000
TATAMTRDVR_F1,20191120,14:02,77.45,77.45,77.45,77.45,6000,35958000
TATAMTRDVR_F1,20191120,14:04,77.65,77.65,77.65,77.65,12000,35952000
TATAMTRDVR_F1,20191120,14:05,77.60,77.60,77.60,77.60,6000,35952000
TATAMTRDVR_F1,20191120,14:08,78.00,78.00,77.95,77.95,126000,35958000
TATAMTRDVR_F1,20191120,14:09,78.00,78.00,78.00,78.00,48000,35958000
TATAMTRDVR_F1,20191120,14:10,78.00,78.00,77.90,77.90,30000,36000000
TATAMTRDVR_F1,20191120,14:11,77.90,77.90,77.80,77.80,36000,36000000
TATAMTRDVR_F1,20191120,14:15,77.75,77.75,77.50,77.50,276000,36000000
TATAMTRDVR_F1,20191120,14:16,77.50,77.50,77.35,77.35,66000,36150000
TATAMTRDVR_F1,20191120,14:17,77.40,77.45,77.40,77.45,42000,36150000
TATAMTRDVR_F1,20191120,14:18,77.50,77.50,77.50,77.50,18000,36150000
TATAMTRDVR_F1,20191120,14:19,77.45,77.45,77.40,77.40,12000,36216000
TATAMTRDVR_F1,20191120,14:20,77.40,77.40,77.40,77.40,6000,36216000
TATAMTRDVR_F1,20191120,14:21,77.35,77.35,77.35,77.35,24000,36216000
TATAMTRDVR_F1,20191120,14:22,77.35,77.35,77.35,77.35,6000,36216000
TATAMTRDVR_F1,20191120,14:23,77.35,77.35,77.30,77.30,24000,36222000
TATAMTRDVR_F1,20191120,14:24,77.25,77.25,77.25,77.25,36000,36222000
TATAMTRDVR_F1,20191120,14:25,77.35,77.35,77.25,77.25,30000,36234000
TATAMTRDVR_F1,20191120,14:26,77.25,77.25,77.25,77.25,6000,36234000
TATAMTRDVR_F1,20191120,14:27,77.20,77.20,77.15,77.20,90000,36234000
TATAMTRDVR_F1,20191120,14:28,77.15,77.15,77.15,77.15,30000,36234000
TATAMTRDVR_F1,20191120,14:29,77.10,77.20,77.10,77.15,42000,36312000
TATAMTRDVR_F1,20191120,14:31,77.15,77.15,77.05,77.10,42000,36354000
TATAMTRDVR_F1,20191120,14:32,77.15,77.15,77.10,77.10,42000,36354000
TATAMTRDVR_F1,20191120,14:34,77.15,77.20,77.15,77.20,66000,36420000
TATAMTRDVR_F1,20191120,14:35,77.20,77.20,77.15,77.15,18000,36420000
TATAMTRDVR_F1,20191120,14:36,77.10,77.10,77.10,77.10,24000,36420000
TATAMTRDVR_F1,20191120,14:37,77.00,77.05,77.00,77.00,78000,36420000
TATAMTRDVR_F1,20191120,14:38,77.00,77.00,77.00,77.00,48000,36420000
TATAMTRDVR_F1,20191120,14:39,77.00,77.00,77.00,77.00,12000,36420000
TATAMTRDVR_F1,20191120,14:40,76.95,76.95,76.80,76.85,72000,36510000
TATAMTRDVR_F1,20191120,14:41,76.80,76.80,76.40,76.75,504000,36510000
TATAMTRDVR_F1,20191120,14:42,76.75,76.95,76.75,76.95,36000,36510000
TATAMTRDVR_F1,20191120,14:43,76.75,76.80,76.75,76.80,180000,36840000
TATAMTRDVR_F1,20191120,14:44,76.85,76.90,76.85,76.90,12000,36840000
TATAMTRDVR_F1,20191120,14:45,76.80,76.85,76.75,76.85,24000,36840000
TATAMTRDVR_F1,20191120,14:46,76.70,76.70,76.55,76.55,60000,36918000
TATAMTRDVR_F1,20191120,14:47,76.65,76.65,76.65,76.65,24000,36918000
TATAMTRDVR_F1,20191120,14:48,76.60,76.60,76.60,76.60,12000,36918000
TATAMTRDVR_F1,20191120,14:49,76.75,76.75,76.75,76.75,6000,36918000
TATAMTRDVR_F1,20191120,14:50,76.85,76.85,76.75,76.85,36000,36918000
TATAMTRDVR_F1,20191120,14:51,76.95,77.00,76.95,77.00,42000,36918000
TATAMTRDVR_F1,20191120,14:52,77.05,77.05,77.05,77.05,6000,36918000
TATAMTRDVR_F1,20191120,14:53,77.10,77.10,77.10,77.10,6000,36858000
TATAMTRDVR_F1,20191120,14:54,77.05,77.05,77.05,77.05,6000,36858000
TATAMTRDVR_F1,20191120,14:55,77.05,77.15,77.05,77.15,42000,36858000
TATAMTRDVR_F1,20191120,14:56,77.35,77.35,77.20,77.20,54000,36858000
TATAMTRDVR_F1,20191120,14:57,77.25,77.25,77.25,77.25,18000,36858000
TATAMTRDVR_F1,20191120,14:58,77.25,77.25,77.25,77.25,12000,36834000
TATAMTRDVR_F1,20191120,15:00,77.25,77.25,77.25,77.25,6000,36834000
TATAMTRDVR_F1,20191120,15:01,77.35,77.45,77.35,77.45,48000,36822000
TATAMTRDVR_F1,20191120,15:02,77.50,77.55,77.35,77.35,90000,36822000
TATAMTRDVR_F1,20191120,15:03,77.35,77.35,77.30,77.30,12000,36822000
TATAMTRDVR_F1,20191120,15:04,77.30,77.30,77.30,77.30,6000,36822000
TATAMTRDVR_F1,20191120,15:05,77.15,77.25,77.10,77.25,36000,36810000
TATAMTRDVR_F1,20191120,15:06,77.25,77.25,77.20,77.20,18000,36810000
TATAMTRDVR_F1,20191120,15:07,77.20,77.20,77.20,77.20,24000,36828000
TATAMTRDVR_F1,20191120,15:08,77.20,77.20,77.20,77.20,6000,36828000
TATAMTRDVR_F1,20191120,15:09,77.15,77.15,77.10,77.15,24000,36828000
TATAMTRDVR_F1,20191120,15:10,77.15,77.15,77.10,77.10,24000,36774000
TATAMTRDVR_F1,20191120,15:11,77.00,77.05,77.00,77.05,24000,36774000
TATAMTRDVR_F1,20191120,15:12,77.05,77.20,77.05,77.10,66000,36774000
TATAMTRDVR_F1,20191120,15:14,77.15,77.15,77.15,77.15,18000,36774000
TATAMTRDVR_F1,20191120,15:15,77.10,77.10,77.05,77.05,18000,36774000
TATAMTRDVR_F1,20191120,15:16,77.25,77.25,77.20,77.20,36000,36762000
TATAMTRDVR_F1,20191120,15:17,77.20,77.20,77.20,77.20,24000,36762000
TATAMTRDVR_F1,20191120,15:18,77.25,77.25,77.20,77.25,48000,36762000
TATAMTRDVR_F1,20191120,15:20,77.10,77.10,77.10,77.10,6000,36744000
TATAMTRDVR_F1,20191120,15:21,77.05,77.05,77.05,77.05,30000,36744000
TATAMTRDVR_F1,20191120,15:22,77.10,77.10,77.05,77.05,36000,36744000
TATAMTRDVR_F1,20191120,15:23,77.05,77.10,77.05,77.10,18000,36744000
TATAMTRDVR_F1,20191120,15:24,77.05,77.05,76.95,76.95,48000,36744000
TATAMTRDVR_F1,20191120,15:25,77.00,77.05,77.00,77.05,18000,36792000
TATAMTRDVR_F1,20191120,15:26,77.05,77.05,77.05,77.05,18000,36792000
TATAMTRDVR_F1,20191120,15:27,77.10,77.10,77.10,77.10,24000,36792000
TATAMTRDVR_F1,20191120,15:28,77.20,77.20,77.15,77.15,18000,36792000
TATAMTRDVR_F1,20191120,15:29,77.15,77.15,77.15,77.15,30000,36732000
TATAMTRDVR_F1,20191120,15:30,77.25,77.25,77.10,77.10,42000,36732000
TATAMTRDVR_F1,20191120,19:17,77.20,77.20,77.20,77.20,1,34752000
