CNX500,20220127,09:08,14671.70,14671.70,14671.70,14671.70,0,0
CNX500,20220127,09:16,14676.00,14676.00,14587.95,14613.80,0,0
CNX500,20220127,09:17,14613.90,14617.90,14604.50,14615.80,0,0
CNX500,20220127,09:18,14614.75,14657.40,14614.75,14657.40,0,0
CNX500,20220127,09:19,14656.45,14656.45,14621.90,14622.60,0,0
CNX500,20220127,09:20,14620.85,14620.85,14591.60,14596.30,0,0
CNX500,20220127,09:21,14599.75,14621.20,14592.50,14612.80,0,0
CNX500,20220127,09:22,14615.05,14634.20,14604.55,14631.40,0,0
CNX500,20220127,09:23,14631.60,14648.05,14631.60,14646.95,0,0
CNX500,20220127,09:24,14643.50,14649.55,14637.10,14642.75,0,0
CNX500,20220127,09:25,14642.20,14671.00,14639.05,14669.05,0,0
CNX500,20220127,09:26,14669.30,14669.30,14643.45,14643.85,0,0
CNX500,20220127,09:27,14642.60,14642.60,14618.20,14628.05,0,0
CNX500,20220127,09:28,14628.35,14638.20,14626.15,14631.45,0,0
CNX500,20220127,09:29,14631.55,14642.00,14627.90,14639.95,0,0
CNX500,20220127,09:30,14638.80,14641.05,14629.65,14630.95,0,0
CNX500,20220127,09:31,14630.25,14631.70,14605.10,14605.80,0,0
CNX500,20220127,09:32,14604.25,14605.65,14596.80,14597.15,0,0
CNX500,20220127,09:33,14597.85,14606.75,14596.60,14606.75,0,0
CNX500,20220127,09:34,14607.15,14615.95,14593.25,14593.25,0,0
CNX500,20220127,09:35,14590.70,14594.40,14584.00,14586.90,0,0
CNX500,20220127,09:36,14588.70,14588.70,14572.35,14583.20,0,0
CNX500,20220127,09:37,14581.80,14583.00,14567.40,14567.55,0,0
CNX500,20220127,09:38,14567.05,14568.00,14561.00,14566.75,0,0
CNX500,20220127,09:39,14566.25,14570.80,14559.80,14565.60,0,0
CNX500,20220127,09:40,14565.20,14565.20,14549.40,14555.50,0,0
CNX500,20220127,09:41,14555.60,14563.15,14544.70,14551.60,0,0
CNX500,20220127,09:42,14552.60,14562.10,14546.70,14562.10,0,0
CNX500,20220127,09:43,14561.90,14578.95,14559.85,14573.50,0,0
CNX500,20220127,09:44,14574.75,14580.90,14572.00,14574.55,0,0
CNX500,20220127,09:45,14575.55,14576.95,14568.00,14576.50,0,0
CNX500,20220127,09:46,14578.00,14579.20,14551.70,14551.80,0,0
CNX500,20220127,09:47,14550.90,14559.85,14550.90,14558.30,0,0
CNX500,20220127,09:48,14559.40,14567.50,14555.55,14563.30,0,0
CNX500,20220127,09:49,14564.80,14574.05,14563.65,14574.05,0,0
CNX500,20220127,09:50,14574.80,14589.00,14574.80,14586.40,0,0
CNX500,20220127,09:51,14586.15,14593.85,14580.05,14588.45,0,0
CNX500,20220127,09:52,14587.65,14593.05,14585.95,14587.85,0,0
CNX500,20220127,09:53,14587.50,14613.80,14587.50,14612.50,0,0
CNX500,20220127,09:54,14612.90,14624.45,14612.55,14624.40,0,0
CNX500,20220127,09:55,14624.60,14629.40,14621.60,14621.60,0,0
CNX500,20220127,09:56,14621.85,14630.40,14615.00,14630.25,0,0
CNX500,20220127,09:57,14630.95,14633.70,14625.40,14625.90,0,0
CNX500,20220127,09:58,14625.85,14628.15,14619.05,14621.30,0,0
CNX500,20220127,09:59,14621.55,14639.45,14621.55,14639.45,0,0
CNX500,20220127,10:00,14640.20,14643.75,14634.50,14636.05,0,0
CNX500,20220127,10:01,14635.95,14635.95,14624.45,14628.25,0,0
CNX500,20220127,10:02,14628.20,14628.35,14619.05,14622.80,0,0
CNX500,20220127,10:03,14623.10,14631.55,14622.70,14627.55,0,0
CNX500,20220127,10:04,14627.90,14630.15,14621.60,14630.00,0,0
CNX500,20220127,10:05,14629.55,14631.20,14625.50,14629.05,0,0
CNX500,20220127,10:06,14629.85,14630.40,14622.30,14624.70,0,0
CNX500,20220127,10:07,14624.95,14626.50,14608.15,14610.30,0,0
CNX500,20220127,10:08,14610.95,14619.60,14610.50,14614.20,0,0
CNX500,20220127,10:09,14613.65,14619.45,14613.65,14618.90,0,0
CNX500,20220127,10:10,14619.55,14619.55,14612.20,14617.10,0,0
CNX500,20220127,10:11,14617.30,14618.05,14606.75,14607.00,0,0
CNX500,20220127,10:12,14607.50,14613.50,14602.15,14613.50,0,0
CNX500,20220127,10:13,14614.05,14618.75,14610.55,14618.75,0,0
CNX500,20220127,10:14,14619.00,14620.15,14608.40,14611.15,0,0
CNX500,20220127,10:15,14612.90,14617.35,14608.00,14617.35,0,0
CNX500,20220127,10:16,14616.95,14622.25,14612.50,14620.95,0,0
CNX500,20220127,10:17,14619.90,14620.85,14611.90,14614.40,0,0
CNX500,20220127,10:18,14614.20,14614.55,14609.60,14610.55,0,0
CNX500,20220127,10:19,14610.10,14617.15,14610.10,14614.35,0,0
CNX500,20220127,10:20,14614.15,14616.20,14602.45,14602.55,0,0
CNX500,20220127,10:21,14602.60,14602.60,14572.45,14572.90,0,0
CNX500,20220127,10:22,14572.50,14580.15,14572.50,14574.35,0,0
CNX500,20220127,10:23,14574.70,14576.70,14568.95,14575.00,0,0
CNX500,20220127,10:24,14574.30,14574.30,14568.35,14571.15,0,0
CNX500,20220127,10:25,14571.05,14576.35,14568.75,14575.30,0,0
CNX500,20220127,10:26,14574.75,14582.65,14570.80,14579.90,0,0
CNX500,20220127,10:27,14579.80,14591.00,14579.60,14591.00,0,0
CNX500,20220127,10:28,14591.30,14593.10,14585.25,14586.75,0,0
CNX500,20220127,10:29,14586.85,14587.15,14579.05,14582.25,0,0
CNX500,20220127,10:30,14582.05,14587.50,14579.40,14583.35,0,0
CNX500,20220127,10:31,14583.80,14593.60,14583.80,14593.60,0,0
CNX500,20220127,10:32,14593.50,14598.50,14593.50,14593.55,0,0
CNX500,20220127,10:33,14593.05,14593.05,14582.15,14585.70,0,0
CNX500,20220127,10:34,14586.20,14594.50,14586.20,14592.10,0,0
CNX500,20220127,10:35,14593.10,14600.00,14592.85,14597.20,0,0
CNX500,20220127,10:36,14597.35,14602.85,14597.35,14601.70,0,0
CNX500,20220127,10:37,14601.50,14601.50,14597.25,14598.30,0,0
CNX500,20220127,10:38,14598.65,14607.20,14597.60,14606.80,0,0
CNX500,20220127,10:39,14606.85,14610.00,14600.60,14600.60,0,0
CNX500,20220127,10:40,14600.80,14601.70,14593.90,14594.70,0,0
CNX500,20220127,10:41,14595.05,14598.00,14589.25,14590.30,0,0
CNX500,20220127,10:42,14590.90,14603.90,14590.90,14599.60,0,0
CNX500,20220127,10:43,14599.00,14600.50,14592.85,14596.15,0,0
CNX500,20220127,10:44,14595.80,14596.70,14591.40,14593.85,0,0
CNX500,20220127,10:45,14593.55,14598.75,14590.90,14598.25,0,0
CNX500,20220127,10:46,14598.20,14600.85,14595.60,14595.60,0,0
CNX500,20220127,10:47,14596.05,14597.05,14591.15,14595.40,0,0
CNX500,20220127,10:48,14595.20,14595.25,14587.85,14588.25,0,0
CNX500,20220127,10:49,14588.20,14590.15,14586.15,14586.15,0,0
CNX500,20220127,10:50,14586.35,14588.30,14585.15,14585.80,0,0
CNX500,20220127,10:51,14586.10,14586.15,14577.20,14578.50,0,0
CNX500,20220127,10:52,14578.60,14583.50,14577.50,14583.50,0,0
CNX500,20220127,10:53,14583.25,14588.15,14582.95,14587.30,0,0
CNX500,20220127,10:54,14587.45,14588.15,14584.05,14584.85,0,0
CNX500,20220127,10:55,14584.95,14586.45,14580.30,14580.85,0,0
CNX500,20220127,10:56,14580.75,14583.30,14577.20,14577.20,0,0
CNX500,20220127,10:57,14576.80,14576.80,14572.85,14575.25,0,0
CNX500,20220127,10:58,14575.60,14579.75,14575.60,14576.45,0,0
CNX500,20220127,10:59,14576.55,14577.45,14568.95,14570.55,0,0
CNX500,20220127,11:00,14570.15,14573.25,14569.30,14573.20,0,0
CNX500,20220127,11:01,14573.45,14573.65,14564.35,14564.35,0,0
CNX500,20220127,11:02,14564.55,14567.45,14561.75,14566.95,0,0
CNX500,20220127,11:03,14566.80,14582.65,14566.80,14581.70,0,0
CNX500,20220127,11:04,14582.40,14586.65,14582.05,14586.50,0,0
CNX500,20220127,11:05,14586.65,14586.65,14582.45,14583.55,0,0
CNX500,20220127,11:06,14584.30,14588.45,14572.90,14573.25,0,0
CNX500,20220127,11:07,14573.30,14576.80,14571.75,14576.30,0,0
CNX500,20220127,11:08,14576.85,14579.20,14574.75,14575.15,0,0
CNX500,20220127,11:09,14575.20,14580.60,14574.85,14580.60,0,0
CNX500,20220127,11:10,14580.55,14580.60,14574.05,14575.95,0,0
CNX500,20220127,11:11,14576.55,14576.55,14571.90,14572.15,0,0
CNX500,20220127,11:12,14572.05,14577.55,14571.45,14576.80,0,0
CNX500,20220127,11:13,14576.90,14579.00,14573.90,14573.90,0,0
CNX500,20220127,11:14,14573.75,14583.15,14573.30,14582.60,0,0
CNX500,20220127,11:15,14584.50,14588.05,14582.90,14583.85,0,0
CNX500,20220127,11:16,14584.00,14584.65,14576.80,14576.80,0,0
CNX500,20220127,11:17,14576.45,14583.10,14573.90,14581.40,0,0
CNX500,20220127,11:18,14581.60,14585.40,14580.40,14585.25,0,0
CNX500,20220127,11:19,14585.15,14585.65,14578.35,14578.40,0,0
CNX500,20220127,11:20,14578.45,14578.45,14575.35,14576.60,0,0
CNX500,20220127,11:21,14577.30,14579.75,14576.55,14578.85,0,0
CNX500,20220127,11:22,14578.65,14579.30,14571.15,14572.05,0,0
CNX500,20220127,11:23,14572.55,14575.50,14572.55,14573.55,0,0
CNX500,20220127,11:24,14573.40,14576.20,14571.70,14575.75,0,0
CNX500,20220127,11:25,14575.30,14575.60,14572.40,14575.60,0,0
CNX500,20220127,11:26,14575.35,14575.90,14571.70,14574.85,0,0
CNX500,20220127,11:27,14574.25,14577.15,14574.25,14575.70,0,0
CNX500,20220127,11:28,14575.75,14576.55,14572.20,14573.10,0,0
CNX500,20220127,11:29,14572.85,14572.85,14568.85,14569.15,0,0
CNX500,20220127,11:30,14569.05,14569.80,14565.35,14567.00,0,0
CNX500,20220127,11:31,14567.40,14567.40,14561.95,14562.70,0,0
CNX500,20220127,11:32,14563.25,14566.45,14561.05,14566.25,0,0
CNX500,20220127,11:33,14566.40,14571.25,14566.40,14569.80,0,0
CNX500,20220127,11:34,14569.85,14571.00,14565.25,14565.45,0,0
CNX500,20220127,11:35,14565.20,14565.55,14560.00,14560.15,0,0
CNX500,20220127,11:36,14560.00,14566.65,14560.00,14563.10,0,0
CNX500,20220127,11:37,14562.70,14563.40,14547.15,14547.15,0,0
CNX500,20220127,11:38,14546.90,14549.60,14542.55,14544.30,0,0
CNX500,20220127,11:39,14544.05,14548.95,14544.05,14548.85,0,0
CNX500,20220127,11:40,14548.40,14555.80,14548.05,14554.50,0,0
CNX500,20220127,11:41,14554.05,14557.05,14554.00,14555.75,0,0
CNX500,20220127,11:42,14556.35,14561.05,14554.10,14561.05,0,0
CNX500,20220127,11:43,14562.15,14566.85,14562.15,14566.85,0,0
CNX500,20220127,11:44,14567.30,14567.85,14565.40,14565.90,0,0
CNX500,20220127,11:45,14566.05,14566.05,14560.60,14564.60,0,0
CNX500,20220127,11:46,14564.35,14566.15,14561.20,14561.85,0,0
CNX500,20220127,11:47,14561.50,14570.55,14560.20,14569.15,0,0
CNX500,20220127,11:48,14568.65,14568.65,14559.60,14559.60,0,0
CNX500,20220127,11:49,14560.15,14562.45,14559.35,14559.35,0,0
CNX500,20220127,11:50,14560.10,14560.20,14554.50,14554.85,0,0
CNX500,20220127,11:51,14555.00,14556.95,14553.35,14554.70,0,0
CNX500,20220127,11:52,14554.60,14555.30,14551.95,14552.15,0,0
CNX500,20220127,11:53,14551.80,14552.15,14547.35,14549.40,0,0
CNX500,20220127,11:54,14549.15,14555.55,14549.00,14553.35,0,0
CNX500,20220127,11:55,14553.40,14558.25,14553.40,14554.20,0,0
CNX500,20220127,11:56,14555.00,14555.45,14549.50,14552.90,0,0
CNX500,20220127,11:57,14553.10,14554.00,14549.85,14549.85,0,0
CNX500,20220127,11:58,14549.95,14553.30,14547.70,14551.60,0,0
CNX500,20220127,11:59,14551.55,14555.40,14550.25,14552.60,0,0
CNX500,20220127,12:00,14553.05,14557.15,14553.05,14556.40,0,0
CNX500,20220127,12:01,14556.45,14556.75,14541.45,14542.30,0,0
CNX500,20220127,12:02,14542.05,14542.60,14534.70,14537.45,0,0
CNX500,20220127,12:03,14536.95,14538.45,14532.05,14533.70,0,0
CNX500,20220127,12:04,14533.35,14535.35,14531.05,14532.80,0,0
CNX500,20220127,12:05,14532.65,14535.00,14532.35,14532.95,0,0
CNX500,20220127,12:06,14532.45,14533.10,14525.70,14529.55,0,0
CNX500,20220127,12:07,14530.35,14531.25,14527.05,14527.05,0,0
CNX500,20220127,12:08,14526.45,14535.20,14526.45,14532.10,0,0
CNX500,20220127,12:09,14532.05,14533.50,14527.35,14527.35,0,0
CNX500,20220127,12:10,14527.50,14528.35,14523.25,14524.85,0,0
CNX500,20220127,12:11,14524.65,14527.30,14520.50,14520.50,0,0
CNX500,20220127,12:12,14519.75,14520.75,14512.35,14515.55,0,0
CNX500,20220127,12:13,14515.95,14516.05,14509.25,14509.65,0,0
CNX500,20220127,12:14,14509.60,14512.85,14509.00,14510.95,0,0
CNX500,20220127,12:15,14511.00,14511.00,14503.15,14503.80,0,0
CNX500,20220127,12:16,14503.10,14507.20,14498.25,14501.50,0,0
CNX500,20220127,12:17,14501.55,14506.60,14500.40,14501.70,0,0
CNX500,20220127,12:18,14501.65,14501.65,14493.50,14495.60,0,0
CNX500,20220127,12:19,14496.05,14501.50,14494.75,14494.80,0,0
CNX500,20220127,12:20,14495.90,14498.05,14493.00,14493.70,0,0
CNX500,20220127,12:21,14493.30,14494.40,14489.80,14492.50,0,0
CNX500,20220127,12:22,14493.15,14498.70,14493.15,14495.45,0,0
CNX500,20220127,12:23,14496.15,14508.90,14496.15,14504.40,0,0
CNX500,20220127,12:24,14503.90,14508.20,14501.85,14507.80,0,0
CNX500,20220127,12:25,14508.00,14508.90,14503.05,14505.25,0,0
CNX500,20220127,12:26,14505.05,14505.05,14498.25,14498.90,0,0
CNX500,20220127,12:27,14498.70,14504.70,14498.30,14504.70,0,0
CNX500,20220127,12:28,14504.75,14508.95,14503.85,14508.95,0,0
CNX500,20220127,12:29,14509.10,14517.05,14509.10,14516.95,0,0
CNX500,20220127,12:30,14517.70,14522.00,14517.70,14517.80,0,0
CNX500,20220127,12:31,14517.95,14531.90,14517.95,14530.15,0,0
CNX500,20220127,12:32,14529.35,14547.75,14529.35,14545.35,0,0
CNX500,20220127,12:33,14544.90,14545.55,14541.15,14543.20,0,0
CNX500,20220127,12:34,14543.05,14552.90,14539.85,14550.40,0,0
CNX500,20220127,12:35,14550.30,14550.30,14544.90,14545.40,0,0
CNX500,20220127,12:36,14545.80,14553.25,14545.80,14549.95,0,0
CNX500,20220127,12:37,14550.15,14550.15,14545.25,14546.00,0,0
CNX500,20220127,12:38,14545.85,14549.45,14543.00,14548.35,0,0
CNX500,20220127,12:39,14547.90,14547.95,14536.75,14536.75,0,0
CNX500,20220127,12:40,14536.45,14540.60,14535.60,14535.60,0,0
CNX500,20220127,12:41,14534.85,14535.80,14523.40,14524.00,0,0
CNX500,20220127,12:42,14524.40,14535.75,14523.60,14532.60,0,0
CNX500,20220127,12:43,14532.55,14540.05,14530.90,14540.05,0,0
CNX500,20220127,12:44,14541.30,14545.70,14540.20,14540.60,0,0
CNX500,20220127,12:45,14540.40,14540.75,14537.80,14540.60,0,0
CNX500,20220127,12:46,14540.55,14542.75,14535.35,14539.50,0,0
CNX500,20220127,12:47,14539.05,14540.95,14538.35,14538.55,0,0
CNX500,20220127,12:48,14538.70,14548.80,14538.45,14548.70,0,0
CNX500,20220127,12:49,14548.55,14549.25,14544.65,14545.95,0,0
CNX500,20220127,12:50,14545.60,14547.20,14539.95,14542.10,0,0
CNX500,20220127,12:51,14542.00,14542.80,14540.80,14541.00,0,0
CNX500,20220127,12:52,14541.15,14542.35,14537.45,14537.45,0,0
CNX500,20220127,12:53,14537.25,14543.40,14535.90,14535.90,0,0
CNX500,20220127,12:54,14535.35,14536.00,14529.35,14533.70,0,0
CNX500,20220127,12:55,14533.30,14542.45,14531.65,14539.30,0,0
CNX500,20220127,12:56,14539.70,14541.15,14536.60,14539.80,0,0
CNX500,20220127,12:57,14539.75,14541.35,14537.85,14540.50,0,0
CNX500,20220127,12:58,14540.45,14543.10,14540.05,14542.35,0,0
CNX500,20220127,12:59,14542.15,14543.05,14540.65,14541.05,0,0
CNX500,20220127,13:00,14540.95,14541.85,14536.95,14537.15,0,0
CNX500,20220127,13:01,14536.90,14550.70,14536.65,14549.95,0,0
CNX500,20220127,13:02,14550.40,14554.65,14550.40,14553.05,0,0
CNX500,20220127,13:03,14552.60,14563.15,14552.60,14563.10,0,0
CNX500,20220127,13:04,14563.15,14573.50,14563.15,14568.45,0,0
CNX500,20220127,13:05,14567.50,14570.85,14567.50,14569.20,0,0
CNX500,20220127,13:06,14569.35,14569.95,14565.55,14566.70,0,0
CNX500,20220127,13:07,14566.65,14571.65,14566.65,14570.80,0,0
CNX500,20220127,13:08,14571.20,14577.85,14571.15,14576.70,0,0
CNX500,20220127,13:09,14577.35,14577.55,14573.35,14574.85,0,0
CNX500,20220127,13:10,14574.60,14578.20,14573.60,14575.55,0,0
CNX500,20220127,13:11,14575.25,14578.00,14575.00,14576.95,0,0
CNX500,20220127,13:12,14577.55,14587.95,14577.40,14585.85,0,0
CNX500,20220127,13:13,14585.55,14590.55,14585.20,14588.65,0,0
CNX500,20220127,13:14,14588.70,14593.10,14588.70,14591.35,0,0
CNX500,20220127,13:15,14591.20,14605.15,14591.20,14602.15,0,0
CNX500,20220127,13:16,14601.95,14617.95,14598.05,14599.05,0,0
CNX500,20220127,13:17,14600.45,14604.70,14590.75,14594.95,0,0
CNX500,20220127,13:18,14594.60,14597.00,14591.75,14591.95,0,0
CNX500,20220127,13:19,14591.80,14593.70,14587.30,14588.30,0,0
CNX500,20220127,13:20,14588.05,14599.30,14588.05,14598.80,0,0
CNX500,20220127,13:21,14598.40,14598.75,14592.95,14595.35,0,0
CNX500,20220127,13:22,14595.45,14596.30,14593.45,14596.25,0,0
CNX500,20220127,13:23,14596.15,14597.05,14594.45,14595.55,0,0
CNX500,20220127,13:24,14595.40,14599.70,14589.55,14597.95,0,0
CNX500,20220127,13:25,14598.80,14607.75,14598.50,14606.65,0,0
CNX500,20220127,13:26,14606.70,14608.60,14603.40,14604.25,0,0
CNX500,20220127,13:27,14604.70,14604.95,14600.30,14600.35,0,0
CNX500,20220127,13:28,14599.90,14600.20,14597.50,14599.25,0,0
CNX500,20220127,13:29,14598.90,14599.20,14590.95,14591.50,0,0
CNX500,20220127,13:30,14591.35,14598.15,14591.35,14595.50,0,0
CNX500,20220127,13:31,14595.45,14599.00,14592.40,14595.25,0,0
CNX500,20220127,13:32,14594.80,14600.65,14594.80,14600.30,0,0
CNX500,20220127,13:33,14600.95,14607.70,14600.95,14601.30,0,0
CNX500,20220127,13:34,14601.90,14605.90,14601.90,14604.00,0,0
CNX500,20220127,13:35,14605.05,14607.85,14605.05,14607.50,0,0
CNX500,20220127,13:36,14608.25,14608.80,14601.15,14603.35,0,0
CNX500,20220127,13:37,14603.05,14603.40,14600.50,14602.00,0,0
CNX500,20220127,13:38,14601.25,14614.90,14601.25,14614.90,0,0
CNX500,20220127,13:39,14616.10,14621.15,14614.70,14619.85,0,0
CNX500,20220127,13:40,14620.20,14622.95,14618.70,14620.90,0,0
CNX500,20220127,13:41,14620.80,14623.90,14612.65,14612.95,0,0
CNX500,20220127,13:42,14613.00,14615.45,14609.60,14610.55,0,0
CNX500,20220127,13:43,14610.15,14613.45,14605.45,14613.45,0,0
CNX500,20220127,13:44,14613.35,14624.40,14613.05,14624.40,0,0
CNX500,20220127,13:45,14624.80,14628.10,14623.35,14628.10,0,0
CNX500,20220127,13:46,14627.85,14632.55,14627.10,14627.70,0,0
CNX500,20220127,13:47,14627.65,14630.95,14627.60,14627.70,0,0
CNX500,20220127,13:48,14627.60,14637.55,14627.60,14637.55,0,0
CNX500,20220127,13:49,14637.70,14639.80,14634.45,14636.15,0,0
CNX500,20220127,13:50,14636.85,14638.85,14634.35,14638.75,0,0
CNX500,20220127,13:51,14638.40,14648.25,14638.40,14647.50,0,0
CNX500,20220127,13:52,14647.20,14655.95,14647.20,14654.90,0,0
CNX500,20220127,13:53,14655.30,14661.85,14655.30,14661.30,0,0
CNX500,20220127,13:54,14660.75,14661.35,14638.40,14638.40,0,0
CNX500,20220127,13:55,14638.35,14639.00,14626.90,14638.65,0,0
CNX500,20220127,13:56,14637.95,14639.60,14625.55,14634.40,0,0
CNX500,20220127,13:57,14632.90,14634.15,14622.20,14623.65,0,0
CNX500,20220127,13:58,14623.10,14637.75,14623.10,14637.55,0,0
CNX500,20220127,13:59,14638.20,14648.80,14638.20,14647.70,0,0
CNX500,20220127,14:00,14649.10,14654.45,14646.40,14650.50,0,0
CNX500,20220127,14:01,14651.40,14659.15,14649.35,14658.35,0,0
CNX500,20220127,14:02,14658.80,14659.65,14653.85,14655.40,0,0
CNX500,20220127,14:03,14655.60,14662.65,14653.35,14662.65,0,0
CNX500,20220127,14:04,14662.25,14663.55,14645.65,14645.65,0,0
CNX500,20220127,14:05,14644.15,14653.50,14644.15,14649.70,0,0
CNX500,20220127,14:06,14650.40,14654.15,14647.45,14650.25,0,0
CNX500,20220127,14:07,14650.55,14656.25,14650.55,14652.45,0,0
CNX500,20220127,14:08,14651.65,14652.70,14648.10,14652.10,0,0
CNX500,20220127,14:09,14652.55,14653.85,14645.70,14646.60,0,0
CNX500,20220127,14:10,14646.75,14649.00,14638.60,14646.15,0,0
CNX500,20220127,14:11,14645.85,14655.80,14645.45,14654.25,0,0
CNX500,20220127,14:12,14655.05,14656.75,14648.40,14651.45,0,0
CNX500,20220127,14:13,14650.65,14656.65,14650.45,14650.45,0,0
CNX500,20220127,14:14,14650.05,14654.95,14649.70,14652.80,0,0
CNX500,20220127,14:15,14652.60,14657.25,14639.20,14642.95,0,0
CNX500,20220127,14:16,14643.55,14658.70,14643.55,14658.15,0,0
CNX500,20220127,14:17,14659.15,14667.45,14659.15,14663.70,0,0
CNX500,20220127,14:18,14663.85,14669.10,14663.85,14665.45,0,0
CNX500,20220127,14:19,14665.00,14669.55,14665.00,14667.05,0,0
CNX500,20220127,14:20,14667.75,14673.80,14664.25,14672.70,0,0
CNX500,20220127,14:21,14670.70,14678.45,14669.65,14671.85,0,0
CNX500,20220127,14:22,14672.75,14675.70,14665.95,14669.25,0,0
CNX500,20220127,14:23,14668.60,14671.75,14664.45,14668.75,0,0
CNX500,20220127,14:24,14668.05,14681.60,14668.05,14680.65,0,0
CNX500,20220127,14:25,14680.55,14689.90,14679.95,14688.85,0,0
CNX500,20220127,14:26,14688.75,14694.10,14687.25,14694.10,0,0
CNX500,20220127,14:27,14692.70,14694.75,14686.55,14689.20,0,0
CNX500,20220127,14:28,14689.90,14700.65,14689.90,14700.30,0,0
CNX500,20220127,14:29,14699.60,14703.30,14696.55,14699.95,0,0
CNX500,20220127,14:30,14700.05,14705.40,14699.25,14705.10,0,0
CNX500,20220127,14:31,14704.95,14707.30,14692.90,14695.80,0,0
CNX500,20220127,14:32,14695.20,14707.40,14695.20,14706.70,0,0
CNX500,20220127,14:33,14706.60,14711.95,14705.00,14711.25,0,0
CNX500,20220127,14:34,14711.70,14711.70,14704.85,14708.85,0,0
CNX500,20220127,14:35,14708.60,14717.55,14708.60,14717.35,0,0
CNX500,20220127,14:36,14717.75,14719.90,14714.05,14718.10,0,0
CNX500,20220127,14:37,14717.95,14726.90,14716.90,14726.80,0,0
CNX500,20220127,14:38,14727.35,14734.35,14725.45,14730.55,0,0
CNX500,20220127,14:39,14730.90,14735.75,14727.20,14727.20,0,0
CNX500,20220127,14:40,14726.50,14726.50,14698.00,14712.05,0,0
CNX500,20220127,14:41,14712.60,14723.25,14712.60,14723.00,0,0
CNX500,20220127,14:42,14721.00,14723.80,14718.75,14722.45,0,0
CNX500,20220127,14:43,14720.95,14722.80,14716.85,14719.75,0,0
CNX500,20220127,14:44,14720.15,14722.60,14717.70,14722.60,0,0
CNX500,20220127,14:45,14722.10,14729.85,14722.05,14727.70,0,0
CNX500,20220127,14:46,14727.80,14734.20,14727.80,14732.35,0,0
CNX500,20220127,14:47,14733.00,14733.00,14724.45,14726.60,0,0
CNX500,20220127,14:48,14725.20,14727.75,14711.55,14718.00,0,0
CNX500,20220127,14:49,14717.90,14721.45,14707.90,14708.10,0,0
CNX500,20220127,14:50,14707.70,14707.70,14696.90,14697.85,0,0
CNX500,20220127,14:51,14695.20,14712.40,14695.20,14702.15,0,0
CNX500,20220127,14:52,14700.90,14702.85,14694.35,14700.10,0,0
CNX500,20220127,14:53,14699.65,14700.10,14693.90,14695.80,0,0
CNX500,20220127,14:54,14694.45,14695.10,14679.05,14679.05,0,0
CNX500,20220127,14:55,14679.45,14686.80,14670.40,14671.30,0,0
CNX500,20220127,14:56,14671.20,14680.80,14668.90,14680.55,0,0
CNX500,20220127,14:57,14679.95,14679.95,14670.85,14671.10,0,0
CNX500,20220127,14:58,14670.65,14681.60,14667.35,14675.30,0,0
CNX500,20220127,14:59,14675.20,14679.65,14674.20,14677.10,0,0
CNX500,20220127,15:00,14675.95,14677.90,14671.95,14673.65,0,0
CNX500,20220127,15:01,14674.30,14686.55,14669.75,14669.95,0,0
CNX500,20220127,15:02,14670.55,14670.55,14655.45,14655.45,0,0
CNX500,20220127,15:03,14655.35,14656.30,14641.40,14641.40,0,0
CNX500,20220127,15:04,14641.90,14643.70,14629.55,14643.70,0,0
CNX500,20220127,15:05,14644.05,14656.85,14640.40,14656.85,0,0
CNX500,20220127,15:06,14658.05,14673.00,14655.45,14667.95,0,0
CNX500,20220127,15:07,14670.00,14681.55,14668.00,14673.85,0,0
CNX500,20220127,15:08,14675.00,14684.65,14674.80,14678.85,0,0
CNX500,20220127,15:09,14679.15,14683.30,14677.30,14681.50,0,0
CNX500,20220127,15:10,14681.30,14693.25,14680.80,14686.05,0,0
CNX500,20220127,15:11,14685.50,14693.85,14685.05,14692.60,0,0
CNX500,20220127,15:12,14692.80,14700.55,14689.95,14693.80,0,0
CNX500,20220127,15:13,14694.60,14695.80,14689.85,14693.35,0,0
CNX500,20220127,15:14,14693.60,14696.90,14691.95,14693.40,0,0
CNX500,20220127,15:15,14695.30,14696.15,14690.05,14692.10,0,0
CNX500,20220127,15:16,14692.35,14695.40,14689.15,14695.40,0,0
CNX500,20220127,15:17,14695.95,14697.65,14692.80,14694.50,0,0
CNX500,20220127,15:18,14694.35,14697.25,14686.90,14686.90,0,0
CNX500,20220127,15:19,14688.15,14688.15,14672.50,14673.00,0,0
CNX500,20220127,15:20,14673.30,14681.05,14668.70,14681.05,0,0
CNX500,20220127,15:21,14681.85,14682.45,14673.45,14679.35,0,0
CNX500,20220127,15:22,14679.75,14679.75,14672.55,14673.80,0,0
CNX500,20220127,15:23,14674.05,14682.25,14673.55,14680.40,0,0
CNX500,20220127,15:24,14680.70,14685.30,14679.10,14684.35,0,0
CNX500,20220127,15:25,14684.75,14688.60,14683.60,14687.45,0,0
CNX500,20220127,15:26,14688.05,14693.65,14687.60,14692.80,0,0
CNX500,20220127,15:27,14692.70,14694.05,14691.60,14693.90,0,0
CNX500,20220127,15:28,14694.35,14695.25,14692.05,14694.25,0,0
CNX500,20220127,15:29,14694.20,14695.50,14691.60,14694.50,0,0
CNX500,20220127,15:30,14697.15,14711.55,14695.95,14703.10,0,0
CNX500,20220127,15:31,14705.50,14705.50,14705.50,14705.50,0,0
CNX500,20220127,15:32,14679.70,14679.70,14679.70,14679.70,0,0
