JUBLFOOD_F1,20220907,09:16,611.85,613.55,608.70,613.45,35000,10870000
JUBLFOOD_F1,20220907,09:17,613.45,615.35,613.45,615.35,43750,10870000
JUBLFOOD_F1,20220907,09:18,616.00,616.10,615.40,616.00,15000,10871250
JUBLFOOD_F1,20220907,09:19,615.25,616.00,614.75,615.85,30000,10871250
JUBLFOOD_F1,20220907,09:20,615.50,615.80,614.35,614.35,10000,10871250
JUBLFOOD_F1,20220907,09:21,613.60,614.35,613.60,613.90,13750,10871250
JUBLFOOD_F1,20220907,09:22,614.00,614.00,613.75,613.75,5000,10871250
JUBLFOOD_F1,20220907,09:23,613.80,615.00,613.80,615.00,5000,10871250
JUBLFOOD_F1,20220907,09:24,615.45,615.70,615.20,615.20,5000,10871250
JUBLFOOD_F1,20220907,09:25,615.20,615.20,614.60,615.15,13750,10876250
JUBLFOOD_F1,20220907,09:26,614.50,614.50,613.80,613.80,11250,10876250
JUBLFOOD_F1,20220907,09:27,614.35,615.25,614.35,615.00,18750,10878750
JUBLFOOD_F1,20220907,09:28,614.75,615.40,614.75,615.40,8750,10878750
JUBLFOOD_F1,20220907,09:29,615.60,615.60,614.00,614.00,10000,10878750
JUBLFOOD_F1,20220907,09:30,613.95,615.00,613.95,615.00,20000,10875000
JUBLFOOD_F1,20220907,09:31,615.35,616.00,615.05,615.30,32500,10875000
JUBLFOOD_F1,20220907,09:32,615.55,619.50,615.55,619.50,62500,10875000
JUBLFOOD_F1,20220907,09:33,619.70,620.00,615.80,615.80,128750,10856250
JUBLFOOD_F1,20220907,09:34,616.35,617.00,616.35,616.60,16250,10856250
JUBLFOOD_F1,20220907,09:35,616.25,617.90,616.25,617.35,37500,10856250
JUBLFOOD_F1,20220907,09:36,617.55,617.95,617.35,617.75,17500,10856250
JUBLFOOD_F1,20220907,09:37,617.10,617.80,616.55,616.55,28750,10876250
JUBLFOOD_F1,20220907,09:38,616.95,618.20,616.95,618.20,26250,10876250
JUBLFOOD_F1,20220907,09:39,618.20,618.50,617.00,618.50,22500,10876250
JUBLFOOD_F1,20220907,09:40,618.50,618.90,617.80,617.85,85000,10876250
JUBLFOOD_F1,20220907,09:41,617.55,618.35,616.55,618.20,88750,10876250
JUBLFOOD_F1,20220907,09:42,618.40,618.55,618.00,618.05,21250,10938750
JUBLFOOD_F1,20220907,09:43,617.50,617.70,617.40,617.70,6250,10938750
JUBLFOOD_F1,20220907,09:44,617.50,618.25,617.20,617.20,21250,10938750
JUBLFOOD_F1,20220907,09:45,617.30,617.45,617.15,617.45,5000,10923750
JUBLFOOD_F1,20220907,09:46,618.00,618.00,616.65,616.65,10000,10923750
JUBLFOOD_F1,20220907,09:47,616.95,618.60,616.95,618.60,31250,10923750
JUBLFOOD_F1,20220907,09:48,618.60,619.55,618.40,619.40,26250,10920000
JUBLFOOD_F1,20220907,09:49,619.95,619.95,619.30,619.40,35000,10920000
JUBLFOOD_F1,20220907,09:50,619.55,619.75,617.85,617.85,35000,10920000
JUBLFOOD_F1,20220907,09:51,617.90,618.55,617.90,618.40,10000,10928750
JUBLFOOD_F1,20220907,09:52,618.15,618.50,618.15,618.50,5000,10928750
JUBLFOOD_F1,20220907,09:53,618.80,618.90,618.50,618.50,7500,10928750
JUBLFOOD_F1,20220907,09:55,618.45,619.70,618.45,619.60,23750,10932500
JUBLFOOD_F1,20220907,09:56,619.60,619.65,618.90,618.95,13750,10932500
JUBLFOOD_F1,20220907,09:57,619.20,619.45,619.05,619.45,8750,10923750
JUBLFOOD_F1,20220907,09:58,619.50,619.50,619.50,619.50,2500,10923750
JUBLFOOD_F1,20220907,09:59,619.30,619.30,619.30,619.30,2500,10923750
JUBLFOOD_F1,20220907,10:00,619.30,620.55,619.20,620.55,32500,10923750
JUBLFOOD_F1,20220907,10:01,620.45,620.55,620.45,620.50,10000,10923750
JUBLFOOD_F1,20220907,10:02,620.35,621.00,620.35,621.00,23750,10923750
JUBLFOOD_F1,20220907,10:03,621.00,621.50,621.00,621.20,27500,10918750
JUBLFOOD_F1,20220907,10:04,620.75,620.75,620.50,620.50,2500,10918750
JUBLFOOD_F1,20220907,10:05,620.50,620.70,620.50,620.70,6250,10918750
JUBLFOOD_F1,20220907,10:06,620.70,620.70,619.80,619.80,12500,10922500
JUBLFOOD_F1,20220907,10:07,619.55,619.80,619.55,619.80,7500,10922500
JUBLFOOD_F1,20220907,10:08,619.70,619.75,619.60,619.60,3750,10922500
JUBLFOOD_F1,20220907,10:09,619.35,619.50,619.35,619.50,2500,10922500
JUBLFOOD_F1,20220907,10:10,619.40,619.70,619.40,619.70,5000,10913750
JUBLFOOD_F1,20220907,10:11,619.60,620.00,619.60,620.00,6250,10913750
JUBLFOOD_F1,20220907,10:12,620.10,620.10,620.10,620.10,1250,10913750
JUBLFOOD_F1,20220907,10:14,619.55,619.70,619.00,619.70,8750,10917500
JUBLFOOD_F1,20220907,10:15,619.00,619.00,619.00,619.00,1250,10917500
JUBLFOOD_F1,20220907,10:17,618.90,618.90,618.75,618.75,7500,10918750
JUBLFOOD_F1,20220907,10:18,618.35,618.35,618.35,618.35,2500,10918750
JUBLFOOD_F1,20220907,10:19,617.85,618.90,617.85,618.80,16250,10921250
JUBLFOOD_F1,20220907,10:20,618.60,619.40,618.60,619.00,11250,10921250
JUBLFOOD_F1,20220907,10:21,618.55,618.55,618.45,618.45,2500,10921250
JUBLFOOD_F1,20220907,10:22,618.50,618.55,618.50,618.55,2500,10912500
JUBLFOOD_F1,20220907,10:23,618.50,618.50,618.20,618.20,2500,10912500
JUBLFOOD_F1,20220907,10:24,617.80,617.80,617.70,617.70,2500,10912500
JUBLFOOD_F1,20220907,10:25,617.40,617.40,617.40,617.40,5000,10916250
JUBLFOOD_F1,20220907,10:26,617.50,617.65,617.50,617.65,2500,10916250
JUBLFOOD_F1,20220907,10:27,617.85,617.85,617.65,617.65,2500,10916250
JUBLFOOD_F1,20220907,10:28,617.25,617.25,617.25,617.25,3750,10920000
JUBLFOOD_F1,20220907,10:29,617.65,617.65,617.65,617.65,5000,10920000
JUBLFOOD_F1,20220907,10:30,618.00,618.00,618.00,618.00,1250,10920000
JUBLFOOD_F1,20220907,10:31,618.15,618.35,618.10,618.35,7500,10915000
JUBLFOOD_F1,20220907,10:32,618.25,618.25,618.25,618.25,1250,10915000
JUBLFOOD_F1,20220907,10:34,618.00,618.25,618.00,618.25,5000,10918750
JUBLFOOD_F1,20220907,10:35,618.35,618.35,618.35,618.35,2500,10918750
JUBLFOOD_F1,20220907,10:36,618.00,618.00,618.00,618.00,2500,10918750
JUBLFOOD_F1,20220907,10:37,618.00,618.00,618.00,618.00,2500,10923750
JUBLFOOD_F1,20220907,10:38,617.70,617.70,617.70,617.70,2500,10923750
JUBLFOOD_F1,20220907,10:39,617.85,617.85,617.35,617.35,5000,10923750
JUBLFOOD_F1,20220907,10:40,617.95,617.95,617.95,617.95,2500,10927500
JUBLFOOD_F1,20220907,10:41,618.10,618.70,618.10,618.70,11250,10927500
JUBLFOOD_F1,20220907,10:42,618.95,618.95,618.95,618.95,5000,10927500
JUBLFOOD_F1,20220907,10:43,619.60,619.75,619.60,619.75,8750,10920000
JUBLFOOD_F1,20220907,10:44,619.20,619.20,619.20,619.20,1250,10920000
JUBLFOOD_F1,20220907,10:45,619.15,619.20,619.15,619.20,7500,10922500
JUBLFOOD_F1,20220907,10:46,619.40,619.40,619.40,619.40,3750,10922500
JUBLFOOD_F1,20220907,10:47,619.60,620.60,619.60,620.60,21250,10922500
JUBLFOOD_F1,20220907,10:48,620.60,620.75,620.50,620.50,7500,10922500
JUBLFOOD_F1,20220907,10:49,620.75,620.75,620.75,620.75,1250,10916250
JUBLFOOD_F1,20220907,10:50,620.30,620.30,619.90,619.90,5000,10916250
JUBLFOOD_F1,20220907,10:51,619.75,619.75,619.45,619.60,5000,10913750
JUBLFOOD_F1,20220907,10:52,619.35,619.35,619.35,619.35,1250,10913750
JUBLFOOD_F1,20220907,10:55,618.30,618.30,618.30,618.30,1250,10913750
JUBLFOOD_F1,20220907,10:57,617.40,617.55,617.40,617.55,10000,10913750
JUBLFOOD_F1,20220907,10:58,617.40,617.40,617.10,617.10,11250,10910000
JUBLFOOD_F1,20220907,11:00,617.45,617.45,617.45,617.45,2500,10910000
JUBLFOOD_F1,20220907,11:01,616.80,617.60,616.80,617.60,11250,10907500
JUBLFOOD_F1,20220907,11:02,617.65,617.65,617.65,617.65,1250,10907500
JUBLFOOD_F1,20220907,11:03,617.85,618.30,617.85,618.30,5000,10907500
JUBLFOOD_F1,20220907,11:04,618.45,618.45,618.45,618.45,2500,10907500
JUBLFOOD_F1,20220907,11:06,618.50,618.75,618.50,618.75,8750,10898750
JUBLFOOD_F1,20220907,11:08,618.85,618.85,618.85,618.85,1250,10900000
JUBLFOOD_F1,20220907,11:09,618.60,618.85,618.60,618.70,3750,10900000
JUBLFOOD_F1,20220907,11:10,619.00,619.30,619.00,619.30,7500,10897500
JUBLFOOD_F1,20220907,11:12,619.40,619.50,619.30,619.30,3750,10897500
JUBLFOOD_F1,20220907,11:13,619.25,619.70,619.25,619.70,2500,10895000
JUBLFOOD_F1,20220907,11:14,619.20,619.20,619.10,619.10,3750,10895000
JUBLFOOD_F1,20220907,11:16,619.20,619.20,619.20,619.20,2500,10895000
JUBLFOOD_F1,20220907,11:17,618.90,618.90,618.55,618.55,2500,10895000
JUBLFOOD_F1,20220907,11:18,618.50,618.50,618.00,618.00,7500,10895000
JUBLFOOD_F1,20220907,11:19,617.60,617.60,617.60,617.60,1250,10893750
JUBLFOOD_F1,20220907,11:20,617.50,618.05,617.50,618.05,8750,10893750
JUBLFOOD_F1,20220907,11:21,618.30,618.30,618.25,618.25,3750,10893750
JUBLFOOD_F1,20220907,11:22,618.25,618.25,618.25,618.25,1250,10888750
JUBLFOOD_F1,20220907,11:23,618.25,618.25,618.10,618.10,5000,10888750
JUBLFOOD_F1,20220907,11:25,618.10,618.10,618.10,618.10,5000,10888750
JUBLFOOD_F1,20220907,11:27,617.75,617.75,617.75,617.75,2500,10888750
JUBLFOOD_F1,20220907,11:28,617.55,617.55,617.55,617.55,2500,10887500
JUBLFOOD_F1,20220907,11:29,617.30,617.30,617.30,617.30,1250,10887500
JUBLFOOD_F1,20220907,11:30,617.90,617.90,617.90,617.90,3750,10881250
JUBLFOOD_F1,20220907,11:32,618.50,618.50,618.50,618.50,1250,10881250
JUBLFOOD_F1,20220907,11:33,618.75,619.35,618.75,619.35,8750,10881250
JUBLFOOD_F1,20220907,11:34,619.40,619.50,619.40,619.50,3750,10877500
JUBLFOOD_F1,20220907,11:35,619.45,619.45,619.45,619.45,2500,10877500
JUBLFOOD_F1,20220907,11:36,619.00,619.00,619.00,619.00,2500,10877500
JUBLFOOD_F1,20220907,11:37,619.40,619.40,619.40,619.40,1250,10875000
JUBLFOOD_F1,20220907,11:38,619.45,619.45,619.45,619.45,2500,10875000
JUBLFOOD_F1,20220907,11:39,619.80,620.00,619.80,620.00,7500,10875000
JUBLFOOD_F1,20220907,11:40,620.30,620.30,620.30,620.30,10000,10868750
JUBLFOOD_F1,20220907,11:41,620.15,620.15,620.00,620.00,2500,10868750
JUBLFOOD_F1,20220907,11:43,619.50,619.50,619.50,619.50,2500,10873750
JUBLFOOD_F1,20220907,11:45,619.50,619.50,619.50,619.50,2500,10873750
JUBLFOOD_F1,20220907,11:52,619.30,619.30,619.10,619.10,2500,10871250
JUBLFOOD_F1,20220907,11:53,619.00,619.00,619.00,619.00,1250,10871250
JUBLFOOD_F1,20220907,11:55,619.20,619.20,619.20,619.20,1250,10872500
JUBLFOOD_F1,20220907,11:57,619.45,619.45,619.45,619.45,2500,10872500
JUBLFOOD_F1,20220907,11:58,619.10,619.10,619.10,619.10,1250,10872500
JUBLFOOD_F1,20220907,11:59,619.00,619.50,619.00,619.50,6250,10872500
JUBLFOOD_F1,20220907,12:00,619.50,619.50,619.50,619.50,1250,10872500
JUBLFOOD_F1,20220907,12:02,619.25,619.25,619.25,619.25,1250,10875000
JUBLFOOD_F1,20220907,12:03,618.80,618.80,618.80,618.80,1250,10875000
JUBLFOOD_F1,20220907,12:04,618.50,618.50,618.50,618.50,1250,10875000
JUBLFOOD_F1,20220907,12:05,618.35,618.35,618.35,618.35,1250,10877500
JUBLFOOD_F1,20220907,12:07,618.15,618.15,618.15,618.15,2500,10877500
JUBLFOOD_F1,20220907,12:10,617.55,617.70,617.55,617.70,6250,10878750
JUBLFOOD_F1,20220907,12:11,617.90,617.90,617.90,617.90,1250,10878750
JUBLFOOD_F1,20220907,12:12,618.30,618.30,618.30,618.30,1250,10878750
JUBLFOOD_F1,20220907,12:18,618.05,618.05,618.05,618.05,7500,10878750
JUBLFOOD_F1,20220907,12:23,618.15,618.15,618.15,618.15,2500,10878750
JUBLFOOD_F1,20220907,12:24,617.95,617.95,617.65,617.65,6250,10878750
JUBLFOOD_F1,20220907,12:27,617.70,617.70,617.70,617.70,2500,10877500
JUBLFOOD_F1,20220907,12:28,617.80,617.80,617.80,617.80,1250,10877500
JUBLFOOD_F1,20220907,12:29,618.15,618.15,618.00,618.00,20000,10877500
JUBLFOOD_F1,20220907,12:32,618.05,618.05,618.00,618.00,3750,10887500
JUBLFOOD_F1,20220907,12:33,617.75,618.20,617.75,618.20,3750,10887500
JUBLFOOD_F1,20220907,12:37,617.85,617.85,617.85,617.85,1250,10887500
JUBLFOOD_F1,20220907,12:40,617.50,617.50,617.50,617.50,1250,10886250
JUBLFOOD_F1,20220907,12:41,617.15,617.50,617.15,617.50,2500,10886250
JUBLFOOD_F1,20220907,12:42,617.55,617.55,617.55,617.55,1250,10886250
JUBLFOOD_F1,20220907,12:48,617.00,617.00,617.00,617.00,6250,10887500
JUBLFOOD_F1,20220907,12:49,616.65,616.65,616.65,616.65,3750,10886250
JUBLFOOD_F1,20220907,12:50,616.20,616.20,616.00,616.00,18750,10886250
JUBLFOOD_F1,20220907,12:52,615.75,615.80,615.75,615.80,3750,10892500
JUBLFOOD_F1,20220907,12:53,615.75,615.80,615.70,615.80,12500,10892500
JUBLFOOD_F1,20220907,12:54,616.00,616.35,616.00,616.35,2500,10892500
JUBLFOOD_F1,20220907,12:56,616.00,616.00,616.00,616.00,1250,10888750
JUBLFOOD_F1,20220907,12:57,615.40,615.40,615.40,615.40,2500,10888750
JUBLFOOD_F1,20220907,13:00,615.25,615.25,615.25,615.25,3750,10887500
JUBLFOOD_F1,20220907,13:01,615.55,615.55,615.55,615.55,10000,10887500
JUBLFOOD_F1,20220907,13:05,615.25,615.50,615.25,615.50,2500,10881250
JUBLFOOD_F1,20220907,13:06,615.20,615.20,615.15,615.15,2500,10881250
JUBLFOOD_F1,20220907,13:08,615.25,615.25,615.25,615.25,2500,10880000
JUBLFOOD_F1,20220907,13:09,615.25,615.25,615.25,615.25,1250,10880000
JUBLFOOD_F1,20220907,13:11,615.35,615.35,615.35,615.35,1250,10880000
JUBLFOOD_F1,20220907,13:14,615.55,615.55,615.25,615.25,2500,10877500
JUBLFOOD_F1,20220907,13:15,615.00,615.00,614.35,614.35,8750,10877500
JUBLFOOD_F1,20220907,13:16,614.70,614.85,614.70,614.85,2500,10876250
JUBLFOOD_F1,20220907,13:17,615.00,615.00,615.00,615.00,1250,10876250
JUBLFOOD_F1,20220907,13:19,614.75,615.15,614.75,615.15,3750,10873750
JUBLFOOD_F1,20220907,13:22,616.40,616.40,616.40,616.40,3750,10873750
JUBLFOOD_F1,20220907,13:23,616.25,616.25,616.25,616.25,1250,10872500
JUBLFOOD_F1,20220907,13:24,616.05,616.05,615.95,615.95,2500,10872500
JUBLFOOD_F1,20220907,13:25,616.00,616.00,615.95,615.95,2500,10872500
JUBLFOOD_F1,20220907,13:28,616.45,616.45,616.45,616.45,1250,10872500
JUBLFOOD_F1,20220907,13:29,616.05,616.05,616.05,616.05,1250,10872500
JUBLFOOD_F1,20220907,13:30,616.50,616.50,616.50,616.50,1250,10872500
JUBLFOOD_F1,20220907,13:31,616.50,616.50,616.50,616.50,1250,10872500
JUBLFOOD_F1,20220907,13:32,616.75,616.75,616.75,616.75,2500,10872500
JUBLFOOD_F1,20220907,13:33,616.40,616.40,616.00,616.00,3750,10872500
JUBLFOOD_F1,20220907,13:34,616.45,617.10,616.45,617.05,23750,10872500
JUBLFOOD_F1,20220907,13:35,617.00,617.00,616.90,616.90,5000,10872500
JUBLFOOD_F1,20220907,13:36,616.85,616.85,616.85,616.85,1250,10872500
JUBLFOOD_F1,20220907,13:37,616.75,616.75,616.25,616.25,2500,10873750
JUBLFOOD_F1,20220907,13:38,616.30,616.30,615.85,616.20,12500,10873750
JUBLFOOD_F1,20220907,13:39,616.20,616.20,615.35,615.35,8750,10873750
JUBLFOOD_F1,20220907,13:40,615.00,615.00,615.00,615.00,26250,10882500
JUBLFOOD_F1,20220907,13:41,615.00,615.00,614.45,614.45,2500,10882500
JUBLFOOD_F1,20220907,13:47,614.90,614.90,614.90,614.90,1250,10882500
JUBLFOOD_F1,20220907,13:49,615.00,615.00,615.00,615.00,1250,10878750
JUBLFOOD_F1,20220907,13:50,613.85,613.85,613.85,613.85,56250,10878750
JUBLFOOD_F1,20220907,13:51,613.20,613.85,613.20,613.85,17500,10878750
JUBLFOOD_F1,20220907,13:52,613.50,614.05,613.30,614.05,16250,10860000
JUBLFOOD_F1,20220907,13:53,613.70,613.90,613.70,613.90,2500,10860000
JUBLFOOD_F1,20220907,13:54,614.05,614.05,614.05,614.05,1250,10860000
JUBLFOOD_F1,20220907,13:55,614.60,614.60,614.50,614.50,3750,10850000
JUBLFOOD_F1,20220907,13:56,614.70,614.70,614.70,614.70,1250,10850000
JUBLFOOD_F1,20220907,13:57,614.75,614.75,614.55,614.60,3750,10850000
JUBLFOOD_F1,20220907,13:58,614.50,614.50,614.50,614.50,5000,10852500
JUBLFOOD_F1,20220907,14:00,614.25,614.25,614.25,614.25,1250,10852500
JUBLFOOD_F1,20220907,14:02,613.85,613.85,613.55,613.85,6250,10855000
JUBLFOOD_F1,20220907,14:03,614.00,614.50,614.00,614.50,6250,10855000
JUBLFOOD_F1,20220907,14:04,614.30,614.30,613.70,613.70,3750,10851250
JUBLFOOD_F1,20220907,14:06,613.90,614.20,613.90,614.20,5000,10851250
JUBLFOOD_F1,20220907,14:09,614.60,614.60,614.60,614.60,1250,10850000
JUBLFOOD_F1,20220907,14:10,614.55,614.65,614.55,614.65,2500,10850000
JUBLFOOD_F1,20220907,14:11,614.50,614.50,614.20,614.20,2500,10850000
JUBLFOOD_F1,20220907,14:12,614.00,614.00,613.85,613.85,2500,10850000
JUBLFOOD_F1,20220907,14:13,614.00,614.00,614.00,614.00,2500,10852500
JUBLFOOD_F1,20220907,14:14,614.20,614.20,614.20,614.20,1250,10852500
JUBLFOOD_F1,20220907,14:15,614.00,614.00,614.00,614.00,1250,10852500
JUBLFOOD_F1,20220907,14:19,614.00,614.30,614.00,614.30,3750,10852500
JUBLFOOD_F1,20220907,14:20,614.50,615.00,614.50,615.00,2500,10852500
JUBLFOOD_F1,20220907,14:22,614.80,614.80,614.80,614.80,1250,10852500
JUBLFOOD_F1,20220907,14:23,614.60,614.95,614.60,614.95,2500,10852500
JUBLFOOD_F1,20220907,14:26,614.50,614.50,614.50,614.50,2500,10855000
JUBLFOOD_F1,20220907,14:27,614.95,615.20,614.95,615.20,7500,10855000
JUBLFOOD_F1,20220907,14:28,614.75,615.10,614.70,615.10,6250,10857500
JUBLFOOD_F1,20220907,14:29,614.65,614.65,614.65,614.65,1250,10857500
JUBLFOOD_F1,20220907,14:30,614.40,614.40,614.40,614.40,1250,10857500
JUBLFOOD_F1,20220907,14:32,613.80,613.80,613.80,613.80,3750,10857500
JUBLFOOD_F1,20220907,14:33,613.50,613.60,613.50,613.60,2500,10857500
JUBLFOOD_F1,20220907,14:34,613.05,613.05,613.00,613.00,3750,10857500
JUBLFOOD_F1,20220907,14:36,612.65,612.65,612.65,612.65,33750,10857500
JUBLFOOD_F1,20220907,14:37,612.45,612.45,612.45,612.45,1250,10850000
JUBLFOOD_F1,20220907,14:38,612.65,612.65,612.65,612.65,5000,10850000
JUBLFOOD_F1,20220907,14:39,613.00,613.15,613.00,613.15,5000,10850000
JUBLFOOD_F1,20220907,14:40,613.40,613.40,613.40,613.40,5000,10850000
JUBLFOOD_F1,20220907,14:41,612.95,613.35,612.95,613.35,5000,10850000
JUBLFOOD_F1,20220907,14:42,613.70,614.00,613.70,613.70,5000,10850000
JUBLFOOD_F1,20220907,14:43,613.70,614.05,613.70,613.75,3750,10851250
JUBLFOOD_F1,20220907,14:46,613.95,613.95,613.55,613.55,2500,10851250
JUBLFOOD_F1,20220907,14:47,613.95,614.00,613.60,613.80,5000,10850000
JUBLFOOD_F1,20220907,14:49,613.80,613.80,613.80,613.80,1250,10848750
JUBLFOOD_F1,20220907,14:50,613.90,614.00,613.90,614.00,3750,10848750
JUBLFOOD_F1,20220907,14:51,614.30,614.30,614.30,614.30,3750,10848750
JUBLFOOD_F1,20220907,14:52,614.30,614.30,614.30,614.30,1250,10848750
JUBLFOOD_F1,20220907,14:53,614.10,614.10,613.95,613.95,2500,10848750
JUBLFOOD_F1,20220907,14:54,613.60,613.85,613.60,613.85,2500,10848750
JUBLFOOD_F1,20220907,14:55,613.75,613.90,613.75,613.90,2500,10845000
JUBLFOOD_F1,20220907,14:56,613.70,613.80,613.70,613.80,5000,10845000
JUBLFOOD_F1,20220907,14:57,614.40,614.40,614.40,614.40,3750,10845000
JUBLFOOD_F1,20220907,14:59,613.90,614.30,613.90,614.30,8750,10842500
JUBLFOOD_F1,20220907,15:00,614.55,614.55,614.40,614.55,8750,10842500
JUBLFOOD_F1,20220907,15:01,614.65,615.50,614.55,615.00,18750,10840000
JUBLFOOD_F1,20220907,15:02,615.15,615.15,615.00,615.00,2500,10840000
JUBLFOOD_F1,20220907,15:03,615.50,615.50,615.00,615.00,3750,10840000
JUBLFOOD_F1,20220907,15:04,615.20,615.45,615.20,615.45,3750,10837500
JUBLFOOD_F1,20220907,15:05,615.45,615.45,615.00,615.40,7500,10837500
JUBLFOOD_F1,20220907,15:06,615.45,615.55,615.05,615.50,8750,10837500
JUBLFOOD_F1,20220907,15:07,615.55,615.55,615.10,615.10,7500,10830000
JUBLFOOD_F1,20220907,15:08,615.50,615.55,615.50,615.55,2500,10830000
JUBLFOOD_F1,20220907,15:09,615.60,615.95,615.60,615.95,12500,10830000
JUBLFOOD_F1,20220907,15:10,615.35,615.35,614.90,614.90,12500,10833750
JUBLFOOD_F1,20220907,15:11,615.25,615.70,615.15,615.40,17500,10833750
JUBLFOOD_F1,20220907,15:12,615.25,615.40,615.10,615.35,6250,10833750
JUBLFOOD_F1,20220907,15:13,615.10,615.50,615.10,615.50,5000,10833750
JUBLFOOD_F1,20220907,15:14,615.05,615.10,614.90,614.90,7500,10833750
JUBLFOOD_F1,20220907,15:15,614.90,615.15,614.85,615.00,11250,10833750
JUBLFOOD_F1,20220907,15:16,615.00,615.00,614.10,615.00,33750,10830000
JUBLFOOD_F1,20220907,15:17,615.05,615.05,614.40,614.75,18750,10830000
JUBLFOOD_F1,20220907,15:18,614.80,614.80,614.80,614.80,7500,10830000
JUBLFOOD_F1,20220907,15:19,614.90,614.90,614.90,614.90,6250,10830000
JUBLFOOD_F1,20220907,15:20,614.95,615.50,614.95,615.40,21250,10832500
JUBLFOOD_F1,20220907,15:21,615.00,615.75,615.00,615.20,35000,10832500
JUBLFOOD_F1,20220907,15:22,615.80,615.95,615.50,615.95,10000,10850000
JUBLFOOD_F1,20220907,15:23,615.55,615.55,615.50,615.50,5000,10850000
JUBLFOOD_F1,20220907,15:24,615.40,615.40,615.25,615.25,11250,10850000
JUBLFOOD_F1,20220907,15:25,615.25,615.35,615.25,615.35,3750,10857500
JUBLFOOD_F1,20220907,15:26,615.10,615.10,615.00,615.10,13750,10857500
JUBLFOOD_F1,20220907,15:27,615.50,615.80,615.50,615.80,10000,10857500
JUBLFOOD_F1,20220907,15:28,615.35,615.35,615.20,615.20,11250,10847500
JUBLFOOD_F1,20220907,15:29,615.60,615.60,615.15,615.20,3750,10847500
JUBLFOOD_F1,20220907,15:30,615.25,615.25,615.15,615.15,3750,10847500
JUBLFOOD_F1,20220907,17:58,615.20,615.20,615.20,615.20,1,10812500
