^NSEI,20071005,09:55:59,5212.35,5241.45,5212.35,5239.65,0
^NSEI,20071005,09:56:59,5239.85,5243.40,5239.85,5242.00,0
^NSEI,20071005,09:57:59,5240.50,5240.50,5236.00,5237.45,0
^NSEI,20071005,09:58:59,5236.80,5236.80,5232.75,5234.25,0
^NSEI,20071005,09:59:59,5235.05,5235.05,5227.35,5227.65,0
^NSEI,20071005,10:00:59,5227.75,5230.05,5227.60,5230.05,0
^NSEI,20071005,10:01:59,5230.05,5231.95,5223.50,5223.50,0
^NSEI,20071005,10:02:59,5225.05,5226.75,5224.40,5225.10,0
^NSEI,20071005,10:03:59,5224.80,5226.60,5224.00,5224.25,0
^NSEI,20071005,10:04:59,5226.20,5226.75,5225.30,5226.25,0
^NSEI,20071005,10:05:59,5227.75,5228.15,5225.60,5226.70,0
^NSEI,20071005,10:06:59,5227.40,5227.40,5225.45,5226.55,0
^NSEI,20071005,10:07:59,5225.70,5228.40,5225.70,5228.15,0
^NSEI,20071005,10:08:59,5228.15,5232.70,5228.15,5232.50,0
^NSEI,20071005,10:09:59,5232.10,5232.80,5228.30,5228.30,0
^NSEI,20071005,10:10:59,5227.45,5227.85,5225.55,5225.55,0
^NSEI,20071005,10:11:59,5225.25,5225.50,5222.05,5222.05,0
^NSEI,20071005,10:12:59,5222.00,5222.00,5219.35,5219.35,0
^NSEI,20071005,10:13:59,5220.55,5221.00,5218.15,5218.15,0
^NSEI,20071005,10:14:59,5218.45,5218.45,5211.05,5211.05,0
^NSEI,20071005,10:15:59,5210.65,5210.65,5198.85,5200.15,0
^NSEI,20071005,10:16:59,5197.85,5197.85,5193.10,5194.15,0
^NSEI,20071005,10:17:59,5193.55,5199.40,5193.55,5199.40,0
^NSEI,20071005,10:18:59,5200.70,5200.95,5198.00,5198.00,0
^NSEI,20071005,10:19:59,5197.05,5198.60,5196.35,5198.60,0
^NSEI,20071005,10:20:59,5200.30,5204.20,5200.20,5203.80,0
^NSEI,20071005,10:21:59,5203.90,5207.40,5203.90,5207.40,0
^NSEI,20071005,10:22:59,5208.75,5212.40,5208.70,5212.40,0
^NSEI,20071005,10:23:59,5213.60,5215.75,5213.00,5215.75,0
^NSEI,20071005,10:24:59,5217.50,5219.40,5215.20,5215.20,0
^NSEI,20071005,10:25:59,5213.95,5213.95,5207.55,5207.55,0
^NSEI,20071005,10:26:59,5206.45,5210.95,5206.05,5210.95,0
^NSEI,20071005,10:27:59,5211.30,5215.50,5210.95,5214.55,0
^NSEI,20071005,10:28:59,5215.05,5215.05,5209.75,5209.75,0
^NSEI,20071005,10:29:59,5208.65,5208.80,5206.35,5206.35,0
^NSEI,20071005,10:30:59,5207.30,5207.55,5205.55,5206.85,0
^NSEI,20071005,10:31:59,5207.00,5209.10,5207.00,5208.70,0
^NSEI,20071005,10:32:59,5209.45,5209.70,5208.65,5208.65,0
^NSEI,20071005,10:33:59,5209.00,5210.20,5209.00,5210.20,0
^NSEI,20071005,10:34:59,5212.40,5215.30,5212.40,5215.30,0
^NSEI,20071005,10:35:59,5213.85,5216.65,5213.85,5216.15,0
^NSEI,20071005,10:36:59,5216.75,5220.20,5216.75,5219.50,0
^NSEI,20071005,10:37:59,5220.05,5220.55,5218.75,5218.75,0
^NSEI,20071005,10:38:59,5217.30,5217.30,5215.25,5215.25,0
^NSEI,20071005,10:39:59,5216.40,5218.70,5215.50,5218.70,0
^NSEI,20071005,10:40:59,5219.80,5219.80,5216.45,5216.45,0
^NSEI,20071005,10:41:59,5215.95,5215.95,5211.20,5211.40,0
^NSEI,20071005,10:42:59,5210.20,5210.20,5208.60,5209.45,0
^NSEI,20071005,10:43:59,5208.40,5209.75,5207.85,5208.40,0
^NSEI,20071005,10:44:59,5208.70,5209.45,5207.15,5207.35,0
^NSEI,20071005,10:45:59,5208.00,5210.25,5208.00,5210.25,0
^NSEI,20071005,10:46:59,5211.75,5216.35,5211.50,5216.35,0
^NSEI,20071005,10:47:59,5215.75,5216.10,5214.35,5215.75,0
^NSEI,20071005,10:48:59,5216.45,5216.45,5214.95,5215.95,0
^NSEI,20071005,10:49:59,5216.30,5218.85,5216.30,5218.85,0
^NSEI,20071005,10:50:59,5218.60,5221.25,5218.50,5221.25,0
^NSEI,20071005,10:51:59,5222.25,5222.25,5218.80,5219.10,0
^NSEI,20071005,10:52:59,5219.00,5219.75,5216.75,5216.75,0
^NSEI,20071005,10:53:59,5216.75,5218.50,5215.80,5217.90,0
^NSEI,20071005,10:54:59,5218.20,5218.90,5217.90,5218.90,0
^NSEI,20071005,10:55:59,5219.40,5221.95,5219.05,5221.95,0
^NSEI,20071005,10:56:59,5222.75,5226.15,5222.75,5226.15,0
^NSEI,20071005,10:57:59,5226.00,5226.90,5224.15,5224.15,0
^NSEI,20071005,10:58:59,5225.10,5226.85,5225.10,5226.85,0
^NSEI,20071005,10:59:59,5226.40,5228.50,5226.35,5227.45,0
^NSEI,20071005,11:00:59,5227.95,5229.30,5227.45,5228.35,0
^NSEI,20071005,11:01:59,5228.20,5228.20,5225.95,5225.95,0
^NSEI,20071005,11:02:59,5226.10,5226.10,5223.25,5223.55,0
^NSEI,20071005,11:03:59,5223.75,5226.85,5223.75,5226.85,0
^NSEI,20071005,11:04:59,5226.90,5229.60,5226.90,5229.60,0
^NSEI,20071005,11:05:59,5229.30,5231.05,5229.30,5231.05,0
^NSEI,20071005,11:06:59,5232.60,5233.15,5229.75,5229.75,0
^NSEI,20071005,11:07:59,5228.95,5228.95,5226.40,5226.40,0
^NSEI,20071005,11:08:59,5226.75,5227.20,5225.60,5226.05,0
^NSEI,20071005,11:09:59,5227.15,5227.15,5225.85,5226.00,0
^NSEI,20071005,11:10:59,5225.65,5227.90,5225.65,5226.65,0
^NSEI,20071005,11:11:59,5227.00,5227.55,5226.05,5227.55,0
^NSEI,20071005,11:12:59,5226.00,5227.75,5226.00,5227.75,0
^NSEI,20071005,11:13:59,5229.25,5229.25,5226.45,5228.15,0
^NSEI,20071005,11:14:59,5228.10,5228.65,5227.05,5228.00,0
^NSEI,20071005,11:15:59,5228.35,5228.35,5225.70,5225.70,0
^NSEI,20071005,11:16:59,5225.35,5225.35,5222.65,5222.65,0
^NSEI,20071005,11:17:59,5221.95,5222.85,5220.35,5222.85,0
^NSEI,20071005,11:18:59,5223.75,5224.40,5223.55,5224.40,0
^NSEI,20071005,11:19:59,5223.40,5223.40,5222.15,5222.15,0
^NSEI,20071005,11:20:59,5222.25,5222.25,5220.40,5220.90,0
^NSEI,20071005,11:21:59,5220.85,5222.40,5220.65,5222.35,0
^NSEI,20071005,11:22:59,5221.85,5222.65,5220.75,5220.75,0
^NSEI,20071005,11:23:59,5221.15,5221.65,5220.40,5221.50,0
^NSEI,20071005,11:24:59,5221.85,5224.20,5221.55,5224.20,0
^NSEI,20071005,11:25:59,5222.80,5222.80,5222.80,5222.80,0
^NSEI,20071005,12:10:59,5222.80,5225.15,5222.40,5224.90,0
^NSEI,20071005,12:11:59,5224.55,5226.40,5224.55,5226.40,0
^NSEI,20071005,12:12:59,5225.90,5226.75,5225.85,5226.60,0
^NSEI,20071005,12:13:59,5226.45,5227.45,5226.45,5227.15,0
^NSEI,20071005,12:14:59,5227.45,5227.45,5224.60,5224.60,0
^NSEI,20071005,12:15:59,5224.60,5224.60,5221.45,5221.45,0
^NSEI,20071005,12:16:59,5224.85,5224.85,5219.95,5219.95,0
^NSEI,20071005,12:17:59,5218.90,5219.45,5216.35,5216.35,0
^NSEI,20071005,12:18:59,5215.10,5215.10,5210.10,5210.10,0
^NSEI,20071005,12:19:59,5208.25,5208.40,5206.40,5206.40,0
^NSEI,20071005,12:20:59,5206.80,5206.80,5205.10,5206.65,0
^NSEI,20071005,12:21:59,5207.55,5209.90,5207.55,5208.90,0
^NSEI,20071005,12:22:59,5208.30,5208.30,5201.25,5201.25,0
^NSEI,20071005,12:23:59,5200.00,5200.00,5197.95,5198.45,0
^NSEI,20071005,12:24:59,5196.85,5203.45,5196.85,5203.45,0
^NSEI,20071005,12:25:59,5204.40,5205.55,5203.05,5204.05,0
^NSEI,20071005,12:26:59,5203.75,5203.75,5199.65,5199.80,0
^NSEI,20071005,12:27:59,5202.70,5204.10,5202.40,5204.10,0
^NSEI,20071005,12:28:59,5203.00,5203.15,5196.15,5196.15,0
^NSEI,20071005,12:29:59,5195.20,5195.30,5194.35,5194.95,0
^NSEI,20071005,12:30:59,5193.55,5198.70,5193.55,5198.70,0
^NSEI,20071005,12:31:59,5198.85,5198.90,5196.70,5197.35,0
^NSEI,20071005,12:32:59,5197.00,5197.00,5190.00,5190.00,0
^NSEI,20071005,12:33:59,5190.30,5190.30,5184.90,5184.90,0
^NSEI,20071005,12:34:59,5184.65,5184.65,5182.15,5182.15,0
^NSEI,20071005,12:35:59,5181.85,5184.35,5179.80,5179.80,0
^NSEI,20071005,12:36:59,5178.30,5182.00,5177.55,5182.00,0
^NSEI,20071005,12:37:59,5181.70,5182.60,5181.20,5181.65,0
^NSEI,20071005,12:38:59,5183.00,5185.25,5182.80,5185.25,0
^NSEI,20071005,12:39:59,5185.65,5190.30,5185.65,5190.15,0
^NSEI,20071005,12:40:59,5189.20,5189.95,5188.20,5188.95,0
^NSEI,20071005,12:41:59,5188.05,5188.05,5184.15,5184.65,0
^NSEI,20071005,12:42:59,5184.55,5184.55,5180.70,5180.70,0
^NSEI,20071005,12:43:59,5179.30,5179.30,5173.40,5174.75,0
^NSEI,20071005,12:44:59,5174.65,5175.05,5173.95,5174.20,0
^NSEI,20071005,12:45:59,5174.75,5181.20,5174.75,5181.20,0
^NSEI,20071005,12:46:59,5181.45,5187.35,5181.45,5186.15,0
^NSEI,20071005,12:47:59,5185.95,5185.95,5183.70,5183.90,0
^NSEI,20071005,12:48:59,5183.10,5188.30,5183.10,5188.30,0
^NSEI,20071005,12:49:59,5190.85,5190.85,5189.40,5190.35,0
^NSEI,20071005,12:50:59,5189.75,5193.35,5188.10,5193.35,0
^NSEI,20071005,12:51:59,5193.75,5194.15,5193.15,5193.15,0
^NSEI,20071005,12:52:59,5193.35,5195.55,5192.35,5195.55,0
^NSEI,20071005,12:53:59,5195.65,5196.05,5194.90,5195.35,0
^NSEI,20071005,12:54:59,5194.30,5194.30,5191.75,5191.75,0
^NSEI,20071005,12:55:59,5190.55,5191.35,5189.85,5191.35,0
^NSEI,20071005,12:56:59,5189.35,5190.45,5187.40,5187.65,0
^NSEI,20071005,12:57:59,5188.50,5188.50,5184.90,5184.90,0
^NSEI,20071005,12:58:59,5185.60,5185.60,5182.90,5182.90,0
^NSEI,20071005,12:59:59,5180.70,5183.65,5180.70,5183.65,0
^NSEI,20071005,13:00:59,5184.05,5184.35,5182.80,5182.80,0
^NSEI,20071005,13:01:59,5183.10,5183.10,5182.05,5182.65,0
^NSEI,20071005,13:02:59,5184.10,5184.10,5180.55,5181.10,0
^NSEI,20071005,13:03:59,5180.40,5180.40,5179.35,5180.00,0
^NSEI,20071005,13:04:59,5179.20,5182.45,5179.20,5182.45,0
^NSEI,20071005,13:05:59,5183.65,5185.70,5183.65,5185.45,0
^NSEI,20071005,13:06:59,5187.25,5188.80,5186.75,5188.80,0
^NSEI,20071005,13:07:59,5189.75,5191.60,5189.75,5191.60,0
^NSEI,20071005,13:08:59,5191.00,5191.00,5189.55,5189.55,0
^NSEI,20071005,13:09:59,5190.15,5190.65,5189.65,5189.75,0
^NSEI,20071005,13:10:59,5189.90,5189.90,5188.80,5189.20,0
^NSEI,20071005,13:11:59,5189.00,5194.35,5189.00,5194.35,0
^NSEI,20071005,13:12:59,5194.60,5199.95,5194.60,5199.95,0
^NSEI,20071005,13:13:59,5200.35,5203.30,5200.35,5202.80,0
^NSEI,20071005,13:14:59,5202.75,5202.75,5200.20,5200.25,0
^NSEI,20071005,13:15:59,5200.05,5200.05,5198.75,5199.05,0
^NSEI,20071005,13:16:59,5198.85,5200.30,5198.85,5200.30,0
^NSEI,20071005,13:17:59,5200.85,5200.85,5199.30,5199.45,0
^NSEI,20071005,13:18:59,5199.15,5199.85,5198.25,5198.25,0
^NSEI,20071005,13:19:59,5198.00,5199.00,5197.80,5199.00,0
^NSEI,20071005,13:20:59,5198.75,5199.60,5198.35,5199.20,0
^NSEI,20071005,13:21:59,5199.35,5199.80,5198.05,5198.60,0
^NSEI,20071005,13:22:59,5198.10,5200.35,5198.10,5199.60,0
^NSEI,20071005,13:23:59,5199.85,5201.80,5199.65,5201.80,0
^NSEI,20071005,13:24:59,5202.20,5206.20,5202.20,5206.20,0
^NSEI,20071005,13:25:59,5205.90,5205.90,5203.55,5203.65,0
^NSEI,20071005,13:26:59,5203.30,5203.75,5202.85,5202.85,0
^NSEI,20071005,13:27:59,5202.05,5203.00,5202.05,5202.40,0
^NSEI,20071005,13:28:59,5202.50,5202.50,5200.35,5200.35,0
^NSEI,20071005,13:29:59,5199.60,5199.60,5192.00,5192.20,0
^NSEI,20071005,13:30:59,5191.85,5194.85,5191.20,5191.20,0
^NSEI,20071005,13:31:59,5191.10,5191.45,5189.70,5191.45,0
^NSEI,20071005,13:32:59,5192.00,5193.55,5191.60,5193.55,0
^NSEI,20071005,13:33:59,5193.10,5193.20,5191.55,5191.55,0
^NSEI,20071005,13:34:59,5191.00,5191.35,5189.85,5190.90,0
^NSEI,20071005,13:35:59,5190.30,5192.60,5190.05,5190.25,0
^NSEI,20071005,13:36:59,5188.90,5188.95,5186.90,5188.45,0
^NSEI,20071005,13:37:59,5188.40,5188.40,5186.90,5187.75,0
^NSEI,20071005,13:38:59,5187.15,5187.55,5186.30,5187.25,0
^NSEI,20071005,13:39:59,5187.15,5191.35,5187.15,5191.35,0
^NSEI,20071005,13:40:59,5193.65,5193.80,5192.95,5193.45,0
^NSEI,20071005,13:41:59,5195.85,5199.85,5195.70,5199.85,0
^NSEI,20071005,13:42:59,5199.85,5201.20,5199.85,5201.20,0
^NSEI,20071005,13:43:59,5201.55,5203.25,5201.55,5202.20,0
^NSEI,20071005,13:44:59,5202.20,5202.20,5198.45,5198.45,0
^NSEI,20071005,13:45:59,5197.65,5197.85,5196.65,5196.65,0
^NSEI,20071005,13:46:59,5196.60,5196.60,5195.50,5195.50,0
^NSEI,20071005,13:47:59,5195.10,5197.80,5194.90,5197.80,0
^NSEI,20071005,13:48:59,5198.85,5201.50,5198.40,5201.50,0
^NSEI,20071005,13:49:59,5202.00,5202.00,5199.95,5199.95,0
^NSEI,20071005,13:50:59,5199.60,5200.00,5198.90,5198.90,0
^NSEI,20071005,13:51:59,5199.35,5200.85,5199.30,5200.85,0
^NSEI,20071005,13:52:59,5201.00,5204.20,5201.00,5204.20,0
^NSEI,20071005,13:53:59,5204.60,5207.60,5204.60,5207.60,0
^NSEI,20071005,13:54:59,5208.35,5210.10,5208.35,5209.20,0
^NSEI,20071005,13:55:59,5209.70,5212.00,5209.70,5212.00,0
^NSEI,20071005,13:56:59,5210.75,5213.80,5210.75,5213.80,0
^NSEI,20071005,13:57:59,5213.25,5213.25,5210.70,5210.70,0
^NSEI,20071005,13:58:59,5210.15,5211.45,5208.90,5210.95,0
^NSEI,20071005,13:59:59,5211.35,5212.30,5211.15,5212.05,0
^NSEI,20071005,14:00:59,5211.85,5211.85,5208.85,5208.85,0
^NSEI,20071005,14:01:59,5206.10,5207.35,5206.10,5207.35,0
^NSEI,20071005,14:02:59,5208.00,5213.40,5208.00,5213.40,0
^NSEI,20071005,14:03:59,5212.90,5216.10,5212.90,5216.10,0
^NSEI,20071005,14:04:59,5216.00,5221.70,5216.00,5221.70,0
^NSEI,20071005,14:05:59,5221.05,5223.15,5221.05,5221.75,0
^NSEI,20071005,14:06:59,5220.15,5222.45,5220.10,5220.55,0
^NSEI,20071005,14:07:59,5220.70,5222.25,5219.80,5222.10,0
^NSEI,20071005,14:08:59,5222.35,5222.55,5220.90,5220.90,0
^NSEI,20071005,14:09:59,5220.30,5220.30,5217.25,5217.25,0
^NSEI,20071005,14:10:59,5216.70,5217.10,5216.45,5216.55,0
^NSEI,20071005,14:11:59,5215.85,5216.30,5215.20,5216.10,0
^NSEI,20071005,14:12:59,5216.25,5220.45,5216.25,5219.65,0
^NSEI,20071005,14:13:59,5219.95,5220.00,5217.85,5217.85,0
^NSEI,20071005,14:14:59,5217.05,5217.05,5215.40,5215.40,0
^NSEI,20071005,14:15:59,5214.10,5214.10,5211.75,5211.75,0
^NSEI,20071005,14:16:59,5212.25,5213.40,5212.15,5212.80,0
^NSEI,20071005,14:17:59,5213.85,5214.85,5213.85,5214.35,0
^NSEI,20071005,14:18:59,5215.25,5217.45,5215.25,5216.80,0
^NSEI,20071005,14:19:59,5217.30,5217.30,5215.60,5215.70,0
^NSEI,20071005,14:20:59,5216.05,5216.05,5214.65,5214.90,0
^NSEI,20071005,14:21:59,5215.00,5216.10,5214.55,5216.10,0
^NSEI,20071005,14:22:59,5216.10,5217.25,5215.55,5217.10,0
^NSEI,20071005,14:23:59,5217.50,5220.80,5216.60,5220.80,0
^NSEI,20071005,14:24:59,5221.25,5221.40,5220.95,5221.10,0
^NSEI,20071005,14:25:59,5220.15,5220.75,5219.15,5219.90,0
^NSEI,20071005,14:26:59,5219.45,5219.50,5218.35,5218.90,0
^NSEI,20071005,14:27:59,5218.80,5219.80,5218.80,5218.80,0
^NSEI,20071005,14:28:59,5219.30,5220.30,5218.95,5220.30,0
^NSEI,20071005,14:29:59,5219.40,5220.10,5218.65,5218.65,0
^NSEI,20071005,14:30:59,5218.20,5223.90,5218.20,5223.70,0
^NSEI,20071005,14:31:59,5224.70,5226.50,5224.70,5226.50,0
^NSEI,20071005,14:32:59,5225.85,5231.65,5225.85,5230.30,0
^NSEI,20071005,14:33:59,5229.75,5230.35,5228.90,5230.05,0
^NSEI,20071005,14:34:59,5230.00,5231.70,5230.00,5231.70,0
^NSEI,20071005,14:35:59,5230.90,5231.00,5229.85,5229.85,0
^NSEI,20071005,14:36:59,5230.55,5230.55,5227.90,5227.90,0
^NSEI,20071005,14:37:59,5227.25,5230.30,5227.25,5230.30,0
^NSEI,20071005,14:38:59,5230.70,5232.50,5230.70,5232.40,0
^NSEI,20071005,14:39:59,5232.35,5234.25,5232.20,5234.15,0
^NSEI,20071005,14:40:59,5233.60,5234.25,5232.50,5233.35,0
^NSEI,20071005,14:41:59,5234.25,5234.25,5232.35,5234.00,0
^NSEI,20071005,14:42:59,5235.10,5237.45,5235.10,5237.45,0
^NSEI,20071005,14:43:59,5236.85,5238.90,5236.60,5238.90,0
^NSEI,20071005,14:44:59,5238.80,5240.20,5238.70,5238.70,0
^NSEI,20071005,14:45:59,5237.75,5237.75,5234.25,5235.25,0
^NSEI,20071005,14:46:59,5235.15,5235.15,5230.95,5230.95,0
^NSEI,20071005,14:47:59,5230.85,5231.55,5230.35,5231.55,0
^NSEI,20071005,14:48:59,5231.85,5237.40,5231.85,5237.40,0
^NSEI,20071005,14:49:59,5237.05,5239.10,5237.05,5239.10,0
^NSEI,20071005,14:50:59,5238.90,5239.95,5237.85,5238.95,0
^NSEI,20071005,14:51:59,5239.75,5240.45,5239.05,5240.45,0
^NSEI,20071005,14:52:59,5239.50,5242.50,5239.50,5242.50,0
^NSEI,20071005,14:53:59,5244.35,5246.90,5244.35,5246.90,0
^NSEI,20071005,14:54:59,5247.60,5248.10,5246.10,5246.70,0
^NSEI,20071005,14:55:59,5247.75,5248.00,5243.95,5243.95,0
^NSEI,20071005,14:56:59,5243.30,5243.30,5241.20,5241.40,0
^NSEI,20071005,14:57:59,5239.80,5239.80,5234.85,5235.35,0
^NSEI,20071005,14:58:59,5235.10,5238.05,5234.35,5237.90,0
^NSEI,20071005,14:59:59,5237.15,5237.30,5236.40,5237.30,0
^NSEI,20071005,15:00:59,5237.15,5237.15,5233.55,5234.30,0
^NSEI,20071005,15:01:59,5234.00,5237.55,5234.00,5237.55,0
^NSEI,20071005,15:02:59,5236.85,5237.45,5236.00,5236.50,0
^NSEI,20071005,15:03:59,5237.65,5238.30,5236.80,5238.30,0
^NSEI,20071005,15:04:59,5236.80,5236.95,5236.25,5236.25,0
^NSEI,20071005,15:05:59,5235.95,5236.80,5235.15,5235.35,0
^NSEI,20071005,15:06:59,5236.10,5237.50,5236.10,5237.30,0
^NSEI,20071005,15:07:59,5237.50,5240.10,5237.50,5238.70,0
^NSEI,20071005,15:08:59,5238.10,5238.10,5234.85,5234.85,0
^NSEI,20071005,15:09:59,5234.90,5242.10,5234.90,5242.10,0
^NSEI,20071005,15:10:59,5240.95,5240.95,5238.90,5239.15,0
^NSEI,20071005,15:11:59,5238.45,5240.00,5238.45,5238.70,0
^NSEI,20071005,15:12:59,5240.45,5242.05,5240.10,5242.05,0
^NSEI,20071005,15:13:59,5241.55,5243.65,5241.55,5243.65,0
^NSEI,20071005,15:14:59,5243.75,5244.55,5242.65,5243.00,0
^NSEI,20071005,15:15:59,5242.95,5243.15,5241.55,5241.65,0
^NSEI,20071005,15:16:59,5240.90,5240.90,5238.30,5238.80,0
^NSEI,20071005,15:17:59,5238.25,5239.50,5238.25,5238.85,0
^NSEI,20071005,15:18:59,5238.85,5239.15,5237.75,5238.35,0
^NSEI,20071005,15:19:59,5238.40,5238.95,5237.95,5238.00,0
^NSEI,20071005,15:20:59,5237.75,5237.95,5236.50,5236.50,0
^NSEI,20071005,15:21:59,5236.20,5236.20,5233.75,5234.40,0
^NSEI,20071005,15:22:59,5233.05,5233.05,5230.65,5230.65,0
^NSEI,20071005,15:23:59,5229.45,5234.00,5229.45,5234.00,0
^NSEI,20071005,15:24:59,5235.30,5236.65,5235.30,5236.55,0
^NSEI,20071005,15:25:59,5237.45,5240.40,5237.45,5240.35,0
^NSEI,20071005,15:26:59,5240.75,5240.75,5236.10,5236.10,0
^NSEI,20071005,15:27:59,5235.15,5235.35,5234.10,5234.70,0
^NSEI,20071005,15:28:59,5233.45,5234.05,5232.60,5232.60,0
^NSEI,20071005,15:29:59,5232.95,5233.50,5231.75,5233.50,0
^NSEI,20071005,15:30:59,5232.55,5236.70,5232.25,5236.70,0
^NSEI,20071005,15:31:59,5238.70,5240.30,5238.70,5238.95,0
^NSEI,20071005,15:32:59,5238.40,5238.40,5233.20,5233.20,0
^NSEI,20071005,15:33:59,5233.40,5233.40,5230.25,5233.15,0
^NSEI,20071005,15:34:59,5233.90,5235.60,5233.90,5235.60,0
^NSEI,20071005,15:35:59,5235.00,5235.00,5232.40,5232.75,0
^NSEI,20071005,15:36:59,5232.10,5232.10,5227.85,5228.00,0
^NSEI,20071005,15:37:59,5227.80,5229.70,5227.60,5228.65,0
^NSEI,20071005,15:38:59,5228.80,5228.80,5222.20,5222.20,0
^NSEI,20071005,15:39:59,5221.35,5221.35,5213.20,5213.40,0
^NSEI,20071005,15:40:59,5213.35,5220.70,5213.35,5219.60,0
^NSEI,20071005,15:41:59,5221.20,5221.20,5219.90,5220.45,0
^NSEI,20071005,15:42:59,5220.35,5220.35,5206.90,5206.90,0
^NSEI,20071005,15:43:59,5206.30,5207.50,5201.40,5201.40,0
^NSEI,20071005,15:44:59,5199.25,5207.65,5199.25,5207.65,0
^NSEI,20071005,15:45:59,5206.85,5206.85,5197.90,5197.90,0
^NSEI,20071005,15:46:59,5195.45,5199.45,5194.65,5197.25,0
^NSEI,20071005,15:47:59,5198.65,5198.65,5194.70,5195.30,0
^NSEI,20071005,15:48:59,5196.40,5205.65,5196.40,5205.65,0
^NSEI,20071005,15:49:59,5205.80,5206.10,5203.70,5203.75,0
^NSEI,20071005,15:50:59,5201.90,5201.90,5195.00,5195.00,0
^NSEI,20071005,15:51:59,5194.75,5194.75,5192.45,5192.45,0
^NSEI,20071005,15:52:59,5195.50,5198.95,5195.50,5198.30,0
^NSEI,20071005,15:53:59,5198.05,5198.05,5188.30,5188.30,0
^NSEI,20071005,15:54:59,5187.65,5187.65,5185.30,5186.15,0
^NSEI,20071005,15:55:59,5184.75,5184.75,5180.10,5180.10,0
^NSEI,20071005,15:56:59,5180.10,5187.05,5180.10,5187.05,0
^NSEI,20071005,15:57:59,5188.05,5190.90,5186.85,5186.85,0
^NSEI,20071005,15:58:59,5186.30,5187.50,5185.25,5187.20,0
^NSEI,20071005,15:59:59,5187.30,5192.05,5187.20,5192.00,0
^NSEI,20071005,16:00:59,5193.10,5193.20,5192.10,5192.60,0
^NSEI,20071005,16:01:59,5191.75,5191.75,5185.15,5185.50,0
^NSEI,20071005,16:02:59,5184.70,5190.15,5184.70,5190.15,0
^NSEI,20071005,16:03:59,5189.15,5189.20,5182.00,5182.00,0
^NSEI,20071005,16:04:59,5181.75,5184.30,5181.75,5184.30,0
^NSEI,20071005,16:05:59,5184.95,5190.20,5184.95,5189.70,0
^NSEI,20071005,16:06:59,5190.10,5190.60,5186.80,5186.85,0
^NSEI,20071005,16:07:59,5187.10,5187.35,5185.40,5185.45,0
^NSEI,20071005,16:08:59,5185.15,5185.15,5182.75,5182.75,0
^NSEI,20071005,16:09:59,5182.50,5182.50,5177.15,5177.15,0
^NSEI,20071005,16:10:59,5176.90,5176.90,5172.70,5172.70,0
^NSEI,20071005,16:11:59,5172.85,5173.15,5169.30,5169.30,0
^NSEI,20071005,16:12:59,5168.90,5168.90,5166.40,5168.70,0
^NSEI,20071005,16:13:59,5168.85,5171.50,5168.40,5168.40,0
^NSEI,20071005,16:14:59,5169.70,5172.85,5168.50,5172.85,0
^NSEI,20071005,16:15:59,5172.65,5172.65,5172.65,5172.65,0
