APOLLOTYRE,20200316,09:09,101.70,101.70,101.70,101.70,6168,0
APOLLOTYRE,20200316,09:16,100.95,100.95,99.00,99.00,34632,0
APOLLOTYRE,20200316,09:17,99.65,99.65,97.70,97.70,60031,0
APOLLOTYRE,20200316,09:18,97.80,99.50,97.65,99.25,32709,0
APOLLOTYRE,20200316,09:19,99.20,99.50,99.00,99.35,18703,0
APOLLOTYRE,20200316,09:20,99.35,99.35,99.05,99.20,12830,0
APOLLOTYRE,20200316,09:21,99.05,99.30,98.75,99.00,23801,0
APOLLOTYRE,20200316,09:22,99.10,99.35,98.80,99.30,44333,0
APOLLOTYRE,20200316,09:23,99.45,99.45,98.80,99.00,32007,0
APOLLOTYRE,20200316,09:24,98.85,99.05,98.80,98.90,11558,0
APOLLOTYRE,20200316,09:25,98.85,99.40,98.80,99.30,9759,0
APOLLOTYRE,20200316,09:26,99.20,99.90,99.20,99.75,14007,0
APOLLOTYRE,20200316,09:27,99.70,99.85,99.50,99.50,11809,0
APOLLOTYRE,20200316,09:28,99.40,99.65,99.30,99.45,6786,0
APOLLOTYRE,20200316,09:29,99.40,99.80,99.40,99.45,4713,0
APOLLOTYRE,20200316,09:30,99.50,99.50,99.05,99.20,12121,0
APOLLOTYRE,20200316,09:31,99.15,99.20,98.60,98.75,16264,0
APOLLOTYRE,20200316,09:32,98.75,99.15,98.75,99.00,18135,0
APOLLOTYRE,20200316,09:33,99.05,99.10,98.70,98.70,34072,0
APOLLOTYRE,20200316,09:34,98.80,98.80,98.10,98.10,33121,0
APOLLOTYRE,20200316,09:35,98.15,98.20,97.35,97.35,44289,0
APOLLOTYRE,20200316,09:36,97.35,97.85,97.35,97.50,46277,0
APOLLOTYRE,20200316,09:37,97.50,97.80,97.50,97.75,16531,0
APOLLOTYRE,20200316,09:38,97.65,97.75,97.35,97.40,17782,0
APOLLOTYRE,20200316,09:39,97.45,97.60,97.30,97.60,14561,0
APOLLOTYRE,20200316,09:40,97.60,97.90,97.45,97.85,7754,0
APOLLOTYRE,20200316,09:41,97.85,97.90,97.10,97.35,21401,0
APOLLOTYRE,20200316,09:42,97.20,97.65,97.05,97.55,17084,0
APOLLOTYRE,20200316,09:43,97.45,97.80,97.15,97.60,11814,0
APOLLOTYRE,20200316,09:44,97.60,98.30,97.60,98.25,29932,0
APOLLOTYRE,20200316,09:45,98.25,99.00,98.20,99.00,20629,0
APOLLOTYRE,20200316,09:46,99.00,99.00,98.45,98.55,14550,0
APOLLOTYRE,20200316,09:47,98.55,98.70,98.35,98.65,9343,0
APOLLOTYRE,20200316,09:48,98.60,99.30,98.60,99.00,25210,0
APOLLOTYRE,20200316,09:49,99.00,99.30,99.00,99.10,31417,0
APOLLOTYRE,20200316,09:50,99.20,99.30,98.95,99.20,11779,0
APOLLOTYRE,20200316,09:51,99.15,99.45,99.00,99.45,11065,0
APOLLOTYRE,20200316,09:52,99.35,99.45,99.25,99.40,17988,0
APOLLOTYRE,20200316,09:53,99.40,99.80,99.30,99.65,46438,0
APOLLOTYRE,20200316,09:54,99.55,99.60,99.45,99.55,8394,0
APOLLOTYRE,20200316,09:55,99.55,99.70,99.15,99.30,10888,0
APOLLOTYRE,20200316,09:56,99.20,99.75,99.15,99.70,9185,0
APOLLOTYRE,20200316,09:57,99.75,99.75,99.55,99.70,5587,0
APOLLOTYRE,20200316,09:58,99.75,100.40,99.60,100.30,29436,0
APOLLOTYRE,20200316,09:59,100.30,100.30,99.80,99.85,8364,0
APOLLOTYRE,20200316,10:00,99.80,100.00,99.50,99.70,10174,0
APOLLOTYRE,20200316,10:01,99.85,99.95,99.70,99.90,4924,0
APOLLOTYRE,20200316,10:02,99.85,99.85,99.25,99.40,11242,0
APOLLOTYRE,20200316,10:03,99.55,99.55,99.25,99.25,6537,0
APOLLOTYRE,20200316,10:04,99.30,99.30,98.85,98.85,32758,0
APOLLOTYRE,20200316,10:05,98.80,98.80,98.40,98.65,9785,0
APOLLOTYRE,20200316,10:06,98.60,99.15,98.55,99.15,12965,0
APOLLOTYRE,20200316,10:07,99.05,99.35,98.85,99.25,4012,0
APOLLOTYRE,20200316,10:08,99.25,99.45,99.25,99.40,4325,0
APOLLOTYRE,20200316,10:09,99.30,99.30,98.85,99.10,8712,0
APOLLOTYRE,20200316,10:10,99.15,99.50,99.15,99.50,5240,0
APOLLOTYRE,20200316,10:11,99.50,100.00,99.50,99.65,13309,0
APOLLOTYRE,20200316,10:12,99.65,99.95,99.50,99.85,3905,0
APOLLOTYRE,20200316,10:13,99.95,99.95,99.45,99.60,9904,0
APOLLOTYRE,20200316,10:14,99.60,100.00,99.50,99.90,13628,0
APOLLOTYRE,20200316,10:15,100.00,100.30,99.80,100.30,17037,0
APOLLOTYRE,20200316,10:16,100.20,100.30,99.90,100.25,13623,0
APOLLOTYRE,20200316,10:17,100.25,100.65,100.15,100.60,18700,0
APOLLOTYRE,20200316,10:18,100.60,101.00,100.55,100.80,25542,0
APOLLOTYRE,20200316,10:19,100.75,101.20,100.65,101.15,37042,0
APOLLOTYRE,20200316,10:20,101.00,101.00,100.90,100.90,5427,0
APOLLOTYRE,20200316,10:21,100.95,101.40,100.90,101.35,24396,0
APOLLOTYRE,20200316,10:22,101.40,101.50,101.10,101.50,16412,0
APOLLOTYRE,20200316,10:23,101.50,101.90,101.20,101.85,47775,0
APOLLOTYRE,20200316,10:24,101.85,101.90,101.60,101.75,8541,0
APOLLOTYRE,20200316,10:25,101.75,101.90,101.65,101.90,20331,0
APOLLOTYRE,20200316,10:26,101.90,102.20,101.90,102.10,22545,0
APOLLOTYRE,20200316,10:27,102.00,102.30,101.90,101.95,15838,0
APOLLOTYRE,20200316,10:28,102.00,102.00,101.80,101.95,13654,0
APOLLOTYRE,20200316,10:29,101.80,101.90,101.35,101.40,10002,0
APOLLOTYRE,20200316,10:30,101.45,101.45,100.55,100.55,13578,0
APOLLOTYRE,20200316,10:31,100.50,100.95,100.50,100.95,11586,0
APOLLOTYRE,20200316,10:32,100.95,101.00,100.70,100.80,7808,0
APOLLOTYRE,20200316,10:33,100.70,100.95,100.70,100.95,8708,0
APOLLOTYRE,20200316,10:34,101.05,101.05,100.25,100.40,31017,0
APOLLOTYRE,20200316,10:35,100.50,100.50,100.10,100.35,9141,0
APOLLOTYRE,20200316,10:36,100.25,100.25,99.50,99.60,30602,0
APOLLOTYRE,20200316,10:37,99.60,99.70,99.25,99.35,16376,0
APOLLOTYRE,20200316,10:38,99.35,99.50,99.10,99.10,42625,0
APOLLOTYRE,20200316,10:39,99.00,99.15,98.80,99.15,38068,0
APOLLOTYRE,20200316,10:40,99.10,99.40,99.05,99.30,6114,0
APOLLOTYRE,20200316,10:41,99.30,99.50,99.30,99.50,5902,0
APOLLOTYRE,20200316,10:42,99.50,100.00,99.50,99.80,9366,0
APOLLOTYRE,20200316,10:43,99.80,99.85,99.50,99.60,3604,0
APOLLOTYRE,20200316,10:44,99.80,100.00,99.65,100.00,17406,0
APOLLOTYRE,20200316,10:45,100.05,100.20,99.75,99.95,15361,0
APOLLOTYRE,20200316,10:46,100.05,100.10,99.80,99.90,5303,0
APOLLOTYRE,20200316,10:47,100.00,100.35,99.80,100.25,7842,0
APOLLOTYRE,20200316,10:48,100.20,100.30,100.05,100.20,7792,0
APOLLOTYRE,20200316,10:49,100.20,100.50,100.15,100.40,9635,0
APOLLOTYRE,20200316,10:50,100.40,100.50,100.20,100.50,9216,0
APOLLOTYRE,20200316,10:51,100.50,100.60,100.30,100.45,2661,0
APOLLOTYRE,20200316,10:52,100.45,100.55,100.20,100.50,6293,0
APOLLOTYRE,20200316,10:53,100.50,100.70,100.45,100.60,6291,0
APOLLOTYRE,20200316,10:54,100.70,101.35,100.70,101.10,11117,0
APOLLOTYRE,20200316,10:55,101.10,101.40,101.05,101.40,9364,0
APOLLOTYRE,20200316,10:56,101.50,101.55,101.00,101.10,10965,0
APOLLOTYRE,20200316,10:57,101.15,101.30,101.00,101.25,6576,0
APOLLOTYRE,20200316,10:58,101.20,101.30,100.85,100.85,3699,0
APOLLOTYRE,20200316,10:59,100.85,101.10,100.80,101.05,9272,0
APOLLOTYRE,20200316,11:00,101.10,101.30,101.00,101.00,3951,0
APOLLOTYRE,20200316,11:01,101.15,101.15,100.65,100.80,4596,0
APOLLOTYRE,20200316,11:02,100.95,101.00,100.80,100.80,1788,0
APOLLOTYRE,20200316,11:03,100.95,100.95,100.50,100.55,4193,0
APOLLOTYRE,20200316,11:04,100.35,100.65,100.35,100.55,4686,0
APOLLOTYRE,20200316,11:05,100.60,100.65,100.45,100.60,2439,0
APOLLOTYRE,20200316,11:06,100.65,100.95,100.50,100.65,6403,0
APOLLOTYRE,20200316,11:07,100.70,101.05,100.65,100.80,9803,0
APOLLOTYRE,20200316,11:08,100.75,100.90,100.70,100.90,2255,0
APOLLOTYRE,20200316,11:09,100.80,100.85,100.60,100.85,5557,0
APOLLOTYRE,20200316,11:10,100.85,100.85,100.45,100.50,11290,0
APOLLOTYRE,20200316,11:11,100.40,100.50,100.15,100.45,5925,0
APOLLOTYRE,20200316,11:12,100.20,100.30,99.90,99.90,16860,0
APOLLOTYRE,20200316,11:13,99.95,100.30,99.95,100.25,6953,0
APOLLOTYRE,20200316,11:14,100.25,100.30,99.90,100.25,7698,0
APOLLOTYRE,20200316,11:15,100.20,100.45,100.15,100.40,1972,0
APOLLOTYRE,20200316,11:16,100.45,100.90,100.45,100.65,4015,0
APOLLOTYRE,20200316,11:17,100.60,100.75,100.40,100.75,2432,0
APOLLOTYRE,20200316,11:18,100.65,100.80,100.55,100.80,9451,0
APOLLOTYRE,20200316,11:19,100.85,100.85,100.55,100.65,2287,0
APOLLOTYRE,20200316,11:20,100.65,100.85,100.60,100.75,3289,0
APOLLOTYRE,20200316,11:21,100.75,100.85,100.70,100.70,6181,0
APOLLOTYRE,20200316,11:22,100.75,100.85,100.60,100.60,1407,0
APOLLOTYRE,20200316,11:23,100.65,100.70,100.45,100.55,2617,0
APOLLOTYRE,20200316,11:24,100.60,100.65,100.35,100.50,4755,0
APOLLOTYRE,20200316,11:25,100.50,100.50,100.30,100.45,2367,0
APOLLOTYRE,20200316,11:26,100.40,100.50,100.35,100.40,817,0
APOLLOTYRE,20200316,11:27,100.35,100.40,100.10,100.20,8029,0
APOLLOTYRE,20200316,11:28,100.15,100.35,100.10,100.15,10532,0
APOLLOTYRE,20200316,11:29,100.30,100.50,100.25,100.45,4800,0
APOLLOTYRE,20200316,11:30,100.45,100.45,100.25,100.35,1518,0
APOLLOTYRE,20200316,11:31,100.40,100.45,100.35,100.40,1764,0
APOLLOTYRE,20200316,11:32,100.45,100.45,100.00,100.15,7323,0
APOLLOTYRE,20200316,11:33,100.20,100.30,99.95,100.10,10807,0
APOLLOTYRE,20200316,11:34,100.10,100.35,100.10,100.30,11851,0
APOLLOTYRE,20200316,11:35,100.30,100.50,100.20,100.35,22675,0
APOLLOTYRE,20200316,11:36,100.45,100.70,100.35,100.55,4868,0
APOLLOTYRE,20200316,11:37,100.50,100.55,100.30,100.30,3480,0
APOLLOTYRE,20200316,11:38,100.30,100.30,100.10,100.30,3979,0
APOLLOTYRE,20200316,11:39,100.30,100.30,100.20,100.30,896,0
APOLLOTYRE,20200316,11:40,100.30,100.30,100.15,100.15,826,0
APOLLOTYRE,20200316,11:41,100.20,100.45,100.10,100.25,3618,0
APOLLOTYRE,20200316,11:42,100.25,100.35,100.15,100.20,6002,0
APOLLOTYRE,20200316,11:43,100.20,100.20,100.10,100.20,2987,0
APOLLOTYRE,20200316,11:44,100.25,100.35,100.10,100.10,3189,0
APOLLOTYRE,20200316,11:45,100.20,100.50,100.10,100.25,13983,0
APOLLOTYRE,20200316,11:46,100.20,100.20,100.00,100.05,5865,0
APOLLOTYRE,20200316,11:47,100.05,100.25,99.60,99.65,35823,0
APOLLOTYRE,20200316,11:48,99.75,100.00,99.60,99.95,17797,0
APOLLOTYRE,20200316,11:49,99.90,100.00,99.85,99.90,2559,0
APOLLOTYRE,20200316,11:50,99.90,100.25,99.90,100.15,8874,0
APOLLOTYRE,20200316,11:51,100.15,100.60,100.15,100.40,7210,0
APOLLOTYRE,20200316,11:52,100.60,100.80,100.50,100.75,4047,0
APOLLOTYRE,20200316,11:53,100.75,100.95,100.65,100.95,7040,0
APOLLOTYRE,20200316,11:54,100.95,100.95,100.75,100.85,4779,0
APOLLOTYRE,20200316,11:55,100.80,100.80,100.50,100.60,2248,0
APOLLOTYRE,20200316,11:56,100.60,100.70,100.50,100.65,3282,0
APOLLOTYRE,20200316,11:57,100.75,100.85,100.60,100.75,3215,0
APOLLOTYRE,20200316,11:58,100.75,100.75,100.60,100.75,1282,0
APOLLOTYRE,20200316,11:59,100.75,100.85,100.60,100.85,2017,0
APOLLOTYRE,20200316,12:00,100.85,100.85,100.55,100.55,2380,0
APOLLOTYRE,20200316,12:01,100.55,100.70,100.25,100.55,8538,0
APOLLOTYRE,20200316,12:02,100.50,100.55,100.20,100.25,2947,0
APOLLOTYRE,20200316,12:03,100.25,100.25,100.00,100.15,4188,0
APOLLOTYRE,20200316,12:04,100.10,100.10,99.75,100.05,20955,0
APOLLOTYRE,20200316,12:05,100.05,100.05,99.80,99.85,28431,0
APOLLOTYRE,20200316,12:06,99.85,99.95,99.80,99.90,5582,0
APOLLOTYRE,20200316,12:07,99.85,100.00,99.75,100.00,2363,0
APOLLOTYRE,20200316,12:08,99.90,100.00,99.75,99.80,14597,0
APOLLOTYRE,20200316,12:09,99.75,99.85,99.75,99.80,5074,0
APOLLOTYRE,20200316,12:10,99.80,99.90,99.80,99.80,2720,0
APOLLOTYRE,20200316,12:11,99.80,99.95,99.80,99.95,11276,0
APOLLOTYRE,20200316,12:12,99.90,100.25,99.90,100.20,68478,0
APOLLOTYRE,20200316,12:13,100.25,100.25,100.00,100.10,8198,0
APOLLOTYRE,20200316,12:14,100.10,100.10,100.00,100.00,3454,0
APOLLOTYRE,20200316,12:15,100.10,100.10,100.00,100.00,3599,0
APOLLOTYRE,20200316,12:16,100.10,100.10,100.00,100.00,11396,0
APOLLOTYRE,20200316,12:17,100.05,100.20,100.00,100.00,14619,0
APOLLOTYRE,20200316,12:18,100.10,100.20,100.00,100.20,37868,0
APOLLOTYRE,20200316,12:19,100.15,100.35,100.15,100.35,5110,0
APOLLOTYRE,20200316,12:20,100.20,100.20,99.90,100.10,29610,0
APOLLOTYRE,20200316,12:21,100.00,100.10,100.00,100.05,15173,0
APOLLOTYRE,20200316,12:22,100.05,100.20,100.05,100.15,2344,0
APOLLOTYRE,20200316,12:23,100.00,100.10,99.95,100.10,45163,0
APOLLOTYRE,20200316,12:24,100.05,100.05,99.25,99.25,46512,0
APOLLOTYRE,20200316,12:25,99.35,99.55,99.15,99.25,23324,0
APOLLOTYRE,20200316,12:26,99.30,99.60,99.30,99.60,7044,0
APOLLOTYRE,20200316,12:27,99.50,99.70,99.45,99.50,17331,0
APOLLOTYRE,20200316,12:28,99.50,99.60,99.35,99.35,25274,0
APOLLOTYRE,20200316,12:29,99.25,99.65,99.20,99.40,10986,0
APOLLOTYRE,20200316,12:30,99.45,99.65,99.40,99.60,7744,0
APOLLOTYRE,20200316,12:31,99.55,99.80,99.55,99.75,7360,0
APOLLOTYRE,20200316,12:32,99.80,100.00,99.65,99.90,10657,0
APOLLOTYRE,20200316,12:33,99.90,99.90,99.70,99.80,5034,0
APOLLOTYRE,20200316,12:34,99.85,100.05,99.80,99.95,6413,0
APOLLOTYRE,20200316,12:35,100.00,100.00,99.50,99.65,12727,0
APOLLOTYRE,20200316,12:36,99.65,100.05,99.60,100.05,14707,0
APOLLOTYRE,20200316,12:37,99.85,100.05,99.85,100.00,12110,0
APOLLOTYRE,20200316,12:38,100.00,100.50,100.00,100.45,32842,0
APOLLOTYRE,20200316,12:39,100.25,101.10,100.25,101.00,32617,0
APOLLOTYRE,20200316,12:40,100.90,101.20,100.80,101.15,12290,0
APOLLOTYRE,20200316,12:41,101.10,101.25,100.90,100.90,4501,0
APOLLOTYRE,20200316,12:42,100.95,100.95,100.70,100.75,7986,0
APOLLOTYRE,20200316,12:43,100.80,100.85,100.55,100.60,2551,0
APOLLOTYRE,20200316,12:44,100.65,100.85,100.55,100.85,6997,0
APOLLOTYRE,20200316,12:45,100.90,100.90,100.70,100.75,4018,0
APOLLOTYRE,20200316,12:46,100.80,100.80,100.50,100.70,4690,0
APOLLOTYRE,20200316,12:47,100.70,100.90,100.60,100.70,9853,0
APOLLOTYRE,20200316,12:48,100.80,100.95,100.75,100.80,2798,0
APOLLOTYRE,20200316,12:49,100.85,100.95,100.70,100.95,1124,0
APOLLOTYRE,20200316,12:50,100.75,101.10,100.75,100.80,8840,0
APOLLOTYRE,20200316,12:51,100.90,100.95,100.80,100.90,782,0
APOLLOTYRE,20200316,12:52,100.90,101.05,100.85,100.90,1438,0
APOLLOTYRE,20200316,12:53,100.95,100.95,100.50,100.55,5976,0
APOLLOTYRE,20200316,12:54,100.55,100.60,100.20,100.20,16234,0
APOLLOTYRE,20200316,12:55,100.25,100.60,100.20,100.45,3024,0
APOLLOTYRE,20200316,12:56,100.45,100.45,100.25,100.40,4194,0
APOLLOTYRE,20200316,12:57,100.30,100.45,100.20,100.45,5204,0
APOLLOTYRE,20200316,12:58,100.45,100.60,100.30,100.50,6837,0
APOLLOTYRE,20200316,12:59,100.50,100.60,100.50,100.60,3083,0
APOLLOTYRE,20200316,13:00,100.45,100.45,100.30,100.45,2132,0
APOLLOTYRE,20200316,13:01,100.50,100.55,100.20,100.20,10435,0
APOLLOTYRE,20200316,13:02,100.30,100.35,100.20,100.20,4028,0
APOLLOTYRE,20200316,13:03,100.20,100.30,100.15,100.15,1973,0
APOLLOTYRE,20200316,13:04,100.10,100.25,100.10,100.25,832,0
APOLLOTYRE,20200316,13:05,100.25,100.45,100.15,100.45,1856,0
APOLLOTYRE,20200316,13:06,100.50,100.55,100.20,100.30,1287,0
APOLLOTYRE,20200316,13:07,100.30,100.30,99.65,99.85,37379,0
APOLLOTYRE,20200316,13:08,99.90,100.05,99.60,100.00,34925,0
APOLLOTYRE,20200316,13:09,100.00,100.05,99.85,99.95,15009,0
APOLLOTYRE,20200316,13:10,99.90,100.00,99.85,99.85,17916,0
APOLLOTYRE,20200316,13:11,99.85,100.00,99.85,99.95,17986,0
APOLLOTYRE,20200316,13:12,99.95,100.25,99.90,100.25,7882,0
APOLLOTYRE,20200316,13:13,100.25,100.45,100.25,100.25,2137,0
APOLLOTYRE,20200316,13:14,100.25,100.40,100.20,100.20,6056,0
APOLLOTYRE,20200316,13:15,100.20,100.30,100.15,100.20,1954,0
APOLLOTYRE,20200316,13:16,100.30,100.30,99.90,100.10,14587,0
APOLLOTYRE,20200316,13:17,100.15,100.30,100.15,100.25,6291,0
APOLLOTYRE,20200316,13:18,100.25,100.45,100.15,100.30,7023,0
APOLLOTYRE,20200316,13:19,100.25,100.40,100.15,100.25,1788,0
APOLLOTYRE,20200316,13:20,100.25,100.30,100.20,100.30,1946,0
APOLLOTYRE,20200316,13:21,100.30,100.30,100.00,100.15,6268,0
APOLLOTYRE,20200316,13:22,100.15,100.25,100.05,100.05,2091,0
APOLLOTYRE,20200316,13:23,100.10,100.10,99.90,99.95,2008,0
APOLLOTYRE,20200316,13:24,99.95,100.20,99.85,100.20,25421,0
APOLLOTYRE,20200316,13:25,100.25,100.50,100.10,100.30,14981,0
APOLLOTYRE,20200316,13:26,100.25,100.45,100.25,100.40,580,0
APOLLOTYRE,20200316,13:27,100.30,100.40,100.30,100.30,161,0
APOLLOTYRE,20200316,13:28,100.30,100.50,100.30,100.35,4482,0
APOLLOTYRE,20200316,13:29,100.50,100.70,100.45,100.60,4963,0
APOLLOTYRE,20200316,13:30,100.40,100.65,100.40,100.45,4971,0
APOLLOTYRE,20200316,13:31,100.45,100.50,100.40,100.40,3009,0
APOLLOTYRE,20200316,13:32,100.40,100.50,100.30,100.45,9220,0
APOLLOTYRE,20200316,13:33,100.45,100.45,99.95,100.20,6698,0
APOLLOTYRE,20200316,13:34,100.20,100.20,100.00,100.15,796,0
APOLLOTYRE,20200316,13:35,100.15,100.15,99.95,100.05,732,0
APOLLOTYRE,20200316,13:36,100.05,100.35,100.05,100.35,1162,0
APOLLOTYRE,20200316,13:37,100.35,100.35,100.20,100.30,391,0
APOLLOTYRE,20200316,13:38,100.05,100.15,99.85,99.90,10753,0
APOLLOTYRE,20200316,13:39,100.00,100.10,99.85,99.95,16120,0
APOLLOTYRE,20200316,13:40,99.90,99.95,99.90,99.95,1611,0
APOLLOTYRE,20200316,13:41,99.95,100.00,99.85,100.00,7819,0
APOLLOTYRE,20200316,13:42,100.05,100.05,99.85,99.90,25696,0
APOLLOTYRE,20200316,13:43,99.90,99.90,99.85,99.85,25037,0
APOLLOTYRE,20200316,13:44,99.90,100.05,99.80,100.00,26573,0
APOLLOTYRE,20200316,13:45,99.95,99.95,99.85,99.95,9546,0
APOLLOTYRE,20200316,13:46,99.85,100.00,99.80,99.95,29866,0
APOLLOTYRE,20200316,13:47,99.90,99.90,99.85,99.90,5716,0
APOLLOTYRE,20200316,13:48,99.90,99.90,99.80,99.90,26267,0
APOLLOTYRE,20200316,13:49,99.85,99.95,99.85,99.90,28974,0
APOLLOTYRE,20200316,13:50,99.85,100.10,99.80,99.85,44365,0
APOLLOTYRE,20200316,13:51,99.90,100.00,99.85,100.00,43498,0
APOLLOTYRE,20200316,13:52,99.85,100.15,99.85,99.85,16268,0
APOLLOTYRE,20200316,13:53,100.00,100.10,99.95,99.95,2563,0
APOLLOTYRE,20200316,13:54,100.00,100.10,99.95,100.10,993,0
APOLLOTYRE,20200316,13:55,100.10,100.10,100.00,100.00,4373,0
APOLLOTYRE,20200316,13:56,100.00,100.60,100.00,100.60,36744,0
APOLLOTYRE,20200316,13:57,100.60,100.60,100.35,100.35,13938,0
APOLLOTYRE,20200316,13:58,100.40,100.40,100.15,100.25,2008,0
APOLLOTYRE,20200316,13:59,100.30,100.30,100.15,100.15,1169,0
APOLLOTYRE,20200316,14:00,100.20,100.20,99.70,99.85,23927,0
APOLLOTYRE,20200316,14:01,99.90,100.10,99.80,100.10,8366,0
APOLLOTYRE,20200316,14:02,99.95,100.15,99.90,100.10,13226,0
APOLLOTYRE,20200316,14:03,100.00,100.00,99.85,100.00,42657,0
APOLLOTYRE,20200316,14:04,99.90,100.00,99.80,100.00,28057,0
APOLLOTYRE,20200316,14:05,100.00,100.00,99.90,100.00,2119,0
APOLLOTYRE,20200316,14:06,99.90,100.00,99.75,99.90,20956,0
APOLLOTYRE,20200316,14:07,99.90,100.00,99.75,99.85,52211,0
APOLLOTYRE,20200316,14:08,99.95,99.95,99.80,99.85,53871,0
APOLLOTYRE,20200316,14:09,99.85,99.95,99.80,99.95,48645,0
APOLLOTYRE,20200316,14:10,99.95,100.00,99.85,100.00,24905,0
APOLLOTYRE,20200316,14:11,99.90,100.10,99.90,100.10,2394,0
APOLLOTYRE,20200316,14:12,100.15,100.15,99.75,99.90,10162,0
APOLLOTYRE,20200316,14:13,99.85,100.05,99.80,99.85,30865,0
APOLLOTYRE,20200316,14:14,99.80,100.00,99.80,100.00,10387,0
APOLLOTYRE,20200316,14:15,99.85,100.00,99.80,99.95,51796,0
APOLLOTYRE,20200316,14:16,99.80,100.00,99.80,99.90,23752,0
APOLLOTYRE,20200316,14:17,99.85,99.85,99.25,99.25,77601,0
APOLLOTYRE,20200316,14:18,99.30,99.30,98.80,98.90,64805,0
APOLLOTYRE,20200316,14:19,98.80,99.35,98.70,99.15,28680,0
APOLLOTYRE,20200316,14:20,99.30,99.35,98.80,99.10,31171,0
APOLLOTYRE,20200316,14:21,99.15,99.30,98.70,98.90,25373,0
APOLLOTYRE,20200316,14:22,99.10,99.10,98.70,98.75,28316,0
APOLLOTYRE,20200316,14:23,98.70,98.75,98.50,98.55,16360,0
APOLLOTYRE,20200316,14:24,98.50,98.65,98.35,98.50,9414,0
APOLLOTYRE,20200316,14:25,98.60,98.65,98.45,98.50,14560,0
APOLLOTYRE,20200316,14:26,98.40,98.65,98.40,98.60,13088,0
APOLLOTYRE,20200316,14:27,98.70,98.80,98.45,98.60,18962,0
APOLLOTYRE,20200316,14:28,98.60,99.00,98.60,99.00,8631,0
APOLLOTYRE,20200316,14:29,98.80,99.25,98.80,99.20,8430,0
APOLLOTYRE,20200316,14:30,99.10,99.40,99.10,99.25,7712,0
APOLLOTYRE,20200316,14:31,99.40,99.40,98.95,99.05,14779,0
APOLLOTYRE,20200316,14:32,99.10,99.25,98.90,98.95,4153,0
APOLLOTYRE,20200316,14:33,99.05,99.15,98.95,99.00,2751,0
APOLLOTYRE,20200316,14:34,98.95,99.05,98.60,98.75,9392,0
APOLLOTYRE,20200316,14:35,98.60,98.85,98.60,98.75,4223,0
APOLLOTYRE,20200316,14:36,98.70,98.85,98.65,98.75,6511,0
APOLLOTYRE,20200316,14:37,98.65,99.00,98.65,99.00,3788,0
APOLLOTYRE,20200316,14:38,99.05,99.15,98.95,99.15,4225,0
APOLLOTYRE,20200316,14:39,99.10,99.15,99.00,99.15,7205,0
APOLLOTYRE,20200316,14:40,99.15,99.25,99.00,99.10,4641,0
APOLLOTYRE,20200316,14:41,98.95,99.50,98.95,99.20,7717,0
APOLLOTYRE,20200316,14:42,99.15,99.20,98.90,98.95,5934,0
APOLLOTYRE,20200316,14:43,99.00,99.15,99.00,99.00,4602,0
APOLLOTYRE,20200316,14:44,99.00,99.00,98.80,98.80,6646,0
APOLLOTYRE,20200316,14:45,98.80,99.10,98.80,99.10,10818,0
APOLLOTYRE,20200316,14:46,99.25,99.25,98.80,98.90,3968,0
APOLLOTYRE,20200316,14:47,98.90,99.20,98.80,99.20,7874,0
APOLLOTYRE,20200316,14:48,99.05,99.15,98.90,99.00,3750,0
APOLLOTYRE,20200316,14:49,99.00,99.10,98.90,98.90,2989,0
APOLLOTYRE,20200316,14:50,99.05,99.15,98.90,99.10,5350,0
APOLLOTYRE,20200316,14:51,99.10,99.20,98.90,99.05,8553,0
APOLLOTYRE,20200316,14:52,99.05,99.10,99.00,99.05,3259,0
APOLLOTYRE,20200316,14:53,99.10,99.10,99.00,99.10,4088,0
APOLLOTYRE,20200316,14:54,99.00,99.10,99.00,99.05,5942,0
APOLLOTYRE,20200316,14:55,99.10,99.25,99.05,99.25,10752,0
APOLLOTYRE,20200316,14:56,99.25,99.25,98.65,98.85,22003,0
APOLLOTYRE,20200316,14:57,98.80,98.80,98.50,98.60,13706,0
APOLLOTYRE,20200316,14:58,98.60,98.60,98.20,98.45,10591,0
APOLLOTYRE,20200316,14:59,98.30,98.35,98.10,98.20,10583,0
APOLLOTYRE,20200316,15:00,98.10,98.15,97.80,97.80,35698,0
APOLLOTYRE,20200316,15:01,97.75,97.85,97.65,97.80,10376,0
APOLLOTYRE,20200316,15:02,97.70,97.75,97.60,97.75,6104,0
APOLLOTYRE,20200316,15:03,97.75,97.75,97.60,97.70,5160,0
APOLLOTYRE,20200316,15:04,97.80,97.95,97.75,97.90,6606,0
APOLLOTYRE,20200316,15:05,97.95,98.05,97.80,97.95,5399,0
APOLLOTYRE,20200316,15:06,97.90,98.10,97.90,98.10,11897,0
APOLLOTYRE,20200316,15:07,98.05,98.20,97.95,98.15,5714,0
APOLLOTYRE,20200316,15:08,98.15,98.20,98.05,98.20,5281,0
APOLLOTYRE,20200316,15:09,98.10,98.20,98.10,98.10,3687,0
APOLLOTYRE,20200316,15:10,98.20,98.20,98.10,98.10,3602,0
APOLLOTYRE,20200316,15:11,98.20,98.40,98.10,98.30,20758,0
APOLLOTYRE,20200316,15:12,98.40,98.50,98.15,98.20,17881,0
APOLLOTYRE,20200316,15:13,98.35,98.35,98.10,98.15,8374,0
APOLLOTYRE,20200316,15:14,98.20,98.20,97.85,98.05,10883,0
APOLLOTYRE,20200316,15:15,98.05,98.05,97.70,97.75,5370,0
APOLLOTYRE,20200316,15:16,97.80,97.80,97.55,97.65,8855,0
APOLLOTYRE,20200316,15:17,97.55,97.70,97.50,97.65,14121,0
APOLLOTYRE,20200316,15:18,97.60,97.75,97.55,97.55,5907,0
APOLLOTYRE,20200316,15:19,97.65,97.65,97.40,97.55,10240,0
APOLLOTYRE,20200316,15:20,97.60,97.80,97.20,97.25,27255,0
APOLLOTYRE,20200316,15:21,97.35,97.40,97.00,97.30,34612,0
APOLLOTYRE,20200316,15:22,97.25,97.30,97.05,97.20,8145,0
APOLLOTYRE,20200316,15:23,97.15,97.40,97.10,97.30,7807,0
APOLLOTYRE,20200316,15:24,97.55,97.55,97.25,97.25,6334,0
APOLLOTYRE,20200316,15:25,97.35,97.40,97.05,97.05,7159,0
APOLLOTYRE,20200316,15:26,97.05,97.25,97.05,97.05,12563,0
APOLLOTYRE,20200316,15:27,97.05,97.20,97.05,97.05,3172,0
APOLLOTYRE,20200316,15:28,97.15,97.15,97.00,97.10,6399,0
APOLLOTYRE,20200316,15:29,97.05,97.05,96.75,96.75,19959,0
APOLLOTYRE,20200316,15:30,97.00,97.30,96.70,97.00,4984,0
APOLLOTYRE,20200316,15:34,97.60,97.60,97.60,97.60,0,0
APOLLOTYRE,20200316,15:41,97.60,97.60,97.60,97.60,100,0
APOLLOTYRE,20200316,16:39,97.60,97.60,97.60,97.60,0,0
