RECLTD_F1,20211001,09:16,157.35,158.20,157.10,158.20,108000,22614000
RECLTD_F1,20211001,09:17,157.40,158.10,157.00,157.00,162000,22614000
RECLTD_F1,20211001,09:18,156.85,157.45,156.85,157.45,96000,22614000
RECLTD_F1,20211001,09:19,157.80,158.60,157.80,158.10,150000,22614000
RECLTD_F1,20211001,09:20,158.35,158.65,158.00,158.65,162000,22614000
RECLTD_F1,20211001,09:21,158.45,158.50,158.10,158.25,84000,22692000
RECLTD_F1,20211001,09:22,157.75,157.75,157.70,157.70,78000,22692000
RECLTD_F1,20211001,09:23,157.60,158.10,157.60,158.10,114000,22692000
RECLTD_F1,20211001,09:24,158.10,158.20,157.90,157.90,42000,22692000
RECLTD_F1,20211001,09:25,158.00,158.10,157.70,158.10,36000,22692000
RECLTD_F1,20211001,09:26,157.75,157.75,157.50,157.50,24000,22692000
RECLTD_F1,20211001,09:27,157.40,157.80,157.40,157.80,54000,22692000
RECLTD_F1,20211001,09:28,157.75,158.00,157.75,158.00,30000,22728000
RECLTD_F1,20211001,09:29,158.05,158.05,157.50,157.50,138000,22728000
RECLTD_F1,20211001,09:30,156.85,157.50,156.85,157.30,138000,22704000
RECLTD_F1,20211001,09:31,157.30,157.30,157.10,157.20,42000,22704000
RECLTD_F1,20211001,09:32,157.20,157.45,156.95,157.45,78000,22704000
RECLTD_F1,20211001,09:33,157.45,157.95,157.45,157.95,30000,22704000
RECLTD_F1,20211001,09:34,158.10,158.10,157.95,157.95,48000,22704000
RECLTD_F1,20211001,09:35,158.20,158.45,158.20,158.45,54000,22704000
RECLTD_F1,20211001,09:36,158.30,158.35,158.30,158.35,36000,22704000
RECLTD_F1,20211001,09:37,158.15,158.35,158.15,158.20,24000,22728000
RECLTD_F1,20211001,09:38,158.05,158.25,158.05,158.25,36000,22728000
RECLTD_F1,20211001,09:39,158.00,158.00,158.00,158.00,12000,22722000
RECLTD_F1,20211001,09:40,157.70,157.70,157.70,157.70,18000,22722000
RECLTD_F1,20211001,09:41,157.70,157.70,157.35,157.35,48000,22722000
RECLTD_F1,20211001,09:44,157.60,157.60,157.35,157.35,30000,22698000
RECLTD_F1,20211001,09:45,157.15,157.15,157.15,157.15,6000,22698000
RECLTD_F1,20211001,09:46,156.90,156.90,156.85,156.85,42000,22704000
RECLTD_F1,20211001,09:47,156.60,156.85,156.60,156.80,18000,22704000
RECLTD_F1,20211001,09:48,156.80,156.80,156.65,156.65,18000,22716000
RECLTD_F1,20211001,09:49,156.60,156.90,156.60,156.90,18000,22716000
RECLTD_F1,20211001,09:50,156.75,156.75,156.75,156.75,6000,22716000
RECLTD_F1,20211001,09:51,156.60,156.60,156.20,156.35,60000,22758000
RECLTD_F1,20211001,09:52,156.25,156.40,156.25,156.25,30000,22758000
RECLTD_F1,20211001,09:53,156.40,156.40,156.40,156.40,6000,22758000
RECLTD_F1,20211001,09:55,156.25,156.45,156.15,156.45,30000,22704000
RECLTD_F1,20211001,09:56,156.35,156.35,156.35,156.35,6000,22704000
RECLTD_F1,20211001,09:57,156.35,156.60,156.25,156.60,30000,22722000
RECLTD_F1,20211001,09:58,156.70,156.70,156.55,156.55,30000,22722000
RECLTD_F1,20211001,10:00,156.80,156.80,156.80,156.80,24000,22722000
RECLTD_F1,20211001,10:01,156.80,156.80,156.75,156.75,18000,22722000
RECLTD_F1,20211001,10:02,156.60,156.65,156.40,156.40,18000,22722000
RECLTD_F1,20211001,10:03,156.40,156.40,156.40,156.40,12000,22722000
RECLTD_F1,20211001,10:04,156.25,156.25,156.25,156.25,12000,22692000
RECLTD_F1,20211001,10:05,156.50,156.50,156.50,156.50,48000,22692000
RECLTD_F1,20211001,10:06,156.70,156.70,156.70,156.70,12000,22692000
RECLTD_F1,20211001,10:07,156.75,156.75,156.75,156.75,6000,22692000
RECLTD_F1,20211001,10:11,156.90,156.90,156.90,156.90,24000,22662000
RECLTD_F1,20211001,10:12,156.90,156.90,156.90,156.90,6000,22656000
RECLTD_F1,20211001,10:14,156.85,156.85,156.40,156.40,24000,22656000
RECLTD_F1,20211001,10:15,156.55,156.80,156.55,156.80,12000,22656000
RECLTD_F1,20211001,10:17,156.90,157.25,156.90,157.25,24000,22656000
RECLTD_F1,20211001,10:18,157.60,157.65,157.60,157.65,18000,22668000
RECLTD_F1,20211001,10:20,157.40,157.40,157.30,157.30,30000,22668000
RECLTD_F1,20211001,10:22,157.00,157.00,156.95,156.95,12000,22650000
RECLTD_F1,20211001,10:23,157.00,157.00,157.00,157.00,12000,22650000
RECLTD_F1,20211001,10:25,157.00,157.00,157.00,157.00,6000,22650000
RECLTD_F1,20211001,10:26,157.10,157.10,156.80,156.80,18000,22662000
RECLTD_F1,20211001,10:27,156.75,156.75,156.75,156.75,12000,22662000
RECLTD_F1,20211001,10:28,156.60,156.60,156.60,156.60,12000,22662000
RECLTD_F1,20211001,10:29,156.65,156.65,156.55,156.55,36000,22686000
RECLTD_F1,20211001,10:30,156.60,156.65,156.60,156.65,24000,22692000
RECLTD_F1,20211001,10:31,156.30,156.45,156.25,156.25,42000,22692000
RECLTD_F1,20211001,10:32,156.25,156.25,156.25,156.25,6000,22692000
RECLTD_F1,20211001,10:33,156.15,156.15,155.80,156.00,150000,22716000
RECLTD_F1,20211001,10:34,155.95,155.95,155.95,155.95,12000,22716000
RECLTD_F1,20211001,10:35,155.85,155.90,155.85,155.90,18000,22716000
RECLTD_F1,20211001,10:36,155.65,155.80,155.60,155.60,90000,22716000
RECLTD_F1,20211001,10:37,155.65,155.65,155.60,155.60,30000,22716000
RECLTD_F1,20211001,10:38,155.55,155.55,155.50,155.50,12000,22716000
RECLTD_F1,20211001,10:39,155.70,155.70,155.55,155.55,42000,22704000
RECLTD_F1,20211001,10:40,155.80,155.80,155.75,155.75,12000,22704000
RECLTD_F1,20211001,10:41,155.80,156.00,155.80,156.00,30000,22704000
RECLTD_F1,20211001,10:42,156.05,156.05,156.05,156.05,12000,22704000
RECLTD_F1,20211001,10:43,156.15,156.15,155.90,155.90,18000,22710000
RECLTD_F1,20211001,10:44,155.80,156.15,155.80,156.15,24000,22710000
RECLTD_F1,20211001,10:45,156.00,156.00,156.00,156.00,6000,22710000
RECLTD_F1,20211001,10:46,156.00,156.00,156.00,156.00,6000,22710000
RECLTD_F1,20211001,10:47,156.00,156.00,156.00,156.00,24000,22710000
RECLTD_F1,20211001,10:48,156.20,156.20,156.20,156.20,18000,22710000
RECLTD_F1,20211001,10:49,156.30,156.30,156.00,156.10,48000,22698000
RECLTD_F1,20211001,10:52,156.10,156.10,155.70,155.70,108000,22668000
RECLTD_F1,20211001,10:53,155.60,155.75,155.60,155.65,24000,22668000
RECLTD_F1,20211001,10:54,155.60,155.75,155.60,155.75,12000,22770000
RECLTD_F1,20211001,10:55,155.80,155.95,155.80,155.95,66000,22770000
RECLTD_F1,20211001,10:56,155.90,155.90,155.90,155.90,24000,22770000
RECLTD_F1,20211001,10:57,156.00,156.00,156.00,156.00,12000,22770000
RECLTD_F1,20211001,10:58,155.80,155.80,155.70,155.70,18000,22764000
RECLTD_F1,20211001,10:59,155.80,155.80,155.65,155.65,30000,22764000
RECLTD_F1,20211001,11:00,155.55,155.55,155.55,155.55,30000,22764000
RECLTD_F1,20211001,11:01,155.65,155.65,155.50,155.50,36000,22788000
RECLTD_F1,20211001,11:02,155.50,155.50,155.40,155.50,24000,22788000
RECLTD_F1,20211001,11:03,155.40,155.40,155.40,155.40,12000,22752000
RECLTD_F1,20211001,11:04,155.45,155.80,155.45,155.80,30000,22752000
RECLTD_F1,20211001,11:05,155.70,155.90,155.65,155.90,24000,22752000
RECLTD_F1,20211001,11:06,155.55,155.55,155.55,155.55,6000,22752000
RECLTD_F1,20211001,11:07,155.65,155.85,155.65,155.85,18000,22782000
RECLTD_F1,20211001,11:08,155.90,155.95,155.80,155.80,42000,22782000
RECLTD_F1,20211001,11:11,155.85,155.95,155.85,155.95,12000,22794000
RECLTD_F1,20211001,11:12,156.00,156.00,156.00,156.00,6000,22794000
RECLTD_F1,20211001,11:13,156.20,156.20,156.20,156.20,6000,22806000
RECLTD_F1,20211001,11:17,156.25,156.25,156.00,156.10,18000,22800000
RECLTD_F1,20211001,11:18,156.25,156.25,156.25,156.25,6000,22800000
RECLTD_F1,20211001,11:20,156.00,156.00,156.00,156.00,6000,22806000
RECLTD_F1,20211001,11:21,156.15,156.25,156.15,156.25,18000,22806000
RECLTD_F1,20211001,11:22,156.40,156.40,156.40,156.40,6000,22806000
RECLTD_F1,20211001,11:23,156.20,156.20,156.20,156.20,12000,22806000
RECLTD_F1,20211001,11:25,156.30,156.30,156.30,156.30,6000,22812000
RECLTD_F1,20211001,11:27,156.10,156.25,156.10,156.25,36000,22812000
RECLTD_F1,20211001,11:28,156.25,156.25,156.25,156.25,6000,22812000
RECLTD_F1,20211001,11:29,156.30,156.30,156.30,156.30,6000,22812000
RECLTD_F1,20211001,11:30,156.10,156.10,156.10,156.10,6000,22812000
RECLTD_F1,20211001,11:31,156.20,156.20,156.20,156.20,6000,22824000
RECLTD_F1,20211001,11:34,156.35,156.35,156.35,156.35,12000,22824000
RECLTD_F1,20211001,11:36,156.25,156.35,156.25,156.35,12000,22824000
RECLTD_F1,20211001,11:38,156.10,156.10,156.10,156.10,6000,22824000
RECLTD_F1,20211001,11:40,156.20,156.20,156.20,156.20,6000,22812000
RECLTD_F1,20211001,11:41,156.35,156.45,156.35,156.45,12000,22812000
RECLTD_F1,20211001,11:42,156.30,156.30,156.30,156.30,6000,22818000
RECLTD_F1,20211001,11:43,156.25,156.25,156.25,156.25,12000,22818000
RECLTD_F1,20211001,11:44,156.20,156.20,156.20,156.20,6000,22818000
RECLTD_F1,20211001,11:45,156.20,156.20,156.20,156.20,24000,22818000
RECLTD_F1,20211001,11:46,156.10,156.15,156.10,156.15,12000,22824000
RECLTD_F1,20211001,11:47,156.25,156.25,156.25,156.25,6000,22824000
RECLTD_F1,20211001,11:48,156.45,156.45,156.45,156.45,6000,22824000
RECLTD_F1,20211001,11:49,156.20,156.20,156.10,156.15,18000,22842000
RECLTD_F1,20211001,11:50,156.10,156.10,156.00,156.00,30000,22842000
RECLTD_F1,20211001,11:51,155.95,155.95,155.75,155.75,24000,22842000
RECLTD_F1,20211001,11:53,155.80,155.80,155.65,155.65,18000,22848000
RECLTD_F1,20211001,11:54,155.60,155.60,155.60,155.60,6000,22848000
RECLTD_F1,20211001,11:55,155.55,155.55,155.55,155.55,12000,22836000
RECLTD_F1,20211001,12:01,155.45,155.45,155.45,155.45,6000,22836000
RECLTD_F1,20211001,12:02,155.65,155.65,155.65,155.65,12000,22842000
RECLTD_F1,20211001,12:05,155.40,155.50,155.40,155.50,24000,22842000
RECLTD_F1,20211001,12:06,155.40,155.45,155.35,155.35,30000,22842000
RECLTD_F1,20211001,12:07,155.40,155.40,155.35,155.35,12000,22854000
RECLTD_F1,20211001,12:08,155.30,155.65,155.30,155.65,66000,22854000
RECLTD_F1,20211001,12:09,155.50,155.50,155.50,155.50,12000,22854000
RECLTD_F1,20211001,12:12,155.30,155.55,155.30,155.55,12000,22854000
RECLTD_F1,20211001,12:13,155.40,155.40,155.40,155.40,6000,22830000
RECLTD_F1,20211001,12:14,155.20,155.20,155.20,155.20,12000,22830000
RECLTD_F1,20211001,12:16,155.15,155.15,155.10,155.10,12000,22836000
RECLTD_F1,20211001,12:18,155.05,155.05,155.05,155.05,12000,22836000
RECLTD_F1,20211001,12:19,155.10,155.10,155.00,155.00,24000,22842000
RECLTD_F1,20211001,12:20,155.00,155.00,155.00,155.00,12000,22842000
RECLTD_F1,20211001,12:21,155.15,155.15,155.15,155.15,12000,22842000
RECLTD_F1,20211001,12:22,155.05,155.05,154.90,154.95,96000,22842000
RECLTD_F1,20211001,12:24,155.25,155.25,155.25,155.25,12000,22842000
RECLTD_F1,20211001,12:25,154.95,154.95,154.95,154.95,24000,22866000
RECLTD_F1,20211001,12:27,154.85,154.85,154.85,154.85,12000,22866000
RECLTD_F1,20211001,12:28,154.95,154.95,154.95,154.95,6000,22860000
RECLTD_F1,20211001,12:29,155.00,155.00,155.00,155.00,6000,22860000
RECLTD_F1,20211001,12:31,154.95,155.05,154.95,155.05,12000,22860000
RECLTD_F1,20211001,12:32,154.90,154.90,154.90,154.90,6000,22860000
RECLTD_F1,20211001,12:33,155.00,155.00,155.00,155.00,6000,22860000
RECLTD_F1,20211001,12:34,154.90,154.90,154.90,154.90,12000,22884000
RECLTD_F1,20211001,12:35,154.80,154.80,154.80,154.80,6000,22884000
RECLTD_F1,20211001,12:36,154.85,154.85,154.85,154.85,6000,22884000
RECLTD_F1,20211001,12:37,154.65,154.75,154.65,154.75,30000,22890000
RECLTD_F1,20211001,12:38,154.75,154.75,154.75,154.75,6000,22890000
RECLTD_F1,20211001,12:39,154.80,154.90,154.65,154.65,24000,22890000
RECLTD_F1,20211001,12:40,154.80,154.80,154.80,154.80,6000,22926000
RECLTD_F1,20211001,12:41,154.60,154.75,154.60,154.75,12000,22926000
RECLTD_F1,20211001,12:42,154.80,154.80,154.80,154.80,18000,22926000
RECLTD_F1,20211001,12:45,154.65,154.65,154.55,154.55,18000,22938000
RECLTD_F1,20211001,12:46,154.55,154.55,154.35,154.35,36000,22950000
RECLTD_F1,20211001,12:47,154.30,154.30,154.30,154.30,6000,22950000
RECLTD_F1,20211001,12:48,154.30,154.40,154.30,154.40,18000,22950000
RECLTD_F1,20211001,12:49,154.40,154.50,154.40,154.50,30000,22980000
RECLTD_F1,20211001,12:50,154.55,154.55,154.55,154.55,18000,22980000
RECLTD_F1,20211001,12:52,154.40,154.50,154.40,154.50,12000,23004000
RECLTD_F1,20211001,12:56,154.50,154.50,154.50,154.50,12000,23004000
RECLTD_F1,20211001,12:57,154.45,155.00,154.45,155.00,30000,23004000
RECLTD_F1,20211001,12:58,154.40,154.45,154.40,154.40,42000,22968000
RECLTD_F1,20211001,13:00,154.55,154.55,154.55,154.55,18000,22968000
RECLTD_F1,20211001,13:02,154.85,154.85,154.70,154.70,42000,22962000
RECLTD_F1,20211001,13:04,154.55,154.55,154.50,154.55,36000,22980000
RECLTD_F1,20211001,13:05,154.50,154.70,154.50,154.70,12000,22980000
RECLTD_F1,20211001,13:06,154.60,154.60,154.60,154.60,6000,22980000
RECLTD_F1,20211001,13:08,154.65,154.65,154.60,154.60,18000,22986000
RECLTD_F1,20211001,13:09,154.70,154.70,154.55,154.55,18000,22986000
RECLTD_F1,20211001,13:10,154.60,154.60,154.60,154.60,12000,23016000
RECLTD_F1,20211001,13:11,154.90,154.90,154.90,154.90,48000,23016000
RECLTD_F1,20211001,13:12,154.85,154.85,154.85,154.85,12000,23016000
RECLTD_F1,20211001,13:14,154.75,154.75,154.75,154.75,6000,23040000
RECLTD_F1,20211001,13:15,154.75,155.00,154.75,154.75,54000,23040000
RECLTD_F1,20211001,13:16,154.20,154.20,154.20,154.20,72000,23058000
RECLTD_F1,20211001,13:17,154.30,154.35,154.30,154.35,18000,23058000
RECLTD_F1,20211001,13:19,154.25,154.25,154.25,154.25,30000,23100000
RECLTD_F1,20211001,13:20,154.25,154.35,154.25,154.35,18000,23100000
RECLTD_F1,20211001,13:22,154.50,154.50,154.50,154.50,6000,23124000
RECLTD_F1,20211001,13:23,154.55,154.55,154.50,154.50,36000,23124000
RECLTD_F1,20211001,13:24,154.50,154.50,154.50,154.50,6000,23124000
RECLTD_F1,20211001,13:25,154.50,154.50,154.50,154.50,6000,23124000
RECLTD_F1,20211001,13:26,154.60,154.75,154.60,154.75,30000,23166000
RECLTD_F1,20211001,13:28,154.80,154.80,154.80,154.80,18000,23166000
RECLTD_F1,20211001,13:29,155.15,155.15,154.95,154.95,24000,23184000
RECLTD_F1,20211001,13:30,154.95,154.95,154.90,154.95,18000,23184000
RECLTD_F1,20211001,13:31,154.80,154.80,154.80,154.80,12000,23196000
RECLTD_F1,20211001,13:33,154.90,154.90,154.90,154.90,6000,23196000
RECLTD_F1,20211001,13:34,154.80,154.80,154.80,154.80,18000,23196000
RECLTD_F1,20211001,13:35,155.00,155.00,155.00,155.00,6000,23202000
RECLTD_F1,20211001,13:36,154.75,154.75,154.75,154.75,6000,23202000
RECLTD_F1,20211001,13:38,154.75,154.75,154.75,154.75,6000,23172000
RECLTD_F1,20211001,13:39,154.85,154.90,154.75,154.75,24000,23172000
RECLTD_F1,20211001,13:41,154.75,154.75,154.75,154.75,6000,23184000
RECLTD_F1,20211001,13:42,154.60,154.60,154.60,154.60,12000,23184000
RECLTD_F1,20211001,13:43,154.60,154.60,154.50,154.50,12000,23184000
RECLTD_F1,20211001,13:46,154.70,154.90,154.70,154.90,30000,23202000
RECLTD_F1,20211001,13:47,154.90,154.90,154.75,154.75,12000,23202000
RECLTD_F1,20211001,13:48,154.75,154.85,154.75,154.85,24000,23202000
RECLTD_F1,20211001,13:49,154.75,154.75,154.75,154.75,18000,23244000
RECLTD_F1,20211001,13:50,154.70,154.80,154.70,154.80,24000,23244000
RECLTD_F1,20211001,13:52,154.80,154.90,154.80,154.90,18000,23262000
RECLTD_F1,20211001,13:53,155.00,155.15,154.95,154.95,36000,23262000
RECLTD_F1,20211001,13:54,154.90,154.90,154.90,154.90,6000,23262000
RECLTD_F1,20211001,13:55,154.95,154.95,154.95,154.95,12000,23262000
RECLTD_F1,20211001,13:56,154.90,154.90,154.90,154.90,18000,23298000
RECLTD_F1,20211001,13:57,155.10,155.10,155.10,155.10,6000,23298000
RECLTD_F1,20211001,13:58,155.10,155.10,155.00,155.00,12000,23298000
RECLTD_F1,20211001,13:59,154.75,154.75,154.60,154.75,24000,23316000
RECLTD_F1,20211001,14:00,154.65,154.75,154.65,154.75,18000,23316000
RECLTD_F1,20211001,14:01,154.90,154.90,154.90,154.90,6000,23316000
RECLTD_F1,20211001,14:02,155.10,155.20,155.10,155.20,18000,23304000
RECLTD_F1,20211001,14:03,155.00,155.00,154.95,154.95,12000,23304000
RECLTD_F1,20211001,14:04,154.80,154.80,154.80,154.80,6000,23304000
RECLTD_F1,20211001,14:05,154.75,154.85,154.75,154.85,12000,23316000
RECLTD_F1,20211001,14:06,154.90,155.00,154.90,155.00,24000,23316000
RECLTD_F1,20211001,14:07,155.15,155.15,155.15,155.15,6000,23328000
RECLTD_F1,20211001,14:08,155.05,155.05,155.00,155.00,30000,23328000
RECLTD_F1,20211001,14:09,154.95,154.95,154.95,154.95,6000,23328000
RECLTD_F1,20211001,14:10,155.05,155.05,155.05,155.05,6000,23328000
RECLTD_F1,20211001,14:11,155.40,155.40,155.40,155.40,66000,23328000
RECLTD_F1,20211001,14:12,155.25,155.35,155.25,155.30,48000,23328000
RECLTD_F1,20211001,14:13,155.30,155.30,155.30,155.30,12000,23376000
RECLTD_F1,20211001,14:14,155.30,155.30,155.25,155.25,12000,23376000
RECLTD_F1,20211001,14:15,154.80,155.20,154.80,155.20,24000,23376000
RECLTD_F1,20211001,14:16,155.45,155.65,155.20,155.20,66000,23376000
RECLTD_F1,20211001,14:17,155.20,155.20,155.00,155.00,12000,23424000
RECLTD_F1,20211001,14:18,155.00,155.00,154.90,154.90,24000,23424000
RECLTD_F1,20211001,14:19,155.20,155.20,155.20,155.20,6000,23448000
RECLTD_F1,20211001,14:20,155.25,155.25,155.25,155.25,18000,23448000
RECLTD_F1,20211001,14:21,155.45,155.50,155.45,155.50,36000,23448000
RECLTD_F1,20211001,14:22,155.40,155.55,155.40,155.55,54000,23508000
RECLTD_F1,20211001,14:23,155.55,155.55,155.50,155.50,42000,23508000
RECLTD_F1,20211001,14:24,155.50,155.50,155.40,155.40,12000,23508000
RECLTD_F1,20211001,14:25,155.35,155.50,155.35,155.35,18000,23514000
RECLTD_F1,20211001,14:26,155.55,155.55,155.55,155.55,30000,23514000
RECLTD_F1,20211001,14:27,155.50,155.55,155.50,155.50,30000,23514000
RECLTD_F1,20211001,14:28,155.40,155.55,155.40,155.55,18000,23556000
RECLTD_F1,20211001,14:29,155.55,155.65,155.55,155.65,48000,23556000
RECLTD_F1,20211001,14:30,155.70,155.75,155.70,155.75,30000,23556000
RECLTD_F1,20211001,14:31,155.70,156.00,155.70,156.00,72000,23616000
RECLTD_F1,20211001,14:32,156.00,156.15,156.00,156.15,42000,23616000
RECLTD_F1,20211001,14:33,156.10,156.10,156.00,156.00,66000,23616000
RECLTD_F1,20211001,14:34,156.00,156.00,155.95,155.95,18000,23616000
RECLTD_F1,20211001,14:35,156.05,156.30,156.05,156.30,60000,23664000
RECLTD_F1,20211001,14:36,156.30,156.70,156.30,156.70,126000,23664000
RECLTD_F1,20211001,14:37,156.70,156.70,156.60,156.60,78000,23664000
RECLTD_F1,20211001,14:38,156.60,156.70,156.60,156.70,48000,23664000
RECLTD_F1,20211001,14:39,156.70,156.75,156.70,156.75,84000,23664000
RECLTD_F1,20211001,14:40,156.95,156.95,156.75,156.75,42000,23664000
RECLTD_F1,20211001,14:41,156.85,156.90,156.85,156.90,30000,23598000
RECLTD_F1,20211001,14:42,157.00,157.00,156.45,156.45,114000,23598000
RECLTD_F1,20211001,14:43,156.60,156.60,156.60,156.60,18000,23598000
RECLTD_F1,20211001,14:44,156.50,156.50,156.50,156.50,48000,23640000
RECLTD_F1,20211001,14:45,156.60,156.80,156.60,156.80,18000,23640000
RECLTD_F1,20211001,14:46,156.85,156.85,156.80,156.80,78000,23634000
RECLTD_F1,20211001,14:47,156.80,156.80,156.80,156.80,12000,23634000
RECLTD_F1,20211001,14:48,156.80,156.80,156.65,156.80,24000,23634000
RECLTD_F1,20211001,14:50,156.50,156.50,156.45,156.45,18000,23622000
RECLTD_F1,20211001,14:51,156.50,156.50,156.50,156.50,6000,23622000
RECLTD_F1,20211001,14:52,156.70,156.75,156.70,156.70,30000,23622000
RECLTD_F1,20211001,14:54,156.65,156.80,156.65,156.80,24000,23604000
RECLTD_F1,20211001,14:55,156.80,157.10,156.80,157.05,120000,23604000
RECLTD_F1,20211001,14:56,157.05,157.05,157.05,157.05,6000,23628000
RECLTD_F1,20211001,14:59,156.75,156.80,156.75,156.80,18000,23646000
RECLTD_F1,20211001,15:01,156.90,157.10,156.90,157.10,42000,23646000
RECLTD_F1,20211001,15:02,157.10,157.20,157.10,157.20,30000,23646000
RECLTD_F1,20211001,15:03,157.20,157.20,157.20,157.20,6000,23646000
RECLTD_F1,20211001,15:04,157.15,157.15,157.15,157.15,36000,23658000
RECLTD_F1,20211001,15:05,157.15,157.20,157.10,157.20,60000,23658000
RECLTD_F1,20211001,15:06,157.10,157.15,157.10,157.15,24000,23658000
RECLTD_F1,20211001,15:07,157.00,157.00,156.95,156.95,24000,23658000
RECLTD_F1,20211001,15:08,156.80,156.80,156.75,156.75,30000,23658000
RECLTD_F1,20211001,15:10,156.90,157.00,156.90,157.00,12000,23676000
RECLTD_F1,20211001,15:11,156.95,157.10,156.90,156.90,36000,23676000
RECLTD_F1,20211001,15:12,156.90,156.90,156.90,156.90,6000,23676000
RECLTD_F1,20211001,15:14,156.90,156.90,156.90,156.90,30000,23670000
RECLTD_F1,20211001,15:15,156.80,156.80,156.75,156.75,30000,23670000
RECLTD_F1,20211001,15:16,156.95,156.95,156.90,156.95,24000,23652000
RECLTD_F1,20211001,15:17,156.90,156.90,156.90,156.90,18000,23652000
RECLTD_F1,20211001,15:18,156.90,156.90,156.85,156.85,30000,23652000
RECLTD_F1,20211001,15:19,156.85,156.85,156.80,156.80,18000,23652000
RECLTD_F1,20211001,15:20,156.80,156.80,156.70,156.70,60000,23652000
RECLTD_F1,20211001,15:21,156.95,156.95,156.90,156.90,60000,23652000
RECLTD_F1,20211001,15:22,157.05,157.05,156.90,156.90,30000,23652000
RECLTD_F1,20211001,15:23,156.90,156.90,156.90,156.90,6000,23652000
RECLTD_F1,20211001,15:24,156.85,156.85,156.80,156.80,18000,23682000
RECLTD_F1,20211001,15:25,156.80,156.85,156.80,156.85,12000,23682000
RECLTD_F1,20211001,15:26,156.70,156.75,156.70,156.75,18000,23688000
RECLTD_F1,20211001,15:27,156.75,156.75,156.70,156.75,48000,23688000
RECLTD_F1,20211001,15:28,156.80,156.80,156.80,156.80,18000,23664000
RECLTD_F1,20211001,15:29,156.85,156.85,156.60,156.60,42000,23664000
RECLTD_F1,20211001,15:30,156.80,156.90,156.65,156.65,36000,23664000
RECLTD_F1,20211001,15:31,156.80,156.80,156.80,156.80,6000,23664000
RECLTD_F1,20211001,18:12,156.95,156.95,156.95,156.95,1,23556000
