IBULHSGFIN_F1,20190624,09:16,610.65,613.75,602.05,610.80,140500,12685500
IBULHSGFIN_F1,20190624,09:17,611.05,611.40,607.50,608.00,97000,12713500
IBULHSGFIN_F1,20190624,09:18,607.65,608.25,604.85,604.90,83500,12713500
IBULHSGFIN_F1,20190624,09:19,605.10,607.75,604.40,607.30,111000,12713500
IBULHSGFIN_F1,20190624,09:20,607.70,608.00,605.05,605.05,47000,12729000
IBULHSGFIN_F1,20190624,09:21,605.00,605.25,602.50,603.30,122500,12729000
IBULHSGFIN_F1,20190624,09:22,602.10,603.80,600.60,602.50,133500,12729000
IBULHSGFIN_F1,20190624,09:23,602.95,607.60,602.95,605.30,72500,12726500
IBULHSGFIN_F1,20190624,09:24,605.70,605.70,602.70,603.75,49500,12726500
IBULHSGFIN_F1,20190624,09:25,603.50,603.80,600.65,602.20,86000,12726500
IBULHSGFIN_F1,20190624,09:26,602.20,606.85,602.20,606.30,91500,12765500
IBULHSGFIN_F1,20190624,09:27,606.65,606.80,604.55,605.15,53500,12765500
IBULHSGFIN_F1,20190624,09:28,605.00,605.20,603.15,605.20,43000,12765500
IBULHSGFIN_F1,20190624,09:29,604.40,607.35,604.25,607.35,58000,12807500
IBULHSGFIN_F1,20190624,09:30,608.65,613.00,608.60,610.00,156500,12807500
IBULHSGFIN_F1,20190624,09:31,609.65,611.85,609.00,611.00,84000,12807500
IBULHSGFIN_F1,20190624,09:32,611.15,611.60,609.00,609.00,55000,12792500
IBULHSGFIN_F1,20190624,09:33,608.70,609.55,606.40,609.55,47500,12792500
IBULHSGFIN_F1,20190624,09:34,609.55,609.55,607.05,607.50,24000,12792500
IBULHSGFIN_F1,20190624,09:35,607.20,607.20,604.00,604.30,66500,12789500
IBULHSGFIN_F1,20190624,09:36,604.40,606.45,604.40,606.00,35000,12789500
IBULHSGFIN_F1,20190624,09:37,605.85,605.85,604.20,605.00,49000,12789500
IBULHSGFIN_F1,20190624,09:38,605.00,605.00,603.55,604.90,37500,12781000
IBULHSGFIN_F1,20190624,09:39,605.00,605.65,603.90,604.65,30500,12781000
IBULHSGFIN_F1,20190624,09:40,604.30,604.85,602.40,602.40,26500,12781000
IBULHSGFIN_F1,20190624,09:41,602.50,603.20,601.60,602.10,53000,12797000
IBULHSGFIN_F1,20190624,09:42,602.00,602.25,599.95,601.00,128000,12797000
IBULHSGFIN_F1,20190624,09:43,601.25,601.25,598.20,598.25,138500,12797000
IBULHSGFIN_F1,20190624,09:44,598.40,604.30,598.20,602.55,118000,12872500
IBULHSGFIN_F1,20190624,09:45,601.75,603.90,601.75,603.30,38500,12872500
IBULHSGFIN_F1,20190624,09:46,602.80,602.90,601.00,601.60,46000,12872500
IBULHSGFIN_F1,20190624,09:47,601.30,602.55,600.15,602.50,172000,12959000
IBULHSGFIN_F1,20190624,09:48,602.70,604.00,602.70,602.90,44000,12959000
IBULHSGFIN_F1,20190624,09:49,602.50,603.25,600.90,601.00,321500,12959000
IBULHSGFIN_F1,20190624,09:50,601.10,601.50,599.65,600.75,78500,13245500
IBULHSGFIN_F1,20190624,09:51,600.95,602.30,600.80,601.00,34000,13245500
IBULHSGFIN_F1,20190624,09:52,601.35,602.70,601.00,602.00,26500,13245500
IBULHSGFIN_F1,20190624,09:53,601.90,601.90,600.00,600.00,311500,13503500
IBULHSGFIN_F1,20190624,09:54,600.00,601.20,599.40,600.00,58500,13503500
IBULHSGFIN_F1,20190624,09:55,600.60,600.90,599.60,600.00,136000,13503500
IBULHSGFIN_F1,20190624,09:56,600.10,602.60,599.60,602.60,35500,13617500
IBULHSGFIN_F1,20190624,09:57,602.55,602.85,601.95,602.60,29500,13617500
IBULHSGFIN_F1,20190624,09:58,602.95,603.60,601.55,602.50,50500,13617500
IBULHSGFIN_F1,20190624,09:59,602.80,607.40,602.80,606.20,129500,13632000
IBULHSGFIN_F1,20190624,10:00,606.20,607.85,605.95,606.45,46500,13632000
IBULHSGFIN_F1,20190624,10:01,606.95,607.95,606.35,607.70,37500,13632000
IBULHSGFIN_F1,20190624,10:02,607.55,610.85,607.55,610.85,134000,13608500
IBULHSGFIN_F1,20190624,10:03,611.20,613.15,609.70,610.65,123000,13608500
IBULHSGFIN_F1,20190624,10:04,610.30,610.30,605.95,605.95,217500,13608500
IBULHSGFIN_F1,20190624,10:05,605.90,609.30,605.90,609.30,41000,13753500
IBULHSGFIN_F1,20190624,10:06,609.20,610.00,607.90,608.25,27500,13753500
IBULHSGFIN_F1,20190624,10:07,608.50,608.50,606.50,607.05,23500,13753500
IBULHSGFIN_F1,20190624,10:08,607.55,608.65,607.15,607.60,22000,13762500
IBULHSGFIN_F1,20190624,10:09,607.55,607.95,607.30,607.75,46500,13762500
IBULHSGFIN_F1,20190624,10:10,607.75,607.75,605.90,607.50,31500,13762500
IBULHSGFIN_F1,20190624,10:11,607.10,608.25,607.10,607.60,15000,13799000
IBULHSGFIN_F1,20190624,10:12,607.55,609.00,607.35,609.00,56500,13799000
IBULHSGFIN_F1,20190624,10:13,608.75,610.25,607.85,609.60,28500,13799000
IBULHSGFIN_F1,20190624,10:14,609.70,609.70,608.60,609.50,11500,13812500
IBULHSGFIN_F1,20190624,10:15,608.70,610.20,608.35,608.35,31500,13812500
IBULHSGFIN_F1,20190624,10:16,608.20,611.90,607.50,611.90,58500,13812500
IBULHSGFIN_F1,20190624,10:17,612.00,612.40,609.60,609.75,60500,13859000
IBULHSGFIN_F1,20190624,10:18,609.15,609.75,608.35,608.95,17000,13859000
IBULHSGFIN_F1,20190624,10:19,608.65,610.15,608.60,610.15,25500,13859000
IBULHSGFIN_F1,20190624,10:20,609.45,611.95,608.65,611.50,43500,13864500
IBULHSGFIN_F1,20190624,10:21,611.35,613.10,610.60,610.60,67500,13864500
IBULHSGFIN_F1,20190624,10:22,610.20,612.75,610.05,611.60,49500,13864500
IBULHSGFIN_F1,20190624,10:23,611.75,611.75,610.35,610.35,9000,13907000
IBULHSGFIN_F1,20190624,10:24,611.25,611.70,611.05,611.05,40000,13907000
IBULHSGFIN_F1,20190624,10:25,610.75,611.10,609.00,610.35,30500,13907000
IBULHSGFIN_F1,20190624,10:26,609.95,611.95,609.20,611.80,24500,13920000
IBULHSGFIN_F1,20190624,10:27,611.90,611.90,610.50,610.75,16500,13920000
IBULHSGFIN_F1,20190624,10:28,610.30,611.00,609.20,609.50,174000,13920000
IBULHSGFIN_F1,20190624,10:29,609.15,609.50,607.40,607.70,68500,14034000
IBULHSGFIN_F1,20190624,10:30,607.90,610.25,607.90,609.30,89500,14034000
IBULHSGFIN_F1,20190624,10:31,609.90,609.95,608.75,609.20,19000,14034000
IBULHSGFIN_F1,20190624,10:32,609.60,609.95,608.85,608.85,8500,14084000
IBULHSGFIN_F1,20190624,10:33,609.10,610.00,608.70,610.00,19000,14084000
IBULHSGFIN_F1,20190624,10:34,610.00,610.90,609.50,610.90,23000,14084000
IBULHSGFIN_F1,20190624,10:35,610.60,612.25,609.95,612.10,64000,14080500
IBULHSGFIN_F1,20190624,10:36,612.60,615.40,611.00,614.05,167500,14080500
IBULHSGFIN_F1,20190624,10:37,613.40,617.85,613.35,617.20,243000,14080500
IBULHSGFIN_F1,20190624,10:38,617.60,618.40,615.60,616.10,114000,14069500
IBULHSGFIN_F1,20190624,10:39,615.80,616.10,614.25,616.00,47500,14069500
IBULHSGFIN_F1,20190624,10:40,616.00,616.95,614.85,616.25,48500,14069500
IBULHSGFIN_F1,20190624,10:41,616.05,616.05,613.30,614.45,140000,14122000
IBULHSGFIN_F1,20190624,10:42,613.90,613.90,611.85,613.10,110500,14122000
IBULHSGFIN_F1,20190624,10:43,613.50,615.45,613.50,615.45,67500,14122000
IBULHSGFIN_F1,20190624,10:44,615.45,615.45,612.40,613.30,67500,14084500
IBULHSGFIN_F1,20190624,10:45,612.85,615.25,612.35,614.40,52500,14084500
IBULHSGFIN_F1,20190624,10:46,614.25,614.85,613.20,613.20,22500,14084500
IBULHSGFIN_F1,20190624,10:47,613.90,614.00,611.75,612.60,52000,14095000
IBULHSGFIN_F1,20190624,10:48,613.15,613.90,612.80,612.80,39000,14095000
IBULHSGFIN_F1,20190624,10:49,612.55,613.60,612.55,613.60,29000,14095000
IBULHSGFIN_F1,20190624,10:50,613.40,615.45,613.30,615.25,28000,14078000
IBULHSGFIN_F1,20190624,10:51,614.95,615.95,614.50,615.50,37000,14078000
IBULHSGFIN_F1,20190624,10:52,615.45,616.30,615.20,615.60,33000,14078000
IBULHSGFIN_F1,20190624,10:53,616.45,616.45,614.60,614.60,17000,14114500
IBULHSGFIN_F1,20190624,10:54,614.50,617.20,614.50,617.20,72000,14114500
IBULHSGFIN_F1,20190624,10:55,617.15,617.30,616.10,616.80,69000,14114500
IBULHSGFIN_F1,20190624,10:56,616.75,617.95,616.40,616.50,48000,14162000
IBULHSGFIN_F1,20190624,10:57,616.40,617.20,615.90,616.75,39000,14162000
IBULHSGFIN_F1,20190624,10:58,616.75,617.00,616.00,616.90,27000,14162000
IBULHSGFIN_F1,20190624,10:59,616.70,616.85,613.60,614.15,73000,14157500
IBULHSGFIN_F1,20190624,11:00,614.40,615.00,613.85,615.00,39500,14157500
IBULHSGFIN_F1,20190624,11:01,614.55,614.60,614.10,614.40,25500,14157500
IBULHSGFIN_F1,20190624,11:02,614.00,614.20,612.60,613.65,34500,14133000
IBULHSGFIN_F1,20190624,11:03,613.60,613.60,612.40,612.85,27500,14133000
IBULHSGFIN_F1,20190624,11:04,612.70,613.45,612.45,612.80,76000,14133000
IBULHSGFIN_F1,20190624,11:05,612.70,614.30,612.70,613.60,25500,14157000
IBULHSGFIN_F1,20190624,11:06,613.50,613.75,613.00,613.25,10500,14157000
IBULHSGFIN_F1,20190624,11:07,613.20,613.55,612.35,613.45,23500,14157000
IBULHSGFIN_F1,20190624,11:08,613.65,614.30,613.65,614.00,30500,14163500
IBULHSGFIN_F1,20190624,11:09,614.70,614.70,613.05,613.40,44000,14163500
IBULHSGFIN_F1,20190624,11:10,613.00,613.25,611.10,611.90,70000,14163500
IBULHSGFIN_F1,20190624,11:11,612.00,612.20,609.95,610.55,70500,14156500
IBULHSGFIN_F1,20190624,11:12,610.55,610.80,608.40,609.90,85500,14156500
IBULHSGFIN_F1,20190624,11:13,610.00,611.10,609.50,609.90,24500,14156500
IBULHSGFIN_F1,20190624,11:14,610.00,611.60,609.80,611.60,22000,14122000
IBULHSGFIN_F1,20190624,11:15,611.85,611.85,609.95,609.95,11000,14122000
IBULHSGFIN_F1,20190624,11:16,610.00,611.30,610.00,611.30,23000,14122000
IBULHSGFIN_F1,20190624,11:17,611.00,611.20,610.60,610.60,21500,14121000
IBULHSGFIN_F1,20190624,11:18,611.00,612.00,610.90,611.70,14000,14121000
IBULHSGFIN_F1,20190624,11:19,611.85,614.00,611.85,613.65,42000,14121000
IBULHSGFIN_F1,20190624,11:20,613.70,613.70,612.55,613.50,36000,14125000
IBULHSGFIN_F1,20190624,11:21,613.75,613.95,613.25,613.60,470000,14125000
IBULHSGFIN_F1,20190624,11:22,613.50,613.80,613.10,613.35,22500,14125000
IBULHSGFIN_F1,20190624,11:23,613.50,613.50,611.65,612.65,15000,14563500
IBULHSGFIN_F1,20190624,11:24,612.45,613.10,612.40,613.00,14500,14563500
IBULHSGFIN_F1,20190624,11:25,613.15,613.95,613.00,613.95,10500,14563500
IBULHSGFIN_F1,20190624,11:26,614.70,614.70,612.15,612.85,31000,14571000
IBULHSGFIN_F1,20190624,11:27,613.00,613.55,613.00,613.55,6000,14571000
IBULHSGFIN_F1,20190624,11:28,613.65,614.30,613.50,613.50,13500,14571000
IBULHSGFIN_F1,20190624,11:29,613.70,613.90,613.45,613.45,4500,14576000
IBULHSGFIN_F1,20190624,11:30,613.00,613.75,612.60,613.75,14500,14576000
IBULHSGFIN_F1,20190624,11:31,614.05,614.30,613.60,613.65,8500,14576000
IBULHSGFIN_F1,20190624,11:32,613.40,613.60,612.95,613.05,8000,14573000
IBULHSGFIN_F1,20190624,11:33,613.55,614.55,613.55,613.90,14000,14573000
IBULHSGFIN_F1,20190624,11:34,614.00,614.25,613.50,613.50,9500,14573000
IBULHSGFIN_F1,20190624,11:35,613.45,616.80,613.30,616.25,70000,14575000
IBULHSGFIN_F1,20190624,11:36,616.20,616.50,614.70,614.70,41000,14575000
IBULHSGFIN_F1,20190624,11:37,615.20,615.50,614.65,615.45,10500,14575000
IBULHSGFIN_F1,20190624,11:38,615.00,616.95,614.90,616.60,81500,14604500
IBULHSGFIN_F1,20190624,11:39,616.40,616.40,615.50,615.50,9000,14604500
IBULHSGFIN_F1,20190624,11:40,615.55,615.75,615.10,615.50,20000,14604500
IBULHSGFIN_F1,20190624,11:41,615.75,616.90,615.05,616.90,15500,14621000
IBULHSGFIN_F1,20190624,11:42,617.00,617.40,616.15,616.20,31500,14621000
IBULHSGFIN_F1,20190624,11:43,616.00,617.40,616.00,617.15,18000,14621000
IBULHSGFIN_F1,20190624,11:44,617.25,620.55,617.05,618.70,150000,14631000
IBULHSGFIN_F1,20190624,11:45,618.00,619.20,617.90,618.00,48500,14631000
IBULHSGFIN_F1,20190624,11:46,618.55,620.20,618.55,620.20,56500,14631000
IBULHSGFIN_F1,20190624,11:47,620.40,621.75,618.35,619.40,80000,14657000
IBULHSGFIN_F1,20190624,11:48,619.55,620.20,618.55,618.75,34000,14657000
IBULHSGFIN_F1,20190624,11:49,618.90,619.00,617.45,617.65,35000,14657000
IBULHSGFIN_F1,20190624,11:50,617.30,618.00,617.05,618.00,11500,14664000
IBULHSGFIN_F1,20190624,11:51,618.00,618.95,618.00,618.80,18500,14664000
IBULHSGFIN_F1,20190624,11:52,618.90,620.00,618.50,619.45,58000,14664000
IBULHSGFIN_F1,20190624,11:53,619.20,620.40,618.30,619.35,36500,14689000
IBULHSGFIN_F1,20190624,11:54,619.90,619.95,618.30,619.65,20500,14689000
IBULHSGFIN_F1,20190624,11:55,619.65,619.80,618.70,618.95,17000,14689000
IBULHSGFIN_F1,20190624,11:56,618.50,618.60,617.10,617.25,57500,14699500
IBULHSGFIN_F1,20190624,11:57,617.25,617.65,616.95,616.95,25000,14699500
IBULHSGFIN_F1,20190624,11:58,616.95,618.10,616.95,617.80,14500,14699500
IBULHSGFIN_F1,20190624,11:59,617.70,619.00,617.30,618.95,22000,14690000
IBULHSGFIN_F1,20190624,12:00,618.35,618.50,617.80,618.45,12500,14690000
IBULHSGFIN_F1,20190624,12:01,618.65,619.45,618.65,619.40,14500,14690000
IBULHSGFIN_F1,20190624,12:02,619.25,619.40,619.00,619.05,8000,14695500
IBULHSGFIN_F1,20190624,12:03,618.35,619.50,618.10,619.00,26500,14695500
IBULHSGFIN_F1,20190624,12:04,618.80,619.00,618.20,618.20,8000,14695500
IBULHSGFIN_F1,20190624,12:05,618.70,618.80,616.95,617.15,47500,14691500
IBULHSGFIN_F1,20190624,12:06,617.35,617.45,616.80,617.40,16500,14691500
IBULHSGFIN_F1,20190624,12:07,617.00,617.35,616.55,617.20,44500,14691500
IBULHSGFIN_F1,20190624,12:08,617.20,618.45,616.90,618.45,9000,14680000
IBULHSGFIN_F1,20190624,12:09,618.30,618.90,618.00,618.00,11000,14680000
IBULHSGFIN_F1,20190624,12:10,618.25,618.30,617.05,617.40,16500,14680000
IBULHSGFIN_F1,20190624,12:11,616.95,618.95,616.95,618.85,24000,14675000
IBULHSGFIN_F1,20190624,12:12,618.65,618.65,617.50,617.95,4500,14675000
IBULHSGFIN_F1,20190624,12:13,617.90,618.15,617.65,618.00,3500,14675000
IBULHSGFIN_F1,20190624,12:14,617.65,617.80,617.65,617.80,3000,14675000
IBULHSGFIN_F1,20190624,12:15,618.00,619.00,618.00,618.15,12500,14675000
IBULHSGFIN_F1,20190624,12:16,618.45,618.95,618.05,618.10,15000,14675000
IBULHSGFIN_F1,20190624,12:17,618.45,618.85,618.00,618.85,22500,14682000
IBULHSGFIN_F1,20190624,12:18,618.75,619.05,618.20,618.20,19000,14682000
IBULHSGFIN_F1,20190624,12:19,618.10,618.80,618.00,618.50,12500,14682000
IBULHSGFIN_F1,20190624,12:20,618.30,618.50,617.70,617.95,5500,14685500
IBULHSGFIN_F1,20190624,12:21,618.00,618.00,617.45,617.60,3500,14685500
IBULHSGFIN_F1,20190624,12:22,617.75,617.85,617.50,617.75,4500,14685500
IBULHSGFIN_F1,20190624,12:23,617.75,620.00,617.75,619.50,30500,14688500
IBULHSGFIN_F1,20190624,12:24,619.80,619.80,618.20,618.20,14500,14688500
IBULHSGFIN_F1,20190624,12:25,618.80,619.15,618.75,618.75,7500,14688500
IBULHSGFIN_F1,20190624,12:26,619.65,619.65,618.95,619.40,11000,14701500
IBULHSGFIN_F1,20190624,12:27,619.00,620.25,619.00,620.00,25000,14701500
IBULHSGFIN_F1,20190624,12:28,619.95,620.15,619.50,619.90,14500,14701500
IBULHSGFIN_F1,20190624,12:29,619.70,619.70,619.10,619.50,9500,14707500
IBULHSGFIN_F1,20190624,12:30,619.30,623.20,619.00,621.85,170000,14707500
IBULHSGFIN_F1,20190624,12:31,622.00,622.20,620.20,620.35,43000,14707500
IBULHSGFIN_F1,20190624,12:32,620.15,620.90,620.15,620.35,22500,14694500
IBULHSGFIN_F1,20190624,12:33,620.55,622.50,620.35,621.25,50000,14694500
IBULHSGFIN_F1,20190624,12:34,621.20,621.20,620.05,620.55,30500,14694500
IBULHSGFIN_F1,20190624,12:35,620.50,622.85,619.65,622.85,104500,14728000
IBULHSGFIN_F1,20190624,12:36,623.80,625.25,622.10,622.90,167000,14728000
IBULHSGFIN_F1,20190624,12:37,622.75,625.45,622.75,625.30,90500,14728000
IBULHSGFIN_F1,20190624,12:38,625.00,626.85,623.70,624.20,199500,14701000
IBULHSGFIN_F1,20190624,12:39,624.45,625.75,623.40,625.00,107500,14701000
IBULHSGFIN_F1,20190624,12:40,624.85,627.70,624.50,627.20,132000,14701000
IBULHSGFIN_F1,20190624,12:41,627.40,628.80,626.10,628.80,140500,14655000
IBULHSGFIN_F1,20190624,12:42,628.70,629.75,627.25,627.50,177500,14655000
IBULHSGFIN_F1,20190624,12:43,627.55,629.00,627.10,628.10,79500,14655000
IBULHSGFIN_F1,20190624,12:44,628.05,628.75,627.05,627.65,49500,14605000
IBULHSGFIN_F1,20190624,12:45,627.65,628.00,625.75,626.15,59000,14605000
IBULHSGFIN_F1,20190624,12:46,626.00,626.45,625.05,625.50,45000,14605000
IBULHSGFIN_F1,20190624,12:47,625.80,627.95,625.05,626.60,82500,14611000
IBULHSGFIN_F1,20190624,12:48,626.80,626.95,625.80,626.25,20000,14611000
IBULHSGFIN_F1,20190624,12:49,626.00,627.40,626.00,627.40,20000,14611000
IBULHSGFIN_F1,20190624,12:50,627.50,628.30,627.20,627.40,40500,14654500
IBULHSGFIN_F1,20190624,12:51,627.20,628.00,626.80,627.05,37000,14654500
IBULHSGFIN_F1,20190624,12:52,627.00,627.50,626.95,627.05,24500,14654500
IBULHSGFIN_F1,20190624,12:53,627.45,630.25,627.45,629.20,94500,14653500
IBULHSGFIN_F1,20190624,12:54,629.85,629.85,627.55,627.85,55500,14653500
IBULHSGFIN_F1,20190624,12:55,627.85,628.00,627.10,627.40,26500,14653500
IBULHSGFIN_F1,20190624,12:56,627.50,627.75,627.10,627.60,32000,14637000
IBULHSGFIN_F1,20190624,12:57,627.20,627.75,627.20,627.30,17500,14637000
IBULHSGFIN_F1,20190624,12:58,627.10,627.90,626.40,627.65,45500,14637000
IBULHSGFIN_F1,20190624,12:59,627.40,627.40,627.00,627.20,5500,14655000
IBULHSGFIN_F1,20190624,13:00,626.85,627.50,626.65,626.85,11500,14655000
IBULHSGFIN_F1,20190624,13:01,627.00,627.20,626.25,626.65,23500,14655000
IBULHSGFIN_F1,20190624,13:02,626.40,626.90,626.30,626.55,9500,14652000
IBULHSGFIN_F1,20190624,13:03,626.30,626.45,624.55,624.95,142000,14652000
IBULHSGFIN_F1,20190624,13:04,625.15,625.75,623.50,624.75,102000,14652000
IBULHSGFIN_F1,20190624,13:05,626.05,626.25,624.70,625.00,96000,14601500
IBULHSGFIN_F1,20190624,13:06,625.85,625.85,624.05,624.05,25500,14601500
IBULHSGFIN_F1,20190624,13:07,624.00,625.50,623.05,625.50,42500,14601500
IBULHSGFIN_F1,20190624,13:08,624.90,625.95,624.75,625.90,19000,14621500
IBULHSGFIN_F1,20190624,13:09,626.55,626.80,625.95,626.40,24000,14621500
IBULHSGFIN_F1,20190624,13:10,626.10,627.30,626.10,627.25,24500,14621500
IBULHSGFIN_F1,20190624,13:11,627.25,627.25,626.55,626.95,14000,14628000
IBULHSGFIN_F1,20190624,13:12,627.45,627.55,626.10,626.10,26500,14628000
IBULHSGFIN_F1,20190624,13:13,626.20,626.35,625.15,626.00,25500,14628000
IBULHSGFIN_F1,20190624,13:14,625.65,625.80,625.00,625.75,21000,14626000
IBULHSGFIN_F1,20190624,13:15,625.95,626.75,625.95,626.30,313500,14626000
IBULHSGFIN_F1,20190624,13:16,625.95,626.30,625.30,625.50,9500,14626000
IBULHSGFIN_F1,20190624,13:17,625.15,626.10,625.00,626.00,16500,14921000
IBULHSGFIN_F1,20190624,13:18,625.85,625.95,625.55,625.55,2000,14921000
IBULHSGFIN_F1,20190624,13:19,625.65,625.65,625.40,625.40,7000,14921000
IBULHSGFIN_F1,20190624,13:20,625.30,625.95,623.50,625.70,56000,14918000
IBULHSGFIN_F1,20190624,13:21,625.20,626.40,625.20,625.45,32500,14918000
IBULHSGFIN_F1,20190624,13:22,625.40,625.45,623.60,624.15,29000,14918000
IBULHSGFIN_F1,20190624,13:23,623.60,626.00,623.60,625.65,27000,14931500
IBULHSGFIN_F1,20190624,13:24,625.30,625.30,624.25,624.80,10500,14931500
IBULHSGFIN_F1,20190624,13:25,624.80,624.80,624.50,624.50,3500,14931500
IBULHSGFIN_F1,20190624,13:26,624.60,625.25,624.60,624.75,15500,14934000
IBULHSGFIN_F1,20190624,13:27,625.00,625.30,624.30,625.00,15500,14934000
IBULHSGFIN_F1,20190624,13:28,625.00,625.25,625.00,625.10,2500,14934000
IBULHSGFIN_F1,20190624,13:29,625.20,625.20,624.60,625.00,7000,14945000
IBULHSGFIN_F1,20190624,13:30,625.00,625.15,623.25,624.70,26000,14945000
IBULHSGFIN_F1,20190624,13:31,624.70,625.40,624.70,625.25,7000,14945000
IBULHSGFIN_F1,20190624,13:32,625.50,626.25,625.50,625.65,23500,14948000
IBULHSGFIN_F1,20190624,13:33,625.45,625.65,625.15,625.65,31500,14948000
IBULHSGFIN_F1,20190624,13:34,625.70,625.70,623.50,623.50,30500,14948000
IBULHSGFIN_F1,20190624,13:35,623.60,624.30,622.50,622.50,70500,14942000
IBULHSGFIN_F1,20190624,13:36,621.95,623.55,621.65,622.00,66500,14942000
IBULHSGFIN_F1,20190624,13:37,621.95,622.00,621.10,622.00,115000,14942000
IBULHSGFIN_F1,20190624,13:38,621.50,621.85,618.60,620.20,214500,14877000
IBULHSGFIN_F1,20190624,13:39,620.00,621.25,620.00,620.50,52000,14877000
IBULHSGFIN_F1,20190624,13:40,620.85,621.55,620.00,620.25,40500,14877000
IBULHSGFIN_F1,20190624,13:41,620.95,620.95,619.00,619.00,36000,14877000
IBULHSGFIN_F1,20190624,13:42,618.90,621.45,618.90,621.00,49500,14877000
IBULHSGFIN_F1,20190624,13:43,621.25,622.30,620.75,621.60,50500,14877000
IBULHSGFIN_F1,20190624,13:44,621.90,622.35,621.80,622.20,13000,14876500
IBULHSGFIN_F1,20190624,13:45,623.10,623.60,622.20,622.75,45000,14876500
IBULHSGFIN_F1,20190624,13:46,622.50,623.70,622.35,623.70,17000,14876500
IBULHSGFIN_F1,20190624,13:47,623.10,623.90,623.10,623.35,17500,14862000
IBULHSGFIN_F1,20190624,13:48,623.75,623.85,621.60,621.70,32000,14862000
IBULHSGFIN_F1,20190624,13:49,621.65,624.90,621.65,624.05,83500,14862000
IBULHSGFIN_F1,20190624,13:50,624.05,624.05,622.80,622.95,18500,14871000
IBULHSGFIN_F1,20190624,13:51,622.60,623.95,622.30,622.85,39500,14871000
IBULHSGFIN_F1,20190624,13:52,623.10,623.70,622.85,623.25,13000,14871000
IBULHSGFIN_F1,20190624,13:53,623.20,623.50,622.70,623.50,10000,14881500
IBULHSGFIN_F1,20190624,13:54,622.75,623.40,622.75,623.25,14500,14881500
IBULHSGFIN_F1,20190624,13:55,623.45,624.40,623.45,624.40,18500,14881500
IBULHSGFIN_F1,20190624,13:56,624.50,625.30,624.25,624.45,18000,14903500
IBULHSGFIN_F1,20190624,13:57,624.50,625.30,624.10,624.10,22500,14903500
IBULHSGFIN_F1,20190624,13:58,624.00,624.10,623.65,623.65,7000,14903500
IBULHSGFIN_F1,20190624,13:59,623.70,624.50,623.65,624.50,5500,14907000
IBULHSGFIN_F1,20190624,14:00,624.50,624.50,623.85,623.85,134500,14907000
IBULHSGFIN_F1,20190624,14:01,623.70,624.00,622.65,624.00,8500,14907000
IBULHSGFIN_F1,20190624,14:02,623.75,623.75,621.50,621.50,39000,15044000
IBULHSGFIN_F1,20190624,14:03,621.65,622.70,621.65,622.00,18500,15044000
IBULHSGFIN_F1,20190624,14:04,622.05,622.05,620.55,621.65,45500,15044000
IBULHSGFIN_F1,20190624,14:05,622.05,623.25,621.80,622.00,9500,15049500
IBULHSGFIN_F1,20190624,14:06,622.05,623.00,622.05,622.55,12000,15049500
IBULHSGFIN_F1,20190624,14:07,622.20,623.90,621.90,623.90,28500,15049500
IBULHSGFIN_F1,20190624,14:08,624.00,624.30,623.10,623.60,14500,15012000
IBULHSGFIN_F1,20190624,14:09,623.25,624.00,622.70,623.30,15500,15012000
IBULHSGFIN_F1,20190624,14:10,623.25,623.25,622.60,622.60,258500,15012000
IBULHSGFIN_F1,20190624,14:11,622.80,623.40,622.70,622.70,9500,15272000
IBULHSGFIN_F1,20190624,14:12,623.00,623.00,622.40,623.00,6500,15272000
IBULHSGFIN_F1,20190624,14:13,622.70,623.35,622.30,623.05,10500,15272000
IBULHSGFIN_F1,20190624,14:14,622.95,623.35,622.95,623.35,2500,15271000
IBULHSGFIN_F1,20190624,14:15,623.30,623.45,623.00,623.25,5500,15271000
IBULHSGFIN_F1,20190624,14:16,622.95,623.15,622.55,622.60,13000,15271000
IBULHSGFIN_F1,20190624,14:17,622.40,622.45,620.75,621.70,13500,15276000
IBULHSGFIN_F1,20190624,14:18,621.95,622.10,621.50,621.50,7000,15276000
IBULHSGFIN_F1,20190624,14:19,621.65,623.35,621.40,622.75,21000,15276000
IBULHSGFIN_F1,20190624,14:20,622.55,622.55,622.10,622.50,4000,15273000
IBULHSGFIN_F1,20190624,14:21,622.95,623.10,622.40,622.70,30000,15273000
IBULHSGFIN_F1,20190624,14:22,622.65,622.65,621.35,621.90,17000,15273000
IBULHSGFIN_F1,20190624,14:23,621.80,622.30,621.65,621.80,10000,15293000
IBULHSGFIN_F1,20190624,14:24,622.20,622.20,621.70,622.20,7000,15293000
IBULHSGFIN_F1,20190624,14:25,622.70,622.70,620.30,620.30,24500,15293000
IBULHSGFIN_F1,20190624,14:26,620.55,621.15,619.00,619.20,46000,15288500
IBULHSGFIN_F1,20190624,14:27,619.00,620.60,619.00,619.70,27000,15288500
IBULHSGFIN_F1,20190624,14:28,619.35,619.80,618.70,619.80,29500,15288500
IBULHSGFIN_F1,20190624,14:29,618.95,620.85,618.95,620.20,25000,15280500
IBULHSGFIN_F1,20190624,14:30,620.20,621.70,620.15,621.70,31500,15280500
IBULHSGFIN_F1,20190624,14:31,621.45,621.70,621.00,621.00,15500,15280500
IBULHSGFIN_F1,20190624,14:32,621.15,621.20,620.30,620.30,15500,15280500
IBULHSGFIN_F1,20190624,14:33,620.40,620.50,620.05,620.05,14500,15280500
IBULHSGFIN_F1,20190624,14:34,620.15,620.35,619.70,620.05,12500,15280500
IBULHSGFIN_F1,20190624,14:35,619.65,620.65,619.55,620.35,10000,15293500
IBULHSGFIN_F1,20190624,14:36,620.35,620.40,616.20,618.80,90000,15293500
IBULHSGFIN_F1,20190624,14:37,618.60,620.00,618.05,619.45,28500,15293500
IBULHSGFIN_F1,20190624,14:38,619.15,619.35,618.20,618.90,26000,15174000
IBULHSGFIN_F1,20190624,14:39,618.40,618.85,617.85,618.65,34000,15174000
IBULHSGFIN_F1,20190624,14:40,618.65,619.85,617.85,619.55,30000,15174000
IBULHSGFIN_F1,20190624,14:41,619.70,620.80,619.60,620.30,31000,15195500
IBULHSGFIN_F1,20190624,14:42,619.75,620.30,619.70,619.75,8500,15195500
IBULHSGFIN_F1,20190624,14:43,619.30,619.30,618.30,618.95,14500,15195500
IBULHSGFIN_F1,20190624,14:44,619.00,619.00,618.10,618.80,10000,15193000
IBULHSGFIN_F1,20190624,14:45,618.95,619.00,618.15,618.60,26000,15193000
IBULHSGFIN_F1,20190624,14:46,618.25,618.85,616.90,617.50,41500,15193000
IBULHSGFIN_F1,20190624,14:47,616.85,617.90,616.85,617.50,30500,15192000
IBULHSGFIN_F1,20190624,14:48,617.75,617.75,616.60,617.05,30500,15192000
IBULHSGFIN_F1,20190624,14:49,617.00,617.25,615.45,615.70,82000,15192000
IBULHSGFIN_F1,20190624,14:50,614.85,615.15,613.15,614.70,111000,15159500
IBULHSGFIN_F1,20190624,14:51,614.85,615.00,613.25,614.00,62000,15159500
IBULHSGFIN_F1,20190624,14:52,614.00,616.40,614.00,615.20,58500,15159500
IBULHSGFIN_F1,20190624,14:53,615.25,615.35,614.30,614.30,31500,15158000
IBULHSGFIN_F1,20190624,14:54,614.40,614.75,613.70,614.30,27000,15158000
IBULHSGFIN_F1,20190624,14:55,615.45,616.60,614.90,616.25,45000,15158000
IBULHSGFIN_F1,20190624,14:56,616.65,618.45,616.25,617.35,87000,15175000
IBULHSGFIN_F1,20190624,14:57,617.55,617.55,615.60,615.60,25500,15175000
IBULHSGFIN_F1,20190624,14:58,616.20,616.80,615.60,616.55,25000,15175000
IBULHSGFIN_F1,20190624,14:59,616.20,616.65,615.30,615.85,23500,15148500
IBULHSGFIN_F1,20190624,15:00,615.95,616.50,615.35,616.50,10500,15148500
IBULHSGFIN_F1,20190624,15:01,616.80,620.35,616.80,620.35,106500,15148500
IBULHSGFIN_F1,20190624,15:02,620.65,621.75,620.00,620.55,50500,15156000
IBULHSGFIN_F1,20190624,15:03,620.55,620.55,618.40,618.40,21500,15156000
IBULHSGFIN_F1,20190624,15:04,618.65,620.20,618.20,618.20,29500,15156000
IBULHSGFIN_F1,20190624,15:05,618.55,620.80,618.55,620.80,22500,15166500
IBULHSGFIN_F1,20190624,15:06,620.65,621.00,619.85,620.05,35500,15166500
IBULHSGFIN_F1,20190624,15:07,620.00,620.45,619.65,620.45,14000,15166500
IBULHSGFIN_F1,20190624,15:08,620.50,620.50,618.10,618.35,23000,15157000
IBULHSGFIN_F1,20190624,15:09,617.60,618.55,617.60,618.15,25000,15157000
IBULHSGFIN_F1,20190624,15:10,618.05,618.70,617.75,618.00,16500,15157000
IBULHSGFIN_F1,20190624,15:11,617.60,618.00,616.50,617.40,43500,15148000
IBULHSGFIN_F1,20190624,15:12,617.30,619.25,617.30,618.60,31500,15148000
IBULHSGFIN_F1,20190624,15:13,618.05,619.40,618.05,618.30,32000,15148000
IBULHSGFIN_F1,20190624,15:14,618.65,619.25,618.25,618.85,22500,15145500
IBULHSGFIN_F1,20190624,15:15,619.00,619.00,617.95,618.50,87500,15145500
IBULHSGFIN_F1,20190624,15:16,618.55,619.05,618.05,618.40,48000,15145500
IBULHSGFIN_F1,20190624,15:17,618.30,620.45,618.05,618.15,126500,15088000
IBULHSGFIN_F1,20190624,15:18,618.70,619.35,618.30,618.55,32500,15088000
IBULHSGFIN_F1,20190624,15:19,618.75,618.95,618.00,618.45,46000,15088000
IBULHSGFIN_F1,20190624,15:20,618.25,618.30,617.50,617.50,71500,15034000
IBULHSGFIN_F1,20190624,15:21,618.10,618.55,617.20,617.35,77500,15034000
IBULHSGFIN_F1,20190624,15:22,617.05,618.65,616.45,618.35,209500,15034000
IBULHSGFIN_F1,20190624,15:23,619.10,619.90,618.00,619.85,92500,14914500
IBULHSGFIN_F1,20190624,15:24,619.45,619.55,618.25,618.50,14500,14914500
IBULHSGFIN_F1,20190624,15:25,618.50,618.70,617.80,618.05,18500,14914500
IBULHSGFIN_F1,20190624,15:26,618.40,618.90,618.20,618.35,26000,14919000
IBULHSGFIN_F1,20190624,15:27,618.15,619.00,618.10,618.50,45000,14919000
IBULHSGFIN_F1,20190624,15:28,618.80,619.00,618.30,618.40,25000,14919000
IBULHSGFIN_F1,20190624,15:29,618.90,618.90,618.30,618.40,31000,14871000
IBULHSGFIN_F1,20190624,15:30,618.50,618.55,617.80,618.10,36000,14871000
IBULHSGFIN_F1,20190624,16:48,618.65,618.65,618.65,618.65,1,9532000
