CNX-MIDCAP,20180110,09:08,21725.9,21725.9,21725.9,21725.9,100
CNX-MIDCAP,20180110,09:16,21733,21751.3,21724.7,21749.9,58
CNX-MIDCAP,20180110,09:17,21751.5,21753.2,21723.5,21724.9,59
CNX-MIDCAP,20180110,09:18,21725.2,21734.8,21721.8,21734.8,60
CNX-MIDCAP,20180110,09:19,21735.1,21743.4,21730.9,21736.1,59
CNX-MIDCAP,20180110,09:20,21737.7,21738.7,21727.4,21727.4,58
CNX-MIDCAP,20180110,09:21,21727.2,21731.2,21716.3,21716.3,59
CNX-MIDCAP,20180110,09:22,21715.6,21723.3,21703.8,21719.4,58
CNX-MIDCAP,20180110,09:23,21720.8,21735.6,21720.8,21734.4,59
CNX-MIDCAP,20180110,09:24,21734.7,21745.2,21733.7,21743.6,60
CNX-MIDCAP,20180110,09:25,21744.8,21755.8,21743.2,21755.7,57
CNX-MIDCAP,20180110,09:26,21756.1,21756.7,21748.9,21751.5,60
CNX-MIDCAP,20180110,09:27,21751.9,21755.9,21749.8,21752.7,60
CNX-MIDCAP,20180110,09:28,21752.6,21756,21749.7,21755.1,59
CNX-MIDCAP,20180110,09:29,21755.7,21757.3,21753.8,21754.1,57
CNX-MIDCAP,20180110,09:30,21754.6,21759.2,21744.4,21745.1,58
CNX-MIDCAP,20180110,09:31,21744.9,21752.9,21743.5,21751.4,59
CNX-MIDCAP,20180110,09:32,21751.1,21751.2,21736.4,21739.3,59
CNX-MIDCAP,20180110,09:33,21738.6,21738.6,21730.7,21732.3,58
CNX-MIDCAP,20180110,09:34,21732.6,21738.4,21730.7,21733.4,56
CNX-MIDCAP,20180110,09:35,21732.1,21738.7,21731.8,21732.8,58
CNX-MIDCAP,20180110,09:36,21733.3,21736.4,21730.6,21736.2,55
CNX-MIDCAP,20180110,09:37,21735.8,21738.5,21732.6,21732.8,60
CNX-MIDCAP,20180110,09:38,21734.1,21734.1,21729.6,21732.1,56
CNX-MIDCAP,20180110,09:39,21732.3,21737.4,21730.9,21735.6,58
CNX-MIDCAP,20180110,09:40,21735.9,21744.9,21735.6,21744.6,59
CNX-MIDCAP,20180110,09:41,21744.4,21746.8,21743.3,21744.8,59
CNX-MIDCAP,20180110,09:42,21745.4,21747.9,21742.5,21742.9,58
CNX-MIDCAP,20180110,09:43,21743,21747.4,21740.8,21746.9,59
CNX-MIDCAP,20180110,09:44,21747.9,21750.3,21744.1,21746.3,57
CNX-MIDCAP,20180110,09:45,21745.2,21757.3,21744.8,21755.3,57
CNX-MIDCAP,20180110,09:46,21756.2,21761.5,21755.6,21759.9,57
CNX-MIDCAP,20180110,09:47,21760.1,21763.4,21757.7,21759.7,58
CNX-MIDCAP,20180110,09:48,21758.8,21761.3,21756.9,21758,59
CNX-MIDCAP,20180110,09:49,21758.4,21759.3,21755.4,21756.8,58
CNX-MIDCAP,20180110,09:50,21756.7,21761,21755,21761,57
CNX-MIDCAP,20180110,09:51,21760.7,21765.4,21759.7,21762.7,57
CNX-MIDCAP,20180110,09:52,21762.9,21770,21761.8,21767.3,60
CNX-MIDCAP,20180110,09:53,21767.3,21771.8,21765.3,21770.3,57
CNX-MIDCAP,20180110,09:54,21770.8,21778.7,21769.9,21775.9,57
CNX-MIDCAP,20180110,09:55,21776.3,21779.9,21775.8,21779.2,58
CNX-MIDCAP,20180110,09:56,21780.1,21780.8,21776.4,21776.4,58
CNX-MIDCAP,20180110,09:57,21776.9,21780.2,21776.2,21777,59
CNX-MIDCAP,20180110,09:58,21777.6,21782.6,21777.6,21778.5,57
CNX-MIDCAP,20180110,09:59,21778.3,21781.3,21776,21779.7,56
CNX-MIDCAP,20180110,10:00,21779.9,21781.1,21775.8,21778.3,57
CNX-MIDCAP,20180110,10:01,21777.7,21778.3,21773.6,21776.9,59
CNX-MIDCAP,20180110,10:02,21777.2,21777.8,21772.9,21775.3,57
CNX-MIDCAP,20180110,10:03,21775.1,21776.4,21767.6,21768.8,56
CNX-MIDCAP,20180110,10:04,21768.6,21772.3,21768.1,21769.8,56
CNX-MIDCAP,20180110,10:05,21770.3,21770.8,21761.4,21762.4,56
CNX-MIDCAP,20180110,10:06,21762.2,21763.3,21760.4,21761.7,58
CNX-MIDCAP,20180110,10:07,21761.6,21763.1,21752.7,21754.3,56
CNX-MIDCAP,20180110,10:08,21753.9,21757.8,21752.7,21756.8,59
CNX-MIDCAP,20180110,10:09,21756.9,21756.9,21748.8,21748.8,59
CNX-MIDCAP,20180110,10:10,21749.6,21750.8,21745.8,21745.8,59
CNX-MIDCAP,20180110,10:11,21746.9,21750.6,21743.9,21750.4,58
CNX-MIDCAP,20180110,10:12,21750.7,21751.6,21747.7,21748.8,59
CNX-MIDCAP,20180110,10:13,21748.6,21751.1,21748.1,21748.8,57
CNX-MIDCAP,20180110,10:14,21748.6,21751.3,21747.8,21748.8,56
CNX-MIDCAP,20180110,10:15,21749.9,21751.3,21749.3,21749.7,59
CNX-MIDCAP,20180110,10:16,21750,21755.8,21749.8,21755.8,55
CNX-MIDCAP,20180110,10:17,21755.8,21756.2,21751.3,21751.6,56
CNX-MIDCAP,20180110,10:18,21751.5,21751.8,21748.2,21749.1,59
CNX-MIDCAP,20180110,10:19,21749,21750.1,21746.1,21749.7,56
CNX-MIDCAP,20180110,10:20,21749.7,21753.1,21747.9,21749.8,60
CNX-MIDCAP,20180110,10:21,21749.4,21754.4,21748.9,21753.6,57
CNX-MIDCAP,20180110,10:22,21753.3,21755.8,21752.3,21752.3,56
CNX-MIDCAP,20180110,10:23,21752.4,21754.3,21751.9,21752.6,59
CNX-MIDCAP,20180110,10:24,21753.3,21754.5,21752.2,21752.8,55
CNX-MIDCAP,20180110,10:25,21753.8,21756.3,21753.1,21755.7,57
CNX-MIDCAP,20180110,10:26,21755.9,21759.7,21753.6,21759.6,59
CNX-MIDCAP,20180110,10:27,21759.5,21759.7,21755.7,21757.7,58
CNX-MIDCAP,20180110,10:28,21757.2,21761.1,21755.8,21760.8,57
CNX-MIDCAP,20180110,10:29,21759.9,21760,21756.8,21757.9,59
CNX-MIDCAP,20180110,10:30,21757.6,21758.7,21755.8,21758.5,59
CNX-MIDCAP,20180110,10:31,21758.2,21760.8,21757,21759.2,54
CNX-MIDCAP,20180110,10:32,21759.3,21760.7,21757.7,21760.4,59
CNX-MIDCAP,20180110,10:33,21760.4,21761.3,21756.9,21756.9,58
CNX-MIDCAP,20180110,10:34,21756.2,21756.6,21753.9,21753.9,57
CNX-MIDCAP,20180110,10:35,21754.4,21756.2,21753.6,21754.9,54
CNX-MIDCAP,20180110,10:36,21753.9,21755.6,21752.1,21752.1,58
CNX-MIDCAP,20180110,10:37,21751.3,21756.8,21751.3,21756.2,57
CNX-MIDCAP,20180110,10:38,21755.6,21760.8,21755.6,21760.2,59
CNX-MIDCAP,20180110,10:39,21760.1,21760.9,21756.5,21759.3,57
CNX-MIDCAP,20180110,10:40,21758.5,21758.5,21755,21757.3,57
CNX-MIDCAP,20180110,10:41,21757.5,21758.9,21756.1,21758.6,59
CNX-MIDCAP,20180110,10:42,21758.6,21758.8,21751.9,21753.2,59
CNX-MIDCAP,20180110,10:43,21751.6,21751.6,21738.3,21738.3,57
CNX-MIDCAP,20180110,10:44,21738.1,21738.6,21727.2,21727.3,58
CNX-MIDCAP,20180110,10:45,21727.2,21727.7,21724.4,21726.6,59
CNX-MIDCAP,20180110,10:46,21726.8,21729.2,21722.6,21729.2,58
CNX-MIDCAP,20180110,10:47,21728.8,21728.8,21720.5,21721.7,58
CNX-MIDCAP,20180110,10:48,21721.9,21721.9,21708.3,21709,57
CNX-MIDCAP,20180110,10:49,21708.3,21709.7,21704.8,21705.3,60
CNX-MIDCAP,20180110,10:50,21706.1,21706.1,21700.4,21700.9,58
CNX-MIDCAP,20180110,10:51,21700.3,21702.7,21699.5,21701.3,57
CNX-MIDCAP,20180110,10:52,21701.1,21710.8,21701.1,21709.7,57
CNX-MIDCAP,20180110,10:53,21710.3,21713.1,21710.3,21711.3,58
CNX-MIDCAP,20180110,10:54,21711.4,21712.7,21705.4,21705.8,59
CNX-MIDCAP,20180110,10:55,21707,21707.1,21701.7,21703,59
CNX-MIDCAP,20180110,10:56,21703.9,21709.2,21703.9,21709.2,58
CNX-MIDCAP,20180110,10:57,21709.3,21709.3,21706.3,21708.8,58
CNX-MIDCAP,20180110,10:58,21710.1,21710.4,21704.4,21705.1,55
CNX-MIDCAP,20180110,10:59,21704.8,21704.8,21692.8,21693.3,58
CNX-MIDCAP,20180110,11:00,21692.9,21695.7,21691.4,21692,56
CNX-MIDCAP,20180110,11:01,21691.7,21693,21676.4,21677.9,59
CNX-MIDCAP,20180110,11:02,21677.4,21677.4,21661.2,21662.3,58
CNX-MIDCAP,20180110,11:03,21661.1,21661.5,21655.8,21656.4,57
CNX-MIDCAP,20180110,11:04,21656.6,21657.4,21641.2,21643.8,60
CNX-MIDCAP,20180110,11:05,21643.6,21654.3,21643.1,21653.2,59
CNX-MIDCAP,20180110,11:06,21653.6,21658.4,21652.1,21655.3,60
CNX-MIDCAP,20180110,11:07,21654.8,21659,21652.1,21657.3,58
CNX-MIDCAP,20180110,11:08,21656.6,21662.7,21655.6,21662.7,58
CNX-MIDCAP,20180110,11:09,21663.1,21668.3,21661.3,21667.7,60
CNX-MIDCAP,20180110,11:10,21667.8,21671.7,21666.3,21668.7,57
CNX-MIDCAP,20180110,11:11,21668.4,21670.4,21666.1,21670,59
CNX-MIDCAP,20180110,11:12,21670.6,21677.6,21670.6,21674.6,55
CNX-MIDCAP,20180110,11:13,21674.2,21674.9,21671.3,21672.1,57
CNX-MIDCAP,20180110,11:14,21671.8,21675.1,21670.8,21672.9,56
CNX-MIDCAP,20180110,11:15,21673.2,21677.8,21671.8,21677.4,60
CNX-MIDCAP,20180110,11:16,21677.4,21679.3,21676.4,21678.1,59
CNX-MIDCAP,20180110,11:17,21678.3,21680.6,21673.5,21674.3,57
CNX-MIDCAP,20180110,11:18,21674.4,21676.5,21673.7,21675.1,58
CNX-MIDCAP,20180110,11:19,21675.5,21678.3,21673.7,21678.1,57
CNX-MIDCAP,20180110,11:20,21677.8,21679.4,21675.8,21676.3,58
CNX-MIDCAP,20180110,11:21,21676.6,21676.6,21674,21676.6,58
CNX-MIDCAP,20180110,11:22,21676.7,21681.3,21676.2,21676.4,59
CNX-MIDCAP,20180110,11:23,21675.9,21677.3,21672.7,21673.7,57
CNX-MIDCAP,20180110,11:24,21673.6,21674.7,21670.3,21670.3,60
CNX-MIDCAP,20180110,11:25,21670.8,21673.3,21670.7,21672.3,57
CNX-MIDCAP,20180110,11:26,21673.3,21674.2,21671.3,21672,54
CNX-MIDCAP,20180110,11:27,21671.6,21671.7,21668.3,21669.5,59
CNX-MIDCAP,20180110,11:28,21669.2,21669.8,21666.9,21667.6,58
CNX-MIDCAP,20180110,11:29,21667.2,21667.6,21664.3,21666.8,58
CNX-MIDCAP,20180110,11:30,21666.3,21666.3,21661.9,21663.3,54
CNX-MIDCAP,20180110,11:31,21663.4,21664.6,21653.6,21653.6,56
CNX-MIDCAP,20180110,11:32,21653.9,21654.4,21649.4,21650.6,58
CNX-MIDCAP,20180110,11:33,21651.1,21652.8,21649.2,21650.6,58
CNX-MIDCAP,20180110,11:34,21650.7,21651.5,21646,21646.7,57
CNX-MIDCAP,20180110,11:35,21647.1,21648.6,21644.4,21645.2,58
CNX-MIDCAP,20180110,11:36,21645.8,21645.8,21627.6,21627.6,58
CNX-MIDCAP,20180110,11:37,21624.8,21625,21615.4,21616.8,58
CNX-MIDCAP,20180110,11:38,21616.6,21617.9,21604,21605.2,60
CNX-MIDCAP,20180110,11:39,21607.3,21611.6,21604.4,21604.4,60
CNX-MIDCAP,20180110,11:40,21604.1,21604.1,21574.6,21575.1,59
CNX-MIDCAP,20180110,11:41,21574.8,21575.1,21566.8,21572.1,59
CNX-MIDCAP,20180110,11:42,21572.8,21579.2,21569.4,21579.2,58
CNX-MIDCAP,20180110,11:43,21580,21587.5,21580,21582.3,56
CNX-MIDCAP,20180110,11:44,21581.4,21593.7,21580.4,21592.6,53
CNX-MIDCAP,20180110,11:45,21593.4,21603.4,21593.4,21603.4,56
CNX-MIDCAP,20180110,11:46,21603.1,21609.3,21603.1,21609.3,57
CNX-MIDCAP,20180110,11:47,21608.3,21611.2,21603.9,21604.3,60
CNX-MIDCAP,20180110,11:48,21604.4,21604.8,21580.8,21580.8,60
CNX-MIDCAP,20180110,11:49,21580.3,21580.8,21563.5,21565.6,57
CNX-MIDCAP,20180110,11:50,21565.8,21570.3,21564.6,21570.3,58
CNX-MIDCAP,20180110,11:51,21570.7,21574.2,21567,21574.2,59
CNX-MIDCAP,20180110,11:52,21575.3,21580.2,21570.5,21571.5,56
CNX-MIDCAP,20180110,11:53,21570.8,21570.8,21565.8,21567.7,59
CNX-MIDCAP,20180110,11:54,21568.1,21572.1,21564.9,21571.3,58
CNX-MIDCAP,20180110,11:55,21572.3,21572.3,21563.2,21563.2,55
CNX-MIDCAP,20180110,11:56,21562.8,21564,21558.7,21560.9,58
CNX-MIDCAP,20180110,11:57,21559.8,21560.3,21551.3,21551.8,57
CNX-MIDCAP,20180110,11:58,21551.3,21552.1,21548.3,21552.1,59
CNX-MIDCAP,20180110,11:59,21553.2,21558,21551.4,21556.4,58
CNX-MIDCAP,20180110,12:00,21555.8,21566.2,21555.5,21566.1,59
CNX-MIDCAP,20180110,12:01,21566.4,21568.7,21564.1,21568.3,58
CNX-MIDCAP,20180110,12:02,21568.8,21577.1,21567.1,21577.1,58
CNX-MIDCAP,20180110,12:03,21578.3,21587.7,21576.7,21583.1,55
CNX-MIDCAP,20180110,12:04,21582.6,21592.2,21582.6,21591.4,59
CNX-MIDCAP,20180110,12:05,21590.7,21595.1,21588.8,21589.2,56
CNX-MIDCAP,20180110,12:06,21588.4,21593.7,21588.4,21591.3,58
CNX-MIDCAP,20180110,12:07,21590.4,21592.3,21588.6,21591.5,57
CNX-MIDCAP,20180110,12:08,21591.9,21592.9,21588.9,21592.9,58
CNX-MIDCAP,20180110,12:09,21593.2,21597.8,21592.3,21594.3,57
CNX-MIDCAP,20180110,12:10,21594.2,21600.1,21594.2,21597.9,57
CNX-MIDCAP,20180110,12:11,21597.5,21599.4,21596,21596.5,59
CNX-MIDCAP,20180110,12:12,21596.2,21599.7,21595.6,21598.3,55
CNX-MIDCAP,20180110,12:13,21598.9,21598.9,21594.4,21595.8,56
CNX-MIDCAP,20180110,12:14,21596.8,21599,21594.9,21598.8,59
CNX-MIDCAP,20180110,12:15,21599.1,21607.2,21598.8,21607.2,56
CNX-MIDCAP,20180110,12:16,21606.8,21613.1,21605.8,21612.3,58
CNX-MIDCAP,20180110,12:17,21613.2,21619.9,21613.2,21618.2,58
CNX-MIDCAP,20180110,12:18,21618.1,21619.7,21611.4,21612.7,58
CNX-MIDCAP,20180110,12:19,21612.6,21615.4,21610.8,21615.4,59
CNX-MIDCAP,20180110,12:20,21615.9,21615.9,21608.1,21608.4,55
CNX-MIDCAP,20180110,12:21,21607.7,21608.2,21602.8,21605.8,57
CNX-MIDCAP,20180110,12:22,21605.7,21606.1,21603.2,21605.4,58
CNX-MIDCAP,20180110,12:23,21606.1,21606.3,21603.5,21604.3,57
CNX-MIDCAP,20180110,12:24,21604.8,21607.3,21603.8,21606.8,58
CNX-MIDCAP,20180110,12:25,21606.9,21612.8,21606.3,21610.4,59
CNX-MIDCAP,20180110,12:26,21610.9,21613.2,21609.9,21610.9,59
CNX-MIDCAP,20180110,12:27,21611.3,21612.2,21608.3,21609.3,57
CNX-MIDCAP,20180110,12:28,21608.9,21612.1,21608.8,21611.2,58
CNX-MIDCAP,20180110,12:29,21610.9,21615.9,21610.4,21613.2,56
CNX-MIDCAP,20180110,12:30,21613.6,21616.9,21613.2,21615.2,58
CNX-MIDCAP,20180110,12:31,21615.4,21619.3,21614.8,21619.3,58
CNX-MIDCAP,20180110,12:32,21619.3,21621.7,21618,21620.3,60
CNX-MIDCAP,20180110,12:33,21620.1,21622.6,21618.1,21618.7,59
CNX-MIDCAP,20180110,12:34,21618.3,21619.3,21616.7,21618.6,57
CNX-MIDCAP,20180110,12:35,21618.5,21618.8,21609.1,21609.1,58
CNX-MIDCAP,20180110,12:36,21609.9,21610.3,21603.5,21605.2,56
CNX-MIDCAP,20180110,12:37,21604.4,21604.7,21601.3,21601.3,56
CNX-MIDCAP,20180110,12:38,21601.3,21601.9,21595.5,21595.6,56
CNX-MIDCAP,20180110,12:39,21595.9,21595.9,21585.8,21585.9,56
CNX-MIDCAP,20180110,12:40,21586.4,21590,21583.8,21590,58
CNX-MIDCAP,20180110,12:41,21589.8,21590.6,21585.4,21585.4,56
CNX-MIDCAP,20180110,12:42,21585.7,21589.7,21584.4,21589.7,57
CNX-MIDCAP,20180110,12:43,21589.9,21595.9,21589.8,21595.7,57
CNX-MIDCAP,20180110,12:44,21595.6,21603,21595.5,21600.7,57
CNX-MIDCAP,20180110,12:45,21600.4,21605.5,21598.4,21598.9,60
CNX-MIDCAP,20180110,12:46,21599.2,21604.3,21598.9,21603.2,58
CNX-MIDCAP,20180110,12:47,21603.6,21605.9,21603.3,21605.6,55
CNX-MIDCAP,20180110,12:48,21605.8,21607.7,21603.3,21603.9,57
CNX-MIDCAP,20180110,12:49,21604.3,21605.4,21600.5,21600.5,57
CNX-MIDCAP,20180110,12:50,21600.8,21602.8,21599.7,21600.2,58
CNX-MIDCAP,20180110,12:51,21599.6,21600.7,21594.3,21594.3,56
CNX-MIDCAP,20180110,12:52,21594.4,21596.4,21591.2,21591.2,60
CNX-MIDCAP,20180110,12:53,21590.8,21592.5,21589.3,21589.6,57
CNX-MIDCAP,20180110,12:54,21589.7,21594.2,21587.8,21593.3,59
CNX-MIDCAP,20180110,12:55,21593.2,21595.3,21590.9,21590.9,57
CNX-MIDCAP,20180110,12:56,21591.1,21598.5,21590.8,21596.8,59
CNX-MIDCAP,20180110,12:57,21596.3,21601.6,21596.3,21599.3,58
CNX-MIDCAP,20180110,12:58,21599.8,21602.8,21589.9,21590.7,57
CNX-MIDCAP,20180110,12:59,21590.8,21591.7,21587.5,21589.2,57
CNX-MIDCAP,20180110,13:00,21589,21592.3,21587.8,21591.8,59
CNX-MIDCAP,20180110,13:01,21591.3,21610.7,21591.3,21609.7,58
CNX-MIDCAP,20180110,13:02,21612.8,21613.1,21606.6,21611,59
CNX-MIDCAP,20180110,13:03,21611.1,21615.2,21611.1,21614.4,60
CNX-MIDCAP,20180110,13:04,21614.2,21615.8,21611.1,21611.7,57
CNX-MIDCAP,20180110,13:05,21611.6,21615.2,21610.8,21612.8,54
CNX-MIDCAP,20180110,13:06,21612.7,21613.7,21606.3,21607.5,58
CNX-MIDCAP,20180110,13:07,21606.8,21609,21605.4,21609,58
CNX-MIDCAP,20180110,13:08,21608.7,21608.8,21605.8,21607.9,58
CNX-MIDCAP,20180110,13:09,21607.6,21609.8,21605.2,21605.8,60
CNX-MIDCAP,20180110,13:10,21605.3,21606.8,21602.7,21603.3,59
CNX-MIDCAP,20180110,13:11,21603.4,21604.1,21600.1,21601.9,58
CNX-MIDCAP,20180110,13:12,21602.3,21608.8,21602.3,21608.8,57
CNX-MIDCAP,20180110,13:13,21608.6,21614.7,21608.6,21612.3,58
CNX-MIDCAP,20180110,13:14,21611.9,21613.9,21608.8,21609.2,56
CNX-MIDCAP,20180110,13:15,21608.4,21610.8,21607.3,21609.4,57
CNX-MIDCAP,20180110,13:16,21609.8,21610.1,21607.3,21609.8,58
CNX-MIDCAP,20180110,13:17,21609.6,21611.1,21607.8,21611.1,57
CNX-MIDCAP,20180110,13:18,21610.7,21612,21607.4,21608,59
CNX-MIDCAP,20180110,13:19,21608.4,21611.2,21607.9,21610.8,57
CNX-MIDCAP,20180110,13:20,21610.4,21612.1,21608.8,21608.8,59
CNX-MIDCAP,20180110,13:21,21609.2,21611.9,21608.3,21608.3,58
CNX-MIDCAP,20180110,13:22,21608.4,21611.6,21606.4,21611.6,55
CNX-MIDCAP,20180110,13:23,21612.2,21615.9,21612.2,21614.7,59
CNX-MIDCAP,20180110,13:24,21615.3,21616.1,21610.9,21612.7,57
CNX-MIDCAP,20180110,13:25,21612.2,21612.2,21587.5,21587.9,59
CNX-MIDCAP,20180110,13:26,21588.5,21589.3,21583.7,21584.3,57
CNX-MIDCAP,20180110,13:27,21584.9,21585.5,21582,21585.5,59
CNX-MIDCAP,20180110,13:28,21586.1,21588.7,21584.8,21585.3,58
CNX-MIDCAP,20180110,13:29,21586.1,21593.8,21584.6,21593.3,58
CNX-MIDCAP,20180110,13:30,21593.2,21596.2,21591.8,21594.2,58
CNX-MIDCAP,20180110,13:31,21594.7,21596.8,21591.5,21593.3,56
CNX-MIDCAP,20180110,13:32,21593.8,21597.7,21592.9,21596.3,55
CNX-MIDCAP,20180110,13:33,21596.2,21596.7,21590.2,21590.2,53
CNX-MIDCAP,20180110,13:34,21590,21592.7,21589.1,21590.4,58
CNX-MIDCAP,20180110,13:35,21591,21591,21583.1,21583.9,55
CNX-MIDCAP,20180110,13:36,21584.5,21592.1,21584.4,21592.1,57
CNX-MIDCAP,20180110,13:37,21592.8,21595.6,21591.5,21594.9,58
CNX-MIDCAP,20180110,13:38,21594.8,21596.8,21589.9,21592.6,59
CNX-MIDCAP,20180110,13:39,21591.8,21599.4,21590.8,21596.4,59
CNX-MIDCAP,20180110,13:40,21596.4,21598.8,21590.8,21592.3,59
CNX-MIDCAP,20180110,13:41,21592,21595.6,21590.8,21593,56
CNX-MIDCAP,20180110,13:42,21593.3,21596.9,21592.2,21595.5,58
CNX-MIDCAP,20180110,13:43,21595.3,21595.3,21591.8,21592.3,58
CNX-MIDCAP,20180110,13:44,21592,21593.2,21590.3,21593.2,58
CNX-MIDCAP,20180110,13:45,21593.1,21596.1,21591.7,21593.8,59
CNX-MIDCAP,20180110,13:46,21594.1,21595.1,21590.9,21593.7,59
CNX-MIDCAP,20180110,13:47,21593.6,21601,21593.1,21597.1,56
CNX-MIDCAP,20180110,13:48,21597.3,21603,21595.9,21602.3,59
CNX-MIDCAP,20180110,13:49,21601.8,21604.5,21597.4,21598.5,60
CNX-MIDCAP,20180110,13:50,21598.7,21600.2,21593.7,21598.8,58
CNX-MIDCAP,20180110,13:51,21599.9,21602.8,21598.6,21601.7,60
CNX-MIDCAP,20180110,13:52,21602,21603.1,21599.9,21600.3,58
CNX-MIDCAP,20180110,13:53,21600.6,21600.8,21598.7,21598.7,59
CNX-MIDCAP,20180110,13:54,21598.7,21602.9,21597.6,21602.9,56
CNX-MIDCAP,20180110,13:55,21602.8,21605.5,21600.7,21605.2,58
CNX-MIDCAP,20180110,13:56,21605.7,21608.5,21605,21608.1,59
CNX-MIDCAP,20180110,13:57,21607.4,21613.1,21607.2,21612.9,55
CNX-MIDCAP,20180110,13:58,21613.3,21623.9,21613.3,21620.3,58
CNX-MIDCAP,20180110,13:59,21620.8,21620.8,21617.6,21619.7,55
CNX-MIDCAP,20180110,14:00,21619.8,21621.8,21618.3,21619.9,58
CNX-MIDCAP,20180110,14:01,21620.4,21626.3,21620.4,21623.9,56
CNX-MIDCAP,20180110,14:02,21623.4,21625.6,21622.7,21624.8,53
CNX-MIDCAP,20180110,14:03,21625.9,21627.2,21622.2,21624.4,57
CNX-MIDCAP,20180110,14:04,21625.1,21625.8,21622.4,21622.8,57
CNX-MIDCAP,20180110,14:05,21623.2,21627.1,21622.6,21627.1,58
CNX-MIDCAP,20180110,14:06,21626.8,21642.6,21626.8,21638.4,57
CNX-MIDCAP,20180110,14:07,21638.5,21647.8,21638.5,21644.3,58
CNX-MIDCAP,20180110,14:08,21644.3,21648.3,21642.3,21646.2,56
CNX-MIDCAP,20180110,14:09,21645.8,21646.8,21638,21638,55
CNX-MIDCAP,20180110,14:10,21637.9,21639.8,21634.8,21635.3,60
CNX-MIDCAP,20180110,14:11,21635.7,21637.3,21634.1,21635.8,58
CNX-MIDCAP,20180110,14:12,21636.1,21636.1,21629.4,21629.7,57
CNX-MIDCAP,20180110,14:13,21629.2,21631.5,21628.7,21630.6,59
CNX-MIDCAP,20180110,14:14,21631.2,21635,21631,21632,57
CNX-MIDCAP,20180110,14:15,21631.8,21635.8,21630.6,21630.6,60
CNX-MIDCAP,20180110,14:16,21630.6,21632.2,21629.2,21630.8,58
CNX-MIDCAP,20180110,14:17,21631.7,21632.9,21628.5,21632.2,59
CNX-MIDCAP,20180110,14:18,21632.3,21638.6,21631.4,21636.8,57
CNX-MIDCAP,20180110,14:19,21636.1,21636.1,21626.7,21626.7,56
CNX-MIDCAP,20180110,14:20,21626.1,21626.1,21613.8,21614.7,58
CNX-MIDCAP,20180110,14:21,21614.8,21618.8,21613.7,21617.8,60
CNX-MIDCAP,20180110,14:22,21617.1,21619.8,21616.1,21616.8,58
CNX-MIDCAP,20180110,14:23,21616.6,21619.3,21614.8,21619.1,59
CNX-MIDCAP,20180110,14:24,21619.2,21619.3,21610.8,21611.3,59
CNX-MIDCAP,20180110,14:25,21610.9,21612.7,21608.1,21610.1,58
CNX-MIDCAP,20180110,14:26,21610.1,21612.3,21607.1,21607.8,57
CNX-MIDCAP,20180110,14:27,21607.6,21607.8,21587.8,21588.1,59
CNX-MIDCAP,20180110,14:28,21587.1,21587.4,21584.1,21584.9,58
CNX-MIDCAP,20180110,14:29,21584.9,21586.7,21583.2,21586.7,59
CNX-MIDCAP,20180110,14:30,21587.6,21589.3,21586.6,21586.7,59
CNX-MIDCAP,20180110,14:31,21586.4,21586.8,21582.2,21586.8,58
CNX-MIDCAP,20180110,14:32,21587.3,21598.1,21587.1,21597.9,59
CNX-MIDCAP,20180110,14:33,21597.7,21597.7,21593.6,21595.4,59
CNX-MIDCAP,20180110,14:34,21593.7,21597.3,21592.1,21596.7,55
CNX-MIDCAP,20180110,14:35,21596.4,21599.3,21595.8,21598.6,60
CNX-MIDCAP,20180110,14:36,21598.3,21605.4,21598.2,21605.4,59
CNX-MIDCAP,20180110,14:37,21605,21610.8,21605,21610.7,56
CNX-MIDCAP,20180110,14:38,21610.1,21611.8,21605.5,21605.5,59
CNX-MIDCAP,20180110,14:39,21605.4,21606.4,21597.6,21597.7,58
CNX-MIDCAP,20180110,14:40,21598.1,21598.3,21595.3,21595.9,56
CNX-MIDCAP,20180110,14:41,21595.7,21601.1,21595.7,21600.3,58
CNX-MIDCAP,20180110,14:42,21601.2,21601.8,21598.3,21600.1,57
CNX-MIDCAP,20180110,14:43,21600.4,21600.8,21597.5,21599.1,58
CNX-MIDCAP,20180110,14:44,21598.3,21599.3,21596.8,21596.9,60
CNX-MIDCAP,20180110,14:45,21596.8,21602.8,21596.8,21600,59
CNX-MIDCAP,20180110,14:46,21600.8,21602.2,21593.3,21594.4,59
CNX-MIDCAP,20180110,14:47,21594.6,21597.3,21593.8,21594.9,57
CNX-MIDCAP,20180110,14:48,21595.3,21596.2,21580.3,21580.3,59
CNX-MIDCAP,20180110,14:49,21579.3,21582.1,21576.9,21576.9,56
CNX-MIDCAP,20180110,14:50,21576.8,21580.8,21574.6,21579.1,57
CNX-MIDCAP,20180110,14:51,21579.3,21582.8,21578.9,21580.6,58
CNX-MIDCAP,20180110,14:52,21580.7,21588.2,21579.3,21588.2,58
CNX-MIDCAP,20180110,14:53,21587.7,21590.3,21585.3,21590.2,58
CNX-MIDCAP,20180110,14:54,21589.9,21593.8,21589.9,21591.8,59
CNX-MIDCAP,20180110,14:55,21591.7,21611.2,21591.1,21610.3,57
CNX-MIDCAP,20180110,14:56,21610.7,21620.2,21610.7,21619.7,57
CNX-MIDCAP,20180110,14:57,21619.3,21621.4,21613.9,21613.9,59
CNX-MIDCAP,20180110,14:58,21615.3,21628.1,21614.9,21627.3,59
CNX-MIDCAP,20180110,14:59,21627.6,21631.7,21624.1,21631.7,59
CNX-MIDCAP,20180110,15:00,21630.7,21636.4,21630.2,21636.4,60
CNX-MIDCAP,20180110,15:01,21635.5,21644.8,21635.2,21644.8,59
CNX-MIDCAP,20180110,15:02,21644.9,21646.3,21638.3,21639.2,60
CNX-MIDCAP,20180110,15:03,21639.4,21647.8,21638.8,21647.6,59
CNX-MIDCAP,20180110,15:04,21649.1,21649.8,21647.2,21648.6,57
CNX-MIDCAP,20180110,15:05,21648.9,21650.8,21646.4,21650.3,57
CNX-MIDCAP,20180110,15:06,21649.7,21653.2,21648.4,21650.7,57
CNX-MIDCAP,20180110,15:07,21650.2,21659.4,21649.8,21659.2,57
CNX-MIDCAP,20180110,15:08,21659.4,21664.8,21658.9,21663.7,59
CNX-MIDCAP,20180110,15:09,21666.2,21667.4,21661.1,21661.8,58
CNX-MIDCAP,20180110,15:10,21661.6,21661.6,21656.8,21659.7,59
CNX-MIDCAP,20180110,15:11,21658.3,21662.3,21656.3,21656.3,58
CNX-MIDCAP,20180110,15:12,21657.3,21660.1,21654.4,21659.6,59
CNX-MIDCAP,20180110,15:13,21659.8,21670.4,21658.8,21666.4,60
CNX-MIDCAP,20180110,15:14,21666.1,21675.4,21664.5,21672,59
CNX-MIDCAP,20180110,15:15,21671.3,21677.7,21671.3,21674.7,59
CNX-MIDCAP,20180110,15:16,21674.3,21679.1,21668.8,21668.8,58
CNX-MIDCAP,20180110,15:17,21669.1,21671.2,21662.8,21665.2,60
CNX-MIDCAP,20180110,15:18,21664.8,21675.9,21664.1,21675.9,60
CNX-MIDCAP,20180110,15:19,21676.1,21676.1,21670.1,21670.3,60
CNX-MIDCAP,20180110,15:20,21670.7,21675.1,21669.2,21672.3,54
CNX-MIDCAP,20180110,15:21,21673.2,21673.6,21660.9,21662.1,57
CNX-MIDCAP,20180110,15:22,21662.2,21662.2,21655.3,21656.2,60
CNX-MIDCAP,20180110,15:23,21656.1,21657.5,21646.1,21646.4,59
CNX-MIDCAP,20180110,15:24,21647.8,21650.7,21642.2,21649.3,58
CNX-MIDCAP,20180110,15:25,21648.5,21660.9,21648.5,21660.1,58
CNX-MIDCAP,20180110,15:26,21661.2,21664.1,21659.6,21662.9,58
CNX-MIDCAP,20180110,15:27,21663.6,21666.4,21662.2,21663.9,58
CNX-MIDCAP,20180110,15:28,21664.4,21665.8,21660.6,21661.6,60
CNX-MIDCAP,20180110,15:29,21660.9,21667.3,21660.2,21662.7,59
CNX-MIDCAP,20180110,15:30,21661.2,21666.1,21656.2,21656.2,59
CNX-MIDCAP,20180110,15:31,21655.8,21655.8,21655.8,21655.8,1
CNX-MIDCAP,20180110,15:32,21656.3,21664.7,21656.3,21662.3,3
