NTPC_F1,20190228,09:16,138.55,139.00,138.55,139.00,160000,36396000
NTPC_F1,20190228,09:17,139.00,139.00,138.75,138.90,160000,36536000
NTPC_F1,20190228,09:18,139.00,139.00,138.80,138.90,44000,36536000
NTPC_F1,20190228,09:19,138.90,139.00,138.90,138.90,344000,36536000
NTPC_F1,20190228,09:20,139.00,139.25,138.95,139.25,188000,36624000
NTPC_F1,20190228,09:21,139.25,139.90,139.20,139.90,68000,36624000
NTPC_F1,20190228,09:22,139.90,139.95,139.50,139.50,68000,36624000
NTPC_F1,20190228,09:23,139.50,139.65,139.50,139.50,24000,36624000
NTPC_F1,20190228,09:24,139.55,139.65,139.55,139.65,20000,36676000
NTPC_F1,20190228,09:25,139.65,139.65,139.35,139.35,88000,36676000
NTPC_F1,20190228,09:26,139.30,139.35,139.20,139.20,36000,36704000
NTPC_F1,20190228,09:27,139.20,139.30,139.20,139.20,32000,36704000
NTPC_F1,20190228,09:28,139.20,139.25,139.10,139.25,32000,36704000
NTPC_F1,20190228,09:29,139.25,139.25,138.80,138.80,392000,36772000
NTPC_F1,20190228,09:30,138.90,139.05,138.90,139.05,20000,36772000
NTPC_F1,20190228,09:31,139.10,139.10,138.55,138.55,64000,36772000
NTPC_F1,20190228,09:32,138.80,138.80,138.65,138.65,32000,36804000
NTPC_F1,20190228,09:33,138.65,138.65,138.60,138.60,152000,36804000
NTPC_F1,20190228,09:34,138.45,138.60,138.45,138.50,136000,36804000
NTPC_F1,20190228,09:35,138.55,138.65,138.55,138.65,52000,36804000
NTPC_F1,20190228,09:36,138.65,138.75,138.60,138.70,156000,36924000
NTPC_F1,20190228,09:37,138.65,138.70,138.60,138.60,212000,36924000
NTPC_F1,20190228,09:38,138.60,138.60,138.50,138.50,52000,37032000
NTPC_F1,20190228,09:39,138.40,138.75,138.40,138.65,36000,37032000
NTPC_F1,20190228,09:40,138.70,138.80,138.65,138.65,48000,37032000
NTPC_F1,20190228,09:41,138.65,138.80,138.65,138.75,72000,37112000
NTPC_F1,20190228,09:42,138.70,138.80,138.65,138.75,68000,37112000
NTPC_F1,20190228,09:43,138.70,138.75,138.70,138.75,12000,37112000
NTPC_F1,20190228,09:44,138.75,138.95,138.75,138.95,44000,37108000
NTPC_F1,20190228,09:45,139.05,140.15,139.05,139.85,304000,37108000
NTPC_F1,20190228,09:46,139.75,139.75,139.50,139.55,284000,37108000
NTPC_F1,20190228,09:47,139.50,139.50,139.35,139.35,20000,37112000
NTPC_F1,20190228,09:48,139.45,139.60,139.30,139.55,204000,37112000
NTPC_F1,20190228,09:49,139.35,139.35,139.35,139.35,64000,37112000
NTPC_F1,20190228,09:50,139.35,139.35,139.20,139.20,28000,37112000
NTPC_F1,20190228,09:51,139.20,139.60,139.20,139.55,132000,37216000
NTPC_F1,20190228,09:52,139.45,139.60,139.30,139.30,64000,37216000
NTPC_F1,20190228,09:53,139.40,139.40,139.40,139.40,60000,37216000
NTPC_F1,20190228,09:54,139.40,139.40,139.40,139.40,8000,37256000
NTPC_F1,20190228,09:55,139.30,139.30,139.10,139.10,12000,37256000
NTPC_F1,20190228,09:56,139.20,139.20,139.20,139.20,12000,37264000
NTPC_F1,20190228,09:57,139.20,139.20,139.20,139.20,16000,37264000
NTPC_F1,20190228,09:58,139.20,139.35,139.20,139.30,56000,37264000
NTPC_F1,20190228,09:59,139.30,139.35,139.20,139.30,40000,37300000
NTPC_F1,20190228,10:00,139.30,139.40,139.25,139.30,52000,37300000
NTPC_F1,20190228,10:04,139.30,139.70,139.30,139.55,100000,37316000
NTPC_F1,20190228,10:05,139.35,139.65,139.30,139.60,60000,37316000
NTPC_F1,20190228,10:06,139.60,139.60,139.30,139.40,112000,37376000
NTPC_F1,20190228,10:07,139.45,139.45,139.45,139.45,4000,37376000
NTPC_F1,20190228,10:08,139.50,139.55,139.50,139.50,12000,37376000
NTPC_F1,20190228,10:09,139.45,139.45,139.30,139.40,40000,37404000
NTPC_F1,20190228,10:10,139.40,139.40,139.30,139.30,12000,37404000
NTPC_F1,20190228,10:11,139.40,139.40,139.40,139.40,8000,37404000
NTPC_F1,20190228,10:12,139.40,139.40,139.20,139.30,144000,37440000
NTPC_F1,20190228,10:13,139.30,139.30,139.30,139.30,20000,37440000
NTPC_F1,20190228,10:15,139.45,139.45,139.45,139.45,12000,37476000
NTPC_F1,20190228,10:17,139.30,139.30,139.30,139.30,4000,37476000
NTPC_F1,20190228,10:18,139.45,139.45,139.45,139.45,36000,37448000
NTPC_F1,20190228,10:19,139.45,139.45,139.45,139.45,20000,37448000
NTPC_F1,20190228,10:21,139.45,139.45,139.45,139.45,8000,37468000
NTPC_F1,20190228,10:22,139.50,139.50,139.50,139.50,12000,37468000
NTPC_F1,20190228,10:23,139.50,139.50,139.50,139.50,24000,37436000
NTPC_F1,20190228,10:24,139.50,139.55,139.50,139.55,8000,37436000
NTPC_F1,20190228,10:25,139.55,139.55,139.45,139.45,36000,37436000
NTPC_F1,20190228,10:26,139.45,139.45,139.45,139.45,8000,37436000
NTPC_F1,20190228,10:27,139.50,139.50,139.50,139.50,12000,37444000
NTPC_F1,20190228,10:28,139.55,139.55,139.40,139.50,44000,37444000
NTPC_F1,20190228,10:29,139.50,139.50,139.35,139.35,56000,37444000
NTPC_F1,20190228,10:30,139.35,139.45,139.35,139.45,12000,37480000
NTPC_F1,20190228,10:31,139.40,139.40,139.25,139.30,100000,37480000
NTPC_F1,20190228,10:32,139.35,139.35,139.35,139.35,16000,37576000
NTPC_F1,20190228,10:33,139.35,139.35,139.35,139.35,8000,37576000
NTPC_F1,20190228,10:34,139.35,139.35,139.20,139.20,28000,37576000
NTPC_F1,20190228,10:35,139.20,139.25,139.10,139.25,52000,37604000
NTPC_F1,20190228,10:36,139.20,139.20,138.75,138.75,104000,37604000
NTPC_F1,20190228,10:37,138.85,138.90,138.80,138.90,32000,37604000
NTPC_F1,20190228,10:38,138.90,138.90,138.90,138.90,8000,37656000
NTPC_F1,20190228,10:39,138.90,138.90,138.80,138.80,60000,37656000
NTPC_F1,20190228,10:40,138.90,138.95,138.70,138.70,76000,37656000
NTPC_F1,20190228,10:41,138.75,138.75,138.75,138.75,4000,37696000
NTPC_F1,20190228,10:42,138.70,138.70,138.70,138.70,20000,37696000
NTPC_F1,20190228,10:44,138.70,138.95,138.70,138.85,24000,37696000
NTPC_F1,20190228,10:45,138.85,138.85,138.85,138.85,136000,37700000
NTPC_F1,20190228,10:46,138.95,138.95,138.80,138.80,388000,37700000
NTPC_F1,20190228,10:47,138.80,139.00,138.80,139.00,68000,37700000
NTPC_F1,20190228,10:48,138.95,138.95,138.90,138.95,144000,37744000
NTPC_F1,20190228,10:49,138.95,139.15,138.95,139.15,56000,37744000
NTPC_F1,20190228,10:50,139.20,139.20,139.20,139.20,12000,37780000
NTPC_F1,20190228,10:51,139.20,139.35,139.20,139.35,36000,37780000
NTPC_F1,20190228,10:52,139.35,139.35,139.35,139.35,128000,37780000
NTPC_F1,20190228,10:54,139.35,139.40,139.35,139.40,16000,37808000
NTPC_F1,20190228,10:55,139.30,139.40,139.30,139.40,20000,37808000
NTPC_F1,20190228,10:56,139.45,139.45,139.35,139.35,80000,37836000
NTPC_F1,20190228,10:57,139.35,139.50,139.35,139.50,44000,37836000
NTPC_F1,20190228,10:58,139.50,139.50,139.50,139.50,32000,37836000
NTPC_F1,20190228,10:59,139.50,139.50,139.50,139.50,12000,37836000
NTPC_F1,20190228,11:00,139.35,139.35,139.25,139.35,20000,37808000
NTPC_F1,20190228,11:01,139.35,139.35,139.35,139.35,44000,37808000
NTPC_F1,20190228,11:02,139.50,139.55,139.50,139.50,272000,37928000
NTPC_F1,20190228,11:03,139.50,139.50,139.50,139.50,8000,37928000
NTPC_F1,20190228,11:04,139.50,139.55,139.50,139.50,824000,37928000
NTPC_F1,20190228,11:05,139.55,139.60,139.55,139.60,92000,38164000
NTPC_F1,20190228,11:06,139.60,139.90,139.55,139.90,196000,38164000
NTPC_F1,20190228,11:07,139.90,139.90,139.80,139.80,488000,38164000
NTPC_F1,20190228,11:08,139.80,140.05,139.80,140.05,248000,38636000
NTPC_F1,20190228,11:09,140.05,140.10,139.90,139.90,320000,38636000
NTPC_F1,20190228,11:10,139.90,139.90,139.85,139.85,36000,38636000
NTPC_F1,20190228,11:11,140.00,140.10,139.75,140.10,72000,38636000
NTPC_F1,20190228,11:12,140.10,140.20,139.90,140.10,116000,38872000
NTPC_F1,20190228,11:13,140.10,140.10,139.85,139.85,16000,38872000
NTPC_F1,20190228,11:14,139.85,140.00,139.85,140.00,8000,38872000
NTPC_F1,20190228,11:15,140.00,140.00,140.00,140.00,8000,38908000
NTPC_F1,20190228,11:16,139.80,139.90,139.80,139.90,8000,38908000
NTPC_F1,20190228,11:17,139.95,139.95,139.90,139.95,12000,38876000
NTPC_F1,20190228,11:18,139.95,139.95,139.95,139.95,4000,38876000
NTPC_F1,20190228,11:19,139.95,139.95,139.90,139.90,68000,38876000
NTPC_F1,20190228,11:21,139.85,139.85,139.85,139.85,4000,38896000
NTPC_F1,20190228,11:22,139.85,139.95,139.85,139.95,12000,38896000
NTPC_F1,20190228,11:23,139.85,139.85,139.85,139.85,4000,38876000
NTPC_F1,20190228,11:24,139.85,139.85,139.85,139.85,8000,38876000
NTPC_F1,20190228,11:25,139.85,139.85,139.85,139.85,20000,38876000
NTPC_F1,20190228,11:26,139.85,139.85,139.80,139.80,84000,38876000
NTPC_F1,20190228,11:27,139.95,139.95,139.90,139.90,8000,38944000
NTPC_F1,20190228,11:28,140.00,140.15,140.00,140.15,52000,38944000
NTPC_F1,20190228,11:29,140.15,140.15,140.15,140.15,16000,38944000
NTPC_F1,20190228,11:30,140.15,140.15,140.15,140.15,20000,38916000
NTPC_F1,20190228,11:31,140.10,140.10,140.10,140.10,4000,38916000
NTPC_F1,20190228,11:32,140.10,140.10,140.10,140.10,8000,38916000
NTPC_F1,20190228,11:33,140.10,140.10,140.10,140.10,12000,38916000
NTPC_F1,20190228,11:34,140.10,140.10,140.10,140.10,4000,38916000
NTPC_F1,20190228,11:35,140.35,140.35,140.20,140.30,92000,38948000
NTPC_F1,20190228,11:36,140.30,140.30,140.15,140.15,20000,38948000
NTPC_F1,20190228,11:37,140.15,140.30,140.15,140.30,8000,38948000
NTPC_F1,20190228,11:38,140.30,140.55,140.30,140.50,48000,38924000
NTPC_F1,20190228,11:39,140.75,140.90,140.70,140.75,100000,38924000
NTPC_F1,20190228,11:40,140.75,140.90,140.70,140.70,36000,38924000
NTPC_F1,20190228,11:41,140.75,140.75,140.55,140.55,80000,38964000
NTPC_F1,20190228,11:42,140.45,140.45,140.35,140.40,92000,38964000
NTPC_F1,20190228,11:43,140.30,140.30,140.30,140.30,8000,38964000
NTPC_F1,20190228,11:44,140.30,140.30,140.30,140.30,16000,38964000
NTPC_F1,20190228,11:46,140.30,140.30,140.05,140.05,80000,38972000
NTPC_F1,20190228,11:47,140.10,140.10,140.10,140.10,4000,38972000
NTPC_F1,20190228,11:48,140.05,140.10,140.00,140.10,28000,38960000
NTPC_F1,20190228,11:49,140.10,140.30,140.10,140.30,32000,38960000
NTPC_F1,20190228,11:50,140.30,140.45,140.30,140.45,72000,38992000
NTPC_F1,20190228,11:51,140.45,140.45,140.45,140.45,4000,38992000
NTPC_F1,20190228,11:53,140.45,140.50,140.45,140.50,24000,38972000
NTPC_F1,20190228,11:54,140.60,140.65,140.60,140.65,24000,38972000
NTPC_F1,20190228,11:55,140.60,140.60,140.60,140.60,4000,38972000
NTPC_F1,20190228,11:56,140.50,140.50,140.50,140.50,24000,38972000
NTPC_F1,20190228,11:57,140.55,140.55,140.50,140.50,16000,38980000
NTPC_F1,20190228,11:58,140.45,140.45,140.40,140.40,20000,38980000
NTPC_F1,20190228,11:59,140.35,140.35,140.30,140.30,32000,38980000
NTPC_F1,20190228,12:00,140.25,140.30,140.20,140.20,36000,38984000
NTPC_F1,20190228,12:01,140.30,140.35,140.20,140.30,60000,38984000
NTPC_F1,20190228,12:02,140.30,140.35,140.30,140.35,56000,38984000
NTPC_F1,20190228,12:03,140.30,140.30,140.30,140.30,12000,39000000
NTPC_F1,20190228,12:04,140.35,140.45,140.35,140.40,24000,39000000
NTPC_F1,20190228,12:05,140.45,140.45,140.45,140.45,16000,39028000
NTPC_F1,20190228,12:06,140.55,140.70,140.50,140.70,64000,39028000
NTPC_F1,20190228,12:07,140.65,140.75,140.65,140.70,76000,39028000
NTPC_F1,20190228,12:08,140.75,140.75,140.55,140.65,44000,39080000
NTPC_F1,20190228,12:09,140.65,140.70,140.60,140.70,28000,39080000
NTPC_F1,20190228,12:10,140.70,140.70,140.60,140.70,56000,39080000
NTPC_F1,20190228,12:11,140.65,140.65,140.60,140.60,68000,39084000
NTPC_F1,20190228,12:12,140.65,140.70,140.65,140.65,36000,39084000
NTPC_F1,20190228,12:13,140.60,140.65,140.60,140.65,28000,39084000
NTPC_F1,20190228,12:14,140.75,140.75,140.65,140.65,28000,39100000
NTPC_F1,20190228,12:15,140.60,140.70,140.60,140.65,76000,39100000
NTPC_F1,20190228,12:16,140.65,140.85,140.65,140.75,164000,39100000
NTPC_F1,20190228,12:17,140.85,140.90,140.85,140.90,64000,39276000
NTPC_F1,20190228,12:18,140.85,140.90,140.85,140.90,28000,39276000
NTPC_F1,20190228,12:19,140.95,141.00,140.95,141.00,44000,39276000
NTPC_F1,20190228,12:20,140.90,140.95,140.85,140.85,32000,39304000
NTPC_F1,20190228,12:21,140.85,140.85,140.80,140.85,20000,39304000
NTPC_F1,20190228,12:22,140.85,141.00,140.85,140.90,32000,39304000
NTPC_F1,20190228,12:23,141.05,141.05,141.00,141.00,104000,39276000
NTPC_F1,20190228,12:24,141.00,141.00,141.00,141.00,56000,39276000
NTPC_F1,20190228,12:25,140.85,141.00,140.85,140.95,12000,39276000
NTPC_F1,20190228,12:26,140.90,140.90,140.90,140.90,4000,39324000
NTPC_F1,20190228,12:27,141.00,141.00,141.00,141.00,20000,39324000
NTPC_F1,20190228,12:28,141.05,141.10,141.05,141.10,68000,39324000
NTPC_F1,20190228,12:29,141.10,141.15,141.10,141.15,28000,39324000
NTPC_F1,20190228,12:30,141.10,141.25,141.10,141.25,60000,39364000
NTPC_F1,20190228,12:31,141.30,141.45,141.30,141.40,52000,39364000
NTPC_F1,20190228,12:32,141.40,141.45,141.35,141.45,44000,39392000
NTPC_F1,20190228,12:33,141.40,141.50,141.20,141.20,64000,39392000
NTPC_F1,20190228,12:34,141.15,141.15,140.95,141.00,24000,39392000
NTPC_F1,20190228,12:35,141.05,141.05,140.95,140.95,16000,36520000
NTPC_F1,20190228,12:36,140.90,140.90,140.85,140.90,12000,36520000
NTPC_F1,20190228,12:37,140.75,140.75,140.75,140.75,4000,36520000
NTPC_F1,20190228,12:38,140.90,140.90,140.90,140.90,8000,36520000
NTPC_F1,20190228,12:39,140.90,140.90,140.85,140.85,8000,36528000
NTPC_F1,20190228,12:40,140.90,141.00,140.90,140.95,60000,36528000
NTPC_F1,20190228,12:41,140.95,140.95,140.90,140.90,20000,36528000
NTPC_F1,20190228,12:42,141.00,141.10,141.00,141.10,108000,36576000
NTPC_F1,20190228,12:43,141.10,141.10,141.10,141.10,40000,36576000
NTPC_F1,20190228,12:44,141.00,141.00,140.90,141.00,56000,36624000
NTPC_F1,20190228,12:45,141.10,141.10,141.10,141.10,8000,36624000
NTPC_F1,20190228,12:47,141.10,141.10,141.00,141.00,32000,36624000
NTPC_F1,20190228,12:48,141.00,141.00,141.00,141.00,12000,36624000
NTPC_F1,20190228,12:49,141.00,141.00,141.00,141.00,20000,36624000
NTPC_F1,20190228,12:50,141.10,141.10,141.10,141.10,60000,36688000
NTPC_F1,20190228,12:51,141.00,141.00,141.00,141.00,12000,36688000
NTPC_F1,20190228,12:52,141.00,141.10,141.00,141.05,32000,36688000
NTPC_F1,20190228,12:53,141.15,141.15,141.15,141.15,4000,36724000
NTPC_F1,20190228,12:54,141.05,141.05,141.05,141.05,4000,36724000
NTPC_F1,20190228,12:55,141.10,141.10,141.10,141.10,16000,36724000
NTPC_F1,20190228,12:56,141.05,141.10,141.05,141.10,8000,36724000
NTPC_F1,20190228,12:57,141.20,141.20,141.05,141.15,32000,36724000
NTPC_F1,20190228,12:58,141.10,141.10,141.05,141.05,96000,36724000
NTPC_F1,20190228,12:59,141.05,141.20,141.05,141.20,48000,36724000
NTPC_F1,20190228,13:00,141.20,141.20,141.20,141.20,4000,36812000
NTPC_F1,20190228,13:01,141.20,141.20,141.20,141.20,4000,36812000
NTPC_F1,20190228,13:02,141.20,141.20,141.20,141.20,32000,36812000
NTPC_F1,20190228,13:03,141.05,141.05,141.05,141.05,4000,36808000
NTPC_F1,20190228,13:04,141.10,141.15,141.05,141.15,16000,36808000
NTPC_F1,20190228,13:05,141.15,141.15,141.15,141.15,28000,36828000
NTPC_F1,20190228,13:06,141.10,141.10,141.05,141.05,32000,36828000
NTPC_F1,20190228,13:07,141.10,141.10,141.05,141.05,20000,36828000
NTPC_F1,20190228,13:08,141.10,141.10,141.05,141.05,16000,36828000
NTPC_F1,20190228,13:09,141.05,141.10,141.00,141.00,52000,36832000
NTPC_F1,20190228,13:10,141.05,141.05,141.00,141.00,44000,36832000
NTPC_F1,20190228,13:11,141.00,141.00,141.00,141.00,24000,36832000
NTPC_F1,20190228,13:12,141.00,141.00,141.00,141.00,8000,36860000
NTPC_F1,20190228,13:13,141.05,141.10,141.05,141.10,16000,36860000
NTPC_F1,20190228,13:14,141.05,141.05,141.00,141.00,24000,36872000
NTPC_F1,20190228,13:15,141.05,141.05,141.05,141.05,20000,36872000
NTPC_F1,20190228,13:16,141.05,141.05,141.00,141.00,16000,36872000
NTPC_F1,20190228,13:17,141.05,141.10,141.05,141.10,8000,36788000
NTPC_F1,20190228,13:18,141.05,141.05,141.05,141.05,8000,36788000
NTPC_F1,20190228,13:20,141.05,141.10,141.05,141.10,16000,36788000
NTPC_F1,20190228,13:22,141.10,141.20,141.10,141.20,8000,36788000
NTPC_F1,20190228,13:23,141.20,141.20,141.20,141.20,60000,36784000
NTPC_F1,20190228,13:24,141.20,141.25,141.20,141.20,64000,36784000
NTPC_F1,20190228,13:25,141.20,141.30,141.20,141.30,72000,36784000
NTPC_F1,20190228,13:26,141.30,141.40,141.30,141.40,28000,36864000
NTPC_F1,20190228,13:27,141.35,141.35,141.35,141.35,36000,36864000
NTPC_F1,20190228,13:28,141.25,141.30,141.20,141.25,144000,36864000
NTPC_F1,20190228,13:29,141.20,141.20,141.10,141.20,52000,36936000
NTPC_F1,20190228,13:30,141.20,141.25,141.20,141.25,24000,36936000
NTPC_F1,20190228,13:31,141.25,141.25,141.20,141.20,8000,36936000
NTPC_F1,20190228,13:33,141.20,141.20,141.15,141.15,16000,36936000
NTPC_F1,20190228,13:35,141.15,141.15,141.15,141.15,100000,36936000
NTPC_F1,20190228,13:36,141.20,141.20,141.20,141.20,4000,36936000
NTPC_F1,20190228,13:38,141.20,141.20,141.15,141.15,20000,36936000
NTPC_F1,20190228,13:40,141.25,141.30,141.20,141.20,24000,36936000
NTPC_F1,20190228,13:41,141.20,141.25,141.20,141.25,12000,36936000
NTPC_F1,20190228,13:42,141.25,141.30,141.25,141.30,12000,36952000
NTPC_F1,20190228,13:43,141.25,141.25,141.25,141.25,8000,36952000
NTPC_F1,20190228,13:45,141.15,141.15,141.15,141.15,4000,36956000
NTPC_F1,20190228,13:46,141.15,141.15,141.15,141.15,4000,36956000
NTPC_F1,20190228,13:47,141.05,141.05,141.05,141.05,36000,36968000
NTPC_F1,20190228,13:48,141.05,141.05,141.00,141.00,28000,36968000
NTPC_F1,20190228,13:49,141.05,141.05,140.90,141.00,100000,36968000
NTPC_F1,20190228,13:51,141.20,141.20,141.15,141.15,12000,36976000
NTPC_F1,20190228,13:52,141.10,141.10,141.10,141.10,4000,36976000
NTPC_F1,20190228,13:53,141.05,141.15,141.05,141.15,184000,37008000
NTPC_F1,20190228,13:54,141.20,141.20,140.95,140.95,56000,37008000
NTPC_F1,20190228,13:56,140.95,140.95,140.95,140.95,4000,37008000
NTPC_F1,20190228,13:58,141.00,141.00,141.00,141.00,4000,37032000
NTPC_F1,20190228,13:59,141.00,141.00,141.00,141.00,4000,37032000
NTPC_F1,20190228,14:00,140.95,140.95,140.90,140.95,64000,37032000
NTPC_F1,20190228,14:01,140.95,141.05,140.95,141.00,96000,37032000
NTPC_F1,20190228,14:02,141.00,141.15,141.00,141.10,52000,37040000
NTPC_F1,20190228,14:03,141.15,141.15,141.10,141.10,12000,37040000
NTPC_F1,20190228,14:04,141.00,141.00,141.00,141.00,4000,37040000
NTPC_F1,20190228,14:05,141.00,141.00,141.00,141.00,12000,37040000
NTPC_F1,20190228,14:06,141.00,141.00,141.00,141.00,16000,37036000
NTPC_F1,20190228,14:07,141.00,141.10,141.00,141.10,40000,37036000
NTPC_F1,20190228,14:09,141.15,141.15,141.15,141.15,12000,37008000
NTPC_F1,20190228,14:11,141.20,141.20,141.20,141.20,100000,37012000
NTPC_F1,20190228,14:12,141.20,141.20,141.20,141.20,72000,37012000
NTPC_F1,20190228,14:13,141.10,141.10,141.10,141.10,4000,37012000
NTPC_F1,20190228,14:14,141.10,141.10,141.10,141.10,4000,37012000
NTPC_F1,20190228,14:15,141.15,141.25,141.15,141.25,168000,37012000
NTPC_F1,20190228,14:16,141.20,141.20,141.20,141.20,12000,37012000
NTPC_F1,20190228,14:17,141.10,141.10,141.10,141.10,12000,37016000
NTPC_F1,20190228,14:18,141.10,141.10,141.10,141.10,12000,37016000
NTPC_F1,20190228,14:19,141.10,141.10,141.10,141.10,4000,37016000
NTPC_F1,20190228,14:20,141.10,141.15,141.10,141.15,16000,37016000
NTPC_F1,20190228,14:21,141.20,141.20,141.20,141.20,8000,37016000
NTPC_F1,20190228,14:23,141.15,141.15,141.15,141.15,44000,37016000
NTPC_F1,20190228,14:24,141.15,141.15,141.10,141.10,68000,37016000
NTPC_F1,20190228,14:25,141.15,141.15,141.15,141.15,36000,37016000
NTPC_F1,20190228,14:26,141.15,141.15,141.15,141.15,36000,37016000
NTPC_F1,20190228,14:27,141.20,141.20,141.20,141.20,4000,37004000
NTPC_F1,20190228,14:28,141.15,141.15,141.15,141.15,4000,37004000
NTPC_F1,20190228,14:30,141.15,141.15,141.15,141.15,4000,37000000
NTPC_F1,20190228,14:31,141.15,141.25,141.15,141.25,32000,37000000
NTPC_F1,20190228,14:32,141.20,141.20,141.20,141.20,4000,37000000
NTPC_F1,20190228,14:33,141.25,141.25,141.25,141.25,4000,36992000
NTPC_F1,20190228,14:34,141.40,141.45,141.35,141.35,24000,36992000
NTPC_F1,20190228,14:35,141.45,141.50,141.40,141.50,32000,36992000
NTPC_F1,20190228,14:36,141.60,141.60,141.50,141.55,52000,37000000
NTPC_F1,20190228,14:37,141.60,141.60,141.50,141.50,20000,37000000
NTPC_F1,20190228,14:38,141.70,141.75,141.65,141.65,52000,37000000
NTPC_F1,20190228,14:39,141.70,141.70,141.70,141.70,8000,36964000
NTPC_F1,20190228,14:40,141.70,141.70,141.50,141.50,56000,36964000
NTPC_F1,20190228,14:41,141.55,141.60,141.45,141.45,40000,36996000
NTPC_F1,20190228,14:42,141.45,141.50,141.35,141.35,24000,36996000
NTPC_F1,20190228,14:43,141.35,141.40,141.35,141.40,56000,36996000
NTPC_F1,20190228,14:44,141.50,141.50,141.45,141.45,16000,36996000
NTPC_F1,20190228,14:45,141.45,141.50,141.35,141.35,108000,37020000
NTPC_F1,20190228,14:46,141.35,141.35,141.25,141.25,16000,37020000
NTPC_F1,20190228,14:47,141.20,141.20,141.20,141.20,28000,37056000
NTPC_F1,20190228,14:48,141.15,141.15,140.75,140.75,108000,37056000
NTPC_F1,20190228,14:49,140.85,140.85,140.70,140.70,28000,37056000
NTPC_F1,20190228,14:50,140.70,140.80,140.45,140.80,100000,37084000
NTPC_F1,20190228,14:51,141.00,141.20,141.00,141.20,56000,37084000
NTPC_F1,20190228,14:52,141.20,141.25,141.20,141.25,48000,37084000
NTPC_F1,20190228,14:53,141.35,141.35,141.35,141.35,68000,37084000
NTPC_F1,20190228,14:54,141.40,141.40,141.35,141.35,16000,37076000
NTPC_F1,20190228,14:55,141.20,141.20,141.20,141.20,4000,37076000
NTPC_F1,20190228,14:57,141.25,141.25,141.20,141.25,20000,37076000
NTPC_F1,20190228,14:58,141.45,141.45,141.40,141.40,16000,37076000
NTPC_F1,20190228,14:59,141.30,141.30,141.15,141.15,52000,37112000
NTPC_F1,20190228,15:00,141.25,141.35,141.25,141.35,28000,37112000
NTPC_F1,20190228,15:01,141.25,141.65,141.25,141.55,156000,37112000
NTPC_F1,20190228,15:02,141.55,141.60,141.55,141.55,68000,37204000
NTPC_F1,20190228,15:03,141.45,141.50,141.40,141.45,96000,37204000
NTPC_F1,20190228,15:04,141.45,141.45,141.35,141.35,76000,37204000
NTPC_F1,20190228,15:05,141.40,141.40,141.35,141.35,56000,37288000
NTPC_F1,20190228,15:06,141.30,141.40,141.20,141.20,44000,37288000
NTPC_F1,20190228,15:07,141.25,141.35,141.25,141.25,48000,37288000
NTPC_F1,20190228,15:08,141.25,141.25,141.25,141.25,4000,37288000
NTPC_F1,20190228,15:09,141.25,141.25,141.25,141.25,48000,37316000
NTPC_F1,20190228,15:10,141.20,141.20,141.10,141.10,56000,37316000
NTPC_F1,20190228,15:11,141.15,141.15,141.05,141.05,76000,37316000
NTPC_F1,20190228,15:12,141.10,141.15,141.05,141.05,120000,37292000
NTPC_F1,20190228,15:13,141.05,141.10,141.00,141.00,24000,37292000
NTPC_F1,20190228,15:14,141.00,141.05,141.00,141.05,16000,37292000
NTPC_F1,20190228,15:15,141.00,141.05,141.00,141.05,44000,37304000
NTPC_F1,20190228,15:16,141.05,141.40,141.05,141.40,208000,37304000
NTPC_F1,20190228,15:17,141.40,141.40,141.40,141.40,12000,37304000
NTPC_F1,20190228,15:18,141.35,141.40,141.35,141.40,20000,37264000
NTPC_F1,20190228,15:19,141.35,141.40,141.35,141.35,32000,37264000
NTPC_F1,20190228,15:20,141.30,141.35,141.30,141.30,20000,37220000
NTPC_F1,20190228,15:21,141.35,141.40,141.30,141.35,84000,37220000
NTPC_F1,20190228,15:22,141.35,141.35,141.25,141.35,64000,37220000
NTPC_F1,20190228,15:23,141.30,141.30,141.20,141.20,52000,37088000
NTPC_F1,20190228,15:24,141.25,141.25,141.25,141.25,48000,37088000
NTPC_F1,20190228,15:25,141.25,141.25,141.20,141.20,20000,37088000
NTPC_F1,20190228,15:27,141.20,141.20,141.15,141.15,164000,37072000
NTPC_F1,20190228,15:28,141.20,141.25,141.20,141.25,84000,37072000
NTPC_F1,20190228,15:29,141.25,141.25,141.20,141.25,188000,37072000
NTPC_F1,20190228,15:30,141.25,141.30,141.20,141.20,80000,37080000
NTPC_F1,20190228,16:41,141.25,141.25,141.25,141.25,1,29900000
