ASHOKLEY_F1,20201102,09:16,79.50,80.65,79.35,80.30,666000,35442000
ASHOKLEY_F1,20201102,09:17,80.05,80.05,79.70,79.70,522000,35442000
ASHOKLEY_F1,20201102,09:18,79.60,79.75,79.50,79.75,306000,35856000
ASHOKLEY_F1,20201102,09:19,79.70,79.70,79.25,79.25,288000,35856000
ASHOKLEY_F1,20201102,09:20,79.20,79.30,79.05,79.05,369000,35856000
ASHOKLEY_F1,20201102,09:21,79.15,79.30,79.10,79.30,225000,36189000
ASHOKLEY_F1,20201102,09:22,79.30,79.50,79.25,79.50,135000,36189000
ASHOKLEY_F1,20201102,09:23,79.55,79.55,79.35,79.40,189000,36189000
ASHOKLEY_F1,20201102,09:24,79.25,79.35,79.25,79.35,144000,36324000
ASHOKLEY_F1,20201102,09:25,79.40,79.40,78.85,78.90,315000,36324000
ASHOKLEY_F1,20201102,09:26,78.85,78.95,78.80,78.80,252000,36324000
ASHOKLEY_F1,20201102,09:27,78.80,78.80,78.65,78.75,126000,36549000
ASHOKLEY_F1,20201102,09:28,78.80,79.00,78.80,78.80,225000,36549000
ASHOKLEY_F1,20201102,09:29,78.80,79.20,78.80,79.20,63000,36549000
ASHOKLEY_F1,20201102,09:30,79.15,79.40,79.15,79.20,72000,36621000
ASHOKLEY_F1,20201102,09:31,79.10,79.10,78.85,79.00,99000,36621000
ASHOKLEY_F1,20201102,09:32,79.00,79.05,78.90,78.95,126000,36621000
ASHOKLEY_F1,20201102,09:33,79.00,79.15,78.95,79.15,81000,36603000
ASHOKLEY_F1,20201102,09:34,79.15,79.55,79.15,79.55,252000,36603000
ASHOKLEY_F1,20201102,09:35,79.60,79.75,79.60,79.75,189000,36603000
ASHOKLEY_F1,20201102,09:36,79.75,79.75,79.50,79.55,108000,36576000
ASHOKLEY_F1,20201102,09:37,79.60,79.80,79.60,79.60,162000,36576000
ASHOKLEY_F1,20201102,09:38,79.55,79.70,79.45,79.50,144000,36576000
ASHOKLEY_F1,20201102,09:39,79.55,79.80,79.50,79.80,180000,36585000
ASHOKLEY_F1,20201102,09:40,79.75,79.85,79.70,79.85,99000,36585000
ASHOKLEY_F1,20201102,09:41,79.90,80.00,79.60,79.65,243000,36585000
ASHOKLEY_F1,20201102,09:42,79.70,79.85,79.70,79.85,54000,36549000
ASHOKLEY_F1,20201102,09:43,79.95,79.95,79.65,79.65,99000,36549000
ASHOKLEY_F1,20201102,09:44,79.60,79.70,79.50,79.70,162000,36549000
ASHOKLEY_F1,20201102,09:45,79.75,79.85,79.75,79.80,108000,36612000
ASHOKLEY_F1,20201102,09:46,79.85,80.00,79.75,79.80,342000,36612000
ASHOKLEY_F1,20201102,09:47,79.85,80.00,79.85,79.90,153000,36612000
ASHOKLEY_F1,20201102,09:48,79.85,79.85,79.65,79.65,108000,36666000
ASHOKLEY_F1,20201102,09:49,79.65,79.65,79.50,79.50,90000,36666000
ASHOKLEY_F1,20201102,09:50,79.50,79.55,79.45,79.55,126000,36666000
ASHOKLEY_F1,20201102,09:51,79.40,79.40,79.30,79.40,72000,36648000
ASHOKLEY_F1,20201102,09:52,79.40,79.40,79.35,79.40,72000,36648000
ASHOKLEY_F1,20201102,09:53,79.40,79.40,79.30,79.35,126000,36648000
ASHOKLEY_F1,20201102,09:54,79.35,79.35,79.20,79.20,72000,36675000
ASHOKLEY_F1,20201102,09:55,79.20,79.40,79.10,79.40,153000,36675000
ASHOKLEY_F1,20201102,09:56,79.35,79.40,79.35,79.35,108000,36675000
ASHOKLEY_F1,20201102,09:57,79.35,79.45,79.25,79.45,63000,36738000
ASHOKLEY_F1,20201102,09:58,79.35,79.40,79.30,79.30,108000,36738000
ASHOKLEY_F1,20201102,09:59,79.35,79.35,79.20,79.25,126000,36738000
ASHOKLEY_F1,20201102,10:00,79.20,79.30,79.20,79.25,135000,36765000
ASHOKLEY_F1,20201102,10:01,79.20,79.20,79.10,79.10,81000,36765000
ASHOKLEY_F1,20201102,10:02,79.25,79.35,79.25,79.30,81000,36765000
ASHOKLEY_F1,20201102,10:03,79.30,79.35,79.30,79.35,45000,36729000
ASHOKLEY_F1,20201102,10:04,79.30,79.45,79.30,79.45,36000,36729000
ASHOKLEY_F1,20201102,10:05,79.45,79.60,79.45,79.50,90000,36729000
ASHOKLEY_F1,20201102,10:06,79.50,79.75,79.50,79.75,54000,36765000
ASHOKLEY_F1,20201102,10:07,79.70,79.80,79.70,79.75,117000,36765000
ASHOKLEY_F1,20201102,10:08,79.80,79.80,79.55,79.60,81000,36765000
ASHOKLEY_F1,20201102,10:09,79.50,79.55,79.50,79.55,54000,36810000
ASHOKLEY_F1,20201102,10:10,79.50,79.60,79.50,79.50,63000,36810000
ASHOKLEY_F1,20201102,10:11,79.35,79.50,79.35,79.50,45000,36810000
ASHOKLEY_F1,20201102,10:12,79.45,79.45,79.45,79.45,27000,36639000
ASHOKLEY_F1,20201102,10:13,79.50,79.50,79.45,79.50,27000,36639000
ASHOKLEY_F1,20201102,10:14,79.55,79.55,79.45,79.45,27000,36639000
ASHOKLEY_F1,20201102,10:15,79.60,79.60,79.60,79.60,9000,36648000
ASHOKLEY_F1,20201102,10:16,79.65,79.85,79.65,79.85,117000,36648000
ASHOKLEY_F1,20201102,10:17,79.75,79.80,79.70,79.70,45000,36648000
ASHOKLEY_F1,20201102,10:18,79.70,79.75,79.70,79.75,18000,36612000
ASHOKLEY_F1,20201102,10:19,79.75,79.80,79.75,79.75,36000,36612000
ASHOKLEY_F1,20201102,10:20,79.75,79.75,79.75,79.75,18000,36612000
ASHOKLEY_F1,20201102,10:21,79.70,79.85,79.70,79.85,63000,36594000
ASHOKLEY_F1,20201102,10:22,79.80,79.80,79.80,79.80,27000,36594000
ASHOKLEY_F1,20201102,10:23,79.85,79.95,79.85,79.95,99000,36594000
ASHOKLEY_F1,20201102,10:24,79.95,79.95,79.85,79.85,90000,36594000
ASHOKLEY_F1,20201102,10:25,79.85,79.90,79.85,79.90,27000,36594000
ASHOKLEY_F1,20201102,10:26,80.00,80.00,80.00,80.00,63000,36594000
ASHOKLEY_F1,20201102,10:27,80.15,80.30,80.10,80.25,261000,36477000
ASHOKLEY_F1,20201102,10:28,80.30,80.30,80.25,80.25,72000,36477000
ASHOKLEY_F1,20201102,10:29,80.25,80.25,80.20,80.25,81000,36477000
ASHOKLEY_F1,20201102,10:30,80.25,80.30,80.25,80.25,144000,36504000
ASHOKLEY_F1,20201102,10:31,80.35,80.35,80.25,80.25,90000,36504000
ASHOKLEY_F1,20201102,10:32,80.35,80.40,80.35,80.40,99000,36504000
ASHOKLEY_F1,20201102,10:33,80.40,80.40,80.40,80.40,36000,36513000
ASHOKLEY_F1,20201102,10:34,80.45,80.45,80.40,80.45,54000,36513000
ASHOKLEY_F1,20201102,10:35,80.40,80.40,80.30,80.30,63000,36513000
ASHOKLEY_F1,20201102,10:36,80.35,80.35,80.20,80.20,108000,36522000
ASHOKLEY_F1,20201102,10:37,80.20,80.20,80.10,80.10,81000,36522000
ASHOKLEY_F1,20201102,10:38,80.10,80.15,80.10,80.15,18000,36522000
ASHOKLEY_F1,20201102,10:39,80.10,80.10,79.95,79.95,54000,36513000
ASHOKLEY_F1,20201102,10:40,80.05,80.15,79.90,80.15,63000,36513000
ASHOKLEY_F1,20201102,10:41,80.15,80.15,80.05,80.05,99000,36513000
ASHOKLEY_F1,20201102,10:42,80.10,80.40,80.10,80.15,279000,36540000
ASHOKLEY_F1,20201102,10:43,80.15,80.45,80.15,80.40,198000,36540000
ASHOKLEY_F1,20201102,10:44,80.45,80.45,80.25,80.25,234000,36540000
ASHOKLEY_F1,20201102,10:45,80.25,80.40,80.25,80.35,126000,36243000
ASHOKLEY_F1,20201102,10:46,80.40,80.40,80.25,80.25,216000,36243000
ASHOKLEY_F1,20201102,10:47,80.30,80.30,80.30,80.30,180000,36243000
ASHOKLEY_F1,20201102,10:48,80.35,80.40,80.30,80.35,198000,36207000
ASHOKLEY_F1,20201102,10:49,80.30,80.35,80.25,80.25,90000,36207000
ASHOKLEY_F1,20201102,10:50,80.20,80.30,80.20,80.25,126000,36207000
ASHOKLEY_F1,20201102,10:51,80.25,80.40,80.20,80.20,189000,36207000
ASHOKLEY_F1,20201102,10:52,80.15,80.20,80.05,80.20,99000,36207000
ASHOKLEY_F1,20201102,10:53,80.10,80.30,80.10,80.30,207000,36207000
ASHOKLEY_F1,20201102,10:54,80.30,80.35,80.25,80.35,99000,36171000
ASHOKLEY_F1,20201102,10:55,80.30,80.30,80.25,80.25,63000,36171000
ASHOKLEY_F1,20201102,10:56,80.15,80.25,80.10,80.15,90000,36171000
ASHOKLEY_F1,20201102,10:57,80.10,80.15,80.05,80.05,72000,36144000
ASHOKLEY_F1,20201102,10:58,80.10,80.10,79.90,80.00,243000,36144000
ASHOKLEY_F1,20201102,10:59,80.00,80.00,79.80,80.00,117000,36144000
ASHOKLEY_F1,20201102,11:00,79.90,79.95,79.85,79.95,180000,36108000
ASHOKLEY_F1,20201102,11:01,79.95,79.95,79.70,79.75,216000,36108000
ASHOKLEY_F1,20201102,11:02,79.80,79.80,79.60,79.60,243000,36108000
ASHOKLEY_F1,20201102,11:03,79.60,79.70,79.60,79.70,180000,36108000
ASHOKLEY_F1,20201102,11:04,79.65,79.70,79.65,79.70,153000,36108000
ASHOKLEY_F1,20201102,11:05,79.75,79.80,79.75,79.75,72000,36108000
ASHOKLEY_F1,20201102,11:06,79.70,79.70,79.65,79.65,54000,36108000
ASHOKLEY_F1,20201102,11:08,79.65,79.65,79.65,79.65,36000,36171000
ASHOKLEY_F1,20201102,11:09,79.65,79.65,79.65,79.65,54000,36171000
ASHOKLEY_F1,20201102,11:10,79.60,79.60,79.60,79.60,72000,36135000
ASHOKLEY_F1,20201102,11:11,79.60,79.65,79.60,79.65,81000,36135000
ASHOKLEY_F1,20201102,11:12,79.65,79.65,79.65,79.65,27000,36144000
ASHOKLEY_F1,20201102,11:13,79.60,79.60,79.55,79.55,45000,36144000
ASHOKLEY_F1,20201102,11:15,79.55,79.55,79.55,79.55,9000,36144000
ASHOKLEY_F1,20201102,11:16,79.60,79.60,79.60,79.60,18000,36144000
ASHOKLEY_F1,20201102,11:17,79.60,79.60,79.50,79.50,99000,36135000
ASHOKLEY_F1,20201102,11:18,79.45,79.50,79.40,79.50,45000,36135000
ASHOKLEY_F1,20201102,11:19,79.55,79.55,79.45,79.45,27000,36099000
ASHOKLEY_F1,20201102,11:20,79.50,79.50,79.45,79.50,27000,36099000
ASHOKLEY_F1,20201102,11:21,79.45,79.50,79.45,79.45,27000,36099000
ASHOKLEY_F1,20201102,11:22,79.35,79.35,79.35,79.35,45000,36099000
ASHOKLEY_F1,20201102,11:23,79.40,79.40,79.40,79.40,9000,36099000
ASHOKLEY_F1,20201102,11:24,79.45,79.50,79.45,79.50,18000,36117000
ASHOKLEY_F1,20201102,11:25,79.50,79.55,79.50,79.55,18000,36117000
ASHOKLEY_F1,20201102,11:26,79.55,79.55,79.55,79.55,9000,36117000
ASHOKLEY_F1,20201102,11:27,79.65,79.80,79.65,79.80,153000,36117000
ASHOKLEY_F1,20201102,11:28,79.95,79.95,79.95,79.95,36000,36099000
ASHOKLEY_F1,20201102,11:29,79.90,79.90,79.85,79.85,27000,36099000
ASHOKLEY_F1,20201102,11:30,79.85,79.95,79.85,79.95,54000,36234000
ASHOKLEY_F1,20201102,11:31,79.90,79.90,79.90,79.90,9000,36234000
ASHOKLEY_F1,20201102,11:32,79.80,79.80,79.80,79.80,99000,36234000
ASHOKLEY_F1,20201102,11:33,79.80,79.80,79.80,79.80,18000,36234000
ASHOKLEY_F1,20201102,11:35,79.80,79.80,79.70,79.70,36000,36351000
ASHOKLEY_F1,20201102,11:36,79.70,79.70,79.70,79.70,9000,36351000
ASHOKLEY_F1,20201102,11:38,79.70,79.85,79.70,79.85,54000,36351000
ASHOKLEY_F1,20201102,11:39,79.90,79.90,79.90,79.90,9000,36351000
ASHOKLEY_F1,20201102,11:40,79.85,79.85,79.85,79.85,9000,36351000
ASHOKLEY_F1,20201102,11:41,79.95,79.95,79.95,79.95,45000,36351000
ASHOKLEY_F1,20201102,11:42,79.90,79.90,79.90,79.90,9000,36351000
ASHOKLEY_F1,20201102,11:43,79.90,79.90,79.90,79.90,9000,36315000
ASHOKLEY_F1,20201102,11:47,79.80,79.80,79.80,79.80,9000,36324000
ASHOKLEY_F1,20201102,11:49,79.70,79.70,79.70,79.70,18000,36324000
ASHOKLEY_F1,20201102,11:51,79.80,79.80,79.80,79.80,9000,36324000
ASHOKLEY_F1,20201102,11:52,79.90,79.90,79.70,79.70,36000,36306000
ASHOKLEY_F1,20201102,11:53,79.80,79.80,79.80,79.80,27000,36306000
ASHOKLEY_F1,20201102,11:54,79.75,79.75,79.75,79.75,9000,36306000
ASHOKLEY_F1,20201102,11:55,79.80,79.80,79.80,79.80,9000,36297000
ASHOKLEY_F1,20201102,11:56,79.80,79.85,79.80,79.85,36000,36297000
ASHOKLEY_F1,20201102,11:58,79.85,79.85,79.85,79.85,9000,36279000
ASHOKLEY_F1,20201102,11:59,79.80,79.80,79.80,79.80,9000,36279000
ASHOKLEY_F1,20201102,12:00,79.80,79.90,79.80,79.90,72000,36279000
ASHOKLEY_F1,20201102,12:01,79.90,79.90,79.90,79.90,9000,36279000
ASHOKLEY_F1,20201102,12:02,79.95,79.95,79.95,79.95,54000,36279000
ASHOKLEY_F1,20201102,12:03,79.95,80.10,79.95,80.00,378000,36279000
ASHOKLEY_F1,20201102,12:04,80.05,80.05,80.05,80.05,9000,36585000
ASHOKLEY_F1,20201102,12:05,80.10,80.15,80.10,80.10,54000,36585000
ASHOKLEY_F1,20201102,12:06,80.05,80.05,80.05,80.05,27000,36585000
ASHOKLEY_F1,20201102,12:07,80.10,80.15,80.10,80.15,54000,36639000
ASHOKLEY_F1,20201102,12:08,80.10,80.10,80.10,80.10,9000,36639000
ASHOKLEY_F1,20201102,12:09,80.10,80.10,80.05,80.05,18000,36639000
ASHOKLEY_F1,20201102,12:11,79.95,79.95,79.90,79.90,90000,36675000
ASHOKLEY_F1,20201102,12:12,80.05,80.05,79.95,80.00,72000,36675000
ASHOKLEY_F1,20201102,12:13,79.95,79.95,79.95,79.95,27000,36666000
ASHOKLEY_F1,20201102,12:14,80.00,80.00,79.95,80.00,27000,36666000
ASHOKLEY_F1,20201102,12:15,80.05,80.05,80.00,80.00,153000,36666000
ASHOKLEY_F1,20201102,12:16,79.90,79.90,79.90,79.90,81000,36711000
ASHOKLEY_F1,20201102,12:17,79.85,79.85,79.85,79.85,27000,36711000
ASHOKLEY_F1,20201102,12:18,79.85,79.85,79.85,79.85,18000,36711000
ASHOKLEY_F1,20201102,12:19,79.85,79.85,79.80,79.80,18000,36738000
ASHOKLEY_F1,20201102,12:21,79.75,79.75,79.55,79.55,45000,36702000
ASHOKLEY_F1,20201102,12:23,79.50,79.55,79.50,79.55,63000,36702000
ASHOKLEY_F1,20201102,12:24,79.55,79.55,79.55,79.55,9000,36702000
ASHOKLEY_F1,20201102,12:25,79.50,79.50,79.45,79.45,18000,36711000
ASHOKLEY_F1,20201102,12:26,79.50,79.50,79.40,79.50,108000,36711000
ASHOKLEY_F1,20201102,12:27,79.45,79.45,79.40,79.40,36000,36711000
ASHOKLEY_F1,20201102,12:28,79.40,79.45,79.40,79.45,36000,36657000
ASHOKLEY_F1,20201102,12:29,79.50,79.50,79.50,79.50,36000,36657000
ASHOKLEY_F1,20201102,12:31,79.50,79.50,79.50,79.50,18000,36666000
ASHOKLEY_F1,20201102,12:32,79.65,79.65,79.65,79.65,45000,36666000
ASHOKLEY_F1,20201102,12:33,79.60,79.60,79.60,79.60,9000,36666000
ASHOKLEY_F1,20201102,12:34,79.65,79.65,79.65,79.65,9000,36657000
ASHOKLEY_F1,20201102,12:37,79.60,79.60,79.60,79.60,9000,36657000
ASHOKLEY_F1,20201102,12:41,79.60,79.60,79.50,79.50,27000,36657000
ASHOKLEY_F1,20201102,12:42,79.55,79.55,79.55,79.55,18000,36657000
ASHOKLEY_F1,20201102,12:44,79.55,79.55,79.45,79.55,135000,36675000
ASHOKLEY_F1,20201102,12:47,79.55,79.65,79.55,79.65,36000,36639000
ASHOKLEY_F1,20201102,12:48,79.70,79.70,79.70,79.70,9000,36639000
ASHOKLEY_F1,20201102,12:49,79.75,79.75,79.75,79.75,27000,36630000
ASHOKLEY_F1,20201102,12:50,79.70,79.70,79.70,79.70,18000,36630000
ASHOKLEY_F1,20201102,12:51,79.65,79.65,79.65,79.65,9000,36630000
ASHOKLEY_F1,20201102,12:56,79.70,79.70,79.70,79.70,18000,36639000
ASHOKLEY_F1,20201102,12:57,79.60,79.60,79.55,79.55,27000,36639000
ASHOKLEY_F1,20201102,12:58,79.50,79.50,79.50,79.50,18000,36648000
ASHOKLEY_F1,20201102,12:59,79.60,79.60,79.55,79.55,27000,36648000
ASHOKLEY_F1,20201102,13:00,79.50,79.50,79.45,79.45,36000,36648000
ASHOKLEY_F1,20201102,13:01,79.55,79.55,79.55,79.55,9000,36639000
ASHOKLEY_F1,20201102,13:05,79.55,79.55,79.45,79.45,18000,36621000
ASHOKLEY_F1,20201102,13:06,79.40,79.40,79.40,79.40,36000,36621000
ASHOKLEY_F1,20201102,13:07,79.25,79.35,79.25,79.30,135000,36603000
ASHOKLEY_F1,20201102,13:08,79.35,79.35,79.35,79.35,27000,36603000
ASHOKLEY_F1,20201102,13:09,79.30,79.30,79.30,79.30,18000,36603000
ASHOKLEY_F1,20201102,13:10,79.35,79.40,79.35,79.40,18000,36657000
ASHOKLEY_F1,20201102,13:11,79.35,79.40,79.35,79.40,81000,36657000
ASHOKLEY_F1,20201102,13:12,79.30,79.30,79.30,79.30,18000,36657000
ASHOKLEY_F1,20201102,13:13,79.30,79.35,79.30,79.35,45000,36594000
ASHOKLEY_F1,20201102,13:14,79.30,79.30,79.30,79.30,18000,36594000
ASHOKLEY_F1,20201102,13:15,79.30,79.30,79.25,79.30,63000,36594000
ASHOKLEY_F1,20201102,13:16,79.25,79.25,79.20,79.25,81000,36639000
ASHOKLEY_F1,20201102,13:18,79.30,79.35,79.30,79.35,90000,36639000
ASHOKLEY_F1,20201102,13:19,79.40,79.40,79.40,79.40,18000,36648000
ASHOKLEY_F1,20201102,13:20,79.45,79.50,79.45,79.50,36000,36648000
ASHOKLEY_F1,20201102,13:22,79.50,79.50,79.50,79.50,18000,36666000
ASHOKLEY_F1,20201102,13:26,79.50,79.50,79.45,79.45,72000,36675000
ASHOKLEY_F1,20201102,13:27,79.40,79.40,79.35,79.40,54000,36675000
ASHOKLEY_F1,20201102,13:28,79.40,79.40,79.40,79.40,9000,36675000
ASHOKLEY_F1,20201102,13:34,79.35,79.35,79.35,79.35,9000,36657000
ASHOKLEY_F1,20201102,13:35,79.35,79.45,79.35,79.45,72000,36648000
ASHOKLEY_F1,20201102,13:36,79.40,79.40,79.40,79.40,54000,36648000
ASHOKLEY_F1,20201102,13:37,79.40,79.45,79.40,79.40,72000,36648000
ASHOKLEY_F1,20201102,13:38,79.40,79.45,79.40,79.40,27000,36648000
ASHOKLEY_F1,20201102,13:39,79.40,79.50,79.40,79.50,36000,36648000
ASHOKLEY_F1,20201102,13:42,79.45,79.45,79.35,79.35,63000,36720000
ASHOKLEY_F1,20201102,13:43,79.35,79.35,79.35,79.35,9000,36711000
ASHOKLEY_F1,20201102,13:44,79.40,79.45,79.40,79.45,18000,36711000
ASHOKLEY_F1,20201102,13:45,79.40,79.40,79.40,79.40,9000,36711000
ASHOKLEY_F1,20201102,13:47,79.55,79.55,79.55,79.55,63000,36702000
ASHOKLEY_F1,20201102,13:48,79.70,79.70,79.65,79.70,81000,36702000
ASHOKLEY_F1,20201102,13:49,79.65,79.65,79.65,79.65,18000,36675000
ASHOKLEY_F1,20201102,13:50,79.70,79.75,79.65,79.75,54000,36675000
ASHOKLEY_F1,20201102,13:51,79.75,80.00,79.75,79.95,207000,36675000
ASHOKLEY_F1,20201102,13:52,79.95,80.05,79.95,80.00,180000,36729000
ASHOKLEY_F1,20201102,13:53,80.00,80.10,80.00,80.05,99000,36729000
ASHOKLEY_F1,20201102,13:54,80.00,80.20,80.00,80.20,153000,36729000
ASHOKLEY_F1,20201102,13:55,80.15,80.15,80.10,80.15,72000,36684000
ASHOKLEY_F1,20201102,13:56,80.15,80.15,80.10,80.10,63000,36684000
ASHOKLEY_F1,20201102,13:57,80.10,80.10,80.10,80.10,45000,36684000
ASHOKLEY_F1,20201102,13:58,80.10,80.10,80.10,80.10,18000,36630000
ASHOKLEY_F1,20201102,13:59,80.10,80.25,80.10,80.25,135000,36630000
ASHOKLEY_F1,20201102,14:00,80.20,80.20,80.15,80.15,27000,36630000
ASHOKLEY_F1,20201102,14:01,80.15,80.20,80.15,80.20,18000,36657000
ASHOKLEY_F1,20201102,14:02,80.20,80.40,80.20,80.40,126000,36657000
ASHOKLEY_F1,20201102,14:03,80.30,80.35,80.30,80.35,45000,36657000
ASHOKLEY_F1,20201102,14:04,80.30,80.35,80.30,80.35,72000,36630000
ASHOKLEY_F1,20201102,14:05,80.40,80.40,80.35,80.40,99000,36630000
ASHOKLEY_F1,20201102,14:06,80.40,80.40,80.40,80.40,36000,36630000
ASHOKLEY_F1,20201102,14:07,80.35,80.40,80.35,80.40,18000,36630000
ASHOKLEY_F1,20201102,14:08,80.50,80.50,80.40,80.40,207000,36666000
ASHOKLEY_F1,20201102,14:09,80.40,80.40,80.40,80.40,9000,36666000
ASHOKLEY_F1,20201102,14:11,80.40,80.40,80.40,80.40,54000,36612000
ASHOKLEY_F1,20201102,14:12,80.35,80.50,80.35,80.35,90000,36612000
ASHOKLEY_F1,20201102,14:14,80.45,80.60,80.45,80.60,333000,36630000
ASHOKLEY_F1,20201102,14:15,80.60,80.65,80.50,80.60,189000,36630000
ASHOKLEY_F1,20201102,14:16,80.80,80.80,80.65,80.75,216000,36594000
ASHOKLEY_F1,20201102,14:17,80.80,80.85,80.75,80.85,207000,36594000
ASHOKLEY_F1,20201102,14:18,80.90,80.90,80.80,80.80,189000,36594000
ASHOKLEY_F1,20201102,14:19,80.85,80.85,80.70,80.80,99000,36513000
ASHOKLEY_F1,20201102,14:20,80.70,80.70,80.70,80.70,45000,36513000
ASHOKLEY_F1,20201102,14:21,80.70,80.75,80.70,80.75,27000,36513000
ASHOKLEY_F1,20201102,14:22,80.75,80.95,80.75,80.90,153000,36567000
ASHOKLEY_F1,20201102,14:23,80.90,81.15,80.90,81.15,648000,36567000
ASHOKLEY_F1,20201102,14:24,81.10,81.20,81.10,81.20,216000,36567000
ASHOKLEY_F1,20201102,14:25,81.15,81.15,80.95,81.05,153000,36801000
ASHOKLEY_F1,20201102,14:26,80.95,80.95,80.75,80.75,171000,36801000
ASHOKLEY_F1,20201102,14:27,80.70,80.75,80.70,80.75,27000,36801000
ASHOKLEY_F1,20201102,14:28,80.65,80.75,80.60,80.75,90000,36738000
ASHOKLEY_F1,20201102,14:29,80.75,80.75,80.60,80.60,45000,36738000
ASHOKLEY_F1,20201102,14:30,80.60,80.60,80.60,80.60,27000,36738000
ASHOKLEY_F1,20201102,14:31,80.55,80.65,80.55,80.60,81000,36711000
ASHOKLEY_F1,20201102,14:32,80.60,80.75,80.60,80.75,54000,36711000
ASHOKLEY_F1,20201102,14:33,80.75,80.85,80.75,80.85,243000,36711000
ASHOKLEY_F1,20201102,14:34,80.90,80.95,80.90,80.95,36000,36864000
ASHOKLEY_F1,20201102,14:35,80.90,80.90,80.75,80.75,81000,36864000
ASHOKLEY_F1,20201102,14:36,80.75,80.75,80.65,80.65,45000,36864000
ASHOKLEY_F1,20201102,14:37,80.80,80.80,80.70,80.70,45000,36864000
ASHOKLEY_F1,20201102,14:38,80.70,80.70,80.60,80.60,63000,36864000
ASHOKLEY_F1,20201102,14:39,80.70,80.70,80.70,80.70,36000,36864000
ASHOKLEY_F1,20201102,14:40,80.65,80.65,80.65,80.65,18000,36801000
ASHOKLEY_F1,20201102,14:41,80.60,81.00,80.60,81.00,180000,36801000
ASHOKLEY_F1,20201102,14:42,80.95,81.35,80.95,81.20,882000,36801000
ASHOKLEY_F1,20201102,14:43,81.20,81.50,81.10,81.15,729000,37071000
ASHOKLEY_F1,20201102,14:44,81.15,81.15,80.90,80.95,270000,37071000
ASHOKLEY_F1,20201102,14:45,80.90,81.10,80.90,81.10,225000,37071000
ASHOKLEY_F1,20201102,14:46,81.15,81.15,81.05,81.10,162000,37062000
ASHOKLEY_F1,20201102,14:47,81.05,81.05,80.95,80.95,153000,37062000
ASHOKLEY_F1,20201102,14:48,80.95,81.10,80.95,81.05,126000,37062000
ASHOKLEY_F1,20201102,14:49,81.00,81.15,80.95,81.15,450000,37134000
ASHOKLEY_F1,20201102,14:50,81.15,81.65,81.15,81.65,864000,37134000
ASHOKLEY_F1,20201102,14:51,81.55,81.65,81.35,81.45,279000,37134000
ASHOKLEY_F1,20201102,14:52,81.40,81.50,81.30,81.30,315000,36909000
ASHOKLEY_F1,20201102,14:53,81.25,81.25,81.15,81.20,180000,36909000
ASHOKLEY_F1,20201102,14:54,81.10,81.25,81.10,81.25,171000,36909000
ASHOKLEY_F1,20201102,14:55,81.15,81.15,81.00,81.00,306000,36819000
ASHOKLEY_F1,20201102,14:56,80.85,80.90,80.75,80.90,243000,36819000
ASHOKLEY_F1,20201102,14:57,80.95,81.00,80.90,80.90,54000,36819000
ASHOKLEY_F1,20201102,14:58,80.90,80.95,80.90,80.95,72000,36729000
ASHOKLEY_F1,20201102,14:59,81.00,81.00,80.90,80.90,99000,36729000
ASHOKLEY_F1,20201102,15:00,80.90,80.95,80.85,80.85,36000,36729000
ASHOKLEY_F1,20201102,15:01,80.85,80.85,80.75,80.75,72000,36693000
ASHOKLEY_F1,20201102,15:02,80.75,81.00,80.75,81.00,135000,36693000
ASHOKLEY_F1,20201102,15:03,80.95,81.05,80.95,81.00,99000,36693000
ASHOKLEY_F1,20201102,15:04,81.00,81.05,81.00,81.00,63000,36567000
ASHOKLEY_F1,20201102,15:05,81.15,81.45,81.10,81.45,243000,36567000
ASHOKLEY_F1,20201102,15:06,81.50,81.50,81.40,81.40,108000,36567000
ASHOKLEY_F1,20201102,15:07,81.35,81.35,81.30,81.30,126000,36612000
ASHOKLEY_F1,20201102,15:08,81.30,81.40,81.30,81.40,81000,36612000
ASHOKLEY_F1,20201102,15:09,81.35,81.40,81.35,81.40,72000,36612000
ASHOKLEY_F1,20201102,15:10,81.40,81.75,81.35,81.70,360000,36648000
ASHOKLEY_F1,20201102,15:11,81.75,81.75,81.50,81.50,288000,36648000
ASHOKLEY_F1,20201102,15:12,81.50,82.30,81.50,82.15,1413000,36648000
ASHOKLEY_F1,20201102,15:13,82.20,83.00,82.05,82.85,1926000,37332000
ASHOKLEY_F1,20201102,15:14,82.80,82.80,82.45,82.45,279000,37332000
ASHOKLEY_F1,20201102,15:15,82.40,82.40,82.05,82.10,405000,37332000
ASHOKLEY_F1,20201102,15:16,82.10,82.10,81.45,81.75,576000,37998000
ASHOKLEY_F1,20201102,15:17,81.65,82.05,81.65,82.05,486000,37998000
ASHOKLEY_F1,20201102,15:18,82.05,82.05,81.85,81.95,189000,37998000
ASHOKLEY_F1,20201102,15:19,81.90,82.00,81.65,81.80,441000,37782000
ASHOKLEY_F1,20201102,15:20,81.90,81.95,81.80,81.90,126000,37782000
ASHOKLEY_F1,20201102,15:21,82.10,82.30,82.05,82.10,801000,37782000
ASHOKLEY_F1,20201102,15:22,82.15,82.30,82.05,82.15,171000,38034000
ASHOKLEY_F1,20201102,15:23,82.15,82.15,82.00,82.15,180000,38034000
ASHOKLEY_F1,20201102,15:24,82.10,82.35,82.10,82.30,234000,38034000
ASHOKLEY_F1,20201102,15:25,82.25,82.25,82.20,82.20,126000,38115000
ASHOKLEY_F1,20201102,15:26,82.20,82.30,82.15,82.30,378000,38115000
ASHOKLEY_F1,20201102,15:27,82.25,82.35,82.15,82.30,234000,38115000
ASHOKLEY_F1,20201102,15:28,82.25,82.25,82.10,82.25,261000,38178000
ASHOKLEY_F1,20201102,15:29,82.25,82.30,82.25,82.30,153000,38178000
ASHOKLEY_F1,20201102,15:30,82.25,82.25,82.05,82.15,234000,38178000
ASHOKLEY_F1,20201102,15:31,82.10,82.10,82.10,82.10,36000,38178000
ASHOKLEY_F1,20201102,18:01,82.05,82.05,82.05,82.05,1,37035000
