RECLTD_F1,20230105,09:16,123.35,123.35,122.40,122.80,256000,75032000
RECLTD_F1,20230105,09:17,122.55,122.55,122.50,122.50,144000,75032000
RECLTD_F1,20230105,09:18,122.30,122.45,122.00,122.25,192000,75032000
RECLTD_F1,20230105,09:19,122.40,122.40,122.25,122.25,128000,75080000
RECLTD_F1,20230105,09:20,122.30,122.30,122.15,122.20,96000,75080000
RECLTD_F1,20230105,09:21,122.05,122.30,122.05,122.25,216000,75272000
RECLTD_F1,20230105,09:22,122.10,122.25,122.10,122.25,104000,75272000
RECLTD_F1,20230105,09:23,122.20,122.20,122.05,122.05,136000,75272000
RECLTD_F1,20230105,09:24,122.00,122.00,121.85,121.90,80000,75272000
RECLTD_F1,20230105,09:25,121.80,121.90,121.80,121.90,64000,75200000
RECLTD_F1,20230105,09:26,121.95,121.95,121.75,121.80,80000,75200000
RECLTD_F1,20230105,09:27,121.80,121.95,121.80,121.90,120000,75200000
RECLTD_F1,20230105,09:28,122.10,122.10,122.00,122.00,88000,75224000
RECLTD_F1,20230105,09:29,122.00,122.00,121.95,121.95,112000,75224000
RECLTD_F1,20230105,09:30,122.00,122.10,122.00,122.10,152000,75224000
RECLTD_F1,20230105,09:31,122.00,122.35,122.00,122.35,72000,75312000
RECLTD_F1,20230105,09:32,122.30,122.75,122.30,122.75,184000,75312000
RECLTD_F1,20230105,09:33,122.75,122.80,122.75,122.75,40000,75312000
RECLTD_F1,20230105,09:34,123.05,123.10,123.05,123.10,160000,75304000
RECLTD_F1,20230105,09:35,123.20,123.40,123.20,123.40,344000,75304000
RECLTD_F1,20230105,09:36,123.25,123.25,123.00,123.00,216000,75304000
RECLTD_F1,20230105,09:37,123.05,123.15,123.05,123.15,112000,75504000
RECLTD_F1,20230105,09:38,123.20,123.20,123.10,123.15,128000,75504000
RECLTD_F1,20230105,09:39,123.15,123.60,123.15,123.25,744000,75640000
RECLTD_F1,20230105,09:40,123.20,123.25,123.10,123.10,152000,75640000
RECLTD_F1,20230105,09:41,123.15,123.15,123.05,123.05,24000,75640000
RECLTD_F1,20230105,09:42,123.00,123.00,123.00,123.00,24000,75704000
RECLTD_F1,20230105,09:43,122.80,122.80,122.75,122.75,64000,75704000
RECLTD_F1,20230105,09:44,122.70,122.70,122.50,122.50,176000,75704000
RECLTD_F1,20230105,09:45,122.50,122.50,122.35,122.35,128000,75640000
RECLTD_F1,20230105,09:46,122.30,122.30,122.25,122.25,72000,75640000
RECLTD_F1,20230105,09:47,122.40,122.55,122.40,122.55,80000,75640000
RECLTD_F1,20230105,09:48,122.40,122.55,122.40,122.55,24000,75640000
RECLTD_F1,20230105,09:49,122.55,122.60,122.45,122.60,48000,75696000
RECLTD_F1,20230105,09:50,122.55,122.55,122.40,122.40,224000,75696000
RECLTD_F1,20230105,09:51,122.35,122.35,122.35,122.35,8000,75696000
RECLTD_F1,20230105,09:52,122.40,122.40,122.40,122.40,24000,75584000
RECLTD_F1,20230105,09:53,122.60,122.70,122.60,122.70,48000,75584000
RECLTD_F1,20230105,09:54,122.70,122.80,122.70,122.80,40000,75584000
RECLTD_F1,20230105,09:55,122.65,122.75,122.65,122.75,32000,75584000
RECLTD_F1,20230105,09:56,122.85,122.85,122.85,122.85,48000,75584000
RECLTD_F1,20230105,09:57,122.85,122.85,122.75,122.75,96000,75584000
RECLTD_F1,20230105,09:58,122.75,122.80,122.75,122.80,72000,75616000
RECLTD_F1,20230105,09:59,122.70,122.70,122.60,122.60,32000,75616000
RECLTD_F1,20230105,10:00,122.50,122.65,122.50,122.65,24000,75616000
RECLTD_F1,20230105,10:01,122.70,122.70,122.70,122.70,8000,75624000
RECLTD_F1,20230105,10:02,122.75,122.75,122.75,122.75,24000,75624000
RECLTD_F1,20230105,10:03,122.70,122.70,122.70,122.70,8000,75624000
RECLTD_F1,20230105,10:04,122.40,122.50,122.40,122.50,56000,75624000
RECLTD_F1,20230105,10:05,122.70,122.70,122.70,122.70,16000,75624000
RECLTD_F1,20230105,10:06,122.70,122.70,122.70,122.70,8000,75624000
RECLTD_F1,20230105,10:07,122.50,122.50,122.50,122.50,16000,75648000
RECLTD_F1,20230105,10:08,122.55,122.55,122.55,122.55,16000,75648000
RECLTD_F1,20230105,10:09,122.30,122.30,122.25,122.25,104000,75648000
RECLTD_F1,20230105,10:10,122.15,122.15,122.00,122.00,144000,75648000
RECLTD_F1,20230105,10:11,122.05,122.30,122.05,122.30,120000,75648000
RECLTD_F1,20230105,10:12,122.20,122.30,122.20,122.30,120000,75648000
RECLTD_F1,20230105,10:13,122.30,122.30,122.25,122.25,48000,75616000
RECLTD_F1,20230105,10:14,122.20,122.25,122.20,122.25,24000,75616000
RECLTD_F1,20230105,10:15,122.35,122.65,122.35,122.65,56000,75616000
RECLTD_F1,20230105,10:16,122.80,122.85,122.80,122.85,296000,75632000
RECLTD_F1,20230105,10:17,122.50,122.50,122.50,122.50,40000,75632000
RECLTD_F1,20230105,10:18,122.55,122.75,122.55,122.75,24000,75632000
RECLTD_F1,20230105,10:19,122.70,122.70,122.50,122.50,24000,75776000
RECLTD_F1,20230105,10:20,122.60,122.60,122.60,122.60,16000,75776000
RECLTD_F1,20230105,10:21,122.60,122.60,122.50,122.50,24000,75776000
RECLTD_F1,20230105,10:23,122.70,122.80,122.70,122.80,40000,75800000
RECLTD_F1,20230105,10:24,122.65,122.65,122.65,122.65,8000,75800000
RECLTD_F1,20230105,10:25,122.80,122.80,122.80,122.80,8000,75800000
RECLTD_F1,20230105,10:26,122.80,122.85,122.80,122.85,32000,75832000
RECLTD_F1,20230105,10:27,122.90,122.90,122.90,122.90,8000,75832000
RECLTD_F1,20230105,10:28,122.90,122.90,122.90,122.90,24000,75856000
RECLTD_F1,20230105,10:29,122.90,122.90,122.90,122.90,24000,75856000
RECLTD_F1,20230105,10:30,123.00,123.00,123.00,123.00,8000,75856000
RECLTD_F1,20230105,10:31,123.10,123.10,123.10,123.10,104000,75880000
RECLTD_F1,20230105,10:32,122.95,122.95,122.95,122.95,40000,75880000
RECLTD_F1,20230105,10:34,122.80,122.80,122.80,122.80,8000,75888000
RECLTD_F1,20230105,10:35,122.80,122.90,122.80,122.90,32000,75888000
RECLTD_F1,20230105,10:36,122.95,122.95,122.85,122.95,72000,75888000
RECLTD_F1,20230105,10:37,122.90,122.90,122.90,122.90,16000,75896000
RECLTD_F1,20230105,10:38,122.80,122.80,122.80,122.80,8000,75896000
RECLTD_F1,20230105,10:40,122.70,122.70,122.70,122.70,32000,75896000
RECLTD_F1,20230105,10:43,122.75,122.75,122.75,122.75,16000,75896000
RECLTD_F1,20230105,10:45,122.75,122.75,122.75,122.75,8000,75896000
RECLTD_F1,20230105,10:49,122.70,122.70,122.70,122.70,16000,75904000
RECLTD_F1,20230105,10:50,122.55,122.55,122.55,122.55,8000,75904000
RECLTD_F1,20230105,10:51,122.50,122.50,122.50,122.50,24000,75904000
RECLTD_F1,20230105,10:52,122.40,122.40,122.40,122.40,24000,75904000
RECLTD_F1,20230105,10:53,122.50,122.50,122.50,122.50,48000,75904000
RECLTD_F1,20230105,10:54,122.40,122.40,122.35,122.40,40000,75904000
RECLTD_F1,20230105,10:55,122.20,122.20,122.20,122.20,16000,75888000
RECLTD_F1,20230105,10:56,122.35,122.35,122.35,122.35,8000,75888000
RECLTD_F1,20230105,10:57,122.30,122.35,122.30,122.35,16000,75888000
RECLTD_F1,20230105,10:58,122.40,122.40,122.40,122.40,24000,75904000
RECLTD_F1,20230105,11:00,122.30,122.30,122.30,122.30,24000,75904000
RECLTD_F1,20230105,11:01,122.50,122.50,122.50,122.50,16000,75904000
RECLTD_F1,20230105,11:02,122.60,122.70,122.60,122.70,32000,75920000
RECLTD_F1,20230105,11:03,122.65,122.65,122.65,122.65,8000,75920000
RECLTD_F1,20230105,11:04,122.60,122.60,122.60,122.60,8000,75952000
RECLTD_F1,20230105,11:07,122.65,122.80,122.65,122.80,32000,75936000
RECLTD_F1,20230105,11:08,122.70,122.70,122.70,122.70,56000,75936000
RECLTD_F1,20230105,11:10,122.85,122.95,122.85,122.95,48000,75960000
RECLTD_F1,20230105,11:11,123.00,123.15,123.00,123.00,168000,75960000
RECLTD_F1,20230105,11:12,123.00,123.25,123.00,123.15,96000,75960000
RECLTD_F1,20230105,11:13,123.30,123.30,123.15,123.15,104000,76056000
RECLTD_F1,20230105,11:14,123.30,123.30,123.25,123.30,24000,76056000
RECLTD_F1,20230105,11:15,123.30,123.30,123.20,123.20,24000,76056000
RECLTD_F1,20230105,11:16,123.20,123.40,123.20,123.40,88000,76120000
RECLTD_F1,20230105,11:17,123.45,123.50,123.45,123.50,216000,76120000
RECLTD_F1,20230105,11:18,123.60,123.60,123.50,123.50,176000,76120000
RECLTD_F1,20230105,11:19,123.50,123.50,123.50,123.50,56000,76376000
RECLTD_F1,20230105,11:20,123.40,123.40,123.30,123.35,64000,76376000
RECLTD_F1,20230105,11:21,123.25,123.25,123.25,123.25,24000,76376000
RECLTD_F1,20230105,11:22,123.15,123.15,123.10,123.10,64000,76424000
RECLTD_F1,20230105,11:23,123.10,123.10,123.10,123.10,72000,76424000
RECLTD_F1,20230105,11:24,123.05,123.10,123.05,123.05,40000,76424000
RECLTD_F1,20230105,11:25,122.90,122.90,122.80,122.80,80000,76376000
RECLTD_F1,20230105,11:26,122.65,122.80,122.65,122.80,184000,76376000
RECLTD_F1,20230105,11:27,122.75,122.75,122.70,122.70,72000,76376000
RECLTD_F1,20230105,11:28,122.75,122.75,122.70,122.70,16000,76400000
RECLTD_F1,20230105,11:29,122.70,122.70,122.70,122.70,32000,76400000
RECLTD_F1,20230105,11:30,122.80,122.80,122.80,122.80,16000,76400000
RECLTD_F1,20230105,11:31,122.80,122.85,122.80,122.85,16000,76400000
RECLTD_F1,20230105,11:32,122.70,122.70,122.60,122.60,32000,76400000
RECLTD_F1,20230105,11:33,122.60,122.60,122.60,122.60,8000,76400000
RECLTD_F1,20230105,11:34,122.70,122.75,122.70,122.75,40000,76400000
RECLTD_F1,20230105,11:35,122.75,122.75,122.75,122.75,8000,76384000
RECLTD_F1,20230105,11:37,122.80,122.80,122.80,122.80,16000,76336000
RECLTD_F1,20230105,11:39,122.95,122.95,122.95,122.95,24000,76336000
RECLTD_F1,20230105,11:40,122.95,122.95,122.95,122.95,8000,76344000
RECLTD_F1,20230105,11:41,122.95,123.00,122.95,123.00,24000,76344000
RECLTD_F1,20230105,11:42,123.00,123.00,123.00,123.00,16000,76344000
RECLTD_F1,20230105,11:43,123.05,123.10,123.05,123.10,176000,76360000
RECLTD_F1,20230105,11:46,123.15,123.15,123.15,123.15,8000,76328000
RECLTD_F1,20230105,11:47,123.20,123.25,123.20,123.20,104000,76328000
RECLTD_F1,20230105,11:48,123.20,123.20,123.10,123.20,200000,76328000
RECLTD_F1,20230105,11:49,123.05,123.05,123.05,123.05,24000,76368000
RECLTD_F1,20230105,11:50,123.10,123.10,123.10,123.10,56000,76368000
RECLTD_F1,20230105,11:51,122.95,122.95,122.85,122.85,32000,76368000
RECLTD_F1,20230105,11:52,122.85,122.85,122.70,122.70,24000,76336000
RECLTD_F1,20230105,11:53,122.70,122.80,122.70,122.80,24000,76336000
RECLTD_F1,20230105,11:54,122.75,122.75,122.75,122.75,8000,76336000
RECLTD_F1,20230105,11:55,122.70,122.70,122.55,122.55,136000,76344000
RECLTD_F1,20230105,11:56,122.55,122.55,122.50,122.50,40000,76344000
RECLTD_F1,20230105,11:57,122.55,122.55,122.55,122.55,32000,76344000
RECLTD_F1,20230105,11:58,122.55,122.60,122.50,122.50,56000,76432000
RECLTD_F1,20230105,11:59,122.50,122.50,122.50,122.50,16000,76432000
RECLTD_F1,20230105,12:00,122.55,122.55,122.45,122.45,24000,76432000
RECLTD_F1,20230105,12:02,122.50,122.55,122.50,122.55,24000,76472000
RECLTD_F1,20230105,12:03,122.50,122.80,122.50,122.80,72000,76472000
RECLTD_F1,20230105,12:05,122.65,122.65,122.65,122.65,32000,76464000
RECLTD_F1,20230105,12:08,122.90,122.90,122.85,122.85,64000,76448000
RECLTD_F1,20230105,12:10,122.80,122.80,122.80,122.80,8000,76464000
RECLTD_F1,20230105,12:13,123.00,123.00,123.00,123.00,8000,76464000
RECLTD_F1,20230105,12:16,123.00,123.10,123.00,123.00,96000,76448000
RECLTD_F1,20230105,12:17,122.95,122.95,122.95,122.95,16000,76448000
RECLTD_F1,20230105,12:18,123.00,123.00,123.00,123.00,8000,76448000
RECLTD_F1,20230105,12:19,123.00,123.00,122.85,122.85,24000,76488000
RECLTD_F1,20230105,12:20,122.90,122.90,122.90,122.90,8000,76488000
RECLTD_F1,20230105,12:21,123.00,123.00,123.00,123.00,24000,76488000
RECLTD_F1,20230105,12:22,122.95,122.95,122.95,122.95,8000,76512000
RECLTD_F1,20230105,12:23,122.90,122.90,122.90,122.90,8000,76512000
RECLTD_F1,20230105,12:26,122.80,122.80,122.80,122.80,40000,76520000
RECLTD_F1,20230105,12:28,122.90,123.00,122.90,123.00,24000,76520000
RECLTD_F1,20230105,12:29,122.90,122.90,122.90,122.90,8000,76520000
RECLTD_F1,20230105,12:32,122.75,122.75,122.75,122.75,16000,76536000
RECLTD_F1,20230105,12:33,122.70,122.70,122.70,122.70,8000,76536000
RECLTD_F1,20230105,12:34,122.70,122.70,122.70,122.70,8000,76536000
RECLTD_F1,20230105,12:36,122.80,122.80,122.80,122.80,8000,76552000
RECLTD_F1,20230105,12:37,122.75,122.75,122.75,122.75,80000,76552000
RECLTD_F1,20230105,12:39,122.70,122.70,122.70,122.70,32000,76480000
RECLTD_F1,20230105,12:40,122.55,122.55,122.55,122.55,16000,76160000
RECLTD_F1,20230105,12:42,122.50,122.50,122.35,122.35,168000,76160000
RECLTD_F1,20230105,12:43,122.35,122.35,122.20,122.25,40000,76040000
RECLTD_F1,20230105,12:44,122.20,122.35,122.20,122.35,80000,76040000
RECLTD_F1,20230105,12:45,122.35,122.40,122.35,122.40,24000,76040000
RECLTD_F1,20230105,12:47,122.25,122.25,122.25,122.25,136000,76024000
RECLTD_F1,20230105,12:48,122.05,122.05,122.00,122.00,184000,76024000
RECLTD_F1,20230105,12:49,122.15,122.25,122.15,122.20,72000,75904000
RECLTD_F1,20230105,12:50,122.30,122.30,122.30,122.30,160000,75904000
RECLTD_F1,20230105,12:51,122.25,122.25,122.25,122.25,48000,75904000
RECLTD_F1,20230105,12:52,122.25,122.25,122.25,122.25,8000,75904000
RECLTD_F1,20230105,12:53,122.25,122.25,122.10,122.15,64000,75944000
RECLTD_F1,20230105,12:56,122.35,122.35,122.35,122.35,96000,75944000
RECLTD_F1,20230105,12:57,122.40,122.40,122.40,122.40,32000,75960000
RECLTD_F1,20230105,12:58,122.40,122.40,122.40,122.40,48000,75960000
RECLTD_F1,20230105,12:59,122.35,122.35,122.35,122.35,24000,75840000
RECLTD_F1,20230105,13:00,122.30,122.35,122.30,122.35,40000,75840000
RECLTD_F1,20230105,13:01,122.45,122.45,122.35,122.35,56000,75792000
RECLTD_F1,20230105,13:02,122.20,122.20,122.20,122.20,8000,75792000
RECLTD_F1,20230105,13:04,122.25,122.25,122.25,122.25,8000,75792000
RECLTD_F1,20230105,13:05,122.20,122.20,122.10,122.15,136000,75792000
RECLTD_F1,20230105,13:06,122.10,122.10,122.10,122.10,8000,75792000
RECLTD_F1,20230105,13:07,122.05,122.05,122.05,122.05,24000,75696000
RECLTD_F1,20230105,13:08,122.00,122.00,121.90,121.90,80000,75696000
RECLTD_F1,20230105,13:09,121.95,121.95,121.95,121.95,16000,75696000
RECLTD_F1,20230105,13:10,122.00,122.00,121.90,121.90,64000,75696000
RECLTD_F1,20230105,13:11,121.95,121.95,121.85,121.95,24000,75704000
RECLTD_F1,20230105,13:12,122.00,122.00,122.00,122.00,8000,75704000
RECLTD_F1,20230105,13:13,121.95,121.95,121.90,121.90,40000,75720000
RECLTD_F1,20230105,13:14,121.95,122.15,121.95,122.15,24000,75720000
RECLTD_F1,20230105,13:16,122.00,122.00,121.90,122.00,56000,75712000
RECLTD_F1,20230105,13:18,121.95,121.95,121.95,121.95,16000,75712000
RECLTD_F1,20230105,13:19,121.90,122.00,121.90,122.00,24000,75704000
RECLTD_F1,20230105,13:20,121.95,121.95,121.75,121.75,248000,75704000
RECLTD_F1,20230105,13:22,121.75,121.75,121.75,121.75,24000,75592000
RECLTD_F1,20230105,13:23,121.50,121.55,121.50,121.55,192000,75592000
RECLTD_F1,20230105,13:24,121.50,121.50,121.50,121.50,88000,75592000
RECLTD_F1,20230105,13:25,121.55,121.60,121.50,121.60,72000,75592000
RECLTD_F1,20230105,13:26,121.50,121.65,121.50,121.65,24000,75568000
RECLTD_F1,20230105,13:27,121.70,121.70,121.45,121.50,96000,75568000
RECLTD_F1,20230105,13:28,121.50,121.50,121.50,121.50,8000,75568000
RECLTD_F1,20230105,13:29,121.45,121.45,121.45,121.45,40000,75552000
RECLTD_F1,20230105,13:30,121.50,121.60,121.50,121.60,104000,75552000
RECLTD_F1,20230105,13:31,121.60,121.75,121.60,121.70,72000,75552000
RECLTD_F1,20230105,13:32,121.70,121.70,121.55,121.55,32000,75552000
RECLTD_F1,20230105,13:33,121.55,121.55,121.55,121.55,72000,75552000
RECLTD_F1,20230105,13:34,121.75,121.75,121.65,121.65,40000,75552000
RECLTD_F1,20230105,13:35,121.70,121.70,121.70,121.70,16000,75544000
RECLTD_F1,20230105,13:36,121.75,121.75,121.70,121.70,16000,75544000
RECLTD_F1,20230105,13:38,121.80,121.80,121.80,121.80,128000,75544000
RECLTD_F1,20230105,13:39,121.85,121.85,121.80,121.80,16000,75544000
RECLTD_F1,20230105,13:40,121.70,121.70,121.70,121.70,8000,75544000
RECLTD_F1,20230105,13:41,121.80,121.80,121.80,121.80,8000,75504000
RECLTD_F1,20230105,13:42,121.90,121.90,121.90,121.90,24000,75504000
RECLTD_F1,20230105,13:43,121.90,121.90,121.90,121.90,8000,75504000
RECLTD_F1,20230105,13:44,121.95,121.95,121.95,121.95,16000,75520000
RECLTD_F1,20230105,13:45,121.90,121.90,121.90,121.90,16000,75520000
RECLTD_F1,20230105,13:47,122.05,122.15,122.05,122.15,16000,75512000
RECLTD_F1,20230105,13:48,122.15,122.25,122.15,122.25,112000,75512000
RECLTD_F1,20230105,13:49,122.40,122.45,122.40,122.40,160000,75520000
RECLTD_F1,20230105,13:50,122.35,122.35,122.30,122.30,32000,75520000
RECLTD_F1,20230105,13:51,122.20,122.20,122.10,122.20,40000,75520000
RECLTD_F1,20230105,13:52,122.35,122.35,122.35,122.35,16000,75520000
RECLTD_F1,20230105,13:54,122.40,122.50,122.40,122.50,64000,75624000
RECLTD_F1,20230105,13:55,122.65,122.65,122.60,122.60,216000,75624000
RECLTD_F1,20230105,13:56,122.50,122.50,122.50,122.50,16000,75624000
RECLTD_F1,20230105,13:57,122.45,122.45,122.45,122.45,8000,75624000
RECLTD_F1,20230105,13:58,122.50,122.60,122.50,122.60,32000,75624000
RECLTD_F1,20230105,13:59,122.45,122.50,122.45,122.50,88000,75616000
RECLTD_F1,20230105,14:00,122.50,122.50,122.50,122.50,16000,75616000
RECLTD_F1,20230105,14:01,122.55,122.55,122.55,122.55,16000,75616000
RECLTD_F1,20230105,14:02,122.55,122.55,122.55,122.55,64000,75584000
RECLTD_F1,20230105,14:03,122.55,122.55,122.45,122.45,88000,75584000
RECLTD_F1,20230105,14:04,122.40,122.45,122.40,122.45,64000,75584000
RECLTD_F1,20230105,14:05,122.35,122.45,122.35,122.45,16000,75592000
RECLTD_F1,20230105,14:06,122.40,122.40,122.40,122.40,16000,75592000
RECLTD_F1,20230105,14:07,122.20,122.25,122.20,122.20,24000,75592000
RECLTD_F1,20230105,14:08,122.25,122.25,122.25,122.25,16000,75560000
RECLTD_F1,20230105,14:10,122.20,122.25,122.20,122.25,80000,75560000
RECLTD_F1,20230105,14:11,122.35,122.35,122.35,122.35,8000,75584000
RECLTD_F1,20230105,14:12,122.45,122.45,122.45,122.45,16000,75584000
RECLTD_F1,20230105,14:13,122.45,122.45,122.45,122.45,8000,75584000
RECLTD_F1,20230105,14:14,122.35,122.40,122.35,122.40,40000,75600000
RECLTD_F1,20230105,14:15,122.35,122.35,122.35,122.35,8000,75600000
RECLTD_F1,20230105,14:16,122.25,122.35,122.25,122.35,80000,75616000
RECLTD_F1,20230105,14:17,122.25,122.25,122.25,122.25,8000,75616000
RECLTD_F1,20230105,14:18,122.35,122.35,122.35,122.35,8000,75616000
RECLTD_F1,20230105,14:19,122.30,122.30,122.30,122.30,8000,75648000
RECLTD_F1,20230105,14:20,122.40,122.40,122.40,122.40,32000,75648000
RECLTD_F1,20230105,14:21,122.35,122.40,122.35,122.40,56000,75648000
RECLTD_F1,20230105,14:22,122.45,122.45,122.45,122.45,8000,75648000
RECLTD_F1,20230105,14:23,122.45,122.50,122.45,122.50,40000,75720000
RECLTD_F1,20230105,14:24,122.30,122.30,122.30,122.30,8000,75720000
RECLTD_F1,20230105,14:25,122.40,122.40,122.40,122.40,8000,75720000
RECLTD_F1,20230105,14:26,122.55,122.55,122.45,122.45,48000,75720000
RECLTD_F1,20230105,14:27,122.45,122.55,122.45,122.55,40000,75720000
RECLTD_F1,20230105,14:28,122.60,122.60,122.50,122.50,48000,75720000
RECLTD_F1,20230105,14:29,122.60,122.65,122.60,122.65,48000,75800000
RECLTD_F1,20230105,14:30,122.80,122.80,122.80,122.80,56000,75800000
RECLTD_F1,20230105,14:31,122.80,122.85,122.80,122.85,80000,75800000
RECLTD_F1,20230105,14:32,122.95,123.00,122.95,123.00,240000,75856000
RECLTD_F1,20230105,14:33,122.90,123.30,122.90,123.30,384000,75856000
RECLTD_F1,20230105,14:34,123.35,123.35,123.00,123.00,168000,75904000
RECLTD_F1,20230105,14:35,123.10,123.30,123.10,123.15,224000,75904000
RECLTD_F1,20230105,14:36,123.10,123.10,122.80,122.80,112000,75904000
RECLTD_F1,20230105,14:37,122.80,122.80,122.75,122.75,88000,75904000
RECLTD_F1,20230105,14:38,122.90,123.00,122.90,123.00,40000,75944000
RECLTD_F1,20230105,14:39,123.05,123.30,123.05,123.15,320000,75944000
RECLTD_F1,20230105,14:40,123.10,123.10,122.95,122.95,128000,76168000
RECLTD_F1,20230105,14:41,122.95,122.95,122.90,122.90,16000,76168000
RECLTD_F1,20230105,14:42,122.90,122.90,122.90,122.90,24000,76168000
RECLTD_F1,20230105,14:43,122.90,122.90,122.80,122.85,56000,76168000
RECLTD_F1,20230105,14:44,122.95,122.95,122.95,122.95,8000,76200000
RECLTD_F1,20230105,14:45,123.10,123.10,123.10,123.10,48000,76200000
RECLTD_F1,20230105,14:46,123.05,123.05,123.05,123.05,32000,76200000
RECLTD_F1,20230105,14:47,123.00,123.00,123.00,123.00,56000,76176000
RECLTD_F1,20230105,14:48,123.05,123.05,122.95,122.95,32000,76176000
RECLTD_F1,20230105,14:49,123.05,123.20,123.05,123.20,72000,76176000
RECLTD_F1,20230105,14:50,123.25,123.25,123.20,123.25,96000,76280000
RECLTD_F1,20230105,14:51,123.25,123.40,123.25,123.35,216000,76280000
RECLTD_F1,20230105,14:52,123.40,123.50,123.40,123.50,480000,76328000
RECLTD_F1,20230105,14:53,123.50,123.50,123.50,123.50,72000,76328000
RECLTD_F1,20230105,14:54,123.65,123.90,123.65,123.85,568000,76328000
RECLTD_F1,20230105,14:55,123.85,124.40,123.85,124.40,1176000,76328000
RECLTD_F1,20230105,14:56,124.35,124.45,124.25,124.25,616000,76296000
RECLTD_F1,20230105,14:57,124.20,124.25,124.20,124.20,472000,76296000
RECLTD_F1,20230105,14:58,124.20,124.20,124.15,124.15,816000,76296000
RECLTD_F1,20230105,14:59,124.10,124.20,123.85,123.85,328000,76864000
RECLTD_F1,20230105,15:00,123.85,123.90,123.80,123.80,192000,76864000
RECLTD_F1,20230105,15:01,123.85,124.00,123.85,123.95,176000,76864000
RECLTD_F1,20230105,15:02,123.95,123.95,123.95,123.95,104000,76864000
RECLTD_F1,20230105,15:03,123.95,124.05,123.95,124.05,104000,76864000
RECLTD_F1,20230105,15:04,124.00,124.05,124.00,124.05,56000,76864000
RECLTD_F1,20230105,15:05,124.05,124.15,124.05,124.10,136000,76864000
RECLTD_F1,20230105,15:06,124.05,124.20,124.05,124.20,224000,76864000
RECLTD_F1,20230105,15:07,124.25,124.35,124.25,124.35,184000,76864000
RECLTD_F1,20230105,15:08,124.45,124.45,124.35,124.40,264000,76768000
RECLTD_F1,20230105,15:09,124.30,124.35,124.20,124.20,128000,76768000
RECLTD_F1,20230105,15:10,124.35,124.35,124.25,124.25,104000,76768000
RECLTD_F1,20230105,15:11,124.25,124.45,124.25,124.45,208000,76848000
RECLTD_F1,20230105,15:12,124.25,124.45,124.25,124.45,288000,76848000
RECLTD_F1,20230105,15:13,124.40,124.40,124.30,124.30,96000,76848000
RECLTD_F1,20230105,15:14,124.30,124.30,124.20,124.20,176000,76920000
RECLTD_F1,20230105,15:15,124.25,124.25,124.20,124.25,216000,76920000
RECLTD_F1,20230105,15:16,124.10,124.15,124.10,124.15,176000,76920000
RECLTD_F1,20230105,15:17,124.25,124.40,124.25,124.40,528000,76792000
RECLTD_F1,20230105,15:18,124.40,124.40,124.40,124.40,120000,76792000
RECLTD_F1,20230105,15:19,124.35,124.35,124.30,124.30,136000,76792000
RECLTD_F1,20230105,15:20,124.30,124.30,124.25,124.30,312000,77016000
RECLTD_F1,20230105,15:21,124.20,124.25,124.20,124.25,200000,77016000
RECLTD_F1,20230105,15:22,124.20,124.20,124.15,124.20,136000,77016000
RECLTD_F1,20230105,15:23,124.20,124.25,124.20,124.20,192000,76920000
RECLTD_F1,20230105,15:24,124.20,124.20,124.20,124.20,80000,76920000
RECLTD_F1,20230105,15:25,124.20,124.25,124.20,124.20,408000,76712000
RECLTD_F1,20230105,15:26,124.25,124.25,124.25,124.25,120000,76712000
RECLTD_F1,20230105,15:27,124.25,124.25,124.25,124.25,160000,76712000
RECLTD_F1,20230105,15:28,124.30,124.35,124.30,124.35,64000,76712000
RECLTD_F1,20230105,15:29,124.30,124.30,124.20,124.25,224000,76720000
RECLTD_F1,20230105,15:30,124.25,124.35,124.25,124.35,160000,76720000
RECLTD_F1,20230105,15:31,124.30,124.30,124.30,124.30,8000,76720000
RECLTD_F1,20230105,19:39,124.25,124.25,124.25,124.25,1,76072000
