TCS_F1,20230105,09:16,3324.40,3327.95,3317.30,3317.30,21700,9698150
TCS_F1,20230105,09:17,3317.00,3317.25,3313.55,3317.25,16975,9698150
TCS_F1,20230105,09:18,3312.50,3315.00,3312.25,3315.00,12600,9698150
TCS_F1,20230105,09:19,3313.90,3313.90,3310.00,3310.85,18725,9698150
TCS_F1,20230105,09:20,3313.00,3313.00,3308.10,3311.35,9975,9698150
TCS_F1,20230105,09:21,3310.35,3312.80,3309.25,3311.80,16625,9699900
TCS_F1,20230105,09:22,3310.05,3319.90,3310.05,3319.25,22750,9699900
TCS_F1,20230105,09:23,3318.85,3322.00,3317.75,3321.55,20475,9699900
TCS_F1,20230105,09:24,3322.05,3322.70,3315.85,3321.60,11375,9709175
TCS_F1,20230105,09:25,3321.90,3324.95,3321.45,3324.95,28350,9709175
TCS_F1,20230105,09:26,3324.15,3327.50,3323.80,3325.80,16275,9709175
TCS_F1,20230105,09:27,3326.50,3332.00,3326.50,3331.35,27300,9707075
TCS_F1,20230105,09:28,3329.70,3329.70,3328.00,3328.05,12075,9707075
TCS_F1,20230105,09:29,3328.65,3329.00,3326.40,3329.00,10150,9707075
TCS_F1,20230105,09:30,3328.60,3330.45,3328.20,3329.60,11725,9707075
TCS_F1,20230105,09:31,3330.60,3333.30,3329.15,3333.30,20825,9682050
TCS_F1,20230105,09:32,3333.15,3334.35,3330.25,3333.35,20125,9682050
TCS_F1,20230105,09:33,3333.30,3333.95,3331.20,3331.25,18725,9675750
TCS_F1,20230105,09:34,3332.10,3337.65,3332.10,3335.45,24675,9675750
TCS_F1,20230105,09:35,3336.05,3339.00,3334.05,3338.60,31150,9675750
TCS_F1,20230105,09:36,3337.95,3340.45,3337.50,3338.50,25200,9664725
TCS_F1,20230105,09:37,3338.30,3340.95,3338.30,3339.10,16100,9664725
TCS_F1,20230105,09:38,3338.80,3339.10,3335.00,3335.35,22925,9664725
TCS_F1,20230105,09:39,3334.90,3335.50,3327.80,3328.25,35525,9679425
TCS_F1,20230105,09:40,3329.00,3331.25,3328.05,3329.90,16275,9679425
TCS_F1,20230105,09:41,3330.20,3330.90,3326.70,3326.70,16100,9679425
TCS_F1,20230105,09:42,3327.00,3327.55,3323.30,3324.50,12425,9671900
TCS_F1,20230105,09:43,3325.00,3325.15,3320.60,3322.30,16450,9671900
TCS_F1,20230105,09:44,3322.40,3323.65,3321.40,3322.80,3850,9671900
TCS_F1,20230105,09:45,3322.80,3322.80,3317.45,3317.45,12950,9644075
TCS_F1,20230105,09:46,3317.40,3323.00,3317.00,3322.10,12075,9644075
TCS_F1,20230105,09:47,3321.90,3325.35,3321.90,3323.65,11375,9644075
TCS_F1,20230105,09:48,3321.90,3325.55,3321.90,3322.55,5425,9646350
TCS_F1,20230105,09:49,3322.15,3324.35,3320.80,3323.00,4900,9646350
TCS_F1,20230105,09:50,3323.35,3325.10,3322.45,3324.75,6125,9646350
TCS_F1,20230105,09:51,3324.60,3324.90,3322.20,3324.05,7000,9646350
TCS_F1,20230105,09:52,3324.10,3324.45,3322.50,3324.00,12075,9646350
TCS_F1,20230105,09:53,3324.10,3325.20,3323.35,3324.45,8225,9646350
TCS_F1,20230105,09:54,3325.15,3325.50,3323.30,3323.50,6300,9633750
TCS_F1,20230105,09:55,3322.25,3323.70,3321.60,3323.70,4200,9633750
TCS_F1,20230105,09:56,3323.50,3324.45,3322.00,3322.20,7000,9633750
TCS_F1,20230105,09:57,3321.60,3323.30,3321.60,3322.30,5600,9633750
TCS_F1,20230105,09:58,3322.50,3322.70,3318.70,3318.85,8225,9638475
TCS_F1,20230105,09:59,3318.70,3319.50,3318.00,3318.45,3500,9638475
TCS_F1,20230105,10:00,3318.30,3319.50,3317.40,3317.40,8575,9643025
TCS_F1,20230105,10:01,3317.55,3320.00,3317.55,3318.60,2800,9643025
TCS_F1,20230105,10:02,3319.65,3319.90,3317.00,3317.00,8225,9643025
TCS_F1,20230105,10:03,3315.90,3318.00,3315.20,3315.20,5425,9644075
TCS_F1,20230105,10:04,3315.45,3316.35,3314.20,3315.20,12075,9644075
TCS_F1,20230105,10:05,3315.35,3317.90,3314.75,3316.40,4550,9644075
TCS_F1,20230105,10:06,3316.95,3318.75,3316.00,3316.00,18375,9649500
TCS_F1,20230105,10:07,3316.00,3318.85,3315.70,3318.25,5425,9649500
TCS_F1,20230105,10:08,3318.80,3321.90,3318.40,3319.90,6650,9649500
TCS_F1,20230105,10:09,3320.00,3321.40,3319.05,3321.40,4025,9651950
TCS_F1,20230105,10:10,3320.20,3321.00,3318.85,3320.30,3325,9651950
TCS_F1,20230105,10:11,3321.30,3321.30,3319.95,3319.95,3500,9651950
TCS_F1,20230105,10:12,3319.40,3321.20,3319.40,3320.15,2800,9651950
TCS_F1,20230105,10:13,3321.40,3323.00,3320.05,3322.55,7525,9653700
TCS_F1,20230105,10:14,3322.00,3324.05,3321.85,3321.90,3850,9653700
TCS_F1,20230105,10:15,3323.20,3326.70,3322.00,3324.40,15050,9653700
TCS_F1,20230105,10:16,3324.15,3328.50,3323.40,3323.40,10850,9659125
TCS_F1,20230105,10:17,3323.45,3323.45,3320.25,3322.50,5075,9659125
TCS_F1,20230105,10:18,3323.65,3327.40,3323.65,3326.10,6300,9662975
TCS_F1,20230105,10:19,3326.55,3327.20,3325.30,3325.75,4375,9662975
TCS_F1,20230105,10:20,3325.45,3326.80,3325.15,3325.40,4725,9662975
TCS_F1,20230105,10:21,3325.65,3327.05,3325.55,3327.05,1575,9662975
TCS_F1,20230105,10:22,3326.45,3329.00,3326.10,3326.70,8750,9665600
TCS_F1,20230105,10:23,3327.80,3328.60,3327.80,3328.50,2275,9665600
TCS_F1,20230105,10:24,3328.30,3328.30,3327.15,3328.25,1400,9665600
TCS_F1,20230105,10:25,3328.00,3328.25,3326.40,3326.40,2625,9663150
TCS_F1,20230105,10:26,3327.90,3328.05,3326.75,3327.55,2975,9663150
TCS_F1,20230105,10:27,3327.60,3327.70,3326.75,3327.70,2975,9663150
TCS_F1,20230105,10:28,3327.45,3327.95,3327.10,3327.10,1050,9658250
TCS_F1,20230105,10:29,3326.85,3327.80,3326.85,3327.35,1050,9658250
TCS_F1,20230105,10:30,3327.75,3327.95,3327.05,3327.90,2975,9658250
TCS_F1,20230105,10:31,3327.35,3328.90,3327.35,3327.75,5250,9655975
TCS_F1,20230105,10:32,3326.50,3327.25,3326.50,3327.25,1050,9655975
TCS_F1,20230105,10:33,3326.90,3329.40,3326.60,3328.70,2450,9655975
TCS_F1,20230105,10:34,3329.15,3329.15,3327.15,3328.10,3500,9654750
TCS_F1,20230105,10:35,3328.30,3328.90,3328.30,3328.70,875,9654750
TCS_F1,20230105,10:36,3327.00,3327.35,3325.35,3325.35,5600,9655100
TCS_F1,20230105,10:37,3326.95,3326.95,3325.85,3326.70,1575,9655100
TCS_F1,20230105,10:38,3327.60,3327.60,3327.25,3327.60,1050,9655100
TCS_F1,20230105,10:39,3328.25,3328.30,3325.90,3325.90,2275,9655100
TCS_F1,20230105,10:40,3325.80,3326.90,3325.75,3326.90,1750,9659125
TCS_F1,20230105,10:41,3327.60,3327.85,3327.10,3327.80,1050,9659125
TCS_F1,20230105,10:42,3327.80,3328.95,3327.80,3328.00,1400,9659125
TCS_F1,20230105,10:43,3328.50,3328.50,3328.15,3328.15,875,9655275
TCS_F1,20230105,10:44,3329.00,3329.00,3328.10,3328.10,1050,9655275
TCS_F1,20230105,10:45,3328.95,3329.35,3328.05,3328.05,1050,9655275
TCS_F1,20230105,10:46,3328.85,3328.85,3328.85,3328.85,350,9655975
TCS_F1,20230105,10:47,3328.55,3328.55,3327.15,3327.15,875,9655975
TCS_F1,20230105,10:48,3327.90,3327.90,3327.70,3327.80,525,9655975
TCS_F1,20230105,10:49,3326.80,3327.05,3326.60,3327.05,2275,9654400
TCS_F1,20230105,10:50,3328.05,3328.05,3326.90,3327.80,3675,9654400
TCS_F1,20230105,10:51,3327.50,3327.75,3327.00,3327.35,1225,9654400
TCS_F1,20230105,10:52,3327.00,3327.10,3326.10,3326.75,1050,9655275
TCS_F1,20230105,10:53,3327.00,3327.60,3327.00,3327.60,350,9655275
TCS_F1,20230105,10:54,3327.10,3327.10,3327.00,3327.00,350,9655275
TCS_F1,20230105,10:55,3327.80,3327.80,3326.40,3326.40,700,9655100
TCS_F1,20230105,10:56,3326.45,3327.75,3326.45,3327.65,1050,9655100
TCS_F1,20230105,10:57,3326.45,3326.45,3325.10,3325.10,875,9655100
TCS_F1,20230105,10:58,3325.55,3325.55,3323.70,3323.70,1750,9654750
TCS_F1,20230105,10:59,3323.40,3323.95,3323.00,3323.95,2100,9654750
TCS_F1,20230105,11:00,3324.15,3324.15,3323.00,3323.00,2100,9654750
TCS_F1,20230105,11:01,3322.80,3323.00,3321.65,3323.00,4200,9654925
TCS_F1,20230105,11:02,3322.85,3324.25,3322.35,3322.40,2800,9654925
TCS_F1,20230105,11:03,3323.05,3323.05,3322.05,3322.05,700,9654925
TCS_F1,20230105,11:04,3321.50,3322.55,3321.50,3322.50,875,9654925
TCS_F1,20230105,11:05,3322.60,3322.60,3322.30,3322.30,700,9654925
TCS_F1,20230105,11:06,3322.05,3322.50,3321.85,3321.85,3675,9654925
TCS_F1,20230105,11:07,3321.10,3322.45,3321.10,3322.45,1750,9654225
TCS_F1,20230105,11:08,3322.25,3322.25,3322.25,3322.25,175,9654225
TCS_F1,20230105,11:09,3322.70,3323.30,3322.25,3322.25,875,9654225
TCS_F1,20230105,11:10,3323.40,3323.40,3321.75,3321.75,1050,9655275
TCS_F1,20230105,11:11,3321.80,3321.80,3321.80,3321.80,350,9655275
TCS_F1,20230105,11:12,3322.05,3322.20,3322.05,3322.20,350,9655275
TCS_F1,20230105,11:13,3322.95,3322.95,3322.10,3322.10,700,9654400
TCS_F1,20230105,11:14,3322.95,3322.95,3321.75,3321.75,2275,9654400
TCS_F1,20230105,11:15,3321.75,3322.35,3321.55,3322.35,3500,9654400
TCS_F1,20230105,11:16,3322.45,3322.45,3321.65,3322.35,2275,9655800
TCS_F1,20230105,11:17,3323.15,3326.00,3323.15,3326.00,1225,9655800
TCS_F1,20230105,11:18,3325.70,3325.85,3325.65,3325.85,1050,9655800
TCS_F1,20230105,11:19,3326.45,3326.55,3325.15,3325.40,2275,9657200
TCS_F1,20230105,11:20,3324.85,3325.80,3324.85,3325.30,1225,9657200
TCS_F1,20230105,11:21,3324.25,3325.60,3324.25,3324.45,1750,9657200
TCS_F1,20230105,11:22,3324.00,3324.00,3324.00,3324.00,175,9657375
TCS_F1,20230105,11:23,3323.10,3323.25,3322.75,3322.80,2100,9657375
TCS_F1,20230105,11:24,3322.50,3322.50,3322.50,3322.50,175,9657375
TCS_F1,20230105,11:25,3321.65,3322.20,3321.25,3322.05,3500,9656675
TCS_F1,20230105,11:26,3322.75,3322.75,3321.65,3321.65,700,9656675
TCS_F1,20230105,11:27,3321.35,3321.35,3321.20,3321.20,875,9656675
TCS_F1,20230105,11:28,3322.25,3322.25,3321.15,3321.95,1925,9655275
TCS_F1,20230105,11:29,3322.50,3322.50,3321.30,3321.30,350,9655275
TCS_F1,20230105,11:30,3322.55,3322.55,3322.00,3322.00,875,9655275
TCS_F1,20230105,11:31,3322.00,3322.50,3322.00,3322.35,1225,9654925
TCS_F1,20230105,11:32,3322.05,3322.45,3321.85,3321.85,1400,9654925
TCS_F1,20230105,11:33,3321.55,3321.85,3321.55,3321.65,700,9654925
TCS_F1,20230105,11:34,3321.85,3321.85,3321.20,3321.40,1750,9654225
TCS_F1,20230105,11:35,3321.30,3321.30,3321.30,3321.30,350,9654225
TCS_F1,20230105,11:36,3321.15,3321.15,3319.30,3319.30,4550,9654225
TCS_F1,20230105,11:37,3319.40,3321.00,3319.40,3321.00,1225,9654050
TCS_F1,20230105,11:38,3320.25,3320.25,3320.25,3320.25,175,9654050
TCS_F1,20230105,11:39,3320.95,3321.00,3320.25,3321.00,700,9654050
TCS_F1,20230105,11:40,3321.60,3321.60,3320.00,3320.90,2100,9654400
TCS_F1,20230105,11:41,3320.25,3320.25,3320.25,3320.25,525,9654400
TCS_F1,20230105,11:42,3320.15,3320.15,3319.95,3319.95,700,9654400
TCS_F1,20230105,11:43,3321.75,3322.70,3321.75,3321.80,700,9654050
TCS_F1,20230105,11:44,3321.60,3321.65,3321.05,3321.05,1225,9654050
TCS_F1,20230105,11:45,3321.00,3321.60,3320.30,3321.05,1575,9654050
TCS_F1,20230105,11:46,3321.60,3322.85,3321.60,3322.05,1925,9654925
TCS_F1,20230105,11:47,3321.30,3321.95,3321.05,3321.05,1050,9654925
TCS_F1,20230105,11:48,3320.40,3321.25,3320.30,3320.45,1050,9654925
TCS_F1,20230105,11:49,3320.20,3320.75,3320.20,3320.30,1225,9656500
TCS_F1,20230105,11:50,3320.25,3320.25,3314.05,3314.05,8750,9656500
TCS_F1,20230105,11:51,3314.80,3316.70,3314.35,3316.65,5250,9656500
TCS_F1,20230105,11:52,3316.70,3318.30,3315.40,3317.20,14175,9655450
TCS_F1,20230105,11:53,3317.05,3318.00,3314.05,3315.15,13125,9655450
TCS_F1,20230105,11:54,3314.95,3315.00,3309.50,3309.95,17150,9655450
TCS_F1,20230105,11:55,3310.00,3311.00,3308.25,3310.35,10500,9664200
TCS_F1,20230105,11:56,3311.20,3311.80,3310.20,3310.90,6650,9664200
TCS_F1,20230105,11:57,3310.40,3310.65,3309.45,3309.50,4375,9664200
TCS_F1,20230105,11:58,3309.50,3312.20,3308.80,3312.20,7875,9669800
TCS_F1,20230105,11:59,3311.85,3314.00,3311.85,3312.75,9625,9669800
TCS_F1,20230105,12:00,3312.60,3313.25,3311.75,3313.10,4375,9669800
TCS_F1,20230105,12:01,3313.80,3313.80,3312.50,3312.60,1575,9672075
TCS_F1,20230105,12:02,3312.15,3312.95,3311.65,3312.95,4025,9672075
TCS_F1,20230105,12:03,3311.90,3311.90,3310.85,3310.85,2100,9672075
TCS_F1,20230105,12:04,3311.40,3312.20,3311.15,3312.20,2800,9670675
TCS_F1,20230105,12:05,3312.05,3312.20,3311.35,3312.20,2275,9670675
TCS_F1,20230105,12:06,3312.70,3313.65,3312.65,3312.65,2625,9670675
TCS_F1,20230105,12:07,3312.50,3312.50,3311.90,3311.90,700,9674000
TCS_F1,20230105,12:08,3312.30,3312.30,3311.65,3311.80,1050,9674000
TCS_F1,20230105,12:09,3311.85,3312.50,3311.85,3312.05,1575,9674000
TCS_F1,20230105,12:10,3311.95,3312.00,3311.00,3311.20,1925,9674875
TCS_F1,20230105,12:11,3310.70,3311.35,3310.70,3311.35,1575,9674875
TCS_F1,20230105,12:12,3311.65,3312.20,3309.50,3309.50,4375,9674875
TCS_F1,20230105,12:13,3309.00,3309.90,3308.65,3309.20,2275,9670675
TCS_F1,20230105,12:14,3308.90,3311.35,3308.90,3311.00,2450,9670675
TCS_F1,20230105,12:15,3309.00,3310.40,3309.00,3309.00,2450,9670675
TCS_F1,20230105,12:16,3310.00,3310.00,3305.90,3307.10,5950,9671900
TCS_F1,20230105,12:17,3307.50,3308.00,3306.00,3306.00,5250,9671900
TCS_F1,20230105,12:18,3306.25,3307.55,3306.05,3306.55,2975,9671900
TCS_F1,20230105,12:19,3306.55,3306.55,3302.50,3305.95,16800,9676275
TCS_F1,20230105,12:20,3303.60,3304.80,3303.60,3304.80,3325,9676275
TCS_F1,20230105,12:21,3304.50,3304.55,3301.60,3302.60,3500,9676275
TCS_F1,20230105,12:22,3301.90,3301.90,3301.00,3301.55,4200,9671725
TCS_F1,20230105,12:23,3301.60,3301.60,3298.05,3299.00,11900,9671725
TCS_F1,20230105,12:24,3298.05,3300.00,3298.00,3298.65,4025,9671725
TCS_F1,20230105,12:25,3298.65,3298.65,3296.20,3296.20,4725,9671200
TCS_F1,20230105,12:26,3296.40,3297.70,3296.00,3296.00,5075,9671200
TCS_F1,20230105,12:27,3296.25,3298.95,3295.35,3298.95,5950,9671200
TCS_F1,20230105,12:28,3299.65,3299.65,3298.00,3298.60,5250,9675750
TCS_F1,20230105,12:29,3298.60,3299.45,3298.60,3299.45,525,9675750
TCS_F1,20230105,12:30,3299.25,3299.25,3298.00,3298.40,4725,9675750
TCS_F1,20230105,12:31,3298.80,3298.95,3297.85,3298.95,4375,9680125
TCS_F1,20230105,12:32,3299.00,3299.00,3297.85,3298.90,3500,9680125
TCS_F1,20230105,12:33,3298.70,3298.85,3296.45,3297.90,6125,9680125
TCS_F1,20230105,12:34,3297.10,3297.10,3296.00,3296.55,2450,9672600
TCS_F1,20230105,12:35,3296.50,3297.10,3295.30,3295.55,4375,9672600
TCS_F1,20230105,12:36,3295.70,3295.70,3294.00,3294.70,6825,9672600
TCS_F1,20230105,12:37,3294.65,3295.75,3292.95,3295.00,6475,9679075
TCS_F1,20230105,12:38,3294.60,3294.60,3294.15,3294.15,1050,9679075
TCS_F1,20230105,12:39,3294.90,3295.20,3294.60,3294.65,3325,9679075
TCS_F1,20230105,12:40,3294.70,3294.70,3293.40,3294.30,2275,9681525
TCS_F1,20230105,12:41,3294.05,3294.05,3290.55,3291.80,13125,9681525
TCS_F1,20230105,12:42,3292.60,3293.05,3290.20,3290.60,5250,9681525
TCS_F1,20230105,12:43,3289.15,3290.95,3288.30,3289.10,6825,9680475
TCS_F1,20230105,12:44,3289.65,3289.95,3288.75,3289.95,2625,9680475
TCS_F1,20230105,12:45,3290.15,3291.80,3290.15,3291.00,2275,9680475
TCS_F1,20230105,12:46,3290.90,3292.50,3290.90,3291.90,1925,9679775
TCS_F1,20230105,12:47,3291.90,3292.35,3291.40,3291.65,2975,9679775
TCS_F1,20230105,12:48,3291.70,3292.60,3291.00,3292.60,2275,9679775
TCS_F1,20230105,12:49,3292.65,3294.20,3292.65,3293.40,4200,9682400
TCS_F1,20230105,12:50,3293.65,3294.20,3293.05,3293.50,2450,9682400
TCS_F1,20230105,12:51,3293.80,3294.05,3293.80,3293.95,3325,9682400
TCS_F1,20230105,12:52,3294.00,3294.60,3293.25,3293.25,3500,9674525
TCS_F1,20230105,12:53,3293.30,3294.00,3293.30,3294.00,700,9674525
TCS_F1,20230105,12:54,3295.30,3296.25,3295.30,3296.00,3675,9674525
TCS_F1,20230105,12:55,3295.95,3295.95,3294.00,3294.00,1575,9676450
TCS_F1,20230105,12:56,3294.00,3294.45,3293.80,3294.40,2100,9676450
TCS_F1,20230105,12:57,3294.00,3294.00,3293.30,3294.00,1400,9676450
TCS_F1,20230105,12:58,3293.10,3293.25,3293.10,3293.25,525,9678025
TCS_F1,20230105,12:59,3293.10,3293.55,3293.10,3293.40,700,9678025
TCS_F1,20230105,13:00,3294.00,3294.00,3293.00,3293.15,700,9678025
TCS_F1,20230105,13:01,3293.95,3293.95,3292.95,3292.95,1750,9679600
TCS_F1,20230105,13:02,3292.00,3294.10,3292.00,3294.10,4375,9679600
TCS_F1,20230105,13:03,3292.60,3293.05,3292.50,3292.50,1225,9679600
TCS_F1,20230105,13:04,3293.35,3295.00,3293.35,3295.00,4375,9673825
TCS_F1,20230105,13:05,3294.80,3297.80,3294.40,3296.70,2275,9673825
TCS_F1,20230105,13:06,3297.00,3298.40,3296.00,3298.40,2975,9673825
TCS_F1,20230105,13:07,3296.85,3297.00,3295.15,3297.00,2275,9675575
TCS_F1,20230105,13:08,3297.05,3298.65,3297.05,3298.10,2625,9675575
TCS_F1,20230105,13:09,3298.30,3298.30,3297.95,3298.20,1050,9675575
TCS_F1,20230105,13:10,3297.60,3299.00,3297.60,3298.40,1050,9675050
TCS_F1,20230105,13:11,3297.65,3298.20,3297.50,3297.55,1400,9675050
TCS_F1,20230105,13:12,3297.30,3298.25,3296.65,3298.25,2625,9675050
TCS_F1,20230105,13:13,3297.15,3298.70,3297.15,3298.70,1750,9672950
TCS_F1,20230105,13:14,3298.70,3301.50,3297.90,3301.20,4200,9672950
TCS_F1,20230105,13:15,3301.05,3301.40,3299.55,3299.55,2625,9672950
TCS_F1,20230105,13:16,3299.55,3300.00,3299.05,3299.65,1575,9672425
TCS_F1,20230105,13:17,3299.50,3300.45,3299.00,3299.00,875,9672425
TCS_F1,20230105,13:18,3298.50,3298.50,3296.85,3298.35,1050,9672425
TCS_F1,20230105,13:19,3296.80,3297.60,3296.80,3297.60,1400,9673300
TCS_F1,20230105,13:20,3297.90,3299.20,3296.30,3296.30,2450,9673300
TCS_F1,20230105,13:21,3295.80,3297.20,3295.80,3296.90,1050,9673300
TCS_F1,20230105,13:22,3295.30,3296.35,3295.30,3296.35,700,9673475
TCS_F1,20230105,13:23,3295.00,3296.05,3295.00,3295.25,1750,9673475
TCS_F1,20230105,13:24,3295.25,3296.10,3295.00,3295.80,2100,9673475
TCS_F1,20230105,13:25,3295.80,3299.30,3295.05,3299.30,2625,9674000
TCS_F1,20230105,13:26,3297.90,3298.60,3297.90,3298.60,1750,9674000
TCS_F1,20230105,13:27,3298.55,3298.55,3297.05,3298.55,2450,9674000
TCS_F1,20230105,13:28,3297.10,3297.95,3297.00,3297.75,1400,9677675
TCS_F1,20230105,13:29,3297.05,3298.85,3297.05,3298.85,2800,9677675
TCS_F1,20230105,13:30,3298.55,3299.20,3298.30,3298.40,3325,9677675
TCS_F1,20230105,13:31,3298.00,3300.00,3298.00,3299.45,1575,9682925
TCS_F1,20230105,13:32,3297.95,3298.85,3297.95,3298.00,1925,9682925
TCS_F1,20230105,13:33,3298.00,3299.10,3297.60,3299.10,1750,9682925
TCS_F1,20230105,13:34,3299.10,3299.10,3297.80,3297.80,6650,9683450
TCS_F1,20230105,13:35,3296.55,3297.30,3296.30,3296.30,1400,9683450
TCS_F1,20230105,13:36,3295.90,3296.50,3295.90,3296.50,350,9683450
TCS_F1,20230105,13:37,3296.20,3296.20,3295.00,3295.00,2100,9685200
TCS_F1,20230105,13:38,3294.65,3294.65,3293.10,3293.90,2100,9685200
TCS_F1,20230105,13:39,3293.90,3295.00,3292.65,3292.70,2100,9685200
TCS_F1,20230105,13:40,3292.70,3292.95,3289.05,3289.05,8575,9687825
TCS_F1,20230105,13:41,3291.10,3292.45,3289.90,3292.45,7000,9687825
TCS_F1,20230105,13:42,3290.95,3290.95,3290.05,3290.70,1575,9687825
TCS_F1,20230105,13:43,3291.20,3293.00,3290.55,3292.95,3850,9686075
TCS_F1,20230105,13:44,3292.60,3293.80,3291.00,3293.20,14350,9686075
TCS_F1,20230105,13:45,3293.20,3293.55,3291.70,3293.55,2275,9686075
TCS_F1,20230105,13:46,3293.60,3293.60,3292.05,3292.15,2975,9690975
TCS_F1,20230105,13:47,3292.60,3293.00,3291.60,3293.00,1575,9690975
TCS_F1,20230105,13:48,3292.70,3292.70,3292.15,3292.15,700,9690975
TCS_F1,20230105,13:49,3292.20,3292.20,3291.05,3291.30,1400,9692725
TCS_F1,20230105,13:50,3291.25,3291.95,3291.25,3291.85,1400,9692725
TCS_F1,20230105,13:51,3291.10,3291.20,3288.80,3289.25,3500,9692725
TCS_F1,20230105,13:52,3289.20,3290.90,3289.10,3290.90,4025,9687650
TCS_F1,20230105,13:53,3291.10,3292.00,3290.30,3290.85,2275,9687650
TCS_F1,20230105,13:54,3290.90,3292.00,3290.80,3291.55,1925,9687650
TCS_F1,20230105,13:55,3292.90,3294.10,3292.90,3293.00,2800,9689400
TCS_F1,20230105,13:56,3292.80,3294.25,3292.10,3294.20,2625,9689400
TCS_F1,20230105,13:57,3293.20,3296.35,3293.00,3296.10,5075,9689400
TCS_F1,20230105,13:58,3296.75,3296.80,3295.25,3296.45,4200,9691325
TCS_F1,20230105,13:59,3296.10,3296.65,3295.80,3295.80,2450,9691325
TCS_F1,20230105,14:00,3295.00,3295.00,3294.00,3294.00,4725,9691325
TCS_F1,20230105,14:01,3294.00,3295.75,3293.25,3295.75,2800,9696575
TCS_F1,20230105,14:02,3295.10,3295.75,3294.70,3294.70,3500,9696575
TCS_F1,20230105,14:03,3294.00,3294.70,3293.75,3293.75,2450,9696575
TCS_F1,20230105,14:04,3293.10,3294.40,3292.65,3292.65,4725,9696575
TCS_F1,20230105,14:05,3292.40,3294.20,3292.40,3294.00,2800,9693775
TCS_F1,20230105,14:06,3293.75,3294.60,3293.75,3294.10,4900,9693775
TCS_F1,20230105,14:07,3294.45,3294.95,3292.60,3292.85,2100,9696925
TCS_F1,20230105,14:08,3292.90,3292.90,3292.15,3292.15,1225,9696925
TCS_F1,20230105,14:09,3291.00,3291.00,3289.40,3289.50,7700,9696925
TCS_F1,20230105,14:10,3288.20,3288.95,3286.90,3288.55,6650,9698325
TCS_F1,20230105,14:11,3289.25,3289.25,3287.00,3287.90,2975,9698325
TCS_F1,20230105,14:12,3288.00,3288.55,3287.55,3288.05,6475,9698325
TCS_F1,20230105,14:13,3288.05,3289.60,3287.55,3288.45,2625,9695525
TCS_F1,20230105,14:14,3290.60,3290.60,3289.25,3289.25,2625,9695525
TCS_F1,20230105,14:15,3288.85,3289.60,3288.00,3289.00,1400,9695525
TCS_F1,20230105,14:16,3289.65,3290.00,3288.50,3288.50,4375,9697275
TCS_F1,20230105,14:17,3288.10,3289.85,3288.10,3289.85,2275,9697275
TCS_F1,20230105,14:18,3290.00,3290.70,3289.80,3290.25,1050,9697275
TCS_F1,20230105,14:19,3291.50,3291.50,3290.25,3291.50,1575,9700075
TCS_F1,20230105,14:20,3291.00,3291.00,3290.55,3290.55,350,9700075
TCS_F1,20230105,14:21,3290.55,3290.60,3290.55,3290.60,350,9700075
TCS_F1,20230105,14:22,3290.70,3290.70,3290.70,3290.70,175,9700075
TCS_F1,20230105,14:23,3291.35,3291.70,3291.25,3291.70,1050,9695175
TCS_F1,20230105,14:24,3291.65,3293.50,3291.00,3292.65,4375,9695175
TCS_F1,20230105,14:25,3293.60,3294.45,3292.35,3293.25,2625,9696750
TCS_F1,20230105,14:26,3294.25,3294.65,3293.70,3293.70,2975,9696750
TCS_F1,20230105,14:27,3294.30,3294.60,3293.45,3293.45,3675,9696750
TCS_F1,20230105,14:28,3293.15,3293.15,3293.00,3293.05,1225,9698675
TCS_F1,20230105,14:29,3294.35,3296.35,3294.35,3296.35,3500,9698675
TCS_F1,20230105,14:30,3296.60,3297.90,3296.00,3297.20,2975,9698675
TCS_F1,20230105,14:31,3297.15,3299.50,3297.15,3298.50,4900,9698675
TCS_F1,20230105,14:32,3298.00,3298.85,3297.30,3297.30,1225,9701300
TCS_F1,20230105,14:33,3296.05,3297.15,3295.65,3296.35,2450,9701300
TCS_F1,20230105,14:34,3296.05,3298.35,3296.05,3296.60,3850,9703925
TCS_F1,20230105,14:35,3297.30,3297.30,3294.60,3295.45,3500,9703925
TCS_F1,20230105,14:36,3296.00,3296.35,3294.75,3296.35,3325,9703925
TCS_F1,20230105,14:37,3296.35,3298.40,3295.90,3297.60,5075,9709875
TCS_F1,20230105,14:38,3296.85,3299.65,3296.75,3298.65,4025,9709875
TCS_F1,20230105,14:39,3299.20,3301.00,3298.65,3300.95,3850,9709875
TCS_F1,20230105,14:40,3300.10,3300.65,3298.50,3299.00,2275,9713900
TCS_F1,20230105,14:41,3298.55,3300.10,3298.00,3300.10,4725,9713900
TCS_F1,20230105,14:42,3300.05,3300.05,3298.35,3299.05,2975,9713900
TCS_F1,20230105,14:43,3297.75,3298.90,3297.75,3298.30,1225,9713900
TCS_F1,20230105,14:44,3298.95,3299.95,3298.85,3299.75,1575,9716700
TCS_F1,20230105,14:45,3300.00,3300.40,3298.00,3298.00,1925,9716700
TCS_F1,20230105,14:46,3297.20,3299.90,3297.20,3299.55,2800,9716700
TCS_F1,20230105,14:47,3297.45,3300.00,3296.80,3299.00,4725,9684850
TCS_F1,20230105,14:48,3299.60,3300.00,3299.20,3300.00,2450,9684850
TCS_F1,20230105,14:49,3300.15,3303.95,3299.90,3303.15,11025,9684850
TCS_F1,20230105,14:50,3303.35,3303.35,3301.25,3302.10,2800,9688350
TCS_F1,20230105,14:51,3302.55,3303.20,3301.95,3301.95,2450,9688350
TCS_F1,20230105,14:52,3303.00,3303.00,3302.25,3302.25,700,9688350
TCS_F1,20230105,14:53,3302.25,3302.25,3300.00,3301.75,5950,9690450
TCS_F1,20230105,14:54,3301.35,3302.10,3301.25,3302.10,875,9690450
TCS_F1,20230105,14:55,3301.70,3303.05,3301.70,3303.05,1400,9692375
TCS_F1,20230105,14:56,3302.45,3303.05,3300.60,3301.60,4725,9692375
TCS_F1,20230105,14:57,3301.45,3302.85,3301.45,3302.80,4200,9692375
TCS_F1,20230105,14:58,3302.95,3303.30,3302.10,3303.10,3325,9692375
TCS_F1,20230105,14:59,3302.60,3303.00,3301.65,3302.95,5950,9694650
TCS_F1,20230105,15:00,3302.00,3305.00,3302.00,3303.65,12775,9694650
TCS_F1,20230105,15:01,3303.90,3308.50,3303.90,3307.55,8575,9694650
TCS_F1,20230105,15:02,3307.15,3310.90,3306.20,3310.10,9975,9694650
TCS_F1,20230105,15:03,3310.30,3311.50,3309.90,3310.50,9975,9694650
TCS_F1,20230105,15:04,3309.30,3309.90,3305.90,3309.90,8575,9694650
TCS_F1,20230105,15:05,3309.55,3309.65,3307.60,3309.35,9275,9694650
TCS_F1,20230105,15:06,3308.40,3309.10,3307.45,3308.20,5775,9694650
TCS_F1,20230105,15:07,3308.20,3309.80,3306.00,3306.85,5600,9694650
TCS_F1,20230105,15:08,3306.75,3309.95,3306.75,3307.95,7875,9705850
TCS_F1,20230105,15:09,3308.65,3310.00,3307.00,3307.45,14175,9705850
TCS_F1,20230105,15:10,3307.20,3307.85,3305.85,3307.25,9450,9707950
TCS_F1,20230105,15:11,3307.50,3310.70,3307.50,3309.75,8925,9707950
TCS_F1,20230105,15:12,3310.65,3311.45,3309.55,3310.45,7700,9707950
TCS_F1,20230105,15:13,3311.00,3311.00,3309.60,3310.15,7350,9707950
TCS_F1,20230105,15:14,3309.70,3310.75,3308.45,3310.75,6300,9713725
TCS_F1,20230105,15:15,3310.00,3311.50,3308.65,3311.25,11900,9713725
TCS_F1,20230105,15:16,3311.10,3316.20,3310.55,3316.20,18900,9723175
TCS_F1,20230105,15:17,3316.40,3317.80,3314.05,3317.50,23800,9723175
TCS_F1,20230105,15:18,3317.70,3317.70,3314.80,3316.60,12425,9723175
TCS_F1,20230105,15:19,3316.40,3316.55,3314.15,3315.80,9975,9743300
TCS_F1,20230105,15:20,3315.15,3316.40,3314.60,3315.00,7875,9743300
TCS_F1,20230105,15:21,3315.45,3316.30,3313.20,3313.20,13300,9743300
TCS_F1,20230105,15:22,3313.10,3314.25,3312.40,3312.40,9625,9754675
TCS_F1,20230105,15:23,3312.00,3312.80,3308.80,3310.20,10675,9754675
TCS_F1,20230105,15:24,3310.50,3311.05,3307.90,3308.20,6650,9754675
TCS_F1,20230105,15:25,3307.65,3309.60,3307.20,3308.35,6650,9758700
TCS_F1,20230105,15:26,3307.55,3308.65,3307.10,3307.10,6125,9758700
TCS_F1,20230105,15:27,3307.00,3308.25,3306.75,3308.25,5600,9758700
TCS_F1,20230105,15:28,3307.90,3309.45,3307.40,3308.00,4200,9755900
TCS_F1,20230105,15:29,3307.85,3308.00,3305.55,3305.55,5075,9755900
TCS_F1,20230105,15:30,3307.45,3308.00,3305.40,3305.50,8575,9755900
TCS_F1,20230105,19:38,3311.05,3311.05,3311.05,3311.05,1,9589300
