TITAN_F1,20210707,09:16,1754.00,1777.00,1750.85,1777.00,103500,4634625
TITAN_F1,20210707,09:17,1782.00,1782.00,1773.00,1775.20,72375,4634625
TITAN_F1,20210707,09:18,1775.80,1775.80,1762.65,1764.85,121125,4717875
TITAN_F1,20210707,09:19,1761.15,1766.95,1760.30,1764.65,78000,4717875
TITAN_F1,20210707,09:20,1763.60,1763.60,1757.00,1757.00,74625,4717875
TITAN_F1,20210707,09:21,1757.00,1757.00,1733.75,1734.85,113625,4815000
TITAN_F1,20210707,09:22,1734.60,1738.75,1730.45,1734.20,69000,4815000
TITAN_F1,20210707,09:23,1735.25,1742.55,1734.45,1742.55,42000,4815000
TITAN_F1,20210707,09:24,1742.55,1742.55,1725.40,1725.40,112125,4892625
TITAN_F1,20210707,09:25,1726.00,1727.65,1717.00,1725.55,91500,4892625
TITAN_F1,20210707,09:26,1725.55,1727.20,1723.05,1727.00,37500,4892625
TITAN_F1,20210707,09:27,1727.45,1730.00,1725.00,1725.90,40500,4959000
TITAN_F1,20210707,09:28,1725.90,1725.90,1716.00,1719.90,108000,4959000
TITAN_F1,20210707,09:29,1718.85,1724.15,1718.85,1721.00,63750,4959000
TITAN_F1,20210707,09:30,1721.70,1722.10,1715.10,1715.45,75000,5037375
TITAN_F1,20210707,09:31,1716.85,1726.00,1716.00,1724.80,76125,5037375
TITAN_F1,20210707,09:32,1724.65,1725.35,1719.15,1722.85,40875,5037375
TITAN_F1,20210707,09:33,1724.75,1724.75,1720.15,1723.60,26625,5084625
TITAN_F1,20210707,09:34,1722.50,1725.00,1722.50,1724.20,14625,5084625
TITAN_F1,20210707,09:35,1724.90,1728.85,1724.90,1728.15,15750,5084625
TITAN_F1,20210707,09:36,1728.30,1729.00,1727.55,1727.90,20625,5100375
TITAN_F1,20210707,09:37,1728.90,1735.00,1727.25,1734.75,41250,5100375
TITAN_F1,20210707,09:38,1733.65,1742.00,1733.65,1739.45,49875,5100375
TITAN_F1,20210707,09:39,1739.30,1739.30,1734.20,1737.25,17625,5108625
TITAN_F1,20210707,09:40,1737.65,1737.65,1734.45,1735.60,9000,5108625
TITAN_F1,20210707,09:41,1737.00,1737.00,1730.00,1730.00,15750,5108625
TITAN_F1,20210707,09:42,1730.00,1733.45,1729.35,1731.40,11250,5119500
TITAN_F1,20210707,09:43,1730.35,1732.10,1729.65,1731.35,7500,5119500
TITAN_F1,20210707,09:44,1731.10,1734.65,1731.10,1734.00,6375,5119500
TITAN_F1,20210707,09:45,1733.15,1736.00,1733.15,1733.25,10500,5102625
TITAN_F1,20210707,09:46,1734.00,1734.55,1733.35,1733.50,6750,5102625
TITAN_F1,20210707,09:47,1733.50,1733.50,1729.00,1729.00,25500,5102625
TITAN_F1,20210707,09:48,1727.75,1727.75,1724.00,1724.25,24000,5109000
TITAN_F1,20210707,09:49,1725.45,1727.00,1724.70,1725.45,6750,5109000
TITAN_F1,20210707,09:50,1725.00,1725.00,1723.05,1724.85,15750,5109000
TITAN_F1,20210707,09:51,1724.00,1727.55,1724.00,1726.00,6750,5118375
TITAN_F1,20210707,09:52,1725.80,1726.00,1724.65,1725.95,6000,5118375
TITAN_F1,20210707,09:53,1726.00,1727.45,1725.50,1725.50,7500,5118375
TITAN_F1,20210707,09:54,1726.35,1727.45,1726.00,1726.95,14250,5120625
TITAN_F1,20210707,09:55,1726.00,1726.70,1725.15,1725.15,30375,5120625
TITAN_F1,20210707,09:56,1723.50,1725.70,1723.50,1725.70,7875,5120625
TITAN_F1,20210707,09:57,1725.10,1726.50,1725.10,1726.50,5625,5126625
TITAN_F1,20210707,09:58,1727.00,1729.65,1727.00,1729.65,3750,5126625
TITAN_F1,20210707,09:59,1729.60,1730.10,1729.60,1730.10,2625,5126625
TITAN_F1,20210707,10:00,1730.00,1730.00,1729.00,1729.80,4125,5127750
TITAN_F1,20210707,10:01,1728.65,1728.75,1726.25,1726.25,10500,5127750
TITAN_F1,20210707,10:02,1726.00,1727.75,1725.70,1727.15,12375,5127750
TITAN_F1,20210707,10:03,1728.45,1728.45,1726.70,1727.05,3375,5127750
TITAN_F1,20210707,10:04,1728.50,1728.55,1727.30,1728.55,7500,5133000
TITAN_F1,20210707,10:05,1728.50,1729.30,1727.85,1729.30,5250,5133000
TITAN_F1,20210707,10:06,1729.80,1730.00,1729.80,1729.95,1500,5133000
TITAN_F1,20210707,10:07,1728.60,1728.60,1728.60,1728.60,1125,5136375
TITAN_F1,20210707,10:09,1728.35,1729.00,1728.35,1729.00,1875,5137125
TITAN_F1,20210707,10:10,1728.90,1728.90,1728.90,1728.90,375,5137125
TITAN_F1,20210707,10:11,1728.70,1729.10,1726.50,1727.15,9000,5137125
TITAN_F1,20210707,10:12,1726.75,1728.10,1725.75,1728.10,5250,5139375
TITAN_F1,20210707,10:13,1727.85,1727.85,1727.25,1727.25,2625,5139375
TITAN_F1,20210707,10:14,1727.95,1728.55,1726.55,1728.40,4875,5139375
TITAN_F1,20210707,10:15,1727.25,1728.50,1727.25,1727.25,2250,5142750
TITAN_F1,20210707,10:16,1727.90,1727.90,1727.30,1727.30,2250,5142750
TITAN_F1,20210707,10:17,1728.50,1728.50,1728.50,1728.50,375,5142750
TITAN_F1,20210707,10:18,1727.85,1729.85,1727.85,1729.85,6750,5142750
TITAN_F1,20210707,10:19,1729.10,1730.00,1729.10,1729.45,6750,5146125
TITAN_F1,20210707,10:20,1730.60,1730.60,1729.40,1729.40,1500,5146125
TITAN_F1,20210707,10:21,1730.10,1730.20,1729.50,1729.55,2625,5146500
TITAN_F1,20210707,10:22,1730.00,1730.55,1729.00,1729.90,5250,5146500
TITAN_F1,20210707,10:23,1729.45,1729.85,1729.45,1729.85,1875,5146500
TITAN_F1,20210707,10:24,1729.75,1729.75,1728.60,1729.50,3000,5145750
TITAN_F1,20210707,10:25,1729.50,1729.50,1727.00,1728.45,12375,5145750
TITAN_F1,20210707,10:26,1728.50,1730.25,1728.50,1730.05,6375,5145750
TITAN_F1,20210707,10:27,1731.30,1731.90,1730.20,1731.00,6750,5152875
TITAN_F1,20210707,10:28,1731.00,1732.95,1730.55,1731.70,9750,5152875
TITAN_F1,20210707,10:29,1732.65,1734.65,1732.65,1733.90,9000,5152875
TITAN_F1,20210707,10:30,1734.40,1734.40,1733.70,1733.70,2625,5149125
TITAN_F1,20210707,10:31,1733.50,1733.50,1731.35,1731.95,7125,5149125
TITAN_F1,20210707,10:32,1731.95,1732.45,1730.90,1732.45,4500,5149125
TITAN_F1,20210707,10:33,1732.50,1733.00,1732.50,1733.00,750,5149125
TITAN_F1,20210707,10:34,1732.15,1733.45,1732.15,1733.45,1125,5147250
TITAN_F1,20210707,10:35,1733.00,1733.10,1732.35,1732.35,1875,5147250
TITAN_F1,20210707,10:36,1733.00,1733.00,1732.95,1732.95,750,5147625
TITAN_F1,20210707,10:37,1733.85,1733.85,1733.85,1733.85,375,5147625
TITAN_F1,20210707,10:38,1733.60,1735.45,1733.60,1735.45,3750,5147625
TITAN_F1,20210707,10:39,1735.95,1735.95,1734.10,1734.75,4125,5148375
TITAN_F1,20210707,10:40,1733.30,1734.30,1733.30,1734.30,1500,5148375
TITAN_F1,20210707,10:41,1733.20,1733.20,1731.90,1731.90,3000,5148375
TITAN_F1,20210707,10:42,1732.40,1732.40,1732.20,1732.20,750,5149500
TITAN_F1,20210707,10:43,1731.85,1731.85,1730.30,1730.30,1875,5149500
TITAN_F1,20210707,10:44,1730.30,1731.20,1730.30,1731.20,1500,5149500
TITAN_F1,20210707,10:45,1730.90,1731.00,1730.90,1731.00,4875,5148000
TITAN_F1,20210707,10:46,1731.20,1732.35,1731.20,1731.60,13500,5148000
TITAN_F1,20210707,10:47,1730.10,1730.35,1728.85,1729.00,7875,5148000
TITAN_F1,20210707,10:48,1729.05,1730.35,1729.00,1730.35,1875,5148000
TITAN_F1,20210707,10:49,1729.35,1729.35,1729.35,1729.35,1125,5159250
TITAN_F1,20210707,10:50,1729.00,1730.10,1729.00,1730.10,4125,5159250
TITAN_F1,20210707,10:51,1730.45,1730.50,1730.45,1730.50,750,5158500
TITAN_F1,20210707,10:52,1730.75,1730.75,1730.50,1730.55,4875,5158500
TITAN_F1,20210707,10:53,1730.75,1730.95,1730.45,1730.45,2250,5158500
TITAN_F1,20210707,10:54,1730.45,1730.45,1730.45,1730.45,375,5158125
TITAN_F1,20210707,10:55,1731.00,1731.00,1731.00,1731.00,1125,5158125
TITAN_F1,20210707,10:56,1731.00,1731.00,1731.00,1731.00,1125,5158125
TITAN_F1,20210707,10:57,1731.45,1731.45,1730.65,1730.65,2250,5156625
TITAN_F1,20210707,10:58,1729.00,1730.80,1729.00,1730.75,5625,5156625
TITAN_F1,20210707,11:00,1731.30,1731.30,1731.00,1731.00,750,5156625
TITAN_F1,20210707,11:01,1731.40,1732.65,1731.40,1732.65,3000,5156625
TITAN_F1,20210707,11:02,1733.00,1733.00,1733.00,1733.00,375,5156625
TITAN_F1,20210707,11:03,1733.80,1733.80,1733.20,1733.20,1875,5153625
TITAN_F1,20210707,11:04,1733.20,1733.20,1733.20,1733.20,375,5153625
TITAN_F1,20210707,11:05,1733.75,1734.00,1733.75,1734.00,3375,5153625
TITAN_F1,20210707,11:06,1735.00,1735.55,1733.60,1734.00,18000,5156250
TITAN_F1,20210707,11:07,1733.30,1733.40,1732.90,1732.90,2625,5156250
TITAN_F1,20210707,11:08,1732.60,1732.60,1731.45,1731.45,2625,5156250
TITAN_F1,20210707,11:09,1731.65,1734.80,1731.40,1734.80,12000,5158500
TITAN_F1,20210707,11:10,1734.55,1734.55,1733.80,1733.80,2250,5158500
TITAN_F1,20210707,11:11,1733.80,1733.80,1733.80,1733.80,375,5158500
TITAN_F1,20210707,11:12,1734.80,1734.95,1733.90,1734.75,2250,5158125
TITAN_F1,20210707,11:13,1734.15,1735.40,1734.15,1735.40,3750,5158125
TITAN_F1,20210707,11:14,1734.85,1737.80,1734.80,1737.80,10875,5158125
TITAN_F1,20210707,11:15,1736.75,1737.95,1736.40,1736.40,10500,5158125
TITAN_F1,20210707,11:16,1736.40,1736.40,1733.85,1733.85,5250,5154000
TITAN_F1,20210707,11:17,1734.85,1734.85,1733.80,1734.00,3000,5154000
TITAN_F1,20210707,11:18,1734.00,1734.95,1734.00,1734.70,1500,5154000
TITAN_F1,20210707,11:19,1734.05,1734.50,1734.05,1734.50,1875,5155875
TITAN_F1,20210707,11:21,1734.00,1735.45,1734.00,1735.45,2250,5155875
TITAN_F1,20210707,11:22,1736.00,1737.00,1735.45,1736.05,4875,5153250
TITAN_F1,20210707,11:23,1736.20,1736.20,1734.40,1734.40,3000,5153250
TITAN_F1,20210707,11:25,1734.90,1734.90,1733.80,1734.00,1875,5151750
TITAN_F1,20210707,11:26,1733.95,1733.95,1732.20,1733.20,4875,5151750
TITAN_F1,20210707,11:27,1732.25,1733.65,1732.25,1732.70,2625,5151750
TITAN_F1,20210707,11:28,1733.60,1733.60,1732.95,1732.95,1500,5151375
TITAN_F1,20210707,11:29,1733.45,1734.65,1733.45,1734.65,1125,5151375
TITAN_F1,20210707,11:30,1734.65,1734.65,1734.65,1734.65,375,5151375
TITAN_F1,20210707,11:31,1733.75,1733.75,1732.55,1732.55,1875,5148750
TITAN_F1,20210707,11:32,1731.15,1732.25,1731.15,1732.20,33000,5148750
TITAN_F1,20210707,11:33,1732.25,1732.60,1732.25,1732.60,1875,5148750
TITAN_F1,20210707,11:34,1733.40,1733.40,1733.40,1733.40,375,5148750
TITAN_F1,20210707,11:36,1734.40,1734.40,1733.75,1733.75,1500,5163375
TITAN_F1,20210707,11:37,1733.90,1733.90,1733.90,1733.90,375,5162625
TITAN_F1,20210707,11:38,1733.60,1733.60,1733.15,1733.15,1500,5162625
TITAN_F1,20210707,11:39,1733.10,1733.10,1732.80,1732.80,750,5162625
TITAN_F1,20210707,11:40,1733.15,1733.15,1732.35,1732.35,1125,5162625
TITAN_F1,20210707,11:41,1731.25,1731.25,1731.25,1731.25,375,5162625
TITAN_F1,20210707,11:42,1731.70,1731.70,1731.00,1731.00,750,5162625
TITAN_F1,20210707,11:43,1730.65,1730.80,1728.50,1729.35,41625,5160375
TITAN_F1,20210707,11:44,1729.50,1730.25,1729.45,1729.80,4875,5160375
TITAN_F1,20210707,11:45,1728.70,1728.70,1727.15,1728.00,6000,5160375
TITAN_F1,20210707,11:46,1727.10,1727.65,1727.10,1727.55,3000,5191125
TITAN_F1,20210707,11:47,1727.50,1727.50,1727.00,1727.00,1875,5191125
TITAN_F1,20210707,11:48,1727.25,1727.25,1727.25,1727.25,375,5191125
TITAN_F1,20210707,11:49,1727.95,1728.45,1727.75,1728.45,1875,5189250
TITAN_F1,20210707,11:50,1728.40,1728.40,1727.60,1727.60,1125,5189250
TITAN_F1,20210707,11:51,1728.10,1728.20,1727.45,1727.45,3375,5189250
TITAN_F1,20210707,11:52,1728.15,1728.15,1726.95,1727.40,2250,5190375
TITAN_F1,20210707,11:53,1727.60,1727.70,1725.05,1725.05,18375,5190375
TITAN_F1,20210707,11:54,1725.95,1725.95,1724.00,1724.50,17250,5190375
TITAN_F1,20210707,11:55,1725.00,1725.70,1724.15,1724.15,6000,5181000
TITAN_F1,20210707,11:56,1724.15,1724.20,1724.15,1724.20,750,5181000
TITAN_F1,20210707,11:57,1724.20,1724.80,1724.20,1724.80,1500,5181000
TITAN_F1,20210707,11:58,1725.50,1725.50,1725.00,1725.40,1125,5186250
TITAN_F1,20210707,11:59,1725.50,1726.85,1725.50,1726.85,3000,5186250
TITAN_F1,20210707,12:00,1726.20,1726.20,1726.05,1726.05,2250,5186250
TITAN_F1,20210707,12:01,1726.05,1726.05,1725.50,1725.50,1500,5187000
TITAN_F1,20210707,12:02,1725.40,1725.50,1725.40,1725.50,750,5187000
TITAN_F1,20210707,12:03,1725.00,1725.00,1724.05,1724.05,2625,5187000
TITAN_F1,20210707,12:05,1724.85,1725.35,1724.50,1725.35,3750,5185500
TITAN_F1,20210707,12:06,1725.60,1725.60,1725.00,1725.00,1500,5185500
TITAN_F1,20210707,12:07,1724.85,1724.85,1724.60,1724.60,750,5187000
TITAN_F1,20210707,12:08,1725.00,1725.00,1724.85,1724.85,750,5187000
TITAN_F1,20210707,12:09,1724.90,1725.45,1724.90,1725.10,3375,5187000
TITAN_F1,20210707,12:10,1725.65,1725.75,1725.65,1725.65,3750,5188125
TITAN_F1,20210707,12:11,1725.90,1725.90,1725.15,1725.15,1500,5188125
TITAN_F1,20210707,12:12,1725.90,1728.00,1725.90,1728.00,5625,5188125
TITAN_F1,20210707,12:13,1727.90,1727.90,1727.90,1727.90,2250,5188125
TITAN_F1,20210707,12:14,1727.40,1727.40,1727.40,1727.40,1500,5190375
TITAN_F1,20210707,12:15,1727.80,1728.80,1727.80,1728.00,3000,5190375
TITAN_F1,20210707,12:16,1727.25,1727.25,1726.80,1726.80,1500,5190000
TITAN_F1,20210707,12:17,1728.60,1728.80,1726.25,1726.75,34125,5190000
TITAN_F1,20210707,12:18,1726.50,1728.00,1726.00,1728.00,12000,5190000
TITAN_F1,20210707,12:19,1728.00,1728.00,1728.00,1728.00,3000,5189250
TITAN_F1,20210707,12:20,1727.05,1728.10,1727.05,1728.10,1500,5189250
TITAN_F1,20210707,12:21,1728.65,1728.65,1728.65,1728.65,750,5189250
TITAN_F1,20210707,12:23,1727.60,1727.60,1727.05,1727.05,2625,5188875
TITAN_F1,20210707,12:24,1727.95,1729.30,1726.50,1729.30,8250,5188875
TITAN_F1,20210707,12:26,1728.35,1728.60,1727.50,1728.60,1500,5188875
TITAN_F1,20210707,12:27,1727.95,1728.10,1727.95,1728.00,1125,5188875
TITAN_F1,20210707,12:28,1728.00,1728.00,1727.90,1727.90,1500,5187750
TITAN_F1,20210707,12:29,1727.95,1728.20,1727.95,1728.20,750,5187750
TITAN_F1,20210707,12:30,1727.40,1728.05,1727.40,1728.05,1500,5187750
TITAN_F1,20210707,12:31,1728.00,1728.00,1727.25,1727.25,1875,5188500
TITAN_F1,20210707,12:32,1728.10,1729.30,1728.10,1729.30,2625,5188500
TITAN_F1,20210707,12:33,1730.50,1730.50,1730.15,1730.15,3750,5188500
TITAN_F1,20210707,12:34,1730.95,1731.45,1730.00,1730.00,4875,5191125
TITAN_F1,20210707,12:36,1729.50,1729.60,1729.05,1729.05,1125,5191125
TITAN_F1,20210707,12:37,1729.80,1730.00,1729.80,1730.00,1125,5191125
TITAN_F1,20210707,12:38,1730.35,1730.70,1730.35,1730.70,3750,5191125
TITAN_F1,20210707,12:39,1730.05,1731.40,1730.05,1731.20,4125,5191125
TITAN_F1,20210707,12:40,1731.00,1731.00,1730.05,1730.05,2625,5194500
TITAN_F1,20210707,12:42,1730.95,1730.95,1729.95,1729.95,1875,5194500
TITAN_F1,20210707,12:43,1729.85,1729.85,1729.40,1729.45,2625,5193750
TITAN_F1,20210707,12:44,1730.10,1730.65,1729.20,1729.20,5250,5193750
TITAN_F1,20210707,12:45,1729.95,1729.95,1729.15,1729.15,1125,5193750
TITAN_F1,20210707,12:46,1729.00,1729.35,1729.00,1729.35,750,5192625
TITAN_F1,20210707,12:48,1729.70,1729.70,1729.70,1729.70,375,5192625
TITAN_F1,20210707,12:49,1729.65,1729.65,1729.65,1729.65,375,5192625
TITAN_F1,20210707,12:51,1729.00,1729.00,1729.00,1729.00,1125,5193000
TITAN_F1,20210707,12:52,1729.75,1730.40,1729.75,1730.05,1875,5193375
TITAN_F1,20210707,12:53,1730.10,1730.30,1729.90,1730.30,1125,5193375
TITAN_F1,20210707,12:54,1730.35,1730.35,1730.35,1730.35,375,5193375
TITAN_F1,20210707,12:55,1730.25,1730.25,1729.65,1729.65,1875,5191500
TITAN_F1,20210707,12:56,1729.50,1730.05,1728.85,1729.00,3000,5191500
TITAN_F1,20210707,12:57,1728.50,1729.00,1728.50,1729.00,1125,5191500
TITAN_F1,20210707,12:58,1728.85,1729.00,1728.55,1728.60,1875,5191875
TITAN_F1,20210707,12:59,1728.80,1728.80,1728.60,1728.60,2250,5191875
TITAN_F1,20210707,13:00,1728.50,1728.50,1728.50,1728.50,375,5191875
TITAN_F1,20210707,13:01,1729.15,1729.15,1728.45,1728.45,1500,5193375
TITAN_F1,20210707,13:02,1728.45,1729.35,1728.45,1729.35,1875,5193375
TITAN_F1,20210707,13:03,1728.90,1729.25,1728.60,1729.25,1500,5193375
TITAN_F1,20210707,13:04,1729.20,1729.60,1728.85,1728.85,2250,5192250
TITAN_F1,20210707,13:05,1728.90,1729.00,1728.90,1728.90,1125,5192250
TITAN_F1,20210707,13:06,1729.30,1729.45,1729.30,1729.45,2250,5192250
TITAN_F1,20210707,13:07,1729.25,1729.25,1729.20,1729.20,750,5188875
TITAN_F1,20210707,13:08,1728.85,1728.85,1727.95,1727.95,3375,5188875
TITAN_F1,20210707,13:09,1729.00,1729.00,1729.00,1729.00,750,5188875
TITAN_F1,20210707,13:10,1729.40,1729.40,1729.40,1729.40,375,5188875
TITAN_F1,20210707,13:12,1729.40,1729.40,1728.60,1728.60,2625,5187375
TITAN_F1,20210707,13:13,1728.20,1729.20,1728.20,1729.20,1125,5186625
TITAN_F1,20210707,13:14,1729.45,1729.50,1729.45,1729.50,2250,5186625
TITAN_F1,20210707,13:15,1729.50,1729.75,1729.50,1729.75,750,5186625
TITAN_F1,20210707,13:16,1729.30,1730.40,1729.30,1730.40,3000,5187375
TITAN_F1,20210707,13:17,1730.40,1730.45,1730.40,1730.45,750,5187375
TITAN_F1,20210707,13:18,1730.65,1730.65,1730.65,1730.65,375,5187375
TITAN_F1,20210707,13:20,1730.75,1732.05,1730.30,1731.20,15375,5185875
TITAN_F1,20210707,13:21,1731.05,1731.05,1730.15,1730.15,1875,5185875
TITAN_F1,20210707,13:22,1730.00,1730.00,1728.70,1729.10,2625,5182500
TITAN_F1,20210707,13:23,1729.55,1729.55,1729.55,1729.55,375,5182500
TITAN_F1,20210707,13:24,1729.60,1730.00,1729.60,1730.00,750,5182500
TITAN_F1,20210707,13:25,1729.15,1729.65,1729.15,1729.65,750,5184375
TITAN_F1,20210707,13:26,1729.65,1729.90,1729.65,1729.90,750,5184375
TITAN_F1,20210707,13:28,1729.90,1729.90,1729.35,1729.35,1125,5184750
TITAN_F1,20210707,13:29,1730.00,1730.95,1730.00,1730.95,2625,5184750
TITAN_F1,20210707,13:30,1731.00,1731.40,1731.00,1731.40,2625,5184750
TITAN_F1,20210707,13:31,1732.00,1732.35,1732.00,1732.00,3375,5183250
TITAN_F1,20210707,13:32,1731.30,1731.30,1731.00,1731.00,1500,5183250
TITAN_F1,20210707,13:33,1731.75,1731.75,1730.95,1730.95,1875,5183250
TITAN_F1,20210707,13:34,1730.45,1731.00,1730.45,1731.00,1125,5181000
TITAN_F1,20210707,13:35,1731.50,1731.50,1731.50,1731.50,1125,5181000
TITAN_F1,20210707,13:36,1731.25,1731.25,1729.10,1729.50,16875,5181000
TITAN_F1,20210707,13:37,1728.80,1729.95,1728.80,1728.80,5250,5186250
TITAN_F1,20210707,13:38,1729.00,1729.10,1728.50,1728.50,2625,5186250
TITAN_F1,20210707,13:39,1728.75,1728.95,1728.30,1728.95,1875,5186250
TITAN_F1,20210707,13:40,1728.20,1728.95,1728.20,1728.85,1875,5187750
TITAN_F1,20210707,13:41,1728.85,1729.90,1728.85,1729.90,3750,5187750
TITAN_F1,20210707,13:42,1729.85,1729.85,1729.85,1729.85,375,5187750
TITAN_F1,20210707,13:43,1729.80,1732.75,1729.50,1732.75,12750,5192250
TITAN_F1,20210707,13:44,1732.05,1732.05,1731.30,1731.30,5625,5192250
TITAN_F1,20210707,13:45,1730.00,1730.00,1729.80,1729.80,1875,5192250
TITAN_F1,20210707,13:46,1729.00,1729.85,1729.00,1729.85,750,5197500
TITAN_F1,20210707,13:47,1729.20,1729.20,1729.20,1729.20,750,5197500
TITAN_F1,20210707,13:48,1729.85,1729.85,1729.60,1729.60,1875,5197500
TITAN_F1,20210707,13:49,1729.60,1730.00,1729.60,1730.00,1875,5199375
TITAN_F1,20210707,13:50,1731.05,1731.55,1731.05,1731.55,1125,5199375
TITAN_F1,20210707,13:52,1731.50,1731.50,1730.45,1731.40,3375,5196750
TITAN_F1,20210707,13:53,1731.45,1731.45,1731.10,1731.10,1125,5196750
TITAN_F1,20210707,13:54,1731.30,1731.30,1730.60,1730.60,1125,5196750
TITAN_F1,20210707,13:55,1730.00,1730.00,1729.00,1729.00,2625,5195625
TITAN_F1,20210707,13:56,1728.50,1729.00,1728.35,1729.00,2250,5195625
TITAN_F1,20210707,13:57,1729.90,1729.90,1729.90,1729.90,750,5195625
TITAN_F1,20210707,13:59,1729.80,1729.80,1729.80,1729.80,375,5195625
TITAN_F1,20210707,14:00,1729.45,1729.45,1729.00,1729.00,1875,5197125
TITAN_F1,20210707,14:01,1729.00,1729.40,1729.00,1729.40,1125,5196750
TITAN_F1,20210707,14:02,1729.40,1729.85,1729.10,1729.85,3750,5196750
TITAN_F1,20210707,14:03,1729.40,1729.65,1729.00,1729.40,3000,5196750
TITAN_F1,20210707,14:04,1729.80,1729.80,1729.80,1729.80,375,5196750
TITAN_F1,20210707,14:05,1729.40,1730.00,1729.40,1730.00,1500,5197500
TITAN_F1,20210707,14:06,1730.35,1730.35,1729.85,1729.85,2625,5197500
TITAN_F1,20210707,14:07,1730.30,1730.30,1729.80,1729.80,3000,5197125
TITAN_F1,20210707,14:08,1729.15,1729.80,1729.10,1729.30,1500,5197125
TITAN_F1,20210707,14:10,1729.30,1729.90,1729.20,1729.90,1500,5195250
TITAN_F1,20210707,14:11,1729.90,1729.90,1729.90,1729.90,375,5195250
TITAN_F1,20210707,14:12,1729.90,1729.90,1729.90,1729.90,750,5195250
TITAN_F1,20210707,14:13,1729.60,1729.60,1729.40,1729.40,1500,5194125
TITAN_F1,20210707,14:14,1730.55,1730.75,1729.40,1730.20,9000,5194125
TITAN_F1,20210707,14:15,1730.00,1730.20,1729.15,1729.15,4125,5194125
TITAN_F1,20210707,14:16,1730.10,1730.10,1729.40,1729.40,1125,5195250
TITAN_F1,20210707,14:18,1729.95,1729.95,1729.50,1729.50,750,5195250
TITAN_F1,20210707,14:19,1729.90,1729.90,1729.35,1729.35,1875,5194875
TITAN_F1,20210707,14:20,1730.15,1730.45,1730.00,1730.45,2250,5194875
TITAN_F1,20210707,14:21,1730.10,1730.10,1729.85,1729.85,750,5194875
TITAN_F1,20210707,14:22,1729.35,1729.55,1728.05,1728.05,4500,5194875
TITAN_F1,20210707,14:23,1728.00,1728.00,1727.50,1727.50,4125,5194875
TITAN_F1,20210707,14:25,1727.00,1727.50,1727.00,1727.20,1875,5191125
TITAN_F1,20210707,14:26,1726.85,1727.80,1726.85,1727.50,2625,5191125
TITAN_F1,20210707,14:27,1728.00,1729.60,1728.00,1728.50,4125,5191125
TITAN_F1,20210707,14:28,1728.60,1728.60,1728.60,1728.60,375,5191125
TITAN_F1,20210707,14:29,1729.50,1729.50,1729.35,1729.35,750,5190000
TITAN_F1,20210707,14:30,1729.45,1729.45,1729.45,1729.45,375,5190000
TITAN_F1,20210707,14:31,1729.45,1730.00,1729.45,1730.00,3000,5190000
TITAN_F1,20210707,14:32,1731.05,1731.65,1730.70,1731.65,1875,5188125
TITAN_F1,20210707,14:33,1730.75,1731.25,1730.40,1731.25,3375,5188125
TITAN_F1,20210707,14:34,1732.00,1732.25,1731.40,1732.25,5625,5185125
TITAN_F1,20210707,14:35,1732.90,1732.90,1731.65,1731.65,6750,5185125
TITAN_F1,20210707,14:36,1731.90,1731.90,1731.90,1731.90,375,5185125
TITAN_F1,20210707,14:37,1731.05,1731.05,1729.60,1729.60,2625,5185125
TITAN_F1,20210707,14:38,1729.05,1730.45,1729.05,1730.45,1125,5181375
TITAN_F1,20210707,14:39,1729.60,1730.25,1729.50,1730.00,1500,5181375
TITAN_F1,20210707,14:40,1730.15,1730.35,1730.15,1730.35,1500,5177250
TITAN_F1,20210707,14:41,1730.10,1730.10,1729.60,1730.00,6750,5177250
TITAN_F1,20210707,14:42,1729.95,1730.15,1729.70,1729.70,1875,5177250
TITAN_F1,20210707,14:43,1730.00,1730.00,1728.80,1728.80,1875,5174250
TITAN_F1,20210707,14:44,1729.35,1730.20,1729.35,1730.10,2250,5174250
TITAN_F1,20210707,14:45,1729.25,1729.80,1729.00,1729.80,1125,5174250
TITAN_F1,20210707,14:46,1729.20,1729.75,1729.20,1729.20,1875,5174250
TITAN_F1,20210707,14:47,1728.85,1728.85,1728.00,1728.00,5625,5172750
TITAN_F1,20210707,14:48,1728.30,1728.30,1728.30,1728.30,1500,5172750
TITAN_F1,20210707,14:49,1729.00,1729.40,1729.00,1729.40,750,5172750
TITAN_F1,20210707,14:50,1729.50,1729.55,1728.50,1729.00,6000,5172000
TITAN_F1,20210707,14:51,1728.90,1729.30,1728.15,1729.30,10500,5172000
TITAN_F1,20210707,14:52,1728.50,1728.50,1728.50,1728.50,750,5172000
TITAN_F1,20210707,14:53,1728.95,1728.95,1728.10,1728.10,750,5169000
TITAN_F1,20210707,14:54,1728.90,1729.40,1728.90,1729.40,2250,5169000
TITAN_F1,20210707,14:55,1729.50,1729.55,1729.50,1729.55,1500,5169000
TITAN_F1,20210707,14:56,1729.05,1729.55,1728.70,1729.55,2625,5166375
TITAN_F1,20210707,14:57,1729.55,1729.60,1729.55,1729.60,750,5166375
TITAN_F1,20210707,14:58,1729.00,1729.50,1728.75,1729.35,2625,5166375
TITAN_F1,20210707,14:59,1728.70,1729.00,1728.40,1729.00,2625,5165250
TITAN_F1,20210707,15:00,1729.25,1729.45,1729.25,1729.45,750,5165250
TITAN_F1,20210707,15:01,1729.65,1730.25,1729.15,1729.30,7500,5164125
TITAN_F1,20210707,15:02,1729.60,1730.35,1729.50,1730.35,2625,5164125
TITAN_F1,20210707,15:03,1730.05,1730.15,1728.70,1728.70,7875,5164125
TITAN_F1,20210707,15:04,1729.85,1729.85,1728.90,1729.70,5625,5160000
TITAN_F1,20210707,15:05,1728.75,1729.50,1728.75,1728.75,2250,5160000
TITAN_F1,20210707,15:06,1728.90,1729.45,1727.45,1728.45,13500,5160000
TITAN_F1,20210707,15:07,1728.10,1729.00,1728.05,1728.45,6000,5160000
TITAN_F1,20210707,15:08,1729.30,1729.30,1728.60,1728.80,3375,5155125
TITAN_F1,20210707,15:09,1728.60,1729.30,1728.60,1729.30,8250,5155125
TITAN_F1,20210707,15:10,1728.90,1729.30,1728.75,1729.25,8250,5151375
TITAN_F1,20210707,15:11,1728.75,1729.75,1728.75,1729.75,3750,5151375
TITAN_F1,20210707,15:12,1729.05,1730.15,1728.95,1730.15,5250,5151375
TITAN_F1,20210707,15:13,1729.75,1731.75,1729.40,1731.65,12375,5152875
TITAN_F1,20210707,15:14,1731.70,1733.15,1729.90,1730.50,21750,5152875
TITAN_F1,20210707,15:15,1730.20,1730.80,1729.85,1729.85,10875,5152875
TITAN_F1,20210707,15:16,1729.90,1730.25,1728.40,1728.55,17625,5152875
TITAN_F1,20210707,15:17,1728.85,1729.60,1728.40,1728.95,4125,5151000
TITAN_F1,20210707,15:18,1728.50,1729.10,1728.45,1729.10,3375,5151000
TITAN_F1,20210707,15:19,1729.10,1729.65,1728.60,1729.65,11625,5152875
TITAN_F1,20210707,15:20,1729.25,1729.75,1728.80,1728.95,9750,5152875
TITAN_F1,20210707,15:21,1729.45,1729.85,1727.90,1727.90,9750,5152875
TITAN_F1,20210707,15:22,1728.85,1729.00,1728.00,1728.45,9750,5148375
TITAN_F1,20210707,15:23,1728.55,1730.80,1728.55,1730.75,10875,5148375
TITAN_F1,20210707,15:24,1731.00,1732.00,1731.00,1731.80,7500,5148375
TITAN_F1,20210707,15:25,1731.95,1732.75,1730.90,1730.90,7500,5148375
TITAN_F1,20210707,15:26,1731.00,1731.90,1731.00,1731.75,10500,5142375
TITAN_F1,20210707,15:27,1730.40,1733.00,1730.40,1731.35,18000,5142375
TITAN_F1,20210707,15:28,1731.50,1732.15,1731.45,1732.00,6000,5142375
TITAN_F1,20210707,15:29,1731.80,1732.50,1731.25,1731.90,22875,5134875
TITAN_F1,20210707,15:30,1731.05,1732.80,1728.95,1731.00,19125,5134875
TITAN_F1,20210707,18:35,1730.15,1730.15,1730.15,1730.15,1,5027625
