BHARTIARTL,20190704,09:08,353.35,353.35,353.35,353.35,2485,0
BHARTIARTL,20190704,09:16,353.35,354.25,353.00,353.25,27878,0
BHARTIARTL,20190704,09:17,353.00,354.40,353.00,353.90,13501,0
BHARTIARTL,20190704,09:18,353.90,354.05,353.10,353.35,14230,0
BHARTIARTL,20190704,09:19,353.40,353.90,353.40,353.40,11064,0
BHARTIARTL,20190704,09:20,353.45,354.50,353.40,354.20,9683,0
BHARTIARTL,20190704,09:21,354.00,354.45,353.85,354.35,13890,0
BHARTIARTL,20190704,09:22,354.50,354.90,354.05,354.15,18508,0
BHARTIARTL,20190704,09:23,354.15,354.55,354.05,354.10,9400,0
BHARTIARTL,20190704,09:24,354.20,354.25,354.00,354.25,6875,0
BHARTIARTL,20190704,09:25,354.25,354.80,354.20,354.65,5813,0
BHARTIARTL,20190704,09:26,354.75,355.50,354.75,355.30,28129,0
BHARTIARTL,20190704,09:27,355.30,355.35,354.55,354.80,11578,0
BHARTIARTL,20190704,09:28,354.85,354.95,354.65,354.95,5926,0
BHARTIARTL,20190704,09:29,354.80,355.00,354.75,354.85,5122,0
BHARTIARTL,20190704,09:30,354.90,355.00,354.60,354.65,8843,0
BHARTIARTL,20190704,09:31,354.65,354.65,354.25,354.45,9466,0
BHARTIARTL,20190704,09:32,354.50,355.05,354.45,355.05,9744,0
BHARTIARTL,20190704,09:33,354.95,355.05,354.70,354.75,7530,0
BHARTIARTL,20190704,09:34,354.85,355.20,354.65,355.15,20704,0
BHARTIARTL,20190704,09:35,355.25,355.25,354.55,354.95,11977,0
BHARTIARTL,20190704,09:36,354.85,355.00,354.85,354.90,5178,0
BHARTIARTL,20190704,09:37,355.00,355.00,354.40,354.40,8254,0
BHARTIARTL,20190704,09:38,354.60,355.30,354.40,355.30,20944,0
BHARTIARTL,20190704,09:39,355.20,356.75,355.20,355.25,88228,0
BHARTIARTL,20190704,09:40,355.20,355.70,354.75,354.75,31774,0
BHARTIARTL,20190704,09:41,354.70,355.50,354.70,355.45,9365,0
BHARTIARTL,20190704,09:42,355.50,355.50,354.80,354.80,13094,0
BHARTIARTL,20190704,09:43,354.75,355.10,354.75,355.00,7076,0
BHARTIARTL,20190704,09:44,354.90,355.65,354.90,355.65,11165,0
BHARTIARTL,20190704,09:45,355.70,355.70,355.00,355.45,11549,0
BHARTIARTL,20190704,09:46,355.30,356.25,355.05,356.10,35827,0
BHARTIARTL,20190704,09:47,356.40,356.40,356.00,356.20,19053,0
BHARTIARTL,20190704,09:48,356.10,357.20,356.00,356.85,44140,0
BHARTIARTL,20190704,09:49,356.85,357.60,356.50,356.85,50826,0
BHARTIARTL,20190704,09:50,357.10,357.75,356.85,357.35,48395,0
BHARTIARTL,20190704,09:51,357.35,357.60,357.15,357.30,38678,0
BHARTIARTL,20190704,09:52,357.65,357.75,357.55,357.70,11880,0
BHARTIARTL,20190704,09:53,357.70,357.70,357.00,357.05,24202,0
BHARTIARTL,20190704,09:54,357.05,357.25,357.00,357.10,12615,0
BHARTIARTL,20190704,09:55,357.20,357.50,356.85,357.40,12866,0
BHARTIARTL,20190704,09:56,357.45,357.45,357.10,357.40,5029,0
BHARTIARTL,20190704,09:57,357.15,358.25,357.15,358.00,44587,0
BHARTIARTL,20190704,09:58,358.00,358.80,358.00,358.70,28772,0
BHARTIARTL,20190704,09:59,358.65,359.80,358.65,359.10,48474,0
BHARTIARTL,20190704,10:00,359.25,359.60,358.90,359.00,19482,0
BHARTIARTL,20190704,10:01,358.95,359.50,358.85,359.30,28255,0
BHARTIARTL,20190704,10:02,359.40,359.50,358.65,358.85,13095,0
BHARTIARTL,20190704,10:03,358.90,359.50,358.90,359.30,24069,0
BHARTIARTL,20190704,10:04,359.10,360.30,359.10,359.95,62183,0
BHARTIARTL,20190704,10:05,360.00,360.20,359.60,359.60,21865,0
BHARTIARTL,20190704,10:06,359.95,359.95,359.60,359.75,12321,0
BHARTIARTL,20190704,10:07,359.75,360.05,359.40,360.05,27834,0
BHARTIARTL,20190704,10:08,360.20,360.45,360.00,360.25,21760,0
BHARTIARTL,20190704,10:09,360.25,360.60,359.90,360.25,37559,0
BHARTIARTL,20190704,10:10,360.20,360.20,360.00,360.00,10889,0
BHARTIARTL,20190704,10:11,359.90,360.00,359.15,359.35,20131,0
BHARTIARTL,20190704,10:12,359.35,359.55,359.15,359.30,10892,0
BHARTIARTL,20190704,10:13,359.30,359.55,359.25,359.40,8928,0
BHARTIARTL,20190704,10:14,359.45,359.75,359.40,359.75,8960,0
BHARTIARTL,20190704,10:15,359.75,360.20,359.65,359.95,16089,0
BHARTIARTL,20190704,10:16,360.00,360.00,358.70,359.25,51438,0
BHARTIARTL,20190704,10:17,359.35,359.75,359.25,359.75,38800,0
BHARTIARTL,20190704,10:18,359.75,360.05,359.70,359.95,22068,0
BHARTIARTL,20190704,10:19,359.75,360.00,359.45,359.70,13193,0
BHARTIARTL,20190704,10:20,359.75,360.25,359.75,360.05,17682,0
BHARTIARTL,20190704,10:21,360.20,360.20,359.50,360.00,18363,0
BHARTIARTL,20190704,10:22,359.75,360.30,359.70,360.25,9459,0
BHARTIARTL,20190704,10:23,360.25,360.30,360.00,360.00,7751,0
BHARTIARTL,20190704,10:24,360.05,361.50,360.05,360.95,58749,0
BHARTIARTL,20190704,10:25,360.95,360.95,360.75,360.80,8888,0
BHARTIARTL,20190704,10:26,360.85,361.25,360.80,360.85,27945,0
BHARTIARTL,20190704,10:27,360.75,360.95,360.15,360.65,16028,0
BHARTIARTL,20190704,10:28,360.65,360.95,360.60,360.95,15401,0
BHARTIARTL,20190704,10:29,361.00,361.00,360.65,361.00,25207,0
BHARTIARTL,20190704,10:30,360.95,361.10,360.20,360.60,33555,0
BHARTIARTL,20190704,10:31,360.55,360.70,360.20,360.25,9447,0
BHARTIARTL,20190704,10:32,360.25,360.45,360.25,360.35,5877,0
BHARTIARTL,20190704,10:33,360.35,360.90,360.35,360.80,5686,0
BHARTIARTL,20190704,10:34,360.85,361.00,360.75,361.00,9922,0
BHARTIARTL,20190704,10:35,360.95,361.15,360.80,361.15,16278,0
BHARTIARTL,20190704,10:36,361.10,361.90,361.10,361.55,50300,0
BHARTIARTL,20190704,10:37,361.65,361.70,361.25,361.40,12864,0
BHARTIARTL,20190704,10:38,361.45,361.65,361.20,361.60,13304,0
BHARTIARTL,20190704,10:39,361.60,362.00,361.45,361.85,27190,0
BHARTIARTL,20190704,10:40,361.80,362.50,361.70,361.85,71051,0
BHARTIARTL,20190704,10:41,362.05,362.15,361.80,361.90,16082,0
BHARTIARTL,20190704,10:42,361.90,362.40,361.85,362.30,25300,0
BHARTIARTL,20190704,10:43,362.30,362.50,362.15,362.25,19300,0
BHARTIARTL,20190704,10:44,362.20,362.30,361.85,361.95,36934,0
BHARTIARTL,20190704,10:45,361.95,362.50,361.95,362.20,21012,0
BHARTIARTL,20190704,10:46,362.20,362.35,362.10,362.25,11750,0
BHARTIARTL,20190704,10:47,362.25,362.25,361.90,361.95,12508,0
BHARTIARTL,20190704,10:48,362.00,362.15,361.90,362.10,10282,0
BHARTIARTL,20190704,10:49,362.10,362.25,361.90,362.05,11092,0
BHARTIARTL,20190704,10:50,362.05,362.20,361.90,362.15,8315,0
BHARTIARTL,20190704,10:51,362.10,362.20,361.90,362.05,8207,0
BHARTIARTL,20190704,10:52,362.10,362.35,362.05,362.35,25854,0
BHARTIARTL,20190704,10:53,362.30,362.40,362.10,362.20,10886,0
BHARTIARTL,20190704,10:54,362.20,362.50,362.15,362.50,22302,0
BHARTIARTL,20190704,10:55,362.35,362.50,362.10,362.40,13197,0
BHARTIARTL,20190704,10:56,362.40,362.70,362.30,362.45,23172,0
BHARTIARTL,20190704,10:57,362.45,362.90,362.40,362.60,21634,0
BHARTIARTL,20190704,10:58,362.55,362.70,362.20,362.60,10574,0
BHARTIARTL,20190704,10:59,362.60,362.60,362.00,362.55,610114,0
BHARTIARTL,20190704,11:00,362.55,363.70,362.50,363.10,66775,0
BHARTIARTL,20190704,11:01,363.15,364.00,363.15,363.55,63817,0
BHARTIARTL,20190704,11:02,363.65,364.10,363.55,364.10,55122,0
BHARTIARTL,20190704,11:03,364.05,364.80,363.90,364.20,75087,0
BHARTIARTL,20190704,11:04,364.45,365.00,364.25,364.40,56998,0
BHARTIARTL,20190704,11:05,364.40,364.95,364.40,364.70,46697,0
BHARTIARTL,20190704,11:06,364.55,364.70,363.90,363.90,41047,0
BHARTIARTL,20190704,11:07,363.90,364.25,363.70,363.75,26728,0
BHARTIARTL,20190704,11:08,363.75,363.95,363.40,363.50,45752,0
BHARTIARTL,20190704,11:09,363.45,364.00,363.35,363.50,82910,0
BHARTIARTL,20190704,11:10,363.70,363.70,363.30,363.50,22055,0
BHARTIARTL,20190704,11:11,363.50,363.60,363.10,363.45,30367,0
BHARTIARTL,20190704,11:12,363.55,363.55,363.40,363.50,11484,0
BHARTIARTL,20190704,11:13,363.50,363.50,363.30,363.50,10452,0
BHARTIARTL,20190704,11:14,363.50,363.50,363.40,363.50,6344,0
BHARTIARTL,20190704,11:15,363.45,363.50,363.40,363.50,7199,0
BHARTIARTL,20190704,11:16,363.50,363.50,363.10,363.10,13812,0
BHARTIARTL,20190704,11:17,363.10,363.20,362.70,363.00,32051,0
BHARTIARTL,20190704,11:18,363.00,363.00,362.75,362.95,14883,0
BHARTIARTL,20190704,11:19,362.90,363.40,362.85,363.20,22857,0
BHARTIARTL,20190704,11:20,363.10,363.35,363.10,363.25,9080,0
BHARTIARTL,20190704,11:21,363.20,363.90,363.20,363.90,14011,0
BHARTIARTL,20190704,11:22,364.00,364.00,363.50,363.55,21747,0
BHARTIARTL,20190704,11:23,363.55,363.80,363.50,363.75,13625,0
BHARTIARTL,20190704,11:24,363.65,364.00,363.65,363.75,12341,0
BHARTIARTL,20190704,11:25,363.80,364.00,363.70,363.80,46459,0
BHARTIARTL,20190704,11:26,363.85,363.95,363.70,363.80,8948,0
BHARTIARTL,20190704,11:27,363.75,364.00,363.75,363.95,9751,0
BHARTIARTL,20190704,11:28,363.95,363.95,363.75,363.90,7926,0
BHARTIARTL,20190704,11:29,363.90,364.00,363.90,363.95,6349,0
BHARTIARTL,20190704,11:30,363.90,364.00,363.30,363.50,28945,0
BHARTIARTL,20190704,11:31,363.50,363.60,363.10,363.35,17476,0
BHARTIARTL,20190704,11:32,363.10,363.25,362.90,363.10,35291,0
BHARTIARTL,20190704,11:33,363.15,363.15,362.85,362.95,14445,0
BHARTIARTL,20190704,11:34,363.00,363.00,362.35,362.60,64669,0
BHARTIARTL,20190704,11:35,362.65,363.00,362.50,362.80,17190,0
BHARTIARTL,20190704,11:36,362.80,362.90,362.70,362.85,11295,0
BHARTIARTL,20190704,11:37,362.90,362.95,362.65,362.80,32654,0
BHARTIARTL,20190704,11:38,362.80,362.90,362.55,362.70,16598,0
BHARTIARTL,20190704,11:39,362.80,362.90,362.60,362.75,10903,0
BHARTIARTL,20190704,11:40,362.80,363.00,362.70,363.00,27374,0
BHARTIARTL,20190704,11:41,363.00,363.00,362.70,362.90,11837,0
BHARTIARTL,20190704,11:42,363.00,363.00,362.90,363.00,10853,0
BHARTIARTL,20190704,11:43,363.00,363.05,362.70,362.75,27702,0
BHARTIARTL,20190704,11:44,362.75,362.95,362.70,362.95,11056,0
BHARTIARTL,20190704,11:45,362.95,363.00,362.80,363.00,8968,0
BHARTIARTL,20190704,11:46,363.00,363.00,362.85,362.90,10829,0
BHARTIARTL,20190704,11:47,362.85,363.00,362.75,362.75,10250,0
BHARTIARTL,20190704,11:48,362.80,363.00,362.70,362.90,13266,0
BHARTIARTL,20190704,11:49,362.90,363.00,362.80,362.95,16931,0
BHARTIARTL,20190704,11:50,362.95,362.95,362.60,362.75,15690,0
BHARTIARTL,20190704,11:51,362.65,362.80,362.60,362.65,11014,0
BHARTIARTL,20190704,11:52,362.70,362.95,362.50,362.60,27396,0
BHARTIARTL,20190704,11:53,362.60,362.60,362.50,362.50,16570,0
BHARTIARTL,20190704,11:54,362.55,362.80,362.40,362.40,25132,0
BHARTIARTL,20190704,11:55,362.45,362.45,362.10,362.20,21002,0
BHARTIARTL,20190704,11:56,362.25,362.45,362.10,362.40,13514,0
BHARTIARTL,20190704,11:57,362.45,362.70,362.30,362.55,12038,0
BHARTIARTL,20190704,11:58,362.70,362.80,362.45,362.80,9546,0
BHARTIARTL,20190704,11:59,362.65,362.80,362.60,362.65,6797,0
BHARTIARTL,20190704,12:00,362.75,362.80,362.50,362.60,35997,0
BHARTIARTL,20190704,12:01,362.60,362.85,362.35,362.80,32943,0
BHARTIARTL,20190704,12:02,362.75,363.00,362.65,363.00,23457,0
BHARTIARTL,20190704,12:03,363.00,363.00,362.90,363.00,15828,0
BHARTIARTL,20190704,12:04,363.00,363.00,362.80,362.95,9057,0
BHARTIARTL,20190704,12:05,362.95,363.00,362.85,362.90,8118,0
BHARTIARTL,20190704,12:06,362.90,362.90,362.70,362.85,7484,0
BHARTIARTL,20190704,12:07,362.80,362.90,362.70,362.90,9712,0
BHARTIARTL,20190704,12:08,362.90,363.00,362.70,363.00,10847,0
BHARTIARTL,20190704,12:09,363.00,363.00,362.80,362.95,7205,0
BHARTIARTL,20190704,12:10,362.95,363.00,362.75,362.90,10590,0
BHARTIARTL,20190704,12:11,362.90,362.95,362.80,362.95,5802,0
BHARTIARTL,20190704,12:12,362.85,363.00,362.80,363.00,6630,0
BHARTIARTL,20190704,12:13,362.85,363.00,362.85,363.00,9354,0
BHARTIARTL,20190704,12:14,362.95,363.00,362.85,363.00,6601,0
BHARTIARTL,20190704,12:15,363.00,363.00,362.40,362.70,16147,0
BHARTIARTL,20190704,12:16,362.70,362.90,362.55,362.80,7918,0
BHARTIARTL,20190704,12:17,362.90,362.95,362.70,362.85,6667,0
BHARTIARTL,20190704,12:18,362.75,363.00,362.75,362.90,4909,0
BHARTIARTL,20190704,12:19,362.90,363.00,362.70,362.75,10945,0
BHARTIARTL,20190704,12:20,362.90,363.00,362.80,362.95,6124,0
BHARTIARTL,20190704,12:21,362.90,362.95,362.75,362.75,9098,0
BHARTIARTL,20190704,12:22,362.90,362.95,362.75,362.90,5641,0
BHARTIARTL,20190704,12:23,362.90,362.90,362.50,362.60,134765,0
BHARTIARTL,20190704,12:24,362.60,362.75,362.50,362.75,72240,0
BHARTIARTL,20190704,12:25,362.60,362.75,362.55,362.55,5847,0
BHARTIARTL,20190704,12:26,362.65,362.70,362.15,362.40,18205,0
BHARTIARTL,20190704,12:27,362.20,362.50,362.00,362.20,22819,0
BHARTIARTL,20190704,12:28,362.20,362.20,361.65,362.00,68073,0
BHARTIARTL,20190704,12:29,361.95,362.00,361.75,361.90,13634,0
BHARTIARTL,20190704,12:30,361.85,362.00,361.60,361.85,15428,0
BHARTIARTL,20190704,12:31,361.85,362.05,361.20,361.30,58212,0
BHARTIARTL,20190704,12:32,361.30,361.30,360.60,360.75,100100,0
BHARTIARTL,20190704,12:33,360.90,361.75,360.75,361.70,51644,0
BHARTIARTL,20190704,12:34,361.75,361.75,361.25,361.60,20024,0
BHARTIARTL,20190704,12:35,361.60,361.60,361.25,361.45,9360,0
BHARTIARTL,20190704,12:36,361.50,362.00,361.50,361.85,13687,0
BHARTIARTL,20190704,12:37,361.75,362.25,361.75,361.80,15622,0
BHARTIARTL,20190704,12:38,361.80,361.80,361.55,361.65,7882,0
BHARTIARTL,20190704,12:39,361.55,361.75,361.55,361.70,9956,0
BHARTIARTL,20190704,12:40,361.70,361.85,361.65,361.75,5381,0
BHARTIARTL,20190704,12:41,361.75,361.75,361.20,361.70,28045,0
BHARTIARTL,20190704,12:42,361.65,361.85,361.40,361.85,10052,0
BHARTIARTL,20190704,12:43,361.85,362.10,361.55,361.55,20470,0
BHARTIARTL,20190704,12:44,361.65,362.00,361.55,362.00,4454,0
BHARTIARTL,20190704,12:45,361.95,362.00,361.55,361.80,20901,0
BHARTIARTL,20190704,12:46,361.80,361.80,361.40,361.60,9206,0
BHARTIARTL,20190704,12:47,361.75,362.00,361.40,361.65,28200,0
BHARTIARTL,20190704,12:48,361.65,361.70,361.50,361.50,7486,0
BHARTIARTL,20190704,12:49,361.60,361.75,361.05,361.70,14098,0
BHARTIARTL,20190704,12:50,361.70,362.00,361.45,361.80,127784,0
BHARTIARTL,20190704,12:51,361.75,361.80,361.50,361.80,6124,0
BHARTIARTL,20190704,12:52,361.80,362.10,361.80,361.90,8506,0
BHARTIARTL,20190704,12:53,361.85,362.00,361.85,361.90,5665,0
BHARTIARTL,20190704,12:54,361.95,362.25,361.90,362.10,13616,0
BHARTIARTL,20190704,12:55,362.15,362.30,362.00,362.20,9218,0
BHARTIARTL,20190704,12:56,362.30,362.40,362.20,362.25,10272,0
BHARTIARTL,20190704,12:57,362.25,362.35,362.15,362.20,8442,0
BHARTIARTL,20190704,12:58,362.20,362.25,362.10,362.25,4277,0
BHARTIARTL,20190704,12:59,362.25,362.50,362.10,362.40,12161,0
BHARTIARTL,20190704,13:00,362.40,362.40,362.15,362.30,6672,0
BHARTIARTL,20190704,13:01,362.40,362.40,362.20,362.25,4957,0
BHARTIARTL,20190704,13:02,362.25,362.30,362.05,362.15,5968,0
BHARTIARTL,20190704,13:03,362.15,362.25,362.00,362.20,11502,0
BHARTIARTL,20190704,13:04,362.15,362.20,362.00,362.05,10499,0
BHARTIARTL,20190704,13:05,362.10,362.30,361.50,361.85,10655,0
BHARTIARTL,20190704,13:06,361.95,362.20,361.90,362.15,13778,0
BHARTIARTL,20190704,13:07,362.00,362.15,361.85,362.15,5539,0
BHARTIARTL,20190704,13:08,362.15,362.25,362.00,362.05,9370,0
BHARTIARTL,20190704,13:09,362.10,362.20,361.80,362.10,11507,0
BHARTIARTL,20190704,13:10,362.10,362.10,361.80,361.90,5790,0
BHARTIARTL,20190704,13:11,361.85,361.90,361.75,361.90,7020,0
BHARTIARTL,20190704,13:12,361.90,362.10,361.90,362.05,5048,0
BHARTIARTL,20190704,13:13,362.05,362.15,361.75,361.80,5225,0
BHARTIARTL,20190704,13:14,361.95,362.05,361.75,361.95,5438,0
BHARTIARTL,20190704,13:15,361.95,362.10,361.85,362.10,9832,0
BHARTIARTL,20190704,13:16,362.10,362.15,362.05,362.10,6446,0
BHARTIARTL,20190704,13:17,362.10,362.20,362.00,362.20,10447,0
BHARTIARTL,20190704,13:18,362.25,362.25,362.00,362.00,6119,0
BHARTIARTL,20190704,13:19,362.20,362.20,362.05,362.20,2795,0
BHARTIARTL,20190704,13:20,362.20,362.20,362.00,362.20,12326,0
BHARTIARTL,20190704,13:21,362.20,362.20,362.05,362.20,5237,0
BHARTIARTL,20190704,13:22,362.20,362.25,362.10,362.15,7294,0
BHARTIARTL,20190704,13:23,362.25,362.25,362.10,362.25,4376,0
BHARTIARTL,20190704,13:24,362.25,362.25,361.75,361.90,6866,0
BHARTIARTL,20190704,13:25,361.90,362.10,361.85,362.10,3898,0
BHARTIARTL,20190704,13:26,362.10,362.20,361.80,362.10,4009,0
BHARTIARTL,20190704,13:27,362.10,362.10,361.90,362.00,3095,0
BHARTIARTL,20190704,13:28,362.00,362.00,361.80,362.00,5483,0
BHARTIARTL,20190704,13:29,362.00,362.00,361.75,361.90,5139,0
BHARTIARTL,20190704,13:30,361.90,361.90,361.70,361.75,10497,0
BHARTIARTL,20190704,13:31,361.75,361.95,361.65,361.95,8367,0
BHARTIARTL,20190704,13:32,361.95,362.15,361.85,362.15,12746,0
BHARTIARTL,20190704,13:33,362.15,362.20,362.15,362.20,6225,0
BHARTIARTL,20190704,13:34,362.20,362.25,361.95,362.20,5774,0
BHARTIARTL,20190704,13:35,362.20,362.25,362.05,362.20,4461,0
BHARTIARTL,20190704,13:36,362.10,362.20,362.05,362.20,4414,0
BHARTIARTL,20190704,13:37,362.20,362.20,362.05,362.20,4091,0
BHARTIARTL,20190704,13:38,362.20,362.20,361.80,362.20,4846,0
BHARTIARTL,20190704,13:39,362.20,362.20,362.15,362.20,5367,0
BHARTIARTL,20190704,13:40,362.15,362.20,362.00,362.20,5754,0
BHARTIARTL,20190704,13:41,362.20,362.20,362.00,362.00,5035,0
BHARTIARTL,20190704,13:42,362.10,362.20,361.75,362.05,26548,0
BHARTIARTL,20190704,13:43,362.00,362.20,362.00,362.20,7981,0
BHARTIARTL,20190704,13:44,362.20,362.40,362.15,362.40,4552,0
BHARTIARTL,20190704,13:45,362.45,362.70,362.05,362.20,26859,0
BHARTIARTL,20190704,13:46,362.30,362.55,362.20,362.55,6496,0
BHARTIARTL,20190704,13:47,362.45,362.55,362.35,362.55,7133,0
BHARTIARTL,20190704,13:48,362.55,362.65,362.20,362.40,21699,0
BHARTIARTL,20190704,13:49,362.50,362.50,362.20,362.35,11010,0
BHARTIARTL,20190704,13:50,362.35,362.60,362.35,362.55,5575,0
BHARTIARTL,20190704,13:51,362.55,362.55,362.40,362.50,5328,0
BHARTIARTL,20190704,13:52,362.50,362.70,362.40,362.70,14301,0
BHARTIARTL,20190704,13:53,362.60,362.95,362.60,362.90,17838,0
BHARTIARTL,20190704,13:54,362.85,363.00,362.70,363.00,47307,0
BHARTIARTL,20190704,13:55,362.95,363.00,362.75,363.00,20893,0
BHARTIARTL,20190704,13:56,362.95,362.95,362.10,362.50,28421,0
BHARTIARTL,20190704,13:57,362.50,362.50,361.90,362.35,34376,0
BHARTIARTL,20190704,13:58,362.30,362.45,362.10,362.35,15872,0
BHARTIARTL,20190704,13:59,362.40,362.50,362.35,362.40,16375,0
BHARTIARTL,20190704,14:00,362.40,362.50,362.25,362.25,11185,0
BHARTIARTL,20190704,14:01,362.30,362.50,361.95,362.05,23930,0
BHARTIARTL,20190704,14:02,362.05,362.20,362.00,362.10,14666,0
BHARTIARTL,20190704,14:03,362.10,362.20,362.10,362.20,7338,0
BHARTIARTL,20190704,14:04,362.15,362.20,362.05,362.15,7124,0
BHARTIARTL,20190704,14:05,362.20,362.30,362.00,362.00,16605,0
BHARTIARTL,20190704,14:06,362.10,362.20,361.95,362.15,63979,0
BHARTIARTL,20190704,14:07,362.15,362.20,362.10,362.20,6667,0
BHARTIARTL,20190704,14:08,362.20,362.20,362.00,362.10,12484,0
BHARTIARTL,20190704,14:09,362.10,362.20,362.00,362.20,9168,0
BHARTIARTL,20190704,14:10,362.20,362.20,362.10,362.15,7260,0
BHARTIARTL,20190704,14:11,362.15,362.20,362.05,362.10,7271,0
BHARTIARTL,20190704,14:12,362.15,362.20,362.10,362.20,6522,0
BHARTIARTL,20190704,14:13,362.15,362.20,362.15,362.15,6175,0
BHARTIARTL,20190704,14:14,362.20,362.20,361.90,362.15,70839,0
BHARTIARTL,20190704,14:15,362.15,362.20,362.00,362.05,10899,0
BHARTIARTL,20190704,14:16,362.10,362.20,362.05,362.15,8298,0
BHARTIARTL,20190704,14:17,362.15,362.20,362.00,362.00,44301,0
BHARTIARTL,20190704,14:18,362.00,362.20,362.00,362.15,65013,0
BHARTIARTL,20190704,14:19,362.15,362.20,362.00,362.20,12264,0
BHARTIARTL,20190704,14:20,362.20,362.20,362.05,362.20,8933,0
BHARTIARTL,20190704,14:21,362.20,362.20,362.00,362.20,8372,0
BHARTIARTL,20190704,14:22,362.20,362.20,362.05,362.05,8578,0
BHARTIARTL,20190704,14:23,362.35,362.90,362.25,362.80,15296,0
BHARTIARTL,20190704,14:24,362.85,362.90,362.50,362.85,14781,0
BHARTIARTL,20190704,14:25,362.80,363.05,362.80,362.90,34695,0
BHARTIARTL,20190704,14:26,362.95,363.00,362.75,363.00,23298,0
BHARTIARTL,20190704,14:27,363.00,363.00,362.70,363.00,10800,0
BHARTIARTL,20190704,14:28,363.00,363.00,362.75,362.90,14931,0
BHARTIARTL,20190704,14:29,363.00,363.00,362.40,362.50,155146,0
BHARTIARTL,20190704,14:30,362.40,362.85,362.40,362.80,13886,0
BHARTIARTL,20190704,14:31,362.85,362.95,362.60,362.85,11998,0
BHARTIARTL,20190704,14:32,362.90,363.00,362.60,362.65,15950,0
BHARTIARTL,20190704,14:33,362.85,362.95,362.75,362.95,14137,0
BHARTIARTL,20190704,14:34,362.95,363.00,362.85,362.90,8184,0
BHARTIARTL,20190704,14:35,362.90,362.90,362.50,362.55,19340,0
BHARTIARTL,20190704,14:36,362.65,362.70,362.50,362.65,11625,0
BHARTIARTL,20190704,14:37,362.75,362.95,362.55,362.95,11013,0
BHARTIARTL,20190704,14:38,362.85,362.95,362.65,362.95,10765,0
BHARTIARTL,20190704,14:39,362.95,363.00,362.90,363.00,11441,0
BHARTIARTL,20190704,14:40,363.00,363.00,362.90,363.00,13014,0
BHARTIARTL,20190704,14:41,363.00,363.00,362.95,363.00,9188,0
BHARTIARTL,20190704,14:42,363.00,363.00,362.95,363.00,11072,0
BHARTIARTL,20190704,14:43,363.00,363.00,362.75,362.75,16182,0
BHARTIARTL,20190704,14:44,362.85,363.00,362.75,362.90,12414,0
BHARTIARTL,20190704,14:45,362.90,363.00,362.80,362.90,9397,0
BHARTIARTL,20190704,14:46,362.90,362.90,362.40,362.40,38696,0
BHARTIARTL,20190704,14:47,362.30,362.30,361.65,362.00,54689,0
BHARTIARTL,20190704,14:48,362.00,362.10,361.75,361.95,16986,0
BHARTIARTL,20190704,14:49,362.00,362.25,361.95,362.25,10852,0
BHARTIARTL,20190704,14:50,362.20,362.50,361.90,362.00,18028,0
BHARTIARTL,20190704,14:51,362.00,362.35,362.00,362.25,12172,0
BHARTIARTL,20190704,14:52,362.35,362.35,362.20,362.25,16775,0
BHARTIARTL,20190704,14:53,362.25,362.35,362.00,362.35,29774,0
BHARTIARTL,20190704,14:54,362.35,362.35,362.05,362.30,12123,0
BHARTIARTL,20190704,14:55,362.30,362.95,362.30,362.90,30577,0
BHARTIARTL,20190704,14:56,362.95,362.95,362.75,362.85,23675,0
BHARTIARTL,20190704,14:57,362.85,362.95,362.60,362.95,20510,0
BHARTIARTL,20190704,14:58,363.00,363.00,362.75,362.95,20567,0
BHARTIARTL,20190704,14:59,362.95,363.00,362.80,363.00,59110,0
BHARTIARTL,20190704,15:00,363.00,363.00,362.60,362.90,32899,0
BHARTIARTL,20190704,15:01,362.90,363.00,362.90,362.95,22768,0
BHARTIARTL,20190704,15:02,363.00,363.00,362.95,363.00,23923,0
BHARTIARTL,20190704,15:03,363.00,363.00,362.55,362.60,35652,0
BHARTIARTL,20190704,15:04,362.70,362.90,362.60,362.75,22513,0
BHARTIARTL,20190704,15:05,362.75,362.90,362.70,362.85,14868,0
BHARTIARTL,20190704,15:06,362.80,362.90,362.70,362.75,23840,0
BHARTIARTL,20190704,15:07,362.75,362.80,362.70,362.75,15299,0
BHARTIARTL,20190704,15:08,362.70,363.00,362.20,362.25,61988,0
BHARTIARTL,20190704,15:09,362.20,362.55,362.20,362.50,20247,0
BHARTIARTL,20190704,15:10,362.55,362.70,362.30,362.65,16774,0
BHARTIARTL,20190704,15:11,362.65,363.00,362.50,362.95,59497,0
BHARTIARTL,20190704,15:12,362.95,363.00,362.75,362.80,125174,0
BHARTIARTL,20190704,15:13,362.60,362.85,362.40,362.65,50350,0
BHARTIARTL,20190704,15:14,362.75,362.90,362.55,362.85,29483,0
BHARTIARTL,20190704,15:15,362.90,362.95,362.60,362.75,27681,0
BHARTIARTL,20190704,15:16,362.85,362.95,362.70,362.90,56823,0
BHARTIARTL,20190704,15:17,362.95,363.00,362.55,363.00,131644,0
BHARTIARTL,20190704,15:18,362.90,363.00,362.90,362.90,25756,0
BHARTIARTL,20190704,15:19,362.95,362.95,362.55,362.80,79633,0
BHARTIARTL,20190704,15:20,362.95,362.95,362.70,362.85,17415,0
BHARTIARTL,20190704,15:21,362.85,362.85,362.60,362.75,18485,0
BHARTIARTL,20190704,15:22,362.80,362.85,362.30,362.40,54157,0
BHARTIARTL,20190704,15:23,362.25,362.60,361.75,362.60,34707,0
BHARTIARTL,20190704,15:24,362.15,362.50,361.80,361.90,25095,0
BHARTIARTL,20190704,15:25,361.90,361.95,361.80,361.80,11976,0
BHARTIARTL,20190704,15:26,361.85,362.45,361.75,362.20,12306,0
BHARTIARTL,20190704,15:27,362.15,362.30,362.10,362.30,6096,0
BHARTIARTL,20190704,15:28,362.25,362.60,362.25,362.60,12961,0
BHARTIARTL,20190704,15:29,362.60,362.65,362.20,362.20,14307,0
BHARTIARTL,20190704,15:30,362.30,362.65,362.00,362.10,11131,0
BHARTIARTL,20190704,15:33,362.75,362.75,362.75,362.75,0,0
BHARTIARTL,20190704,15:41,362.75,362.75,362.75,362.75,17,0
BHARTIARTL,20190704,16:38,362.75,362.75,362.75,362.75,0,0
