ICICIBANK_F1,20210616,09:16,646.25,646.95,643.50,644.15,352000,64710248
ICICIBANK_F1,20210616,09:17,644.20,644.20,643.70,643.70,279125,64710248
ICICIBANK_F1,20210616,09:18,643.70,644.25,643.70,643.95,93500,64879376
ICICIBANK_F1,20210616,09:19,643.90,644.45,643.90,644.30,122375,64879376
ICICIBANK_F1,20210616,09:20,644.25,645.00,644.25,644.75,196625,64879376
ICICIBANK_F1,20210616,09:21,644.65,645.00,644.15,644.65,78375,64928876
ICICIBANK_F1,20210616,09:22,644.95,645.05,644.15,644.25,108625,64928876
ICICIBANK_F1,20210616,09:23,644.40,645.00,644.25,644.70,77000,64928876
ICICIBANK_F1,20210616,09:24,644.95,646.45,644.95,646.15,111375,64937124
ICICIBANK_F1,20210616,09:25,646.30,647.50,645.95,647.25,151250,64937124
ICICIBANK_F1,20210616,09:26,647.25,647.90,647.00,647.45,213125,64937124
ICICIBANK_F1,20210616,09:27,647.35,647.75,647.15,647.40,189750,64920624
ICICIBANK_F1,20210616,09:28,647.50,647.50,646.70,647.00,97625,64920624
ICICIBANK_F1,20210616,09:29,647.15,647.55,646.85,647.15,86625,64920624
ICICIBANK_F1,20210616,09:30,647.35,647.85,647.30,647.50,145750,64955000
ICICIBANK_F1,20210616,09:31,647.50,648.70,647.40,648.60,151250,64955000
ICICIBANK_F1,20210616,09:32,648.50,649.00,648.30,648.70,213125,64955000
ICICIBANK_F1,20210616,09:33,648.80,649.10,648.40,648.45,222750,64906876
ICICIBANK_F1,20210616,09:34,648.35,649.70,648.35,649.55,152625,64906876
ICICIBANK_F1,20210616,09:35,649.65,650.20,649.60,649.80,330000,64906876
ICICIBANK_F1,20210616,09:36,649.75,650.05,649.55,649.80,148500,64681376
ICICIBANK_F1,20210616,09:37,649.80,650.00,649.30,649.30,167750,64681376
ICICIBANK_F1,20210616,09:38,649.35,649.45,648.75,648.90,94875,64681376
ICICIBANK_F1,20210616,09:39,648.85,649.05,648.65,648.65,64625,64717124
ICICIBANK_F1,20210616,09:40,649.00,649.00,648.30,648.45,57750,64717124
ICICIBANK_F1,20210616,09:41,648.30,648.45,648.20,648.40,70125,64717124
ICICIBANK_F1,20210616,09:42,648.40,648.45,648.00,648.05,86625,64688248
ICICIBANK_F1,20210616,09:43,648.05,648.50,647.85,647.85,70125,64688248
ICICIBANK_F1,20210616,09:44,648.00,648.15,647.60,647.75,74250,64688248
ICICIBANK_F1,20210616,09:45,647.75,647.95,647.65,647.65,56375,64729500
ICICIBANK_F1,20210616,09:46,647.85,648.40,647.75,647.85,63250,64729500
ICICIBANK_F1,20210616,09:47,647.95,648.05,646.80,646.90,100375,64729500
ICICIBANK_F1,20210616,09:48,646.90,646.90,646.15,646.15,103125,64664876
ICICIBANK_F1,20210616,09:49,646.40,646.65,646.00,646.45,111375,64664876
ICICIBANK_F1,20210616,09:50,646.50,647.45,646.50,646.55,88000,64664876
ICICIBANK_F1,20210616,09:51,646.60,647.20,646.40,647.15,77000,64647000
ICICIBANK_F1,20210616,09:52,647.05,647.55,647.05,647.25,38500,64647000
ICICIBANK_F1,20210616,09:53,647.20,647.30,646.80,646.80,24750,64647000
ICICIBANK_F1,20210616,09:54,646.70,647.40,646.65,647.05,44000,64587876
ICICIBANK_F1,20210616,09:55,647.00,647.25,646.95,647.10,27500,64587876
ICICIBANK_F1,20210616,09:56,647.00,647.05,646.50,646.55,77000,64587876
ICICIBANK_F1,20210616,09:57,646.30,646.55,646.20,646.30,59125,64612624
ICICIBANK_F1,20210616,09:58,646.45,646.45,646.00,646.05,45375,64612624
ICICIBANK_F1,20210616,09:59,646.05,646.50,645.40,646.20,93500,64612624
ICICIBANK_F1,20210616,10:00,646.05,646.05,645.60,645.60,41250,64640124
ICICIBANK_F1,20210616,10:01,645.60,646.40,645.40,646.05,55000,64640124
ICICIBANK_F1,20210616,10:02,646.10,646.10,645.45,645.60,38500,64640124
ICICIBANK_F1,20210616,10:03,645.50,645.95,645.50,645.95,31625,64678624
ICICIBANK_F1,20210616,10:04,645.80,646.15,645.00,645.00,130625,64678624
ICICIBANK_F1,20210616,10:05,645.00,645.25,644.70,645.05,85250,64678624
ICICIBANK_F1,20210616,10:06,644.90,645.55,644.85,645.05,42625,64728124
ICICIBANK_F1,20210616,10:07,644.90,645.00,644.80,644.80,24750,64728124
ICICIBANK_F1,20210616,10:08,644.85,645.00,644.65,644.75,38500,64728124
ICICIBANK_F1,20210616,10:09,644.90,645.25,644.85,645.10,56375,64744624
ICICIBANK_F1,20210616,10:10,644.85,645.05,644.30,644.45,107250,64744624
ICICIBANK_F1,20210616,10:11,644.50,645.00,644.50,644.90,22000,64744624
ICICIBANK_F1,20210616,10:12,644.90,645.05,644.50,644.50,46750,64779000
ICICIBANK_F1,20210616,10:13,644.50,645.25,644.40,645.15,37125,64779000
ICICIBANK_F1,20210616,10:14,645.20,645.90,645.20,645.90,42625,64779000
ICICIBANK_F1,20210616,10:15,645.95,645.95,645.45,645.45,30250,64801000
ICICIBANK_F1,20210616,10:16,645.50,645.50,645.40,645.40,2750,64801000
ICICIBANK_F1,20210616,10:17,645.40,645.70,645.40,645.55,12375,64801000
ICICIBANK_F1,20210616,10:18,645.70,645.80,645.60,645.65,11000,64794124
ICICIBANK_F1,20210616,10:19,645.55,646.05,645.55,646.05,33000,64794124
ICICIBANK_F1,20210616,10:20,646.00,646.00,645.75,645.75,12375,64794124
ICICIBANK_F1,20210616,10:21,645.60,645.60,645.30,645.60,16500,64798248
ICICIBANK_F1,20210616,10:22,645.55,645.55,644.75,644.80,57750,64798248
ICICIBANK_F1,20210616,10:23,644.85,645.00,644.35,644.40,78375,64798248
ICICIBANK_F1,20210616,10:24,644.35,645.35,644.15,645.35,71500,64754248
ICICIBANK_F1,20210616,10:25,645.20,645.65,644.75,644.75,27500,64754248
ICICIBANK_F1,20210616,10:26,644.70,645.20,644.35,645.05,74250,64754248
ICICIBANK_F1,20210616,10:27,644.95,645.35,644.80,645.35,20625,64737752
ICICIBANK_F1,20210616,10:28,645.35,645.55,645.20,645.35,13750,64737752
ICICIBANK_F1,20210616,10:29,645.55,645.55,645.40,645.40,19250,64737752
ICICIBANK_F1,20210616,10:30,645.30,645.30,644.40,644.70,41250,64726752
ICICIBANK_F1,20210616,10:31,644.65,644.80,644.30,644.70,104500,64726752
ICICIBANK_F1,20210616,10:32,644.85,644.85,644.55,644.65,35750,64726752
ICICIBANK_F1,20210616,10:33,644.90,645.45,644.90,645.00,31625,64682752
ICICIBANK_F1,20210616,10:34,645.05,645.45,645.05,645.40,19250,64682752
ICICIBANK_F1,20210616,10:35,645.40,645.45,644.65,645.00,48125,64682752
ICICIBANK_F1,20210616,10:36,644.95,645.30,644.95,645.15,12375,64682752
ICICIBANK_F1,20210616,10:37,645.05,645.05,644.65,644.65,16500,64680000
ICICIBANK_F1,20210616,10:38,644.60,645.10,644.60,645.00,9625,64680000
ICICIBANK_F1,20210616,10:39,644.85,644.85,644.45,644.45,13750,64664876
ICICIBANK_F1,20210616,10:40,644.40,644.55,644.35,644.50,42625,64664876
ICICIBANK_F1,20210616,10:41,644.50,644.50,643.80,643.85,328625,64664876
ICICIBANK_F1,20210616,10:42,643.85,644.55,643.85,644.55,19250,64669000
ICICIBANK_F1,20210616,10:43,644.55,644.65,644.05,644.35,34375,64669000
ICICIBANK_F1,20210616,10:44,644.60,644.75,644.45,644.75,12375,64669000
ICICIBANK_F1,20210616,10:45,644.70,644.70,644.30,644.30,28875,64662124
ICICIBANK_F1,20210616,10:46,644.30,644.70,644.10,644.65,23375,64662124
ICICIBANK_F1,20210616,10:47,644.50,644.55,644.25,644.55,12375,64662124
ICICIBANK_F1,20210616,10:48,644.60,644.60,644.40,644.40,12375,64662124
ICICIBANK_F1,20210616,10:49,644.15,644.15,643.05,643.40,160875,64623624
ICICIBANK_F1,20210616,10:50,643.40,643.50,643.05,643.50,81125,64623624
ICICIBANK_F1,20210616,10:51,643.35,643.35,641.55,642.30,287375,64645624
ICICIBANK_F1,20210616,10:52,641.95,642.00,641.45,642.00,287375,64645624
ICICIBANK_F1,20210616,10:53,641.90,642.35,641.60,642.35,116875,64645624
ICICIBANK_F1,20210616,10:54,642.00,642.25,641.90,642.00,52250,64636000
ICICIBANK_F1,20210616,10:55,641.95,642.60,641.85,641.85,89375,64636000
ICICIBANK_F1,20210616,10:56,641.95,642.30,641.75,641.95,39875,64636000
ICICIBANK_F1,20210616,10:57,641.90,642.60,641.30,642.60,71500,64593376
ICICIBANK_F1,20210616,10:58,642.65,642.65,641.85,642.50,52250,64593376
ICICIBANK_F1,20210616,10:59,642.60,642.75,642.35,642.50,34375,64593376
ICICIBANK_F1,20210616,11:00,642.35,642.40,642.00,642.30,82500,64505376
ICICIBANK_F1,20210616,11:01,642.20,643.00,642.00,643.00,45375,64505376
ICICIBANK_F1,20210616,11:02,642.95,643.15,642.80,643.15,31625,64505376
ICICIBANK_F1,20210616,11:03,643.00,643.05,642.80,642.85,59125,64473752
ICICIBANK_F1,20210616,11:04,642.85,643.20,642.85,643.10,16500,64473752
ICICIBANK_F1,20210616,11:05,643.20,643.60,643.20,643.20,26125,64473752
ICICIBANK_F1,20210616,11:06,643.05,643.45,643.05,643.40,20625,64473752
ICICIBANK_F1,20210616,11:07,643.30,643.45,642.95,643.45,35750,64505376
ICICIBANK_F1,20210616,11:08,643.35,643.50,643.10,643.10,12375,64505376
ICICIBANK_F1,20210616,11:09,643.25,643.30,643.15,643.25,15125,64505376
ICICIBANK_F1,20210616,11:10,643.50,643.50,643.20,643.20,16500,64504000
ICICIBANK_F1,20210616,11:11,643.30,643.30,643.05,643.15,6875,64504000
ICICIBANK_F1,20210616,11:12,643.25,643.25,643.15,643.15,5500,64504000
ICICIBANK_F1,20210616,11:13,643.05,643.25,643.05,643.10,20625,64482000
ICICIBANK_F1,20210616,11:14,643.25,643.40,643.00,643.00,35750,64482000
ICICIBANK_F1,20210616,11:15,642.90,642.90,642.60,642.70,39875,64482000
ICICIBANK_F1,20210616,11:16,642.80,642.95,642.55,642.75,27500,64471000
ICICIBANK_F1,20210616,11:17,642.80,642.80,642.80,642.80,2750,64471000
ICICIBANK_F1,20210616,11:18,642.90,642.90,642.75,642.85,9625,64471000
ICICIBANK_F1,20210616,11:19,642.85,643.05,642.70,642.85,13750,64479248
ICICIBANK_F1,20210616,11:20,642.90,643.15,642.75,643.15,20625,64479248
ICICIBANK_F1,20210616,11:21,643.30,643.55,643.30,643.55,16500,64479248
ICICIBANK_F1,20210616,11:22,643.55,643.55,643.40,643.45,16500,64475124
ICICIBANK_F1,20210616,11:23,643.25,643.25,642.75,642.75,61875,64475124
ICICIBANK_F1,20210616,11:24,642.70,643.25,642.45,643.25,37125,64475124
ICICIBANK_F1,20210616,11:25,643.35,643.50,643.30,643.30,15125,64487500
ICICIBANK_F1,20210616,11:26,643.30,643.55,643.25,643.55,12375,64487500
ICICIBANK_F1,20210616,11:27,643.60,643.65,642.95,642.95,11000,64487500
ICICIBANK_F1,20210616,11:28,642.90,643.05,642.70,643.05,12375,64491624
ICICIBANK_F1,20210616,11:29,643.00,643.10,643.00,643.10,2750,64491624
ICICIBANK_F1,20210616,11:30,643.00,643.15,643.00,643.15,4125,64491624
ICICIBANK_F1,20210616,11:31,643.30,643.65,643.30,643.60,22000,64499876
ICICIBANK_F1,20210616,11:32,643.75,643.85,643.65,643.65,9625,64499876
ICICIBANK_F1,20210616,11:33,643.60,643.65,643.60,643.65,15125,64499876
ICICIBANK_F1,20210616,11:34,643.65,643.95,643.65,643.95,9625,64498500
ICICIBANK_F1,20210616,11:35,643.75,644.00,643.75,644.00,13750,64498500
ICICIBANK_F1,20210616,11:36,643.95,644.00,643.45,643.60,44000,64498500
ICICIBANK_F1,20210616,11:37,643.50,643.65,643.40,643.40,9625,64450376
ICICIBANK_F1,20210616,11:38,643.25,643.80,643.25,643.60,22000,64450376
ICICIBANK_F1,20210616,11:39,643.55,643.55,643.40,643.40,8250,64450376
ICICIBANK_F1,20210616,11:40,643.05,643.20,643.00,643.00,22000,64457248
ICICIBANK_F1,20210616,11:41,642.60,643.20,642.60,643.20,38500,64457248
ICICIBANK_F1,20210616,11:42,643.30,643.30,642.75,642.95,20625,64457248
ICICIBANK_F1,20210616,11:43,642.85,642.95,642.50,642.70,23375,64506752
ICICIBANK_F1,20210616,11:44,642.65,642.65,642.25,642.30,15125,64506752
ICICIBANK_F1,20210616,11:45,642.30,642.45,642.30,642.45,6875,64506752
ICICIBANK_F1,20210616,11:46,642.25,642.65,642.25,642.55,20625,64515000
ICICIBANK_F1,20210616,11:47,642.55,642.55,642.40,642.40,23375,64515000
ICICIBANK_F1,20210616,11:48,642.40,642.55,642.40,642.55,16500,64515000
ICICIBANK_F1,20210616,11:49,642.50,642.70,642.50,642.70,5500,64524624
ICICIBANK_F1,20210616,11:50,642.85,643.10,642.85,643.05,17875,64524624
ICICIBANK_F1,20210616,11:51,642.80,642.95,642.80,642.85,11000,64524624
ICICIBANK_F1,20210616,11:52,642.80,642.80,642.50,642.75,13750,64521876
ICICIBANK_F1,20210616,11:53,642.75,642.85,642.75,642.85,9625,64521876
ICICIBANK_F1,20210616,11:54,643.00,643.00,643.00,643.00,2750,64521876
ICICIBANK_F1,20210616,11:55,642.90,642.90,642.75,642.75,5500,64446248
ICICIBANK_F1,20210616,11:56,642.80,643.00,642.80,643.00,6875,64446248
ICICIBANK_F1,20210616,11:57,642.75,642.80,642.70,642.70,5500,64446248
ICICIBANK_F1,20210616,11:58,643.00,643.10,642.85,643.10,23375,64453124
ICICIBANK_F1,20210616,11:59,643.25,643.25,643.15,643.15,5500,64453124
ICICIBANK_F1,20210616,12:00,643.15,643.15,642.85,642.85,30250,64453124
ICICIBANK_F1,20210616,12:01,643.10,643.10,642.85,643.00,33000,64479248
ICICIBANK_F1,20210616,12:02,642.85,642.85,642.55,642.55,22000,64479248
ICICIBANK_F1,20210616,12:03,642.65,642.65,642.60,642.60,2750,64479248
ICICIBANK_F1,20210616,12:04,642.60,642.65,642.60,642.65,2750,64509500
ICICIBANK_F1,20210616,12:05,642.65,642.80,642.65,642.65,4125,64509500
ICICIBANK_F1,20210616,12:06,642.60,644.25,642.60,643.95,97625,64509500
ICICIBANK_F1,20210616,12:07,644.05,644.05,643.55,643.65,16500,64531500
ICICIBANK_F1,20210616,12:08,643.40,643.40,640.60,642.20,259875,64531500
ICICIBANK_F1,20210616,12:09,641.90,642.25,641.90,642.20,9625,64531500
ICICIBANK_F1,20210616,12:10,642.20,642.20,642.05,642.05,2750,64535624
ICICIBANK_F1,20210616,12:11,642.05,642.05,641.80,641.90,30250,64535624
ICICIBANK_F1,20210616,12:12,641.90,642.40,641.90,642.25,60500,64535624
ICICIBANK_F1,20210616,12:13,642.05,642.35,642.05,642.25,5500,64579624
ICICIBANK_F1,20210616,12:14,642.05,642.05,642.05,642.05,2750,64579624
ICICIBANK_F1,20210616,12:15,642.35,642.35,642.00,642.15,5500,64579624
ICICIBANK_F1,20210616,12:16,642.00,642.00,642.00,642.00,9625,64583752
ICICIBANK_F1,20210616,12:17,642.05,642.05,642.00,642.00,2750,64583752
ICICIBANK_F1,20210616,12:18,642.10,642.20,642.10,642.20,4125,64583752
ICICIBANK_F1,20210616,12:19,642.20,642.25,642.20,642.25,8250,64590624
ICICIBANK_F1,20210616,12:20,642.30,642.30,642.20,642.20,13750,64590624
ICICIBANK_F1,20210616,12:21,642.30,642.55,642.30,642.55,6875,64590624
ICICIBANK_F1,20210616,12:22,642.00,642.40,642.00,642.40,33000,64590624
ICICIBANK_F1,20210616,12:23,642.10,642.10,642.10,642.10,6875,64590624
ICICIBANK_F1,20210616,12:24,642.10,642.10,642.10,642.10,2750,64590624
ICICIBANK_F1,20210616,12:25,642.25,642.25,642.15,642.15,2750,64590624
ICICIBANK_F1,20210616,12:26,642.05,642.20,642.05,642.20,4125,64593376
ICICIBANK_F1,20210616,12:27,642.20,642.20,642.00,642.20,15125,64593376
ICICIBANK_F1,20210616,12:28,642.05,642.15,641.50,641.50,26125,64603000
ICICIBANK_F1,20210616,12:29,641.60,641.65,641.60,641.65,4125,64603000
ICICIBANK_F1,20210616,12:30,641.60,641.85,641.60,641.75,13750,64603000
ICICIBANK_F1,20210616,12:31,641.80,641.80,641.75,641.75,4125,64598876
ICICIBANK_F1,20210616,12:32,641.60,641.85,641.60,641.75,15125,64598876
ICICIBANK_F1,20210616,12:33,641.75,641.90,641.55,641.70,16500,64598876
ICICIBANK_F1,20210616,12:34,641.55,641.65,641.55,641.65,11000,64600248
ICICIBANK_F1,20210616,12:35,641.70,641.85,641.50,641.85,12375,64600248
ICICIBANK_F1,20210616,12:36,641.60,641.85,641.60,641.85,12375,64600248
ICICIBANK_F1,20210616,12:37,641.85,641.85,641.85,641.85,4125,64614000
ICICIBANK_F1,20210616,12:38,641.85,641.95,641.80,641.85,20625,64614000
ICICIBANK_F1,20210616,12:39,641.85,642.75,641.85,642.75,70125,64614000
ICICIBANK_F1,20210616,12:40,642.65,642.65,641.00,641.00,74250,64648376
ICICIBANK_F1,20210616,12:41,640.95,641.20,639.55,640.30,222750,64648376
ICICIBANK_F1,20210616,12:42,640.50,640.90,640.35,640.75,37125,64648376
ICICIBANK_F1,20210616,12:43,640.85,640.95,640.50,640.50,45375,64664876
ICICIBANK_F1,20210616,12:44,640.50,640.60,640.30,640.35,107250,64664876
ICICIBANK_F1,20210616,12:45,640.65,640.75,640.40,640.75,24750,64664876
ICICIBANK_F1,20210616,12:46,640.50,640.80,640.00,640.80,59125,64667624
ICICIBANK_F1,20210616,12:47,640.85,641.20,640.80,641.00,34375,64667624
ICICIBANK_F1,20210616,12:48,641.15,641.20,640.95,641.00,16500,64667624
ICICIBANK_F1,20210616,12:49,641.15,641.45,641.10,641.10,24750,64711624
ICICIBANK_F1,20210616,12:50,641.15,641.25,641.15,641.15,11000,64711624
ICICIBANK_F1,20210616,12:51,641.35,641.35,641.00,641.10,8250,64711624
ICICIBANK_F1,20210616,12:52,640.95,641.25,640.95,641.20,6875,64719876
ICICIBANK_F1,20210616,12:53,641.15,641.30,641.10,641.25,20625,64719876
ICICIBANK_F1,20210616,12:54,641.25,641.25,641.05,641.25,5500,64719876
ICICIBANK_F1,20210616,12:55,641.00,641.20,641.00,641.20,6875,64730876
ICICIBANK_F1,20210616,12:56,641.10,641.20,641.10,641.20,4125,64730876
ICICIBANK_F1,20210616,12:57,641.20,641.20,641.10,641.10,12375,64730876
ICICIBANK_F1,20210616,12:58,641.10,641.20,640.95,640.95,13750,64737752
ICICIBANK_F1,20210616,12:59,641.00,641.00,640.70,640.75,11000,64737752
ICICIBANK_F1,20210616,13:00,641.00,641.00,640.60,640.60,19250,64737752
ICICIBANK_F1,20210616,13:01,640.50,640.50,640.50,640.50,8250,64744624
ICICIBANK_F1,20210616,13:02,640.50,640.85,640.50,640.85,4125,64744624
ICICIBANK_F1,20210616,13:03,640.85,640.95,640.85,640.95,11000,64744624
ICICIBANK_F1,20210616,13:04,641.10,641.25,641.10,641.20,12375,64732248
ICICIBANK_F1,20210616,13:05,641.20,641.30,641.20,641.30,4125,64732248
ICICIBANK_F1,20210616,13:06,641.00,641.15,640.90,641.15,16500,64732248
ICICIBANK_F1,20210616,13:07,641.10,641.30,640.60,641.30,50875,64770752
ICICIBANK_F1,20210616,13:08,641.15,641.15,640.55,640.55,12375,64770752
ICICIBANK_F1,20210616,13:09,640.40,640.75,640.00,640.75,88000,64770752
ICICIBANK_F1,20210616,13:10,640.80,640.95,640.80,640.80,8250,64781752
ICICIBANK_F1,20210616,13:11,640.90,641.35,640.90,641.35,9625,64781752
ICICIBANK_F1,20210616,13:12,641.35,641.55,641.30,641.40,9625,64781752
ICICIBANK_F1,20210616,13:13,641.10,641.20,640.70,640.80,16500,64783124
ICICIBANK_F1,20210616,13:14,640.95,641.15,640.90,640.90,5500,64783124
ICICIBANK_F1,20210616,13:15,641.05,641.30,641.05,641.30,4125,64783124
ICICIBANK_F1,20210616,13:16,641.45,641.60,641.35,641.60,24750,64784500
ICICIBANK_F1,20210616,13:17,641.70,641.95,641.70,641.95,13750,64784500
ICICIBANK_F1,20210616,13:18,641.75,641.75,641.75,641.75,5500,64784500
ICICIBANK_F1,20210616,13:19,641.65,642.20,641.45,642.20,68750,64796876
ICICIBANK_F1,20210616,13:20,642.35,642.35,641.75,642.30,137500,64796876
ICICIBANK_F1,20210616,13:21,642.30,642.30,642.00,642.00,30250,64796876
ICICIBANK_F1,20210616,13:22,641.80,642.00,641.80,642.00,11000,64736376
ICICIBANK_F1,20210616,13:23,642.00,642.25,642.00,642.20,15125,64736376
ICICIBANK_F1,20210616,13:24,642.20,642.20,642.20,642.20,1375,64736376
ICICIBANK_F1,20210616,13:25,642.20,642.35,642.20,642.20,23375,64736376
ICICIBANK_F1,20210616,13:26,642.30,642.30,642.20,642.30,6875,64736376
ICICIBANK_F1,20210616,13:27,642.10,642.15,642.00,642.00,4125,64736376
ICICIBANK_F1,20210616,13:28,641.85,642.25,641.85,642.25,9625,64751500
ICICIBANK_F1,20210616,13:29,642.05,642.05,642.05,642.05,1375,64751500
ICICIBANK_F1,20210616,13:30,642.20,642.20,641.90,641.90,11000,64751500
ICICIBANK_F1,20210616,13:31,641.85,642.00,641.85,641.90,4125,64733624
ICICIBANK_F1,20210616,13:32,641.95,642.00,641.95,642.00,8250,64733624
ICICIBANK_F1,20210616,13:33,641.70,642.00,641.70,642.00,9625,64733624
ICICIBANK_F1,20210616,13:34,641.90,642.00,641.90,641.95,13750,64732248
ICICIBANK_F1,20210616,13:35,641.50,641.55,640.85,641.55,41250,64732248
ICICIBANK_F1,20210616,13:36,641.25,641.50,641.20,641.25,19250,64732248
ICICIBANK_F1,20210616,13:37,641.50,641.50,641.20,641.20,12375,64743248
ICICIBANK_F1,20210616,13:38,641.40,641.45,641.40,641.45,5500,64743248
ICICIBANK_F1,20210616,13:39,641.35,641.45,641.30,641.45,8250,64743248
ICICIBANK_F1,20210616,13:40,641.35,641.35,641.25,641.25,6875,64751500
ICICIBANK_F1,20210616,13:41,641.15,641.35,641.15,641.35,9625,64751500
ICICIBANK_F1,20210616,13:42,641.45,641.50,641.45,641.50,4125,64751500
ICICIBANK_F1,20210616,13:43,641.60,641.70,641.60,641.65,9625,64751500
ICICIBANK_F1,20210616,13:44,641.65,641.65,641.25,641.25,6875,64762500
ICICIBANK_F1,20210616,13:45,641.30,641.60,641.30,641.40,5500,64762500
ICICIBANK_F1,20210616,13:46,641.35,642.15,641.35,642.15,57750,64768000
ICICIBANK_F1,20210616,13:47,642.15,642.20,641.95,642.00,55000,64768000
ICICIBANK_F1,20210616,13:48,642.00,642.25,642.00,642.20,17875,64768000
ICICIBANK_F1,20210616,13:49,642.10,642.20,641.95,642.10,74250,64900000
ICICIBANK_F1,20210616,13:50,642.20,642.25,642.05,642.20,15125,64900000
ICICIBANK_F1,20210616,13:51,642.25,642.25,642.00,642.00,9625,64900000
ICICIBANK_F1,20210616,13:52,642.15,642.15,641.75,641.90,44000,64922000
ICICIBANK_F1,20210616,13:53,641.80,642.05,641.80,641.95,6875,64922000
ICICIBANK_F1,20210616,13:54,641.95,642.00,641.80,641.95,11000,64922000
ICICIBANK_F1,20210616,13:55,641.95,641.95,641.70,641.85,17875,64964624
ICICIBANK_F1,20210616,13:56,641.85,642.00,641.85,641.95,13750,64964624
ICICIBANK_F1,20210616,13:57,642.00,642.05,641.80,642.05,6875,64964624
ICICIBANK_F1,20210616,13:58,642.05,642.80,642.00,642.45,45375,64978376
ICICIBANK_F1,20210616,13:59,642.40,642.55,642.15,642.25,22000,64978376
ICICIBANK_F1,20210616,14:00,642.30,642.35,642.25,642.30,11000,64978376
ICICIBANK_F1,20210616,14:01,642.15,642.45,642.15,642.45,5500,64971500
ICICIBANK_F1,20210616,14:02,642.25,642.25,642.00,642.00,13750,64971500
ICICIBANK_F1,20210616,14:03,642.05,642.05,641.90,642.00,9625,64971500
ICICIBANK_F1,20210616,14:04,641.90,641.95,641.90,641.95,8250,64982500
ICICIBANK_F1,20210616,14:05,642.00,642.20,641.90,642.00,9625,64982500
ICICIBANK_F1,20210616,14:06,642.00,642.35,641.80,642.35,24750,64982500
ICICIBANK_F1,20210616,14:07,642.25,642.25,642.20,642.25,13750,64992124
ICICIBANK_F1,20210616,14:08,642.40,642.45,642.20,642.20,28875,64992124
ICICIBANK_F1,20210616,14:09,642.30,642.35,642.20,642.35,8250,64992124
ICICIBANK_F1,20210616,14:10,642.15,642.50,642.15,642.45,9625,65023752
ICICIBANK_F1,20210616,14:11,642.45,642.60,642.30,642.45,19250,65023752
ICICIBANK_F1,20210616,14:12,642.90,643.00,642.80,643.00,31625,65023752
ICICIBANK_F1,20210616,14:13,642.95,643.30,642.85,643.30,35750,65027876
ICICIBANK_F1,20210616,14:14,643.20,643.20,642.70,642.95,16500,65027876
ICICIBANK_F1,20210616,14:15,642.75,643.05,642.75,643.05,24750,65027876
ICICIBANK_F1,20210616,14:16,643.20,643.40,643.15,643.20,31625,65023752
ICICIBANK_F1,20210616,14:17,643.45,643.50,641.75,641.75,75625,65023752
ICICIBANK_F1,20210616,14:18,641.65,642.80,641.65,642.60,45375,65023752
ICICIBANK_F1,20210616,14:19,642.70,643.00,642.60,643.00,17875,65034752
ICICIBANK_F1,20210616,14:20,643.20,643.25,643.00,643.25,19250,65034752
ICICIBANK_F1,20210616,14:21,643.35,643.35,643.30,643.35,17875,65034752
ICICIBANK_F1,20210616,14:22,643.20,643.20,642.95,642.95,23375,65054000
ICICIBANK_F1,20210616,14:23,643.00,643.20,643.00,643.20,17875,65054000
ICICIBANK_F1,20210616,14:24,643.20,643.20,643.10,643.15,11000,65054000
ICICIBANK_F1,20210616,14:25,643.20,643.25,643.05,643.25,11000,65065000
ICICIBANK_F1,20210616,14:26,643.20,643.50,643.00,643.50,37125,65065000
ICICIBANK_F1,20210616,14:27,643.50,643.60,643.35,643.60,8250,65065000
ICICIBANK_F1,20210616,14:28,643.40,643.55,643.40,643.45,16500,65084248
ICICIBANK_F1,20210616,14:29,643.55,643.55,643.40,643.45,16500,65084248
ICICIBANK_F1,20210616,14:30,643.50,643.85,643.45,643.50,52250,65084248
ICICIBANK_F1,20210616,14:31,643.70,643.80,643.25,643.65,16500,65091124
ICICIBANK_F1,20210616,14:32,643.70,643.70,643.45,643.50,9625,65091124
ICICIBANK_F1,20210616,14:33,643.50,643.55,643.25,643.35,9625,65091124
ICICIBANK_F1,20210616,14:34,643.45,643.45,643.35,643.45,12375,65091124
ICICIBANK_F1,20210616,14:35,643.55,643.55,643.35,643.45,9625,65088376
ICICIBANK_F1,20210616,14:36,643.25,643.40,643.25,643.30,28875,65088376
ICICIBANK_F1,20210616,14:37,643.40,643.50,643.35,643.50,9625,65088376
ICICIBANK_F1,20210616,14:38,643.50,643.50,643.45,643.45,6875,65092500
ICICIBANK_F1,20210616,14:39,643.30,643.35,643.30,643.35,11000,65092500
ICICIBANK_F1,20210616,14:40,643.35,643.40,643.20,643.40,9625,65092500
ICICIBANK_F1,20210616,14:41,643.50,643.50,643.25,643.40,13750,65111752
ICICIBANK_F1,20210616,14:42,643.35,643.35,642.90,642.90,26125,65111752
ICICIBANK_F1,20210616,14:43,642.90,643.25,642.75,642.75,34375,65107624
ICICIBANK_F1,20210616,14:44,643.00,643.10,643.00,643.10,12375,65107624
ICICIBANK_F1,20210616,14:45,643.15,643.25,643.15,643.25,6875,65107624
ICICIBANK_F1,20210616,14:46,643.25,643.25,643.10,643.10,12375,65115876
ICICIBANK_F1,20210616,14:47,643.20,643.35,643.05,643.05,19250,65115876
ICICIBANK_F1,20210616,14:48,643.05,643.35,642.80,642.80,85250,65115876
ICICIBANK_F1,20210616,14:49,642.80,642.85,642.65,642.65,59125,65070500
ICICIBANK_F1,20210616,14:50,642.75,642.75,642.60,642.65,9625,65070500
ICICIBANK_F1,20210616,14:51,642.80,643.40,642.80,643.35,79750,65070500
ICICIBANK_F1,20210616,14:52,643.45,643.45,643.20,643.20,11000,65070500
ICICIBANK_F1,20210616,14:53,643.25,643.40,643.15,643.20,13750,65106248
ICICIBANK_F1,20210616,14:54,643.25,643.25,642.60,642.90,74250,65106248
ICICIBANK_F1,20210616,14:55,643.00,643.10,642.20,642.20,26125,65106248
ICICIBANK_F1,20210616,14:56,642.20,642.45,642.05,642.30,22000,65144752
ICICIBANK_F1,20210616,14:57,642.50,642.55,642.35,642.50,27500,65144752
ICICIBANK_F1,20210616,14:58,642.30,642.75,642.30,642.65,15125,65144752
ICICIBANK_F1,20210616,14:59,642.50,642.70,642.25,642.70,20625,65161248
ICICIBANK_F1,20210616,15:00,642.85,642.85,642.60,642.65,20625,65161248
ICICIBANK_F1,20210616,15:01,642.65,642.85,641.95,641.95,88000,65166752
ICICIBANK_F1,20210616,15:02,641.80,642.35,641.40,641.50,105875,65166752
ICICIBANK_F1,20210616,15:03,641.60,641.65,641.20,641.40,85250,65166752
ICICIBANK_F1,20210616,15:04,641.50,642.00,641.45,641.85,74250,65257500
ICICIBANK_F1,20210616,15:05,641.95,641.95,641.35,641.65,100375,65257500
ICICIBANK_F1,20210616,15:06,641.70,641.90,641.50,641.75,93500,65257500
ICICIBANK_F1,20210616,15:07,641.90,642.25,641.85,642.25,74250,65333124
ICICIBANK_F1,20210616,15:08,642.35,642.65,642.30,642.45,66000,65333124
ICICIBANK_F1,20210616,15:09,642.45,642.75,642.25,642.70,60500,65333124
ICICIBANK_F1,20210616,15:10,642.60,642.95,642.60,642.70,68750,65353752
ICICIBANK_F1,20210616,15:11,642.85,642.85,642.45,642.65,63250,65353752
ICICIBANK_F1,20210616,15:12,642.60,642.80,642.25,642.60,67375,65353752
ICICIBANK_F1,20210616,15:13,642.55,642.85,642.55,642.85,96250,65353752
ICICIBANK_F1,20210616,15:14,642.90,643.10,642.75,643.05,79750,65382624
ICICIBANK_F1,20210616,15:15,643.15,643.30,642.75,642.90,90750,65382624
ICICIBANK_F1,20210616,15:16,642.95,643.00,642.65,642.65,72875,65382624
ICICIBANK_F1,20210616,15:17,642.80,642.90,642.50,642.90,67375,65393624
ICICIBANK_F1,20210616,15:18,643.00,643.00,642.60,642.85,79750,65393624
ICICIBANK_F1,20210616,15:19,642.85,642.90,642.45,642.45,72875,65443124
ICICIBANK_F1,20210616,15:20,642.35,642.50,641.70,641.70,115500,65443124
ICICIBANK_F1,20210616,15:21,641.90,642.00,641.65,641.90,185625,65443124
ICICIBANK_F1,20210616,15:22,642.00,642.00,641.80,641.80,235125,65443124
ICICIBANK_F1,20210616,15:23,641.95,642.00,641.70,641.80,101750,65527000
ICICIBANK_F1,20210616,15:24,641.80,641.85,641.60,641.80,115500,65527000
ICICIBANK_F1,20210616,15:25,641.95,642.40,641.85,642.15,189750,65527000
ICICIBANK_F1,20210616,15:26,642.25,642.25,641.65,642.00,159500,65652124
ICICIBANK_F1,20210616,15:27,642.00,642.00,641.60,641.70,119625,65652124
ICICIBANK_F1,20210616,15:28,641.70,642.00,641.60,641.95,129250,65652124
ICICIBANK_F1,20210616,15:29,641.95,642.00,641.70,641.95,93500,65830876
ICICIBANK_F1,20210616,15:30,641.90,642.00,640.70,641.00,228250,65830876
ICICIBANK_F1,20210616,18:33,642.10,642.10,642.10,642.10,1,65188752
