BANDHANBNK,20221130,09:08,236.95,236.95,236.95,236.95,205120,0
BANDHANBNK,20221130,09:16,237.00,237.00,235.90,236.65,624388,0
BANDHANBNK,20221130,09:17,236.65,237.45,236.40,237.00,453604,0
BANDHANBNK,20221130,09:18,237.00,237.05,235.25,236.00,497495,0
BANDHANBNK,20221130,09:19,235.90,235.95,234.65,235.20,331284,0
BANDHANBNK,20221130,09:20,235.20,235.45,234.60,234.70,270981,0
BANDHANBNK,20221130,09:21,234.70,234.95,234.25,234.90,242910,0
BANDHANBNK,20221130,09:22,234.85,235.15,234.55,235.05,86928,0
BANDHANBNK,20221130,09:23,235.05,235.10,234.30,234.60,160729,0
BANDHANBNK,20221130,09:24,234.65,234.75,234.20,234.65,134505,0
BANDHANBNK,20221130,09:25,234.60,235.35,234.55,235.20,47529,0
BANDHANBNK,20221130,09:26,235.20,236.15,235.15,236.00,161128,0
BANDHANBNK,20221130,09:27,236.10,236.20,235.25,236.10,215634,0
BANDHANBNK,20221130,09:28,236.20,236.80,236.10,236.60,264133,0
BANDHANBNK,20221130,09:29,236.60,237.25,236.50,236.85,265699,0
BANDHANBNK,20221130,09:30,236.80,237.15,236.75,237.00,141785,0
BANDHANBNK,20221130,09:31,237.00,237.35,236.90,237.30,170155,0
BANDHANBNK,20221130,09:32,237.15,237.25,236.80,236.95,207793,0
BANDHANBNK,20221130,09:33,237.00,238.20,236.95,237.70,372291,0
BANDHANBNK,20221130,09:34,237.70,237.90,237.50,237.80,168806,0
BANDHANBNK,20221130,09:35,237.90,238.20,237.80,237.90,258387,0
BANDHANBNK,20221130,09:36,238.00,238.10,237.65,237.90,190352,0
BANDHANBNK,20221130,09:37,237.80,237.95,237.35,237.70,192242,0
BANDHANBNK,20221130,09:38,237.70,237.70,237.20,237.40,95561,0
BANDHANBNK,20221130,09:39,237.60,237.60,237.30,237.50,65042,0
BANDHANBNK,20221130,09:40,237.50,238.40,237.40,238.10,219666,0
BANDHANBNK,20221130,09:41,238.25,238.70,238.15,238.60,324306,0
BANDHANBNK,20221130,09:42,238.45,238.85,238.10,238.70,226348,0
BANDHANBNK,20221130,09:43,238.70,238.70,237.95,237.95,271956,0
BANDHANBNK,20221130,09:44,237.85,237.90,237.25,237.80,176526,0
BANDHANBNK,20221130,09:45,237.60,237.70,237.30,237.45,59761,0
BANDHANBNK,20221130,09:46,237.45,237.45,236.85,236.85,169352,0
BANDHANBNK,20221130,09:47,236.95,236.95,236.35,236.40,153676,0
BANDHANBNK,20221130,09:48,236.40,236.60,236.00,236.30,121527,0
BANDHANBNK,20221130,09:49,236.45,236.65,236.25,236.30,40087,0
BANDHANBNK,20221130,09:50,236.35,236.50,236.15,236.25,81501,0
BANDHANBNK,20221130,09:51,236.20,236.40,235.85,235.95,111026,0
BANDHANBNK,20221130,09:52,235.85,236.20,235.80,235.95,61666,0
BANDHANBNK,20221130,09:53,236.05,236.30,235.90,236.30,40119,0
BANDHANBNK,20221130,09:54,236.30,236.50,236.00,236.15,46703,0
BANDHANBNK,20221130,09:55,236.15,236.15,235.80,235.85,45709,0
BANDHANBNK,20221130,09:56,235.80,236.00,235.75,235.75,68877,0
BANDHANBNK,20221130,09:57,235.65,235.85,235.40,235.75,94056,0
BANDHANBNK,20221130,09:58,235.70,235.75,235.50,235.55,35959,0
BANDHANBNK,20221130,09:59,235.55,235.80,235.55,235.60,43232,0
BANDHANBNK,20221130,10:00,235.65,235.65,235.50,235.55,32360,0
BANDHANBNK,20221130,10:01,235.60,235.85,235.50,235.70,44030,0
BANDHANBNK,20221130,10:02,235.90,236.35,235.60,236.30,57009,0
BANDHANBNK,20221130,10:03,236.25,236.45,236.25,236.40,36098,0
BANDHANBNK,20221130,10:04,236.40,236.65,236.15,236.30,97867,0
BANDHANBNK,20221130,10:05,236.30,236.95,236.25,236.80,167878,0
BANDHANBNK,20221130,10:06,236.95,237.20,236.90,237.20,71401,0
BANDHANBNK,20221130,10:07,237.10,237.40,237.10,237.20,45905,0
BANDHANBNK,20221130,10:08,237.20,237.25,237.15,237.15,24006,0
BANDHANBNK,20221130,10:09,237.15,237.20,236.75,236.75,103108,0
BANDHANBNK,20221130,10:10,236.80,237.00,236.55,236.75,134959,0
BANDHANBNK,20221130,10:11,236.80,236.85,236.35,236.35,35102,0
BANDHANBNK,20221130,10:12,236.35,236.55,236.25,236.55,47526,0
BANDHANBNK,20221130,10:13,236.55,236.70,236.30,236.35,27313,0
BANDHANBNK,20221130,10:14,236.35,236.40,236.15,236.20,47846,0
BANDHANBNK,20221130,10:15,236.10,236.40,236.05,236.20,28619,0
BANDHANBNK,20221130,10:16,236.25,236.55,236.25,236.40,35293,0
BANDHANBNK,20221130,10:17,236.40,236.75,236.40,236.65,39647,0
BANDHANBNK,20221130,10:18,236.65,236.95,236.60,236.95,61534,0
BANDHANBNK,20221130,10:19,236.85,237.00,236.75,236.90,66852,0
BANDHANBNK,20221130,10:20,237.00,237.40,236.85,237.25,74067,0
BANDHANBNK,20221130,10:21,237.30,237.35,236.70,236.80,24776,0
BANDHANBNK,20221130,10:22,236.75,236.80,236.70,236.75,16448,0
BANDHANBNK,20221130,10:23,236.75,236.75,236.60,236.60,10095,0
BANDHANBNK,20221130,10:24,236.60,237.00,236.60,236.90,56539,0
BANDHANBNK,20221130,10:25,236.95,237.00,236.65,236.80,83307,0
BANDHANBNK,20221130,10:26,236.80,237.20,236.80,237.00,94588,0
BANDHANBNK,20221130,10:27,237.05,237.15,237.00,237.00,28404,0
BANDHANBNK,20221130,10:28,237.05,237.05,236.55,236.70,40746,0
BANDHANBNK,20221130,10:29,236.60,236.60,236.50,236.50,14177,0
BANDHANBNK,20221130,10:30,236.65,236.70,236.60,236.60,5535,0
BANDHANBNK,20221130,10:31,236.65,236.70,236.50,236.60,11506,0
BANDHANBNK,20221130,10:32,236.50,236.60,236.25,236.40,27417,0
BANDHANBNK,20221130,10:33,236.30,236.35,236.20,236.30,20376,0
BANDHANBNK,20221130,10:34,236.25,236.30,236.00,236.05,40743,0
BANDHANBNK,20221130,10:35,236.05,236.20,236.00,236.10,15094,0
BANDHANBNK,20221130,10:36,236.10,236.10,235.90,235.90,37244,0
BANDHANBNK,20221130,10:37,235.90,236.00,235.70,235.90,51788,0
BANDHANBNK,20221130,10:38,235.95,236.15,235.90,236.15,18349,0
BANDHANBNK,20221130,10:39,236.05,236.10,235.95,236.10,12365,0
BANDHANBNK,20221130,10:40,236.00,236.25,236.00,236.25,55938,0
BANDHANBNK,20221130,10:41,236.20,236.20,236.05,236.20,22182,0
BANDHANBNK,20221130,10:42,236.15,236.35,236.10,236.35,39919,0
BANDHANBNK,20221130,10:43,236.30,236.35,236.25,236.25,7467,0
BANDHANBNK,20221130,10:44,236.25,236.30,236.10,236.10,49122,0
BANDHANBNK,20221130,10:45,236.20,236.20,236.00,236.10,16766,0
BANDHANBNK,20221130,10:46,236.00,236.30,236.00,236.20,53135,0
BANDHANBNK,20221130,10:47,236.20,236.20,236.00,236.20,111685,0
BANDHANBNK,20221130,10:48,236.20,236.30,236.20,236.20,13739,0
BANDHANBNK,20221130,10:49,236.20,236.20,235.75,235.75,44955,0
BANDHANBNK,20221130,10:50,235.75,236.00,235.75,236.00,21040,0
BANDHANBNK,20221130,10:51,235.90,236.00,235.90,235.90,25359,0
BANDHANBNK,20221130,10:52,235.90,236.20,235.90,236.20,7658,0
BANDHANBNK,20221130,10:53,236.10,236.10,235.90,235.90,19150,0
BANDHANBNK,20221130,10:54,235.90,236.10,235.90,236.00,19521,0
BANDHANBNK,20221130,10:55,235.95,236.00,235.90,236.00,8180,0
BANDHANBNK,20221130,10:56,235.95,236.00,235.80,236.00,35143,0
BANDHANBNK,20221130,10:57,235.95,236.10,235.90,236.05,8146,0
BANDHANBNK,20221130,10:58,235.95,236.15,235.95,236.10,9335,0
BANDHANBNK,20221130,10:59,236.05,236.20,235.95,235.95,16108,0
BANDHANBNK,20221130,11:00,235.95,236.00,235.50,235.65,50355,0
BANDHANBNK,20221130,11:01,235.70,235.75,235.60,235.60,12437,0
BANDHANBNK,20221130,11:02,235.75,235.85,235.60,235.80,7397,0
BANDHANBNK,20221130,11:03,235.80,235.90,235.75,235.90,4982,0
BANDHANBNK,20221130,11:04,235.85,235.85,235.70,235.70,8779,0
BANDHANBNK,20221130,11:05,235.75,235.80,235.50,235.70,36400,0
BANDHANBNK,20221130,11:06,235.70,235.90,235.65,235.75,33126,0
BANDHANBNK,20221130,11:07,235.75,235.90,235.70,235.90,40229,0
BANDHANBNK,20221130,11:08,235.80,235.90,235.65,235.90,12605,0
BANDHANBNK,20221130,11:09,235.80,235.90,235.75,235.90,9930,0
BANDHANBNK,20221130,11:10,235.80,235.95,235.80,235.90,16257,0
BANDHANBNK,20221130,11:11,235.90,235.95,235.85,235.85,5748,0
BANDHANBNK,20221130,11:12,235.85,236.20,235.85,236.10,22490,0
BANDHANBNK,20221130,11:13,236.05,236.20,235.95,236.10,9728,0
BANDHANBNK,20221130,11:14,236.00,236.15,236.00,236.05,6366,0
BANDHANBNK,20221130,11:15,236.05,236.20,236.05,236.15,4425,0
BANDHANBNK,20221130,11:16,236.20,236.20,236.05,236.20,28454,0
BANDHANBNK,20221130,11:17,236.10,236.10,236.00,236.00,11086,0
BANDHANBNK,20221130,11:18,236.00,236.05,235.85,235.85,16859,0
BANDHANBNK,20221130,11:19,235.85,235.90,235.80,235.90,10695,0
BANDHANBNK,20221130,11:20,235.80,235.90,235.80,235.90,10785,0
BANDHANBNK,20221130,11:21,235.90,236.00,235.80,235.80,7984,0
BANDHANBNK,20221130,11:22,235.80,235.90,235.80,235.80,13405,0
BANDHANBNK,20221130,11:23,235.80,235.85,235.75,235.85,7043,0
BANDHANBNK,20221130,11:24,235.75,235.90,235.75,235.80,5537,0
BANDHANBNK,20221130,11:25,235.80,235.90,235.70,235.75,13967,0
BANDHANBNK,20221130,11:26,235.75,235.85,235.70,235.70,7702,0
BANDHANBNK,20221130,11:27,235.70,235.75,235.55,235.70,27344,0
BANDHANBNK,20221130,11:28,235.55,235.75,235.50,235.55,40646,0
BANDHANBNK,20221130,11:29,235.50,235.50,235.35,235.35,21361,0
BANDHANBNK,20221130,11:30,235.35,235.35,235.05,235.15,67623,0
BANDHANBNK,20221130,11:31,235.05,235.50,235.05,235.40,124855,0
BANDHANBNK,20221130,11:32,235.40,235.40,235.20,235.35,22092,0
BANDHANBNK,20221130,11:33,235.35,235.40,235.25,235.35,13368,0
BANDHANBNK,20221130,11:34,235.35,235.40,235.05,235.15,59298,0
BANDHANBNK,20221130,11:35,235.10,235.30,235.10,235.20,9867,0
BANDHANBNK,20221130,11:36,235.20,235.35,235.00,235.15,42431,0
BANDHANBNK,20221130,11:37,235.10,235.20,234.90,234.95,93215,0
BANDHANBNK,20221130,11:38,235.00,235.10,234.80,235.00,36315,0
BANDHANBNK,20221130,11:39,235.00,235.10,234.95,235.10,14104,0
BANDHANBNK,20221130,11:40,235.10,235.95,235.00,235.85,62469,0
BANDHANBNK,20221130,11:41,235.85,235.90,235.65,235.90,21898,0
BANDHANBNK,20221130,11:42,235.85,236.15,235.80,236.00,43757,0
BANDHANBNK,20221130,11:43,235.95,236.10,235.90,236.05,31372,0
BANDHANBNK,20221130,11:44,236.00,236.10,235.80,236.05,18084,0
BANDHANBNK,20221130,11:45,236.00,236.05,236.00,236.05,29228,0
BANDHANBNK,20221130,11:46,236.00,236.05,236.00,236.05,18393,0
BANDHANBNK,20221130,11:47,236.05,236.10,236.00,236.00,8806,0
BANDHANBNK,20221130,11:48,236.05,236.10,236.00,236.00,33575,0
BANDHANBNK,20221130,11:49,236.00,236.15,236.00,236.05,19015,0
BANDHANBNK,20221130,11:50,236.00,236.10,236.00,236.00,5713,0
BANDHANBNK,20221130,11:51,236.00,236.25,236.00,236.15,31060,0
BANDHANBNK,20221130,11:52,236.10,236.25,236.10,236.10,14407,0
BANDHANBNK,20221130,11:53,236.05,236.25,236.05,236.20,9458,0
BANDHANBNK,20221130,11:54,236.20,236.20,236.05,236.05,7154,0
BANDHANBNK,20221130,11:55,236.00,236.15,236.00,236.00,7472,0
BANDHANBNK,20221130,11:56,236.00,236.15,236.00,236.05,13567,0
BANDHANBNK,20221130,11:57,236.05,236.15,236.05,236.05,4176,0
BANDHANBNK,20221130,11:58,236.05,236.10,236.05,236.10,4183,0
BANDHANBNK,20221130,11:59,236.05,236.10,236.00,236.05,7761,0
BANDHANBNK,20221130,12:00,236.00,236.10,236.00,236.10,6327,0
BANDHANBNK,20221130,12:01,236.00,236.15,236.00,236.05,28886,0
BANDHANBNK,20221130,12:02,236.10,236.70,236.10,236.70,91961,0
BANDHANBNK,20221130,12:03,236.55,236.60,236.20,236.35,31819,0
BANDHANBNK,20221130,12:04,236.25,236.40,236.05,236.40,16868,0
BANDHANBNK,20221130,12:05,236.25,236.40,236.20,236.35,20138,0
BANDHANBNK,20221130,12:06,236.35,236.45,236.30,236.45,17317,0
BANDHANBNK,20221130,12:07,236.35,236.45,236.20,236.30,25009,0
BANDHANBNK,20221130,12:08,236.25,236.40,236.05,236.15,13092,0
BANDHANBNK,20221130,12:09,236.05,236.15,236.05,236.10,3247,0
BANDHANBNK,20221130,12:10,236.05,236.20,236.05,236.10,11546,0
BANDHANBNK,20221130,12:11,236.10,236.20,236.05,236.10,10433,0
BANDHANBNK,20221130,12:12,236.05,236.25,236.05,236.20,6135,0
BANDHANBNK,20221130,12:13,236.15,236.25,236.10,236.15,5637,0
BANDHANBNK,20221130,12:14,236.15,236.25,236.00,236.05,20654,0
BANDHANBNK,20221130,12:15,236.05,236.60,236.05,236.45,35821,0
BANDHANBNK,20221130,12:16,236.45,236.70,236.45,236.70,17721,0
BANDHANBNK,20221130,12:17,236.70,236.70,236.50,236.55,32873,0
BANDHANBNK,20221130,12:18,236.50,236.60,236.35,236.40,13259,0
BANDHANBNK,20221130,12:19,236.40,236.50,236.35,236.35,3821,0
BANDHANBNK,20221130,12:20,236.35,236.55,236.35,236.50,15253,0
BANDHANBNK,20221130,12:21,236.50,237.00,236.50,236.95,96885,0
BANDHANBNK,20221130,12:22,237.00,237.35,236.80,237.25,104534,0
BANDHANBNK,20221130,12:23,237.20,237.25,236.90,237.05,59157,0
BANDHANBNK,20221130,12:24,237.05,237.10,236.90,236.90,14164,0
BANDHANBNK,20221130,12:25,236.95,237.10,236.85,237.00,59326,0
BANDHANBNK,20221130,12:26,237.00,237.15,236.90,237.00,19562,0
BANDHANBNK,20221130,12:27,236.95,237.10,236.95,236.95,20611,0
BANDHANBNK,20221130,12:28,236.95,237.00,236.85,236.85,13166,0
BANDHANBNK,20221130,12:29,236.85,237.00,236.85,236.85,9508,0
BANDHANBNK,20221130,12:30,236.90,237.10,236.85,237.00,25000,0
BANDHANBNK,20221130,12:31,237.00,237.05,236.95,237.05,18809,0
BANDHANBNK,20221130,12:32,237.10,237.15,237.05,237.10,6563,0
BANDHANBNK,20221130,12:33,237.10,237.15,237.00,237.00,7079,0
BANDHANBNK,20221130,12:34,237.05,237.15,236.95,237.05,8201,0
BANDHANBNK,20221130,12:35,237.00,237.10,236.95,236.95,35020,0
BANDHANBNK,20221130,12:36,236.95,237.45,236.95,237.40,60178,0
BANDHANBNK,20221130,12:37,237.40,237.40,237.15,237.25,29317,0
BANDHANBNK,20221130,12:38,237.20,237.25,237.15,237.20,18657,0
BANDHANBNK,20221130,12:39,237.15,237.20,237.10,237.10,5483,0
BANDHANBNK,20221130,12:40,237.10,237.25,236.95,237.20,32040,0
BANDHANBNK,20221130,12:41,237.20,237.20,236.95,236.95,28926,0
BANDHANBNK,20221130,12:42,236.95,237.20,236.95,237.10,99483,0
BANDHANBNK,20221130,12:43,237.20,237.95,237.10,237.95,158392,0
BANDHANBNK,20221130,12:44,237.85,237.95,237.65,237.70,35875,0
BANDHANBNK,20221130,12:45,237.85,237.85,237.65,237.70,16295,0
BANDHANBNK,20221130,12:46,237.65,238.15,237.65,237.80,275286,0
BANDHANBNK,20221130,12:47,237.85,238.00,237.70,237.70,37266,0
BANDHANBNK,20221130,12:48,237.65,237.95,237.65,237.85,13612,0
BANDHANBNK,20221130,12:49,237.80,237.95,237.75,237.90,36665,0
BANDHANBNK,20221130,12:50,237.75,237.85,237.50,237.55,39414,0
BANDHANBNK,20221130,12:51,237.55,237.70,237.25,237.30,26724,0
BANDHANBNK,20221130,12:52,237.30,237.50,237.30,237.50,20957,0
BANDHANBNK,20221130,12:53,237.35,237.55,237.35,237.35,17804,0
BANDHANBNK,20221130,12:54,237.35,237.50,237.10,237.30,32077,0
BANDHANBNK,20221130,12:55,237.20,237.30,237.15,237.25,6760,0
BANDHANBNK,20221130,12:56,237.20,237.45,237.15,237.30,24048,0
BANDHANBNK,20221130,12:57,237.35,237.50,237.30,237.35,14194,0
BANDHANBNK,20221130,12:58,237.50,237.65,237.40,237.60,19154,0
BANDHANBNK,20221130,12:59,237.55,237.60,237.45,237.55,15303,0
BANDHANBNK,20221130,13:00,237.55,237.75,237.55,237.65,11551,0
BANDHANBNK,20221130,13:01,237.65,238.40,237.65,238.25,131344,0
BANDHANBNK,20221130,13:02,238.30,238.30,238.10,238.10,24722,0
BANDHANBNK,20221130,13:03,238.10,238.30,238.05,238.20,33635,0
BANDHANBNK,20221130,13:04,238.20,238.35,238.05,238.15,32526,0
BANDHANBNK,20221130,13:05,238.05,238.15,238.00,238.10,39713,0
BANDHANBNK,20221130,13:06,238.10,238.60,238.00,238.45,142762,0
BANDHANBNK,20221130,13:07,238.30,238.45,238.25,238.40,15092,0
BANDHANBNK,20221130,13:08,238.30,238.65,238.30,238.45,44300,0
BANDHANBNK,20221130,13:09,238.40,238.70,238.35,238.55,40875,0
BANDHANBNK,20221130,13:10,238.55,238.75,238.45,238.65,81246,0
BANDHANBNK,20221130,13:11,238.60,238.70,238.50,238.50,54083,0
BANDHANBNK,20221130,13:12,238.50,238.60,238.50,238.50,47457,0
BANDHANBNK,20221130,13:13,238.50,238.55,238.50,238.55,38760,0
BANDHANBNK,20221130,13:14,238.50,238.70,238.50,238.60,30284,0
BANDHANBNK,20221130,13:15,238.65,238.65,238.45,238.55,18598,0
BANDHANBNK,20221130,13:16,238.50,238.70,238.50,238.50,69088,0
BANDHANBNK,20221130,13:17,238.50,239.50,238.50,239.25,347187,0
BANDHANBNK,20221130,13:18,239.20,239.20,238.50,238.50,116405,0
BANDHANBNK,20221130,13:19,238.50,238.70,238.50,238.60,38430,0
BANDHANBNK,20221130,13:20,238.70,238.70,238.50,238.50,17258,0
BANDHANBNK,20221130,13:21,238.50,238.80,238.50,238.75,30287,0
BANDHANBNK,20221130,13:22,238.70,238.80,238.70,238.75,11169,0
BANDHANBNK,20221130,13:23,238.70,238.75,238.50,238.60,17331,0
BANDHANBNK,20221130,13:24,238.55,238.60,238.50,238.60,19394,0
BANDHANBNK,20221130,13:25,238.50,238.60,238.50,238.60,8605,0
BANDHANBNK,20221130,13:26,238.55,238.70,238.55,238.70,24260,0
BANDHANBNK,20221130,13:27,238.70,238.90,238.65,238.75,22280,0
BANDHANBNK,20221130,13:28,238.75,238.85,238.65,238.75,33548,0
BANDHANBNK,20221130,13:29,238.75,239.00,238.75,238.90,34126,0
BANDHANBNK,20221130,13:30,239.00,239.00,238.75,238.80,25322,0
BANDHANBNK,20221130,13:31,238.75,238.85,238.65,238.70,28271,0
BANDHANBNK,20221130,13:32,238.75,239.00,238.75,238.95,63726,0
BANDHANBNK,20221130,13:33,239.00,239.00,238.85,238.95,67306,0
BANDHANBNK,20221130,13:34,239.00,239.00,238.70,238.95,37510,0
BANDHANBNK,20221130,13:35,238.95,239.75,238.95,239.60,171462,0
BANDHANBNK,20221130,13:36,239.65,239.65,239.15,239.30,62323,0
BANDHANBNK,20221130,13:37,239.15,239.20,239.05,239.15,34873,0
BANDHANBNK,20221130,13:38,239.10,239.40,239.10,239.25,40596,0
BANDHANBNK,20221130,13:39,239.25,239.30,238.75,239.00,68862,0
BANDHANBNK,20221130,13:40,239.10,239.20,238.90,238.95,26627,0
BANDHANBNK,20221130,13:41,238.95,239.00,238.80,238.80,25748,0
BANDHANBNK,20221130,13:42,238.80,238.95,238.50,238.90,83435,0
BANDHANBNK,20221130,13:43,238.90,238.90,238.75,238.80,22426,0
BANDHANBNK,20221130,13:44,238.90,238.90,238.75,238.75,46431,0
BANDHANBNK,20221130,13:45,238.75,239.00,238.75,238.85,22010,0
BANDHANBNK,20221130,13:46,238.80,238.90,238.75,238.75,58005,0
BANDHANBNK,20221130,13:47,238.75,238.95,238.75,238.85,11854,0
BANDHANBNK,20221130,13:48,238.85,238.95,238.75,238.75,42487,0
BANDHANBNK,20221130,13:49,238.75,238.90,238.55,238.60,37669,0
BANDHANBNK,20221130,13:50,238.60,238.80,238.60,238.65,37050,0
BANDHANBNK,20221130,13:51,238.65,238.80,238.65,238.75,40746,0
BANDHANBNK,20221130,13:52,238.75,239.30,238.75,239.30,72173,0
BANDHANBNK,20221130,13:53,239.15,239.50,239.15,239.50,42324,0
BANDHANBNK,20221130,13:54,239.40,239.45,239.25,239.30,47358,0
BANDHANBNK,20221130,13:55,239.30,239.40,239.25,239.25,39245,0
BANDHANBNK,20221130,13:56,239.25,239.60,239.25,239.50,120836,0
BANDHANBNK,20221130,13:57,239.50,239.60,239.40,239.40,55267,0
BANDHANBNK,20221130,13:58,239.40,239.45,239.25,239.35,32716,0
BANDHANBNK,20221130,13:59,239.35,239.40,238.95,239.10,75738,0
BANDHANBNK,20221130,14:00,239.20,239.25,239.10,239.15,9493,0
BANDHANBNK,20221130,14:01,239.10,239.10,239.00,239.00,11771,0
BANDHANBNK,20221130,14:02,239.00,239.10,238.80,238.85,20437,0
BANDHANBNK,20221130,14:03,238.80,238.80,238.60,238.80,40971,0
BANDHANBNK,20221130,14:04,238.80,238.80,238.70,238.70,16517,0
BANDHANBNK,20221130,14:05,238.70,238.70,238.50,238.65,58248,0
BANDHANBNK,20221130,14:06,238.50,239.00,238.50,238.85,85847,0
BANDHANBNK,20221130,14:07,238.90,239.00,238.75,238.75,16539,0
BANDHANBNK,20221130,14:08,238.70,238.75,238.55,238.65,19049,0
BANDHANBNK,20221130,14:09,238.60,238.70,238.50,238.65,26344,0
BANDHANBNK,20221130,14:10,238.55,238.70,238.40,238.50,34681,0
BANDHANBNK,20221130,14:11,238.50,238.55,238.50,238.50,37786,0
BANDHANBNK,20221130,14:12,238.55,238.60,238.50,238.55,33533,0
BANDHANBNK,20221130,14:13,238.55,238.70,238.55,238.60,14060,0
BANDHANBNK,20221130,14:14,238.60,238.70,238.55,238.65,39038,0
BANDHANBNK,20221130,14:15,238.65,238.65,238.55,238.65,16049,0
BANDHANBNK,20221130,14:16,238.60,238.75,238.60,238.65,9622,0
BANDHANBNK,20221130,14:17,238.65,238.75,238.65,238.70,11934,0
BANDHANBNK,20221130,14:18,238.70,238.75,238.60,238.65,7064,0
BANDHANBNK,20221130,14:19,238.60,238.65,238.45,238.55,104538,0
BANDHANBNK,20221130,14:20,238.50,238.60,238.50,238.55,30191,0
BANDHANBNK,20221130,14:21,238.55,238.60,238.50,238.55,32072,0
BANDHANBNK,20221130,14:22,238.55,238.65,238.50,238.50,17969,0
BANDHANBNK,20221130,14:23,238.50,238.55,238.30,238.30,39586,0
BANDHANBNK,20221130,14:24,238.25,238.30,238.00,238.10,85894,0
BANDHANBNK,20221130,14:25,238.05,238.10,237.90,238.00,46971,0
BANDHANBNK,20221130,14:26,238.00,238.05,237.70,237.75,38374,0
BANDHANBNK,20221130,14:27,237.75,237.90,237.75,237.85,33107,0
BANDHANBNK,20221130,14:28,237.85,237.85,237.70,237.85,23714,0
BANDHANBNK,20221130,14:29,237.85,237.90,237.70,237.80,32372,0
BANDHANBNK,20221130,14:30,237.75,237.80,237.75,237.80,50173,0
BANDHANBNK,20221130,14:31,237.75,237.85,237.75,237.75,27421,0
BANDHANBNK,20221130,14:32,237.75,237.95,237.75,237.90,60687,0
BANDHANBNK,20221130,14:33,237.85,237.90,237.75,237.85,41538,0
BANDHANBNK,20221130,14:34,237.75,237.80,237.40,237.75,127771,0
BANDHANBNK,20221130,14:35,237.75,238.00,237.75,237.90,25290,0
BANDHANBNK,20221130,14:36,237.90,238.40,237.90,238.30,36019,0
BANDHANBNK,20221130,14:37,238.35,238.40,238.10,238.20,36309,0
BANDHANBNK,20221130,14:38,238.20,238.30,238.15,238.20,7527,0
BANDHANBNK,20221130,14:39,238.15,238.15,237.85,237.95,19114,0
BANDHANBNK,20221130,14:40,237.95,238.00,237.75,238.00,19891,0
BANDHANBNK,20221130,14:41,237.95,238.10,237.95,238.10,8365,0
BANDHANBNK,20221130,14:42,238.15,238.20,238.00,238.15,23529,0
BANDHANBNK,20221130,14:43,238.10,238.20,237.95,238.00,33930,0
BANDHANBNK,20221130,14:44,238.00,238.10,237.75,238.05,195422,0
BANDHANBNK,20221130,14:45,237.95,238.20,237.95,238.20,44113,0
BANDHANBNK,20221130,14:46,238.10,238.55,238.10,238.40,51154,0
BANDHANBNK,20221130,14:47,238.30,238.80,238.30,238.70,42936,0
BANDHANBNK,20221130,14:48,238.80,238.80,238.45,238.50,26582,0
BANDHANBNK,20221130,14:49,238.45,238.55,238.25,238.45,25731,0
BANDHANBNK,20221130,14:50,238.35,238.50,238.30,238.35,25419,0
BANDHANBNK,20221130,14:51,238.35,238.55,238.30,238.55,37043,0
BANDHANBNK,20221130,14:52,238.50,238.50,238.25,238.40,26626,0
BANDHANBNK,20221130,14:53,238.35,238.45,238.25,238.35,27385,0
BANDHANBNK,20221130,14:54,238.40,238.60,238.35,238.45,47139,0
BANDHANBNK,20221130,14:55,238.40,238.50,238.20,238.20,29666,0
BANDHANBNK,20221130,14:56,238.20,238.60,238.20,238.30,30015,0
BANDHANBNK,20221130,14:57,238.30,238.40,238.15,238.15,28788,0
BANDHANBNK,20221130,14:58,238.15,238.20,237.75,237.90,66025,0
BANDHANBNK,20221130,14:59,237.85,237.95,237.30,237.60,96519,0
BANDHANBNK,20221130,15:00,237.55,237.70,237.30,237.55,49446,0
BANDHANBNK,20221130,15:01,237.70,237.70,237.45,237.50,225400,0
BANDHANBNK,20221130,15:02,237.35,237.80,237.25,237.75,82762,0
BANDHANBNK,20221130,15:03,237.80,237.85,237.75,237.85,52920,0
BANDHANBNK,20221130,15:04,237.85,237.90,237.80,237.80,63449,0
BANDHANBNK,20221130,15:05,237.80,237.95,237.70,237.75,168132,0
BANDHANBNK,20221130,15:06,237.75,238.05,237.75,238.05,99779,0
BANDHANBNK,20221130,15:07,238.10,238.60,238.10,238.50,86834,0
BANDHANBNK,20221130,15:08,238.45,238.50,238.10,238.20,212205,0
BANDHANBNK,20221130,15:09,238.10,238.25,238.10,238.20,54257,0
BANDHANBNK,20221130,15:10,238.15,238.25,238.10,238.25,67538,0
BANDHANBNK,20221130,15:11,238.25,238.35,238.20,238.25,100284,0
BANDHANBNK,20221130,15:12,238.35,238.40,238.25,238.35,61693,0
BANDHANBNK,20221130,15:13,238.35,238.55,238.35,238.50,90759,0
BANDHANBNK,20221130,15:14,238.45,238.65,238.45,238.60,78417,0
BANDHANBNK,20221130,15:15,238.55,238.80,238.55,238.80,99822,0
BANDHANBNK,20221130,15:16,238.75,238.90,238.65,238.90,159714,0
BANDHANBNK,20221130,15:17,238.85,239.00,238.55,238.55,308755,0
BANDHANBNK,20221130,15:18,238.55,238.70,238.55,238.65,50748,0
BANDHANBNK,20221130,15:19,238.65,238.85,238.60,238.85,120179,0
BANDHANBNK,20221130,15:20,238.80,239.00,238.80,238.95,139444,0
BANDHANBNK,20221130,15:21,238.95,238.95,238.50,238.55,319148,0
BANDHANBNK,20221130,15:22,238.60,238.65,238.50,238.55,78906,0
BANDHANBNK,20221130,15:23,238.60,238.70,238.50,238.55,87193,0
BANDHANBNK,20221130,15:24,238.65,238.65,238.45,238.45,63585,0
BANDHANBNK,20221130,15:25,238.45,238.45,238.05,238.05,154249,0
BANDHANBNK,20221130,15:26,238.05,238.20,238.05,238.20,60188,0
BANDHANBNK,20221130,15:27,238.20,238.40,238.15,238.30,71720,0
BANDHANBNK,20221130,15:28,238.40,238.60,238.40,238.45,112757,0
BANDHANBNK,20221130,15:29,238.55,238.55,238.10,238.40,64767,0
BANDHANBNK,20221130,15:30,238.40,238.55,238.30,238.40,64106,0
BANDHANBNK,20221130,15:32,238.40,238.40,238.40,238.40,0,0
BANDHANBNK,20221130,15:41,238.40,238.40,238.40,238.40,250,0
BANDHANBNK,20221130,16:56,238.40,238.40,238.40,238.40,0,0
