CNX-IT,20221130,09:08,30274.50,30274.50,30274.50,30274.50,0,0
CNX-IT,20221130,09:16,30284.00,30313.20,30246.15,30313.20,0,0
CNX-IT,20221130,09:17,30315.10,30337.55,30298.15,30306.25,0,0
CNX-IT,20221130,09:18,30307.35,30328.45,30294.55,30323.95,0,0
CNX-IT,20221130,09:19,30321.15,30354.35,30311.05,30354.35,0,0
CNX-IT,20221130,09:20,30355.50,30396.40,30353.40,30370.25,0,0
CNX-IT,20221130,09:21,30377.15,30377.15,30331.40,30333.70,0,0
CNX-IT,20221130,09:22,30329.10,30363.15,30311.05,30362.85,0,0
CNX-IT,20221130,09:23,30362.65,30362.65,30305.30,30307.30,0,0
CNX-IT,20221130,09:24,30306.65,30309.45,30288.25,30300.75,0,0
CNX-IT,20221130,09:25,30303.00,30310.70,30288.40,30289.40,0,0
CNX-IT,20221130,09:26,30288.35,30290.35,30260.15,30264.50,0,0
CNX-IT,20221130,09:27,30266.00,30269.60,30257.00,30266.90,0,0
CNX-IT,20221130,09:28,30266.75,30267.35,30241.15,30248.00,0,0
CNX-IT,20221130,09:29,30245.90,30260.05,30242.25,30247.70,0,0
CNX-IT,20221130,09:30,30250.40,30250.85,30227.00,30227.00,0,0
CNX-IT,20221130,09:31,30229.05,30236.40,30214.65,30227.80,0,0
CNX-IT,20221130,09:32,30227.95,30236.35,30225.10,30233.65,0,0
CNX-IT,20221130,09:33,30233.30,30255.20,30226.50,30230.40,0,0
CNX-IT,20221130,09:34,30228.15,30243.15,30226.15,30237.90,0,0
CNX-IT,20221130,09:35,30236.95,30243.60,30234.35,30238.00,0,0
CNX-IT,20221130,09:36,30237.25,30242.90,30221.80,30222.60,0,0
CNX-IT,20221130,09:37,30221.00,30224.25,30208.00,30212.55,0,0
CNX-IT,20221130,09:38,30214.10,30214.50,30199.25,30201.50,0,0
CNX-IT,20221130,09:39,30198.45,30201.85,30188.25,30190.30,0,0
CNX-IT,20221130,09:40,30189.90,30190.70,30180.30,30185.20,0,0
CNX-IT,20221130,09:41,30186.00,30196.10,30184.25,30191.45,0,0
CNX-IT,20221130,09:42,30191.20,30205.50,30185.50,30204.75,0,0
CNX-IT,20221130,09:43,30207.40,30217.30,30200.40,30200.40,0,0
CNX-IT,20221130,09:44,30200.95,30206.10,30191.30,30191.30,0,0
CNX-IT,20221130,09:45,30196.85,30199.00,30185.10,30199.00,0,0
CNX-IT,20221130,09:46,30198.45,30198.45,30167.65,30171.90,0,0
CNX-IT,20221130,09:47,30173.25,30180.70,30166.00,30170.90,0,0
CNX-IT,20221130,09:48,30173.85,30183.30,30170.85,30175.95,0,0
CNX-IT,20221130,09:49,30176.05,30182.25,30172.75,30178.80,0,0
CNX-IT,20221130,09:50,30179.05,30184.30,30172.75,30174.05,0,0
CNX-IT,20221130,09:51,30176.30,30178.00,30171.30,30176.60,0,0
CNX-IT,20221130,09:52,30176.85,30176.85,30170.45,30170.45,0,0
CNX-IT,20221130,09:53,30171.70,30172.75,30147.70,30159.20,0,0
CNX-IT,20221130,09:54,30158.75,30159.05,30149.10,30150.35,0,0
CNX-IT,20221130,09:55,30149.80,30152.15,30133.95,30148.45,0,0
CNX-IT,20221130,09:56,30150.45,30164.90,30149.95,30164.90,0,0
CNX-IT,20221130,09:57,30165.25,30179.30,30165.25,30173.75,0,0
CNX-IT,20221130,09:58,30173.85,30176.95,30169.25,30173.30,0,0
CNX-IT,20221130,09:59,30173.55,30184.85,30172.40,30180.75,0,0
CNX-IT,20221130,10:00,30179.30,30183.50,30173.95,30175.70,0,0
CNX-IT,20221130,10:01,30176.05,30186.05,30173.45,30184.50,0,0
CNX-IT,20221130,10:02,30184.65,30192.30,30183.20,30192.30,0,0
CNX-IT,20221130,10:03,30191.95,30211.40,30191.55,30210.25,0,0
CNX-IT,20221130,10:04,30210.00,30217.60,30208.65,30217.25,0,0
CNX-IT,20221130,10:05,30216.80,30221.15,30213.95,30217.05,0,0
CNX-IT,20221130,10:06,30216.55,30224.60,30205.85,30208.70,0,0
CNX-IT,20221130,10:07,30208.35,30219.90,30208.35,30219.75,0,0
CNX-IT,20221130,10:08,30218.20,30223.50,30217.65,30219.90,0,0
CNX-IT,20221130,10:09,30220.00,30222.50,30207.45,30207.45,0,0
CNX-IT,20221130,10:10,30205.30,30206.45,30192.00,30192.00,0,0
CNX-IT,20221130,10:11,30192.40,30196.65,30187.80,30189.35,0,0
CNX-IT,20221130,10:12,30191.00,30195.80,30189.40,30190.15,0,0
CNX-IT,20221130,10:13,30191.35,30193.35,30176.50,30182.15,0,0
CNX-IT,20221130,10:14,30182.35,30182.50,30168.85,30172.05,0,0
CNX-IT,20221130,10:15,30171.60,30177.40,30169.10,30169.10,0,0
CNX-IT,20221130,10:16,30170.35,30175.20,30161.90,30161.90,0,0
CNX-IT,20221130,10:17,30160.60,30168.10,30160.45,30167.55,0,0
CNX-IT,20221130,10:18,30167.80,30180.30,30166.60,30179.50,0,0
CNX-IT,20221130,10:19,30179.45,30191.60,30177.60,30189.10,0,0
CNX-IT,20221130,10:20,30190.75,30192.80,30175.30,30176.60,0,0
CNX-IT,20221130,10:21,30175.45,30176.20,30165.10,30165.50,0,0
CNX-IT,20221130,10:22,30167.65,30175.05,30164.55,30175.05,0,0
CNX-IT,20221130,10:23,30175.45,30179.35,30173.75,30173.75,0,0
CNX-IT,20221130,10:24,30173.45,30175.55,30169.30,30173.95,0,0
CNX-IT,20221130,10:25,30173.10,30174.10,30167.65,30168.45,0,0
CNX-IT,20221130,10:26,30168.25,30168.25,30162.10,30163.30,0,0
CNX-IT,20221130,10:27,30163.45,30167.15,30162.25,30165.60,0,0
CNX-IT,20221130,10:28,30166.05,30170.65,30164.25,30170.20,0,0
CNX-IT,20221130,10:29,30172.15,30175.80,30169.25,30172.00,0,0
CNX-IT,20221130,10:30,30173.60,30174.80,30163.00,30164.30,0,0
CNX-IT,20221130,10:31,30163.30,30164.60,30159.10,30160.65,0,0
CNX-IT,20221130,10:32,30159.50,30170.80,30156.30,30169.10,0,0
CNX-IT,20221130,10:33,30169.75,30172.45,30165.45,30167.00,0,0
CNX-IT,20221130,10:34,30166.65,30167.70,30159.65,30159.65,0,0
CNX-IT,20221130,10:35,30161.00,30170.35,30159.45,30167.00,0,0
CNX-IT,20221130,10:36,30168.60,30170.65,30163.40,30167.40,0,0
CNX-IT,20221130,10:37,30169.80,30169.95,30155.40,30156.90,0,0
CNX-IT,20221130,10:38,30157.30,30168.25,30151.65,30166.25,0,0
CNX-IT,20221130,10:39,30165.95,30170.65,30164.05,30170.00,0,0
CNX-IT,20221130,10:40,30168.15,30170.05,30152.90,30155.70,0,0
CNX-IT,20221130,10:41,30155.50,30156.15,30147.85,30148.50,0,0
CNX-IT,20221130,10:42,30148.15,30157.25,30147.70,30157.15,0,0
CNX-IT,20221130,10:43,30157.45,30157.45,30151.60,30153.15,0,0
CNX-IT,20221130,10:44,30154.05,30156.15,30151.95,30154.45,0,0
CNX-IT,20221130,10:45,30155.25,30155.85,30152.45,30155.85,0,0
CNX-IT,20221130,10:46,30156.00,30169.80,30154.75,30168.75,0,0
CNX-IT,20221130,10:47,30168.60,30201.30,30168.60,30197.80,0,0
CNX-IT,20221130,10:48,30196.40,30197.05,30183.00,30186.20,0,0
CNX-IT,20221130,10:49,30187.15,30201.80,30183.70,30201.40,0,0
CNX-IT,20221130,10:50,30201.45,30203.45,30195.80,30197.35,0,0
CNX-IT,20221130,10:51,30197.65,30206.05,30196.00,30202.90,0,0
CNX-IT,20221130,10:52,30203.45,30210.80,30203.00,30209.30,0,0
CNX-IT,20221130,10:53,30208.95,30221.70,30205.65,30219.65,0,0
CNX-IT,20221130,10:54,30218.85,30223.95,30217.90,30223.95,0,0
CNX-IT,20221130,10:55,30223.70,30231.00,30222.30,30228.70,0,0
CNX-IT,20221130,10:56,30228.60,30238.65,30227.80,30238.50,0,0
CNX-IT,20221130,10:57,30237.10,30241.25,30235.50,30236.45,0,0
CNX-IT,20221130,10:58,30237.10,30241.85,30235.45,30240.50,0,0
CNX-IT,20221130,10:59,30240.35,30248.85,30239.55,30246.65,0,0
CNX-IT,20221130,11:00,30248.70,30251.10,30238.90,30243.05,0,0
CNX-IT,20221130,11:01,30242.60,30242.60,30218.70,30219.55,0,0
CNX-IT,20221130,11:02,30219.80,30232.50,30219.80,30224.30,0,0
CNX-IT,20221130,11:03,30223.50,30235.05,30221.25,30235.05,0,0
CNX-IT,20221130,11:04,30234.85,30238.50,30224.25,30228.40,0,0
CNX-IT,20221130,11:05,30228.50,30229.75,30223.40,30224.95,0,0
CNX-IT,20221130,11:06,30225.65,30235.05,30224.60,30230.95,0,0
CNX-IT,20221130,11:07,30230.05,30230.75,30225.30,30229.55,0,0
CNX-IT,20221130,11:08,30230.40,30232.90,30220.30,30231.20,0,0
CNX-IT,20221130,11:09,30231.55,30236.40,30227.65,30229.15,0,0
CNX-IT,20221130,11:10,30229.50,30239.45,30229.20,30238.20,0,0
CNX-IT,20221130,11:11,30237.85,30245.30,30231.70,30245.30,0,0
CNX-IT,20221130,11:12,30244.05,30248.35,30241.50,30243.45,0,0
CNX-IT,20221130,11:13,30242.20,30248.30,30241.00,30248.30,0,0
CNX-IT,20221130,11:14,30250.75,30266.80,30249.55,30256.35,0,0
CNX-IT,20221130,11:15,30255.85,30255.90,30249.45,30252.60,0,0
CNX-IT,20221130,11:16,30252.35,30263.25,30251.40,30262.15,0,0
CNX-IT,20221130,11:17,30261.90,30268.85,30261.90,30265.45,0,0
CNX-IT,20221130,11:18,30266.35,30274.10,30265.45,30266.50,0,0
CNX-IT,20221130,11:19,30268.70,30273.10,30265.70,30272.05,0,0
CNX-IT,20221130,11:20,30271.70,30272.70,30266.10,30266.35,0,0
CNX-IT,20221130,11:21,30267.00,30271.45,30265.40,30268.45,0,0
CNX-IT,20221130,11:22,30266.45,30270.15,30261.05,30261.05,0,0
CNX-IT,20221130,11:23,30260.40,30261.60,30250.20,30253.05,0,0
CNX-IT,20221130,11:24,30253.25,30263.35,30253.25,30260.35,0,0
CNX-IT,20221130,11:25,30260.25,30262.60,30256.65,30259.70,0,0
CNX-IT,20221130,11:26,30260.30,30260.30,30252.50,30254.40,0,0
CNX-IT,20221130,11:27,30255.40,30257.75,30250.65,30252.30,0,0
CNX-IT,20221130,11:28,30253.35,30253.35,30232.90,30235.60,0,0
CNX-IT,20221130,11:29,30235.80,30240.90,30233.20,30240.90,0,0
CNX-IT,20221130,11:30,30241.25,30242.85,30238.30,30241.00,0,0
CNX-IT,20221130,11:31,30240.70,30243.65,30237.10,30238.15,0,0
CNX-IT,20221130,11:32,30237.80,30242.55,30237.15,30237.80,0,0
CNX-IT,20221130,11:33,30240.10,30240.10,30226.10,30228.35,0,0
CNX-IT,20221130,11:34,30228.65,30230.75,30226.50,30228.50,0,0
CNX-IT,20221130,11:35,30229.90,30231.85,30225.55,30227.85,0,0
CNX-IT,20221130,11:36,30234.05,30250.35,30232.95,30248.75,0,0
CNX-IT,20221130,11:37,30249.70,30255.00,30240.95,30243.75,0,0
CNX-IT,20221130,11:38,30243.40,30248.20,30242.15,30248.10,0,0
CNX-IT,20221130,11:39,30248.30,30258.80,30247.70,30251.15,0,0
CNX-IT,20221130,11:40,30250.80,30250.80,30241.95,30242.30,0,0
CNX-IT,20221130,11:41,30242.55,30250.10,30241.25,30249.50,0,0
CNX-IT,20221130,11:42,30252.15,30262.45,30249.05,30261.50,0,0
CNX-IT,20221130,11:43,30262.45,30270.40,30261.25,30270.40,0,0
CNX-IT,20221130,11:44,30271.20,30277.30,30270.15,30274.35,0,0
CNX-IT,20221130,11:45,30277.25,30285.30,30274.35,30282.25,0,0
CNX-IT,20221130,11:46,30279.40,30280.95,30275.15,30278.80,0,0
CNX-IT,20221130,11:47,30280.05,30285.95,30279.00,30285.95,0,0
CNX-IT,20221130,11:48,30285.70,30286.25,30276.40,30278.55,0,0
CNX-IT,20221130,11:49,30278.75,30280.35,30277.85,30278.35,0,0
CNX-IT,20221130,11:50,30278.60,30287.95,30278.60,30285.40,0,0
CNX-IT,20221130,11:51,30286.00,30286.25,30276.90,30277.20,0,0
CNX-IT,20221130,11:52,30277.95,30279.50,30274.65,30276.05,0,0
CNX-IT,20221130,11:53,30275.95,30275.95,30261.15,30261.35,0,0
CNX-IT,20221130,11:54,30261.15,30261.85,30255.35,30256.60,0,0
CNX-IT,20221130,11:55,30255.95,30256.20,30252.00,30252.85,0,0
CNX-IT,20221130,11:56,30252.95,30253.75,30243.10,30246.90,0,0
CNX-IT,20221130,11:57,30247.40,30257.50,30244.10,30257.50,0,0
CNX-IT,20221130,11:58,30258.65,30260.95,30244.50,30247.05,0,0
CNX-IT,20221130,11:59,30247.10,30253.50,30245.35,30253.50,0,0
CNX-IT,20221130,12:00,30253.90,30257.35,30243.80,30243.80,0,0
CNX-IT,20221130,12:01,30240.30,30252.35,30239.80,30250.55,0,0
CNX-IT,20221130,12:02,30250.45,30259.60,30250.45,30259.15,0,0
CNX-IT,20221130,12:03,30259.35,30271.45,30259.35,30268.95,0,0
CNX-IT,20221130,12:04,30268.75,30271.30,30267.80,30268.70,0,0
CNX-IT,20221130,12:05,30268.60,30268.60,30262.80,30263.00,0,0
CNX-IT,20221130,12:06,30263.20,30271.95,30263.00,30271.35,0,0
CNX-IT,20221130,12:07,30270.15,30274.90,30265.70,30268.15,0,0
CNX-IT,20221130,12:08,30267.70,30273.55,30267.70,30270.95,0,0
CNX-IT,20221130,12:09,30270.70,30271.55,30268.20,30271.25,0,0
CNX-IT,20221130,12:10,30269.00,30272.60,30267.90,30269.70,0,0
CNX-IT,20221130,12:11,30270.10,30272.80,30269.15,30272.55,0,0
CNX-IT,20221130,12:12,30272.35,30273.70,30271.05,30273.40,0,0
CNX-IT,20221130,12:13,30273.15,30277.00,30266.75,30268.00,0,0
CNX-IT,20221130,12:14,30267.85,30269.60,30264.40,30264.40,0,0
CNX-IT,20221130,12:15,30264.90,30267.40,30264.45,30266.45,0,0
CNX-IT,20221130,12:16,30265.60,30266.15,30262.40,30265.05,0,0
CNX-IT,20221130,12:17,30265.10,30265.10,30261.40,30262.05,0,0
CNX-IT,20221130,12:18,30262.45,30265.80,30262.45,30264.55,0,0
CNX-IT,20221130,12:19,30264.95,30272.40,30264.75,30271.45,0,0
CNX-IT,20221130,12:20,30272.40,30279.35,30272.20,30276.40,0,0
CNX-IT,20221130,12:21,30275.80,30280.45,30272.90,30277.75,0,0
CNX-IT,20221130,12:22,30277.85,30280.75,30275.80,30280.50,0,0
CNX-IT,20221130,12:23,30279.50,30281.60,30277.80,30279.25,0,0
CNX-IT,20221130,12:24,30279.80,30279.80,30272.45,30272.45,0,0
CNX-IT,20221130,12:25,30273.60,30276.50,30271.60,30275.00,0,0
CNX-IT,20221130,12:26,30275.15,30277.35,30270.95,30272.30,0,0
CNX-IT,20221130,12:27,30272.60,30275.10,30271.30,30274.25,0,0
CNX-IT,20221130,12:28,30274.00,30276.25,30273.30,30274.75,0,0
CNX-IT,20221130,12:29,30275.00,30277.00,30273.05,30275.85,0,0
CNX-IT,20221130,12:30,30274.65,30274.95,30271.05,30271.05,0,0
CNX-IT,20221130,12:31,30271.40,30273.00,30270.30,30271.30,0,0
CNX-IT,20221130,12:32,30271.75,30272.80,30269.35,30272.80,0,0
CNX-IT,20221130,12:33,30272.65,30276.65,30272.35,30276.60,0,0
CNX-IT,20221130,12:34,30276.70,30279.55,30275.90,30279.35,0,0
CNX-IT,20221130,12:35,30278.70,30279.65,30271.55,30271.55,0,0
CNX-IT,20221130,12:36,30272.45,30274.60,30271.45,30273.50,0,0
CNX-IT,20221130,12:37,30273.25,30273.60,30268.80,30269.70,0,0
CNX-IT,20221130,12:38,30270.65,30281.10,30269.25,30280.55,0,0
CNX-IT,20221130,12:39,30281.50,30285.05,30280.30,30284.80,0,0
CNX-IT,20221130,12:40,30286.50,30295.35,30283.90,30294.65,0,0
CNX-IT,20221130,12:41,30295.20,30305.20,30293.35,30302.70,0,0
CNX-IT,20221130,12:42,30303.50,30306.90,30298.20,30298.95,0,0
CNX-IT,20221130,12:43,30299.75,30305.30,30296.70,30303.65,0,0
CNX-IT,20221130,12:44,30306.65,30312.25,30301.50,30312.10,0,0
CNX-IT,20221130,12:45,30311.95,30315.80,30307.30,30309.60,0,0
CNX-IT,20221130,12:46,30309.65,30316.20,30309.00,30315.00,0,0
CNX-IT,20221130,12:47,30316.40,30331.25,30315.80,30323.45,0,0
CNX-IT,20221130,12:48,30323.85,30323.85,30312.85,30313.65,0,0
CNX-IT,20221130,12:49,30315.50,30318.95,30311.70,30315.85,0,0
CNX-IT,20221130,12:50,30315.90,30323.55,30314.10,30320.15,0,0
CNX-IT,20221130,12:51,30317.40,30317.70,30311.25,30315.50,0,0
CNX-IT,20221130,12:52,30314.25,30325.50,30313.90,30320.60,0,0
CNX-IT,20221130,12:53,30320.85,30321.50,30314.30,30317.05,0,0
CNX-IT,20221130,12:54,30316.40,30323.25,30316.40,30322.15,0,0
CNX-IT,20221130,12:55,30322.00,30322.40,30309.05,30309.50,0,0
CNX-IT,20221130,12:56,30309.65,30315.60,30306.35,30306.35,0,0
CNX-IT,20221130,12:57,30309.80,30312.15,30305.05,30311.45,0,0
CNX-IT,20221130,12:58,30311.95,30319.20,30311.50,30316.10,0,0
CNX-IT,20221130,12:59,30315.55,30317.95,30313.75,30317.20,0,0
CNX-IT,20221130,13:00,30317.30,30323.50,30315.80,30322.30,0,0
CNX-IT,20221130,13:01,30321.75,30330.70,30321.75,30327.90,0,0
CNX-IT,20221130,13:02,30328.85,30328.85,30324.50,30325.50,0,0
CNX-IT,20221130,13:03,30324.95,30326.25,30314.35,30318.05,0,0
CNX-IT,20221130,13:04,30317.80,30326.45,30317.60,30323.85,0,0
CNX-IT,20221130,13:05,30324.35,30327.50,30322.40,30324.15,0,0
CNX-IT,20221130,13:06,30325.15,30330.00,30324.00,30327.05,0,0
CNX-IT,20221130,13:07,30326.45,30331.80,30326.15,30330.45,0,0
CNX-IT,20221130,13:08,30330.85,30338.05,30330.50,30336.60,0,0
CNX-IT,20221130,13:09,30337.15,30339.70,30335.00,30338.25,0,0
CNX-IT,20221130,13:10,30338.00,30346.15,30337.85,30346.15,0,0
CNX-IT,20221130,13:11,30346.05,30347.35,30335.70,30335.70,0,0
CNX-IT,20221130,13:12,30335.50,30335.50,30324.45,30327.60,0,0
CNX-IT,20221130,13:13,30327.70,30340.90,30327.70,30337.65,0,0
CNX-IT,20221130,13:14,30339.10,30343.90,30337.90,30337.90,0,0
CNX-IT,20221130,13:15,30337.95,30337.95,30332.20,30335.00,0,0
CNX-IT,20221130,13:16,30334.65,30339.60,30332.60,30339.10,0,0
CNX-IT,20221130,13:17,30339.65,30348.30,30339.30,30347.45,0,0
CNX-IT,20221130,13:18,30347.05,30352.20,30347.05,30349.50,0,0
CNX-IT,20221130,13:19,30349.15,30356.40,30343.65,30354.60,0,0
CNX-IT,20221130,13:20,30354.75,30360.30,30348.65,30349.30,0,0
CNX-IT,20221130,13:21,30349.50,30350.25,30347.20,30347.30,0,0
CNX-IT,20221130,13:22,30347.55,30350.75,30346.45,30347.05,0,0
CNX-IT,20221130,13:23,30347.45,30347.85,30332.25,30332.25,0,0
CNX-IT,20221130,13:24,30333.90,30335.00,30330.60,30335.00,0,0
CNX-IT,20221130,13:25,30334.05,30348.55,30334.05,30346.55,0,0
CNX-IT,20221130,13:26,30346.05,30348.90,30341.90,30346.95,0,0
CNX-IT,20221130,13:27,30346.10,30346.10,30332.40,30334.25,0,0
CNX-IT,20221130,13:28,30334.05,30339.75,30334.05,30336.00,0,0
CNX-IT,20221130,13:29,30335.45,30336.90,30320.95,30323.65,0,0
CNX-IT,20221130,13:30,30324.90,30324.90,30315.00,30315.00,0,0
CNX-IT,20221130,13:31,30313.30,30322.50,30313.10,30320.25,0,0
CNX-IT,20221130,13:32,30321.05,30330.30,30321.05,30329.05,0,0
CNX-IT,20221130,13:33,30327.75,30348.50,30327.75,30346.75,0,0
CNX-IT,20221130,13:34,30347.90,30353.50,30345.95,30351.05,0,0
CNX-IT,20221130,13:35,30349.95,30349.95,30330.65,30335.50,0,0
CNX-IT,20221130,13:36,30334.60,30345.50,30334.40,30344.75,0,0
CNX-IT,20221130,13:37,30343.95,30347.25,30338.80,30339.95,0,0
CNX-IT,20221130,13:38,30339.05,30344.70,30338.75,30344.20,0,0
CNX-IT,20221130,13:39,30340.45,30343.65,30336.95,30338.15,0,0
CNX-IT,20221130,13:40,30338.40,30346.75,30336.85,30340.05,0,0
CNX-IT,20221130,13:41,30340.50,30340.65,30336.60,30339.35,0,0
CNX-IT,20221130,13:42,30339.25,30344.35,30339.25,30342.05,0,0
CNX-IT,20221130,13:43,30342.45,30345.80,30341.20,30341.25,0,0
CNX-IT,20221130,13:44,30341.00,30341.00,30331.40,30334.80,0,0
CNX-IT,20221130,13:45,30335.20,30342.30,30330.60,30340.30,0,0
CNX-IT,20221130,13:46,30340.55,30342.15,30336.70,30341.45,0,0
CNX-IT,20221130,13:47,30341.70,30357.80,30339.35,30355.65,0,0
CNX-IT,20221130,13:48,30355.90,30361.30,30354.70,30356.85,0,0
CNX-IT,20221130,13:49,30356.90,30358.75,30346.55,30348.70,0,0
CNX-IT,20221130,13:50,30346.65,30347.15,30342.25,30346.90,0,0
CNX-IT,20221130,13:51,30347.15,30347.80,30341.35,30342.40,0,0
CNX-IT,20221130,13:52,30343.00,30343.40,30339.60,30340.45,0,0
CNX-IT,20221130,13:53,30340.50,30343.20,30338.05,30341.45,0,0
CNX-IT,20221130,13:54,30341.95,30357.55,30341.60,30357.55,0,0
CNX-IT,20221130,13:55,30355.70,30361.95,30353.70,30355.10,0,0
CNX-IT,20221130,13:56,30355.75,30361.20,30352.00,30360.75,0,0
CNX-IT,20221130,13:57,30359.20,30360.05,30352.65,30355.20,0,0
CNX-IT,20221130,13:58,30354.20,30358.75,30353.90,30356.20,0,0
CNX-IT,20221130,13:59,30357.00,30358.50,30348.25,30351.55,0,0
CNX-IT,20221130,14:00,30352.45,30358.60,30349.30,30351.80,0,0
CNX-IT,20221130,14:01,30350.80,30355.80,30347.05,30350.60,0,0
CNX-IT,20221130,14:02,30349.35,30349.35,30332.10,30332.80,0,0
CNX-IT,20221130,14:03,30333.15,30336.70,30330.65,30334.80,0,0
CNX-IT,20221130,14:04,30336.85,30344.85,30330.75,30330.75,0,0
CNX-IT,20221130,14:05,30331.20,30337.15,30326.20,30327.20,0,0
CNX-IT,20221130,14:06,30326.75,30329.45,30320.95,30325.45,0,0
CNX-IT,20221130,14:07,30325.55,30327.00,30315.15,30317.35,0,0
CNX-IT,20221130,14:08,30316.75,30321.00,30315.15,30318.70,0,0
CNX-IT,20221130,14:09,30318.00,30321.30,30314.40,30318.85,0,0
CNX-IT,20221130,14:10,30318.70,30324.35,30296.85,30297.35,0,0
CNX-IT,20221130,14:11,30297.80,30299.30,30279.55,30284.65,0,0
CNX-IT,20221130,14:12,30283.00,30286.10,30273.40,30282.20,0,0
CNX-IT,20221130,14:13,30280.55,30310.00,30280.55,30304.45,0,0
CNX-IT,20221130,14:14,30305.90,30316.45,30303.70,30305.45,0,0
CNX-IT,20221130,14:15,30305.00,30309.35,30304.25,30305.15,0,0
CNX-IT,20221130,14:16,30305.30,30314.35,30305.30,30314.20,0,0
CNX-IT,20221130,14:17,30313.00,30320.15,30313.00,30316.20,0,0
CNX-IT,20221130,14:18,30316.45,30319.90,30310.10,30314.50,0,0
CNX-IT,20221130,14:19,30314.65,30319.05,30307.70,30307.75,0,0
CNX-IT,20221130,14:20,30308.65,30313.15,30306.50,30309.70,0,0
CNX-IT,20221130,14:21,30309.95,30323.80,30309.55,30314.40,0,0
CNX-IT,20221130,14:22,30313.60,30321.35,30305.75,30312.80,0,0
CNX-IT,20221130,14:23,30309.35,30321.90,30307.05,30320.20,0,0
CNX-IT,20221130,14:24,30320.70,30323.90,30317.40,30321.90,0,0
CNX-IT,20221130,14:25,30324.00,30331.20,30321.70,30331.20,0,0
CNX-IT,20221130,14:26,30330.90,30343.20,30325.50,30341.70,0,0
CNX-IT,20221130,14:27,30342.85,30357.60,30342.75,30355.95,0,0
CNX-IT,20221130,14:28,30354.20,30364.60,30354.20,30362.95,0,0
CNX-IT,20221130,14:29,30364.15,30369.45,30359.35,30364.85,0,0
CNX-IT,20221130,14:30,30365.20,30369.85,30360.45,30365.55,0,0
CNX-IT,20221130,14:31,30364.40,30371.55,30358.50,30365.35,0,0
CNX-IT,20221130,14:32,30366.75,30389.15,30366.40,30387.15,0,0
CNX-IT,20221130,14:33,30387.60,30394.20,30380.30,30384.65,0,0
CNX-IT,20221130,14:34,30382.40,30391.70,30382.20,30389.50,0,0
CNX-IT,20221130,14:35,30389.05,30391.55,30382.60,30385.60,0,0
CNX-IT,20221130,14:36,30385.30,30395.20,30381.35,30382.65,0,0
CNX-IT,20221130,14:37,30383.10,30383.75,30378.60,30383.75,0,0
CNX-IT,20221130,14:38,30383.95,30395.90,30383.45,30395.25,0,0
CNX-IT,20221130,14:39,30394.90,30402.70,30393.55,30393.70,0,0
CNX-IT,20221130,14:40,30393.35,30403.55,30392.95,30399.05,0,0
CNX-IT,20221130,14:41,30397.70,30398.55,30391.05,30391.10,0,0
CNX-IT,20221130,14:42,30392.00,30403.80,30391.85,30398.95,0,0
CNX-IT,20221130,14:43,30399.05,30406.85,30397.60,30398.80,0,0
CNX-IT,20221130,14:44,30398.65,30401.60,30394.55,30395.45,0,0
CNX-IT,20221130,14:45,30395.20,30398.10,30364.85,30366.90,0,0
CNX-IT,20221130,14:46,30374.50,30376.90,30359.75,30359.75,0,0
CNX-IT,20221130,14:47,30360.25,30366.35,30359.60,30360.45,0,0
CNX-IT,20221130,14:48,30360.80,30367.30,30360.25,30366.50,0,0
CNX-IT,20221130,14:49,30365.75,30366.15,30353.40,30359.90,0,0
CNX-IT,20221130,14:50,30360.20,30362.15,30346.25,30359.00,0,0
CNX-IT,20221130,14:51,30359.60,30378.55,30359.60,30374.50,0,0
CNX-IT,20221130,14:52,30375.80,30383.00,30374.85,30379.45,0,0
CNX-IT,20221130,14:53,30379.40,30383.25,30370.55,30371.65,0,0
CNX-IT,20221130,14:54,30372.15,30374.05,30352.90,30360.25,0,0
CNX-IT,20221130,14:55,30359.30,30367.70,30358.85,30365.50,0,0
CNX-IT,20221130,14:56,30367.00,30367.60,30341.45,30350.50,0,0
CNX-IT,20221130,14:57,30351.90,30357.45,30326.30,30338.85,0,0
CNX-IT,20221130,14:58,30338.70,30353.80,30337.95,30344.20,0,0
CNX-IT,20221130,14:59,30344.15,30350.95,30344.15,30347.75,0,0
CNX-IT,20221130,15:00,30347.10,30351.65,30340.60,30341.60,0,0
CNX-IT,20221130,15:01,30343.85,30346.60,30328.10,30344.85,0,0
CNX-IT,20221130,15:02,30344.55,30350.15,30285.65,30297.05,0,0
CNX-IT,20221130,15:03,30297.70,30297.70,30258.80,30259.25,0,0
CNX-IT,20221130,15:04,30259.35,30288.30,30252.75,30288.30,0,0
CNX-IT,20221130,15:05,30288.75,30326.50,30288.75,30291.20,0,0
CNX-IT,20221130,15:06,30293.15,30325.00,30288.35,30323.15,0,0
CNX-IT,20221130,15:07,30320.50,30327.85,30318.55,30326.55,0,0
CNX-IT,20221130,15:08,30326.75,30347.30,30325.10,30340.25,0,0
CNX-IT,20221130,15:09,30340.85,30346.90,30329.75,30334.55,0,0
CNX-IT,20221130,15:10,30338.55,30363.90,30335.55,30354.45,0,0
CNX-IT,20221130,15:11,30354.95,30354.95,30330.60,30352.85,0,0
CNX-IT,20221130,15:12,30353.00,30364.40,30352.55,30361.25,0,0
CNX-IT,20221130,15:13,30361.55,30366.30,30361.55,30362.55,0,0
CNX-IT,20221130,15:14,30363.80,30370.75,30357.50,30365.20,0,0
CNX-IT,20221130,15:15,30365.85,30374.25,30363.85,30372.60,0,0
CNX-IT,20221130,15:16,30376.00,30414.80,30373.30,30410.80,0,0
CNX-IT,20221130,15:17,30412.80,30453.30,30412.20,30445.30,0,0
CNX-IT,20221130,15:18,30445.05,30447.90,30422.65,30422.65,0,0
CNX-IT,20221130,15:19,30423.00,30446.45,30418.35,30446.45,0,0
CNX-IT,20221130,15:20,30445.75,30450.45,30441.50,30449.05,0,0
CNX-IT,20221130,15:21,30450.40,30463.50,30438.35,30456.70,0,0
CNX-IT,20221130,15:22,30455.45,30478.70,30454.95,30473.55,0,0
CNX-IT,20221130,15:23,30473.70,30482.60,30466.20,30480.40,0,0
CNX-IT,20221130,15:24,30480.35,30481.75,30471.70,30472.80,0,0
CNX-IT,20221130,15:25,30476.50,30477.00,30474.35,30474.90,0,0
CNX-IT,20221130,15:26,30474.10,30476.85,30471.70,30473.50,0,0
CNX-IT,20221130,15:27,30476.70,30477.25,30471.15,30474.75,0,0
CNX-IT,20221130,15:28,30474.65,30475.35,30449.50,30474.65,0,0
CNX-IT,20221130,15:29,30472.95,30499.35,30447.35,30457.40,0,0
CNX-IT,20221130,15:30,30450.70,30455.40,30403.60,30423.15,0,0
CNX-IT,20221130,15:31,30443.90,30443.90,30443.90,30443.90,0,0
CNX-IT,20221130,15:32,30391.70,30391.70,30391.70,30391.70,0,0
