ASIANPAINT_F1,20200703,09:16,1699.35,1702.80,1698.00,1701.60,15300,5222100
ASIANPAINT_F1,20200703,09:17,1701.70,1701.70,1695.60,1696.10,9900,5222100
ASIANPAINT_F1,20200703,09:18,1695.00,1695.75,1693.90,1695.00,7500,5223900
ASIANPAINT_F1,20200703,09:19,1694.70,1698.00,1693.80,1696.95,8700,5223900
ASIANPAINT_F1,20200703,09:20,1696.65,1697.45,1695.85,1697.15,5400,5223900
ASIANPAINT_F1,20200703,09:21,1697.50,1697.50,1695.85,1697.00,8400,5227500
ASIANPAINT_F1,20200703,09:22,1697.95,1697.95,1696.55,1697.10,5700,5227500
ASIANPAINT_F1,20200703,09:23,1697.20,1702.60,1696.85,1702.60,17400,5227500
ASIANPAINT_F1,20200703,09:24,1702.50,1705.20,1701.30,1702.55,20100,5232900
ASIANPAINT_F1,20200703,09:25,1703.15,1706.35,1703.15,1705.75,9900,5232900
ASIANPAINT_F1,20200703,09:26,1706.00,1708.00,1704.00,1704.00,13500,5232900
ASIANPAINT_F1,20200703,09:27,1704.30,1708.00,1704.00,1708.00,15900,5244900
ASIANPAINT_F1,20200703,09:28,1709.00,1715.65,1709.00,1711.70,38100,5244900
ASIANPAINT_F1,20200703,09:29,1710.95,1712.00,1710.00,1710.10,11400,5244900
ASIANPAINT_F1,20200703,09:30,1710.80,1714.00,1710.25,1713.00,15300,5256600
ASIANPAINT_F1,20200703,09:31,1713.90,1714.70,1711.75,1711.75,14100,5256600
ASIANPAINT_F1,20200703,09:32,1711.95,1714.30,1711.90,1713.15,11100,5256600
ASIANPAINT_F1,20200703,09:33,1713.60,1714.50,1713.30,1714.00,9900,5265900
ASIANPAINT_F1,20200703,09:34,1714.00,1714.60,1713.20,1714.00,6300,5265900
ASIANPAINT_F1,20200703,09:35,1714.10,1717.30,1714.10,1715.90,22200,5265900
ASIANPAINT_F1,20200703,09:36,1715.75,1721.70,1715.75,1721.70,31500,5270700
ASIANPAINT_F1,20200703,09:37,1721.55,1722.60,1719.65,1722.00,27900,5270700
ASIANPAINT_F1,20200703,09:38,1721.70,1722.90,1720.25,1721.20,31200,5270700
ASIANPAINT_F1,20200703,09:39,1722.00,1722.00,1717.15,1718.10,21600,5282100
ASIANPAINT_F1,20200703,09:40,1717.90,1719.25,1717.85,1719.20,11400,5282100
ASIANPAINT_F1,20200703,09:41,1718.55,1720.00,1716.25,1716.25,21600,5282100
ASIANPAINT_F1,20200703,09:42,1716.75,1716.75,1714.20,1714.95,11400,5302200
ASIANPAINT_F1,20200703,09:43,1714.20,1715.85,1714.20,1715.50,9000,5302200
ASIANPAINT_F1,20200703,09:44,1714.55,1716.80,1714.55,1716.80,13200,5302200
ASIANPAINT_F1,20200703,09:45,1717.50,1718.35,1716.95,1717.80,14100,5306100
ASIANPAINT_F1,20200703,09:46,1718.20,1718.30,1716.70,1717.00,6300,5306100
ASIANPAINT_F1,20200703,09:47,1717.35,1717.35,1715.75,1716.00,5100,5306100
ASIANPAINT_F1,20200703,09:48,1716.95,1717.80,1716.95,1717.80,5700,5309700
ASIANPAINT_F1,20200703,09:49,1717.40,1718.25,1717.40,1718.25,4800,5309700
ASIANPAINT_F1,20200703,09:50,1718.60,1718.60,1718.20,1718.50,2700,5309700
ASIANPAINT_F1,20200703,09:51,1718.15,1718.15,1715.90,1716.00,4500,5312400
ASIANPAINT_F1,20200703,09:52,1716.50,1717.00,1716.00,1716.30,3600,5312400
ASIANPAINT_F1,20200703,09:53,1716.75,1717.00,1715.30,1716.85,9900,5312400
ASIANPAINT_F1,20200703,09:54,1716.05,1716.80,1712.10,1713.15,13200,5317200
ASIANPAINT_F1,20200703,09:55,1713.00,1713.35,1711.50,1712.00,9900,5317200
ASIANPAINT_F1,20200703,09:56,1712.35,1713.60,1712.00,1713.60,3600,5317200
ASIANPAINT_F1,20200703,09:57,1712.95,1713.15,1712.00,1712.35,3000,5319300
ASIANPAINT_F1,20200703,09:58,1712.70,1714.75,1712.55,1714.50,5100,5319300
ASIANPAINT_F1,20200703,09:59,1714.00,1714.65,1714.00,1714.30,2700,5319300
ASIANPAINT_F1,20200703,10:00,1713.55,1713.95,1713.10,1713.55,3300,5322900
ASIANPAINT_F1,20200703,10:01,1714.40,1714.40,1713.25,1714.35,2400,5322900
ASIANPAINT_F1,20200703,10:02,1714.80,1714.80,1713.20,1713.20,2100,5322900
ASIANPAINT_F1,20200703,10:03,1714.00,1714.10,1712.20,1712.20,4800,5325000
ASIANPAINT_F1,20200703,10:04,1712.15,1712.35,1708.10,1709.45,20100,5325000
ASIANPAINT_F1,20200703,10:05,1709.05,1709.35,1707.85,1708.00,12600,5325000
ASIANPAINT_F1,20200703,10:06,1707.50,1707.50,1703.00,1704.95,24300,5316300
ASIANPAINT_F1,20200703,10:07,1704.35,1706.40,1703.50,1706.40,14100,5316300
ASIANPAINT_F1,20200703,10:08,1706.60,1706.90,1705.00,1705.90,8400,5316300
ASIANPAINT_F1,20200703,10:09,1706.10,1707.00,1705.10,1705.90,6300,5304900
ASIANPAINT_F1,20200703,10:10,1705.90,1706.60,1705.90,1706.45,1800,5304900
ASIANPAINT_F1,20200703,10:11,1706.65,1706.95,1706.10,1706.65,3000,5304900
ASIANPAINT_F1,20200703,10:12,1705.20,1705.20,1704.05,1704.05,7500,5306400
ASIANPAINT_F1,20200703,10:13,1704.00,1704.15,1703.15,1704.15,7500,5306400
ASIANPAINT_F1,20200703,10:14,1704.00,1705.65,1704.00,1705.65,5400,5306400
ASIANPAINT_F1,20200703,10:15,1705.20,1706.00,1704.95,1705.95,2700,5305500
ASIANPAINT_F1,20200703,10:16,1706.00,1706.00,1704.80,1705.25,3000,5305500
ASIANPAINT_F1,20200703,10:17,1704.45,1705.25,1704.10,1704.30,3300,5305500
ASIANPAINT_F1,20200703,10:18,1705.00,1705.00,1703.20,1703.20,2100,5309400
ASIANPAINT_F1,20200703,10:19,1703.70,1704.40,1703.40,1704.00,3000,5309400
ASIANPAINT_F1,20200703,10:20,1704.10,1705.85,1704.10,1705.85,2400,5309400
ASIANPAINT_F1,20200703,10:21,1705.30,1706.15,1705.30,1706.15,1800,5307900
ASIANPAINT_F1,20200703,10:22,1705.55,1706.30,1704.75,1705.70,4500,5307900
ASIANPAINT_F1,20200703,10:23,1705.80,1705.95,1704.20,1704.20,3000,5307900
ASIANPAINT_F1,20200703,10:24,1704.80,1704.85,1704.80,1704.85,1800,5308500
ASIANPAINT_F1,20200703,10:25,1704.85,1704.95,1704.85,1704.85,900,5308500
ASIANPAINT_F1,20200703,10:26,1704.95,1705.90,1704.85,1705.90,1800,5308500
ASIANPAINT_F1,20200703,10:27,1705.25,1705.50,1705.25,1705.50,2400,5309400
ASIANPAINT_F1,20200703,10:28,1705.50,1705.50,1703.70,1703.70,6900,5309400
ASIANPAINT_F1,20200703,10:29,1704.50,1705.90,1704.50,1705.90,1500,5309400
ASIANPAINT_F1,20200703,10:30,1705.95,1705.95,1705.95,1705.95,300,5309400
ASIANPAINT_F1,20200703,10:31,1706.10,1707.00,1706.10,1707.00,1500,5310900
ASIANPAINT_F1,20200703,10:32,1707.00,1707.25,1705.90,1705.90,3300,5310900
ASIANPAINT_F1,20200703,10:33,1706.25,1706.50,1705.35,1706.50,3000,5312400
ASIANPAINT_F1,20200703,10:34,1706.35,1707.00,1706.35,1707.00,900,5312400
ASIANPAINT_F1,20200703,10:35,1706.70,1706.70,1706.05,1706.35,2700,5312400
ASIANPAINT_F1,20200703,10:36,1706.45,1706.45,1704.75,1704.75,4800,5315700
ASIANPAINT_F1,20200703,10:37,1704.05,1704.05,1701.95,1701.95,11100,5315700
ASIANPAINT_F1,20200703,10:38,1701.70,1701.70,1699.45,1700.40,18300,5315700
ASIANPAINT_F1,20200703,10:39,1700.95,1702.45,1700.95,1702.00,3600,5316900
ASIANPAINT_F1,20200703,10:40,1701.55,1701.55,1700.20,1700.20,2100,5316900
ASIANPAINT_F1,20200703,10:41,1700.50,1700.75,1699.20,1699.45,2700,5316900
ASIANPAINT_F1,20200703,10:42,1699.30,1699.30,1696.20,1697.00,9000,5315100
ASIANPAINT_F1,20200703,10:43,1696.70,1697.00,1695.55,1696.55,16800,5315100
ASIANPAINT_F1,20200703,10:44,1696.55,1698.95,1696.55,1698.95,4500,5315100
ASIANPAINT_F1,20200703,10:45,1698.75,1699.85,1698.75,1699.70,2400,5307600
ASIANPAINT_F1,20200703,10:46,1699.70,1700.00,1699.00,1699.00,2400,5307600
ASIANPAINT_F1,20200703,10:47,1699.35,1699.45,1699.35,1699.45,1200,5307600
ASIANPAINT_F1,20200703,10:48,1699.45,1699.75,1699.05,1699.75,900,5307600
ASIANPAINT_F1,20200703,10:49,1699.70,1699.70,1699.00,1699.00,600,5307300
ASIANPAINT_F1,20200703,10:50,1699.00,1699.00,1697.75,1697.75,1500,5307300
ASIANPAINT_F1,20200703,10:51,1697.95,1697.95,1697.05,1697.80,1800,5307900
ASIANPAINT_F1,20200703,10:52,1698.05,1698.95,1698.05,1698.95,2100,5307900
ASIANPAINT_F1,20200703,10:53,1698.75,1700.30,1698.75,1700.30,2700,5307900
ASIANPAINT_F1,20200703,10:54,1700.00,1700.95,1700.00,1700.95,1800,5307300
ASIANPAINT_F1,20200703,10:55,1700.75,1701.50,1700.75,1701.50,2100,5307300
ASIANPAINT_F1,20200703,10:56,1701.75,1702.65,1701.75,1702.60,4500,5307300
ASIANPAINT_F1,20200703,10:57,1703.00,1704.00,1703.00,1704.00,2700,5305500
ASIANPAINT_F1,20200703,10:58,1704.15,1704.15,1704.15,1704.15,300,5305500
ASIANPAINT_F1,20200703,10:59,1704.00,1704.85,1703.45,1704.50,3300,5305500
ASIANPAINT_F1,20200703,11:00,1704.20,1704.95,1704.20,1704.50,2400,5306100
ASIANPAINT_F1,20200703,11:01,1704.00,1704.00,1703.70,1703.70,3000,5306100
ASIANPAINT_F1,20200703,11:02,1704.00,1704.00,1703.40,1703.40,600,5306100
ASIANPAINT_F1,20200703,11:03,1703.75,1705.40,1703.60,1705.25,3900,5306100
ASIANPAINT_F1,20200703,11:04,1705.55,1706.00,1705.55,1706.00,3600,5306100
ASIANPAINT_F1,20200703,11:05,1706.35,1706.35,1705.30,1705.30,900,5306100
ASIANPAINT_F1,20200703,11:06,1705.50,1705.50,1704.55,1705.00,1200,5308500
ASIANPAINT_F1,20200703,11:07,1705.00,1705.35,1705.00,1705.00,900,5308500
ASIANPAINT_F1,20200703,11:08,1705.00,1705.00,1704.20,1704.20,2100,5308500
ASIANPAINT_F1,20200703,11:09,1704.40,1705.55,1704.00,1704.45,6000,5309700
ASIANPAINT_F1,20200703,11:10,1704.00,1705.55,1704.00,1704.00,5400,5309700
ASIANPAINT_F1,20200703,11:11,1704.00,1705.50,1704.00,1705.50,3300,5309700
ASIANPAINT_F1,20200703,11:12,1704.80,1705.10,1703.15,1703.75,5400,5311800
ASIANPAINT_F1,20200703,11:13,1704.30,1704.50,1703.30,1704.45,4200,5311800
ASIANPAINT_F1,20200703,11:14,1704.00,1705.25,1702.30,1705.25,5100,5311800
ASIANPAINT_F1,20200703,11:15,1703.80,1704.90,1702.50,1704.90,3300,5313900
ASIANPAINT_F1,20200703,11:16,1703.75,1704.70,1702.40,1704.70,4800,5313900
ASIANPAINT_F1,20200703,11:17,1704.40,1704.40,1702.00,1702.80,3300,5313900
ASIANPAINT_F1,20200703,11:18,1704.00,1704.60,1702.80,1704.00,5400,5298600
ASIANPAINT_F1,20200703,11:19,1704.00,1704.45,1704.00,1704.45,600,5298600
ASIANPAINT_F1,20200703,11:20,1703.50,1703.50,1703.50,1703.50,300,5298600
ASIANPAINT_F1,20200703,11:21,1703.45,1703.95,1703.45,1703.95,600,5298600
ASIANPAINT_F1,20200703,11:22,1703.40,1704.25,1703.40,1704.25,600,5298600
ASIANPAINT_F1,20200703,11:23,1704.25,1704.25,1704.25,1704.25,300,5298600
ASIANPAINT_F1,20200703,11:28,1704.90,1705.70,1704.90,1705.70,900,5298000
ASIANPAINT_F1,20200703,11:29,1705.55,1705.60,1705.00,1705.60,1500,5298000
ASIANPAINT_F1,20200703,11:30,1706.00,1706.50,1706.00,1706.50,2100,5298300
ASIANPAINT_F1,20200703,11:31,1707.05,1707.05,1706.50,1706.95,5100,5298300
ASIANPAINT_F1,20200703,11:32,1707.40,1707.40,1707.15,1707.20,1200,5298300
ASIANPAINT_F1,20200703,11:33,1707.25,1707.65,1707.00,1707.55,2100,5298300
ASIANPAINT_F1,20200703,11:34,1707.00,1707.00,1705.80,1705.80,600,5299800
ASIANPAINT_F1,20200703,11:35,1706.20,1706.35,1706.20,1706.35,1500,5299800
ASIANPAINT_F1,20200703,11:36,1706.40,1706.40,1706.40,1706.40,300,5301000
ASIANPAINT_F1,20200703,11:37,1706.40,1707.20,1706.40,1707.20,3000,5301000
ASIANPAINT_F1,20200703,11:38,1707.40,1707.60,1705.95,1707.30,6300,5301000
ASIANPAINT_F1,20200703,11:39,1706.65,1707.65,1706.65,1707.65,600,5304600
ASIANPAINT_F1,20200703,11:40,1707.35,1707.90,1707.20,1707.90,3300,5304600
ASIANPAINT_F1,20200703,11:41,1707.45,1707.45,1707.10,1707.25,1200,5304600
ASIANPAINT_F1,20200703,11:42,1707.50,1707.50,1707.05,1707.35,1800,5304600
ASIANPAINT_F1,20200703,11:43,1707.35,1707.35,1707.35,1707.35,600,5306400
ASIANPAINT_F1,20200703,11:44,1707.50,1707.75,1707.10,1707.70,1500,5306400
ASIANPAINT_F1,20200703,11:45,1707.20,1707.70,1707.15,1707.50,1500,5306400
ASIANPAINT_F1,20200703,11:46,1708.00,1710.00,1707.95,1710.00,6600,5306400
ASIANPAINT_F1,20200703,11:47,1710.40,1712.35,1710.40,1711.65,4500,5306400
ASIANPAINT_F1,20200703,11:48,1712.15,1712.15,1710.50,1710.50,3600,5302500
ASIANPAINT_F1,20200703,11:49,1710.30,1710.30,1710.00,1710.00,1200,5302500
ASIANPAINT_F1,20200703,11:50,1709.35,1709.35,1709.20,1709.25,2400,5302500
ASIANPAINT_F1,20200703,11:51,1709.10,1711.65,1709.10,1711.65,4800,5303400
ASIANPAINT_F1,20200703,11:52,1710.95,1711.45,1710.30,1711.00,3300,5303400
ASIANPAINT_F1,20200703,11:53,1711.45,1712.90,1711.15,1711.15,4500,5303400
ASIANPAINT_F1,20200703,11:54,1711.75,1711.75,1710.95,1711.50,1500,5304600
ASIANPAINT_F1,20200703,11:55,1710.85,1710.95,1710.25,1710.25,2400,5304600
ASIANPAINT_F1,20200703,11:56,1710.15,1710.45,1710.15,1710.45,900,5304600
ASIANPAINT_F1,20200703,11:57,1709.80,1710.15,1709.80,1710.15,1200,5304900
ASIANPAINT_F1,20200703,11:58,1710.10,1710.10,1709.35,1709.40,1800,5304900
ASIANPAINT_F1,20200703,11:59,1709.25,1709.40,1709.00,1709.25,3300,5304900
ASIANPAINT_F1,20200703,12:00,1709.10,1709.10,1709.10,1709.10,300,5304900
ASIANPAINT_F1,20200703,12:01,1709.70,1710.00,1709.45,1710.00,1500,5305800
ASIANPAINT_F1,20200703,12:02,1710.00,1710.00,1709.80,1710.00,2700,5305800
ASIANPAINT_F1,20200703,12:03,1709.20,1709.20,1706.50,1706.50,4500,5306700
ASIANPAINT_F1,20200703,12:04,1707.00,1707.90,1707.00,1707.15,2700,5306700
ASIANPAINT_F1,20200703,12:05,1706.85,1707.00,1706.20,1706.20,2100,5306700
ASIANPAINT_F1,20200703,12:06,1706.00,1706.15,1705.00,1705.05,3300,5307300
ASIANPAINT_F1,20200703,12:07,1705.45,1705.90,1705.35,1705.90,1200,5307300
ASIANPAINT_F1,20200703,12:08,1705.00,1705.00,1704.45,1705.00,4500,5307300
ASIANPAINT_F1,20200703,12:09,1704.95,1705.00,1704.45,1705.00,1800,5308200
ASIANPAINT_F1,20200703,12:10,1704.50,1704.65,1703.90,1704.65,2100,5308200
ASIANPAINT_F1,20200703,12:11,1704.65,1704.90,1704.20,1704.20,1500,5308200
ASIANPAINT_F1,20200703,12:12,1705.20,1705.20,1704.70,1704.70,900,5308200
ASIANPAINT_F1,20200703,12:13,1703.50,1703.50,1703.10,1703.10,2400,5311500
ASIANPAINT_F1,20200703,12:14,1703.45,1703.45,1700.85,1701.20,7200,5311500
ASIANPAINT_F1,20200703,12:15,1701.75,1702.25,1701.20,1702.25,2700,5313600
ASIANPAINT_F1,20200703,12:16,1702.40,1702.50,1701.65,1702.50,1500,5313600
ASIANPAINT_F1,20200703,12:17,1703.65,1704.10,1703.65,1704.10,600,5313600
ASIANPAINT_F1,20200703,12:18,1703.75,1703.75,1703.00,1703.00,2400,5315100
ASIANPAINT_F1,20200703,12:19,1703.00,1703.40,1703.00,1703.40,1500,5315100
ASIANPAINT_F1,20200703,12:20,1703.40,1703.40,1703.40,1703.40,300,5315100
ASIANPAINT_F1,20200703,12:21,1703.80,1703.95,1703.40,1703.40,1200,5315100
ASIANPAINT_F1,20200703,12:22,1703.45,1704.25,1703.45,1704.25,900,5315100
ASIANPAINT_F1,20200703,12:23,1703.85,1703.95,1703.80,1703.80,1200,5315100
ASIANPAINT_F1,20200703,12:24,1703.95,1704.35,1703.65,1703.65,1500,5315100
ASIANPAINT_F1,20200703,12:25,1703.50,1703.50,1703.25,1703.45,1500,5316000
ASIANPAINT_F1,20200703,12:26,1703.50,1703.70,1703.50,1703.70,1200,5316000
ASIANPAINT_F1,20200703,12:27,1703.60,1703.65,1703.60,1703.65,900,5316000
ASIANPAINT_F1,20200703,12:28,1703.65,1703.85,1703.65,1703.85,600,5316300
ASIANPAINT_F1,20200703,12:29,1703.70,1703.70,1703.65,1703.65,900,5316300
ASIANPAINT_F1,20200703,12:30,1703.95,1703.95,1703.95,1703.95,600,5316300
ASIANPAINT_F1,20200703,12:31,1704.00,1704.40,1703.40,1703.90,3000,5315700
ASIANPAINT_F1,20200703,12:32,1703.95,1704.25,1703.95,1704.00,900,5315700
ASIANPAINT_F1,20200703,12:33,1704.00,1704.25,1704.00,1704.25,600,5315700
ASIANPAINT_F1,20200703,12:34,1704.00,1704.40,1703.75,1704.40,1800,5315100
ASIANPAINT_F1,20200703,12:35,1704.50,1704.65,1703.80,1703.80,1800,5315100
ASIANPAINT_F1,20200703,12:36,1704.50,1704.50,1703.50,1703.50,1500,5316300
ASIANPAINT_F1,20200703,12:37,1703.75,1703.80,1702.55,1702.55,2700,5316300
ASIANPAINT_F1,20200703,12:38,1703.05,1703.35,1703.05,1703.05,1800,5316300
ASIANPAINT_F1,20200703,12:39,1704.25,1704.25,1704.25,1704.25,300,5316300
ASIANPAINT_F1,20200703,12:40,1703.75,1704.35,1703.60,1703.60,2400,5318100
ASIANPAINT_F1,20200703,12:41,1703.40,1703.40,1703.30,1703.30,600,5318100
ASIANPAINT_F1,20200703,12:42,1703.40,1703.40,1703.40,1703.40,300,5318100
ASIANPAINT_F1,20200703,12:43,1702.30,1702.70,1702.10,1702.10,1800,5319300
ASIANPAINT_F1,20200703,12:44,1702.40,1702.45,1702.05,1702.05,2700,5319300
ASIANPAINT_F1,20200703,12:45,1702.35,1702.45,1702.05,1702.05,2400,5318400
ASIANPAINT_F1,20200703,12:46,1701.55,1701.70,1701.00,1701.00,2700,5318400
ASIANPAINT_F1,20200703,12:47,1701.40,1702.75,1701.40,1702.75,5700,5318400
ASIANPAINT_F1,20200703,12:48,1702.00,1702.00,1701.55,1702.00,2400,5318400
ASIANPAINT_F1,20200703,12:49,1702.05,1702.05,1702.05,1702.05,600,5317800
ASIANPAINT_F1,20200703,12:50,1701.55,1703.80,1701.35,1703.50,5400,5317800
ASIANPAINT_F1,20200703,12:51,1703.90,1703.90,1701.45,1701.45,4500,5317800
ASIANPAINT_F1,20200703,12:52,1701.95,1703.50,1701.95,1703.50,900,5318100
ASIANPAINT_F1,20200703,12:53,1702.05,1703.65,1702.05,1703.65,2400,5318100
ASIANPAINT_F1,20200703,12:54,1703.40,1703.40,1702.95,1702.95,600,5318100
ASIANPAINT_F1,20200703,12:56,1702.85,1702.85,1702.85,1702.85,300,5319300
ASIANPAINT_F1,20200703,12:59,1703.30,1703.30,1703.25,1703.25,600,5319000
ASIANPAINT_F1,20200703,13:00,1702.70,1702.70,1702.70,1702.70,300,5318700
ASIANPAINT_F1,20200703,13:01,1702.55,1702.55,1702.55,1702.55,300,5318700
ASIANPAINT_F1,20200703,13:02,1701.90,1702.45,1701.90,1702.45,1500,5318700
ASIANPAINT_F1,20200703,13:03,1701.35,1701.60,1701.35,1701.60,600,5319300
ASIANPAINT_F1,20200703,13:04,1701.50,1702.00,1701.40,1701.40,900,5319300
ASIANPAINT_F1,20200703,13:05,1701.40,1701.60,1701.40,1701.60,900,5319300
ASIANPAINT_F1,20200703,13:06,1702.15,1703.25,1702.15,1703.25,3000,5319300
ASIANPAINT_F1,20200703,13:07,1702.10,1702.10,1701.50,1701.50,900,5319000
ASIANPAINT_F1,20200703,13:09,1701.75,1702.65,1701.75,1702.65,1800,5319000
ASIANPAINT_F1,20200703,13:11,1702.05,1702.05,1702.05,1702.05,300,5320500
ASIANPAINT_F1,20200703,13:12,1702.45,1702.75,1702.45,1702.75,600,5320500
ASIANPAINT_F1,20200703,13:13,1703.00,1703.35,1702.75,1703.35,1800,5320500
ASIANPAINT_F1,20200703,13:16,1703.00,1703.00,1703.00,1703.00,600,5320500
ASIANPAINT_F1,20200703,13:17,1702.50,1702.50,1702.50,1702.50,300,5319600
ASIANPAINT_F1,20200703,13:18,1702.60,1702.60,1702.05,1702.05,600,5319600
ASIANPAINT_F1,20200703,13:19,1702.40,1702.90,1702.40,1702.90,600,5319600
ASIANPAINT_F1,20200703,13:23,1702.80,1702.85,1702.00,1702.00,1500,5319900
ASIANPAINT_F1,20200703,13:24,1701.70,1701.70,1701.70,1701.70,300,5319900
ASIANPAINT_F1,20200703,13:25,1702.00,1702.00,1702.00,1702.00,600,5319900
ASIANPAINT_F1,20200703,13:27,1702.45,1702.45,1702.45,1702.45,600,5319900
ASIANPAINT_F1,20200703,13:28,1702.90,1702.90,1702.90,1702.90,300,5320500
ASIANPAINT_F1,20200703,13:29,1702.95,1703.10,1702.70,1702.70,900,5320500
ASIANPAINT_F1,20200703,13:30,1703.30,1703.35,1702.70,1703.25,1500,5320500
ASIANPAINT_F1,20200703,13:31,1703.00,1703.00,1702.50,1702.50,900,5321400
ASIANPAINT_F1,20200703,13:32,1702.75,1702.75,1701.20,1701.20,2400,5321400
ASIANPAINT_F1,20200703,13:33,1701.10,1701.25,1700.35,1700.95,5100,5321400
ASIANPAINT_F1,20200703,13:34,1701.10,1701.60,1701.10,1701.60,1200,5322900
ASIANPAINT_F1,20200703,13:35,1701.35,1701.35,1701.35,1701.35,300,5322900
ASIANPAINT_F1,20200703,13:36,1700.60,1700.60,1697.30,1697.30,18900,5322900
ASIANPAINT_F1,20200703,13:37,1697.80,1698.45,1697.00,1698.45,10200,5331000
ASIANPAINT_F1,20200703,13:38,1698.00,1698.70,1697.70,1697.90,2400,5331000
ASIANPAINT_F1,20200703,13:39,1698.00,1698.10,1697.60,1697.60,2700,5331000
ASIANPAINT_F1,20200703,13:40,1697.50,1697.50,1697.10,1697.10,2400,5330700
ASIANPAINT_F1,20200703,13:41,1697.10,1697.70,1696.50,1696.70,9600,5330700
ASIANPAINT_F1,20200703,13:42,1696.60,1696.60,1693.00,1694.35,12900,5330700
ASIANPAINT_F1,20200703,13:43,1694.55,1695.60,1694.00,1695.60,4200,5334900
ASIANPAINT_F1,20200703,13:44,1695.65,1696.25,1695.20,1696.00,4200,5334900
ASIANPAINT_F1,20200703,13:45,1696.35,1696.75,1696.10,1696.10,2700,5334900
ASIANPAINT_F1,20200703,13:46,1696.20,1696.20,1696.00,1696.00,600,5332500
ASIANPAINT_F1,20200703,13:47,1696.00,1696.00,1694.80,1694.80,900,5332500
ASIANPAINT_F1,20200703,13:48,1695.90,1696.40,1695.60,1696.00,1800,5332500
ASIANPAINT_F1,20200703,13:49,1696.25,1696.25,1695.55,1695.55,600,5333700
ASIANPAINT_F1,20200703,13:50,1695.00,1696.00,1695.00,1696.00,3600,5333700
ASIANPAINT_F1,20200703,13:51,1696.60,1698.00,1696.60,1697.95,7200,5333700
ASIANPAINT_F1,20200703,13:52,1698.00,1698.00,1697.15,1697.15,1200,5335200
ASIANPAINT_F1,20200703,13:53,1698.45,1698.90,1698.25,1698.90,900,5335200
ASIANPAINT_F1,20200703,13:54,1698.50,1699.20,1698.50,1699.20,1800,5335200
ASIANPAINT_F1,20200703,13:55,1699.40,1700.05,1699.00,1700.05,4200,5336700
ASIANPAINT_F1,20200703,13:56,1700.00,1700.95,1700.00,1700.95,4200,5336700
ASIANPAINT_F1,20200703,13:57,1700.75,1701.05,1700.05,1701.05,3300,5336700
ASIANPAINT_F1,20200703,13:58,1701.05,1701.05,1700.70,1700.70,2400,5340600
ASIANPAINT_F1,20200703,13:59,1700.05,1700.05,1700.00,1700.00,2100,5340600
ASIANPAINT_F1,20200703,14:00,1701.00,1701.75,1701.00,1701.75,1800,5340600
ASIANPAINT_F1,20200703,14:01,1701.95,1701.95,1701.00,1701.00,3300,5340900
ASIANPAINT_F1,20200703,14:02,1701.40,1701.40,1701.00,1701.00,1500,5340900
ASIANPAINT_F1,20200703,14:03,1700.25,1701.15,1700.20,1700.65,5100,5340900
ASIANPAINT_F1,20200703,14:04,1700.35,1701.00,1700.35,1701.00,3000,5339700
ASIANPAINT_F1,20200703,14:05,1701.00,1702.00,1701.00,1701.75,1800,5339700
ASIANPAINT_F1,20200703,14:06,1701.30,1701.95,1701.15,1701.20,3000,5339700
ASIANPAINT_F1,20200703,14:07,1700.35,1701.30,1700.35,1701.30,3600,5343000
ASIANPAINT_F1,20200703,14:08,1700.30,1700.30,1699.20,1699.20,3900,5343000
ASIANPAINT_F1,20200703,14:09,1699.45,1699.45,1699.00,1699.00,600,5343000
ASIANPAINT_F1,20200703,14:10,1699.00,1700.05,1699.00,1700.05,2400,5348100
ASIANPAINT_F1,20200703,14:11,1700.85,1701.45,1700.85,1701.45,1500,5348100
ASIANPAINT_F1,20200703,14:13,1701.50,1702.00,1701.15,1701.15,2700,5350200
ASIANPAINT_F1,20200703,14:14,1701.10,1701.50,1701.10,1701.50,900,5350200
ASIANPAINT_F1,20200703,14:15,1701.70,1702.10,1701.50,1702.10,1200,5350200
ASIANPAINT_F1,20200703,14:16,1701.55,1702.10,1701.00,1701.95,3000,5352300
ASIANPAINT_F1,20200703,14:17,1701.05,1701.05,1700.00,1700.00,900,5352300
ASIANPAINT_F1,20200703,14:18,1699.00,1699.00,1698.75,1699.00,900,5352300
ASIANPAINT_F1,20200703,14:19,1698.65,1700.00,1698.65,1698.75,2700,5352900
ASIANPAINT_F1,20200703,14:20,1698.75,1700.60,1698.75,1700.60,2700,5352900
ASIANPAINT_F1,20200703,14:21,1700.90,1701.00,1700.90,1701.00,900,5352900
ASIANPAINT_F1,20200703,14:22,1702.00,1702.50,1701.20,1701.20,2100,5352000
ASIANPAINT_F1,20200703,14:23,1700.65,1700.65,1700.65,1700.65,300,5352000
ASIANPAINT_F1,20200703,14:24,1701.50,1701.50,1701.05,1701.05,900,5352000
ASIANPAINT_F1,20200703,14:25,1702.05,1702.05,1700.05,1700.05,3000,5352900
ASIANPAINT_F1,20200703,14:26,1700.00,1700.15,1700.00,1700.15,2100,5352900
ASIANPAINT_F1,20200703,14:27,1700.50,1700.50,1700.45,1700.45,600,5352900
ASIANPAINT_F1,20200703,14:28,1700.50,1700.50,1700.50,1700.50,300,5353500
ASIANPAINT_F1,20200703,14:29,1699.75,1699.75,1698.90,1699.05,2100,5353500
ASIANPAINT_F1,20200703,14:30,1699.60,1699.60,1699.55,1699.55,900,5353500
ASIANPAINT_F1,20200703,14:31,1699.15,1699.15,1699.15,1699.15,300,5353800
ASIANPAINT_F1,20200703,14:32,1699.15,1699.95,1699.00,1699.95,1500,5353800
ASIANPAINT_F1,20200703,14:33,1698.80,1698.80,1698.50,1698.50,600,5353800
ASIANPAINT_F1,20200703,14:34,1698.10,1698.10,1697.75,1698.00,1200,5354100
ASIANPAINT_F1,20200703,14:35,1697.55,1699.60,1697.55,1699.60,3900,5354100
ASIANPAINT_F1,20200703,14:36,1698.90,1699.00,1698.30,1698.70,1800,5354100
ASIANPAINT_F1,20200703,14:37,1699.75,1700.45,1699.75,1700.45,1500,5355000
ASIANPAINT_F1,20200703,14:38,1700.00,1700.20,1700.00,1700.20,900,5355000
ASIANPAINT_F1,20200703,14:39,1700.00,1700.15,1699.65,1700.15,2100,5355000
ASIANPAINT_F1,20200703,14:40,1700.40,1700.95,1700.40,1700.95,1200,5354400
ASIANPAINT_F1,20200703,14:41,1700.00,1700.00,1699.50,1699.50,900,5354400
ASIANPAINT_F1,20200703,14:42,1699.60,1699.60,1699.60,1699.60,300,5354400
ASIANPAINT_F1,20200703,14:43,1700.00,1700.00,1700.00,1700.00,900,5354400
ASIANPAINT_F1,20200703,14:45,1700.70,1700.70,1700.15,1700.15,2700,5354400
ASIANPAINT_F1,20200703,14:46,1700.80,1701.20,1700.40,1700.40,1500,5355600
ASIANPAINT_F1,20200703,14:48,1701.30,1701.65,1700.85,1701.65,1500,5355600
ASIANPAINT_F1,20200703,14:49,1701.50,1702.10,1700.85,1701.15,5400,5355600
ASIANPAINT_F1,20200703,14:51,1700.50,1701.20,1700.50,1701.20,1500,5355600
ASIANPAINT_F1,20200703,14:52,1701.50,1701.55,1701.20,1701.20,1500,5358600
ASIANPAINT_F1,20200703,14:53,1701.05,1701.25,1700.35,1700.35,5100,5358600
ASIANPAINT_F1,20200703,14:54,1700.50,1701.25,1700.40,1701.10,1200,5358600
ASIANPAINT_F1,20200703,14:55,1701.45,1701.45,1700.75,1700.75,1200,5357400
ASIANPAINT_F1,20200703,14:56,1701.10,1701.20,1701.10,1701.20,900,5357400
ASIANPAINT_F1,20200703,14:57,1701.20,1701.35,1701.20,1701.35,600,5357400
ASIANPAINT_F1,20200703,14:58,1701.65,1702.00,1701.30,1702.00,1200,5357700
ASIANPAINT_F1,20200703,14:59,1701.45,1701.60,1701.00,1701.00,1500,5357700
ASIANPAINT_F1,20200703,15:00,1700.50,1700.50,1700.00,1700.00,1500,5357700
ASIANPAINT_F1,20200703,15:01,1701.00,1701.00,1700.40,1700.95,2400,5345700
ASIANPAINT_F1,20200703,15:02,1700.30,1700.65,1700.25,1700.40,1500,5345700
ASIANPAINT_F1,20200703,15:03,1701.00,1701.40,1700.80,1700.80,3900,5345700
ASIANPAINT_F1,20200703,15:04,1700.85,1700.85,1699.45,1699.45,2700,5342400
ASIANPAINT_F1,20200703,15:05,1699.10,1699.80,1699.05,1699.05,1800,5342400
ASIANPAINT_F1,20200703,15:06,1698.80,1698.95,1698.60,1698.95,2700,5342400
ASIANPAINT_F1,20200703,15:07,1699.00,1699.35,1698.90,1699.35,900,5342100
ASIANPAINT_F1,20200703,15:08,1698.80,1699.00,1698.80,1699.00,1500,5342100
ASIANPAINT_F1,20200703,15:09,1699.00,1699.00,1698.00,1698.00,2700,5342100
ASIANPAINT_F1,20200703,15:10,1698.00,1698.45,1697.80,1698.05,2700,5342700
ASIANPAINT_F1,20200703,15:11,1698.00,1698.40,1695.65,1696.05,6900,5342700
ASIANPAINT_F1,20200703,15:12,1695.70,1697.00,1695.65,1696.75,5700,5342700
ASIANPAINT_F1,20200703,15:13,1697.25,1698.50,1697.25,1697.55,7500,5338200
ASIANPAINT_F1,20200703,15:14,1697.60,1699.75,1697.60,1699.75,5100,5338200
ASIANPAINT_F1,20200703,15:15,1699.15,1699.20,1699.10,1699.15,3300,5338200
ASIANPAINT_F1,20200703,15:16,1699.10,1699.25,1698.15,1698.15,7200,5337600
ASIANPAINT_F1,20200703,15:17,1698.40,1698.70,1697.30,1698.40,11400,5337600
ASIANPAINT_F1,20200703,15:18,1698.70,1699.35,1698.05,1698.40,8400,5337600
ASIANPAINT_F1,20200703,15:19,1698.55,1699.90,1698.55,1699.90,3300,5329200
ASIANPAINT_F1,20200703,15:20,1699.90,1699.90,1699.00,1699.10,5100,5329200
ASIANPAINT_F1,20200703,15:21,1698.90,1699.95,1698.00,1698.00,12600,5329200
ASIANPAINT_F1,20200703,15:22,1697.40,1698.00,1697.15,1697.15,9600,5325600
ASIANPAINT_F1,20200703,15:23,1697.00,1697.15,1696.35,1697.00,8700,5325600
ASIANPAINT_F1,20200703,15:24,1697.00,1697.20,1696.45,1697.20,3900,5325600
ASIANPAINT_F1,20200703,15:25,1697.45,1698.80,1697.45,1697.55,7200,5320200
ASIANPAINT_F1,20200703,15:26,1697.60,1697.95,1696.70,1697.20,3300,5320200
ASIANPAINT_F1,20200703,15:27,1697.70,1698.00,1697.30,1698.00,5400,5320200
ASIANPAINT_F1,20200703,15:28,1697.10,1697.85,1697.10,1697.40,5100,5318100
ASIANPAINT_F1,20200703,15:29,1697.05,1698.10,1697.05,1697.50,8400,5318100
ASIANPAINT_F1,20200703,15:30,1697.10,1698.00,1697.10,1697.55,5100,5318100
ASIANPAINT_F1,20200703,15:31,1697.50,1697.50,1697.50,1697.50,300,5318100
ASIANPAINT_F1,20200703,17:35,1698.25,1698.25,1698.25,1698.25,1,5283900
