INFY_F1,20210128,09:16,1290.95,1297.75,1290.25,1294.50,41400,5509200
INFY_F1,20210128,09:17,1294.50,1294.85,1292.70,1293.35,13200,5509200
INFY_F1,20210128,09:18,1292.70,1292.70,1288.75,1289.25,32400,5514000
INFY_F1,20210128,09:19,1289.55,1291.65,1286.95,1291.65,43200,5514000
INFY_F1,20210128,09:20,1291.00,1291.00,1285.35,1285.75,22800,5514000
INFY_F1,20210128,09:21,1286.85,1286.85,1284.80,1286.50,22800,5500200
INFY_F1,20210128,09:22,1286.20,1286.20,1283.15,1283.15,30000,5500200
INFY_F1,20210128,09:23,1284.00,1290.05,1284.00,1290.05,51600,5500200
INFY_F1,20210128,09:24,1290.50,1291.60,1290.25,1290.25,30600,5500800
INFY_F1,20210128,09:25,1290.85,1290.85,1287.80,1287.80,18000,5500800
INFY_F1,20210128,09:26,1287.80,1288.15,1286.60,1288.15,19800,5500800
INFY_F1,20210128,09:27,1288.70,1288.95,1287.45,1287.45,39600,5527800
INFY_F1,20210128,09:28,1286.90,1286.90,1283.00,1284.10,39000,5527800
INFY_F1,20210128,09:29,1284.00,1287.00,1283.05,1287.00,17400,5527800
INFY_F1,20210128,09:30,1287.30,1290.05,1287.25,1289.80,48000,5541600
INFY_F1,20210128,09:31,1290.00,1290.60,1289.10,1290.55,22800,5541600
INFY_F1,20210128,09:32,1290.55,1292.55,1290.55,1292.15,72600,5541600
INFY_F1,20210128,09:33,1292.70,1292.70,1291.30,1291.30,24000,5578800
INFY_F1,20210128,09:34,1291.85,1291.95,1291.25,1291.55,34200,5578800
INFY_F1,20210128,09:35,1292.00,1293.00,1292.00,1293.00,10800,5578800
INFY_F1,20210128,09:36,1292.95,1294.30,1292.95,1294.30,13200,5608200
INFY_F1,20210128,09:37,1295.00,1295.05,1294.45,1294.50,41400,5608200
INFY_F1,20210128,09:38,1295.05,1295.50,1294.20,1295.10,21600,5608200
INFY_F1,20210128,09:39,1294.60,1294.70,1294.60,1294.60,51600,5589600
INFY_F1,20210128,09:40,1294.40,1294.40,1291.05,1291.35,36600,5589600
INFY_F1,20210128,09:41,1291.20,1291.30,1290.40,1291.25,18600,5589600
INFY_F1,20210128,09:42,1291.25,1292.10,1291.25,1291.35,37800,5604000
INFY_F1,20210128,09:43,1291.35,1291.65,1290.90,1291.00,13200,5604000
INFY_F1,20210128,09:44,1291.60,1292.00,1291.00,1292.00,9000,5604000
INFY_F1,20210128,09:45,1292.00,1293.30,1292.00,1293.30,19200,5647200
INFY_F1,20210128,09:46,1293.25,1293.30,1292.10,1292.45,13800,5647200
INFY_F1,20210128,09:47,1292.45,1293.15,1292.15,1293.15,4200,5647200
INFY_F1,20210128,09:48,1293.70,1295.00,1293.70,1295.00,13200,5667000
INFY_F1,20210128,09:49,1294.60,1294.75,1294.00,1294.40,5400,5667000
INFY_F1,20210128,09:50,1294.40,1294.40,1293.15,1293.15,7200,5667000
INFY_F1,20210128,09:51,1293.15,1293.50,1292.75,1292.75,37800,5666400
INFY_F1,20210128,09:52,1291.85,1292.00,1290.40,1292.00,15600,5666400
INFY_F1,20210128,09:53,1292.50,1293.60,1292.25,1293.40,30600,5666400
INFY_F1,20210128,09:54,1293.50,1293.70,1292.85,1292.85,19800,5667600
INFY_F1,20210128,09:55,1292.85,1292.85,1291.45,1291.70,19800,5667600
INFY_F1,20210128,09:56,1292.00,1292.00,1289.05,1289.05,45000,5667600
INFY_F1,20210128,09:57,1289.05,1290.85,1289.05,1290.85,18000,5693400
INFY_F1,20210128,09:58,1290.85,1290.85,1289.50,1289.50,15600,5693400
INFY_F1,20210128,09:59,1289.50,1289.90,1288.95,1289.70,47400,5693400
INFY_F1,20210128,10:00,1289.70,1289.70,1289.00,1289.00,9000,5708400
INFY_F1,20210128,10:01,1289.00,1290.15,1288.85,1290.00,27000,5708400
INFY_F1,20210128,10:02,1290.00,1290.00,1289.35,1289.80,128400,5708400
INFY_F1,20210128,10:03,1289.80,1291.00,1289.55,1290.70,37800,5745000
INFY_F1,20210128,10:04,1290.70,1290.90,1290.45,1290.45,47400,5745000
INFY_F1,20210128,10:05,1290.20,1290.20,1288.95,1289.05,72600,5745000
INFY_F1,20210128,10:06,1289.05,1289.65,1288.80,1289.65,10800,5880000
INFY_F1,20210128,10:07,1289.65,1292.90,1289.65,1292.75,74400,5880000
INFY_F1,20210128,10:08,1292.85,1292.85,1290.50,1290.95,10200,5880000
INFY_F1,20210128,10:09,1290.50,1290.50,1289.95,1289.95,5400,6013800
INFY_F1,20210128,10:10,1291.00,1291.00,1290.05,1290.50,5400,6013800
INFY_F1,20210128,10:11,1290.75,1291.95,1290.75,1291.50,7800,6013800
INFY_F1,20210128,10:12,1291.70,1291.70,1290.50,1290.90,15600,6070800
INFY_F1,20210128,10:13,1290.90,1290.90,1290.45,1290.50,6000,6070800
INFY_F1,20210128,10:14,1290.50,1290.95,1289.45,1290.10,23400,6070800
INFY_F1,20210128,10:15,1289.95,1290.90,1289.80,1290.90,10200,6070200
INFY_F1,20210128,10:16,1290.50,1290.70,1289.35,1289.35,9000,6070200
INFY_F1,20210128,10:17,1289.35,1289.35,1287.20,1287.20,20400,6070200
INFY_F1,20210128,10:18,1287.20,1287.95,1287.20,1287.30,18000,6065400
INFY_F1,20210128,10:19,1287.30,1288.00,1287.30,1287.70,26400,6065400
INFY_F1,20210128,10:20,1287.70,1288.00,1287.15,1288.00,20400,6065400
INFY_F1,20210128,10:21,1288.00,1289.10,1288.00,1289.05,5400,6076800
INFY_F1,20210128,10:22,1289.05,1289.05,1288.00,1288.00,6000,6076800
INFY_F1,20210128,10:23,1288.20,1288.60,1286.15,1286.15,10200,6076800
INFY_F1,20210128,10:24,1285.95,1286.35,1284.50,1286.35,18000,6061200
INFY_F1,20210128,10:25,1286.30,1287.00,1286.30,1287.00,28800,6061200
INFY_F1,20210128,10:26,1287.00,1287.00,1284.80,1284.80,12000,6061200
INFY_F1,20210128,10:27,1284.80,1287.00,1284.80,1287.00,11400,6063600
INFY_F1,20210128,10:28,1287.00,1287.00,1284.85,1285.10,21000,6063600
INFY_F1,20210128,10:29,1285.50,1285.70,1285.20,1285.70,9600,6063600
INFY_F1,20210128,10:30,1286.20,1286.75,1286.05,1286.15,15000,6065400
INFY_F1,20210128,10:31,1286.15,1286.65,1285.55,1285.55,18000,6065400
INFY_F1,20210128,10:32,1285.55,1285.75,1285.05,1285.15,19200,6065400
INFY_F1,20210128,10:33,1285.15,1285.15,1284.30,1284.90,24000,6080400
INFY_F1,20210128,10:34,1284.60,1286.55,1284.25,1286.50,19800,6080400
INFY_F1,20210128,10:35,1286.50,1286.60,1285.10,1285.15,14400,6080400
INFY_F1,20210128,10:36,1284.75,1285.25,1284.05,1284.05,54000,6061200
INFY_F1,20210128,10:37,1284.05,1284.05,1283.30,1283.30,13800,6061200
INFY_F1,20210128,10:38,1284.20,1284.80,1283.80,1284.30,17400,6061200
INFY_F1,20210128,10:39,1284.30,1284.30,1283.70,1283.95,23400,6057600
INFY_F1,20210128,10:40,1284.00,1284.10,1283.30,1283.30,9600,6057600
INFY_F1,20210128,10:41,1283.30,1283.30,1281.75,1282.60,49200,6057600
INFY_F1,20210128,10:42,1282.40,1282.70,1281.10,1281.35,25800,6092400
INFY_F1,20210128,10:43,1281.00,1281.75,1280.60,1281.75,43200,6092400
INFY_F1,20210128,10:44,1281.75,1282.95,1281.75,1282.70,41400,6092400
INFY_F1,20210128,10:45,1282.70,1282.80,1282.20,1282.20,7200,6090600
INFY_F1,20210128,10:46,1282.20,1283.30,1282.05,1283.30,32400,6090600
INFY_F1,20210128,10:47,1283.30,1284.20,1283.30,1283.75,10200,6090600
INFY_F1,20210128,10:48,1283.75,1283.75,1283.35,1283.35,3600,6090600
INFY_F1,20210128,10:49,1284.00,1284.00,1284.00,1284.00,7200,6094200
INFY_F1,20210128,10:50,1283.80,1284.30,1281.90,1284.30,88200,6094200
INFY_F1,20210128,10:51,1284.70,1285.00,1284.55,1284.80,9000,6163800
INFY_F1,20210128,10:52,1284.80,1286.10,1284.80,1286.10,6600,6163800
INFY_F1,20210128,10:53,1286.10,1286.20,1285.75,1285.90,10800,6163800
INFY_F1,20210128,10:54,1286.00,1286.00,1284.85,1284.85,136200,6277200
INFY_F1,20210128,10:55,1284.85,1285.00,1284.85,1285.00,3600,6277200
INFY_F1,20210128,10:56,1285.50,1288.55,1285.50,1288.55,11400,6277200
INFY_F1,20210128,10:57,1288.55,1288.55,1287.25,1287.65,7800,6279000
INFY_F1,20210128,10:58,1287.90,1288.40,1287.65,1288.40,19200,6279000
INFY_F1,20210128,10:59,1287.90,1287.90,1287.65,1287.65,17400,6279000
INFY_F1,20210128,11:00,1287.40,1287.60,1287.10,1287.10,4800,6279000
INFY_F1,20210128,11:01,1287.10,1287.10,1286.05,1286.15,4800,6309600
INFY_F1,20210128,11:02,1286.15,1286.40,1286.15,1286.40,5400,6309600
INFY_F1,20210128,11:03,1286.40,1287.00,1286.35,1287.00,4800,6301200
INFY_F1,20210128,11:04,1287.20,1287.85,1286.90,1287.85,6600,6301200
INFY_F1,20210128,11:05,1287.85,1288.85,1287.85,1288.80,12600,6301200
INFY_F1,20210128,11:06,1288.80,1288.80,1288.10,1288.50,13200,6297000
INFY_F1,20210128,11:07,1288.90,1288.90,1288.25,1288.25,3000,6297000
INFY_F1,20210128,11:08,1288.25,1288.25,1287.25,1287.25,22800,6297000
INFY_F1,20210128,11:09,1287.25,1288.60,1287.25,1288.60,27000,6297000
INFY_F1,20210128,11:10,1288.60,1288.85,1287.85,1287.85,14400,6324600
INFY_F1,20210128,11:11,1287.85,1287.85,1287.35,1287.35,4800,6324600
INFY_F1,20210128,11:12,1287.30,1287.30,1286.85,1286.85,14400,6324600
INFY_F1,20210128,11:13,1286.85,1287.80,1286.85,1287.80,5400,6322800
INFY_F1,20210128,11:14,1287.80,1289.80,1287.80,1288.95,24000,6322800
INFY_F1,20210128,11:15,1288.95,1288.95,1288.40,1288.40,25200,6322800
INFY_F1,20210128,11:16,1288.40,1288.40,1288.40,1288.40,17400,6343200
INFY_F1,20210128,11:17,1288.05,1288.05,1287.00,1287.75,32400,6343200
INFY_F1,20210128,11:18,1287.75,1287.75,1287.10,1287.70,19800,6343200
INFY_F1,20210128,11:19,1287.70,1287.70,1286.40,1286.40,21000,6385800
INFY_F1,20210128,11:20,1286.40,1287.30,1286.40,1286.50,19800,6385800
INFY_F1,20210128,11:21,1286.50,1287.50,1286.20,1287.15,4800,6385800
INFY_F1,20210128,11:22,1286.60,1286.60,1286.30,1286.30,5400,6405000
INFY_F1,20210128,11:23,1286.25,1286.25,1285.35,1285.35,61800,6405000
INFY_F1,20210128,11:24,1285.45,1285.55,1285.10,1285.30,34800,6405000
INFY_F1,20210128,11:25,1285.05,1285.15,1283.55,1284.25,28800,6480000
INFY_F1,20210128,11:26,1284.20,1284.70,1283.45,1283.45,13800,6480000
INFY_F1,20210128,11:27,1283.45,1285.70,1283.40,1285.70,16800,6480000
INFY_F1,20210128,11:28,1285.85,1285.85,1284.85,1285.00,15600,6471000
INFY_F1,20210128,11:29,1285.55,1285.75,1284.75,1284.90,26400,6471000
INFY_F1,20210128,11:30,1285.45,1285.80,1285.30,1285.40,15000,6471000
INFY_F1,20210128,11:31,1285.55,1285.70,1285.55,1285.65,7200,5866200
INFY_F1,20210128,11:32,1285.70,1286.40,1285.05,1285.95,82800,5866200
INFY_F1,20210128,11:33,1285.95,1286.05,1284.75,1284.75,115200,5866200
INFY_F1,20210128,11:34,1284.75,1284.90,1284.35,1284.50,17400,6043800
INFY_F1,20210128,11:35,1284.50,1284.50,1283.60,1283.85,10200,6043800
INFY_F1,20210128,11:36,1283.85,1284.00,1283.60,1283.65,15000,6043800
INFY_F1,20210128,11:37,1283.65,1283.85,1282.90,1283.30,13200,6046200
INFY_F1,20210128,11:38,1283.65,1284.65,1283.65,1284.15,16800,6046200
INFY_F1,20210128,11:39,1284.15,1284.65,1284.15,1284.65,6000,6046200
INFY_F1,20210128,11:40,1284.40,1285.20,1284.40,1284.60,33600,6064200
INFY_F1,20210128,11:41,1284.60,1284.65,1284.60,1284.65,18600,6064200
INFY_F1,20210128,11:42,1284.65,1284.70,1284.00,1284.10,16200,6064200
INFY_F1,20210128,11:43,1284.10,1284.70,1284.10,1284.60,4200,6090600
INFY_F1,20210128,11:44,1284.60,1285.30,1284.40,1285.30,9600,6090600
INFY_F1,20210128,11:45,1285.30,1285.80,1284.55,1285.10,16200,6090600
INFY_F1,20210128,11:46,1285.10,1285.30,1284.90,1285.30,7200,6092400
INFY_F1,20210128,11:47,1285.30,1285.30,1284.50,1284.55,12000,6092400
INFY_F1,20210128,11:48,1284.55,1284.55,1284.55,1284.55,6600,6092400
INFY_F1,20210128,11:49,1285.20,1286.95,1285.00,1286.95,25800,6100200
INFY_F1,20210128,11:50,1287.00,1288.35,1287.00,1287.20,18000,6100200
INFY_F1,20210128,11:51,1287.40,1288.45,1286.90,1287.35,15000,6100200
INFY_F1,20210128,11:52,1287.90,1287.90,1286.90,1287.05,9000,6110400
INFY_F1,20210128,11:53,1287.50,1287.50,1287.05,1287.05,4200,6110400
INFY_F1,20210128,11:54,1287.60,1287.60,1285.80,1285.80,11400,6110400
INFY_F1,20210128,11:55,1285.80,1285.80,1285.00,1285.00,10800,6120000
INFY_F1,20210128,11:56,1284.50,1284.50,1283.95,1283.95,13800,6120000
INFY_F1,20210128,11:57,1283.50,1283.55,1282.75,1282.75,13200,6120000
INFY_F1,20210128,11:58,1283.00,1283.85,1283.00,1283.85,10200,6122400
INFY_F1,20210128,11:59,1283.25,1283.25,1282.75,1282.75,19200,6122400
INFY_F1,20210128,12:00,1282.80,1282.90,1282.70,1282.90,12000,6122400
INFY_F1,20210128,12:01,1282.80,1283.20,1282.70,1283.15,24000,6125400
INFY_F1,20210128,12:02,1283.15,1283.60,1282.75,1283.60,15000,6125400
INFY_F1,20210128,12:03,1283.85,1284.25,1283.85,1283.90,9600,6125400
INFY_F1,20210128,12:04,1283.90,1283.90,1283.00,1283.00,9600,6125400
INFY_F1,20210128,12:05,1283.00,1283.00,1282.80,1282.80,6600,6125400
INFY_F1,20210128,12:06,1282.80,1282.80,1281.00,1281.00,47400,6125400
INFY_F1,20210128,12:07,1281.00,1282.35,1281.00,1281.50,21000,5916600
INFY_F1,20210128,12:08,1281.20,1281.85,1281.00,1281.00,16800,5916600
INFY_F1,20210128,12:09,1281.05,1281.50,1279.95,1281.50,15600,5916600
INFY_F1,20210128,12:10,1281.50,1281.50,1281.05,1281.20,11400,5923200
INFY_F1,20210128,12:11,1281.40,1282.15,1281.25,1282.15,9600,5923200
INFY_F1,20210128,12:12,1282.50,1282.65,1281.45,1282.10,36600,5923200
INFY_F1,20210128,12:13,1282.10,1283.10,1282.10,1282.25,12600,5951400
INFY_F1,20210128,12:14,1282.25,1282.25,1281.80,1281.90,5400,5951400
INFY_F1,20210128,12:15,1281.90,1281.90,1281.60,1281.60,8400,5951400
INFY_F1,20210128,12:16,1281.10,1281.65,1281.10,1281.50,9600,5950800
INFY_F1,20210128,12:17,1282.25,1282.25,1281.05,1281.75,19200,5950800
INFY_F1,20210128,12:18,1281.75,1282.05,1281.05,1281.35,43800,5950800
INFY_F1,20210128,12:19,1281.55,1281.55,1281.30,1281.30,7800,5988000
INFY_F1,20210128,12:20,1281.30,1281.35,1280.65,1281.35,14400,5988000
INFY_F1,20210128,12:21,1281.35,1281.45,1280.60,1280.60,5400,5988000
INFY_F1,20210128,12:22,1280.60,1281.35,1280.60,1281.00,19800,5980200
INFY_F1,20210128,12:23,1281.30,1281.30,1281.30,1281.30,2400,5980200
INFY_F1,20210128,12:24,1281.30,1281.35,1280.80,1281.20,15000,5980200
INFY_F1,20210128,12:25,1281.05,1281.05,1280.85,1281.05,6000,5976600
INFY_F1,20210128,12:26,1281.05,1281.90,1281.05,1281.50,13800,5976600
INFY_F1,20210128,12:27,1281.90,1282.00,1281.40,1282.00,15600,5976600
INFY_F1,20210128,12:28,1282.35,1282.35,1281.40,1281.55,10800,5976000
INFY_F1,20210128,12:29,1281.55,1282.10,1281.55,1281.60,21000,5976000
INFY_F1,20210128,12:30,1281.65,1281.65,1281.30,1281.35,6600,5976000
INFY_F1,20210128,12:31,1281.55,1281.55,1280.80,1280.80,7800,5973000
INFY_F1,20210128,12:32,1280.90,1281.20,1280.80,1281.20,10800,5973000
INFY_F1,20210128,12:33,1281.25,1281.95,1281.25,1281.50,15000,5973000
INFY_F1,20210128,12:34,1281.50,1281.50,1281.50,1281.50,3600,5974800
INFY_F1,20210128,12:35,1281.45,1281.50,1281.45,1281.50,4800,5974800
INFY_F1,20210128,12:36,1281.50,1282.00,1280.90,1281.40,15000,5974800
INFY_F1,20210128,12:37,1281.40,1281.40,1279.50,1280.05,228600,5980200
INFY_F1,20210128,12:38,1279.50,1280.00,1278.90,1279.10,57000,5980200
INFY_F1,20210128,12:39,1279.25,1280.00,1279.15,1279.95,21600,5980200
INFY_F1,20210128,12:40,1279.85,1280.00,1279.30,1279.50,17400,5992800
INFY_F1,20210128,12:41,1279.60,1280.20,1279.35,1279.60,42600,5992800
INFY_F1,20210128,12:42,1279.65,1281.00,1279.50,1279.50,29400,5992800
INFY_F1,20210128,12:43,1279.50,1280.15,1279.50,1279.70,19800,6024600
INFY_F1,20210128,12:44,1280.00,1281.70,1280.00,1280.65,34800,6024600
INFY_F1,20210128,12:45,1280.65,1281.20,1280.55,1281.15,24600,6024600
INFY_F1,20210128,12:46,1280.95,1280.95,1279.85,1280.60,54600,6021600
INFY_F1,20210128,12:47,1280.10,1281.65,1280.10,1281.60,23400,6021600
INFY_F1,20210128,12:48,1281.65,1282.10,1281.45,1282.10,13200,6021600
INFY_F1,20210128,12:49,1282.10,1282.30,1281.50,1281.50,6600,6049200
INFY_F1,20210128,12:50,1281.50,1282.00,1281.10,1281.55,13200,6049200
INFY_F1,20210128,12:51,1281.60,1282.95,1281.60,1282.70,33600,6049200
INFY_F1,20210128,12:52,1282.20,1282.30,1282.20,1282.20,8400,6053400
INFY_F1,20210128,12:53,1281.25,1281.30,1280.45,1280.45,7800,6053400
INFY_F1,20210128,12:54,1280.50,1280.75,1280.15,1280.55,24000,6053400
INFY_F1,20210128,12:55,1280.30,1281.40,1280.30,1280.95,13800,6040800
INFY_F1,20210128,12:56,1280.95,1281.50,1280.85,1281.50,13200,6040800
INFY_F1,20210128,12:57,1281.15,1281.15,1280.25,1280.25,8400,6040800
INFY_F1,20210128,12:58,1280.25,1280.75,1279.85,1280.75,12000,6037800
INFY_F1,20210128,12:59,1280.30,1280.30,1280.00,1280.10,6000,6037800
INFY_F1,20210128,13:00,1280.10,1280.90,1280.10,1280.90,5400,6037800
INFY_F1,20210128,13:01,1281.00,1281.35,1280.85,1280.85,6600,6036600
INFY_F1,20210128,13:02,1280.85,1281.10,1280.55,1281.10,8400,6036600
INFY_F1,20210128,13:03,1281.10,1281.15,1280.00,1280.00,12600,6036600
INFY_F1,20210128,13:04,1280.00,1280.50,1279.35,1279.80,17400,6034800
INFY_F1,20210128,13:05,1279.75,1279.75,1279.40,1279.65,16800,6034800
INFY_F1,20210128,13:06,1279.15,1280.40,1279.05,1279.30,7200,6034800
INFY_F1,20210128,13:07,1279.30,1279.30,1277.55,1277.60,13200,6035400
INFY_F1,20210128,13:08,1277.60,1278.75,1277.60,1278.45,28200,6035400
INFY_F1,20210128,13:09,1278.35,1279.30,1278.10,1278.75,9600,6035400
INFY_F1,20210128,13:10,1278.65,1279.60,1278.65,1279.60,6000,6046200
INFY_F1,20210128,13:11,1279.60,1279.60,1278.85,1278.90,41400,6046200
INFY_F1,20210128,13:12,1278.75,1278.75,1278.30,1278.40,5400,6046200
INFY_F1,20210128,13:13,1278.35,1279.10,1278.35,1279.10,21000,6066000
INFY_F1,20210128,13:14,1279.10,1279.10,1277.15,1277.15,34200,6066000
INFY_F1,20210128,13:15,1277.15,1277.15,1276.60,1277.15,11400,6066000
INFY_F1,20210128,13:16,1276.95,1277.75,1276.95,1277.70,7200,6078600
INFY_F1,20210128,13:17,1277.75,1278.60,1277.75,1278.30,6000,6078600
INFY_F1,20210128,13:18,1278.30,1279.00,1278.00,1278.55,9600,6078600
INFY_F1,20210128,13:19,1278.75,1278.85,1278.10,1278.75,10800,6075600
INFY_F1,20210128,13:20,1278.75,1278.80,1278.40,1278.80,4200,6075600
INFY_F1,20210128,13:21,1278.80,1279.30,1278.80,1279.30,50400,6075600
INFY_F1,20210128,13:22,1279.30,1280.40,1278.95,1280.40,4800,6120000
INFY_F1,20210128,13:23,1280.60,1281.00,1277.55,1277.55,13800,6120000
INFY_F1,20210128,13:24,1277.30,1277.30,1276.40,1276.75,9000,6120000
INFY_F1,20210128,13:25,1276.75,1279.65,1276.75,1279.65,4800,6112200
INFY_F1,20210128,13:26,1279.65,1280.00,1278.30,1278.30,22200,6112200
INFY_F1,20210128,13:27,1277.90,1279.40,1277.90,1279.40,4200,6112200
INFY_F1,20210128,13:28,1279.90,1279.90,1279.25,1279.25,16200,6106800
INFY_F1,20210128,13:29,1279.25,1280.45,1279.25,1280.05,7800,6106800
INFY_F1,20210128,13:30,1279.75,1281.45,1279.70,1281.45,14400,6106800
INFY_F1,20210128,13:31,1280.90,1283.95,1280.90,1283.40,22800,5842200
INFY_F1,20210128,13:32,1283.00,1283.00,1281.25,1281.25,8400,5842200
INFY_F1,20210128,13:33,1280.30,1280.30,1280.30,1280.30,17400,5842200
INFY_F1,20210128,13:34,1280.30,1280.30,1279.30,1279.60,3600,5861400
INFY_F1,20210128,13:35,1279.30,1279.30,1278.90,1279.00,4200,5861400
INFY_F1,20210128,13:36,1279.00,1281.00,1279.00,1281.00,9600,5861400
INFY_F1,20210128,13:37,1281.00,1281.00,1279.20,1279.20,13800,5865000
INFY_F1,20210128,13:38,1279.20,1280.10,1279.20,1280.00,4200,5865000
INFY_F1,20210128,13:39,1280.00,1280.00,1278.40,1278.40,9600,5865000
INFY_F1,20210128,13:40,1278.40,1279.25,1278.40,1279.25,8400,5869800
INFY_F1,20210128,13:41,1279.25,1279.50,1279.25,1279.45,15000,5869800
INFY_F1,20210128,13:42,1279.45,1279.75,1279.40,1279.75,14400,5869800
INFY_F1,20210128,13:43,1278.50,1279.25,1278.50,1279.25,6600,5895000
INFY_F1,20210128,13:44,1279.25,1279.30,1278.90,1278.90,6000,5895000
INFY_F1,20210128,13:45,1278.90,1279.35,1278.90,1279.35,88200,5895000
INFY_F1,20210128,13:46,1279.35,1280.55,1279.35,1279.75,10200,5976000
INFY_F1,20210128,13:47,1279.90,1280.50,1279.75,1280.50,7800,5976000
INFY_F1,20210128,13:48,1280.50,1280.50,1279.45,1279.45,6000,5976000
INFY_F1,20210128,13:49,1279.45,1280.30,1279.10,1280.30,7800,5968200
INFY_F1,20210128,13:50,1280.30,1280.30,1278.90,1278.90,12600,5968200
INFY_F1,20210128,13:51,1278.60,1279.40,1278.55,1278.90,25800,5968200
INFY_F1,20210128,13:52,1278.60,1280.00,1278.60,1280.00,18000,5962200
INFY_F1,20210128,13:53,1280.00,1280.60,1279.70,1280.60,16200,5962200
INFY_F1,20210128,13:54,1280.15,1280.15,1279.65,1279.65,1200,5962200
INFY_F1,20210128,13:55,1280.35,1280.35,1279.30,1279.55,12600,5962200
INFY_F1,20210128,13:56,1279.55,1279.55,1279.30,1279.30,38400,5965800
INFY_F1,20210128,13:57,1279.40,1280.95,1279.40,1279.65,28200,5965800
INFY_F1,20210128,13:58,1279.05,1279.75,1279.05,1279.75,7200,5965800
INFY_F1,20210128,13:59,1280.00,1280.00,1279.30,1279.30,4200,5979600
INFY_F1,20210128,14:00,1278.15,1279.35,1278.15,1279.35,19200,5979600
INFY_F1,20210128,14:01,1279.55,1279.55,1279.35,1279.35,3000,5979600
INFY_F1,20210128,14:02,1280.00,1281.20,1280.00,1281.20,15600,5972400
INFY_F1,20210128,14:03,1280.85,1281.05,1280.25,1280.65,12000,5972400
INFY_F1,20210128,14:04,1280.65,1280.80,1280.65,1280.75,3000,5972400
INFY_F1,20210128,14:05,1280.75,1280.95,1280.50,1280.95,6600,5967600
INFY_F1,20210128,14:06,1280.95,1283.50,1280.95,1282.30,37200,5967600
INFY_F1,20210128,14:07,1282.65,1283.60,1282.00,1282.60,11400,5937000
INFY_F1,20210128,14:08,1282.30,1282.65,1281.80,1282.00,14400,5937000
INFY_F1,20210128,14:09,1281.80,1282.40,1281.45,1281.45,6000,5937000
INFY_F1,20210128,14:10,1281.35,1282.00,1281.05,1281.05,21000,5937000
INFY_F1,20210128,14:11,1281.60,1282.65,1280.90,1282.65,15600,5904600
INFY_F1,20210128,14:12,1282.35,1282.35,1280.30,1281.50,20400,5904600
INFY_F1,20210128,14:13,1281.30,1281.85,1281.00,1281.85,25200,5917200
INFY_F1,20210128,14:14,1281.85,1281.85,1280.40,1280.70,6000,5917200
INFY_F1,20210128,14:15,1280.30,1281.40,1280.15,1281.40,13800,5917200
INFY_F1,20210128,14:16,1280.95,1281.45,1280.95,1281.45,1200,5917200
INFY_F1,20210128,14:17,1281.50,1281.50,1280.85,1281.20,2400,5902200
INFY_F1,20210128,14:18,1281.15,1281.15,1280.30,1280.30,4800,5902200
INFY_F1,20210128,14:19,1280.30,1282.00,1280.00,1281.50,8400,5896800
INFY_F1,20210128,14:20,1281.50,1282.00,1281.40,1281.85,6600,5896800
INFY_F1,20210128,14:21,1281.95,1281.95,1280.85,1280.85,4200,5896800
INFY_F1,20210128,14:22,1281.25,1282.00,1281.25,1281.70,4200,5886600
INFY_F1,20210128,14:23,1281.10,1281.10,1281.05,1281.10,1800,5886600
INFY_F1,20210128,14:24,1281.50,1282.55,1281.20,1282.15,9600,5886600
INFY_F1,20210128,14:25,1282.55,1282.60,1282.00,1282.50,9600,5877000
INFY_F1,20210128,14:26,1282.65,1282.95,1282.40,1282.95,9000,5877000
INFY_F1,20210128,14:27,1282.70,1282.70,1280.80,1280.80,6600,5877000
INFY_F1,20210128,14:28,1281.95,1282.45,1280.00,1280.00,9600,5875200
INFY_F1,20210128,14:29,1280.90,1281.65,1280.90,1281.10,35400,5875200
INFY_F1,20210128,14:30,1280.75,1280.75,1279.85,1280.00,10200,5875200
INFY_F1,20210128,14:31,1280.20,1280.20,1279.20,1279.75,9600,5868600
INFY_F1,20210128,14:32,1280.15,1280.15,1278.15,1279.50,46200,5868600
INFY_F1,20210128,14:33,1279.30,1279.60,1279.10,1279.50,11400,5868600
INFY_F1,20210128,14:34,1279.40,1279.65,1279.00,1279.15,15600,4671000
INFY_F1,20210128,14:35,1279.95,1282.00,1279.80,1282.00,13800,4671000
INFY_F1,20210128,14:36,1281.45,1282.05,1281.10,1282.00,9600,4671000
INFY_F1,20210128,14:37,1282.20,1282.70,1282.00,1282.30,22800,4656600
INFY_F1,20210128,14:38,1281.95,1283.00,1281.95,1283.00,17400,4656600
INFY_F1,20210128,14:39,1282.90,1283.25,1281.40,1282.20,7200,4656600
INFY_F1,20210128,14:40,1281.50,1281.50,1280.35,1280.35,8400,4656600
INFY_F1,20210128,14:41,1281.35,1281.35,1280.35,1280.90,5400,4644000
INFY_F1,20210128,14:42,1280.35,1281.45,1280.15,1281.45,28200,4644000
INFY_F1,20210128,14:43,1281.60,1281.95,1281.25,1281.25,21000,4644000
INFY_F1,20210128,14:44,1281.40,1281.40,1281.05,1281.15,4200,4642800
INFY_F1,20210128,14:45,1281.15,1281.15,1280.60,1280.85,4200,4642800
INFY_F1,20210128,14:46,1281.30,1281.50,1280.50,1281.20,16200,4644600
INFY_F1,20210128,14:47,1280.10,1280.60,1280.10,1280.50,6600,4644600
INFY_F1,20210128,14:48,1280.45,1280.45,1279.65,1280.00,12600,4644600
INFY_F1,20210128,14:49,1280.45,1281.25,1280.45,1280.95,7800,4627200
INFY_F1,20210128,14:50,1281.15,1281.50,1280.40,1280.95,38400,4627200
INFY_F1,20210128,14:51,1280.75,1280.75,1279.80,1280.45,9000,4627200
INFY_F1,20210128,14:52,1279.60,1279.60,1279.05,1279.60,8400,4627200
INFY_F1,20210128,14:53,1279.75,1281.00,1279.70,1280.45,13200,4619400
INFY_F1,20210128,14:54,1280.20,1280.20,1279.05,1279.40,4800,4619400
INFY_F1,20210128,14:55,1279.40,1279.40,1278.70,1279.00,45600,4619400
INFY_F1,20210128,14:56,1278.60,1278.60,1278.05,1278.05,60000,4607400
INFY_F1,20210128,14:57,1278.00,1278.00,1276.85,1277.00,7800,4607400
INFY_F1,20210128,14:58,1276.80,1277.00,1276.75,1277.00,4800,4607400
INFY_F1,20210128,14:59,1276.80,1277.10,1276.60,1277.10,7200,4610400
INFY_F1,20210128,15:00,1276.20,1277.65,1276.20,1277.65,10800,4610400
INFY_F1,20210128,15:01,1277.65,1279.10,1277.65,1278.70,39600,4610400
INFY_F1,20210128,15:02,1278.80,1280.00,1278.80,1279.55,27600,4604400
INFY_F1,20210128,15:03,1279.35,1280.55,1279.00,1279.05,48000,4604400
INFY_F1,20210128,15:04,1278.85,1279.00,1278.15,1278.70,22800,4604400
INFY_F1,20210128,15:05,1278.95,1280.00,1278.95,1280.00,31200,4606200
INFY_F1,20210128,15:06,1279.90,1279.90,1278.45,1278.45,37800,4606200
INFY_F1,20210128,15:07,1278.50,1278.50,1277.10,1277.10,28200,4606200
INFY_F1,20210128,15:08,1277.00,1278.55,1277.00,1277.10,12600,4603800
INFY_F1,20210128,15:09,1277.15,1277.75,1276.95,1276.95,22800,4603800
INFY_F1,20210128,15:10,1277.10,1277.10,1274.65,1276.55,42600,4603800
INFY_F1,20210128,15:11,1276.30,1276.85,1275.40,1276.25,34200,4590600
INFY_F1,20210128,15:12,1276.70,1278.50,1276.70,1278.50,68400,4590600
INFY_F1,20210128,15:13,1277.80,1278.50,1275.70,1276.85,43200,4590600
INFY_F1,20210128,15:14,1276.60,1277.80,1276.00,1277.70,39600,4594800
INFY_F1,20210128,15:15,1276.65,1277.35,1275.15,1275.15,18000,4594800
INFY_F1,20210128,15:16,1274.85,1275.75,1274.85,1275.70,21600,4594800
INFY_F1,20210128,15:17,1275.70,1276.30,1274.60,1275.25,22800,4305000
INFY_F1,20210128,15:18,1274.70,1275.00,1273.50,1273.70,13800,4305000
INFY_F1,20210128,15:19,1273.55,1275.45,1273.30,1274.50,27600,4305000
INFY_F1,20210128,15:20,1274.75,1275.40,1274.55,1274.70,9000,4300800
INFY_F1,20210128,15:21,1274.30,1275.25,1274.00,1274.10,19800,4300800
INFY_F1,20210128,15:22,1274.00,1274.20,1273.35,1273.80,10800,4300800
INFY_F1,20210128,15:23,1273.80,1274.00,1272.50,1273.10,18000,4290000
INFY_F1,20210128,15:24,1273.40,1275.00,1273.40,1274.90,13800,4290000
INFY_F1,20210128,15:25,1274.55,1275.50,1274.30,1275.50,9000,4290000
INFY_F1,20210128,15:26,1275.40,1276.35,1275.00,1276.35,19800,4273200
INFY_F1,20210128,15:27,1275.15,1275.15,1274.20,1275.00,6000,4273200
INFY_F1,20210128,15:28,1274.00,1274.95,1272.85,1272.85,4800,4273200
INFY_F1,20210128,15:29,1273.95,1273.95,1272.05,1272.25,8400,4273200
INFY_F1,20210128,15:30,1271.80,1273.00,1269.70,1269.70,19200,4273200
INFY_F1,20210128,15:31,1270.00,1270.00,1270.00,1270.00,1200,4273200
INFY_F1,20210128,18:53,1276.20,1276.20,1276.20,1276.20,1,939600
