TATACONSUM,20211222,09:08,706.20,706.20,706.20,706.20,2665,0
TATACONSUM,20211222,09:16,708.00,712.45,707.35,710.05,17363,0
TATACONSUM,20211222,09:17,711.05,712.00,710.45,711.10,6169,0
TATACONSUM,20211222,09:18,711.10,711.10,709.00,709.80,5810,0
TATACONSUM,20211222,09:19,709.80,710.15,709.00,709.30,3820,0
TATACONSUM,20211222,09:20,709.80,711.75,709.55,711.60,4171,0
TATACONSUM,20211222,09:21,711.60,712.00,711.10,711.60,4524,0
TATACONSUM,20211222,09:22,711.20,714.20,711.20,714.15,3921,0
TATACONSUM,20211222,09:23,713.65,713.90,712.55,713.10,5378,0
TATACONSUM,20211222,09:24,713.10,713.10,711.10,711.10,2687,0
TATACONSUM,20211222,09:25,711.50,711.50,709.25,710.00,5430,0
TATACONSUM,20211222,09:26,709.70,710.00,709.45,710.00,3309,0
TATACONSUM,20211222,09:27,710.00,710.95,709.65,710.10,2214,0
TATACONSUM,20211222,09:28,710.10,710.85,709.20,710.65,1700,0
TATACONSUM,20211222,09:29,710.90,710.90,709.45,709.50,3908,0
TATACONSUM,20211222,09:30,709.50,709.50,708.45,708.75,6870,0
TATACONSUM,20211222,09:31,709.00,709.00,707.55,708.00,3611,0
TATACONSUM,20211222,09:32,708.45,708.95,708.00,708.45,1807,0
TATACONSUM,20211222,09:33,708.50,708.75,707.55,708.05,4107,0
TATACONSUM,20211222,09:34,707.70,708.05,706.45,707.45,7016,0
TATACONSUM,20211222,09:35,707.45,707.55,705.70,706.95,18516,0
TATACONSUM,20211222,09:36,706.85,707.00,706.10,706.40,8024,0
TATACONSUM,20211222,09:37,706.35,706.35,704.85,705.00,12162,0
TATACONSUM,20211222,09:38,705.35,705.35,704.00,704.45,11559,0
TATACONSUM,20211222,09:39,704.45,704.45,703.80,704.00,5446,0
TATACONSUM,20211222,09:40,704.00,704.30,703.85,704.15,4228,0
TATACONSUM,20211222,09:41,704.00,704.70,704.00,704.55,3900,0
TATACONSUM,20211222,09:42,704.50,704.70,704.05,704.70,3071,0
TATACONSUM,20211222,09:43,704.70,705.45,704.40,705.30,3487,0
TATACONSUM,20211222,09:44,705.50,706.00,705.05,705.60,4136,0
TATACONSUM,20211222,09:45,706.00,706.00,705.75,706.00,2285,0
TATACONSUM,20211222,09:46,706.00,709.10,706.00,709.10,6004,0
TATACONSUM,20211222,09:47,710.10,710.40,709.00,709.35,9096,0
TATACONSUM,20211222,09:48,709.35,709.35,708.70,709.00,2810,0
TATACONSUM,20211222,09:49,708.95,708.95,707.30,707.30,2360,0
TATACONSUM,20211222,09:50,707.10,708.65,707.10,708.65,3725,0
TATACONSUM,20211222,09:51,708.95,708.95,708.60,708.95,1139,0
TATACONSUM,20211222,09:52,708.80,709.15,708.45,708.85,2097,0
TATACONSUM,20211222,09:53,708.85,709.45,708.55,709.00,2360,0
TATACONSUM,20211222,09:54,708.45,709.50,708.45,709.45,1678,0
TATACONSUM,20211222,09:55,709.50,709.50,708.50,708.60,1808,0
TATACONSUM,20211222,09:56,709.00,709.00,708.15,708.65,4375,0
TATACONSUM,20211222,09:57,708.70,709.10,708.20,708.55,2978,0
TATACONSUM,20211222,09:58,708.55,709.50,708.50,709.50,1967,0
TATACONSUM,20211222,09:59,709.45,709.75,709.35,709.75,1742,0
TATACONSUM,20211222,10:00,709.90,709.90,709.50,709.50,477,0
TATACONSUM,20211222,10:01,709.65,710.50,709.15,710.50,1646,0
TATACONSUM,20211222,10:02,710.55,710.90,710.25,710.60,1814,0
TATACONSUM,20211222,10:03,710.70,711.35,710.00,711.35,3668,0
TATACONSUM,20211222,10:04,711.25,711.35,710.65,710.85,955,0
TATACONSUM,20211222,10:05,710.65,710.95,710.00,710.00,1520,0
TATACONSUM,20211222,10:06,710.30,710.35,709.60,710.35,968,0
TATACONSUM,20211222,10:07,710.35,710.35,708.60,708.60,1825,0
TATACONSUM,20211222,10:08,708.95,710.10,708.60,710.00,1724,0
TATACONSUM,20211222,10:09,710.10,710.10,709.25,709.25,331,0
TATACONSUM,20211222,10:10,708.95,709.20,708.55,708.60,940,0
TATACONSUM,20211222,10:11,708.50,709.05,708.50,709.00,727,0
TATACONSUM,20211222,10:12,708.75,709.40,708.40,709.40,2852,0
TATACONSUM,20211222,10:13,708.45,709.35,708.45,709.25,5387,0
TATACONSUM,20211222,10:14,709.25,709.25,708.15,708.15,1310,0
TATACONSUM,20211222,10:15,708.30,708.60,707.95,708.60,3620,0
TATACONSUM,20211222,10:16,708.60,709.10,708.35,708.50,1561,0
TATACONSUM,20211222,10:17,708.60,709.40,708.40,709.00,1634,0
TATACONSUM,20211222,10:18,708.60,709.05,708.50,708.50,387,0
TATACONSUM,20211222,10:19,708.75,708.75,707.05,707.25,3052,0
TATACONSUM,20211222,10:20,707.25,708.00,707.25,708.00,1467,0
TATACONSUM,20211222,10:21,708.00,708.30,708.00,708.00,925,0
TATACONSUM,20211222,10:22,708.25,708.85,708.15,708.85,1962,0
TATACONSUM,20211222,10:23,708.60,708.95,707.15,707.75,6047,0
TATACONSUM,20211222,10:24,707.25,707.70,706.50,706.80,1504,0
TATACONSUM,20211222,10:25,706.80,706.80,706.30,706.35,822,0
TATACONSUM,20211222,10:26,706.35,706.35,706.00,706.00,3454,0
TATACONSUM,20211222,10:27,705.85,706.30,705.50,706.00,2077,0
TATACONSUM,20211222,10:28,705.95,705.95,705.55,705.85,875,0
TATACONSUM,20211222,10:29,705.85,705.95,705.50,705.55,1061,0
TATACONSUM,20211222,10:30,705.95,706.00,705.05,705.05,2779,0
TATACONSUM,20211222,10:31,705.05,705.50,705.00,705.45,4977,0
TATACONSUM,20211222,10:32,705.45,705.45,705.05,705.35,1295,0
TATACONSUM,20211222,10:33,705.35,705.80,705.10,705.70,8564,0
TATACONSUM,20211222,10:34,705.70,705.70,705.40,705.70,1450,0
TATACONSUM,20211222,10:35,706.00,706.55,705.60,706.55,6097,0
TATACONSUM,20211222,10:36,706.35,707.45,706.35,707.35,2122,0
TATACONSUM,20211222,10:37,707.25,707.35,706.35,706.45,673,0
TATACONSUM,20211222,10:38,706.65,706.65,706.00,706.05,861,0
TATACONSUM,20211222,10:39,706.00,706.80,705.55,706.05,4782,0
TATACONSUM,20211222,10:40,706.35,706.35,706.00,706.20,2851,0
TATACONSUM,20211222,10:41,706.20,706.80,706.00,706.65,968,0
TATACONSUM,20211222,10:42,706.60,707.30,706.60,706.90,996,0
TATACONSUM,20211222,10:43,707.05,707.05,706.25,706.70,1572,0
TATACONSUM,20211222,10:44,706.50,706.90,706.50,706.90,621,0
TATACONSUM,20211222,10:45,706.95,707.50,706.95,707.30,1584,0
TATACONSUM,20211222,10:46,707.15,707.50,707.15,707.35,1082,0
TATACONSUM,20211222,10:47,707.15,707.50,707.15,707.30,726,0
TATACONSUM,20211222,10:48,707.20,707.30,707.15,707.20,478,0
TATACONSUM,20211222,10:49,707.15,707.15,706.40,707.00,1155,0
TATACONSUM,20211222,10:50,707.00,707.00,706.40,706.50,1993,0
TATACONSUM,20211222,10:51,706.50,708.05,706.50,707.85,3553,0
TATACONSUM,20211222,10:52,708.00,708.85,707.95,708.55,3857,0
TATACONSUM,20211222,10:53,708.10,709.70,708.10,709.20,12208,0
TATACONSUM,20211222,10:54,709.10,709.10,708.05,708.40,510,0
TATACONSUM,20211222,10:55,708.55,708.95,708.40,708.70,837,0
TATACONSUM,20211222,10:56,708.70,709.05,708.40,708.40,3390,0
TATACONSUM,20211222,10:57,708.55,710.60,708.25,710.45,9983,0
TATACONSUM,20211222,10:58,710.00,710.80,710.00,710.55,2249,0
TATACONSUM,20211222,10:59,710.25,710.75,710.25,710.75,1239,0
TATACONSUM,20211222,11:00,710.30,710.90,710.30,710.70,2141,0
TATACONSUM,20211222,11:01,710.65,710.80,710.35,710.35,3331,0
TATACONSUM,20211222,11:02,710.65,710.80,710.05,710.75,2227,0
TATACONSUM,20211222,11:03,710.35,710.70,710.25,710.30,289,0
TATACONSUM,20211222,11:04,710.30,710.35,710.00,710.00,2693,0
TATACONSUM,20211222,11:05,710.00,710.05,710.00,710.05,869,0
TATACONSUM,20211222,11:06,710.00,710.50,710.00,710.20,936,0
TATACONSUM,20211222,11:07,710.25,710.50,710.05,710.40,390,0
TATACONSUM,20211222,11:08,710.20,710.60,710.15,710.25,977,0
TATACONSUM,20211222,11:09,710.60,710.60,710.00,710.20,583,0
TATACONSUM,20211222,11:10,710.50,710.60,710.00,710.20,826,0
TATACONSUM,20211222,11:11,710.25,710.55,710.00,710.25,1279,0
TATACONSUM,20211222,11:12,710.10,710.50,710.10,710.35,1351,0
TATACONSUM,20211222,11:13,710.25,710.45,710.10,710.45,1387,0
TATACONSUM,20211222,11:14,710.45,710.50,709.75,709.75,1839,0
TATACONSUM,20211222,11:15,709.80,709.80,709.50,709.50,3654,0
TATACONSUM,20211222,11:16,709.55,709.70,709.50,709.65,707,0
TATACONSUM,20211222,11:17,709.65,710.40,709.65,710.35,1655,0
TATACONSUM,20211222,11:18,710.15,710.20,710.00,710.05,703,0
TATACONSUM,20211222,11:19,710.05,710.75,710.00,710.60,3682,0
TATACONSUM,20211222,11:20,710.55,710.60,710.45,710.55,711,0
TATACONSUM,20211222,11:21,710.50,710.75,710.50,710.65,686,0
TATACONSUM,20211222,11:22,710.60,710.80,710.50,710.60,3668,0
TATACONSUM,20211222,11:23,710.65,710.65,710.50,710.55,375,0
TATACONSUM,20211222,11:24,710.55,710.80,710.15,710.50,1556,0
TATACONSUM,20211222,11:25,710.40,710.70,710.00,710.60,822,0
TATACONSUM,20211222,11:26,710.65,710.70,710.50,710.70,444,0
TATACONSUM,20211222,11:27,710.70,710.75,710.60,710.70,479,0
TATACONSUM,20211222,11:28,710.65,710.80,710.40,710.55,1284,0
TATACONSUM,20211222,11:29,710.70,710.70,710.25,710.45,510,0
TATACONSUM,20211222,11:30,710.35,711.25,710.35,711.25,1454,0
TATACONSUM,20211222,11:31,711.35,712.70,711.35,712.35,10689,0
TATACONSUM,20211222,11:32,712.85,712.85,711.80,711.80,3282,0
TATACONSUM,20211222,11:33,711.90,711.90,711.15,711.60,1547,0
TATACONSUM,20211222,11:34,711.75,712.20,710.85,711.00,4338,0
TATACONSUM,20211222,11:35,710.75,711.45,710.75,711.20,1934,0
TATACONSUM,20211222,11:36,711.35,711.40,710.65,710.90,1007,0
TATACONSUM,20211222,11:37,710.80,711.35,710.75,711.25,736,0
TATACONSUM,20211222,11:38,711.25,711.25,710.50,710.65,735,0
TATACONSUM,20211222,11:39,710.40,711.10,710.40,710.90,1273,0
TATACONSUM,20211222,11:40,710.90,711.10,710.65,710.90,891,0
TATACONSUM,20211222,11:41,711.10,711.45,710.80,711.40,2709,0
TATACONSUM,20211222,11:42,711.40,711.50,711.00,711.10,1506,0
TATACONSUM,20211222,11:43,711.10,711.10,710.45,710.65,993,0
TATACONSUM,20211222,11:44,710.85,711.00,710.25,710.95,952,0
TATACONSUM,20211222,11:45,710.70,710.70,710.05,710.25,786,0
TATACONSUM,20211222,11:46,710.45,710.95,710.10,710.70,1958,0
TATACONSUM,20211222,11:47,710.50,710.65,710.10,710.50,972,0
TATACONSUM,20211222,11:48,710.65,710.65,710.00,710.30,1533,0
TATACONSUM,20211222,11:49,710.05,710.95,710.05,710.75,2499,0
TATACONSUM,20211222,11:50,710.80,711.05,710.75,711.00,539,0
TATACONSUM,20211222,11:51,711.00,711.00,710.00,710.00,696,0
TATACONSUM,20211222,11:52,710.10,710.70,710.00,710.20,714,0
TATACONSUM,20211222,11:53,710.20,710.45,710.00,710.05,876,0
TATACONSUM,20211222,11:54,710.00,710.45,710.00,710.00,255,0
TATACONSUM,20211222,11:55,710.05,710.40,710.00,710.40,648,0
TATACONSUM,20211222,11:56,710.20,710.20,710.10,710.10,406,0
TATACONSUM,20211222,11:57,710.10,710.20,710.10,710.20,1053,0
TATACONSUM,20211222,11:58,710.15,710.30,710.15,710.30,610,0
TATACONSUM,20211222,11:59,710.20,710.40,710.15,710.25,882,0
TATACONSUM,20211222,12:00,710.20,710.40,710.00,710.40,815,0
TATACONSUM,20211222,12:01,710.45,711.00,710.45,710.70,631,0
TATACONSUM,20211222,12:02,710.85,710.90,710.70,710.75,694,0
TATACONSUM,20211222,12:03,710.75,710.90,710.70,710.70,515,0
TATACONSUM,20211222,12:04,710.80,711.00,710.65,710.70,1056,0
TATACONSUM,20211222,12:05,710.70,710.85,710.50,710.50,532,0
TATACONSUM,20211222,12:06,710.55,710.55,710.20,710.35,692,0
TATACONSUM,20211222,12:07,710.35,710.85,710.15,710.25,1073,0
TATACONSUM,20211222,12:08,710.60,710.65,710.00,710.30,1611,0
TATACONSUM,20211222,12:09,710.30,710.85,710.00,710.65,520,0
TATACONSUM,20211222,12:10,710.80,711.30,710.50,710.55,4052,0
TATACONSUM,20211222,12:11,710.55,711.05,710.50,711.00,1662,0
TATACONSUM,20211222,12:12,710.80,711.45,710.80,711.40,1659,0
TATACONSUM,20211222,12:13,711.20,711.40,710.55,710.55,2373,0
TATACONSUM,20211222,12:14,710.65,711.05,710.50,711.05,1943,0
TATACONSUM,20211222,12:15,711.00,711.05,710.65,711.05,6328,0
TATACONSUM,20211222,12:16,711.05,711.05,710.75,711.00,3860,0
TATACONSUM,20211222,12:17,711.00,711.05,710.80,710.90,5113,0
TATACONSUM,20211222,12:18,710.90,710.90,710.65,710.65,1622,0
TATACONSUM,20211222,12:19,710.70,710.85,710.20,710.65,3158,0
TATACONSUM,20211222,12:20,710.85,711.35,710.25,711.30,11169,0
TATACONSUM,20211222,12:21,711.35,711.40,711.00,711.10,575,0
TATACONSUM,20211222,12:22,711.10,711.55,711.00,711.55,709,0
TATACONSUM,20211222,12:23,711.55,711.55,711.30,711.55,2992,0
TATACONSUM,20211222,12:24,711.55,711.55,711.20,711.20,478,0
TATACONSUM,20211222,12:25,711.25,711.25,711.00,711.05,581,0
TATACONSUM,20211222,12:26,711.05,711.05,710.50,710.50,4217,0
TATACONSUM,20211222,12:27,710.65,711.20,710.50,710.90,993,0
TATACONSUM,20211222,12:28,711.20,711.20,710.60,711.00,419,0
TATACONSUM,20211222,12:29,711.10,711.10,711.00,711.00,969,0
TATACONSUM,20211222,12:30,711.05,711.15,710.70,710.85,1676,0
TATACONSUM,20211222,12:31,710.95,711.20,710.85,711.05,740,0
TATACONSUM,20211222,12:32,711.05,711.50,711.00,711.40,2328,0
TATACONSUM,20211222,12:33,711.40,711.55,711.05,711.20,1298,0
TATACONSUM,20211222,12:34,711.45,711.45,711.15,711.25,370,0
TATACONSUM,20211222,12:35,711.30,711.45,711.20,711.45,708,0
TATACONSUM,20211222,12:36,711.45,711.45,711.30,711.35,343,0
TATACONSUM,20211222,12:37,711.35,711.40,711.15,711.25,547,0
TATACONSUM,20211222,12:38,711.25,711.30,711.00,711.10,2978,0
TATACONSUM,20211222,12:39,711.30,711.50,711.05,711.15,1116,0
TATACONSUM,20211222,12:40,711.15,711.55,711.00,711.40,1764,0
TATACONSUM,20211222,12:41,711.30,711.55,711.30,711.30,1401,0
TATACONSUM,20211222,12:42,711.35,711.35,711.00,711.30,1541,0
TATACONSUM,20211222,12:43,711.30,711.45,711.10,711.35,544,0
TATACONSUM,20211222,12:44,711.55,711.55,711.30,711.35,2496,0
TATACONSUM,20211222,12:45,711.35,711.55,711.30,711.55,1222,0
TATACONSUM,20211222,12:46,711.55,711.55,711.30,711.40,1219,0
TATACONSUM,20211222,12:47,711.35,711.40,711.30,711.30,265,0
TATACONSUM,20211222,12:48,711.35,711.40,711.30,711.35,910,0
TATACONSUM,20211222,12:49,711.40,711.40,711.10,711.10,1704,0
TATACONSUM,20211222,12:50,711.00,711.05,710.80,710.90,1008,0
TATACONSUM,20211222,12:51,710.90,711.45,710.80,711.30,1666,0
TATACONSUM,20211222,12:52,711.30,711.30,710.80,710.85,658,0
TATACONSUM,20211222,12:53,711.15,711.15,710.80,710.95,652,0
TATACONSUM,20211222,12:54,711.20,711.20,710.75,710.90,1856,0
TATACONSUM,20211222,12:55,711.00,711.20,710.75,711.00,1007,0
TATACONSUM,20211222,12:56,711.05,711.25,710.75,710.75,1168,0
TATACONSUM,20211222,12:57,710.80,710.95,710.75,710.85,2450,0
TATACONSUM,20211222,12:58,710.80,711.25,710.80,711.00,953,0
TATACONSUM,20211222,12:59,710.80,711.05,710.75,710.90,443,0
TATACONSUM,20211222,13:00,710.80,711.05,710.75,710.80,292,0
TATACONSUM,20211222,13:01,710.80,711.35,710.80,711.30,2129,0
TATACONSUM,20211222,13:02,711.35,711.35,711.30,711.30,344,0
TATACONSUM,20211222,13:03,711.35,711.35,711.15,711.15,500,0
TATACONSUM,20211222,13:04,711.25,711.50,711.15,711.50,948,0
TATACONSUM,20211222,13:05,711.50,711.55,711.25,711.50,1630,0
TATACONSUM,20211222,13:06,711.55,711.55,711.50,711.55,1599,0
TATACONSUM,20211222,13:07,711.75,712.00,711.65,711.95,3276,0
TATACONSUM,20211222,13:08,711.95,712.00,711.60,711.85,1408,0
TATACONSUM,20211222,13:09,711.85,712.00,711.70,711.80,635,0
TATACONSUM,20211222,13:10,711.85,713.10,711.80,712.50,7467,0
TATACONSUM,20211222,13:11,712.50,712.90,712.35,712.75,750,0
TATACONSUM,20211222,13:12,712.75,712.85,711.05,711.65,2084,0
TATACONSUM,20211222,13:13,711.35,711.60,711.00,711.05,452,0
TATACONSUM,20211222,13:14,711.10,711.65,710.75,711.65,6459,0
TATACONSUM,20211222,13:15,711.65,711.80,711.00,711.35,961,0
TATACONSUM,20211222,13:16,711.35,711.35,710.50,710.55,8517,0
TATACONSUM,20211222,13:17,710.65,711.45,710.50,710.60,5939,0
TATACONSUM,20211222,13:18,710.60,711.10,710.50,711.10,9213,0
TATACONSUM,20211222,13:19,710.95,711.10,710.85,711.05,6747,0
TATACONSUM,20211222,13:20,711.05,711.05,711.00,711.05,2383,0
TATACONSUM,20211222,13:21,711.05,711.50,711.00,711.35,498,0
TATACONSUM,20211222,13:22,711.35,711.40,711.30,711.35,852,0
TATACONSUM,20211222,13:23,711.35,711.50,711.30,711.40,1353,0
TATACONSUM,20211222,13:24,711.40,711.85,711.35,711.60,388,0
TATACONSUM,20211222,13:25,711.60,711.60,711.50,711.55,425,0
TATACONSUM,20211222,13:26,711.55,711.55,711.00,711.15,1865,0
TATACONSUM,20211222,13:27,711.20,711.20,711.05,711.10,414,0
TATACONSUM,20211222,13:28,711.05,711.10,711.00,711.00,562,0
TATACONSUM,20211222,13:29,711.05,711.20,711.00,711.00,1267,0
TATACONSUM,20211222,13:30,711.05,711.05,711.00,711.05,226,0
TATACONSUM,20211222,13:31,711.05,711.05,710.55,710.60,1901,0
TATACONSUM,20211222,13:32,710.80,710.80,710.50,710.75,1140,0
TATACONSUM,20211222,13:33,710.75,710.75,710.50,710.65,1575,0
TATACONSUM,20211222,13:34,710.65,710.80,710.50,710.70,2492,0
TATACONSUM,20211222,13:35,710.70,710.70,710.30,710.30,2332,0
TATACONSUM,20211222,13:36,710.30,710.85,710.30,710.85,2889,0
TATACONSUM,20211222,13:37,710.85,710.85,710.25,710.45,955,0
TATACONSUM,20211222,13:38,710.45,710.75,710.30,710.75,2018,0
TATACONSUM,20211222,13:39,710.75,710.75,710.10,710.10,963,0
TATACONSUM,20211222,13:40,710.50,710.50,709.25,709.60,4424,0
TATACONSUM,20211222,13:41,709.95,709.95,709.05,709.35,1918,0
TATACONSUM,20211222,13:42,709.70,709.95,709.45,709.80,348,0
TATACONSUM,20211222,13:43,709.80,710.05,709.45,709.45,1297,0
TATACONSUM,20211222,13:44,709.90,710.50,709.50,710.45,2642,0
TATACONSUM,20211222,13:45,710.45,710.45,710.00,710.00,499,0
TATACONSUM,20211222,13:46,710.00,710.00,709.65,710.00,595,0
TATACONSUM,20211222,13:47,710.00,710.70,709.80,710.65,1726,0
TATACONSUM,20211222,13:48,710.65,710.65,710.35,710.60,249,0
TATACONSUM,20211222,13:49,710.60,711.55,710.60,711.40,11501,0
TATACONSUM,20211222,13:50,711.55,711.55,711.40,711.55,1780,0
TATACONSUM,20211222,13:51,711.55,711.55,711.50,711.50,466,0
TATACONSUM,20211222,13:52,711.50,711.50,711.10,711.15,825,0
TATACONSUM,20211222,13:53,711.35,711.35,711.15,711.30,309,0
TATACONSUM,20211222,13:54,711.30,711.30,711.10,711.30,114,0
TATACONSUM,20211222,13:55,711.30,711.30,711.00,711.25,741,0
TATACONSUM,20211222,13:56,711.25,711.25,711.00,711.25,734,0
TATACONSUM,20211222,13:57,711.25,711.25,711.00,711.25,150,0
TATACONSUM,20211222,13:58,711.25,711.25,711.25,711.25,320,0
TATACONSUM,20211222,13:59,711.25,711.25,711.05,711.25,228,0
TATACONSUM,20211222,14:00,711.25,711.25,711.05,711.25,118,0
TATACONSUM,20211222,14:01,711.25,711.25,711.00,711.25,896,0
TATACONSUM,20211222,14:02,711.25,711.25,711.00,711.05,852,0
TATACONSUM,20211222,14:03,711.05,711.05,711.00,711.05,10329,0
TATACONSUM,20211222,14:04,711.00,711.05,711.00,711.05,191,0
TATACONSUM,20211222,14:05,711.05,711.05,711.00,711.05,1031,0
TATACONSUM,20211222,14:06,711.05,711.25,710.50,710.50,30624,0
TATACONSUM,20211222,14:07,711.00,711.15,711.00,711.15,2714,0
TATACONSUM,20211222,14:08,711.15,711.25,711.15,711.25,324,0
TATACONSUM,20211222,14:09,711.25,711.40,710.60,711.40,9231,0
TATACONSUM,20211222,14:10,711.05,711.50,711.05,711.45,755,0
TATACONSUM,20211222,14:11,711.45,711.50,711.40,711.50,485,0
TATACONSUM,20211222,14:12,711.50,711.90,711.50,711.55,4897,0
TATACONSUM,20211222,14:13,711.95,711.95,711.60,711.80,1332,0
TATACONSUM,20211222,14:14,711.80,711.80,711.60,711.60,1146,0
TATACONSUM,20211222,14:15,711.60,711.60,711.45,711.45,1095,0
TATACONSUM,20211222,14:16,711.40,711.45,711.00,711.10,1846,0
TATACONSUM,20211222,14:17,711.20,711.60,711.20,711.25,610,0
TATACONSUM,20211222,14:18,711.25,711.25,711.00,711.10,2142,0
TATACONSUM,20211222,14:19,711.10,711.60,711.05,711.50,651,0
TATACONSUM,20211222,14:20,711.50,711.60,711.45,711.60,4961,0
TATACONSUM,20211222,14:21,711.60,711.60,711.45,711.60,1091,0
TATACONSUM,20211222,14:22,711.60,711.60,711.40,711.60,89,0
TATACONSUM,20211222,14:23,711.60,711.60,711.60,711.60,170,0
TATACONSUM,20211222,14:24,711.60,711.60,711.40,711.60,1003,0
TATACONSUM,20211222,14:25,711.60,711.60,711.00,711.20,2951,0
TATACONSUM,20211222,14:26,711.20,711.20,711.05,711.15,1824,0
TATACONSUM,20211222,14:27,711.15,711.45,711.10,711.40,1191,0
TATACONSUM,20211222,14:28,711.40,711.40,711.10,711.25,272,0
TATACONSUM,20211222,14:29,711.35,711.35,711.00,711.35,947,0
TATACONSUM,20211222,14:30,711.35,711.60,711.35,711.60,1051,0
TATACONSUM,20211222,14:31,711.60,711.60,711.50,711.60,10385,0
TATACONSUM,20211222,14:32,711.60,711.60,711.20,711.50,998,0
TATACONSUM,20211222,14:33,711.50,711.60,711.50,711.60,569,0
TATACONSUM,20211222,14:34,711.60,711.60,711.40,711.50,212,0
TATACONSUM,20211222,14:35,711.40,711.50,710.10,710.45,61374,0
TATACONSUM,20211222,14:36,710.05,710.50,710.05,710.20,1423,0
TATACONSUM,20211222,14:37,710.30,710.60,710.15,710.25,631,0
TATACONSUM,20211222,14:38,710.55,710.55,710.15,710.20,263,0
TATACONSUM,20211222,14:39,710.55,710.85,710.50,710.65,838,0
TATACONSUM,20211222,14:40,710.85,710.85,710.55,710.75,1692,0
TATACONSUM,20211222,14:41,710.75,710.75,710.30,710.55,1865,0
TATACONSUM,20211222,14:42,710.55,710.55,709.65,709.65,2144,0
TATACONSUM,20211222,14:43,710.20,710.20,709.60,709.95,643,0
TATACONSUM,20211222,14:44,709.95,710.20,709.30,710.20,5515,0
TATACONSUM,20211222,14:45,710.20,710.70,710.10,710.70,3954,0
TATACONSUM,20211222,14:46,710.65,710.65,710.20,710.65,403,0
TATACONSUM,20211222,14:47,710.65,711.00,710.60,711.00,595,0
TATACONSUM,20211222,14:48,711.00,711.00,710.70,710.90,546,0
TATACONSUM,20211222,14:49,710.90,710.90,710.70,710.90,295,0
TATACONSUM,20211222,14:50,710.90,711.35,710.55,710.95,2283,0
TATACONSUM,20211222,14:51,710.95,711.50,710.95,711.50,914,0
TATACONSUM,20211222,14:52,711.50,711.50,711.10,711.35,794,0
TATACONSUM,20211222,14:53,711.35,711.40,710.95,711.30,1001,0
TATACONSUM,20211222,14:54,711.10,711.40,710.55,711.05,1537,0
TATACONSUM,20211222,14:55,711.00,711.05,710.65,711.05,646,0
TATACONSUM,20211222,14:56,711.00,711.45,711.00,711.40,842,0
TATACONSUM,20211222,14:57,711.25,711.60,711.25,711.60,2062,0
TATACONSUM,20211222,14:58,711.30,711.60,711.10,711.10,1094,0
TATACONSUM,20211222,14:59,711.30,711.60,711.10,711.50,2312,0
TATACONSUM,20211222,15:00,711.55,711.55,711.40,711.50,948,0
TATACONSUM,20211222,15:01,711.50,712.00,711.45,711.95,10709,0
TATACONSUM,20211222,15:02,711.90,712.30,711.90,712.30,5652,0
TATACONSUM,20211222,15:03,712.35,713.35,712.35,713.20,14180,0
TATACONSUM,20211222,15:04,713.45,714.65,713.45,714.60,7261,0
TATACONSUM,20211222,15:05,714.60,714.95,714.45,714.95,4361,0
TATACONSUM,20211222,15:06,714.95,714.95,714.10,714.20,2796,0
TATACONSUM,20211222,15:07,714.25,714.65,714.20,714.40,1548,0
TATACONSUM,20211222,15:08,714.40,715.00,714.20,714.90,5803,0
TATACONSUM,20211222,15:09,715.00,715.00,714.85,715.00,4641,0
TATACONSUM,20211222,15:10,715.00,715.50,714.85,715.05,11676,0
TATACONSUM,20211222,15:11,715.05,715.05,714.50,715.00,4045,0
TATACONSUM,20211222,15:12,715.00,715.70,714.60,714.60,8820,0
TATACONSUM,20211222,15:13,714.95,715.00,714.50,715.00,10743,0
TATACONSUM,20211222,15:14,715.00,715.00,714.85,714.90,1342,0
TATACONSUM,20211222,15:15,714.90,715.95,714.85,715.90,5120,0
TATACONSUM,20211222,15:16,715.90,717.50,715.80,717.05,10815,0
TATACONSUM,20211222,15:17,717.05,717.10,716.50,717.00,4907,0
TATACONSUM,20211222,15:18,717.05,717.55,717.00,717.10,4380,0
TATACONSUM,20211222,15:19,717.25,717.25,715.40,716.20,6132,0
TATACONSUM,20211222,15:20,716.20,716.75,716.00,716.65,4497,0
TATACONSUM,20211222,15:21,716.65,716.65,716.00,716.30,7242,0
TATACONSUM,20211222,15:22,716.65,716.90,715.55,716.40,8380,0
TATACONSUM,20211222,15:23,715.95,716.40,715.90,716.00,3079,0
TATACONSUM,20211222,15:24,716.00,716.30,715.85,716.00,2906,0
TATACONSUM,20211222,15:25,716.00,716.40,715.95,716.35,3812,0
TATACONSUM,20211222,15:26,716.40,716.50,716.35,716.45,4845,0
TATACONSUM,20211222,15:27,716.45,716.45,715.60,715.95,2771,0
TATACONSUM,20211222,15:28,715.95,715.95,715.00,715.00,3083,0
TATACONSUM,20211222,15:29,715.50,715.50,714.05,714.55,2869,0
TATACONSUM,20211222,15:30,714.55,714.65,713.65,713.65,2909,0
TATACONSUM,20211222,15:32,714.95,714.95,714.95,714.95,0,0
TATACONSUM,20211222,15:41,714.95,714.95,714.95,714.95,3,0
TATACONSUM,20211222,16:47,714.95,714.95,714.95,714.95,0,0
