JSWSTEEL,20210630,09:08,687.05,687.05,687.05,687.05,10820,0
JSWSTEEL,20210630,09:16,687.40,691.00,687.40,689.85,105386,0
JSWSTEEL,20210630,09:17,689.35,690.95,688.75,690.60,34884,0
JSWSTEEL,20210630,09:18,690.90,691.55,690.00,690.35,52449,0
JSWSTEEL,20210630,09:19,689.95,692.00,689.75,691.15,41148,0
JSWSTEEL,20210630,09:20,691.35,691.90,690.45,691.85,39654,0
JSWSTEEL,20210630,09:21,691.85,694.10,691.75,693.20,75388,0
JSWSTEEL,20210630,09:22,693.00,694.45,692.85,694.20,60668,0
JSWSTEEL,20210630,09:23,694.45,695.30,693.20,693.55,63373,0
JSWSTEEL,20210630,09:24,693.25,694.70,693.25,694.40,29713,0
JSWSTEEL,20210630,09:25,694.15,695.50,694.15,695.00,71073,0
JSWSTEEL,20210630,09:26,694.70,695.05,693.75,694.05,32661,0
JSWSTEEL,20210630,09:27,694.05,696.80,694.05,696.60,94919,0
JSWSTEEL,20210630,09:28,696.65,696.65,695.70,696.30,65946,0
JSWSTEEL,20210630,09:29,696.20,696.30,694.00,694.20,64722,0
JSWSTEEL,20210630,09:30,694.00,694.80,693.95,694.45,58530,0
JSWSTEEL,20210630,09:31,694.35,694.50,693.40,694.30,46710,0
JSWSTEEL,20210630,09:32,693.95,694.95,693.60,694.95,22474,0
JSWSTEEL,20210630,09:33,694.95,695.20,694.70,695.00,76672,0
JSWSTEEL,20210630,09:34,695.00,695.00,694.00,694.60,34557,0
JSWSTEEL,20210630,09:35,694.35,694.50,694.10,694.30,7892,0
JSWSTEEL,20210630,09:36,694.10,694.45,693.55,693.90,27595,0
JSWSTEEL,20210630,09:37,693.75,693.75,693.00,693.30,39780,0
JSWSTEEL,20210630,09:38,693.45,694.05,693.25,694.05,25760,0
JSWSTEEL,20210630,09:39,694.20,695.00,694.00,694.60,30664,0
JSWSTEEL,20210630,09:40,694.75,695.00,694.20,694.95,104967,0
JSWSTEEL,20210630,09:41,695.00,695.15,694.60,694.90,24485,0
JSWSTEEL,20210630,09:42,694.70,694.90,694.10,694.45,13925,0
JSWSTEEL,20210630,09:43,694.05,694.45,693.95,694.45,12730,0
JSWSTEEL,20210630,09:44,694.25,694.70,694.00,694.00,7373,0
JSWSTEEL,20210630,09:45,694.00,694.50,694.00,694.30,6152,0
JSWSTEEL,20210630,09:46,694.25,694.90,694.25,694.70,12142,0
JSWSTEEL,20210630,09:47,694.90,695.00,694.40,694.75,22503,0
JSWSTEEL,20210630,09:48,694.95,694.95,694.10,694.60,10872,0
JSWSTEEL,20210630,09:49,694.50,694.65,694.20,694.25,7688,0
JSWSTEEL,20210630,09:50,694.30,694.65,694.05,694.30,3297,0
JSWSTEEL,20210630,09:51,694.40,694.60,694.20,694.20,9900,0
JSWSTEEL,20210630,09:52,694.25,694.25,693.80,693.90,14338,0
JSWSTEEL,20210630,09:53,693.90,693.90,693.25,693.25,12942,0
JSWSTEEL,20210630,09:54,693.25,694.20,693.25,693.90,14261,0
JSWSTEEL,20210630,09:55,693.65,694.10,693.65,693.90,4550,0
JSWSTEEL,20210630,09:56,693.60,693.60,692.65,692.75,39003,0
JSWSTEEL,20210630,09:57,693.10,693.65,692.80,693.25,14957,0
JSWSTEEL,20210630,09:58,693.25,693.60,693.25,693.60,8705,0
JSWSTEEL,20210630,09:59,693.50,693.95,693.40,693.70,10332,0
JSWSTEEL,20210630,10:00,693.40,693.70,693.30,693.70,9480,0
JSWSTEEL,20210630,10:01,693.50,694.00,693.40,693.75,10443,0
JSWSTEEL,20210630,10:02,693.50,693.85,692.95,693.00,15705,0
JSWSTEEL,20210630,10:03,692.90,693.00,692.60,692.60,22721,0
JSWSTEEL,20210630,10:04,692.65,692.80,691.40,692.00,69948,0
JSWSTEEL,20210630,10:05,691.90,692.55,691.85,692.30,7627,0
JSWSTEEL,20210630,10:06,692.60,693.00,692.30,692.80,9289,0
JSWSTEEL,20210630,10:07,693.00,694.60,692.75,694.40,16491,0
JSWSTEEL,20210630,10:08,694.60,694.60,694.10,694.25,10125,0
JSWSTEEL,20210630,10:09,694.25,694.55,694.00,694.30,7427,0
JSWSTEEL,20210630,10:10,694.15,694.70,694.15,694.70,16370,0
JSWSTEEL,20210630,10:11,694.45,694.75,694.10,694.10,16097,0
JSWSTEEL,20210630,10:12,694.10,695.25,694.10,695.00,37845,0
JSWSTEEL,20210630,10:13,695.10,695.50,694.65,695.00,33830,0
JSWSTEEL,20210630,10:14,695.15,695.25,694.55,695.10,12484,0
JSWSTEEL,20210630,10:15,695.20,695.20,694.75,694.75,25353,0
JSWSTEEL,20210630,10:16,694.75,696.00,694.65,695.60,43380,0
JSWSTEEL,20210630,10:17,695.45,696.40,695.45,696.35,30684,0
JSWSTEEL,20210630,10:18,696.45,696.60,696.00,696.00,34575,0
JSWSTEEL,20210630,10:19,696.00,696.25,695.80,696.00,24445,0
JSWSTEEL,20210630,10:20,696.00,696.35,695.85,696.15,12630,0
JSWSTEEL,20210630,10:21,696.15,696.20,695.85,695.85,14779,0
JSWSTEEL,20210630,10:22,695.85,696.00,695.60,695.85,9678,0
JSWSTEEL,20210630,10:23,695.60,695.95,695.55,695.95,10653,0
JSWSTEEL,20210630,10:24,695.95,696.00,695.65,695.95,21856,0
JSWSTEEL,20210630,10:25,695.85,697.50,695.85,696.95,97385,0
JSWSTEEL,20210630,10:26,697.00,697.50,696.50,697.20,35955,0
JSWSTEEL,20210630,10:27,697.00,697.05,696.55,696.55,10670,0
JSWSTEEL,20210630,10:28,696.75,696.95,696.25,696.60,17493,0
JSWSTEEL,20210630,10:29,696.65,697.10,696.65,697.00,19119,0
JSWSTEEL,20210630,10:30,697.20,697.90,697.00,697.90,54426,0
JSWSTEEL,20210630,10:31,697.90,698.00,697.00,697.05,28295,0
JSWSTEEL,20210630,10:32,697.30,697.50,697.05,697.25,19358,0
JSWSTEEL,20210630,10:33,697.00,697.40,696.60,696.95,30984,0
JSWSTEEL,20210630,10:34,696.95,697.20,696.80,696.95,11701,0
JSWSTEEL,20210630,10:35,696.90,696.95,696.50,696.50,12591,0
JSWSTEEL,20210630,10:36,696.50,697.00,696.50,696.95,9552,0
JSWSTEEL,20210630,10:37,696.65,696.85,696.15,696.15,15942,0
JSWSTEEL,20210630,10:38,696.15,696.45,695.55,695.95,21171,0
JSWSTEEL,20210630,10:39,696.00,696.30,696.00,696.05,7620,0
JSWSTEEL,20210630,10:40,696.20,696.35,696.00,696.20,7642,0
JSWSTEEL,20210630,10:41,696.00,696.20,695.85,696.00,8052,0
JSWSTEEL,20210630,10:42,696.20,696.20,695.85,696.10,7752,0
JSWSTEEL,20210630,10:43,696.05,696.05,695.70,696.05,7328,0
JSWSTEEL,20210630,10:44,695.95,696.20,695.80,696.20,9099,0
JSWSTEEL,20210630,10:45,695.90,696.45,695.90,696.15,8271,0
JSWSTEEL,20210630,10:46,696.30,697.00,696.10,696.75,16567,0
JSWSTEEL,20210630,10:47,696.95,697.00,696.50,696.70,9039,0
JSWSTEEL,20210630,10:48,696.95,697.00,696.70,696.80,5471,0
JSWSTEEL,20210630,10:49,696.95,697.00,696.10,696.30,12902,0
JSWSTEEL,20210630,10:50,696.10,696.50,695.50,695.50,29513,0
JSWSTEEL,20210630,10:51,695.80,695.80,694.35,695.25,39660,0
JSWSTEEL,20210630,10:52,694.95,695.25,694.70,694.80,16662,0
JSWSTEEL,20210630,10:53,694.80,695.00,694.80,694.90,5058,0
JSWSTEEL,20210630,10:54,694.90,695.60,694.85,695.50,8982,0
JSWSTEEL,20210630,10:55,695.50,695.50,694.80,695.00,11658,0
JSWSTEEL,20210630,10:56,695.00,695.55,694.10,695.10,28828,0
JSWSTEEL,20210630,10:57,695.05,695.25,694.95,695.25,1657,0
JSWSTEEL,20210630,10:58,695.15,695.50,695.00,695.00,2996,0
JSWSTEEL,20210630,10:59,695.00,695.60,695.00,695.25,5035,0
JSWSTEEL,20210630,11:00,695.40,695.50,695.00,695.30,1730,0
JSWSTEEL,20210630,11:01,695.15,695.45,694.90,695.25,2862,0
JSWSTEEL,20210630,11:02,695.25,695.50,695.00,695.45,2299,0
JSWSTEEL,20210630,11:03,695.20,695.45,695.00,695.00,4286,0
JSWSTEEL,20210630,11:04,695.00,695.30,694.55,694.70,8396,0
JSWSTEEL,20210630,11:05,695.00,695.00,694.70,694.95,3819,0
JSWSTEEL,20210630,11:06,694.75,695.30,694.75,695.30,5457,0
JSWSTEEL,20210630,11:07,695.30,695.30,694.75,695.00,2556,0
JSWSTEEL,20210630,11:08,695.00,695.00,694.50,694.75,5489,0
JSWSTEEL,20210630,11:09,694.55,694.85,694.50,694.85,6290,0
JSWSTEEL,20210630,11:10,694.60,694.80,694.50,694.50,8450,0
JSWSTEEL,20210630,11:11,694.65,694.95,694.50,694.95,4202,0
JSWSTEEL,20210630,11:12,694.70,695.00,694.70,694.90,2393,0
JSWSTEEL,20210630,11:13,694.75,694.85,693.65,693.65,42474,0
JSWSTEEL,20210630,11:14,693.70,694.10,693.70,693.90,11641,0
JSWSTEEL,20210630,11:15,693.90,694.35,693.80,693.80,7110,0
JSWSTEEL,20210630,11:16,693.70,694.10,693.00,693.05,21606,0
JSWSTEEL,20210630,11:17,693.05,693.20,692.20,693.20,28786,0
JSWSTEEL,20210630,11:18,693.00,693.65,693.00,693.55,9338,0
JSWSTEEL,20210630,11:19,693.75,693.75,693.35,693.65,4542,0
JSWSTEEL,20210630,11:20,693.40,693.90,693.40,693.55,4949,0
JSWSTEEL,20210630,11:21,693.60,693.70,692.80,693.35,15063,0
JSWSTEEL,20210630,11:22,693.35,693.45,693.00,693.00,5109,0
JSWSTEEL,20210630,11:23,693.35,693.75,692.95,693.75,6531,0
JSWSTEEL,20210630,11:24,693.70,693.95,693.15,693.50,9396,0
JSWSTEEL,20210630,11:25,693.50,693.50,693.00,693.30,4147,0
JSWSTEEL,20210630,11:26,693.30,693.30,692.55,692.55,12298,0
JSWSTEEL,20210630,11:27,692.70,692.80,692.00,692.65,31394,0
JSWSTEEL,20210630,11:28,692.40,692.70,691.65,691.75,15050,0
JSWSTEEL,20210630,11:29,691.95,692.25,691.50,692.05,14104,0
JSWSTEEL,20210630,11:30,692.35,692.45,691.00,691.30,58330,0
JSWSTEEL,20210630,11:31,691.05,692.00,691.05,691.60,16940,0
JSWSTEEL,20210630,11:32,691.60,692.35,691.55,692.10,7580,0
JSWSTEEL,20210630,11:33,692.30,692.30,691.35,691.90,19919,0
JSWSTEEL,20210630,11:34,691.70,692.00,691.50,691.80,17674,0
JSWSTEEL,20210630,11:35,691.80,691.80,691.25,691.55,15492,0
JSWSTEEL,20210630,11:36,691.65,692.20,691.50,691.95,12395,0
JSWSTEEL,20210630,11:37,692.00,692.35,691.95,692.15,6885,0
JSWSTEEL,20210630,11:38,692.30,692.40,692.00,692.25,7238,0
JSWSTEEL,20210630,11:39,692.10,692.40,691.90,692.10,14876,0
JSWSTEEL,20210630,11:40,692.35,692.35,691.90,692.15,9907,0
JSWSTEEL,20210630,11:41,691.90,692.30,691.90,692.25,6403,0
JSWSTEEL,20210630,11:42,692.25,692.30,691.95,692.10,2890,0
JSWSTEEL,20210630,11:43,692.00,692.20,692.00,692.10,1248,0
JSWSTEEL,20210630,11:44,692.20,692.45,692.10,692.45,2944,0
JSWSTEEL,20210630,11:45,692.45,692.85,692.30,692.70,10297,0
JSWSTEEL,20210630,11:46,692.85,692.90,692.20,692.30,11750,0
JSWSTEEL,20210630,11:47,692.00,692.25,691.40,691.40,15298,0
JSWSTEEL,20210630,11:48,691.60,692.10,691.45,692.10,4899,0
JSWSTEEL,20210630,11:49,692.10,692.35,691.90,692.25,1923,0
JSWSTEEL,20210630,11:50,692.25,692.25,691.90,692.25,4412,0
JSWSTEEL,20210630,11:51,692.25,692.25,691.50,691.60,14988,0
JSWSTEEL,20210630,11:52,691.40,692.00,691.40,691.75,7701,0
JSWSTEEL,20210630,11:53,691.95,692.00,691.65,692.00,2644,0
JSWSTEEL,20210630,11:54,691.90,692.50,691.90,692.50,4691,0
JSWSTEEL,20210630,11:55,692.15,692.70,692.00,692.05,1391,0
JSWSTEEL,20210630,11:56,692.05,692.45,691.90,692.45,5875,0
JSWSTEEL,20210630,11:57,692.40,692.45,691.65,692.00,2470,0
JSWSTEEL,20210630,11:58,691.75,692.00,691.70,692.00,1367,0
JSWSTEEL,20210630,11:59,691.75,692.15,691.70,691.75,3163,0
JSWSTEEL,20210630,12:00,691.85,692.15,691.80,691.85,2526,0
JSWSTEEL,20210630,12:01,691.85,692.05,691.75,692.00,2989,0
JSWSTEEL,20210630,12:02,692.15,692.25,692.00,692.20,1169,0
JSWSTEEL,20210630,12:03,692.20,692.50,692.20,692.40,9506,0
JSWSTEEL,20210630,12:04,692.50,692.55,692.15,692.20,4759,0
JSWSTEEL,20210630,12:05,692.50,692.50,692.20,692.25,980,0
JSWSTEEL,20210630,12:06,692.50,692.50,692.25,692.30,2014,0
JSWSTEEL,20210630,12:07,692.50,692.50,692.20,692.45,814,0
JSWSTEEL,20210630,12:08,692.40,692.45,692.05,692.05,2534,0
JSWSTEEL,20210630,12:09,692.00,692.20,692.00,692.00,4828,0
JSWSTEEL,20210630,12:10,692.00,692.15,692.00,692.00,1614,0
JSWSTEEL,20210630,12:11,692.00,692.15,691.80,692.00,2682,0
JSWSTEEL,20210630,12:12,691.85,691.90,691.50,691.50,2916,0
JSWSTEEL,20210630,12:13,691.50,691.90,691.50,691.60,4897,0
JSWSTEEL,20210630,12:14,691.55,691.75,691.30,691.55,9877,0
JSWSTEEL,20210630,12:15,691.70,692.00,691.50,691.55,6391,0
JSWSTEEL,20210630,12:16,691.50,691.90,691.50,691.90,3049,0
JSWSTEEL,20210630,12:17,691.85,691.90,691.30,691.35,5458,0
JSWSTEEL,20210630,12:18,691.35,691.35,690.40,690.50,41672,0
JSWSTEEL,20210630,12:19,690.75,691.55,690.45,691.20,9519,0
JSWSTEEL,20210630,12:20,691.50,691.60,691.20,691.45,3905,0
JSWSTEEL,20210630,12:21,691.50,691.55,691.00,691.15,5664,0
JSWSTEEL,20210630,12:22,691.00,691.10,690.80,690.90,7416,0
JSWSTEEL,20210630,12:23,690.90,691.00,690.50,690.60,5328,0
JSWSTEEL,20210630,12:24,690.60,691.00,690.35,690.60,9805,0
JSWSTEEL,20210630,12:25,690.50,690.90,690.50,690.90,4653,0
JSWSTEEL,20210630,12:26,690.65,690.90,690.35,690.70,7318,0
JSWSTEEL,20210630,12:27,690.80,690.90,690.55,690.90,3551,0
JSWSTEEL,20210630,12:28,691.00,691.10,690.95,691.05,5233,0
JSWSTEEL,20210630,12:29,690.75,691.85,690.75,691.70,6817,0
JSWSTEEL,20210630,12:30,691.55,692.00,691.25,691.35,14971,0
JSWSTEEL,20210630,12:31,691.35,691.55,691.15,691.20,1078,0
JSWSTEEL,20210630,12:32,691.55,691.55,691.30,691.55,1549,0
JSWSTEEL,20210630,12:33,691.45,691.90,691.25,691.90,5083,0
JSWSTEEL,20210630,12:34,691.85,692.25,691.75,691.85,11152,0
JSWSTEEL,20210630,12:35,691.85,692.00,691.35,691.45,3477,0
JSWSTEEL,20210630,12:36,691.45,691.70,691.45,691.70,359,0
JSWSTEEL,20210630,12:37,691.70,691.95,691.70,691.90,1717,0
JSWSTEEL,20210630,12:38,691.85,692.25,691.80,691.95,5099,0
JSWSTEEL,20210630,12:39,692.15,692.15,691.85,692.00,4133,0
JSWSTEEL,20210630,12:40,692.15,692.15,691.70,692.15,7860,0
JSWSTEEL,20210630,12:41,692.15,692.35,691.95,692.00,3716,0
JSWSTEEL,20210630,12:42,692.35,692.50,692.00,692.35,3610,0
JSWSTEEL,20210630,12:43,692.45,692.45,691.60,691.60,8768,0
JSWSTEEL,20210630,12:44,691.60,691.90,690.50,690.80,14849,0
JSWSTEEL,20210630,12:45,690.65,690.80,690.50,690.50,3431,0
JSWSTEEL,20210630,12:46,690.60,690.80,690.30,690.60,9295,0
JSWSTEEL,20210630,12:47,691.00,691.50,690.85,691.25,4833,0
JSWSTEEL,20210630,12:48,691.25,691.35,690.50,690.95,4106,0
JSWSTEEL,20210630,12:49,690.80,691.00,690.50,691.00,2807,0
JSWSTEEL,20210630,12:50,690.65,691.00,690.65,690.95,2400,0
JSWSTEEL,20210630,12:51,690.95,691.25,690.75,691.20,939,0
JSWSTEEL,20210630,12:52,691.20,691.30,691.00,691.15,983,0
JSWSTEEL,20210630,12:53,691.10,691.15,690.80,690.90,1906,0
JSWSTEEL,20210630,12:54,690.90,691.15,690.90,690.90,914,0
JSWSTEEL,20210630,12:55,690.90,691.00,690.60,690.90,3556,0
JSWSTEEL,20210630,12:56,690.70,691.15,690.70,691.15,1338,0
JSWSTEEL,20210630,12:57,690.95,691.15,690.80,691.10,1489,0
JSWSTEEL,20210630,12:58,691.00,691.05,690.80,690.80,1161,0
JSWSTEEL,20210630,12:59,690.95,691.00,690.55,690.55,7034,0
JSWSTEEL,20210630,13:00,690.10,690.55,690.00,690.50,26255,0
JSWSTEEL,20210630,13:01,690.35,690.75,690.10,690.10,2962,0
JSWSTEEL,20210630,13:02,690.45,690.45,690.00,690.35,4481,0
JSWSTEEL,20210630,13:03,690.35,690.60,690.10,690.50,6453,0
JSWSTEEL,20210630,13:04,690.65,690.75,690.10,690.25,9167,0
JSWSTEEL,20210630,13:05,690.25,690.65,690.10,690.25,6308,0
JSWSTEEL,20210630,13:06,690.25,690.40,690.05,690.20,4278,0
JSWSTEEL,20210630,13:07,690.15,690.40,690.15,690.30,2290,0
JSWSTEEL,20210630,13:08,690.10,690.60,690.05,690.60,4334,0
JSWSTEEL,20210630,13:09,690.60,690.60,690.15,690.55,1648,0
JSWSTEEL,20210630,13:10,690.20,690.65,690.20,690.65,2702,0
JSWSTEEL,20210630,13:11,690.65,690.90,690.55,690.90,2705,0
JSWSTEEL,20210630,13:12,690.90,691.00,690.75,691.00,2742,0
JSWSTEEL,20210630,13:13,690.85,691.00,690.70,690.85,4662,0
JSWSTEEL,20210630,13:14,690.80,691.40,690.75,691.25,5006,0
JSWSTEEL,20210630,13:15,691.35,691.40,690.85,690.85,1923,0
JSWSTEEL,20210630,13:16,691.00,691.30,690.50,690.65,7714,0
JSWSTEEL,20210630,13:17,690.65,691.15,690.50,691.05,4617,0
JSWSTEEL,20210630,13:18,691.00,691.55,691.00,691.45,8629,0
JSWSTEEL,20210630,13:19,691.45,691.95,691.20,691.80,6187,0
JSWSTEEL,20210630,13:20,691.80,692.70,691.80,692.60,26052,0
JSWSTEEL,20210630,13:21,692.70,692.90,692.50,692.70,9126,0
JSWSTEEL,20210630,13:22,692.80,693.70,692.70,693.70,30945,0
JSWSTEEL,20210630,13:23,693.70,693.70,693.25,693.65,8824,0
JSWSTEEL,20210630,13:24,693.70,693.70,692.90,693.00,12092,0
JSWSTEEL,20210630,13:25,693.10,693.65,693.05,693.55,11190,0
JSWSTEEL,20210630,13:26,693.50,693.70,693.05,693.35,12224,0
JSWSTEEL,20210630,13:27,693.20,693.45,692.90,692.90,3764,0
JSWSTEEL,20210630,13:28,692.90,693.05,692.55,692.90,7936,0
JSWSTEEL,20210630,13:29,692.65,693.00,692.55,692.90,3558,0
JSWSTEEL,20210630,13:30,692.95,693.10,692.70,692.85,6501,0
JSWSTEEL,20210630,13:31,693.30,693.30,692.85,693.20,7693,0
JSWSTEEL,20210630,13:32,693.10,693.40,693.00,693.05,3289,0
JSWSTEEL,20210630,13:33,693.05,693.35,693.05,693.05,1121,0
JSWSTEEL,20210630,13:34,693.05,693.20,692.65,692.85,5174,0
JSWSTEEL,20210630,13:35,692.85,693.40,692.75,693.40,8788,0
JSWSTEEL,20210630,13:36,693.40,693.40,692.70,692.75,5987,0
JSWSTEEL,20210630,13:37,692.80,693.20,692.70,693.20,2636,0
JSWSTEEL,20210630,13:38,693.00,693.20,691.85,691.90,11391,0
JSWSTEEL,20210630,13:39,692.20,692.20,691.55,691.75,6616,0
JSWSTEEL,20210630,13:40,691.70,691.75,691.00,691.00,12069,0
JSWSTEEL,20210630,13:41,691.00,691.50,691.00,691.40,6452,0
JSWSTEEL,20210630,13:42,691.50,691.65,691.25,691.60,5908,0
JSWSTEEL,20210630,13:43,691.60,691.60,691.05,691.50,5378,0
JSWSTEEL,20210630,13:44,691.50,691.50,690.15,690.50,18182,0
JSWSTEEL,20210630,13:45,690.65,690.80,690.35,690.50,5821,0
JSWSTEEL,20210630,13:46,690.80,690.80,690.25,690.80,6955,0
JSWSTEEL,20210630,13:47,690.95,691.00,690.25,690.50,4889,0
JSWSTEEL,20210630,13:48,690.20,690.50,690.00,690.35,26491,0
JSWSTEEL,20210630,13:49,690.35,690.50,690.00,690.00,4018,0
JSWSTEEL,20210630,13:50,690.25,690.25,689.15,689.50,21299,0
JSWSTEEL,20210630,13:51,689.50,690.30,689.50,690.05,4512,0
JSWSTEEL,20210630,13:52,690.25,690.45,689.65,690.15,9025,0
JSWSTEEL,20210630,13:53,690.15,690.40,689.50,689.75,5488,0
JSWSTEEL,20210630,13:54,690.00,690.00,689.40,689.40,7860,0
JSWSTEEL,20210630,13:55,689.30,689.70,689.20,689.70,5049,0
JSWSTEEL,20210630,13:56,689.40,689.70,689.35,689.50,6160,0
JSWSTEEL,20210630,13:57,689.50,689.50,689.30,689.40,6552,0
JSWSTEEL,20210630,13:58,689.25,690.30,689.25,690.00,5810,0
JSWSTEEL,20210630,13:59,689.90,690.15,689.50,689.50,5489,0
JSWSTEEL,20210630,14:00,689.75,689.80,689.30,689.35,7969,0
JSWSTEEL,20210630,14:01,689.45,689.70,689.30,689.65,3591,0
JSWSTEEL,20210630,14:02,689.65,689.80,688.75,688.75,26853,0
JSWSTEEL,20210630,14:03,688.80,688.95,688.20,688.60,9952,0
JSWSTEEL,20210630,14:04,688.60,688.80,688.50,688.60,20214,0
JSWSTEEL,20210630,14:05,688.70,689.30,688.40,689.20,12648,0
JSWSTEEL,20210630,14:06,689.05,689.75,689.00,689.75,4835,0
JSWSTEEL,20210630,14:07,689.80,689.80,689.30,689.40,7137,0
JSWSTEEL,20210630,14:08,689.40,689.50,689.30,689.40,4056,0
JSWSTEEL,20210630,14:09,689.40,689.70,689.40,689.50,10879,0
JSWSTEEL,20210630,14:10,689.70,689.70,689.50,689.50,5072,0
JSWSTEEL,20210630,14:11,689.45,689.70,689.45,689.70,4019,0
JSWSTEEL,20210630,14:12,689.70,689.70,688.45,688.95,24724,0
JSWSTEEL,20210630,14:13,689.00,689.00,688.85,688.85,4476,0
JSWSTEEL,20210630,14:14,689.00,689.55,688.85,689.50,8221,0
JSWSTEEL,20210630,14:15,689.55,689.55,688.90,689.00,9408,0
JSWSTEEL,20210630,14:16,689.00,689.85,688.90,689.85,11074,0
JSWSTEEL,20210630,14:17,689.90,689.90,688.85,688.95,34498,0
JSWSTEEL,20210630,14:18,689.00,689.00,688.85,689.00,9089,0
JSWSTEEL,20210630,14:19,689.00,689.00,688.90,689.00,18022,0
JSWSTEEL,20210630,14:20,689.00,689.00,688.85,688.90,9883,0
JSWSTEEL,20210630,14:21,688.85,689.00,688.45,688.45,16724,0
JSWSTEEL,20210630,14:22,688.45,688.45,687.60,688.05,39706,0
JSWSTEEL,20210630,14:23,688.00,688.10,687.00,687.95,30643,0
JSWSTEEL,20210630,14:24,687.60,688.00,686.60,687.00,78017,0
JSWSTEEL,20210630,14:25,687.00,687.75,686.55,687.20,60786,0
JSWSTEEL,20210630,14:26,687.20,687.70,687.05,687.70,5631,0
JSWSTEEL,20210630,14:27,687.75,687.75,686.90,686.90,46486,0
JSWSTEEL,20210630,14:28,686.95,686.95,685.90,686.45,33935,0
JSWSTEEL,20210630,14:29,686.00,686.70,685.95,686.20,16089,0
JSWSTEEL,20210630,14:30,686.35,686.75,686.05,686.40,8112,0
JSWSTEEL,20210630,14:31,686.40,686.50,685.50,686.15,42173,0
JSWSTEEL,20210630,14:32,685.70,686.50,685.70,686.50,11089,0
JSWSTEEL,20210630,14:33,686.50,687.20,686.30,687.20,10018,0
JSWSTEEL,20210630,14:34,687.10,687.60,687.00,687.35,9717,0
JSWSTEEL,20210630,14:35,687.60,687.90,687.35,687.60,16716,0
JSWSTEEL,20210630,14:36,687.80,687.80,686.10,686.10,17720,0
JSWSTEEL,20210630,14:37,686.30,686.85,686.00,686.40,15527,0
JSWSTEEL,20210630,14:38,686.40,686.80,686.25,686.55,7994,0
JSWSTEEL,20210630,14:39,686.55,687.45,686.55,687.45,5444,0
JSWSTEEL,20210630,14:40,687.40,687.50,687.05,687.40,5003,0
JSWSTEEL,20210630,14:41,687.25,687.50,686.80,686.80,10495,0
JSWSTEEL,20210630,14:42,687.00,687.00,686.20,686.45,5030,0
JSWSTEEL,20210630,14:43,686.25,687.00,686.20,687.00,8565,0
JSWSTEEL,20210630,14:44,686.85,686.90,686.50,686.90,20741,0
JSWSTEEL,20210630,14:45,686.95,687.30,686.85,686.95,15190,0
JSWSTEEL,20210630,14:46,686.95,687.45,686.80,687.30,5710,0
JSWSTEEL,20210630,14:47,687.30,687.50,686.75,687.00,36084,0
JSWSTEEL,20210630,14:48,687.00,687.60,687.00,687.60,4376,0
JSWSTEEL,20210630,14:49,687.65,688.00,687.65,687.95,13732,0
JSWSTEEL,20210630,14:50,687.90,688.65,687.90,688.40,16926,0
JSWSTEEL,20210630,14:51,688.00,688.05,686.90,687.40,27135,0
JSWSTEEL,20210630,14:52,687.50,687.65,687.00,687.00,12837,0
JSWSTEEL,20210630,14:53,687.15,687.20,686.60,687.20,13468,0
JSWSTEEL,20210630,14:54,687.05,687.50,686.95,687.50,10188,0
JSWSTEEL,20210630,14:55,687.25,687.50,687.25,687.50,6166,0
JSWSTEEL,20210630,14:56,687.40,688.00,687.40,687.95,10839,0
JSWSTEEL,20210630,14:57,687.70,687.90,687.00,687.15,12635,0
JSWSTEEL,20210630,14:58,687.00,687.30,686.25,686.50,18169,0
JSWSTEEL,20210630,14:59,686.75,687.00,685.90,686.35,23878,0
JSWSTEEL,20210630,15:00,686.35,686.40,685.85,686.05,12975,0
JSWSTEEL,20210630,15:01,686.30,686.30,685.75,685.75,17917,0
JSWSTEEL,20210630,15:02,685.75,685.80,684.25,684.25,59744,0
JSWSTEEL,20210630,15:03,684.20,684.45,683.60,684.20,41352,0
JSWSTEEL,20210630,15:04,684.20,685.20,684.20,684.55,26964,0
JSWSTEEL,20210630,15:05,684.55,684.85,684.50,684.70,32375,0
JSWSTEEL,20210630,15:06,684.70,684.85,683.95,684.10,35139,0
JSWSTEEL,20210630,15:07,684.15,684.35,683.90,684.15,23361,0
JSWSTEEL,20210630,15:08,683.90,684.70,683.90,684.70,23836,0
JSWSTEEL,20210630,15:09,684.70,684.70,683.90,684.00,21298,0
JSWSTEEL,20210630,15:10,684.05,684.25,683.85,683.95,26092,0
JSWSTEEL,20210630,15:11,683.90,684.05,683.25,683.50,44055,0
JSWSTEEL,20210630,15:12,683.25,683.70,683.20,683.60,34344,0
JSWSTEEL,20210630,15:13,683.65,683.65,683.00,683.05,26320,0
JSWSTEEL,20210630,15:14,682.95,683.45,682.85,683.25,36063,0
JSWSTEEL,20210630,15:15,683.35,683.35,682.65,682.70,33589,0
JSWSTEEL,20210630,15:16,682.80,683.40,682.70,683.20,43301,0
JSWSTEEL,20210630,15:17,683.20,683.90,683.00,683.70,34950,0
JSWSTEEL,20210630,15:18,683.90,684.10,683.60,684.05,38030,0
JSWSTEEL,20210630,15:19,684.00,684.10,683.45,683.45,41038,0
JSWSTEEL,20210630,15:20,683.50,683.90,683.05,683.85,50485,0
JSWSTEEL,20210630,15:21,683.90,684.40,683.90,684.05,35593,0
JSWSTEEL,20210630,15:22,684.10,684.50,683.30,684.25,78915,0
JSWSTEEL,20210630,15:23,684.20,684.60,684.20,684.50,17890,0
JSWSTEEL,20210630,15:24,684.50,684.50,683.85,683.85,23609,0
JSWSTEEL,20210630,15:25,683.85,683.95,683.80,683.90,18996,0
JSWSTEEL,20210630,15:26,683.95,684.00,683.55,683.70,26870,0
JSWSTEEL,20210630,15:27,683.70,684.00,683.60,683.65,22149,0
JSWSTEEL,20210630,15:28,683.65,683.65,683.45,683.50,32945,0
JSWSTEEL,20210630,15:29,683.60,684.50,683.10,684.25,26706,0
JSWSTEEL,20210630,15:30,684.25,685.20,683.85,685.20,18469,0
JSWSTEEL,20210630,15:31,685.20,685.20,685.20,685.20,116,0
JSWSTEEL,20210630,15:32,683.90,683.90,683.90,683.90,0,0
JSWSTEEL,20210630,15:41,683.90,683.90,683.90,683.90,8,0
JSWSTEEL,20210630,16:47,683.90,683.90,683.90,683.90,0,0
