ZEEL,20190222,09:08,443.75,443.75,443.75,443.75,4981,0
ZEEL,20190222,09:16,444.35,446.00,444.05,445.25,30811,0
ZEEL,20190222,09:17,445.25,445.35,443.75,443.75,34937,0
ZEEL,20190222,09:18,444.10,445.00,443.40,444.85,26150,0
ZEEL,20190222,09:19,444.85,444.85,444.20,444.35,16233,0
ZEEL,20190222,09:20,444.40,444.50,443.50,443.60,19824,0
ZEEL,20190222,09:21,443.80,445.05,443.60,445.00,25690,0
ZEEL,20190222,09:22,445.00,446.35,444.70,445.90,20828,0
ZEEL,20190222,09:23,445.75,445.95,445.20,445.45,21382,0
ZEEL,20190222,09:24,445.05,445.05,444.35,444.50,9922,0
ZEEL,20190222,09:25,444.40,444.50,443.80,444.20,23638,0
ZEEL,20190222,09:26,444.35,444.40,442.60,443.00,31636,0
ZEEL,20190222,09:27,443.00,443.90,442.70,443.70,16601,0
ZEEL,20190222,09:28,443.90,443.95,443.30,443.60,15117,0
ZEEL,20190222,09:29,443.40,444.40,442.45,442.45,28853,0
ZEEL,20190222,09:30,442.25,442.75,442.00,442.50,47264,0
ZEEL,20190222,09:31,442.35,443.35,442.35,443.35,22375,0
ZEEL,20190222,09:32,443.00,443.80,442.90,443.45,11212,0
ZEEL,20190222,09:33,443.15,443.65,441.25,441.25,62930,0
ZEEL,20190222,09:34,441.45,442.50,441.45,441.90,35698,0
ZEEL,20190222,09:35,442.30,443.20,442.00,442.75,19148,0
ZEEL,20190222,09:36,442.75,443.00,442.00,442.20,19929,0
ZEEL,20190222,09:37,442.10,442.35,441.95,442.05,9367,0
ZEEL,20190222,09:38,442.25,442.90,442.05,442.55,7505,0
ZEEL,20190222,09:39,442.70,442.80,442.40,442.40,8832,0
ZEEL,20190222,09:40,442.50,442.50,442.05,442.20,4717,0
ZEEL,20190222,09:41,442.20,442.50,442.10,442.10,6262,0
ZEEL,20190222,09:42,442.20,442.90,442.20,442.90,8436,0
ZEEL,20190222,09:43,442.90,443.35,442.60,442.60,23655,0
ZEEL,20190222,09:44,442.50,442.90,442.20,442.60,16331,0
ZEEL,20190222,09:45,442.60,443.20,442.35,442.55,8851,0
ZEEL,20190222,09:46,442.80,443.00,442.40,442.70,7857,0
ZEEL,20190222,09:47,442.75,443.60,442.75,443.55,12323,0
ZEEL,20190222,09:48,443.55,443.65,443.20,443.40,5893,0
ZEEL,20190222,09:49,443.25,443.45,443.20,443.45,3105,0
ZEEL,20190222,09:50,443.50,444.40,443.35,444.30,25730,0
ZEEL,20190222,09:51,444.85,445.80,444.00,444.80,33469,0
ZEEL,20190222,09:52,444.65,445.70,444.65,445.45,12956,0
ZEEL,20190222,09:53,445.50,446.00,445.45,445.60,19212,0
ZEEL,20190222,09:54,445.55,445.90,445.05,445.10,11194,0
ZEEL,20190222,09:55,445.25,445.25,444.30,444.35,11502,0
ZEEL,20190222,09:56,444.35,444.35,443.75,443.80,13271,0
ZEEL,20190222,09:57,443.75,444.70,443.75,443.95,14445,0
ZEEL,20190222,09:58,444.00,445.00,444.00,444.90,12483,0
ZEEL,20190222,09:59,444.90,445.50,444.10,444.55,17120,0
ZEEL,20190222,10:00,444.60,445.15,444.55,444.60,15442,0
ZEEL,20190222,10:01,444.95,445.45,444.65,445.00,6669,0
ZEEL,20190222,10:02,445.30,445.70,444.95,445.15,6963,0
ZEEL,20190222,10:03,445.40,447.00,445.25,446.00,47574,0
ZEEL,20190222,10:04,445.80,446.40,445.75,445.75,6758,0
ZEEL,20190222,10:05,445.70,446.00,445.50,445.90,6372,0
ZEEL,20190222,10:06,445.80,445.80,445.20,445.25,6276,0
ZEEL,20190222,10:07,445.30,445.40,445.10,445.30,2863,0
ZEEL,20190222,10:08,445.15,445.50,445.05,445.50,8315,0
ZEEL,20190222,10:09,445.45,445.90,445.15,445.90,3318,0
ZEEL,20190222,10:10,445.80,445.90,445.40,445.40,2474,0
ZEEL,20190222,10:11,445.35,445.35,444.60,444.95,22013,0
ZEEL,20190222,10:12,444.90,445.50,444.90,445.35,2705,0
ZEEL,20190222,10:13,445.00,445.45,445.00,445.00,2053,0
ZEEL,20190222,10:14,445.05,445.90,445.05,445.65,10082,0
ZEEL,20190222,10:15,445.50,445.70,445.35,445.45,1862,0
ZEEL,20190222,10:16,445.50,445.85,445.50,445.70,5297,0
ZEEL,20190222,10:17,445.70,445.70,445.15,445.65,5247,0
ZEEL,20190222,10:18,445.70,446.30,445.60,446.10,25720,0
ZEEL,20190222,10:19,446.25,446.30,446.00,446.20,9636,0
ZEEL,20190222,10:20,446.20,446.40,446.00,446.20,5242,0
ZEEL,20190222,10:21,446.20,446.30,446.00,446.00,12860,0
ZEEL,20190222,10:22,446.15,446.30,445.25,445.75,10228,0
ZEEL,20190222,10:23,445.70,445.70,445.10,445.35,6369,0
ZEEL,20190222,10:24,445.50,445.50,445.25,445.35,1405,0
ZEEL,20190222,10:25,445.30,445.65,445.30,445.40,2266,0
ZEEL,20190222,10:26,445.40,445.40,444.25,444.80,15448,0
ZEEL,20190222,10:27,445.15,445.35,445.00,445.00,3028,0
ZEEL,20190222,10:28,445.05,445.55,445.05,445.45,2012,0
ZEEL,20190222,10:29,445.25,445.45,445.00,445.25,6948,0
ZEEL,20190222,10:30,445.20,445.65,445.20,445.45,8723,0
ZEEL,20190222,10:31,445.55,446.00,445.55,445.85,6252,0
ZEEL,20190222,10:32,445.60,446.00,445.60,445.80,3889,0
ZEEL,20190222,10:33,445.65,445.95,445.50,445.55,3190,0
ZEEL,20190222,10:34,445.60,445.70,445.50,445.70,1750,0
ZEEL,20190222,10:35,445.75,445.75,445.50,445.50,1557,0
ZEEL,20190222,10:36,445.70,445.70,445.50,445.60,1406,0
ZEEL,20190222,10:37,445.35,445.65,445.25,445.30,3787,0
ZEEL,20190222,10:38,445.30,445.55,445.05,445.55,3354,0
ZEEL,20190222,10:39,445.45,445.65,445.05,445.05,2139,0
ZEEL,20190222,10:40,445.10,445.50,445.05,445.20,1158,0
ZEEL,20190222,10:41,445.25,446.00,445.20,445.65,16266,0
ZEEL,20190222,10:42,445.70,445.90,445.50,445.80,2503,0
ZEEL,20190222,10:43,445.80,445.90,445.65,445.80,1567,0
ZEEL,20190222,10:44,445.75,445.80,445.50,445.65,1328,0
ZEEL,20190222,10:45,445.65,445.65,445.50,445.55,1252,0
ZEEL,20190222,10:46,445.60,446.25,445.50,445.90,16175,0
ZEEL,20190222,10:47,446.00,446.90,446.00,446.90,17062,0
ZEEL,20190222,10:48,446.90,447.95,446.80,447.50,39667,0
ZEEL,20190222,10:49,447.40,447.65,447.15,447.35,29953,0
ZEEL,20190222,10:50,447.50,448.60,447.35,448.20,38850,0
ZEEL,20190222,10:51,448.20,448.20,447.20,447.50,14938,0
ZEEL,20190222,10:52,447.70,448.00,447.25,447.25,12864,0
ZEEL,20190222,10:53,447.25,448.80,447.25,448.55,20777,0
ZEEL,20190222,10:54,448.90,450.80,448.25,449.55,96161,0
ZEEL,20190222,10:55,449.50,449.80,449.10,449.70,28541,0
ZEEL,20190222,10:56,449.75,450.00,449.25,449.80,18902,0
ZEEL,20190222,10:57,449.80,449.95,449.25,449.45,12929,0
ZEEL,20190222,10:58,449.25,449.35,448.60,448.60,8889,0
ZEEL,20190222,10:59,448.55,448.70,447.75,448.55,28077,0
ZEEL,20190222,11:00,448.55,448.80,448.50,448.50,4640,0
ZEEL,20190222,11:01,448.55,448.55,448.10,448.20,4094,0
ZEEL,20190222,11:02,448.50,448.50,448.20,448.35,4645,0
ZEEL,20190222,11:03,448.40,448.40,448.30,448.30,3430,0
ZEEL,20190222,11:04,448.50,448.50,448.30,448.50,3308,0
ZEEL,20190222,11:05,448.50,448.50,448.20,448.50,4284,0
ZEEL,20190222,11:06,448.40,449.10,448.05,449.10,19015,0
ZEEL,20190222,11:07,449.00,449.10,447.75,448.70,26671,0
ZEEL,20190222,11:08,448.45,449.10,448.00,448.40,21255,0
ZEEL,20190222,11:09,448.40,449.20,448.10,448.65,25153,0
ZEEL,20190222,11:10,448.75,449.95,448.65,449.85,28675,0
ZEEL,20190222,11:11,449.90,449.95,449.05,449.10,6512,0
ZEEL,20190222,11:12,449.10,449.55,449.00,449.00,5575,0
ZEEL,20190222,11:13,449.00,449.30,449.00,449.20,4721,0
ZEEL,20190222,11:14,449.25,449.25,449.00,449.15,2114,0
ZEEL,20190222,11:15,449.15,449.20,448.75,448.90,6140,0
ZEEL,20190222,11:16,448.90,448.95,448.20,448.30,4650,0
ZEEL,20190222,11:17,448.60,448.75,448.25,448.65,1892,0
ZEEL,20190222,11:18,448.65,449.20,448.50,449.00,6805,0
ZEEL,20190222,11:19,449.00,449.00,448.85,449.00,1258,0
ZEEL,20190222,11:20,449.00,449.00,448.65,448.65,745,0
ZEEL,20190222,11:21,448.80,448.85,448.45,448.45,2340,0
ZEEL,20190222,11:22,448.65,448.90,448.55,448.55,1006,0
ZEEL,20190222,11:23,448.65,448.70,448.30,448.45,2802,0
ZEEL,20190222,11:24,448.35,448.50,448.10,448.25,4868,0
ZEEL,20190222,11:25,448.40,448.70,448.15,448.55,3487,0
ZEEL,20190222,11:26,448.25,448.75,448.10,448.45,4589,0
ZEEL,20190222,11:27,448.20,448.45,448.15,448.40,1975,0
ZEEL,20190222,11:28,448.35,448.40,448.10,448.40,1810,0
ZEEL,20190222,11:29,448.40,448.40,448.30,448.30,558,0
ZEEL,20190222,11:30,448.30,448.50,448.30,448.40,1849,0
ZEEL,20190222,11:31,448.35,448.45,448.20,448.35,2439,0
ZEEL,20190222,11:32,448.45,448.45,448.20,448.40,1219,0
ZEEL,20190222,11:33,448.35,448.55,448.20,448.45,7415,0
ZEEL,20190222,11:34,448.50,448.60,448.40,448.60,1847,0
ZEEL,20190222,11:35,448.40,448.50,448.25,448.45,1052,0
ZEEL,20190222,11:36,448.50,448.50,448.30,448.35,687,0
ZEEL,20190222,11:37,448.35,448.35,447.65,447.70,12337,0
ZEEL,20190222,11:38,447.65,448.30,447.60,448.10,3971,0
ZEEL,20190222,11:39,448.10,448.30,447.80,447.85,1557,0
ZEEL,20190222,11:40,447.90,448.00,447.60,447.70,3574,0
ZEEL,20190222,11:41,447.70,448.00,447.60,448.00,2119,0
ZEEL,20190222,11:42,447.95,448.00,447.65,447.80,1657,0
ZEEL,20190222,11:43,447.80,448.50,447.70,448.50,5584,0
ZEEL,20190222,11:44,448.45,448.50,448.15,448.30,1316,0
ZEEL,20190222,11:45,448.30,448.50,448.15,448.15,2634,0
ZEEL,20190222,11:46,448.30,448.35,447.70,447.85,3321,0
ZEEL,20190222,11:47,447.85,448.00,447.75,447.90,2007,0
ZEEL,20190222,11:48,447.95,447.95,447.70,447.85,1878,0
ZEEL,20190222,11:49,447.70,447.70,447.50,447.60,9577,0
ZEEL,20190222,11:50,447.50,447.60,447.10,447.20,6776,0
ZEEL,20190222,11:51,447.15,447.30,446.60,447.00,27073,0
ZEEL,20190222,11:52,446.90,447.20,446.70,447.00,12110,0
ZEEL,20190222,11:53,447.20,447.20,446.90,447.10,2046,0
ZEEL,20190222,11:54,447.00,447.00,446.50,446.50,7144,0
ZEEL,20190222,11:55,446.10,447.00,446.10,446.30,22792,0
ZEEL,20190222,11:56,446.20,446.20,445.80,445.80,24370,0
ZEEL,20190222,11:57,445.85,445.85,445.60,445.70,13690,0
ZEEL,20190222,11:58,445.65,445.85,445.30,445.85,11739,0
ZEEL,20190222,11:59,445.85,446.50,445.85,446.40,4843,0
ZEEL,20190222,12:00,446.35,446.45,446.20,446.40,3068,0
ZEEL,20190222,12:01,446.40,446.45,446.05,446.25,4646,0
ZEEL,20190222,12:02,446.20,446.50,446.20,446.40,1505,0
ZEEL,20190222,12:03,446.40,446.50,446.25,446.50,7620,0
ZEEL,20190222,12:04,446.50,446.50,446.40,446.45,13237,0
ZEEL,20190222,12:05,446.25,446.50,446.25,446.50,3369,0
ZEEL,20190222,12:06,446.45,446.50,446.15,446.25,1788,0
ZEEL,20190222,12:07,446.40,446.40,446.05,446.25,1271,0
ZEEL,20190222,12:08,446.15,446.35,446.00,446.10,2891,0
ZEEL,20190222,12:09,446.00,446.10,445.60,445.65,8071,0
ZEEL,20190222,12:10,445.85,446.10,445.85,446.00,4485,0
ZEEL,20190222,12:11,446.00,446.10,446.00,446.10,6186,0
ZEEL,20190222,12:12,446.05,446.15,446.00,446.15,2769,0
ZEEL,20190222,12:13,446.15,446.15,446.00,446.00,12007,0
ZEEL,20190222,12:14,446.05,446.05,446.00,446.05,1337,0
ZEEL,20190222,12:15,446.10,446.15,445.60,445.95,9249,0
ZEEL,20190222,12:16,445.60,446.30,445.60,445.95,8947,0
ZEEL,20190222,12:17,445.95,445.95,445.40,445.40,6321,0
ZEEL,20190222,12:18,445.35,445.70,445.00,445.15,31519,0
ZEEL,20190222,12:19,445.00,445.15,444.65,444.80,10600,0
ZEEL,20190222,12:20,444.90,444.90,444.50,444.60,9554,0
ZEEL,20190222,12:21,444.50,444.80,444.40,444.60,19860,0
ZEEL,20190222,12:22,444.45,444.80,444.45,444.70,4491,0
ZEEL,20190222,12:23,444.70,444.85,444.50,444.70,5081,0
ZEEL,20190222,12:24,444.70,445.40,444.70,445.15,12571,0
ZEEL,20190222,12:25,445.40,445.55,445.15,445.25,2215,0
ZEEL,20190222,12:26,445.20,445.50,444.85,445.00,8365,0
ZEEL,20190222,12:27,445.10,445.80,445.10,445.70,6338,0
ZEEL,20190222,12:28,445.55,445.75,445.20,445.40,14458,0
ZEEL,20190222,12:29,445.30,445.35,444.80,445.00,26428,0
ZEEL,20190222,12:30,444.95,445.50,444.80,445.00,29129,0
ZEEL,20190222,12:31,444.80,445.00,444.60,444.60,5763,0
ZEEL,20190222,12:32,444.20,444.70,444.20,444.70,11488,0
ZEEL,20190222,12:33,444.70,444.95,444.45,444.75,4423,0
ZEEL,20190222,12:34,445.15,445.20,444.70,445.10,3954,0
ZEEL,20190222,12:35,445.10,445.35,444.75,444.90,1444,0
ZEEL,20190222,12:36,444.75,445.15,444.75,444.75,12417,0
ZEEL,20190222,12:37,444.75,444.80,444.50,444.75,10426,0
ZEEL,20190222,12:38,444.80,445.00,444.70,444.95,2233,0
ZEEL,20190222,12:39,445.30,445.30,444.50,444.90,22109,0
ZEEL,20190222,12:40,444.90,445.00,444.70,445.00,10283,0
ZEEL,20190222,12:41,444.90,445.00,444.65,444.75,9947,0
ZEEL,20190222,12:42,444.75,444.75,444.50,444.50,4141,0
ZEEL,20190222,12:43,444.40,444.50,444.10,444.20,8477,0
ZEEL,20190222,12:44,444.00,444.50,444.00,444.50,13740,0
ZEEL,20190222,12:45,444.50,444.50,444.25,444.35,2775,0
ZEEL,20190222,12:46,444.35,444.50,444.30,444.40,2254,0
ZEEL,20190222,12:47,444.35,444.50,444.30,444.50,3469,0
ZEEL,20190222,12:48,444.35,444.50,444.30,444.50,2512,0
ZEEL,20190222,12:49,444.40,444.50,444.35,444.50,3824,0
ZEEL,20190222,12:50,444.40,444.50,444.40,444.40,5067,0
ZEEL,20190222,12:51,444.45,444.50,444.40,444.50,2705,0
ZEEL,20190222,12:52,444.30,444.35,444.00,444.20,15292,0
ZEEL,20190222,12:53,444.15,444.50,444.00,444.05,2930,0
ZEEL,20190222,12:54,444.10,444.40,444.00,444.40,4528,0
ZEEL,20190222,12:55,444.20,444.40,444.05,444.10,2868,0
ZEEL,20190222,12:56,444.10,444.75,444.10,444.75,7685,0
ZEEL,20190222,12:57,444.60,444.75,444.40,444.55,1858,0
ZEEL,20190222,12:58,444.60,444.75,444.55,444.60,4927,0
ZEEL,20190222,12:59,444.60,444.75,444.60,444.60,1817,0
ZEEL,20190222,13:00,444.60,444.70,444.30,444.50,6014,0
ZEEL,20190222,13:01,444.50,444.50,444.30,444.40,543,0
ZEEL,20190222,13:02,444.50,444.75,444.40,444.75,2870,0
ZEEL,20190222,13:03,444.75,444.75,444.50,444.75,13625,0
ZEEL,20190222,13:04,444.70,444.75,444.55,444.55,4798,0
ZEEL,20190222,13:05,444.75,444.75,444.50,444.55,2495,0
ZEEL,20190222,13:06,444.55,445.00,444.55,444.80,5517,0
ZEEL,20190222,13:07,444.90,445.70,444.80,445.20,17072,0
ZEEL,20190222,13:08,445.20,445.70,445.20,445.40,2077,0
ZEEL,20190222,13:09,445.50,445.50,444.90,444.95,6301,0
ZEEL,20190222,13:10,444.95,445.05,444.75,444.75,1854,0
ZEEL,20190222,13:11,444.75,445.05,444.75,445.05,813,0
ZEEL,20190222,13:12,445.00,445.40,445.00,445.30,1795,0
ZEEL,20190222,13:13,445.30,445.50,445.10,445.35,1682,0
ZEEL,20190222,13:14,445.50,445.50,445.30,445.30,2419,0
ZEEL,20190222,13:15,445.40,445.85,445.10,445.30,4804,0
ZEEL,20190222,13:16,445.30,445.75,445.20,445.20,6421,0
ZEEL,20190222,13:17,445.25,445.25,445.10,445.10,631,0
ZEEL,20190222,13:18,445.15,445.25,445.10,445.15,705,0
ZEEL,20190222,13:19,445.10,445.20,445.10,445.10,1443,0
ZEEL,20190222,13:20,445.10,445.15,444.55,444.80,7088,0
ZEEL,20190222,13:21,444.75,445.00,444.65,444.85,829,0
ZEEL,20190222,13:22,444.85,445.25,444.75,445.00,3955,0
ZEEL,20190222,13:23,445.00,445.25,444.60,444.60,4885,0
ZEEL,20190222,13:24,445.05,445.05,444.25,444.70,5645,0
ZEEL,20190222,13:25,444.80,444.80,444.65,444.70,852,0
ZEEL,20190222,13:26,444.55,445.00,444.50,445.00,2583,0
ZEEL,20190222,13:27,444.65,445.00,444.50,445.00,1473,0
ZEEL,20190222,13:28,444.80,445.00,444.80,444.80,299,0
ZEEL,20190222,13:29,444.80,445.00,444.80,444.80,590,0
ZEEL,20190222,13:30,444.70,445.00,444.70,444.70,963,0
ZEEL,20190222,13:31,444.70,445.15,444.70,444.80,3755,0
ZEEL,20190222,13:32,445.15,445.25,444.75,444.75,5232,0
ZEEL,20190222,13:33,444.75,445.25,444.40,444.55,10963,0
ZEEL,20190222,13:34,444.65,445.25,444.60,445.25,3759,0
ZEEL,20190222,13:35,445.05,445.80,445.05,445.80,10589,0
ZEEL,20190222,13:36,445.80,446.00,445.75,445.80,10067,0
ZEEL,20190222,13:37,445.95,446.75,445.95,446.35,24307,0
ZEEL,20190222,13:38,446.65,446.90,445.75,446.00,9979,0
ZEEL,20190222,13:39,445.95,446.00,445.70,445.90,10389,0
ZEEL,20190222,13:40,445.90,446.00,445.80,445.90,2595,0
ZEEL,20190222,13:41,446.00,446.00,445.75,445.80,7946,0
ZEEL,20190222,13:42,445.80,446.00,445.75,445.80,3429,0
ZEEL,20190222,13:43,445.80,445.80,445.15,445.20,4576,0
ZEEL,20190222,13:44,445.25,445.95,445.25,445.70,3013,0
ZEEL,20190222,13:45,445.70,445.70,445.60,445.70,781,0
ZEEL,20190222,13:46,445.70,446.00,445.55,445.75,2877,0
ZEEL,20190222,13:47,445.50,445.80,445.50,445.80,635,0
ZEEL,20190222,13:48,445.50,446.00,445.45,445.45,3493,0
ZEEL,20190222,13:49,445.30,445.50,445.25,445.30,1549,0
ZEEL,20190222,13:50,445.30,445.70,445.25,445.70,768,0
ZEEL,20190222,13:51,445.35,445.35,445.25,445.35,477,0
ZEEL,20190222,13:52,445.35,446.00,445.30,445.70,7016,0
ZEEL,20190222,13:53,446.00,446.00,445.60,445.85,1332,0
ZEEL,20190222,13:54,445.85,446.50,445.75,445.80,13046,0
ZEEL,20190222,13:55,445.80,446.15,445.75,445.95,1143,0
ZEEL,20190222,13:56,445.95,446.00,445.85,445.85,1741,0
ZEEL,20190222,13:57,445.95,446.15,445.80,445.85,2419,0
ZEEL,20190222,13:58,446.15,446.20,446.00,446.00,1688,0
ZEEL,20190222,13:59,446.20,446.25,446.05,446.10,1564,0
ZEEL,20190222,14:00,446.20,446.20,445.85,446.00,3309,0
ZEEL,20190222,14:01,446.00,446.20,445.85,445.90,1404,0
ZEEL,20190222,14:02,446.00,446.00,445.60,445.65,1687,0
ZEEL,20190222,14:03,445.65,445.90,445.60,445.85,1617,0
ZEEL,20190222,14:04,445.85,445.85,445.70,445.80,713,0
ZEEL,20190222,14:05,445.80,446.00,445.65,445.70,633,0
ZEEL,20190222,14:06,446.00,446.25,446.00,446.20,13204,0
ZEEL,20190222,14:07,446.20,446.25,445.95,446.20,2001,0
ZEEL,20190222,14:08,446.25,446.25,445.95,446.20,10296,0
ZEEL,20190222,14:09,446.25,446.25,446.15,446.20,6234,0
ZEEL,20190222,14:10,446.25,446.25,445.80,445.80,5810,0
ZEEL,20190222,14:11,445.85,446.00,445.85,445.90,994,0
ZEEL,20190222,14:12,446.00,446.20,445.60,445.60,4215,0
ZEEL,20190222,14:13,445.50,445.50,444.80,445.45,7750,0
ZEEL,20190222,14:14,445.30,445.80,444.60,445.40,9131,0
ZEEL,20190222,14:15,445.55,445.60,444.60,445.55,10331,0
ZEEL,20190222,14:16,444.90,445.45,444.60,445.40,14879,0
ZEEL,20190222,14:17,445.35,446.00,445.05,445.25,12732,0
ZEEL,20190222,14:18,445.45,445.95,445.25,445.55,12196,0
ZEEL,20190222,14:19,445.75,446.00,445.55,446.00,8169,0
ZEEL,20190222,14:20,445.80,445.80,445.40,445.80,1785,0
ZEEL,20190222,14:21,445.65,445.65,445.55,445.60,861,0
ZEEL,20190222,14:22,445.75,445.75,445.40,445.75,2039,0
ZEEL,20190222,14:23,445.50,445.80,445.45,445.45,1207,0
ZEEL,20190222,14:24,445.50,445.75,445.25,445.50,1348,0
ZEEL,20190222,14:25,445.50,445.65,445.15,445.60,2143,0
ZEEL,20190222,14:26,445.60,445.80,445.50,445.80,2649,0
ZEEL,20190222,14:27,445.80,445.80,445.15,445.25,2891,0
ZEEL,20190222,14:28,445.25,445.50,445.25,445.35,996,0
ZEEL,20190222,14:29,445.50,445.65,445.00,445.65,9251,0
ZEEL,20190222,14:30,445.45,445.75,445.10,445.55,10578,0
ZEEL,20190222,14:31,445.45,446.00,445.20,445.75,22553,0
ZEEL,20190222,14:32,445.75,445.90,445.40,445.50,8240,0
ZEEL,20190222,14:33,445.70,445.90,445.50,445.90,1945,0
ZEEL,20190222,14:34,446.00,446.00,445.55,445.55,2143,0
ZEEL,20190222,14:35,445.55,445.55,445.15,445.50,4760,0
ZEEL,20190222,14:36,445.30,445.50,445.05,445.15,4550,0
ZEEL,20190222,14:37,445.25,445.90,445.05,445.90,4139,0
ZEEL,20190222,14:38,445.95,445.95,445.10,445.15,6250,0
ZEEL,20190222,14:39,445.50,445.55,445.35,445.55,830,0
ZEEL,20190222,14:40,445.60,445.75,445.35,445.35,1686,0
ZEEL,20190222,14:41,445.50,445.65,445.35,445.35,2488,0
ZEEL,20190222,14:42,445.55,445.70,445.15,445.50,3475,0
ZEEL,20190222,14:43,445.60,446.50,445.60,446.35,13218,0
ZEEL,20190222,14:44,446.50,446.50,445.95,446.40,11557,0
ZEEL,20190222,14:45,446.30,446.50,445.95,446.15,6702,0
ZEEL,20190222,14:46,446.15,446.25,446.00,446.15,1789,0
ZEEL,20190222,14:47,446.15,446.45,445.75,446.00,4056,0
ZEEL,20190222,14:48,445.85,446.25,445.60,445.75,6280,0
ZEEL,20190222,14:49,445.75,446.40,445.55,445.85,5730,0
ZEEL,20190222,14:50,445.85,446.45,445.85,446.45,3605,0
ZEEL,20190222,14:51,446.25,446.30,445.90,445.90,1714,0
ZEEL,20190222,14:52,445.90,446.15,445.90,445.90,11945,0
ZEEL,20190222,14:53,445.80,445.80,445.25,445.50,3810,0
ZEEL,20190222,14:54,445.60,445.60,445.00,445.30,5872,0
ZEEL,20190222,14:55,445.25,445.80,445.25,445.50,3656,0
ZEEL,20190222,14:56,445.60,445.85,445.55,445.60,2674,0
ZEEL,20190222,14:57,445.85,446.00,445.65,445.80,8621,0
ZEEL,20190222,14:58,445.90,446.00,445.80,445.80,4194,0
ZEEL,20190222,14:59,445.80,446.00,445.55,445.75,5354,0
ZEEL,20190222,15:00,445.75,446.00,445.55,445.70,8890,0
ZEEL,20190222,15:01,445.70,446.00,445.60,445.90,15438,0
ZEEL,20190222,15:02,446.00,446.00,445.70,446.00,19893,0
ZEEL,20190222,15:03,445.90,446.00,445.80,445.80,17460,0
ZEEL,20190222,15:04,445.80,447.00,445.80,447.00,45199,0
ZEEL,20190222,15:05,447.00,447.90,446.85,447.35,40163,0
ZEEL,20190222,15:06,447.35,447.40,446.70,447.40,13933,0
ZEEL,20190222,15:07,447.25,447.50,446.75,446.90,11030,0
ZEEL,20190222,15:08,447.30,447.45,446.95,446.95,11565,0
ZEEL,20190222,15:09,447.00,447.50,446.90,447.45,42507,0
ZEEL,20190222,15:10,447.45,447.50,447.00,447.10,14558,0
ZEEL,20190222,15:11,447.10,448.45,447.10,448.00,35795,0
ZEEL,20190222,15:12,447.65,449.45,447.50,448.65,53244,0
ZEEL,20190222,15:13,448.80,449.00,448.50,448.75,11172,0
ZEEL,20190222,15:14,448.95,449.00,447.80,447.95,26470,0
ZEEL,20190222,15:15,447.95,448.40,447.95,448.25,3928,0
ZEEL,20190222,15:16,448.25,448.80,447.65,448.65,55457,0
ZEEL,20190222,15:17,448.40,448.95,448.00,448.60,32002,0
ZEEL,20190222,15:18,448.60,449.00,448.15,448.50,49196,0
ZEEL,20190222,15:19,448.90,449.00,448.30,448.95,54227,0
ZEEL,20190222,15:20,448.95,449.00,448.75,448.90,37429,0
ZEEL,20190222,15:21,448.80,449.00,448.60,448.90,46831,0
ZEEL,20190222,15:22,449.35,449.45,448.85,449.15,24397,0
ZEEL,20190222,15:23,449.15,449.45,448.55,448.80,37395,0
ZEEL,20190222,15:24,448.50,449.50,448.50,449.00,62620,0
ZEEL,20190222,15:25,449.05,449.50,449.00,449.20,24495,0
ZEEL,20190222,15:26,449.20,449.25,448.95,449.10,17541,0
ZEEL,20190222,15:27,449.20,449.40,449.05,449.05,20772,0
ZEEL,20190222,15:28,449.05,449.20,448.75,449.00,12998,0
ZEEL,20190222,15:29,448.95,449.10,448.15,448.65,17234,0
ZEEL,20190222,15:30,449.00,449.00,447.50,447.50,42690,0
ZEEL,20190222,15:32,448.25,448.25,448.25,448.25,0,0
ZEEL,20190222,15:41,448.25,448.25,448.25,448.25,367,0
ZEEL,20190222,15:43,448.25,448.25,447.50,447.50,200,0
ZEEL,20190222,15:45,448.25,448.25,448.25,448.25,20,0
ZEEL,20190222,16:36,448.25,448.25,448.25,448.25,0,0
