IBULHSGFIN,20180703,09:08,1114,1114,1114,1114,447
IBULHSGFIN,20180703,09:16,1113.2,1114.75,1107.05,1114.35,13488
IBULHSGFIN,20180703,09:17,1114.35,1115.85,1112.85,1115.05,3990
IBULHSGFIN,20180703,09:18,1115.4,1117.75,1114.1,1117,11886
IBULHSGFIN,20180703,09:19,1116.35,1117.1,1115.6,1117.1,5076
IBULHSGFIN,20180703,09:20,1117.5,1117.55,1113.05,1113.05,3083
IBULHSGFIN,20180703,09:21,1113.3,1114,1109,1109,5546
IBULHSGFIN,20180703,09:22,1109.5,1110.7,1108.9,1110.45,2451
IBULHSGFIN,20180703,09:23,1110.65,1112.05,1110,1110.6,2634
IBULHSGFIN,20180703,09:24,1111,1112.4,1110.6,1111.35,2467
IBULHSGFIN,20180703,09:25,1111.7,1111.7,1109,1109,1615
IBULHSGFIN,20180703,09:26,1109.1,1112.4,1109,1112.4,4190
IBULHSGFIN,20180703,09:27,1112,1112.5,1111.2,1112.15,1149
IBULHSGFIN,20180703,09:28,1114.5,1115.6,1113.3,1114.3,4828
IBULHSGFIN,20180703,09:29,1114.35,1119.75,1114.35,1118,6286
IBULHSGFIN,20180703,09:30,1118,1118,1116,1116.05,2398
IBULHSGFIN,20180703,09:31,1116.2,1116.65,1113.25,1113.7,2189
IBULHSGFIN,20180703,09:32,1113.55,1114.95,1112.05,1112.05,3236
IBULHSGFIN,20180703,09:33,1112.55,1113.25,1112.25,1113.25,664
IBULHSGFIN,20180703,09:34,1113.7,1113.7,1112.5,1113,2654
IBULHSGFIN,20180703,09:35,1112.8,1114.45,1112.8,1113.55,1572
IBULHSGFIN,20180703,09:36,1113.55,1116.15,1113.55,1114.4,1529
IBULHSGFIN,20180703,09:37,1114.7,1114.85,1113.55,1113.55,372
IBULHSGFIN,20180703,09:38,1113.8,1116.4,1113.8,1115.5,3872
IBULHSGFIN,20180703,09:39,1115.6,1119.2,1115.6,1118.15,3502
IBULHSGFIN,20180703,09:40,1118,1119.5,1117.45,1118.65,4604
IBULHSGFIN,20180703,09:41,1118.65,1118.65,1117.05,1117.5,2711
IBULHSGFIN,20180703,09:42,1117.1,1118,1117.05,1117.8,1757
IBULHSGFIN,20180703,09:43,1117.8,1118.45,1117.05,1117.05,378
IBULHSGFIN,20180703,09:44,1117.1,1117.85,1117.05,1117.25,1141
IBULHSGFIN,20180703,09:45,1117.4,1119,1117.25,1118.6,2006
IBULHSGFIN,20180703,09:46,1118.8,1121.5,1118.8,1121.05,6932
IBULHSGFIN,20180703,09:47,1120.55,1122.2,1118.85,1121.6,4832
IBULHSGFIN,20180703,09:48,1121.65,1127,1121.65,1123.15,26409
IBULHSGFIN,20180703,09:49,1122.6,1123.65,1119.3,1119.65,8414
IBULHSGFIN,20180703,09:50,1119.7,1121.1,1119.6,1119.6,2155
IBULHSGFIN,20180703,09:51,1119.9,1120.05,1119.25,1119.55,1182
IBULHSGFIN,20180703,09:52,1119.55,1120.4,1119.55,1120.1,539
IBULHSGFIN,20180703,09:53,1120,1120.15,1119.05,1119.05,2028
IBULHSGFIN,20180703,09:54,1119.05,1119.5,1118.9,1118.9,1109
IBULHSGFIN,20180703,09:55,1119.35,1122.45,1119.2,1121.4,2006
IBULHSGFIN,20180703,09:56,1121.2,1123.05,1121.2,1123.05,1983
IBULHSGFIN,20180703,09:57,1123.35,1123.5,1123,1123,881
IBULHSGFIN,20180703,09:58,1123,1124.35,1123,1123.3,2718
IBULHSGFIN,20180703,09:59,1124.65,1124.65,1122.2,1122.3,5433
IBULHSGFIN,20180703,10:00,1122.15,1123.75,1122,1123.75,2789
IBULHSGFIN,20180703,10:01,1122.95,1124,1122.7,1123.35,1839
IBULHSGFIN,20180703,10:02,1123.35,1124.65,1123.15,1124,1363
IBULHSGFIN,20180703,10:03,1124,1125.25,1123.95,1124.95,2287
IBULHSGFIN,20180703,10:04,1124.4,1126.55,1124.4,1125.15,4041
IBULHSGFIN,20180703,10:05,1125.1,1125.15,1121.35,1121.45,6298
IBULHSGFIN,20180703,10:06,1121.45,1123.95,1121.45,1122.5,2459
IBULHSGFIN,20180703,10:07,1122.55,1122.55,1122.2,1122.2,620
IBULHSGFIN,20180703,10:08,1122.2,1122.2,1121.2,1121.3,1505
IBULHSGFIN,20180703,10:09,1121.1,1121.3,1118.05,1118.25,5429
IBULHSGFIN,20180703,10:10,1116.35,1119.55,1116.35,1119.45,4204
IBULHSGFIN,20180703,10:11,1119.45,1119.8,1119,1119.7,534
IBULHSGFIN,20180703,10:12,1119.5,1119.7,1116.85,1116.85,1510
IBULHSGFIN,20180703,10:13,1116.85,1118.9,1116.85,1117.1,2731
IBULHSGFIN,20180703,10:14,1117.25,1118.75,1117.2,1118.05,987
IBULHSGFIN,20180703,10:15,1118.1,1118.35,1117.6,1117.85,572
IBULHSGFIN,20180703,10:16,1117.85,1118.45,1117.85,1118,1217
IBULHSGFIN,20180703,10:17,1118,1118.95,1117.55,1118.4,1227
IBULHSGFIN,20180703,10:18,1118.4,1120.7,1118.4,1119.9,1186
IBULHSGFIN,20180703,10:19,1119.9,1120.25,1118.25,1118.8,1239
IBULHSGFIN,20180703,10:20,1118.4,1118.75,1116.15,1118.45,7298
IBULHSGFIN,20180703,10:21,1118.6,1119,1116.5,1117.6,5818
IBULHSGFIN,20180703,10:22,1117.55,1118.9,1117.5,1118.1,2081
IBULHSGFIN,20180703,10:23,1118.1,1118.1,1116.3,1116.6,1487
IBULHSGFIN,20180703,10:24,1116.7,1116.7,1115.2,1115.8,1093
IBULHSGFIN,20180703,10:25,1115.75,1116,1114.65,1115.3,2964
IBULHSGFIN,20180703,10:26,1115.1,1115.6,1115,1115,1199
IBULHSGFIN,20180703,10:27,1115.4,1115.9,1115,1115.5,983
IBULHSGFIN,20180703,10:28,1115.5,1117.1,1115.5,1116.2,946
IBULHSGFIN,20180703,10:29,1116.55,1116.55,1115.45,1115.5,2297
IBULHSGFIN,20180703,10:30,1115.45,1115.65,1113.6,1113.65,3687
IBULHSGFIN,20180703,10:31,1113.6,1113.8,1111.5,1111.5,5221
IBULHSGFIN,20180703,10:32,1111.6,1112.6,1111.1,1112.6,4916
IBULHSGFIN,20180703,10:33,1113.2,1113.55,1111.45,1111.45,2016
IBULHSGFIN,20180703,10:34,1111.7,1112.45,1111.3,1112.1,1348
IBULHSGFIN,20180703,10:35,1112.45,1112.85,1112,1112.35,1705
IBULHSGFIN,20180703,10:36,1112.25,1112.55,1112,1112,1069
IBULHSGFIN,20180703,10:37,1112.1,1112.1,1111.1,1111.1,2670
IBULHSGFIN,20180703,10:38,1111.1,1113,1111.1,1112.15,1051
IBULHSGFIN,20180703,10:39,1112.3,1112.4,1111.8,1112.4,1004
IBULHSGFIN,20180703,10:40,1112.4,1112.75,1111.75,1111.75,5072
IBULHSGFIN,20180703,10:41,1111.6,1112.2,1111.2,1112,4512
IBULHSGFIN,20180703,10:42,1111.7,1113,1111.7,1112.75,883
IBULHSGFIN,20180703,10:43,1112.75,1113.95,1112.75,1113.65,1623
IBULHSGFIN,20180703,10:44,1114,1116.7,1113.85,1115.75,2883
IBULHSGFIN,20180703,10:45,1116.5,1116.5,1114.45,1114.45,967
IBULHSGFIN,20180703,10:46,1114.45,1115.9,1113.15,1115.9,1462
IBULHSGFIN,20180703,10:47,1115,1115,1113.9,1113.95,356
IBULHSGFIN,20180703,10:48,1114.15,1114.15,1113.15,1113.15,828
IBULHSGFIN,20180703,10:49,1113.1,1115,1113,1114.45,1046
IBULHSGFIN,20180703,10:50,1114.75,1115.6,1114.45,1115.6,969
IBULHSGFIN,20180703,10:51,1116,1116.5,1115.5,1116.1,1582
IBULHSGFIN,20180703,10:52,1115.5,1116.85,1115.5,1115.65,585
IBULHSGFIN,20180703,10:53,1115.5,1115.6,1114.4,1114.5,3267
IBULHSGFIN,20180703,10:54,1114.6,1114.7,1113.7,1114.05,1313
IBULHSGFIN,20180703,10:55,1114.3,1114.3,1112.8,1112.8,795
IBULHSGFIN,20180703,10:56,1112.8,1113.5,1112.25,1113.15,1767
IBULHSGFIN,20180703,10:57,1113.15,1113.5,1112.7,1113.2,1082
IBULHSGFIN,20180703,10:58,1113.2,1113.2,1112.8,1112.8,852
IBULHSGFIN,20180703,10:59,1113,1113.95,1112.8,1113.5,1107
IBULHSGFIN,20180703,11:00,1113.5,1114.1,1112.95,1114.1,1688
IBULHSGFIN,20180703,11:01,1114.05,1116.05,1114.05,1114.9,1233
IBULHSGFIN,20180703,11:02,1115.2,1116.6,1115.2,1115.65,840
IBULHSGFIN,20180703,11:03,1115.7,1118.25,1115.7,1116.95,3396
IBULHSGFIN,20180703,11:04,1116.95,1117.1,1116.55,1116.8,479
IBULHSGFIN,20180703,11:05,1116.8,1116.9,1115.45,1115.95,2410
IBULHSGFIN,20180703,11:06,1115.4,1116.8,1115.4,1116.8,842
IBULHSGFIN,20180703,11:07,1116.8,1117.35,1116.8,1116.8,521
IBULHSGFIN,20180703,11:08,1116.8,1118.45,1116.8,1118.45,1274
IBULHSGFIN,20180703,11:09,1118.45,1120.5,1118.45,1120,3762
IBULHSGFIN,20180703,11:10,1119.45,1120.3,1119.45,1120.15,3173
IBULHSGFIN,20180703,11:11,1120.15,1120.5,1120.15,1120.5,1173
IBULHSGFIN,20180703,11:12,1120.5,1120.5,1118.2,1118.25,2686
IBULHSGFIN,20180703,11:13,1118.25,1120.75,1118.15,1119.55,2923
IBULHSGFIN,20180703,11:14,1119.3,1120.8,1118.95,1120.75,4949
IBULHSGFIN,20180703,11:15,1121.65,1121.85,1120.2,1121,7499
IBULHSGFIN,20180703,11:16,1121.05,1122,1120.6,1121,1961
IBULHSGFIN,20180703,11:17,1121,1124.45,1120.95,1121.55,6599
IBULHSGFIN,20180703,11:18,1122.35,1122.35,1120.65,1122.35,3723
IBULHSGFIN,20180703,11:19,1121.65,1123,1121.65,1122.55,1347
IBULHSGFIN,20180703,11:20,1122.55,1122.55,1121.6,1122,2169
IBULHSGFIN,20180703,11:21,1122.1,1124.35,1121.2,1123.15,5035
IBULHSGFIN,20180703,11:22,1122.95,1124.65,1122.85,1124.4,7325
IBULHSGFIN,20180703,11:23,1124.4,1124.4,1123,1123.1,969
IBULHSGFIN,20180703,11:24,1123.3,1123.5,1123,1123.4,1543
IBULHSGFIN,20180703,11:25,1123.85,1124.4,1123.3,1124.2,2470
IBULHSGFIN,20180703,11:26,1124.2,1124.85,1122,1123.65,6810
IBULHSGFIN,20180703,11:27,1123.65,1124.5,1123.55,1124.2,2867
IBULHSGFIN,20180703,11:28,1124.2,1124.9,1123.6,1124.1,1606
IBULHSGFIN,20180703,11:29,1124.1,1124.9,1124.05,1124.05,808
IBULHSGFIN,20180703,11:30,1124.1,1124.75,1124.05,1124.5,861
IBULHSGFIN,20180703,11:31,1124.45,1124.9,1124.45,1124.8,2085
IBULHSGFIN,20180703,11:32,1124.9,1125.5,1124.5,1124.75,9596
IBULHSGFIN,20180703,11:33,1124.65,1125.8,1124.05,1125.75,2710
IBULHSGFIN,20180703,11:34,1126.4,1128.85,1126.05,1128,8785
IBULHSGFIN,20180703,11:35,1128,1129,1127.25,1127.95,4870
IBULHSGFIN,20180703,11:36,1128.55,1129.5,1128.15,1128.9,4122
IBULHSGFIN,20180703,11:37,1128.9,1129.8,1128.9,1129,2064
IBULHSGFIN,20180703,11:38,1129.1,1129.9,1128.9,1128.95,3795
IBULHSGFIN,20180703,11:39,1128.35,1128.95,1126.95,1127,3638
IBULHSGFIN,20180703,11:40,1126.95,1127.4,1125.95,1126.4,3625
IBULHSGFIN,20180703,11:41,1126.5,1126.8,1125.3,1126.5,5318
IBULHSGFIN,20180703,11:42,1126.3,1126.5,1125.3,1125.3,3729
IBULHSGFIN,20180703,11:43,1125.3,1126.05,1125,1125.7,1651
IBULHSGFIN,20180703,11:44,1125.7,1127.2,1125.65,1127.2,3284
IBULHSGFIN,20180703,11:45,1126.5,1126.5,1126.3,1126.4,280
IBULHSGFIN,20180703,11:46,1126.5,1126.5,1125.5,1125.55,3510
IBULHSGFIN,20180703,11:47,1125.5,1126,1125.5,1126,1174
IBULHSGFIN,20180703,11:48,1126.65,1126.65,1126,1126,1548
IBULHSGFIN,20180703,11:49,1126.05,1126.75,1125.65,1125.7,3109
IBULHSGFIN,20180703,11:50,1125.7,1126.15,1125.65,1125.65,459
IBULHSGFIN,20180703,11:51,1125.65,1126.6,1124.35,1126.3,2994
IBULHSGFIN,20180703,11:52,1126.3,1126.3,1125.1,1125.1,249
IBULHSGFIN,20180703,11:53,1125,1125.1,1123.55,1123.55,1911
IBULHSGFIN,20180703,11:54,1123.25,1123.95,1122.65,1123.35,3642
IBULHSGFIN,20180703,11:55,1124.25,1124.25,1123.3,1123.65,680
IBULHSGFIN,20180703,11:56,1123.65,1124.25,1123.4,1123.4,674
IBULHSGFIN,20180703,11:57,1123.4,1125.4,1123.4,1124.35,1848
IBULHSGFIN,20180703,11:58,1124.35,1124.5,1124.2,1124.2,1026
IBULHSGFIN,20180703,11:59,1124.25,1124.5,1124.15,1124.15,635
IBULHSGFIN,20180703,12:00,1124.35,1124.75,1124.2,1124.25,1025
IBULHSGFIN,20180703,12:01,1124.85,1128,1124.85,1125.35,2293
IBULHSGFIN,20180703,12:02,1125.65,1127.85,1125.4,1127.85,3046
IBULHSGFIN,20180703,12:03,1127.3,1128.6,1127.3,1128,1668
IBULHSGFIN,20180703,12:04,1128.35,1128.75,1127.5,1127.5,742
IBULHSGFIN,20180703,12:05,1127.5,1127.55,1126.5,1126.6,1290
IBULHSGFIN,20180703,12:06,1126.6,1127,1126.05,1126.2,1934
IBULHSGFIN,20180703,12:07,1126.2,1126.45,1126.15,1126.15,691
IBULHSGFIN,20180703,12:08,1126.15,1127.55,1125.4,1126.75,2512
IBULHSGFIN,20180703,12:09,1126.8,1126.95,1126.3,1126.35,146
IBULHSGFIN,20180703,12:10,1126.4,1127.2,1126.15,1126.35,3240
IBULHSGFIN,20180703,12:11,1126.35,1126.35,1126.3,1126.3,236
IBULHSGFIN,20180703,12:12,1126.3,1126.35,1126.1,1126.1,721
IBULHSGFIN,20180703,12:13,1126.1,1126.4,1125.6,1125.65,1022
IBULHSGFIN,20180703,12:14,1125.6,1126,1125,1125.05,751
IBULHSGFIN,20180703,12:15,1125,1125.45,1124.4,1124.4,307
IBULHSGFIN,20180703,12:16,1124.65,1125.3,1124.65,1124.75,1427
IBULHSGFIN,20180703,12:17,1124.75,1125.5,1124.75,1125.3,733
IBULHSGFIN,20180703,12:18,1125.3,1125.3,1125.05,1125.05,106
IBULHSGFIN,20180703,12:19,1125.15,1125.15,1124.5,1124.5,554
IBULHSGFIN,20180703,12:20,1124.5,1124.65,1123.8,1124.15,3552
IBULHSGFIN,20180703,12:21,1124.15,1124.6,1124.15,1124.55,591
IBULHSGFIN,20180703,12:22,1124.6,1125,1124.6,1124.75,855
IBULHSGFIN,20180703,12:23,1124.85,1125.55,1124.85,1125.05,1352
IBULHSGFIN,20180703,12:24,1125.1,1125.1,1124.4,1124.4,1035
IBULHSGFIN,20180703,12:25,1124.4,1124.45,1123.8,1123.9,582
IBULHSGFIN,20180703,12:26,1124,1124.1,1124,1124.1,465
IBULHSGFIN,20180703,12:27,1124.1,1124.9,1124.1,1124.5,653
IBULHSGFIN,20180703,12:28,1124.85,1125.5,1124.5,1124.85,1171
IBULHSGFIN,20180703,12:29,1124.85,1124.85,1124,1124.25,953
IBULHSGFIN,20180703,12:30,1124.95,1125.7,1124.3,1124.45,2359
IBULHSGFIN,20180703,12:31,1124.45,1125.45,1124.45,1124.85,796
IBULHSGFIN,20180703,12:32,1124.85,1126.45,1124.85,1125.9,2986
IBULHSGFIN,20180703,12:33,1126.3,1126.3,1124.9,1124.9,2058
IBULHSGFIN,20180703,12:34,1124.9,1125.45,1124.65,1124.65,1774
IBULHSGFIN,20180703,12:35,1125.25,1125.25,1124.45,1124.45,1113
IBULHSGFIN,20180703,12:36,1124.45,1124.5,1123.85,1123.85,1424
IBULHSGFIN,20180703,12:37,1123.85,1126.35,1123.85,1124.8,2377
IBULHSGFIN,20180703,12:38,1125.35,1125.35,1125.2,1125.25,857
IBULHSGFIN,20180703,12:39,1125.25,1125.3,1124.9,1124.9,585
IBULHSGFIN,20180703,12:40,1125.25,1125.25,1124.9,1125.1,526
IBULHSGFIN,20180703,12:41,1125.15,1125.45,1124.7,1124.8,2672
IBULHSGFIN,20180703,12:42,1124.8,1125.8,1124.8,1125.45,1164
IBULHSGFIN,20180703,12:43,1124.9,1125.65,1124.9,1125.1,925
IBULHSGFIN,20180703,12:44,1125.45,1126,1125.1,1125.1,1475
IBULHSGFIN,20180703,12:45,1125.55,1125.55,1125,1125.05,964
IBULHSGFIN,20180703,12:46,1125.1,1126,1125.05,1125.65,930
IBULHSGFIN,20180703,12:47,1126,1126.8,1125.75,1125.85,828
IBULHSGFIN,20180703,12:48,1126.4,1126.85,1125.9,1126.3,1430
IBULHSGFIN,20180703,12:49,1126.85,1126.85,1126.05,1126.05,731
IBULHSGFIN,20180703,12:50,1126.1,1126.75,1125.85,1126.1,593
IBULHSGFIN,20180703,12:51,1126.2,1126.85,1126.1,1126.15,1208
IBULHSGFIN,20180703,12:52,1126.2,1126.85,1126.1,1126.1,523
IBULHSGFIN,20180703,12:53,1126.25,1127,1126.1,1126.2,3248
IBULHSGFIN,20180703,12:54,1126.3,1126.7,1125.25,1125.25,1196
IBULHSGFIN,20180703,12:55,1125.25,1125.35,1124.4,1125.3,880
IBULHSGFIN,20180703,12:56,1125.3,1125.3,1124.3,1124.3,179
IBULHSGFIN,20180703,12:57,1124.45,1124.45,1122.55,1122.6,2226
IBULHSGFIN,20180703,12:58,1123.25,1123.25,1120.85,1122,4180
IBULHSGFIN,20180703,12:59,1121.85,1122,1120.3,1120.3,3097
IBULHSGFIN,20180703,13:00,1120.3,1121.4,1119.75,1121.4,2559
IBULHSGFIN,20180703,13:01,1120.5,1121.15,1119.8,1119.8,1708
IBULHSGFIN,20180703,13:02,1119.8,1120.75,1119.8,1119.9,477
IBULHSGFIN,20180703,13:03,1120.25,1120.95,1119.85,1120.15,2187
IBULHSGFIN,20180703,13:04,1120.75,1120.85,1120.15,1120.85,1143
IBULHSGFIN,20180703,13:05,1120.85,1121.75,1120.85,1120.95,647
IBULHSGFIN,20180703,13:06,1121.4,1121.7,1120.95,1121.7,679
IBULHSGFIN,20180703,13:07,1121.55,1122,1121.2,1122,841
IBULHSGFIN,20180703,13:08,1121.95,1121.95,1121.25,1121.25,447
IBULHSGFIN,20180703,13:09,1121.4,1122.45,1121.25,1121.6,1440
IBULHSGFIN,20180703,13:10,1121.75,1121.75,1120.3,1120.75,2156
IBULHSGFIN,20180703,13:11,1120.75,1121.35,1120.25,1120.4,821
IBULHSGFIN,20180703,13:12,1120.35,1122.6,1120.3,1121.65,798
IBULHSGFIN,20180703,13:13,1121.65,1122.4,1120.1,1120.4,1795
IBULHSGFIN,20180703,13:14,1120.4,1121,1120,1120.95,1314
IBULHSGFIN,20180703,13:15,1120.15,1120.95,1120,1120.5,818
IBULHSGFIN,20180703,13:16,1120.85,1122.25,1120.35,1120.55,16758
IBULHSGFIN,20180703,13:17,1120.55,1121.75,1120.3,1120.5,2307
IBULHSGFIN,20180703,13:18,1120.5,1122.25,1120.5,1121.45,1671
IBULHSGFIN,20180703,13:19,1121.4,1121.95,1120.7,1120.7,591
IBULHSGFIN,20180703,13:20,1120.7,1121.9,1120.7,1121.55,1328
IBULHSGFIN,20180703,13:21,1121.55,1121.55,1121.1,1121.1,151
IBULHSGFIN,20180703,13:22,1121.25,1122.2,1120.4,1120.75,2158
IBULHSGFIN,20180703,13:23,1120.7,1122.25,1120.7,1121,1352
IBULHSGFIN,20180703,13:24,1121,1121.2,1120.1,1120.1,937
IBULHSGFIN,20180703,13:25,1120.1,1120.55,1120,1120.15,1047
IBULHSGFIN,20180703,13:26,1120.15,1120.5,1118.5,1118.5,3151
IBULHSGFIN,20180703,13:27,1118.5,1118.75,1117.4,1118.75,2684
IBULHSGFIN,20180703,13:28,1118.4,1121.6,1118.1,1121.2,1932
IBULHSGFIN,20180703,13:29,1120.5,1120.5,1119.3,1119.3,1223
IBULHSGFIN,20180703,13:30,1119.85,1120.75,1119.1,1120.75,1263
IBULHSGFIN,20180703,13:31,1120.75,1120.75,1119.4,1119.4,590
IBULHSGFIN,20180703,13:32,1119.5,1119.85,1119.5,1119.55,797
IBULHSGFIN,20180703,13:33,1119.8,1120.25,1119.5,1119.5,659
IBULHSGFIN,20180703,13:34,1119.5,1119.7,1118.85,1119.5,1569
IBULHSGFIN,20180703,13:35,1118.9,1118.9,1118,1118.05,451
IBULHSGFIN,20180703,13:36,1118.05,1119.35,1118,1118.9,1721
IBULHSGFIN,20180703,13:37,1118.9,1119.2,1118.4,1118.9,1094
IBULHSGFIN,20180703,13:38,1118.9,1119.05,1118.85,1119.05,1455
IBULHSGFIN,20180703,13:39,1119.05,1119.2,1118.1,1118.1,862
IBULHSGFIN,20180703,13:40,1118,1118.3,1118,1118.1,1017
IBULHSGFIN,20180703,13:41,1118.45,1119.2,1118.1,1118.6,780
IBULHSGFIN,20180703,13:42,1118.8,1119.1,1118.8,1118.8,259
IBULHSGFIN,20180703,13:43,1118.85,1119.2,1118.25,1118.55,907
IBULHSGFIN,20180703,13:44,1118.55,1119.15,1118.55,1118.65,995
IBULHSGFIN,20180703,13:45,1118.75,1119.15,1118.5,1118.5,1154
IBULHSGFIN,20180703,13:46,1118.7,1118.7,1117.85,1117.85,3471
IBULHSGFIN,20180703,13:47,1117.85,1117.85,1117.1,1117.1,1710
IBULHSGFIN,20180703,13:48,1118.5,1119.75,1118,1119.2,2111
IBULHSGFIN,20180703,13:49,1119.2,1119.5,1117.6,1117.6,860
IBULHSGFIN,20180703,13:50,1117.45,1117.8,1117.45,1117.5,334
IBULHSGFIN,20180703,13:51,1117.4,1117.5,1115.8,1115.9,2769
IBULHSGFIN,20180703,13:52,1116.1,1117.25,1116,1116.55,2311
IBULHSGFIN,20180703,13:53,1116.55,1117.5,1116.25,1116.45,1809
IBULHSGFIN,20180703,13:54,1116.45,1116.95,1116.45,1116.55,46
IBULHSGFIN,20180703,13:55,1116.6,1117.85,1116.6,1116.95,3321
IBULHSGFIN,20180703,13:56,1117.8,1117.8,1117,1117.3,187
IBULHSGFIN,20180703,13:57,1117.3,1118.6,1117.3,1117.9,1127
IBULHSGFIN,20180703,13:58,1118,1118,1117.85,1117.9,579
IBULHSGFIN,20180703,13:59,1117.9,1119,1117.9,1119,971
IBULHSGFIN,20180703,14:00,1119,1119,1114.5,1114.5,132513
IBULHSGFIN,20180703,14:01,1114.5,1118.1,1113.85,1117.85,15379
IBULHSGFIN,20180703,14:02,1117.85,1118.75,1117.85,1118,2120
IBULHSGFIN,20180703,14:03,1118,1119.6,1118,1118.45,2217
IBULHSGFIN,20180703,14:04,1118.45,1118.45,1118.05,1118.1,259
IBULHSGFIN,20180703,14:05,1118.1,1118.7,1118,1118.15,1018
IBULHSGFIN,20180703,14:06,1118.15,1120,1118.1,1120,1597
IBULHSGFIN,20180703,14:07,1120,1121,1119.5,1121,1694
IBULHSGFIN,20180703,14:08,1121,1121,1119.95,1119.95,1198
IBULHSGFIN,20180703,14:09,1119.95,1119.95,1119.1,1119.25,1074
IBULHSGFIN,20180703,14:10,1119.25,1119.25,1118.6,1119.25,937
IBULHSGFIN,20180703,14:11,1119.25,1119.65,1119.25,1119.35,35
IBULHSGFIN,20180703,14:12,1119.25,1119.25,1119,1119.05,838
IBULHSGFIN,20180703,14:13,1119.2,1119.85,1119.1,1119.2,1262
IBULHSGFIN,20180703,14:14,1119.2,1120.15,1119.2,1119.85,683
IBULHSGFIN,20180703,14:15,1119.75,1119.75,1119.25,1119.3,407
IBULHSGFIN,20180703,14:16,1119.3,1120.7,1119.3,1120.35,1041
IBULHSGFIN,20180703,14:17,1120.55,1120.7,1120.3,1120.6,826
IBULHSGFIN,20180703,14:18,1120.7,1122.05,1120.6,1122.05,3021
IBULHSGFIN,20180703,14:19,1122.05,1123.7,1122.05,1123.7,1797
IBULHSGFIN,20180703,14:20,1123.25,1123.7,1122.55,1122.85,7813
IBULHSGFIN,20180703,14:21,1123.4,1124.5,1123.3,1124.1,1446
IBULHSGFIN,20180703,14:22,1124.1,1124.5,1123.95,1124,3845
IBULHSGFIN,20180703,14:23,1124.45,1124.75,1124.45,1124.55,558
IBULHSGFIN,20180703,14:24,1124.65,1124.65,1124,1124.25,1025
IBULHSGFIN,20180703,14:25,1124.25,1124.4,1123.1,1123.1,673
IBULHSGFIN,20180703,14:26,1123.1,1123.1,1122.15,1122.7,1458
IBULHSGFIN,20180703,14:27,1122.8,1122.85,1122.5,1122.65,425
IBULHSGFIN,20180703,14:28,1122.55,1122.55,1122.1,1122.3,378
IBULHSGFIN,20180703,14:29,1122.3,1122.3,1121.8,1121.85,844
IBULHSGFIN,20180703,14:30,1121.85,1124,1121.85,1124,2448
IBULHSGFIN,20180703,14:31,1123.5,1124.7,1123.5,1124.7,934
IBULHSGFIN,20180703,14:32,1124.9,1126.6,1124.7,1125.95,7754
IBULHSGFIN,20180703,14:33,1125.9,1126.1,1125.9,1126.1,1158
IBULHSGFIN,20180703,14:34,1126.2,1126.95,1125.4,1125.4,2217
IBULHSGFIN,20180703,14:35,1125.4,1125.65,1124.7,1125,2779
IBULHSGFIN,20180703,14:36,1124.95,1124.95,1124.7,1124.85,909
IBULHSGFIN,20180703,14:37,1124.8,1124.95,1124.55,1124.95,2345
IBULHSGFIN,20180703,14:38,1124.7,1124.8,1124.3,1124.3,358
IBULHSGFIN,20180703,14:39,1123.55,1124.15,1123.55,1123.75,1809
IBULHSGFIN,20180703,14:40,1123.75,1123.8,1123,1123.5,2688
IBULHSGFIN,20180703,14:41,1123.05,1124.85,1123.05,1124.15,961
IBULHSGFIN,20180703,14:42,1124.75,1126.15,1124.75,1126,3191
IBULHSGFIN,20180703,14:43,1125.8,1125.8,1125.1,1125.4,1609
IBULHSGFIN,20180703,14:44,1125.5,1125.5,1125.15,1125.5,242
IBULHSGFIN,20180703,14:45,1125.4,1125.4,1124.95,1124.95,1351
IBULHSGFIN,20180703,14:46,1125.15,1125.5,1124.95,1125.5,1419
IBULHSGFIN,20180703,14:47,1125.05,1125.45,1125,1125,1242
IBULHSGFIN,20180703,14:48,1125,1125.2,1125,1125.1,1191
IBULHSGFIN,20180703,14:49,1125.15,1125.15,1124.95,1125,2332
IBULHSGFIN,20180703,14:50,1125.05,1125.1,1124.95,1125,2211
IBULHSGFIN,20180703,14:51,1125,1125.5,1124.65,1125.15,3895
IBULHSGFIN,20180703,14:52,1125.15,1125.35,1125,1125.1,2649
IBULHSGFIN,20180703,14:53,1125.05,1125.05,1125,1125.05,4122
IBULHSGFIN,20180703,14:54,1125,1125,1124.95,1125,3465
IBULHSGFIN,20180703,14:55,1124.95,1125.05,1124.95,1125.05,3744
IBULHSGFIN,20180703,14:56,1125.05,1125.5,1125,1125.1,4845
IBULHSGFIN,20180703,14:57,1125.1,1125.1,1124.95,1125,1333
IBULHSGFIN,20180703,14:58,1125,1125.25,1125,1125.1,2484
IBULHSGFIN,20180703,14:59,1125.05,1125.45,1125,1125,1826
IBULHSGFIN,20180703,15:00,1125,1125.35,1125,1125,2078
IBULHSGFIN,20180703,15:01,1125,1125.5,1125,1125.4,4454
IBULHSGFIN,20180703,15:02,1125.3,1125.4,1125,1125,3929
IBULHSGFIN,20180703,15:03,1125,1125.05,1124.95,1125,4856
IBULHSGFIN,20180703,15:04,1125,1125.3,1125,1125,5099
IBULHSGFIN,20180703,15:05,1125.1,1125.1,1125,1125,2861
IBULHSGFIN,20180703,15:06,1125,1125.05,1124.5,1125,4348
IBULHSGFIN,20180703,15:07,1125,1125.05,1125,1125.05,3371
IBULHSGFIN,20180703,15:08,1125.3,1125.8,1125.15,1125.15,1366
IBULHSGFIN,20180703,15:09,1125,1125.1,1125,1125,2540
IBULHSGFIN,20180703,15:10,1125.05,1125.4,1125,1125.05,3316
IBULHSGFIN,20180703,15:11,1125.25,1125.8,1125,1125,2965
IBULHSGFIN,20180703,15:12,1125,1125.45,1124.75,1125,5428
IBULHSGFIN,20180703,15:13,1125,1125.7,1125,1125,5498
IBULHSGFIN,20180703,15:14,1125,1125.25,1124.7,1125.25,7800
IBULHSGFIN,20180703,15:15,1125,1125.4,1124.95,1125.1,4373
IBULHSGFIN,20180703,15:16,1125,1125.55,1124.8,1125,7851
IBULHSGFIN,20180703,15:17,1125.4,1125.4,1125,1125,3828
IBULHSGFIN,20180703,15:18,1125.1,1126.65,1125,1126.4,5824
IBULHSGFIN,20180703,15:19,1126.65,1127.7,1126.15,1127.1,12148
IBULHSGFIN,20180703,15:20,1126.45,1127,1125.2,1126,8809
IBULHSGFIN,20180703,15:21,1126.1,1127.3,1126.1,1126.15,3420
IBULHSGFIN,20180703,15:22,1126.15,1126.7,1126.15,1126.55,2400
IBULHSGFIN,20180703,15:23,1126.55,1127.45,1126.55,1127,3257
IBULHSGFIN,20180703,15:24,1127,1128.15,1126,1126,4803
IBULHSGFIN,20180703,15:25,1125.85,1125.85,1125,1125,2119
IBULHSGFIN,20180703,15:26,1125,1125.8,1125,1125.8,3435
IBULHSGFIN,20180703,15:27,1126,1126,1125,1125.55,2844
IBULHSGFIN,20180703,15:28,1125.55,1126,1125,1125.45,1984
IBULHSGFIN,20180703,15:29,1125,1125.3,1125,1125.05,523
IBULHSGFIN,20180703,15:30,1125.05,1125.1,1124.8,1125.1,1678
IBULHSGFIN,20180703,15:32,1125.5,1125.5,1125.5,1125.5,1
IBULHSGFIN,20180703,15:41,1125.5,1125.5,1125.5,1125.5,30
IBULHSGFIN,20180703,15:42,1125.5,1125.5,1125.5,1125.5,51
IBULHSGFIN,20180703,15:43,1125.5,1125.5,1125.1,1125.1,150
IBULHSGFIN,20180703,15:47,1125.5,1125.5,1125.5,1125.5,3
IBULHSGFIN,20180703,16:36,1125.5,1125.5,1125.5,1125.5,1
