ADANIPORTS_F1,20200204,09:16,370.00,371.80,369.15,371.20,162500,25412500
ADANIPORTS_F1,20200204,09:17,370.90,371.00,370.05,370.90,115000,25412500
ADANIPORTS_F1,20200204,09:18,370.75,370.95,370.30,370.95,85000,25457500
ADANIPORTS_F1,20200204,09:19,370.70,370.70,369.40,370.00,140000,25457500
ADANIPORTS_F1,20200204,09:20,369.80,369.80,368.95,369.50,80000,25457500
ADANIPORTS_F1,20200204,09:21,369.60,369.70,369.00,369.00,72500,25580000
ADANIPORTS_F1,20200204,09:22,369.15,369.75,368.75,369.60,90000,25580000
ADANIPORTS_F1,20200204,09:23,369.50,369.55,368.55,369.00,57500,25580000
ADANIPORTS_F1,20200204,09:24,369.00,369.90,368.85,369.90,22500,25577500
ADANIPORTS_F1,20200204,09:25,369.70,370.40,369.70,370.25,25000,25577500
ADANIPORTS_F1,20200204,09:26,370.05,370.40,369.55,370.20,117500,25577500
ADANIPORTS_F1,20200204,09:27,370.65,370.70,370.40,370.70,17500,25640000
ADANIPORTS_F1,20200204,09:28,370.75,370.80,370.50,370.70,15000,25640000
ADANIPORTS_F1,20200204,09:29,370.15,370.90,370.15,370.90,67500,25640000
ADANIPORTS_F1,20200204,09:30,370.90,370.90,370.50,370.50,20000,25642500
ADANIPORTS_F1,20200204,09:31,370.50,371.25,370.45,370.90,70000,25642500
ADANIPORTS_F1,20200204,09:32,370.95,371.00,370.90,371.00,15000,25642500
ADANIPORTS_F1,20200204,09:33,371.00,371.50,371.00,371.50,62500,25657500
ADANIPORTS_F1,20200204,09:34,371.40,371.55,371.00,371.15,60000,25657500
ADANIPORTS_F1,20200204,09:35,371.15,371.30,370.95,370.95,27500,25657500
ADANIPORTS_F1,20200204,09:36,370.70,370.75,370.70,370.75,7500,25657500
ADANIPORTS_F1,20200204,09:37,370.50,370.75,370.10,370.10,37500,25680000
ADANIPORTS_F1,20200204,09:38,370.40,370.50,370.20,370.50,20000,25680000
ADANIPORTS_F1,20200204,09:39,370.15,370.40,369.95,369.95,20000,25697500
ADANIPORTS_F1,20200204,09:40,369.70,370.40,369.70,370.40,30000,25697500
ADANIPORTS_F1,20200204,09:41,370.45,370.50,370.35,370.50,22500,25697500
ADANIPORTS_F1,20200204,09:42,370.45,370.75,370.25,370.25,17500,25712500
ADANIPORTS_F1,20200204,09:43,370.20,370.65,370.20,370.65,5000,25712500
ADANIPORTS_F1,20200204,09:44,370.95,370.95,370.65,370.65,17500,25712500
ADANIPORTS_F1,20200204,09:45,370.15,370.15,369.70,370.00,10000,25720000
ADANIPORTS_F1,20200204,09:46,370.00,370.00,369.40,369.50,20000,25720000
ADANIPORTS_F1,20200204,09:48,369.50,369.75,369.50,369.75,10000,25732500
ADANIPORTS_F1,20200204,09:49,369.45,369.45,369.40,369.40,7500,25732500
ADANIPORTS_F1,20200204,09:50,369.40,371.00,369.40,370.50,80000,25732500
ADANIPORTS_F1,20200204,09:51,370.50,370.50,369.80,369.90,45000,25762500
ADANIPORTS_F1,20200204,09:52,369.90,370.60,369.90,370.20,17500,25762500
ADANIPORTS_F1,20200204,09:53,370.20,370.75,370.20,370.40,12500,25762500
ADANIPORTS_F1,20200204,09:54,370.25,370.25,370.20,370.25,7500,25775000
ADANIPORTS_F1,20200204,09:55,370.00,370.15,369.60,370.15,27500,25775000
ADANIPORTS_F1,20200204,09:56,369.80,369.80,369.20,369.20,30000,25775000
ADANIPORTS_F1,20200204,09:57,368.95,369.10,368.00,369.10,112500,25782500
ADANIPORTS_F1,20200204,09:58,369.00,369.40,369.00,369.25,15000,25782500
ADANIPORTS_F1,20200204,09:59,369.35,370.00,369.25,370.00,15000,25782500
ADANIPORTS_F1,20200204,10:00,370.00,370.45,370.00,370.45,17500,25797500
ADANIPORTS_F1,20200204,10:01,370.15,370.20,369.90,370.05,47500,25797500
ADANIPORTS_F1,20200204,10:02,370.30,370.50,370.30,370.50,15000,25797500
ADANIPORTS_F1,20200204,10:03,370.20,370.50,370.20,370.45,22500,25820000
ADANIPORTS_F1,20200204,10:04,370.30,370.30,370.30,370.30,2500,25820000
ADANIPORTS_F1,20200204,10:05,370.00,370.50,370.00,370.50,20000,25820000
ADANIPORTS_F1,20200204,10:06,370.70,370.85,370.70,370.85,20000,25810000
ADANIPORTS_F1,20200204,10:07,370.45,370.45,369.85,370.00,115000,25810000
ADANIPORTS_F1,20200204,10:08,370.10,370.20,370.10,370.20,37500,25810000
ADANIPORTS_F1,20200204,10:09,370.25,370.65,370.25,370.65,72500,25925000
ADANIPORTS_F1,20200204,10:10,370.60,370.70,370.60,370.65,35000,25925000
ADANIPORTS_F1,20200204,10:11,370.65,370.90,370.60,370.90,25000,25925000
ADANIPORTS_F1,20200204,10:12,370.75,370.75,370.55,370.55,10000,25965000
ADANIPORTS_F1,20200204,10:13,370.75,370.85,370.70,370.85,10000,25965000
ADANIPORTS_F1,20200204,10:14,370.35,370.70,370.35,370.50,12500,25965000
ADANIPORTS_F1,20200204,10:16,370.55,371.20,370.55,371.20,27500,25952500
ADANIPORTS_F1,20200204,10:17,371.00,371.30,371.00,371.30,17500,25952500
ADANIPORTS_F1,20200204,10:18,371.30,371.40,371.20,371.20,20000,25960000
ADANIPORTS_F1,20200204,10:19,371.60,371.60,370.45,370.45,70000,25960000
ADANIPORTS_F1,20200204,10:20,370.70,370.75,370.45,370.75,25000,25960000
ADANIPORTS_F1,20200204,10:21,370.75,370.75,369.85,370.00,42500,25975000
ADANIPORTS_F1,20200204,10:22,369.70,370.20,369.70,370.20,47500,25975000
ADANIPORTS_F1,20200204,10:23,370.00,370.45,370.00,370.20,15000,25975000
ADANIPORTS_F1,20200204,10:24,370.45,370.45,370.45,370.45,27500,25975000
ADANIPORTS_F1,20200204,10:26,370.00,370.00,368.55,368.80,70000,25997500
ADANIPORTS_F1,20200204,10:27,368.80,369.00,368.80,368.90,20000,25967500
ADANIPORTS_F1,20200204,10:28,369.00,369.00,368.75,368.75,7500,25967500
ADANIPORTS_F1,20200204,10:29,369.00,369.30,368.90,369.30,72500,25967500
ADANIPORTS_F1,20200204,10:30,369.40,369.40,369.40,369.40,2500,25952500
ADANIPORTS_F1,20200204,10:31,369.45,369.45,369.10,369.15,27500,25952500
ADANIPORTS_F1,20200204,10:32,369.15,369.30,369.15,369.30,12500,25952500
ADANIPORTS_F1,20200204,10:33,370.00,370.50,370.00,370.40,37500,25962500
ADANIPORTS_F1,20200204,10:34,370.30,370.30,369.90,369.90,15000,25962500
ADANIPORTS_F1,20200204,10:35,369.95,370.35,369.95,370.35,17500,25962500
ADANIPORTS_F1,20200204,10:36,370.45,370.85,370.45,370.80,35000,25977500
ADANIPORTS_F1,20200204,10:37,370.60,370.80,370.45,370.80,10000,25977500
ADANIPORTS_F1,20200204,10:38,370.70,370.70,370.55,370.55,5000,25977500
ADANIPORTS_F1,20200204,10:39,370.40,370.40,370.40,370.40,2500,25997500
ADANIPORTS_F1,20200204,10:40,370.60,370.90,370.60,370.90,17500,25997500
ADANIPORTS_F1,20200204,10:41,370.85,370.85,370.75,370.75,5000,25997500
ADANIPORTS_F1,20200204,10:42,370.60,371.00,370.60,371.00,92500,26025000
ADANIPORTS_F1,20200204,10:43,371.10,371.10,371.10,371.10,2500,26025000
ADANIPORTS_F1,20200204,10:44,371.00,371.00,370.75,370.75,10000,26025000
ADANIPORTS_F1,20200204,10:45,370.75,370.75,370.75,370.75,5000,26030000
ADANIPORTS_F1,20200204,10:46,370.75,370.75,370.55,370.55,12500,26030000
ADANIPORTS_F1,20200204,10:47,371.05,371.05,370.75,370.75,27500,26030000
ADANIPORTS_F1,20200204,10:48,370.35,371.00,370.35,370.85,32500,25990000
ADANIPORTS_F1,20200204,10:49,370.80,370.95,370.80,370.95,10000,25990000
ADANIPORTS_F1,20200204,10:50,371.30,371.30,371.30,371.30,7500,25990000
ADANIPORTS_F1,20200204,10:51,371.20,372.20,371.20,372.10,162500,26007500
ADANIPORTS_F1,20200204,10:52,372.00,373.20,372.00,372.80,190000,26007500
ADANIPORTS_F1,20200204,10:53,372.80,373.80,372.80,373.80,120000,26007500
ADANIPORTS_F1,20200204,10:54,373.75,373.75,373.10,373.35,37500,26082500
ADANIPORTS_F1,20200204,10:55,373.30,373.30,372.70,372.70,55000,26082500
ADANIPORTS_F1,20200204,10:56,372.75,373.15,372.75,372.85,42500,26082500
ADANIPORTS_F1,20200204,10:57,372.80,373.35,372.65,373.00,67500,26067500
ADANIPORTS_F1,20200204,10:58,373.20,373.20,372.70,372.70,30000,26067500
ADANIPORTS_F1,20200204,10:59,372.90,372.90,372.90,372.90,5000,26067500
ADANIPORTS_F1,20200204,11:00,373.30,373.30,372.50,372.50,22500,26080000
ADANIPORTS_F1,20200204,11:01,373.00,373.50,373.00,373.50,35000,26080000
ADANIPORTS_F1,20200204,11:02,373.70,373.70,373.10,373.40,25000,26080000
ADANIPORTS_F1,20200204,11:03,373.40,373.40,372.75,373.00,15000,26107500
ADANIPORTS_F1,20200204,11:04,373.05,373.05,372.65,372.95,7500,26107500
ADANIPORTS_F1,20200204,11:05,372.60,372.60,372.60,372.60,10000,26107500
ADANIPORTS_F1,20200204,11:06,372.50,372.75,372.30,372.30,12500,26095000
ADANIPORTS_F1,20200204,11:07,372.85,373.20,372.85,373.10,52500,26095000
ADANIPORTS_F1,20200204,11:08,373.00,373.30,373.00,373.30,12500,26095000
ADANIPORTS_F1,20200204,11:09,373.25,373.25,373.25,373.25,17500,26092500
ADANIPORTS_F1,20200204,11:10,373.10,373.70,373.10,373.70,42500,26092500
ADANIPORTS_F1,20200204,11:11,373.75,373.75,373.35,373.55,32500,26092500
ADANIPORTS_F1,20200204,11:12,373.55,373.55,373.40,373.40,7500,26092500
ADANIPORTS_F1,20200204,11:13,373.50,373.50,373.50,373.50,2500,26112500
ADANIPORTS_F1,20200204,11:14,373.40,373.50,373.15,373.50,47500,26112500
ADANIPORTS_F1,20200204,11:15,373.65,373.65,373.65,373.65,2500,26122500
ADANIPORTS_F1,20200204,11:16,373.50,374.00,373.50,374.00,60000,26122500
ADANIPORTS_F1,20200204,11:17,373.85,373.85,373.40,373.40,12500,26122500
ADANIPORTS_F1,20200204,11:18,373.30,373.30,372.55,373.30,40000,26080000
ADANIPORTS_F1,20200204,11:19,373.30,373.40,373.00,373.00,10000,26080000
ADANIPORTS_F1,20200204,11:20,373.05,373.05,372.70,372.85,15000,26080000
ADANIPORTS_F1,20200204,11:21,372.65,372.70,372.45,372.60,17500,26065000
ADANIPORTS_F1,20200204,11:22,373.00,373.00,373.00,373.00,5000,26065000
ADANIPORTS_F1,20200204,11:24,372.50,373.00,372.35,373.00,17500,26070000
ADANIPORTS_F1,20200204,11:25,372.90,372.90,372.90,372.90,10000,26070000
ADANIPORTS_F1,20200204,11:26,373.35,373.35,373.15,373.30,7500,26070000
ADANIPORTS_F1,20200204,11:27,373.65,373.65,373.65,373.65,7500,26070000
ADANIPORTS_F1,20200204,11:28,373.80,373.80,373.45,373.45,17500,26070000
ADANIPORTS_F1,20200204,11:29,373.80,373.85,373.60,373.60,12500,26070000
ADANIPORTS_F1,20200204,11:30,373.80,373.80,373.80,373.80,2500,26070000
ADANIPORTS_F1,20200204,11:31,373.50,373.50,373.50,373.50,2500,26062500
ADANIPORTS_F1,20200204,11:32,373.10,373.40,373.10,373.40,5000,26062500
ADANIPORTS_F1,20200204,11:34,373.40,374.40,373.40,374.05,60000,26067500
ADANIPORTS_F1,20200204,11:35,374.45,374.45,373.65,373.65,80000,26067500
ADANIPORTS_F1,20200204,11:36,374.10,374.10,373.90,373.90,10000,26067500
ADANIPORTS_F1,20200204,11:37,373.80,374.75,373.60,374.75,102500,26115000
ADANIPORTS_F1,20200204,11:38,374.70,374.95,374.40,374.40,65000,26115000
ADANIPORTS_F1,20200204,11:39,374.15,374.40,374.00,374.40,70000,26040000
ADANIPORTS_F1,20200204,11:40,374.00,375.30,374.00,375.10,152500,26040000
ADANIPORTS_F1,20200204,11:41,375.00,375.50,374.35,374.95,137500,26040000
ADANIPORTS_F1,20200204,11:42,374.90,375.00,374.05,374.05,30000,25915000
ADANIPORTS_F1,20200204,11:43,374.15,375.60,374.00,375.05,112500,25915000
ADANIPORTS_F1,20200204,11:44,375.15,375.70,375.15,375.45,127500,25915000
ADANIPORTS_F1,20200204,11:45,375.45,375.60,374.80,375.00,140000,26020000
ADANIPORTS_F1,20200204,11:46,374.95,375.55,374.55,375.55,65000,26020000
ADANIPORTS_F1,20200204,11:47,375.15,375.15,375.05,375.05,10000,26020000
ADANIPORTS_F1,20200204,11:48,375.05,375.25,374.90,375.00,25000,26020000
ADANIPORTS_F1,20200204,11:49,374.85,374.85,374.60,374.60,15000,26082500
ADANIPORTS_F1,20200204,11:50,374.50,374.50,374.50,374.50,2500,26082500
ADANIPORTS_F1,20200204,11:51,374.50,374.60,374.05,374.05,17500,26055000
ADANIPORTS_F1,20200204,11:52,374.05,374.50,374.00,374.50,15000,26055000
ADANIPORTS_F1,20200204,11:53,374.60,374.60,374.60,374.60,2500,26055000
ADANIPORTS_F1,20200204,11:54,374.50,374.55,374.20,374.20,10000,26050000
ADANIPORTS_F1,20200204,11:55,374.20,374.45,374.20,374.25,7500,26050000
ADANIPORTS_F1,20200204,11:56,374.35,374.50,374.35,374.40,15000,26050000
ADANIPORTS_F1,20200204,11:57,374.25,374.25,374.25,374.25,5000,26050000
ADANIPORTS_F1,20200204,11:58,374.35,374.35,374.30,374.30,5000,26052500
ADANIPORTS_F1,20200204,11:59,374.45,374.45,374.05,374.05,15000,26052500
ADANIPORTS_F1,20200204,12:00,374.00,374.00,373.70,373.75,25000,26052500
ADANIPORTS_F1,20200204,12:01,373.50,374.05,373.50,374.05,47500,26045000
ADANIPORTS_F1,20200204,12:03,374.05,374.05,374.00,374.00,20000,26040000
ADANIPORTS_F1,20200204,12:04,374.00,374.00,373.95,374.00,10000,26040000
ADANIPORTS_F1,20200204,12:05,374.00,374.35,374.00,374.15,12500,26040000
ADANIPORTS_F1,20200204,12:06,374.10,374.10,374.00,374.00,15000,26040000
ADANIPORTS_F1,20200204,12:07,374.00,374.00,374.00,374.00,2500,26040000
ADANIPORTS_F1,20200204,12:08,373.90,373.90,373.80,373.80,5000,26040000
ADANIPORTS_F1,20200204,12:09,374.00,374.15,373.80,374.15,57500,26040000
ADANIPORTS_F1,20200204,12:10,374.15,374.15,374.15,374.15,2500,26035000
ADANIPORTS_F1,20200204,12:12,374.70,374.70,374.50,374.50,12500,26030000
ADANIPORTS_F1,20200204,12:13,374.30,374.50,374.30,374.50,15000,26030000
ADANIPORTS_F1,20200204,12:15,374.35,374.35,374.35,374.35,2500,26030000
ADANIPORTS_F1,20200204,12:16,374.15,374.15,374.15,374.15,2500,26042500
ADANIPORTS_F1,20200204,12:18,373.90,374.00,373.90,373.90,7500,26042500
ADANIPORTS_F1,20200204,12:19,374.00,374.35,374.00,374.35,15000,26042500
ADANIPORTS_F1,20200204,12:21,374.00,374.00,373.80,373.80,15000,26042500
ADANIPORTS_F1,20200204,12:22,373.80,373.80,373.80,373.80,2500,26050000
ADANIPORTS_F1,20200204,12:23,373.90,373.90,373.90,373.90,2500,26050000
ADANIPORTS_F1,20200204,12:24,373.80,373.80,373.70,373.70,25000,26050000
ADANIPORTS_F1,20200204,12:25,373.80,373.90,373.80,373.90,17500,26070000
ADANIPORTS_F1,20200204,12:26,374.00,374.00,374.00,374.00,2500,26070000
ADANIPORTS_F1,20200204,12:27,374.15,374.30,374.15,374.30,5000,26070000
ADANIPORTS_F1,20200204,12:28,374.05,374.05,374.05,374.05,2500,26072500
ADANIPORTS_F1,20200204,12:29,373.85,374.00,373.85,374.00,10000,26072500
ADANIPORTS_F1,20200204,12:30,373.65,373.65,373.35,373.35,22500,26077500
ADANIPORTS_F1,20200204,12:31,373.45,373.45,373.45,373.45,5000,26077500
ADANIPORTS_F1,20200204,12:33,372.80,372.80,372.40,372.80,62500,26077500
ADANIPORTS_F1,20200204,12:34,373.00,373.20,372.70,373.10,37500,26060000
ADANIPORTS_F1,20200204,12:35,373.00,373.30,373.00,373.25,12500,26060000
ADANIPORTS_F1,20200204,12:36,373.10,373.10,373.10,373.10,7500,26060000
ADANIPORTS_F1,20200204,12:38,372.85,372.85,372.85,372.85,2500,26082500
ADANIPORTS_F1,20200204,12:39,372.75,373.30,372.40,373.30,30000,26085000
ADANIPORTS_F1,20200204,12:40,373.10,373.10,373.00,373.00,17500,26085000
ADANIPORTS_F1,20200204,12:41,372.70,372.70,372.70,372.70,2500,26085000
ADANIPORTS_F1,20200204,12:42,372.85,372.85,372.85,372.85,2500,26085000
ADANIPORTS_F1,20200204,12:43,372.80,372.80,372.80,372.80,2500,26087500
ADANIPORTS_F1,20200204,12:44,372.85,373.05,372.40,372.55,50000,26087500
ADANIPORTS_F1,20200204,12:45,372.40,372.55,372.30,372.35,22500,26087500
ADANIPORTS_F1,20200204,12:46,372.80,372.80,372.75,372.75,12500,26117500
ADANIPORTS_F1,20200204,12:47,372.90,373.00,372.90,373.00,5000,26117500
ADANIPORTS_F1,20200204,12:48,372.95,373.30,372.95,373.30,7500,26130000
ADANIPORTS_F1,20200204,12:49,373.10,373.30,373.00,373.00,7500,26130000
ADANIPORTS_F1,20200204,12:50,372.85,372.85,372.85,372.85,2500,26130000
ADANIPORTS_F1,20200204,12:51,372.90,372.90,372.85,372.85,7500,26130000
ADANIPORTS_F1,20200204,12:52,372.90,372.90,372.70,372.75,40000,26137500
ADANIPORTS_F1,20200204,12:53,372.75,372.85,372.75,372.75,12500,26137500
ADANIPORTS_F1,20200204,12:55,372.65,372.65,371.50,371.75,107500,26175000
ADANIPORTS_F1,20200204,12:56,372.10,372.10,371.75,371.75,22500,26175000
ADANIPORTS_F1,20200204,12:57,371.60,372.00,371.60,372.00,17500,26175000
ADANIPORTS_F1,20200204,12:58,372.30,372.55,372.30,372.55,7500,26192500
ADANIPORTS_F1,20200204,12:59,372.50,372.80,372.50,372.80,15000,26192500
ADANIPORTS_F1,20200204,13:00,372.95,372.95,372.80,372.85,12500,26192500
ADANIPORTS_F1,20200204,13:01,373.00,373.30,373.00,373.10,10000,26210000
ADANIPORTS_F1,20200204,13:02,373.05,373.05,372.75,372.75,10000,26210000
ADANIPORTS_F1,20200204,13:03,372.50,372.50,372.40,372.45,10000,26212500
ADANIPORTS_F1,20200204,13:04,372.40,372.40,372.30,372.30,7500,26212500
ADANIPORTS_F1,20200204,13:05,372.50,372.50,372.30,372.30,12500,26212500
ADANIPORTS_F1,20200204,13:06,372.25,372.25,372.25,372.25,2500,26212500
ADANIPORTS_F1,20200204,13:07,372.30,372.30,372.10,372.10,27500,26205000
ADANIPORTS_F1,20200204,13:08,372.10,372.10,371.65,371.75,47500,26205000
ADANIPORTS_F1,20200204,13:09,371.75,371.75,371.30,371.30,22500,26240000
ADANIPORTS_F1,20200204,13:10,371.30,371.60,371.10,371.10,57500,26240000
ADANIPORTS_F1,20200204,13:11,370.60,370.85,370.55,370.80,20000,26240000
ADANIPORTS_F1,20200204,13:12,371.00,371.15,370.70,370.70,20000,26240000
ADANIPORTS_F1,20200204,13:13,370.60,370.75,370.30,370.75,35000,26252500
ADANIPORTS_F1,20200204,13:14,370.20,370.30,369.80,370.00,137500,26252500
ADANIPORTS_F1,20200204,13:15,369.85,369.95,369.25,369.50,125000,26252500
ADANIPORTS_F1,20200204,13:16,369.45,369.85,369.45,369.85,70000,26245000
ADANIPORTS_F1,20200204,13:17,369.75,369.95,369.60,369.60,35000,26245000
ADANIPORTS_F1,20200204,13:18,369.75,369.85,369.50,369.65,32500,26245000
ADANIPORTS_F1,20200204,13:19,369.75,369.80,369.75,369.80,17500,26262500
ADANIPORTS_F1,20200204,13:20,369.85,370.35,369.65,370.35,80000,26262500
ADANIPORTS_F1,20200204,13:21,370.30,370.30,370.20,370.30,10000,26262500
ADANIPORTS_F1,20200204,13:22,370.35,370.45,370.30,370.30,12500,26252500
ADANIPORTS_F1,20200204,13:23,370.20,370.25,370.00,370.00,22500,26252500
ADANIPORTS_F1,20200204,13:24,369.65,370.25,369.65,369.95,17500,26252500
ADANIPORTS_F1,20200204,13:25,370.00,370.00,370.00,370.00,5000,26252500
ADANIPORTS_F1,20200204,13:27,370.40,370.40,370.25,370.25,12500,26252500
ADANIPORTS_F1,20200204,13:28,370.30,370.70,370.30,370.70,17500,26257500
ADANIPORTS_F1,20200204,13:29,370.50,370.70,370.50,370.70,10000,26257500
ADANIPORTS_F1,20200204,13:30,370.80,370.80,370.50,370.60,17500,26257500
ADANIPORTS_F1,20200204,13:31,370.80,370.85,370.80,370.85,5000,26265000
ADANIPORTS_F1,20200204,13:32,371.00,371.25,371.00,371.05,17500,26265000
ADANIPORTS_F1,20200204,13:33,371.00,371.00,371.00,371.00,2500,26265000
ADANIPORTS_F1,20200204,13:34,371.05,371.05,370.95,370.95,17500,26272500
ADANIPORTS_F1,20200204,13:35,370.75,370.75,370.75,370.75,2500,26272500
ADANIPORTS_F1,20200204,13:36,370.45,370.95,370.45,370.95,27500,26272500
ADANIPORTS_F1,20200204,13:37,371.10,371.80,371.10,371.80,62500,26285000
ADANIPORTS_F1,20200204,13:38,371.80,372.25,371.80,372.00,80000,26285000
ADANIPORTS_F1,20200204,13:39,372.00,372.10,372.00,372.10,7500,26285000
ADANIPORTS_F1,20200204,13:40,372.10,372.10,372.05,372.05,5000,26342500
ADANIPORTS_F1,20200204,13:41,372.35,372.35,371.85,372.10,25000,26342500
ADANIPORTS_F1,20200204,13:42,372.25,372.25,371.80,371.80,17500,26342500
ADANIPORTS_F1,20200204,13:44,371.85,372.00,371.65,372.00,17500,26327500
ADANIPORTS_F1,20200204,13:45,372.05,372.50,372.05,372.50,7500,26327500
ADANIPORTS_F1,20200204,13:46,372.45,372.45,372.45,372.45,2500,26330000
ADANIPORTS_F1,20200204,13:47,372.20,372.20,372.20,372.20,2500,26330000
ADANIPORTS_F1,20200204,13:48,371.70,371.70,371.70,371.70,2500,26330000
ADANIPORTS_F1,20200204,13:49,371.90,372.40,371.90,372.40,35000,26332500
ADANIPORTS_F1,20200204,13:50,372.80,372.80,372.45,372.45,17500,26332500
ADANIPORTS_F1,20200204,13:51,372.60,372.75,372.40,372.40,22500,26332500
ADANIPORTS_F1,20200204,13:52,372.30,372.60,372.30,372.60,5000,26342500
ADANIPORTS_F1,20200204,13:54,372.75,372.85,372.75,372.85,10000,26342500
ADANIPORTS_F1,20200204,13:56,372.40,372.80,372.40,372.80,15000,26345000
ADANIPORTS_F1,20200204,13:57,372.75,372.75,372.55,372.55,5000,26345000
ADANIPORTS_F1,20200204,13:58,372.35,372.55,372.35,372.55,7500,26347500
ADANIPORTS_F1,20200204,13:59,372.05,372.05,371.50,371.50,32500,26347500
ADANIPORTS_F1,20200204,14:00,371.10,372.05,371.10,372.05,30000,26347500
ADANIPORTS_F1,20200204,14:01,371.35,371.35,371.35,371.35,5000,26357500
ADANIPORTS_F1,20200204,14:02,371.50,371.50,371.50,371.50,5000,26357500
ADANIPORTS_F1,20200204,14:03,371.40,371.50,371.40,371.50,27500,26357500
ADANIPORTS_F1,20200204,14:04,371.90,371.90,371.90,371.90,2500,26380000
ADANIPORTS_F1,20200204,14:05,371.65,371.65,371.65,371.65,2500,26380000
ADANIPORTS_F1,20200204,14:06,371.60,371.60,371.60,371.60,2500,26380000
ADANIPORTS_F1,20200204,14:07,371.25,371.25,371.15,371.15,5000,26382500
ADANIPORTS_F1,20200204,14:08,371.70,372.05,371.70,372.05,5000,26382500
ADANIPORTS_F1,20200204,14:09,371.70,372.10,371.70,372.10,20000,26382500
ADANIPORTS_F1,20200204,14:10,371.40,371.65,371.40,371.65,5000,26387500
ADANIPORTS_F1,20200204,14:11,371.70,371.70,371.70,371.70,2500,26387500
ADANIPORTS_F1,20200204,14:12,371.60,371.60,371.55,371.55,5000,26387500
ADANIPORTS_F1,20200204,14:13,371.25,371.25,371.25,371.25,2500,26387500
ADANIPORTS_F1,20200204,14:16,371.70,371.95,371.35,371.95,10000,26385000
ADANIPORTS_F1,20200204,14:18,371.75,371.95,371.75,371.95,5000,26385000
ADANIPORTS_F1,20200204,14:19,371.40,371.40,371.40,371.40,2500,26392500
ADANIPORTS_F1,20200204,14:20,371.65,371.65,371.05,371.25,22500,26392500
ADANIPORTS_F1,20200204,14:21,371.50,371.55,371.20,371.55,25000,26392500
ADANIPORTS_F1,20200204,14:22,371.65,371.65,371.65,371.65,2500,26385000
ADANIPORTS_F1,20200204,14:23,371.80,371.80,371.80,371.80,2500,26385000
ADANIPORTS_F1,20200204,14:24,371.60,371.60,371.60,371.60,2500,26385000
ADANIPORTS_F1,20200204,14:25,371.70,371.70,371.70,371.70,2500,26397500
ADANIPORTS_F1,20200204,14:26,371.70,371.85,371.70,371.85,5000,26397500
ADANIPORTS_F1,20200204,14:27,372.00,372.00,372.00,372.00,20000,26397500
ADANIPORTS_F1,20200204,14:28,372.00,372.00,371.75,371.75,7500,26402500
ADANIPORTS_F1,20200204,14:30,371.50,371.55,371.50,371.55,7500,26402500
ADANIPORTS_F1,20200204,14:31,371.80,372.50,371.80,372.50,12500,26390000
ADANIPORTS_F1,20200204,14:33,372.50,372.50,372.30,372.30,10000,26390000
ADANIPORTS_F1,20200204,14:35,372.20,372.20,372.00,372.00,5000,26385000
ADANIPORTS_F1,20200204,14:36,371.50,371.50,371.50,371.50,17500,26385000
ADANIPORTS_F1,20200204,14:37,371.30,371.35,371.30,371.35,5000,26395000
ADANIPORTS_F1,20200204,14:38,371.25,371.65,371.25,371.65,20000,26395000
ADANIPORTS_F1,20200204,14:39,371.15,371.80,371.00,371.80,17500,26395000
ADANIPORTS_F1,20200204,14:41,371.75,371.80,371.25,371.25,12500,26405000
ADANIPORTS_F1,20200204,14:42,371.40,371.40,371.25,371.25,5000,26405000
ADANIPORTS_F1,20200204,14:44,372.00,372.00,371.65,372.00,10000,26405000
ADANIPORTS_F1,20200204,14:46,372.20,372.20,372.20,372.20,15000,26405000
ADANIPORTS_F1,20200204,14:47,372.00,372.75,372.00,372.50,40000,26405000
ADANIPORTS_F1,20200204,14:48,372.50,373.35,372.50,372.85,57500,26405000
ADANIPORTS_F1,20200204,14:49,373.00,373.45,373.00,373.45,82500,26380000
ADANIPORTS_F1,20200204,14:50,373.40,374.25,373.40,373.95,75000,26380000
ADANIPORTS_F1,20200204,14:51,373.70,375.15,373.70,374.85,135000,26380000
ADANIPORTS_F1,20200204,14:52,374.85,374.95,374.15,374.15,165000,26440000
ADANIPORTS_F1,20200204,14:53,374.20,374.20,373.05,373.90,150000,26440000
ADANIPORTS_F1,20200204,14:54,374.00,374.10,373.45,373.65,35000,26440000
ADANIPORTS_F1,20200204,14:55,373.70,373.75,372.80,372.80,137500,26545000
ADANIPORTS_F1,20200204,14:56,372.90,372.90,371.80,372.00,82500,26545000
ADANIPORTS_F1,20200204,14:57,372.10,373.00,371.90,373.00,55000,26545000
ADANIPORTS_F1,20200204,14:58,372.95,373.30,372.85,373.15,40000,26545000
ADANIPORTS_F1,20200204,14:59,373.00,373.00,372.50,372.50,35000,26545000
ADANIPORTS_F1,20200204,15:00,372.40,372.50,372.40,372.50,5000,26545000
ADANIPORTS_F1,20200204,15:01,373.00,373.25,372.95,372.95,22500,26520000
ADANIPORTS_F1,20200204,15:02,372.60,372.65,372.60,372.60,7500,26520000
ADANIPORTS_F1,20200204,15:03,372.20,372.40,372.10,372.30,20000,26520000
ADANIPORTS_F1,20200204,15:04,372.40,372.50,372.40,372.50,10000,26515000
ADANIPORTS_F1,20200204,15:05,372.70,372.70,372.70,372.70,5000,26515000
ADANIPORTS_F1,20200204,15:06,372.95,373.10,372.95,373.10,7500,26515000
ADANIPORTS_F1,20200204,15:07,372.95,373.00,372.75,373.00,20000,26520000
ADANIPORTS_F1,20200204,15:08,373.10,373.10,373.00,373.05,32500,26520000
ADANIPORTS_F1,20200204,15:09,373.00,373.00,372.75,373.00,17500,26520000
ADANIPORTS_F1,20200204,15:10,373.15,373.40,373.00,373.10,22500,26507500
ADANIPORTS_F1,20200204,15:11,373.10,373.10,372.65,372.70,22500,26507500
ADANIPORTS_F1,20200204,15:12,372.70,373.35,372.70,373.00,80000,26507500
ADANIPORTS_F1,20200204,15:13,372.35,372.45,372.35,372.45,40000,26540000
ADANIPORTS_F1,20200204,15:14,372.40,373.00,372.40,372.40,40000,26540000
ADANIPORTS_F1,20200204,15:15,372.45,372.90,372.35,372.55,50000,26540000
ADANIPORTS_F1,20200204,15:16,372.50,372.50,372.35,372.45,17500,26550000
ADANIPORTS_F1,20200204,15:17,372.45,372.70,372.25,372.30,40000,26550000
ADANIPORTS_F1,20200204,15:18,372.20,372.80,372.20,372.75,37500,26550000
ADANIPORTS_F1,20200204,15:19,372.40,372.75,372.30,372.55,45000,26525000
ADANIPORTS_F1,20200204,15:20,372.55,374.50,372.50,373.25,427500,26525000
ADANIPORTS_F1,20200204,15:21,373.25,373.25,371.50,371.55,737500,26525000
ADANIPORTS_F1,20200204,15:22,371.75,374.60,371.75,373.90,1120000,26800000
ADANIPORTS_F1,20200204,15:23,373.90,375.20,373.90,374.65,970000,26800000
ADANIPORTS_F1,20200204,15:24,373.65,373.70,371.20,371.75,1402500,26800000
ADANIPORTS_F1,20200204,15:25,371.55,371.55,367.35,370.45,1037500,27557500
ADANIPORTS_F1,20200204,15:26,370.00,372.00,369.75,371.00,652500,27557500
ADANIPORTS_F1,20200204,15:27,371.05,371.40,368.40,368.75,745000,27557500
ADANIPORTS_F1,20200204,15:28,368.50,368.90,366.05,366.75,735000,27047500
ADANIPORTS_F1,20200204,15:29,367.00,368.45,366.90,367.65,202500,27047500
ADANIPORTS_F1,20200204,15:30,367.65,368.00,367.20,367.85,290000,27047500
ADANIPORTS_F1,20200204,15:31,367.85,367.85,367.85,367.85,7500,27047500
ADANIPORTS_F1,20200204,19:31,371.55,371.55,371.55,371.55,1,25550000
