EICHERMOT,20210325,09:08,2635.55,2635.55,2635.55,2635.55,1386,0
EICHERMOT,20210325,09:16,2649.00,2651.00,2630.25,2643.90,10236,0
EICHERMOT,20210325,09:17,2641.80,2650.00,2641.60,2644.20,6740,0
EICHERMOT,20210325,09:18,2643.85,2651.00,2643.35,2649.50,4551,0
EICHERMOT,20210325,09:19,2648.95,2649.00,2642.00,2643.70,2666,0
EICHERMOT,20210325,09:20,2642.05,2648.00,2640.80,2642.95,3594,0
EICHERMOT,20210325,09:21,2642.25,2644.15,2630.00,2632.60,5767,0
EICHERMOT,20210325,09:22,2632.60,2632.60,2620.00,2626.15,7651,0
EICHERMOT,20210325,09:23,2625.00,2626.20,2616.00,2619.75,13385,0
EICHERMOT,20210325,09:24,2618.25,2620.00,2617.00,2617.50,2609,0
EICHERMOT,20210325,09:25,2619.05,2623.85,2618.75,2621.00,2117,0
EICHERMOT,20210325,09:26,2619.90,2621.95,2618.35,2620.00,1959,0
EICHERMOT,20210325,09:27,2621.05,2621.05,2617.20,2617.25,2034,0
EICHERMOT,20210325,09:28,2617.25,2618.45,2610.00,2611.60,5686,0
EICHERMOT,20210325,09:29,2611.25,2613.65,2610.00,2612.80,2868,0
EICHERMOT,20210325,09:30,2613.05,2618.30,2613.00,2616.25,1911,0
EICHERMOT,20210325,09:31,2615.00,2622.90,2612.60,2618.65,3828,0
EICHERMOT,20210325,09:32,2619.35,2623.00,2618.30,2620.00,2663,0
EICHERMOT,20210325,09:33,2621.25,2621.25,2618.25,2619.55,1023,0
EICHERMOT,20210325,09:34,2620.45,2620.85,2614.05,2615.75,3209,0
EICHERMOT,20210325,09:35,2615.75,2615.75,2605.00,2606.10,10789,0
EICHERMOT,20210325,09:36,2606.00,2609.35,2605.00,2609.00,2331,0
EICHERMOT,20210325,09:37,2611.70,2613.35,2609.00,2610.40,2128,0
EICHERMOT,20210325,09:38,2610.40,2612.75,2607.00,2608.15,3029,0
EICHERMOT,20210325,09:39,2608.00,2615.50,2607.45,2615.50,4303,0
EICHERMOT,20210325,09:40,2615.00,2615.00,2610.00,2611.00,1747,0
EICHERMOT,20210325,09:41,2610.75,2617.60,2610.75,2616.00,2421,0
EICHERMOT,20210325,09:42,2615.50,2615.50,2612.15,2613.10,1736,0
EICHERMOT,20210325,09:43,2612.00,2612.70,2610.00,2610.10,1297,0
EICHERMOT,20210325,09:44,2611.00,2612.40,2608.00,2610.15,2132,0
EICHERMOT,20210325,09:45,2611.00,2611.00,2606.00,2606.05,2010,0
EICHERMOT,20210325,09:46,2606.05,2606.05,2601.00,2602.00,7004,0
EICHERMOT,20210325,09:47,2601.00,2602.75,2595.20,2598.75,9285,0
EICHERMOT,20210325,09:48,2598.00,2601.00,2598.00,2599.05,3677,0
EICHERMOT,20210325,09:49,2600.30,2601.35,2598.00,2599.00,4080,0
EICHERMOT,20210325,09:50,2599.90,2605.60,2599.55,2605.60,4422,0
EICHERMOT,20210325,09:51,2606.90,2606.90,2600.65,2603.35,2307,0
EICHERMOT,20210325,09:52,2604.35,2606.00,2600.10,2605.80,2966,0
EICHERMOT,20210325,09:53,2604.50,2606.00,2602.00,2604.25,2043,0
EICHERMOT,20210325,09:54,2603.75,2604.50,2601.95,2603.45,2267,0
EICHERMOT,20210325,09:55,2603.50,2603.85,2603.00,2603.75,626,0
EICHERMOT,20210325,09:56,2603.75,2609.80,2602.50,2608.75,2848,0
EICHERMOT,20210325,09:57,2607.75,2609.00,2604.75,2605.00,1131,0
EICHERMOT,20210325,09:58,2605.60,2605.60,2603.00,2603.95,671,0
EICHERMOT,20210325,09:59,2605.00,2606.15,2604.05,2606.15,491,0
EICHERMOT,20210325,10:00,2605.75,2607.00,2604.10,2604.65,1398,0
EICHERMOT,20210325,10:01,2605.95,2607.00,2605.00,2605.00,966,0
EICHERMOT,20210325,10:02,2606.00,2610.00,2604.50,2610.00,1403,0
EICHERMOT,20210325,10:03,2612.00,2613.50,2607.25,2607.25,2210,0
EICHERMOT,20210325,10:04,2606.80,2607.90,2605.85,2607.55,534,0
EICHERMOT,20210325,10:05,2608.70,2609.15,2606.00,2609.15,678,0
EICHERMOT,20210325,10:06,2609.20,2610.75,2607.00,2607.00,1035,0
EICHERMOT,20210325,10:07,2607.00,2610.00,2607.00,2608.55,955,0
EICHERMOT,20210325,10:08,2609.45,2609.90,2608.05,2608.60,710,0
EICHERMOT,20210325,10:09,2608.60,2612.00,2608.60,2609.15,1416,0
EICHERMOT,20210325,10:10,2609.00,2609.55,2607.00,2608.80,305,0
EICHERMOT,20210325,10:11,2609.55,2612.00,2609.55,2611.65,1742,0
EICHERMOT,20210325,10:12,2611.00,2617.50,2610.45,2616.40,2868,0
EICHERMOT,20210325,10:13,2616.00,2616.75,2614.00,2614.00,825,0
EICHERMOT,20210325,10:14,2613.50,2615.45,2611.15,2615.45,2963,0
EICHERMOT,20210325,10:15,2614.65,2618.15,2614.30,2616.00,4284,0
EICHERMOT,20210325,10:16,2617.40,2617.65,2615.30,2616.95,2734,0
EICHERMOT,20210325,10:17,2617.00,2617.45,2615.60,2617.00,4099,0
EICHERMOT,20210325,10:18,2617.00,2617.00,2612.80,2614.15,3500,0
EICHERMOT,20210325,10:19,2612.10,2612.10,2610.00,2610.95,1822,0
EICHERMOT,20210325,10:20,2610.95,2610.95,2606.25,2607.45,1699,0
EICHERMOT,20210325,10:21,2607.50,2610.95,2607.00,2608.45,2350,0
EICHERMOT,20210325,10:22,2610.10,2610.40,2607.80,2608.90,1982,0
EICHERMOT,20210325,10:23,2610.00,2610.70,2607.65,2607.95,1111,0
EICHERMOT,20210325,10:24,2609.15,2614.15,2607.50,2614.00,3493,0
EICHERMOT,20210325,10:25,2612.80,2617.00,2612.80,2616.70,7181,0
EICHERMOT,20210325,10:26,2616.70,2616.95,2610.00,2612.05,1686,0
EICHERMOT,20210325,10:27,2612.25,2613.70,2608.20,2610.70,2433,0
EICHERMOT,20210325,10:28,2610.65,2611.05,2606.00,2607.20,3165,0
EICHERMOT,20210325,10:29,2607.45,2607.65,2604.00,2605.55,2710,0
EICHERMOT,20210325,10:30,2604.00,2607.00,2602.60,2605.15,3569,0
EICHERMOT,20210325,10:31,2605.05,2605.15,2603.25,2604.60,2468,0
EICHERMOT,20210325,10:32,2604.60,2605.80,2603.30,2604.65,859,0
EICHERMOT,20210325,10:33,2604.10,2604.90,2602.05,2604.90,3947,0
EICHERMOT,20210325,10:34,2604.65,2605.65,2602.15,2602.15,1438,0
EICHERMOT,20210325,10:35,2603.00,2603.85,2600.00,2603.00,5098,0
EICHERMOT,20210325,10:36,2603.05,2608.80,2603.05,2607.00,1750,0
EICHERMOT,20210325,10:37,2605.00,2606.75,2604.15,2606.50,467,0
EICHERMOT,20210325,10:38,2606.50,2608.40,2605.15,2607.40,737,0
EICHERMOT,20210325,10:39,2607.40,2609.85,2606.50,2609.10,1912,0
EICHERMOT,20210325,10:40,2607.55,2609.40,2605.15,2608.00,1087,0
EICHERMOT,20210325,10:41,2608.00,2609.90,2608.00,2608.25,355,0
EICHERMOT,20210325,10:42,2608.25,2609.20,2607.40,2608.60,629,0
EICHERMOT,20210325,10:43,2608.55,2609.00,2606.75,2609.00,771,0
EICHERMOT,20210325,10:44,2609.00,2611.90,2609.00,2610.30,2794,0
EICHERMOT,20210325,10:45,2610.30,2610.70,2604.85,2605.30,655,0
EICHERMOT,20210325,10:46,2606.00,2607.00,2604.95,2606.95,659,0
EICHERMOT,20210325,10:47,2606.95,2607.80,2605.30,2607.80,1706,0
EICHERMOT,20210325,10:48,2607.80,2607.80,2606.20,2607.20,226,0
EICHERMOT,20210325,10:49,2607.20,2609.35,2606.00,2609.35,1447,0
EICHERMOT,20210325,10:50,2610.00,2611.40,2608.00,2608.90,502,0
EICHERMOT,20210325,10:51,2608.60,2614.00,2606.85,2611.95,3056,0
EICHERMOT,20210325,10:52,2613.15,2614.00,2610.70,2612.85,724,0
EICHERMOT,20210325,10:53,2611.85,2613.55,2608.40,2610.85,1120,0
EICHERMOT,20210325,10:54,2610.35,2611.10,2606.00,2606.90,481,0
EICHERMOT,20210325,10:55,2606.00,2606.90,2603.00,2603.50,3485,0
EICHERMOT,20210325,10:56,2603.50,2603.85,2601.80,2603.30,1549,0
EICHERMOT,20210325,10:57,2602.10,2602.95,2600.50,2602.05,2249,0
EICHERMOT,20210325,10:58,2602.10,2603.40,2601.00,2602.75,2013,0
EICHERMOT,20210325,10:59,2602.25,2604.65,2601.40,2603.00,1060,0
EICHERMOT,20210325,11:00,2603.60,2603.95,2601.40,2602.05,1955,0
EICHERMOT,20210325,11:01,2602.05,2603.70,2600.40,2602.55,1029,0
EICHERMOT,20210325,11:02,2602.55,2602.55,2600.00,2600.65,1909,0
EICHERMOT,20210325,11:03,2600.10,2603.45,2600.00,2602.70,5400,0
EICHERMOT,20210325,11:04,2602.95,2602.95,2601.25,2602.15,839,0
EICHERMOT,20210325,11:05,2602.00,2602.00,2600.10,2601.65,652,0
EICHERMOT,20210325,11:06,2601.50,2601.50,2600.00,2600.75,1994,0
EICHERMOT,20210325,11:07,2600.75,2602.60,2600.00,2601.00,1901,0
EICHERMOT,20210325,11:08,2600.95,2603.50,2600.20,2602.45,1356,0
EICHERMOT,20210325,11:09,2602.45,2602.75,2601.70,2601.90,715,0
EICHERMOT,20210325,11:10,2601.85,2601.90,2600.00,2600.45,4409,0
EICHERMOT,20210325,11:11,2600.00,2601.80,2600.00,2600.45,2454,0
EICHERMOT,20210325,11:12,2600.00,2600.55,2598.35,2598.70,2802,0
EICHERMOT,20210325,11:13,2598.70,2601.15,2598.00,2601.15,4814,0
EICHERMOT,20210325,11:14,2602.10,2604.00,2602.10,2603.00,2108,0
EICHERMOT,20210325,11:15,2603.00,2606.15,2603.00,2604.30,1681,0
EICHERMOT,20210325,11:16,2604.30,2605.95,2603.30,2605.65,885,0
EICHERMOT,20210325,11:17,2604.90,2604.90,2601.50,2603.20,867,0
EICHERMOT,20210325,11:18,2603.20,2603.50,2600.00,2601.10,1645,0
EICHERMOT,20210325,11:19,2601.05,2604.75,2600.55,2604.35,1773,0
EICHERMOT,20210325,11:20,2603.95,2608.50,2603.05,2607.60,1745,0
EICHERMOT,20210325,11:21,2607.85,2609.00,2605.40,2608.80,1069,0
EICHERMOT,20210325,11:22,2609.00,2611.00,2608.80,2609.90,1803,0
EICHERMOT,20210325,11:23,2609.55,2612.50,2609.55,2609.55,2345,0
EICHERMOT,20210325,11:24,2609.70,2610.70,2608.15,2609.45,645,0
EICHERMOT,20210325,11:25,2608.00,2608.15,2606.00,2607.00,496,0
EICHERMOT,20210325,11:26,2607.00,2607.45,2606.05,2606.80,297,0
EICHERMOT,20210325,11:27,2606.80,2608.65,2605.85,2606.10,475,0
EICHERMOT,20210325,11:28,2606.85,2607.75,2605.95,2607.15,261,0
EICHERMOT,20210325,11:29,2607.15,2608.15,2606.70,2607.75,637,0
EICHERMOT,20210325,11:30,2607.75,2607.75,2606.00,2606.85,287,0
EICHERMOT,20210325,11:31,2606.85,2607.05,2603.10,2604.85,691,0
EICHERMOT,20210325,11:32,2604.00,2606.95,2601.00,2606.75,1593,0
EICHERMOT,20210325,11:33,2606.10,2606.10,2604.00,2604.60,177,0
EICHERMOT,20210325,11:34,2604.65,2606.50,2604.65,2606.50,278,0
EICHERMOT,20210325,11:35,2606.50,2606.50,2604.65,2604.75,259,0
EICHERMOT,20210325,11:36,2604.00,2606.60,2604.00,2606.60,863,0
EICHERMOT,20210325,11:37,2606.40,2606.40,2601.00,2603.75,1992,0
EICHERMOT,20210325,11:38,2602.85,2603.70,2601.00,2601.00,511,0
EICHERMOT,20210325,11:39,2600.05,2602.25,2600.00,2602.25,1159,0
EICHERMOT,20210325,11:40,2602.30,2602.50,2599.75,2599.75,5256,0
EICHERMOT,20210325,11:41,2600.50,2603.00,2599.20,2600.95,2013,0
EICHERMOT,20210325,11:42,2600.95,2601.50,2600.50,2601.45,415,0
EICHERMOT,20210325,11:43,2601.35,2601.50,2598.60,2600.00,1348,0
EICHERMOT,20210325,11:44,2600.00,2601.25,2597.85,2600.25,9113,0
EICHERMOT,20210325,11:45,2600.00,2601.50,2598.80,2601.50,2904,0
EICHERMOT,20210325,11:46,2601.35,2601.35,2599.50,2600.55,1519,0
EICHERMOT,20210325,11:47,2600.55,2601.80,2600.05,2601.80,272,0
EICHERMOT,20210325,11:48,2602.00,2602.95,2597.70,2600.00,1453,0
EICHERMOT,20210325,11:49,2600.00,2600.70,2598.95,2599.95,1544,0
EICHERMOT,20210325,11:50,2600.00,2601.95,2599.40,2600.25,1684,0
EICHERMOT,20210325,11:51,2601.00,2601.00,2600.00,2600.95,1089,0
EICHERMOT,20210325,11:52,2600.95,2600.95,2600.00,2600.10,696,0
EICHERMOT,20210325,11:53,2600.80,2600.80,2600.00,2600.80,338,0
EICHERMOT,20210325,11:54,2601.30,2602.15,2600.80,2601.35,668,0
EICHERMOT,20210325,11:55,2600.80,2600.80,2598.00,2599.85,4328,0
EICHERMOT,20210325,11:56,2599.70,2600.00,2598.45,2599.35,1794,0
EICHERMOT,20210325,11:57,2599.30,2599.90,2592.05,2599.25,10272,0
EICHERMOT,20210325,11:58,2599.55,2602.00,2599.55,2600.00,1950,0
EICHERMOT,20210325,11:59,2600.00,2601.90,2600.00,2600.50,1519,0
EICHERMOT,20210325,12:00,2601.00,2601.00,2599.40,2600.45,2884,0
EICHERMOT,20210325,12:01,2600.00,2600.70,2599.05,2600.30,1202,0
EICHERMOT,20210325,12:02,2597.90,2602.00,2597.90,2602.00,7719,0
EICHERMOT,20210325,12:03,2602.00,2602.80,2600.00,2602.00,1858,0
EICHERMOT,20210325,12:04,2600.85,2601.85,2600.00,2600.60,1634,0
EICHERMOT,20210325,12:05,2600.00,2602.05,2600.00,2601.15,2659,0
EICHERMOT,20210325,12:06,2601.55,2602.00,2600.00,2601.60,1544,0
EICHERMOT,20210325,12:07,2601.45,2601.45,2599.35,2599.35,1397,0
EICHERMOT,20210325,12:08,2599.65,2600.90,2598.90,2600.00,1022,0
EICHERMOT,20210325,12:09,2600.80,2600.80,2598.50,2598.95,779,0
EICHERMOT,20210325,12:10,2598.95,2600.50,2596.95,2600.00,2590,0
EICHERMOT,20210325,12:11,2600.35,2600.40,2594.85,2594.85,11609,0
EICHERMOT,20210325,12:12,2593.20,2593.20,2582.75,2587.00,14638,0
EICHERMOT,20210325,12:13,2584.45,2586.40,2581.00,2582.55,7824,0
EICHERMOT,20210325,12:14,2576.00,2580.80,2568.20,2574.50,14520,0
EICHERMOT,20210325,12:15,2576.00,2580.20,2573.20,2576.65,3907,0
EICHERMOT,20210325,12:16,2577.75,2580.00,2577.00,2578.60,2424,0
EICHERMOT,20210325,12:17,2578.85,2581.00,2575.30,2577.00,2844,0
EICHERMOT,20210325,12:18,2578.60,2579.25,2571.15,2571.15,2783,0
EICHERMOT,20210325,12:19,2572.30,2578.85,2571.45,2578.85,6714,0
EICHERMOT,20210325,12:20,2577.50,2583.60,2575.20,2583.50,2287,0
EICHERMOT,20210325,12:21,2583.50,2583.50,2575.85,2576.70,2595,0
EICHERMOT,20210325,12:22,2578.15,2578.85,2574.50,2575.00,3326,0
EICHERMOT,20210325,12:23,2575.00,2580.00,2573.70,2575.05,3378,0
EICHERMOT,20210325,12:24,2574.90,2582.10,2574.10,2580.75,4605,0
EICHERMOT,20210325,12:25,2580.70,2581.00,2578.00,2578.90,1043,0
EICHERMOT,20210325,12:26,2580.00,2580.35,2577.65,2579.75,1319,0
EICHERMOT,20210325,12:27,2579.75,2580.00,2577.00,2577.00,2060,0
EICHERMOT,20210325,12:28,2577.00,2579.40,2576.45,2577.20,1330,0
EICHERMOT,20210325,12:29,2577.20,2577.20,2575.00,2576.70,1767,0
EICHERMOT,20210325,12:30,2576.70,2577.80,2574.50,2575.05,3456,0
EICHERMOT,20210325,12:31,2575.80,2575.85,2572.75,2575.00,7679,0
EICHERMOT,20210325,12:32,2575.70,2576.00,2573.40,2575.60,8886,0
EICHERMOT,20210325,12:33,2575.60,2576.25,2574.50,2575.00,1491,0
EICHERMOT,20210325,12:34,2575.90,2576.80,2572.10,2573.00,3021,0
EICHERMOT,20210325,12:35,2572.10,2573.45,2565.05,2567.00,6864,0
EICHERMOT,20210325,12:36,2568.00,2572.05,2567.00,2571.65,2648,0
EICHERMOT,20210325,12:37,2570.55,2571.35,2566.05,2567.00,1268,0
EICHERMOT,20210325,12:38,2567.00,2567.05,2563.00,2565.20,3349,0
EICHERMOT,20210325,12:39,2565.15,2567.00,2564.50,2566.50,3228,0
EICHERMOT,20210325,12:40,2567.00,2567.00,2565.10,2566.30,1636,0
EICHERMOT,20210325,12:41,2566.30,2567.00,2562.10,2565.00,3170,0
EICHERMOT,20210325,12:42,2566.00,2569.85,2566.00,2568.75,3107,0
EICHERMOT,20210325,12:43,2568.75,2568.75,2565.45,2566.00,684,0
EICHERMOT,20210325,12:44,2566.50,2569.00,2566.00,2568.15,1636,0
EICHERMOT,20210325,12:45,2567.50,2567.75,2563.00,2567.75,2212,0
EICHERMOT,20210325,12:46,2567.75,2569.85,2566.10,2569.85,2003,0
EICHERMOT,20210325,12:47,2571.80,2572.10,2568.65,2570.70,3271,0
EICHERMOT,20210325,12:48,2570.10,2574.90,2569.75,2571.45,6091,0
EICHERMOT,20210325,12:49,2573.90,2577.95,2573.75,2577.35,3889,0
EICHERMOT,20210325,12:50,2577.50,2578.65,2572.20,2573.60,2515,0
EICHERMOT,20210325,12:51,2573.60,2577.65,2573.60,2576.00,1478,0
EICHERMOT,20210325,12:52,2575.60,2578.00,2575.60,2578.00,1653,0
EICHERMOT,20210325,12:53,2577.50,2578.00,2576.00,2576.75,1163,0
EICHERMOT,20210325,12:54,2576.00,2578.00,2575.35,2576.45,1294,0
EICHERMOT,20210325,12:55,2576.45,2577.55,2576.00,2577.00,370,0
EICHERMOT,20210325,12:56,2577.00,2581.95,2575.50,2581.25,9537,0
EICHERMOT,20210325,12:57,2581.10,2582.30,2579.95,2580.55,2558,0
EICHERMOT,20210325,12:58,2580.05,2581.00,2579.00,2580.00,5335,0
EICHERMOT,20210325,12:59,2580.00,2580.75,2576.65,2578.05,5087,0
EICHERMOT,20210325,13:00,2578.05,2578.40,2575.00,2575.95,1737,0
EICHERMOT,20210325,13:01,2576.15,2576.45,2567.40,2568.00,4619,0
EICHERMOT,20210325,13:02,2567.30,2568.55,2565.00,2565.85,1755,0
EICHERMOT,20210325,13:03,2566.00,2566.00,2555.00,2557.60,13304,0
EICHERMOT,20210325,13:04,2556.50,2558.00,2552.00,2553.00,4781,0
EICHERMOT,20210325,13:05,2553.00,2555.55,2552.10,2553.95,3774,0
EICHERMOT,20210325,13:06,2554.65,2554.95,2551.30,2551.35,1802,0
EICHERMOT,20210325,13:07,2550.60,2554.00,2550.10,2553.00,3019,0
EICHERMOT,20210325,13:08,2554.00,2555.00,2553.00,2554.65,2158,0
EICHERMOT,20210325,13:09,2552.50,2552.50,2550.00,2551.00,5053,0
EICHERMOT,20210325,13:10,2551.30,2551.95,2550.00,2551.95,1521,0
EICHERMOT,20210325,13:11,2550.65,2551.55,2548.00,2548.90,2831,0
EICHERMOT,20210325,13:12,2548.90,2555.20,2548.90,2555.00,4469,0
EICHERMOT,20210325,13:13,2555.00,2555.30,2551.50,2552.45,1488,0
EICHERMOT,20210325,13:14,2552.60,2562.00,2552.00,2562.00,4926,0
EICHERMOT,20210325,13:15,2562.00,2565.95,2561.15,2563.60,2433,0
EICHERMOT,20210325,13:16,2562.75,2562.85,2560.00,2560.95,1417,0
EICHERMOT,20210325,13:17,2560.00,2562.60,2557.20,2561.60,3277,0
EICHERMOT,20210325,13:18,2562.60,2573.85,2562.00,2573.75,7185,0
EICHERMOT,20210325,13:19,2573.15,2576.00,2563.05,2563.80,6107,0
EICHERMOT,20210325,13:20,2564.85,2575.00,2563.40,2574.95,8842,0
EICHERMOT,20210325,13:21,2573.55,2573.55,2564.00,2564.00,2554,0
EICHERMOT,20210325,13:22,2560.60,2572.95,2559.95,2571.05,20747,0
EICHERMOT,20210325,13:23,2571.10,2572.45,2570.00,2572.45,5356,0
EICHERMOT,20210325,13:24,2572.80,2577.00,2570.70,2576.95,5355,0
EICHERMOT,20210325,13:25,2577.00,2577.00,2573.10,2575.95,1222,0
EICHERMOT,20210325,13:26,2576.00,2576.75,2574.20,2575.50,853,0
EICHERMOT,20210325,13:27,2575.50,2579.40,2575.25,2579.00,4084,0
EICHERMOT,20210325,13:28,2580.35,2584.90,2577.25,2583.95,10296,0
EICHERMOT,20210325,13:29,2584.10,2584.10,2577.10,2580.00,2005,0
EICHERMOT,20210325,13:30,2580.25,2583.00,2577.25,2582.90,1600,0
EICHERMOT,20210325,13:31,2583.00,2583.00,2579.30,2580.45,1154,0
EICHERMOT,20210325,13:32,2580.00,2583.00,2577.40,2583.00,3359,0
EICHERMOT,20210325,13:33,2582.00,2583.00,2580.50,2581.50,702,0
EICHERMOT,20210325,13:34,2581.85,2586.10,2580.25,2585.20,8760,0
EICHERMOT,20210325,13:35,2586.40,2592.10,2584.95,2591.35,12070,0
EICHERMOT,20210325,13:36,2591.45,2603.85,2588.50,2602.15,13962,0
EICHERMOT,20210325,13:37,2605.60,2608.65,2598.45,2602.05,11648,0
EICHERMOT,20210325,13:38,2600.60,2603.50,2598.45,2598.45,3283,0
EICHERMOT,20210325,13:39,2598.00,2600.50,2591.80,2598.70,5942,0
EICHERMOT,20210325,13:40,2597.75,2599.95,2597.40,2597.40,6589,0
EICHERMOT,20210325,13:41,2597.40,2604.85,2597.40,2603.10,5606,0
EICHERMOT,20210325,13:42,2604.40,2608.00,2599.75,2606.80,11764,0
EICHERMOT,20210325,13:43,2605.85,2610.00,2603.30,2608.05,4631,0
EICHERMOT,20210325,13:44,2608.10,2614.65,2606.60,2613.05,7036,0
EICHERMOT,20210325,13:45,2614.90,2617.00,2614.90,2615.80,3515,0
EICHERMOT,20210325,13:46,2615.00,2617.40,2612.05,2617.00,5338,0
EICHERMOT,20210325,13:47,2615.65,2623.00,2615.40,2622.10,6885,0
EICHERMOT,20210325,13:48,2621.00,2622.60,2608.00,2609.15,7391,0
EICHERMOT,20210325,13:49,2608.00,2608.90,2602.00,2603.55,4077,0
EICHERMOT,20210325,13:50,2602.90,2609.00,2602.90,2606.05,3066,0
EICHERMOT,20210325,13:51,2606.65,2609.00,2603.60,2606.10,1618,0
EICHERMOT,20210325,13:52,2603.70,2606.80,2600.70,2601.60,4480,0
EICHERMOT,20210325,13:53,2600.10,2601.00,2600.00,2600.00,3135,0
EICHERMOT,20210325,13:54,2600.80,2607.50,2600.75,2607.50,2291,0
EICHERMOT,20210325,13:55,2606.00,2608.00,2606.00,2606.30,1362,0
EICHERMOT,20210325,13:56,2605.40,2618.00,2605.40,2613.65,5510,0
EICHERMOT,20210325,13:57,2612.90,2615.65,2610.00,2610.00,1652,0
EICHERMOT,20210325,13:58,2610.70,2612.10,2607.60,2609.40,1335,0
EICHERMOT,20210325,13:59,2608.00,2609.00,2605.35,2606.00,1482,0
EICHERMOT,20210325,14:00,2605.80,2607.70,2602.20,2603.00,2202,0
EICHERMOT,20210325,14:01,2604.00,2609.30,2602.40,2605.80,995,0
EICHERMOT,20210325,14:02,2605.75,2607.65,2604.65,2607.00,827,0
EICHERMOT,20210325,14:03,2607.10,2609.60,2605.55,2608.65,788,0
EICHERMOT,20210325,14:04,2607.00,2612.50,2606.40,2611.00,2192,0
EICHERMOT,20210325,14:05,2611.80,2611.80,2610.00,2610.00,1079,0
EICHERMOT,20210325,14:06,2610.15,2612.90,2608.95,2609.35,1593,0
EICHERMOT,20210325,14:07,2608.90,2609.65,2606.00,2606.95,1590,0
EICHERMOT,20210325,14:08,2606.05,2610.50,2606.05,2608.35,1676,0
EICHERMOT,20210325,14:09,2608.20,2608.20,2606.50,2607.60,670,0
EICHERMOT,20210325,14:10,2607.95,2610.00,2607.05,2608.55,588,0
EICHERMOT,20210325,14:11,2609.00,2610.90,2608.65,2608.85,608,0
EICHERMOT,20210325,14:12,2607.60,2608.25,2603.25,2604.30,1630,0
EICHERMOT,20210325,14:13,2604.00,2604.40,2603.00,2604.40,583,0
EICHERMOT,20210325,14:14,2604.00,2604.40,2602.65,2603.00,1213,0
EICHERMOT,20210325,14:15,2603.15,2603.15,2600.00,2601.15,2202,0
EICHERMOT,20210325,14:16,2601.00,2603.85,2600.10,2601.00,1871,0
EICHERMOT,20210325,14:17,2601.00,2602.65,2600.50,2601.50,1787,0
EICHERMOT,20210325,14:18,2602.05,2603.65,2601.00,2602.00,926,0
EICHERMOT,20210325,14:19,2602.00,2602.30,2601.00,2601.95,949,0
EICHERMOT,20210325,14:20,2600.90,2603.00,2600.50,2600.50,1353,0
EICHERMOT,20210325,14:21,2600.50,2601.25,2597.10,2597.10,7007,0
EICHERMOT,20210325,14:22,2597.10,2598.00,2593.00,2593.20,4313,0
EICHERMOT,20210325,14:23,2593.30,2595.60,2593.30,2594.95,1277,0
EICHERMOT,20210325,14:24,2594.20,2597.00,2593.80,2595.80,2261,0
EICHERMOT,20210325,14:25,2595.85,2606.15,2595.85,2606.15,2380,0
EICHERMOT,20210325,14:26,2606.75,2607.30,2604.00,2604.35,1688,0
EICHERMOT,20210325,14:27,2604.10,2605.50,2602.45,2602.45,454,0
EICHERMOT,20210325,14:28,2602.20,2603.05,2597.80,2597.90,792,0
EICHERMOT,20210325,14:29,2597.90,2603.25,2597.35,2600.55,2556,0
EICHERMOT,20210325,14:30,2601.30,2601.30,2599.60,2600.10,292,0
EICHERMOT,20210325,14:31,2600.10,2600.65,2597.00,2598.25,974,0
EICHERMOT,20210325,14:32,2597.00,2600.00,2597.00,2600.00,897,0
EICHERMOT,20210325,14:33,2600.85,2601.40,2599.20,2601.40,1140,0
EICHERMOT,20210325,14:34,2601.10,2605.50,2601.10,2604.60,1227,0
EICHERMOT,20210325,14:35,2602.50,2603.45,2598.70,2599.35,554,0
EICHERMOT,20210325,14:36,2598.30,2599.60,2593.15,2593.95,2623,0
EICHERMOT,20210325,14:37,2593.95,2595.10,2591.10,2592.65,1725,0
EICHERMOT,20210325,14:38,2592.15,2593.00,2591.05,2591.05,1930,0
EICHERMOT,20210325,14:39,2591.25,2592.70,2591.00,2591.80,570,0
EICHERMOT,20210325,14:40,2591.00,2592.00,2590.35,2590.55,1212,0
EICHERMOT,20210325,14:41,2591.00,2591.50,2588.00,2588.95,1476,0
EICHERMOT,20210325,14:42,2588.00,2590.85,2588.00,2588.65,1733,0
EICHERMOT,20210325,14:43,2589.50,2590.70,2588.00,2588.00,2021,0
EICHERMOT,20210325,14:44,2589.15,2590.05,2588.00,2589.50,499,0
EICHERMOT,20210325,14:45,2590.65,2597.10,2589.95,2597.10,2777,0
EICHERMOT,20210325,14:46,2596.75,2605.00,2596.75,2601.35,2521,0
EICHERMOT,20210325,14:47,2601.05,2602.00,2597.90,2600.70,2167,0
EICHERMOT,20210325,14:48,2600.00,2603.55,2600.00,2603.55,1199,0
EICHERMOT,20210325,14:49,2602.45,2604.70,2602.15,2603.50,2094,0
EICHERMOT,20210325,14:50,2603.00,2606.90,2601.15,2601.15,3062,0
EICHERMOT,20210325,14:51,2601.15,2603.90,2600.00,2601.00,1813,0
EICHERMOT,20210325,14:52,2601.00,2606.00,2600.00,2602.60,1174,0
EICHERMOT,20210325,14:53,2602.00,2604.05,2601.00,2602.60,1038,0
EICHERMOT,20210325,14:54,2601.30,2602.45,2600.65,2601.95,354,0
EICHERMOT,20210325,14:55,2601.00,2603.65,2601.00,2602.95,588,0
EICHERMOT,20210325,14:56,2602.10,2603.20,2600.00,2600.00,2140,0
EICHERMOT,20210325,14:57,2600.00,2601.85,2600.00,2600.55,1508,0
EICHERMOT,20210325,14:58,2601.00,2602.00,2599.00,2599.65,1570,0
EICHERMOT,20210325,14:59,2599.65,2601.35,2599.00,2600.00,2625,0
EICHERMOT,20210325,15:00,2600.00,2600.55,2593.55,2593.55,2039,0
EICHERMOT,20210325,15:01,2593.00,2593.05,2587.85,2588.20,4351,0
EICHERMOT,20210325,15:02,2587.30,2588.25,2583.30,2585.60,4139,0
EICHERMOT,20210325,15:03,2585.00,2590.55,2581.05,2590.05,7552,0
EICHERMOT,20210325,15:04,2590.45,2591.75,2590.00,2590.05,3832,0
EICHERMOT,20210325,15:05,2590.00,2590.95,2590.00,2590.45,4572,0
EICHERMOT,20210325,15:06,2590.55,2591.65,2590.00,2590.45,3973,0
EICHERMOT,20210325,15:07,2590.00,2591.30,2590.00,2590.05,3534,0
EICHERMOT,20210325,15:08,2590.00,2591.00,2585.80,2587.05,4424,0
EICHERMOT,20210325,15:09,2587.05,2587.05,2580.10,2581.40,2718,0
EICHERMOT,20210325,15:10,2581.40,2582.80,2580.00,2580.10,4143,0
EICHERMOT,20210325,15:11,2580.10,2580.75,2575.00,2575.75,4752,0
EICHERMOT,20210325,15:12,2575.80,2576.75,2571.75,2572.20,3796,0
EICHERMOT,20210325,15:13,2572.75,2572.75,2568.00,2568.45,3845,0
EICHERMOT,20210325,15:14,2569.00,2576.85,2568.40,2576.80,7696,0
EICHERMOT,20210325,15:15,2576.80,2579.20,2575.50,2576.65,3142,0
EICHERMOT,20210325,15:16,2578.50,2579.55,2571.10,2571.10,4739,0
EICHERMOT,20210325,15:17,2573.55,2573.55,2568.00,2568.00,4907,0
EICHERMOT,20210325,15:18,2567.65,2569.35,2565.15,2567.85,4784,0
EICHERMOT,20210325,15:19,2568.90,2568.90,2565.00,2567.60,5336,0
EICHERMOT,20210325,15:20,2567.75,2573.75,2567.60,2570.90,3935,0
EICHERMOT,20210325,15:21,2571.65,2579.25,2571.60,2573.65,4109,0
EICHERMOT,20210325,15:22,2578.65,2589.85,2573.80,2577.00,12270,0
EICHERMOT,20210325,15:23,2577.00,2582.60,2577.00,2580.00,2719,0
EICHERMOT,20210325,15:24,2583.55,2585.85,2582.45,2584.60,3408,0
EICHERMOT,20210325,15:25,2584.75,2594.15,2584.40,2590.50,3165,0
EICHERMOT,20210325,15:26,2591.20,2592.00,2588.90,2589.50,2095,0
EICHERMOT,20210325,15:27,2591.45,2592.00,2586.05,2588.75,2918,0
EICHERMOT,20210325,15:28,2588.80,2590.00,2582.65,2585.75,2291,0
EICHERMOT,20210325,15:29,2585.85,2585.85,2582.20,2584.15,2362,0
EICHERMOT,20210325,15:30,2584.15,2585.00,2577.25,2585.00,3745,0
EICHERMOT,20210325,15:32,2580.45,2580.45,2580.45,2580.45,0,0
EICHERMOT,20210325,15:41,2580.45,2580.45,2580.45,2580.45,3,0
EICHERMOT,20210325,16:45,2580.45,2580.45,2580.45,2580.45,0,0
