BAJAJ-AUTO,20190916,09:08,2859.00,2859.00,2859.00,2859.00,359,0
BAJAJ-AUTO,20190916,09:16,2857.95,2859.00,2850.00,2858.00,4764,0
BAJAJ-AUTO,20190916,09:17,2858.70,2865.00,2856.45,2858.40,3027,0
BAJAJ-AUTO,20190916,09:18,2858.00,2863.00,2856.85,2862.50,2154,0
BAJAJ-AUTO,20190916,09:19,2861.45,2870.00,2858.95,2864.15,3238,0
BAJAJ-AUTO,20190916,09:20,2866.00,2871.00,2866.00,2868.70,2326,0
BAJAJ-AUTO,20190916,09:21,2869.75,2870.00,2866.05,2869.80,1633,0
BAJAJ-AUTO,20190916,09:22,2869.75,2871.40,2867.25,2868.55,1168,0
BAJAJ-AUTO,20190916,09:23,2870.00,2876.55,2870.00,2871.20,3363,0
BAJAJ-AUTO,20190916,09:24,2871.95,2876.00,2871.95,2876.00,2132,0
BAJAJ-AUTO,20190916,09:25,2874.95,2879.95,2874.95,2876.00,2329,0
BAJAJ-AUTO,20190916,09:26,2875.00,2876.00,2872.90,2873.90,2098,0
BAJAJ-AUTO,20190916,09:27,2875.00,2875.00,2870.00,2874.00,1408,0
BAJAJ-AUTO,20190916,09:28,2872.80,2875.50,2872.80,2872.90,391,0
BAJAJ-AUTO,20190916,09:29,2875.00,2875.00,2868.95,2874.50,1263,0
BAJAJ-AUTO,20190916,09:30,2875.00,2876.00,2870.15,2870.15,1012,0
BAJAJ-AUTO,20190916,09:31,2872.75,2876.50,2872.55,2872.90,1189,0
BAJAJ-AUTO,20190916,09:32,2874.20,2878.00,2873.00,2873.00,1884,0
BAJAJ-AUTO,20190916,09:33,2873.80,2873.80,2870.20,2871.00,475,0
BAJAJ-AUTO,20190916,09:34,2871.15,2872.75,2868.35,2869.45,935,0
BAJAJ-AUTO,20190916,09:35,2869.40,2871.00,2866.35,2871.00,1005,0
BAJAJ-AUTO,20190916,09:36,2870.00,2871.45,2868.10,2869.90,1604,0
BAJAJ-AUTO,20190916,09:37,2868.65,2874.35,2868.55,2872.20,1705,0
BAJAJ-AUTO,20190916,09:38,2872.20,2872.20,2871.00,2871.85,165,0
BAJAJ-AUTO,20190916,09:39,2871.00,2871.00,2868.20,2869.45,569,0
BAJAJ-AUTO,20190916,09:40,2868.90,2871.00,2868.00,2868.00,638,0
BAJAJ-AUTO,20190916,09:41,2868.00,2870.70,2868.00,2870.00,551,0
BAJAJ-AUTO,20190916,09:42,2870.05,2875.85,2870.05,2874.80,881,0
BAJAJ-AUTO,20190916,09:43,2874.65,2876.50,2874.05,2875.55,317,0
BAJAJ-AUTO,20190916,09:44,2875.55,2878.00,2874.05,2874.80,1885,0
BAJAJ-AUTO,20190916,09:45,2875.80,2877.00,2875.00,2876.00,379,0
BAJAJ-AUTO,20190916,09:46,2876.00,2876.00,2872.95,2872.95,751,0
BAJAJ-AUTO,20190916,09:47,2873.80,2877.00,2873.80,2873.80,380,0
BAJAJ-AUTO,20190916,09:48,2874.00,2875.00,2870.70,2870.70,621,0
BAJAJ-AUTO,20190916,09:49,2870.45,2871.30,2867.00,2868.30,1050,0
BAJAJ-AUTO,20190916,09:50,2871.60,2871.65,2869.00,2870.50,741,0
BAJAJ-AUTO,20190916,09:51,2871.00,2872.35,2870.00,2871.00,400,0
BAJAJ-AUTO,20190916,09:52,2871.70,2872.00,2870.10,2870.50,295,0
BAJAJ-AUTO,20190916,09:53,2872.20,2873.40,2871.65,2872.00,592,0
BAJAJ-AUTO,20190916,09:54,2872.20,2872.80,2871.00,2871.85,338,0
BAJAJ-AUTO,20190916,09:55,2871.05,2874.60,2871.00,2874.00,861,0
BAJAJ-AUTO,20190916,09:56,2872.90,2873.90,2871.40,2873.90,168,0
BAJAJ-AUTO,20190916,09:57,2874.00,2875.00,2872.55,2874.85,546,0
BAJAJ-AUTO,20190916,09:58,2872.70,2874.00,2869.05,2869.90,564,0
BAJAJ-AUTO,20190916,09:59,2869.85,2869.90,2867.00,2869.55,1524,0
BAJAJ-AUTO,20190916,10:00,2870.80,2871.70,2869.45,2869.45,396,0
BAJAJ-AUTO,20190916,10:01,2870.10,2870.10,2867.25,2868.90,561,0
BAJAJ-AUTO,20190916,10:02,2868.10,2870.00,2868.10,2869.15,652,0
BAJAJ-AUTO,20190916,10:03,2869.15,2869.40,2867.00,2867.00,446,0
BAJAJ-AUTO,20190916,10:04,2867.75,2868.00,2865.10,2866.60,714,0
BAJAJ-AUTO,20190916,10:05,2866.60,2866.80,2865.00,2865.25,1172,0
BAJAJ-AUTO,20190916,10:06,2866.05,2869.00,2866.00,2867.40,536,0
BAJAJ-AUTO,20190916,10:07,2867.95,2867.95,2867.40,2867.70,101,0
BAJAJ-AUTO,20190916,10:08,2867.60,2870.00,2866.85,2870.00,328,0
BAJAJ-AUTO,20190916,10:09,2869.40,2873.00,2867.55,2867.60,1219,0
BAJAJ-AUTO,20190916,10:10,2868.45,2868.45,2867.95,2867.95,738,0
BAJAJ-AUTO,20190916,10:11,2868.00,2868.10,2866.70,2867.95,287,0
BAJAJ-AUTO,20190916,10:12,2867.95,2869.95,2867.50,2869.95,338,0
BAJAJ-AUTO,20190916,10:13,2869.95,2872.85,2867.50,2868.65,306,0
BAJAJ-AUTO,20190916,10:14,2869.45,2869.45,2868.05,2869.40,74,0
BAJAJ-AUTO,20190916,10:15,2870.90,2870.90,2870.00,2870.00,81,0
BAJAJ-AUTO,20190916,10:16,2870.80,2870.90,2869.30,2869.50,560,0
BAJAJ-AUTO,20190916,10:17,2869.45,2870.00,2867.00,2869.45,934,0
BAJAJ-AUTO,20190916,10:18,2870.00,2870.00,2868.95,2869.20,148,0
BAJAJ-AUTO,20190916,10:19,2869.20,2870.80,2867.95,2870.05,132,0
BAJAJ-AUTO,20190916,10:20,2871.60,2871.60,2871.00,2871.00,762,0
BAJAJ-AUTO,20190916,10:21,2871.50,2871.50,2867.50,2869.00,735,0
BAJAJ-AUTO,20190916,10:22,2868.75,2872.40,2868.45,2871.05,405,0
BAJAJ-AUTO,20190916,10:23,2871.40,2874.00,2871.40,2874.00,185,0
BAJAJ-AUTO,20190916,10:24,2874.00,2874.00,2870.80,2871.00,715,0
BAJAJ-AUTO,20190916,10:25,2871.00,2871.25,2870.50,2870.85,521,0
BAJAJ-AUTO,20190916,10:26,2871.00,2871.00,2867.50,2870.85,397,0
BAJAJ-AUTO,20190916,10:27,2870.00,2870.00,2866.40,2868.55,4309,0
BAJAJ-AUTO,20190916,10:28,2868.55,2869.25,2868.55,2868.55,140,0
BAJAJ-AUTO,20190916,10:29,2868.55,2869.30,2867.50,2868.20,236,0
BAJAJ-AUTO,20190916,10:30,2868.10,2869.30,2867.50,2869.10,769,0
BAJAJ-AUTO,20190916,10:31,2869.80,2870.70,2868.55,2870.00,348,0
BAJAJ-AUTO,20190916,10:32,2869.90,2870.00,2868.35,2868.40,259,0
BAJAJ-AUTO,20190916,10:33,2868.40,2869.00,2867.50,2869.00,363,0
BAJAJ-AUTO,20190916,10:34,2868.90,2869.55,2867.50,2869.25,1054,0
BAJAJ-AUTO,20190916,10:35,2869.25,2870.00,2868.00,2870.00,846,0
BAJAJ-AUTO,20190916,10:36,2871.00,2872.00,2870.55,2872.00,481,0
BAJAJ-AUTO,20190916,10:37,2872.00,2874.00,2872.00,2872.30,1119,0
BAJAJ-AUTO,20190916,10:38,2873.45,2873.90,2870.60,2871.00,267,0
BAJAJ-AUTO,20190916,10:39,2871.00,2871.00,2868.05,2869.30,1095,0
BAJAJ-AUTO,20190916,10:40,2869.30,2870.70,2867.50,2867.90,1667,0
BAJAJ-AUTO,20190916,10:41,2868.70,2869.15,2866.45,2867.60,2130,0
BAJAJ-AUTO,20190916,10:42,2867.90,2868.70,2865.10,2866.35,5263,0
BAJAJ-AUTO,20190916,10:43,2867.75,2867.75,2863.75,2865.85,8013,0
BAJAJ-AUTO,20190916,10:44,2865.85,2868.50,2864.00,2867.65,6189,0
BAJAJ-AUTO,20190916,10:45,2867.55,2870.75,2867.55,2870.70,1434,0
BAJAJ-AUTO,20190916,10:46,2871.75,2872.90,2871.35,2871.35,702,0
BAJAJ-AUTO,20190916,10:47,2872.40,2874.50,2871.95,2874.50,2916,0
BAJAJ-AUTO,20190916,10:48,2873.35,2875.85,2873.35,2874.95,1200,0
BAJAJ-AUTO,20190916,10:49,2873.40,2877.25,2873.20,2877.20,1258,0
BAJAJ-AUTO,20190916,10:50,2878.00,2878.00,2876.45,2876.45,970,0
BAJAJ-AUTO,20190916,10:51,2876.55,2877.95,2876.55,2876.75,321,0
BAJAJ-AUTO,20190916,10:52,2877.00,2877.00,2875.35,2876.40,296,0
BAJAJ-AUTO,20190916,10:53,2876.40,2877.00,2875.50,2875.50,572,0
BAJAJ-AUTO,20190916,10:54,2876.50,2878.00,2876.50,2877.95,1825,0
BAJAJ-AUTO,20190916,10:55,2878.00,2879.00,2877.95,2877.95,517,0
BAJAJ-AUTO,20190916,10:56,2877.60,2878.00,2875.60,2876.30,176,0
BAJAJ-AUTO,20190916,10:57,2876.90,2877.85,2876.30,2877.85,148,0
BAJAJ-AUTO,20190916,10:58,2877.85,2882.00,2876.85,2880.05,4955,0
BAJAJ-AUTO,20190916,10:59,2880.05,2880.05,2877.45,2879.25,2011,0
BAJAJ-AUTO,20190916,11:00,2878.05,2879.40,2878.05,2879.40,488,0
BAJAJ-AUTO,20190916,11:01,2879.40,2882.00,2879.40,2881.80,646,0
BAJAJ-AUTO,20190916,11:02,2881.50,2884.00,2878.90,2879.70,2742,0
BAJAJ-AUTO,20190916,11:03,2880.45,2884.95,2879.80,2880.95,1579,0
BAJAJ-AUTO,20190916,11:04,2882.50,2883.00,2881.05,2882.45,518,0
BAJAJ-AUTO,20190916,11:05,2882.00,2884.00,2882.00,2883.00,984,0
BAJAJ-AUTO,20190916,11:06,2884.00,2884.00,2881.50,2881.50,1167,0
BAJAJ-AUTO,20190916,11:07,2881.95,2882.95,2881.95,2881.95,525,0
BAJAJ-AUTO,20190916,11:08,2882.30,2883.90,2881.00,2881.00,1295,0
BAJAJ-AUTO,20190916,11:09,2881.65,2883.50,2881.00,2883.50,641,0
BAJAJ-AUTO,20190916,11:10,2883.50,2884.00,2881.35,2884.00,503,0
BAJAJ-AUTO,20190916,11:11,2882.25,2883.20,2881.00,2881.20,215,0
BAJAJ-AUTO,20190916,11:12,2883.10,2883.10,2882.00,2882.45,578,0
BAJAJ-AUTO,20190916,11:13,2882.50,2882.85,2879.95,2879.95,1638,0
BAJAJ-AUTO,20190916,11:14,2877.40,2880.05,2875.55,2878.15,1179,0
BAJAJ-AUTO,20190916,11:15,2878.15,2878.15,2876.30,2877.00,256,0
BAJAJ-AUTO,20190916,11:16,2877.85,2877.85,2876.00,2876.75,145,0
BAJAJ-AUTO,20190916,11:17,2876.75,2877.00,2876.00,2877.00,610,0
BAJAJ-AUTO,20190916,11:18,2878.15,2882.00,2878.15,2880.50,1069,0
BAJAJ-AUTO,20190916,11:19,2881.50,2881.95,2879.20,2879.20,264,0
BAJAJ-AUTO,20190916,11:20,2878.95,2880.00,2877.65,2880.00,316,0
BAJAJ-AUTO,20190916,11:21,2880.20,2880.70,2878.65,2878.65,412,0
BAJAJ-AUTO,20190916,11:22,2879.50,2880.70,2878.15,2878.15,346,0
BAJAJ-AUTO,20190916,11:23,2879.20,2880.50,2877.65,2880.50,417,0
BAJAJ-AUTO,20190916,11:24,2880.45,2882.00,2880.45,2882.00,821,0
BAJAJ-AUTO,20190916,11:25,2882.50,2883.50,2882.05,2882.05,784,0
BAJAJ-AUTO,20190916,11:26,2882.05,2882.70,2880.00,2880.55,78,0
BAJAJ-AUTO,20190916,11:27,2881.35,2881.35,2880.25,2880.25,36,0
BAJAJ-AUTO,20190916,11:28,2880.75,2881.35,2880.25,2880.60,292,0
BAJAJ-AUTO,20190916,11:29,2880.60,2880.60,2879.15,2879.15,96,0
BAJAJ-AUTO,20190916,11:30,2879.95,2881.35,2879.30,2881.35,544,0
BAJAJ-AUTO,20190916,11:31,2881.35,2881.95,2881.10,2881.90,319,0
BAJAJ-AUTO,20190916,11:32,2881.90,2883.50,2880.35,2883.50,575,0
BAJAJ-AUTO,20190916,11:33,2883.50,2883.90,2882.05,2883.50,1559,0
BAJAJ-AUTO,20190916,11:34,2882.05,2883.50,2882.00,2883.50,493,0
BAJAJ-AUTO,20190916,11:35,2883.50,2884.00,2883.50,2883.95,588,0
BAJAJ-AUTO,20190916,11:36,2883.65,2884.00,2882.35,2884.00,539,0
BAJAJ-AUTO,20190916,11:37,2883.20,2884.00,2882.65,2884.00,148,0
BAJAJ-AUTO,20190916,11:38,2885.30,2887.70,2885.30,2886.90,4875,0
BAJAJ-AUTO,20190916,11:39,2881.35,2881.35,2879.30,2879.70,6400,0
BAJAJ-AUTO,20190916,11:40,2879.45,2880.70,2879.45,2880.65,821,0
BAJAJ-AUTO,20190916,11:41,2880.65,2880.65,2880.30,2880.35,206,0
BAJAJ-AUTO,20190916,11:42,2880.35,2882.95,2880.00,2881.00,777,0
BAJAJ-AUTO,20190916,11:43,2882.60,2883.90,2878.70,2879.35,1003,0
BAJAJ-AUTO,20190916,11:44,2879.30,2879.70,2878.55,2879.70,144,0
BAJAJ-AUTO,20190916,11:45,2879.10,2879.10,2875.00,2875.50,1936,0
BAJAJ-AUTO,20190916,11:46,2875.50,2875.50,2874.05,2874.50,681,0
BAJAJ-AUTO,20190916,11:47,2874.50,2875.50,2873.05,2875.00,586,0
BAJAJ-AUTO,20190916,11:48,2875.45,2875.50,2875.45,2875.50,363,0
BAJAJ-AUTO,20190916,11:49,2875.35,2877.95,2875.35,2876.90,589,0
BAJAJ-AUTO,20190916,11:50,2876.85,2878.55,2876.85,2876.85,102,0
BAJAJ-AUTO,20190916,11:51,2876.85,2877.50,2875.55,2875.95,1031,0
BAJAJ-AUTO,20190916,11:52,2875.50,2875.65,2875.00,2875.25,234,0
BAJAJ-AUTO,20190916,11:53,2875.25,2875.40,2874.55,2874.60,590,0
BAJAJ-AUTO,20190916,11:54,2874.50,2876.70,2874.50,2876.60,445,0
BAJAJ-AUTO,20190916,11:55,2876.50,2876.60,2876.50,2876.60,33,0
BAJAJ-AUTO,20190916,11:56,2876.60,2877.35,2876.60,2876.80,168,0
BAJAJ-AUTO,20190916,11:57,2876.80,2876.80,2870.40,2872.35,1898,0
BAJAJ-AUTO,20190916,11:58,2871.95,2872.15,2870.00,2870.50,1726,0
BAJAJ-AUTO,20190916,11:59,2870.10,2870.50,2870.00,2870.25,1005,0
BAJAJ-AUTO,20190916,12:00,2870.00,2871.00,2870.00,2871.00,370,0
BAJAJ-AUTO,20190916,12:01,2871.00,2871.00,2870.05,2870.60,433,0
BAJAJ-AUTO,20190916,12:02,2870.00,2872.40,2870.00,2872.05,1186,0
BAJAJ-AUTO,20190916,12:03,2872.05,2872.05,2870.85,2872.00,209,0
BAJAJ-AUTO,20190916,12:04,2870.90,2870.90,2870.00,2870.65,452,0
BAJAJ-AUTO,20190916,12:05,2870.00,2870.90,2870.00,2870.75,258,0
BAJAJ-AUTO,20190916,12:06,2870.90,2870.90,2870.00,2870.00,1014,0
BAJAJ-AUTO,20190916,12:07,2870.00,2870.25,2870.00,2870.25,796,0
BAJAJ-AUTO,20190916,12:08,2870.00,2870.50,2870.00,2870.50,388,0
BAJAJ-AUTO,20190916,12:09,2870.50,2870.75,2870.50,2870.75,291,0
BAJAJ-AUTO,20190916,12:10,2870.75,2870.90,2870.00,2870.00,868,0
BAJAJ-AUTO,20190916,12:11,2870.45,2870.45,2870.00,2870.45,1216,0
BAJAJ-AUTO,20190916,12:12,2870.45,2871.70,2870.25,2870.50,221,0
BAJAJ-AUTO,20190916,12:13,2870.50,2872.45,2870.45,2872.45,111,0
BAJAJ-AUTO,20190916,12:14,2872.85,2872.85,2870.35,2870.60,51,0
BAJAJ-AUTO,20190916,12:15,2871.65,2871.65,2870.40,2871.00,220,0
BAJAJ-AUTO,20190916,12:16,2871.00,2871.65,2870.45,2871.00,105,0
BAJAJ-AUTO,20190916,12:17,2871.65,2872.50,2871.00,2872.00,95,0
BAJAJ-AUTO,20190916,12:18,2871.25,2872.00,2870.95,2871.85,2156,0
BAJAJ-AUTO,20190916,12:19,2870.90,2871.85,2870.60,2871.25,204,0
BAJAJ-AUTO,20190916,12:20,2871.25,2871.70,2871.00,2871.40,22,0
BAJAJ-AUTO,20190916,12:21,2870.60,2871.30,2865.45,2865.45,2592,0
BAJAJ-AUTO,20190916,12:22,2865.40,2865.40,2864.20,2864.45,1354,0
BAJAJ-AUTO,20190916,12:23,2864.20,2865.55,2862.45,2863.65,1308,0
BAJAJ-AUTO,20190916,12:24,2864.60,2867.20,2864.35,2866.10,214,0
BAJAJ-AUTO,20190916,12:25,2867.15,2867.15,2864.05,2866.00,423,0
BAJAJ-AUTO,20190916,12:26,2866.00,2868.50,2863.75,2867.55,794,0
BAJAJ-AUTO,20190916,12:27,2867.55,2869.40,2866.05,2868.20,585,0
BAJAJ-AUTO,20190916,12:28,2867.55,2867.55,2865.00,2865.00,463,0
BAJAJ-AUTO,20190916,12:29,2864.90,2864.90,2860.10,2861.40,1350,0
BAJAJ-AUTO,20190916,12:30,2861.95,2863.70,2861.30,2862.65,1502,0
BAJAJ-AUTO,20190916,12:31,2862.05,2862.05,2860.00,2861.40,926,0
BAJAJ-AUTO,20190916,12:32,2861.40,2863.55,2860.50,2862.90,428,0
BAJAJ-AUTO,20190916,12:33,2862.65,2865.00,2862.65,2864.65,369,0
BAJAJ-AUTO,20190916,12:34,2863.10,2864.95,2862.05,2862.05,333,0
BAJAJ-AUTO,20190916,12:35,2862.05,2864.65,2862.05,2864.10,91,0
BAJAJ-AUTO,20190916,12:36,2863.50,2864.90,2863.50,2864.90,147,0
BAJAJ-AUTO,20190916,12:37,2864.85,2867.00,2864.85,2867.00,1356,0
BAJAJ-AUTO,20190916,12:38,2867.45,2868.00,2867.00,2867.00,106,0
BAJAJ-AUTO,20190916,12:39,2866.95,2867.95,2866.50,2867.05,72,0
BAJAJ-AUTO,20190916,12:40,2867.10,2868.00,2865.65,2866.40,116,0
BAJAJ-AUTO,20190916,12:41,2866.40,2868.00,2866.30,2867.50,120,0
BAJAJ-AUTO,20190916,12:42,2867.50,2868.90,2867.30,2867.75,326,0
BAJAJ-AUTO,20190916,12:43,2867.65,2871.00,2867.65,2870.40,379,0
BAJAJ-AUTO,20190916,12:44,2870.30,2871.00,2870.00,2871.00,189,0
BAJAJ-AUTO,20190916,12:45,2870.50,2871.00,2868.35,2868.35,161,0
BAJAJ-AUTO,20190916,12:46,2869.15,2870.15,2867.85,2869.65,155,0
BAJAJ-AUTO,20190916,12:47,2867.95,2867.95,2864.70,2865.75,921,0
BAJAJ-AUTO,20190916,12:48,2867.35,2868.80,2864.75,2868.45,193,0
BAJAJ-AUTO,20190916,12:49,2868.35,2869.00,2868.35,2869.00,21,0
BAJAJ-AUTO,20190916,12:50,2868.45,2868.45,2866.60,2867.25,86,0
BAJAJ-AUTO,20190916,12:51,2867.15,2868.45,2866.10,2867.35,91,0
BAJAJ-AUTO,20190916,12:52,2866.80,2866.80,2865.00,2866.75,807,0
BAJAJ-AUTO,20190916,12:53,2867.80,2868.95,2863.55,2865.10,178,0
BAJAJ-AUTO,20190916,12:54,2865.05,2867.00,2864.20,2866.15,198,0
BAJAJ-AUTO,20190916,12:55,2866.25,2866.25,2863.50,2864.25,145,0
BAJAJ-AUTO,20190916,12:56,2863.50,2865.00,2863.50,2865.00,93,0
BAJAJ-AUTO,20190916,12:57,2864.75,2864.95,2860.15,2861.80,1064,0
BAJAJ-AUTO,20190916,12:58,2861.80,2862.95,2860.10,2862.95,104,0
BAJAJ-AUTO,20190916,12:59,2862.25,2862.45,2860.10,2862.00,84,0
BAJAJ-AUTO,20190916,13:00,2862.00,2863.00,2861.90,2861.90,232,0
BAJAJ-AUTO,20190916,13:01,2862.90,2862.95,2862.00,2862.20,281,0
BAJAJ-AUTO,20190916,13:02,2861.90,2862.60,2861.90,2862.05,206,0
BAJAJ-AUTO,20190916,13:03,2861.00,2862.25,2860.10,2861.10,686,0
BAJAJ-AUTO,20190916,13:04,2861.05,2862.90,2860.25,2861.95,361,0
BAJAJ-AUTO,20190916,13:05,2861.95,2862.00,2861.00,2861.85,129,0
BAJAJ-AUTO,20190916,13:06,2861.85,2861.85,2859.95,2860.35,2103,0
BAJAJ-AUTO,20190916,13:07,2860.35,2860.80,2858.10,2858.60,461,0
BAJAJ-AUTO,20190916,13:08,2859.00,2862.05,2859.00,2860.95,1797,0
BAJAJ-AUTO,20190916,13:09,2860.95,2861.80,2860.30,2860.80,291,0
BAJAJ-AUTO,20190916,13:10,2858.65,2860.70,2858.65,2860.65,262,0
BAJAJ-AUTO,20190916,13:11,2860.75,2862.80,2859.70,2860.75,304,0
BAJAJ-AUTO,20190916,13:12,2859.00,2862.00,2859.00,2862.00,4425,0
BAJAJ-AUTO,20190916,13:13,2860.50,2861.50,2860.50,2861.00,138,0
BAJAJ-AUTO,20190916,13:14,2860.50,2860.50,2859.05,2860.00,153,0
BAJAJ-AUTO,20190916,13:15,2860.00,2861.45,2860.00,2860.00,281,0
BAJAJ-AUTO,20190916,13:16,2860.00,2860.00,2858.00,2859.25,613,0
BAJAJ-AUTO,20190916,13:17,2858.00,2858.00,2853.65,2853.65,982,0
BAJAJ-AUTO,20190916,13:18,2854.95,2857.00,2854.85,2855.75,888,0
BAJAJ-AUTO,20190916,13:19,2855.65,2857.00,2855.15,2857.00,337,0
BAJAJ-AUTO,20190916,13:20,2855.95,2855.95,2852.50,2852.50,678,0
BAJAJ-AUTO,20190916,13:21,2852.50,2854.00,2851.00,2853.40,875,0
BAJAJ-AUTO,20190916,13:22,2853.00,2855.00,2853.00,2854.50,1437,0
BAJAJ-AUTO,20190916,13:23,2854.50,2856.00,2853.95,2856.00,328,0
BAJAJ-AUTO,20190916,13:24,2856.30,2859.45,2856.30,2856.80,219,0
BAJAJ-AUTO,20190916,13:25,2856.00,2856.00,2852.50,2852.50,902,0
BAJAJ-AUTO,20190916,13:26,2852.50,2854.00,2852.00,2854.00,551,0
BAJAJ-AUTO,20190916,13:27,2853.00,2854.80,2853.00,2854.80,413,0
BAJAJ-AUTO,20190916,13:28,2853.00,2855.00,2853.00,2854.95,290,0
BAJAJ-AUTO,20190916,13:29,2855.00,2856.00,2854.85,2856.00,250,0
BAJAJ-AUTO,20190916,13:30,2856.00,2856.50,2854.50,2856.05,346,0
BAJAJ-AUTO,20190916,13:31,2855.70,2856.50,2855.00,2855.00,130,0
BAJAJ-AUTO,20190916,13:32,2855.00,2857.00,2855.00,2856.95,450,0
BAJAJ-AUTO,20190916,13:33,2856.95,2858.00,2856.40,2858.00,778,0
BAJAJ-AUTO,20190916,13:34,2858.00,2858.95,2858.00,2858.50,494,0
BAJAJ-AUTO,20190916,13:35,2860.00,2861.50,2859.50,2860.00,2658,0
BAJAJ-AUTO,20190916,13:36,2860.50,2861.00,2860.00,2860.50,857,0
BAJAJ-AUTO,20190916,13:37,2860.00,2862.80,2860.00,2862.80,347,0
BAJAJ-AUTO,20190916,13:38,2862.80,2862.80,2860.60,2860.60,346,0
BAJAJ-AUTO,20190916,13:39,2861.45,2863.00,2860.70,2863.00,555,0
BAJAJ-AUTO,20190916,13:40,2863.00,2863.00,2862.00,2862.00,106,0
BAJAJ-AUTO,20190916,13:41,2863.00,2864.65,2862.50,2864.40,384,0
BAJAJ-AUTO,20190916,13:42,2863.95,2864.45,2863.10,2864.00,161,0
BAJAJ-AUTO,20190916,13:43,2864.00,2864.45,2862.75,2862.75,675,0
BAJAJ-AUTO,20190916,13:44,2864.30,2865.00,2864.00,2864.00,317,0
BAJAJ-AUTO,20190916,13:45,2865.00,2866.00,2863.30,2866.00,781,0
BAJAJ-AUTO,20190916,13:46,2865.75,2866.00,2863.05,2863.45,417,0
BAJAJ-AUTO,20190916,13:47,2863.20,2864.00,2860.45,2863.15,146,0
BAJAJ-AUTO,20190916,13:48,2863.25,2863.45,2861.35,2862.95,136,0
BAJAJ-AUTO,20190916,13:49,2863.00,2864.30,2861.85,2864.30,185,0
BAJAJ-AUTO,20190916,13:50,2864.00,2864.00,2860.05,2861.95,457,0
BAJAJ-AUTO,20190916,13:51,2860.55,2862.00,2860.00,2862.00,305,0
BAJAJ-AUTO,20190916,13:52,2862.00,2862.00,2860.90,2861.90,117,0
BAJAJ-AUTO,20190916,13:53,2861.90,2862.95,2860.15,2861.45,335,0
BAJAJ-AUTO,20190916,13:54,2862.75,2863.00,2861.30,2862.90,139,0
BAJAJ-AUTO,20190916,13:55,2862.95,2864.75,2862.85,2864.45,175,0
BAJAJ-AUTO,20190916,13:56,2864.95,2865.00,2861.40,2863.40,469,0
BAJAJ-AUTO,20190916,13:57,2863.45,2863.60,2860.85,2862.00,186,0
BAJAJ-AUTO,20190916,13:58,2861.00,2863.50,2861.00,2863.40,103,0
BAJAJ-AUTO,20190916,13:59,2864.25,2865.00,2863.50,2863.55,81,0
BAJAJ-AUTO,20190916,14:00,2863.95,2865.50,2863.75,2865.00,264,0
BAJAJ-AUTO,20190916,14:01,2865.00,2865.75,2864.90,2865.50,151,0
BAJAJ-AUTO,20190916,14:02,2865.75,2866.80,2864.40,2865.50,183,0
BAJAJ-AUTO,20190916,14:03,2865.50,2865.50,2863.45,2863.45,425,0
BAJAJ-AUTO,20190916,14:04,2863.45,2863.95,2863.00,2863.00,95,0
BAJAJ-AUTO,20190916,14:05,2863.30,2863.90,2862.55,2863.85,169,0
BAJAJ-AUTO,20190916,14:06,2863.85,2864.35,2862.90,2864.35,905,0
BAJAJ-AUTO,20190916,14:07,2864.35,2864.70,2862.40,2864.50,155,0
BAJAJ-AUTO,20190916,14:08,2864.50,2864.50,2863.50,2864.05,141,0
BAJAJ-AUTO,20190916,14:09,2864.35,2864.35,2863.50,2863.50,135,0
BAJAJ-AUTO,20190916,14:10,2864.00,2864.00,2862.40,2863.25,179,0
BAJAJ-AUTO,20190916,14:11,2863.25,2863.25,2860.50,2862.25,294,0
BAJAJ-AUTO,20190916,14:12,2861.25,2862.65,2861.25,2861.45,16,0
BAJAJ-AUTO,20190916,14:13,2860.70,2862.65,2860.65,2862.65,75,0
BAJAJ-AUTO,20190916,14:14,2862.35,2864.00,2862.35,2862.50,340,0
BAJAJ-AUTO,20190916,14:15,2862.50,2862.50,2860.80,2860.80,482,0
BAJAJ-AUTO,20190916,14:16,2861.50,2862.30,2860.00,2862.25,330,0
BAJAJ-AUTO,20190916,14:17,2863.00,2863.00,2861.90,2861.90,62,0
BAJAJ-AUTO,20190916,14:18,2861.75,2863.00,2860.00,2863.00,459,0
BAJAJ-AUTO,20190916,14:19,2862.70,2862.70,2861.00,2862.65,119,0
BAJAJ-AUTO,20190916,14:20,2861.30,2862.00,2860.00,2862.00,96,0
BAJAJ-AUTO,20190916,14:21,2860.10,2861.75,2860.10,2860.50,41,0
BAJAJ-AUTO,20190916,14:22,2860.95,2861.45,2860.50,2861.45,101,0
BAJAJ-AUTO,20190916,14:23,2860.50,2862.00,2860.50,2861.50,571,0
BAJAJ-AUTO,20190916,14:24,2861.90,2861.90,2860.50,2860.50,92,0
BAJAJ-AUTO,20190916,14:25,2861.00,2861.00,2860.50,2860.95,68,0
BAJAJ-AUTO,20190916,14:26,2860.50,2861.00,2860.05,2860.25,480,0
BAJAJ-AUTO,20190916,14:27,2861.00,2861.00,2861.00,2861.00,88,0
BAJAJ-AUTO,20190916,14:28,2860.05,2862.20,2860.05,2862.20,172,0
BAJAJ-AUTO,20190916,14:29,2861.80,2862.00,2861.80,2862.00,12,0
BAJAJ-AUTO,20190916,14:30,2862.00,2864.00,2862.00,2864.00,437,0
BAJAJ-AUTO,20190916,14:31,2864.50,2867.90,2862.90,2867.90,1015,0
BAJAJ-AUTO,20190916,14:32,2867.80,2867.90,2864.00,2865.95,526,0
BAJAJ-AUTO,20190916,14:33,2865.25,2865.25,2861.25,2864.80,216,0
BAJAJ-AUTO,20190916,14:34,2864.50,2868.10,2864.50,2868.10,427,0
BAJAJ-AUTO,20190916,14:35,2868.10,2868.50,2865.95,2866.00,766,0
BAJAJ-AUTO,20190916,14:36,2866.00,2867.40,2864.90,2865.60,415,0
BAJAJ-AUTO,20190916,14:37,2864.90,2865.90,2863.80,2865.90,440,0
BAJAJ-AUTO,20190916,14:38,2864.20,2864.20,2862.00,2862.00,121,0
BAJAJ-AUTO,20190916,14:39,2863.50,2864.85,2862.80,2863.65,230,0
BAJAJ-AUTO,20190916,14:40,2862.75,2864.80,2862.75,2864.40,315,0
BAJAJ-AUTO,20190916,14:41,2862.75,2864.60,2862.75,2864.55,28,0
BAJAJ-AUTO,20190916,14:42,2863.10,2864.00,2862.75,2863.50,208,0
BAJAJ-AUTO,20190916,14:43,2863.50,2863.50,2863.45,2863.45,12,0
BAJAJ-AUTO,20190916,14:44,2862.80,2862.95,2862.00,2862.55,491,0
BAJAJ-AUTO,20190916,14:45,2863.00,2864.00,2862.95,2863.00,1444,0
BAJAJ-AUTO,20190916,14:46,2863.00,2863.20,2862.25,2863.20,150,0
BAJAJ-AUTO,20190916,14:47,2862.95,2862.95,2862.00,2862.75,77,0
BAJAJ-AUTO,20190916,14:48,2862.75,2862.75,2860.05,2861.25,477,0
BAJAJ-AUTO,20190916,14:49,2861.25,2863.00,2860.95,2863.00,295,0
BAJAJ-AUTO,20190916,14:50,2863.00,2863.75,2862.50,2863.75,182,0
BAJAJ-AUTO,20190916,14:51,2863.80,2863.80,2862.25,2863.80,182,0
BAJAJ-AUTO,20190916,14:52,2863.05,2863.50,2862.75,2862.75,748,0
BAJAJ-AUTO,20190916,14:53,2863.00,2863.00,2860.50,2861.50,1608,0
BAJAJ-AUTO,20190916,14:54,2860.50,2861.15,2860.45,2860.45,394,0
BAJAJ-AUTO,20190916,14:55,2860.45,2861.05,2860.45,2860.50,275,0
BAJAJ-AUTO,20190916,14:56,2861.05,2861.05,2860.00,2860.00,371,0
BAJAJ-AUTO,20190916,14:57,2860.00,2860.15,2859.45,2859.55,564,0
BAJAJ-AUTO,20190916,14:58,2859.90,2863.00,2859.90,2861.50,1042,0
BAJAJ-AUTO,20190916,14:59,2861.95,2863.50,2861.50,2863.50,53,0
BAJAJ-AUTO,20190916,15:00,2863.50,2864.00,2863.50,2864.00,108,0
BAJAJ-AUTO,20190916,15:01,2864.00,2870.00,2864.00,2869.70,2264,0
BAJAJ-AUTO,20190916,15:02,2869.90,2872.50,2869.90,2872.10,2299,0
BAJAJ-AUTO,20190916,15:03,2872.25,2873.95,2872.00,2873.50,1254,0
BAJAJ-AUTO,20190916,15:04,2873.60,2873.85,2873.60,2873.85,970,0
BAJAJ-AUTO,20190916,15:05,2873.65,2874.00,2873.65,2873.85,1722,0
BAJAJ-AUTO,20190916,15:06,2872.00,2873.95,2872.00,2872.20,1522,0
BAJAJ-AUTO,20190916,15:07,2872.75,2874.00,2872.20,2874.00,1045,0
BAJAJ-AUTO,20190916,15:08,2874.00,2875.25,2874.00,2875.00,975,0
BAJAJ-AUTO,20190916,15:09,2875.00,2877.00,2875.00,2876.75,1529,0
BAJAJ-AUTO,20190916,15:10,2876.75,2879.00,2876.75,2878.30,539,0
BAJAJ-AUTO,20190916,15:11,2878.30,2878.60,2875.70,2875.70,1806,0
BAJAJ-AUTO,20190916,15:12,2875.70,2878.70,2875.70,2877.50,1955,0
BAJAJ-AUTO,20190916,15:13,2877.50,2878.50,2876.90,2876.90,1729,0
BAJAJ-AUTO,20190916,15:14,2876.75,2877.00,2876.65,2876.95,587,0
BAJAJ-AUTO,20190916,15:15,2877.15,2878.30,2875.00,2876.00,2059,0
BAJAJ-AUTO,20190916,15:16,2877.30,2877.30,2875.00,2876.00,2442,0
BAJAJ-AUTO,20190916,15:17,2875.15,2877.40,2875.15,2876.40,1377,0
BAJAJ-AUTO,20190916,15:18,2876.40,2876.90,2876.30,2876.90,680,0
BAJAJ-AUTO,20190916,15:19,2876.90,2876.90,2871.15,2871.15,3336,0
BAJAJ-AUTO,20190916,15:20,2870.85,2874.90,2870.00,2874.80,2701,0
BAJAJ-AUTO,20190916,15:21,2874.10,2875.80,2873.85,2874.05,2271,0
BAJAJ-AUTO,20190916,15:22,2874.10,2874.90,2872.90,2873.00,1154,0
BAJAJ-AUTO,20190916,15:23,2872.80,2873.00,2871.50,2871.95,1188,0
BAJAJ-AUTO,20190916,15:24,2872.00,2874.90,2871.75,2874.50,1878,0
BAJAJ-AUTO,20190916,15:25,2874.50,2876.35,2874.50,2875.85,1666,0
BAJAJ-AUTO,20190916,15:26,2873.20,2874.90,2872.50,2874.00,1893,0
BAJAJ-AUTO,20190916,15:27,2873.95,2873.95,2872.90,2873.25,1407,0
BAJAJ-AUTO,20190916,15:28,2873.20,2874.85,2871.80,2873.95,1489,0
BAJAJ-AUTO,20190916,15:29,2872.00,2875.80,2871.70,2873.00,901,0
BAJAJ-AUTO,20190916,15:30,2873.00,2878.00,2870.00,2878.00,616,0
BAJAJ-AUTO,20190916,15:33,2874.45,2874.45,2874.45,2874.45,0,0
BAJAJ-AUTO,20190916,15:42,2874.45,2874.45,2874.45,2874.45,10,0
BAJAJ-AUTO,20190916,16:38,2874.45,2874.45,2874.45,2874.45,0,0
