POWERGRID_F1,20181129,09:16,184.00,184.00,184.00,184.00,4000,0
POWERGRID_F1,20181129,09:17,184.75,184.75,183.95,184.70,88000,11352000
POWERGRID_F1,20181129,09:18,185.50,186.35,185.50,186.30,100000,11352000
POWERGRID_F1,20181129,09:19,186.85,187.50,186.80,187.50,148000,11408000
POWERGRID_F1,20181129,09:20,187.30,187.95,187.30,187.30,184000,11408000
POWERGRID_F1,20181129,09:21,187.30,187.65,187.30,187.60,132000,11408000
POWERGRID_F1,20181129,09:22,187.90,188.00,187.70,187.70,140000,11600000
POWERGRID_F1,20181129,09:23,187.30,187.30,187.00,187.05,100000,11600000
POWERGRID_F1,20181129,09:24,187.20,187.25,187.05,187.15,28000,11600000
POWERGRID_F1,20181129,09:25,187.20,187.20,187.15,187.15,60000,11696000
POWERGRID_F1,20181129,09:26,187.40,187.60,187.40,187.60,48000,11696000
POWERGRID_F1,20181129,09:27,187.55,187.55,187.40,187.40,40000,11696000
POWERGRID_F1,20181129,09:28,187.55,187.55,187.45,187.50,36000,11728000
POWERGRID_F1,20181129,09:29,187.50,187.55,187.20,187.20,48000,11728000
POWERGRID_F1,20181129,09:30,186.75,187.05,186.75,186.80,52000,11728000
POWERGRID_F1,20181129,09:31,187.00,187.00,186.85,186.85,68000,11756000
POWERGRID_F1,20181129,09:32,186.80,187.00,186.80,186.90,20000,11756000
POWERGRID_F1,20181129,09:33,187.00,187.20,186.70,186.70,84000,11756000
POWERGRID_F1,20181129,09:34,186.70,186.75,186.55,186.55,36000,11728000
POWERGRID_F1,20181129,09:35,186.60,186.70,186.45,186.45,72000,11728000
POWERGRID_F1,20181129,09:36,186.50,186.50,186.20,186.40,68000,11728000
POWERGRID_F1,20181129,09:37,186.75,186.75,186.55,186.55,48000,11760000
POWERGRID_F1,20181129,09:38,186.75,187.05,186.75,187.05,32000,11760000
POWERGRID_F1,20181129,09:39,186.85,187.00,186.65,186.65,52000,11760000
POWERGRID_F1,20181129,09:40,187.05,187.05,186.55,186.55,64000,11808000
POWERGRID_F1,20181129,09:41,186.90,186.90,186.70,186.70,20000,11808000
POWERGRID_F1,20181129,09:42,186.90,187.20,186.90,187.20,80000,11808000
POWERGRID_F1,20181129,09:43,187.20,187.20,187.20,187.20,4000,11808000
POWERGRID_F1,20181129,09:44,187.20,187.20,187.10,187.20,56000,11828000
POWERGRID_F1,20181129,09:45,187.30,187.30,187.30,187.30,4000,11828000
POWERGRID_F1,20181129,09:46,187.30,187.30,187.30,187.30,4000,11844000
POWERGRID_F1,20181129,09:47,187.50,187.60,187.35,187.60,76000,11844000
POWERGRID_F1,20181129,09:48,187.60,187.60,187.40,187.40,28000,11844000
POWERGRID_F1,20181129,09:49,187.30,187.55,187.30,187.55,24000,11872000
POWERGRID_F1,20181129,09:50,187.50,187.50,187.50,187.50,4000,11872000
POWERGRID_F1,20181129,09:51,187.20,187.20,187.20,187.20,40000,11872000
POWERGRID_F1,20181129,09:52,187.20,187.20,187.20,187.20,32000,11900000
POWERGRID_F1,20181129,09:53,187.40,187.40,187.40,187.40,12000,11900000
POWERGRID_F1,20181129,09:54,187.40,187.40,187.40,187.40,4000,11900000
POWERGRID_F1,20181129,09:56,187.40,187.40,187.40,187.40,44000,11912000
POWERGRID_F1,20181129,09:57,187.40,187.40,187.40,187.40,4000,11912000
POWERGRID_F1,20181129,09:58,187.15,187.15,186.70,186.80,88000,11972000
POWERGRID_F1,20181129,09:59,186.90,186.95,186.90,186.95,8000,11972000
POWERGRID_F1,20181129,10:00,187.00,187.10,187.00,187.10,8000,11972000
POWERGRID_F1,20181129,10:01,187.30,187.40,187.25,187.40,24000,11988000
POWERGRID_F1,20181129,10:02,187.50,187.50,187.50,187.50,12000,11988000
POWERGRID_F1,20181129,10:03,187.50,187.60,187.50,187.60,16000,11988000
POWERGRID_F1,20181129,10:04,187.55,187.80,187.55,187.70,92000,12032000
POWERGRID_F1,20181129,10:05,187.65,187.65,187.50,187.50,24000,12032000
POWERGRID_F1,20181129,10:06,187.35,187.35,187.35,187.35,4000,12032000
POWERGRID_F1,20181129,10:07,187.30,187.30,187.10,187.15,24000,12044000
POWERGRID_F1,20181129,10:09,187.00,187.25,187.00,187.25,16000,12044000
POWERGRID_F1,20181129,10:10,187.25,187.25,187.25,187.25,4000,12056000
POWERGRID_F1,20181129,10:11,187.45,187.55,187.45,187.45,16000,12056000
POWERGRID_F1,20181129,10:12,187.45,187.45,187.45,187.45,4000,12056000
POWERGRID_F1,20181129,10:13,187.10,187.10,187.10,187.10,12000,12056000
POWERGRID_F1,20181129,10:14,187.10,187.10,186.90,186.90,28000,12060000
POWERGRID_F1,20181129,10:15,186.85,186.85,186.65,186.65,72000,12060000
POWERGRID_F1,20181129,10:16,186.70,186.70,186.70,186.70,4000,12060000
POWERGRID_F1,20181129,10:17,186.60,186.65,186.60,186.65,24000,12088000
POWERGRID_F1,20181129,10:18,186.60,186.70,186.60,186.70,8000,12088000
POWERGRID_F1,20181129,10:19,186.65,186.65,186.65,186.65,36000,12096000
POWERGRID_F1,20181129,10:20,186.75,186.75,186.75,186.75,8000,12096000
POWERGRID_F1,20181129,10:21,186.75,186.75,186.75,186.75,8000,12096000
POWERGRID_F1,20181129,10:23,186.70,186.70,186.55,186.55,20000,12120000
POWERGRID_F1,20181129,10:24,186.80,186.80,186.80,186.80,16000,12120000
POWERGRID_F1,20181129,10:25,186.65,186.65,186.60,186.60,8000,12140000
POWERGRID_F1,20181129,10:26,186.60,186.60,186.55,186.55,16000,12140000
POWERGRID_F1,20181129,10:27,186.55,186.55,186.30,186.30,68000,12140000
POWERGRID_F1,20181129,10:28,186.20,186.30,186.20,186.30,12000,12136000
POWERGRID_F1,20181129,10:29,186.45,186.45,186.35,186.35,8000,12136000
POWERGRID_F1,20181129,10:30,186.30,186.40,186.30,186.40,8000,12136000
POWERGRID_F1,20181129,10:31,186.45,186.45,186.45,186.45,12000,12144000
POWERGRID_F1,20181129,10:32,186.55,186.55,186.55,186.55,68000,12144000
POWERGRID_F1,20181129,10:33,186.50,186.60,186.50,186.50,76000,12144000
POWERGRID_F1,20181129,10:34,186.50,186.50,186.35,186.35,104000,12208000
POWERGRID_F1,20181129,10:35,186.20,186.20,186.20,186.20,4000,12208000
POWERGRID_F1,20181129,10:36,186.30,186.30,186.25,186.30,48000,12208000
POWERGRID_F1,20181129,10:37,186.15,186.15,186.15,186.15,12000,12236000
POWERGRID_F1,20181129,10:38,186.25,186.30,186.25,186.30,32000,12236000
POWERGRID_F1,20181129,10:39,186.25,186.25,186.10,186.10,56000,12236000
POWERGRID_F1,20181129,10:40,186.05,186.05,186.00,186.00,28000,12276000
POWERGRID_F1,20181129,10:41,186.10,186.10,185.90,185.95,20000,12276000
POWERGRID_F1,20181129,10:42,185.85,185.85,185.75,185.75,16000,12276000
POWERGRID_F1,20181129,10:43,185.80,185.80,185.50,185.80,176000,12268000
POWERGRID_F1,20181129,10:44,185.85,185.85,185.50,185.50,24000,12268000
POWERGRID_F1,20181129,10:45,185.50,185.60,185.50,185.55,52000,12268000
POWERGRID_F1,20181129,10:46,185.55,185.75,185.55,185.60,52000,12228000
POWERGRID_F1,20181129,10:47,185.75,185.90,185.75,185.75,20000,12228000
POWERGRID_F1,20181129,10:48,185.55,185.55,185.40,185.40,68000,12228000
POWERGRID_F1,20181129,10:49,185.50,185.50,185.35,185.35,20000,12216000
POWERGRID_F1,20181129,10:50,185.40,185.40,185.20,185.20,56000,12216000
POWERGRID_F1,20181129,10:51,185.25,185.25,185.25,185.25,4000,12216000
POWERGRID_F1,20181129,10:52,185.30,185.35,185.30,185.35,8000,12260000
POWERGRID_F1,20181129,10:53,185.35,185.45,185.35,185.45,24000,12260000
POWERGRID_F1,20181129,10:54,185.40,185.40,185.40,185.40,8000,12260000
POWERGRID_F1,20181129,10:55,185.40,185.55,185.40,185.55,28000,12264000
POWERGRID_F1,20181129,10:56,185.40,185.40,185.25,185.25,80000,12264000
POWERGRID_F1,20181129,10:57,185.30,185.30,185.30,185.30,32000,12264000
POWERGRID_F1,20181129,10:58,185.30,185.30,185.20,185.20,64000,12332000
POWERGRID_F1,20181129,10:59,185.15,185.15,185.00,185.00,40000,12332000
POWERGRID_F1,20181129,11:00,185.10,185.10,184.90,184.90,24000,12332000
POWERGRID_F1,20181129,11:01,185.00,185.00,184.80,184.80,32000,12356000
POWERGRID_F1,20181129,11:02,184.85,184.85,184.75,184.75,28000,12356000
POWERGRID_F1,20181129,11:04,184.75,184.80,184.70,184.70,20000,12352000
POWERGRID_F1,20181129,11:05,184.65,184.65,184.65,184.65,52000,12352000
POWERGRID_F1,20181129,11:06,184.80,184.80,184.75,184.75,80000,12352000
POWERGRID_F1,20181129,11:07,184.65,184.65,184.65,184.65,96000,12376000
POWERGRID_F1,20181129,11:08,184.65,184.65,184.60,184.60,28000,12376000
POWERGRID_F1,20181129,11:09,184.60,184.60,184.50,184.50,24000,12376000
POWERGRID_F1,20181129,11:10,184.35,184.35,184.35,184.35,40000,12416000
POWERGRID_F1,20181129,11:11,184.40,184.40,184.40,184.40,28000,12416000
POWERGRID_F1,20181129,11:12,184.40,184.40,184.30,184.30,8000,12416000
POWERGRID_F1,20181129,11:13,184.30,184.30,184.30,184.30,4000,12412000
POWERGRID_F1,20181129,11:14,184.30,184.30,184.30,184.30,4000,12412000
POWERGRID_F1,20181129,11:15,184.20,184.20,184.20,184.20,20000,12412000
POWERGRID_F1,20181129,11:16,184.15,184.20,184.00,184.20,40000,12440000
POWERGRID_F1,20181129,11:17,184.20,184.50,184.20,184.50,12000,12440000
POWERGRID_F1,20181129,11:18,184.65,184.75,184.65,184.75,16000,12440000
POWERGRID_F1,20181129,11:19,184.70,184.70,184.70,184.70,12000,12464000
POWERGRID_F1,20181129,11:20,184.80,184.80,184.75,184.75,160000,12464000
POWERGRID_F1,20181129,11:21,184.70,184.70,184.60,184.60,12000,12464000
POWERGRID_F1,20181129,11:22,184.50,184.50,184.50,184.50,4000,12632000
POWERGRID_F1,20181129,11:23,184.15,184.15,184.00,184.00,36000,12632000
POWERGRID_F1,20181129,11:24,184.05,184.05,183.85,183.85,16000,12632000
POWERGRID_F1,20181129,11:25,184.05,184.20,184.05,184.20,16000,12648000
POWERGRID_F1,20181129,11:26,184.25,184.25,184.05,184.05,20000,12648000
POWERGRID_F1,20181129,11:27,184.05,184.25,184.05,184.25,12000,12648000
POWERGRID_F1,20181129,11:28,184.25,184.25,184.25,184.25,4000,12680000
POWERGRID_F1,20181129,11:30,184.25,184.35,184.25,184.35,16000,12680000
POWERGRID_F1,20181129,11:31,184.25,184.35,184.15,184.15,336000,12700000
POWERGRID_F1,20181129,11:32,184.20,184.25,184.10,184.20,504000,12700000
POWERGRID_F1,20181129,11:33,184.10,184.40,184.10,184.40,128000,12700000
POWERGRID_F1,20181129,11:34,184.45,184.45,184.40,184.40,12000,13548000
POWERGRID_F1,20181129,11:36,184.15,184.15,184.15,184.15,4000,13548000
POWERGRID_F1,20181129,11:37,184.20,184.20,184.20,184.20,4000,13548000
POWERGRID_F1,20181129,11:39,184.20,184.20,184.10,184.10,12000,13560000
POWERGRID_F1,20181129,11:40,184.05,184.15,184.05,184.15,12000,13556000
POWERGRID_F1,20181129,11:41,184.15,184.15,184.15,184.15,8000,13556000
POWERGRID_F1,20181129,11:42,184.20,184.35,184.20,184.35,20000,13556000
POWERGRID_F1,20181129,11:43,184.45,184.50,184.45,184.50,48000,13552000
POWERGRID_F1,20181129,11:44,184.60,184.60,184.60,184.60,16000,13552000
POWERGRID_F1,20181129,11:46,184.60,184.60,184.60,184.60,16000,13552000
POWERGRID_F1,20181129,11:47,184.30,184.30,184.10,184.20,16000,13612000
POWERGRID_F1,20181129,11:48,184.20,184.20,184.20,184.20,8000,13612000
POWERGRID_F1,20181129,11:49,184.20,184.20,184.20,184.20,12000,13612000
POWERGRID_F1,20181129,11:50,184.05,184.05,184.05,184.05,8000,13628000
POWERGRID_F1,20181129,11:51,184.10,184.10,184.00,184.10,16000,13628000
POWERGRID_F1,20181129,11:52,184.10,184.15,184.10,184.15,16000,13628000
POWERGRID_F1,20181129,11:53,184.15,184.15,184.10,184.10,12000,13628000
POWERGRID_F1,20181129,11:55,184.00,184.00,184.00,184.00,8000,13632000
POWERGRID_F1,20181129,11:57,184.00,184.00,184.00,184.00,4000,13632000
POWERGRID_F1,20181129,11:58,184.05,184.05,184.05,184.05,12000,13632000
POWERGRID_F1,20181129,11:59,184.05,184.05,184.00,184.00,8000,13636000
POWERGRID_F1,20181129,12:00,183.95,184.10,183.95,184.10,20000,13636000
POWERGRID_F1,20181129,12:01,184.10,184.10,184.00,184.00,36000,13632000
POWERGRID_F1,20181129,12:03,183.85,183.85,183.85,183.85,4000,13632000
POWERGRID_F1,20181129,12:04,183.90,183.90,183.90,183.90,12000,13656000
POWERGRID_F1,20181129,12:06,184.00,184.00,183.85,183.85,8000,13656000
POWERGRID_F1,20181129,12:07,183.90,183.90,183.80,183.80,12000,13656000
POWERGRID_F1,20181129,12:08,183.80,183.80,183.80,183.80,104000,13656000
POWERGRID_F1,20181129,12:09,183.85,183.90,183.80,183.80,12000,13656000
POWERGRID_F1,20181129,12:11,183.70,183.70,183.45,183.45,12000,13732000
POWERGRID_F1,20181129,12:13,183.60,183.75,183.60,183.75,744000,13744000
POWERGRID_F1,20181129,12:14,184.00,184.00,184.00,184.00,8000,13744000
POWERGRID_F1,20181129,12:15,183.90,184.00,183.85,184.00,20000,13744000
POWERGRID_F1,20181129,12:16,183.85,183.85,183.85,183.85,4000,13744000
POWERGRID_F1,20181129,12:17,184.15,184.30,184.15,184.25,28000,14500000
POWERGRID_F1,20181129,12:18,184.40,184.80,184.40,184.75,32000,14500000
POWERGRID_F1,20181129,12:19,184.75,184.75,184.35,184.35,52000,14532000
POWERGRID_F1,20181129,12:20,184.95,185.10,184.95,185.10,80000,14532000
POWERGRID_F1,20181129,12:21,185.00,185.40,185.00,185.40,28000,14532000
POWERGRID_F1,20181129,12:22,185.40,185.50,185.40,185.50,20000,14580000
POWERGRID_F1,20181129,12:23,185.50,185.50,185.10,185.10,52000,14580000
POWERGRID_F1,20181129,12:24,185.10,185.50,185.10,185.50,56000,14580000
POWERGRID_F1,20181129,12:25,185.50,185.50,185.30,185.30,44000,14664000
POWERGRID_F1,20181129,12:26,185.50,185.50,185.50,185.50,12000,14664000
POWERGRID_F1,20181129,12:27,185.20,185.20,185.20,185.20,48000,14664000
POWERGRID_F1,20181129,12:28,185.55,185.55,185.05,185.05,24000,14704000
POWERGRID_F1,20181129,12:29,185.40,185.45,185.40,185.45,8000,14704000
POWERGRID_F1,20181129,12:30,185.35,185.35,185.35,185.35,12000,14704000
POWERGRID_F1,20181129,12:31,185.30,185.30,185.30,185.30,4000,14720000
POWERGRID_F1,20181129,12:32,185.25,185.25,185.20,185.20,12000,14720000
POWERGRID_F1,20181129,12:33,185.10,185.15,185.10,185.15,56000,14720000
POWERGRID_F1,20181129,12:34,185.15,185.15,185.15,185.15,4000,14756000
POWERGRID_F1,20181129,12:35,184.95,184.95,184.95,184.95,4000,14756000
POWERGRID_F1,20181129,12:36,184.95,184.95,184.95,184.95,8000,14756000
POWERGRID_F1,20181129,12:38,184.95,184.95,184.95,184.95,4000,14756000
POWERGRID_F1,20181129,12:40,184.85,184.85,184.80,184.80,8000,14752000
POWERGRID_F1,20181129,12:41,184.75,184.75,184.75,184.75,4000,14752000
POWERGRID_F1,20181129,12:43,184.90,184.90,184.90,184.90,12000,14752000
POWERGRID_F1,20181129,12:44,184.95,184.95,184.90,184.90,8000,14756000
POWERGRID_F1,20181129,12:46,185.00,185.00,184.85,184.85,32000,14756000
POWERGRID_F1,20181129,12:47,184.70,184.70,184.55,184.55,28000,14756000
POWERGRID_F1,20181129,12:48,184.65,184.65,184.40,184.40,28000,14756000
POWERGRID_F1,20181129,12:49,184.40,184.40,184.40,184.40,32000,14784000
POWERGRID_F1,20181129,12:50,184.40,184.40,184.20,184.20,120000,14784000
POWERGRID_F1,20181129,12:51,184.05,184.15,183.90,183.90,144000,14784000
POWERGRID_F1,20181129,12:52,183.85,183.85,183.80,183.85,16000,14928000
POWERGRID_F1,20181129,12:53,183.85,183.90,183.75,183.90,20000,14928000
POWERGRID_F1,20181129,12:54,183.90,183.90,183.90,183.90,12000,14928000
POWERGRID_F1,20181129,12:55,183.90,184.00,183.90,184.00,28000,14928000
POWERGRID_F1,20181129,12:56,183.95,183.95,183.70,183.75,36000,14928000
POWERGRID_F1,20181129,12:57,183.65,183.65,183.55,183.55,28000,14928000
POWERGRID_F1,20181129,12:58,183.40,183.55,183.40,183.55,48000,14980000
POWERGRID_F1,20181129,12:59,183.60,183.60,183.60,183.60,4000,14980000
POWERGRID_F1,20181129,13:00,183.85,183.85,183.85,183.85,16000,14980000
POWERGRID_F1,20181129,13:02,183.50,183.50,183.50,183.50,8000,14996000
POWERGRID_F1,20181129,13:03,183.50,183.50,183.50,183.50,20000,14996000
POWERGRID_F1,20181129,13:05,183.60,183.60,183.60,183.60,4000,15000000
POWERGRID_F1,20181129,13:06,183.45,183.45,183.45,183.45,12000,15000000
POWERGRID_F1,20181129,13:07,183.55,183.55,183.35,183.40,12000,15008000
POWERGRID_F1,20181129,13:08,183.35,183.35,183.35,183.35,60000,15008000
POWERGRID_F1,20181129,13:09,183.40,183.40,183.40,183.40,12000,15008000
POWERGRID_F1,20181129,13:10,183.45,183.45,183.30,183.40,40000,15008000
POWERGRID_F1,20181129,13:11,183.50,183.60,183.50,183.60,36000,15072000
POWERGRID_F1,20181129,13:12,183.45,183.45,183.45,183.45,8000,15072000
POWERGRID_F1,20181129,13:14,183.35,183.35,183.35,183.35,4000,15100000
POWERGRID_F1,20181129,13:15,183.35,183.70,183.35,183.70,28000,15100000
POWERGRID_F1,20181129,13:16,183.65,183.65,183.65,183.65,4000,15108000
POWERGRID_F1,20181129,13:17,183.70,183.70,183.70,183.70,4000,15108000
POWERGRID_F1,20181129,13:18,183.60,183.60,183.60,183.60,124000,15108000
POWERGRID_F1,20181129,13:19,183.60,183.60,183.60,183.60,8000,15108000
POWERGRID_F1,20181129,13:20,183.35,183.35,183.35,183.35,12000,15108000
POWERGRID_F1,20181129,13:21,183.35,183.40,183.35,183.40,8000,15224000
POWERGRID_F1,20181129,13:22,183.20,183.25,183.05,183.05,32000,15228000
POWERGRID_F1,20181129,13:23,183.05,183.20,183.05,183.20,12000,15228000
POWERGRID_F1,20181129,13:24,183.20,183.35,183.20,183.35,32000,15228000
POWERGRID_F1,20181129,13:25,183.25,183.25,183.20,183.20,12000,15236000
POWERGRID_F1,20181129,13:26,183.10,183.10,183.10,183.10,4000,15236000
POWERGRID_F1,20181129,13:27,183.10,183.10,183.10,183.10,16000,15236000
POWERGRID_F1,20181129,13:30,183.15,183.15,183.15,183.15,8000,15236000
POWERGRID_F1,20181129,13:31,183.15,183.15,183.15,183.15,8000,15228000
POWERGRID_F1,20181129,13:32,183.40,183.40,183.40,183.40,4000,15228000
POWERGRID_F1,20181129,13:33,182.80,182.95,182.65,182.65,36000,15228000
POWERGRID_F1,20181129,13:34,182.65,182.65,182.65,182.65,4000,15228000
POWERGRID_F1,20181129,13:35,182.60,182.65,182.60,182.65,12000,15228000
POWERGRID_F1,20181129,13:36,182.70,182.80,182.70,182.80,12000,15228000
POWERGRID_F1,20181129,13:37,182.80,182.80,182.80,182.80,8000,15220000
POWERGRID_F1,20181129,13:38,182.85,182.85,182.75,182.75,24000,15220000
POWERGRID_F1,20181129,13:40,182.80,182.80,182.80,182.80,4000,15220000
POWERGRID_F1,20181129,13:41,182.70,182.75,182.70,182.75,24000,15220000
POWERGRID_F1,20181129,13:42,182.75,182.75,182.75,182.75,12000,15220000
POWERGRID_F1,20181129,13:43,182.75,182.90,182.75,182.90,72000,15232000
POWERGRID_F1,20181129,13:44,182.90,182.90,182.75,182.75,8000,15232000
POWERGRID_F1,20181129,13:45,182.85,182.85,182.85,182.85,4000,15232000
POWERGRID_F1,20181129,13:46,182.70,182.70,182.70,182.70,8000,15232000
POWERGRID_F1,20181129,13:50,182.60,182.60,182.60,182.60,4000,15232000
POWERGRID_F1,20181129,13:53,182.70,182.75,182.70,182.75,16000,15240000
POWERGRID_F1,20181129,13:55,182.90,182.90,182.90,182.90,4000,15240000
POWERGRID_F1,20181129,13:56,182.75,182.75,182.75,182.75,4000,15252000
POWERGRID_F1,20181129,13:57,182.85,182.85,182.85,182.85,4000,15252000
POWERGRID_F1,20181129,13:58,183.00,183.00,182.95,182.95,12000,15260000
POWERGRID_F1,20181129,13:59,182.85,182.85,182.85,182.85,8000,15260000
POWERGRID_F1,20181129,14:00,182.90,182.90,182.90,182.90,4000,15260000
POWERGRID_F1,20181129,14:01,183.00,183.00,183.00,183.00,4000,15260000
POWERGRID_F1,20181129,14:02,183.15,183.15,183.15,183.15,4000,15260000
POWERGRID_F1,20181129,14:03,183.15,183.15,183.00,183.00,12000,15260000
POWERGRID_F1,20181129,14:04,183.15,183.15,183.05,183.05,24000,15264000
POWERGRID_F1,20181129,14:05,183.10,183.10,183.05,183.05,20000,15264000
POWERGRID_F1,20181129,14:07,183.05,183.05,182.90,182.90,16000,15288000
POWERGRID_F1,20181129,14:08,182.95,183.10,182.95,183.10,208000,15288000
POWERGRID_F1,20181129,14:10,183.15,183.15,183.15,183.15,4000,15480000
POWERGRID_F1,20181129,14:11,183.00,183.00,183.00,183.00,4000,15480000
POWERGRID_F1,20181129,14:14,183.00,183.05,182.95,183.00,36000,15476000
POWERGRID_F1,20181129,14:15,182.90,183.05,182.90,183.05,408000,15476000
POWERGRID_F1,20181129,14:16,183.05,183.05,183.05,183.05,288000,15616000
POWERGRID_F1,20181129,14:17,183.05,183.05,183.00,183.00,32000,15616000
POWERGRID_F1,20181129,14:18,183.00,183.00,183.00,183.00,40000,15616000
POWERGRID_F1,20181129,14:19,182.95,182.95,182.80,182.80,8000,15616000
POWERGRID_F1,20181129,14:20,182.75,182.75,182.50,182.55,44000,15936000
POWERGRID_F1,20181129,14:21,182.70,182.70,182.60,182.70,48000,15936000
POWERGRID_F1,20181129,14:25,182.85,182.85,182.85,182.85,4000,15964000
POWERGRID_F1,20181129,14:26,182.85,182.90,182.70,182.90,48000,15960000
POWERGRID_F1,20181129,14:27,182.85,182.85,182.85,182.85,8000,15960000
POWERGRID_F1,20181129,14:28,182.95,182.95,182.95,182.95,24000,15956000
POWERGRID_F1,20181129,14:29,182.95,182.95,182.95,182.95,24000,15956000
POWERGRID_F1,20181129,14:30,182.95,182.95,182.80,182.90,36000,15956000
POWERGRID_F1,20181129,14:31,182.85,182.85,182.85,182.85,40000,15944000
POWERGRID_F1,20181129,14:32,182.90,183.00,182.85,183.00,40000,15944000
POWERGRID_F1,20181129,14:33,183.00,183.00,183.00,183.00,4000,15944000
POWERGRID_F1,20181129,14:34,183.00,183.00,183.00,183.00,20000,15960000
POWERGRID_F1,20181129,14:36,182.90,182.90,182.90,182.90,20000,15960000
POWERGRID_F1,20181129,14:37,182.85,183.00,182.85,183.00,160000,15964000
POWERGRID_F1,20181129,14:38,182.95,182.95,182.90,182.90,320000,15964000
POWERGRID_F1,20181129,14:39,182.95,183.00,182.95,183.00,36000,15964000
POWERGRID_F1,20181129,14:40,183.10,183.10,183.05,183.10,28000,16368000
POWERGRID_F1,20181129,14:41,182.85,183.00,182.85,183.00,24000,16368000
POWERGRID_F1,20181129,14:42,183.05,183.10,183.05,183.05,16000,16368000
POWERGRID_F1,20181129,14:43,182.85,182.90,182.85,182.90,20000,16372000
POWERGRID_F1,20181129,14:44,183.15,183.15,183.05,183.05,16000,16372000
POWERGRID_F1,20181129,14:46,182.95,182.95,182.95,182.95,4000,16376000
POWERGRID_F1,20181129,14:50,182.90,182.90,182.90,182.90,4000,16380000
POWERGRID_F1,20181129,14:51,182.75,182.75,182.75,182.75,8000,16380000
POWERGRID_F1,20181129,14:53,182.75,182.75,182.65,182.65,24000,16372000
POWERGRID_F1,20181129,14:54,182.85,182.85,182.85,182.85,4000,16372000
POWERGRID_F1,20181129,14:55,182.70,182.70,182.70,182.70,4000,16372000
POWERGRID_F1,20181129,14:57,182.80,182.80,182.50,182.50,28000,16380000
POWERGRID_F1,20181129,15:00,182.65,182.80,182.65,182.80,12000,16288000
POWERGRID_F1,20181129,15:01,182.45,182.45,182.00,182.10,80000,16300000
POWERGRID_F1,20181129,15:02,182.00,182.00,181.10,181.85,64000,16300000
POWERGRID_F1,20181129,15:03,181.25,181.70,181.25,181.55,96000,16300000
POWERGRID_F1,20181129,15:04,181.65,182.15,181.65,182.05,88000,16332000
POWERGRID_F1,20181129,15:05,181.70,181.70,181.10,181.10,88000,16332000
POWERGRID_F1,20181129,15:06,181.20,182.00,180.85,181.20,148000,16332000
POWERGRID_F1,20181129,15:07,181.25,181.25,180.40,180.85,116000,16296000
POWERGRID_F1,20181129,15:08,180.75,180.80,180.55,180.80,52000,16296000
POWERGRID_F1,20181129,15:09,180.70,180.70,180.55,180.70,48000,16296000
POWERGRID_F1,20181129,15:10,180.70,180.70,180.55,180.65,56000,16328000
POWERGRID_F1,20181129,15:11,180.75,180.80,180.55,180.65,60000,16328000
POWERGRID_F1,20181129,15:12,180.70,180.85,180.50,180.50,120000,16328000
POWERGRID_F1,20181129,15:13,180.55,180.60,180.45,180.60,60000,16364000
POWERGRID_F1,20181129,15:14,180.55,180.55,180.30,180.40,108000,16364000
POWERGRID_F1,20181129,15:15,180.45,180.50,180.35,180.35,32000,16364000
POWERGRID_F1,20181129,15:16,180.35,180.40,180.30,180.35,44000,16428000
POWERGRID_F1,20181129,15:17,180.30,180.35,180.15,180.35,104000,16428000
POWERGRID_F1,20181129,15:18,180.40,180.40,180.40,180.40,32000,16428000
POWERGRID_F1,20181129,15:19,180.40,180.45,180.40,180.40,68000,16424000
POWERGRID_F1,20181129,15:20,180.45,180.55,180.40,180.55,36000,16424000
POWERGRID_F1,20181129,15:21,180.40,180.50,180.40,180.45,16000,16424000
POWERGRID_F1,20181129,15:22,180.45,180.45,180.35,180.40,60000,16380000
POWERGRID_F1,20181129,15:23,180.45,180.45,180.30,180.45,124000,16380000
POWERGRID_F1,20181129,15:24,180.30,180.45,180.30,180.45,144000,16380000
POWERGRID_F1,20181129,15:25,180.40,180.50,180.35,180.50,96000,16376000
POWERGRID_F1,20181129,15:26,180.45,180.50,180.45,180.45,24000,16376000
POWERGRID_F1,20181129,15:27,180.45,180.55,180.45,180.55,68000,16376000
POWERGRID_F1,20181129,15:28,180.55,180.55,180.50,180.55,44000,16220000
POWERGRID_F1,20181129,15:29,180.50,180.55,180.50,180.55,28000,16220000
POWERGRID_F1,20181129,15:30,180.50,180.50,180.50,180.50,36000,16220000
POWERGRID_F1,20181129,16:50,180.50,180.50,180.50,180.50,1,7916000
