VEDL_F1,20220728,09:16,242.25,243.95,242.25,243.30,41850,12460450
VEDL_F1,20220728,09:17,243.70,244.50,243.35,244.25,52700,12460450
VEDL_F1,20220728,09:18,243.90,244.35,243.80,244.25,46500,12457350
VEDL_F1,20220728,09:19,244.10,244.25,243.90,243.90,20150,12457350
VEDL_F1,20220728,09:20,243.85,243.90,243.10,243.10,41850,12457350
VEDL_F1,20220728,09:21,243.00,243.00,242.40,242.65,40300,12426350
VEDL_F1,20220728,09:22,242.75,242.80,242.15,242.80,58900,12426350
VEDL_F1,20220728,09:23,242.20,242.65,241.95,242.35,69750,12426350
VEDL_F1,20220728,09:24,242.30,242.30,242.05,242.10,20150,12407750
VEDL_F1,20220728,09:25,242.05,242.05,241.85,241.85,10850,12407750
VEDL_F1,20220728,09:26,241.95,242.15,241.40,241.80,69750,12407750
VEDL_F1,20220728,09:27,241.45,242.25,241.45,241.80,122450,12392250
VEDL_F1,20220728,09:28,241.60,241.95,241.15,241.50,93000,12392250
VEDL_F1,20220728,09:29,241.45,241.60,241.05,241.60,52700,12392250
VEDL_F1,20220728,09:30,241.35,241.60,241.00,241.35,66650,12351950
VEDL_F1,20220728,09:31,241.35,241.35,241.00,241.00,15500,12351950
VEDL_F1,20220728,09:32,241.10,241.15,240.75,240.95,55800,12351950
VEDL_F1,20220728,09:33,241.00,241.10,240.75,241.10,26350,12336450
VEDL_F1,20220728,09:34,241.25,241.60,241.25,241.60,15500,12336450
VEDL_F1,20220728,09:35,241.55,241.90,241.55,241.90,10850,12336450
VEDL_F1,20220728,09:36,241.95,241.95,241.80,241.80,13950,12310100
VEDL_F1,20220728,09:37,241.70,241.70,241.30,241.40,32550,12310100
VEDL_F1,20220728,09:38,241.40,241.90,241.40,241.85,32550,12310100
VEDL_F1,20220728,09:39,241.80,241.80,241.80,241.80,3100,12277550
VEDL_F1,20220728,09:40,241.80,241.80,241.80,241.80,12400,12277550
VEDL_F1,20220728,09:41,241.80,242.00,241.80,242.00,26350,12277550
VEDL_F1,20220728,09:42,242.05,242.40,242.05,242.40,57350,12260500
VEDL_F1,20220728,09:43,242.40,242.75,242.40,242.70,27900,12260500
VEDL_F1,20220728,09:44,242.85,243.00,242.85,243.00,27900,12260500
VEDL_F1,20220728,09:45,242.85,242.85,242.55,242.75,24800,12252750
VEDL_F1,20220728,09:46,242.75,242.75,242.65,242.65,10850,12252750
VEDL_F1,20220728,09:47,242.60,242.65,242.45,242.65,13950,12252750
VEDL_F1,20220728,09:48,242.85,243.50,242.85,243.50,35650,12251200
VEDL_F1,20220728,09:49,243.50,243.50,243.10,243.10,20150,12251200
VEDL_F1,20220728,09:50,243.00,243.20,243.00,243.20,32550,12251200
VEDL_F1,20220728,09:51,243.20,243.25,243.05,243.25,7750,12232600
VEDL_F1,20220728,09:52,243.50,243.70,243.50,243.70,27900,12232600
VEDL_F1,20220728,09:53,243.60,243.85,243.40,243.85,48050,12232600
VEDL_F1,20220728,09:54,243.65,243.80,243.65,243.70,15500,12232600
VEDL_F1,20220728,09:55,243.70,243.70,243.60,243.60,15500,12232600
VEDL_F1,20220728,09:56,243.70,243.70,243.55,243.55,34100,12232600
VEDL_F1,20220728,09:57,243.50,243.50,243.45,243.45,38750,12204700
VEDL_F1,20220728,09:58,243.40,243.40,243.20,243.20,51150,12204700
VEDL_F1,20220728,09:59,243.25,243.25,243.10,243.10,3100,12204700
VEDL_F1,20220728,10:00,243.00,243.05,242.85,243.05,21700,12204700
VEDL_F1,20220728,10:01,243.05,243.05,243.05,243.05,7750,12204700
VEDL_F1,20220728,10:02,243.05,243.05,243.05,243.05,54250,12204700
VEDL_F1,20220728,10:03,243.00,243.20,243.00,243.20,24800,12204700
VEDL_F1,20220728,10:04,243.20,243.25,243.20,243.20,44950,12248100
VEDL_F1,20220728,10:05,243.20,243.20,243.15,243.20,69750,12248100
VEDL_F1,20220728,10:06,243.30,243.30,243.20,243.20,18600,12248100
VEDL_F1,20220728,10:07,243.35,243.50,243.35,243.45,15500,12299250
VEDL_F1,20220728,10:08,243.60,243.65,243.60,243.65,35650,12299250
VEDL_F1,20220728,10:09,243.70,243.80,243.70,243.75,49600,12299250
VEDL_F1,20220728,10:10,243.75,243.75,243.50,243.60,29450,12300800
VEDL_F1,20220728,10:11,243.60,243.60,243.45,243.60,54250,12300800
VEDL_F1,20220728,10:12,243.70,243.85,243.70,243.80,24800,12299250
VEDL_F1,20220728,10:13,243.85,244.00,243.80,243.85,21700,12299250
VEDL_F1,20220728,10:14,243.85,244.00,243.85,244.00,23250,12299250
VEDL_F1,20220728,10:15,243.95,244.30,243.95,244.30,21700,12289950
VEDL_F1,20220728,10:16,244.15,244.30,244.05,244.05,38750,12289950
VEDL_F1,20220728,10:17,244.20,244.85,244.20,244.85,79050,12289950
VEDL_F1,20220728,10:18,244.85,245.90,244.70,245.40,1599600,13472600
VEDL_F1,20220728,10:19,245.35,245.70,245.35,245.65,52700,13472600
VEDL_F1,20220728,10:20,245.80,245.80,245.30,245.50,65100,13472600
VEDL_F1,20220728,10:21,245.40,245.45,245.00,245.10,23250,13457100
VEDL_F1,20220728,10:22,245.15,245.25,244.40,244.40,52700,13457100
VEDL_F1,20220728,10:23,244.40,244.75,244.40,244.75,58900,13457100
VEDL_F1,20220728,10:24,244.75,244.75,244.65,244.75,20150,13457100
VEDL_F1,20220728,10:25,244.70,244.85,244.65,244.85,75950,13430750
VEDL_F1,20220728,10:26,244.70,244.90,244.65,244.90,23250,13430750
VEDL_F1,20220728,10:27,244.95,245.00,244.95,245.00,13950,13430750
VEDL_F1,20220728,10:28,244.85,244.85,244.65,244.85,58900,13441600
VEDL_F1,20220728,10:29,244.85,244.85,244.80,244.80,20150,13441600
VEDL_F1,20220728,10:30,244.65,244.85,244.60,244.75,17050,13427650
VEDL_F1,20220728,10:31,244.80,244.80,244.45,244.55,155000,13427650
VEDL_F1,20220728,10:32,244.55,244.60,244.45,244.60,49600,13427650
VEDL_F1,20220728,10:33,244.60,244.60,244.40,244.40,86800,13483450
VEDL_F1,20220728,10:34,244.40,244.70,244.40,244.70,46500,13483450
VEDL_F1,20220728,10:35,244.70,245.00,244.70,244.85,117800,13483450
VEDL_F1,20220728,10:36,244.95,245.00,244.75,244.75,20150,13511350
VEDL_F1,20220728,10:37,244.85,244.85,244.55,244.70,41850,13511350
VEDL_F1,20220728,10:38,244.65,244.65,244.50,244.55,6200,13511350
VEDL_F1,20220728,10:39,244.55,244.70,244.40,244.70,24800,13500500
VEDL_F1,20220728,10:40,244.70,244.70,244.45,244.45,10850,13500500
VEDL_F1,20220728,10:41,244.45,244.65,244.45,244.65,389050,13500500
VEDL_F1,20220728,10:42,244.65,244.65,244.55,244.55,4650,13500500
VEDL_F1,20220728,10:43,244.55,244.55,244.55,244.55,1550,13502050
VEDL_F1,20220728,10:44,244.55,244.55,244.50,244.55,15500,13502050
VEDL_F1,20220728,10:45,244.75,244.75,244.55,244.55,204600,13502050
VEDL_F1,20220728,10:46,244.55,244.55,244.25,244.30,120900,13498950
VEDL_F1,20220728,10:47,244.30,244.35,244.20,244.20,32550,13498950
VEDL_F1,20220728,10:48,244.25,244.55,244.25,244.25,147250,13604350
VEDL_F1,20220728,10:49,244.25,244.45,244.10,244.30,206150,13604350
VEDL_F1,20220728,10:50,244.30,244.35,244.25,244.30,37200,13604350
VEDL_F1,20220728,10:51,244.35,244.50,244.15,244.50,57350,13604350
VEDL_F1,20220728,10:52,244.30,244.30,244.30,244.30,24800,13574900
VEDL_F1,20220728,10:53,244.25,244.25,244.25,244.25,6200,13574900
VEDL_F1,20220728,10:54,244.25,244.30,244.25,244.30,20150,13574900
VEDL_F1,20220728,10:55,244.30,244.35,244.25,244.30,100750,13574900
VEDL_F1,20220728,10:56,244.40,244.40,244.30,244.30,37200,13574900
VEDL_F1,20220728,10:57,244.30,244.40,244.30,244.35,13950,13574900
VEDL_F1,20220728,10:58,244.35,244.60,244.35,244.45,10850,13564050
VEDL_F1,20220728,10:59,244.60,244.60,244.45,244.45,10850,13564050
VEDL_F1,20220728,11:00,244.35,244.40,244.35,244.40,12400,13564050
VEDL_F1,20220728,11:01,244.40,244.55,244.40,244.55,7750,13559400
VEDL_F1,20220728,11:02,244.75,244.80,244.65,244.80,26350,13559400
VEDL_F1,20220728,11:03,244.80,244.90,244.80,244.80,20150,13559400
VEDL_F1,20220728,11:04,244.65,244.80,244.65,244.70,9300,13559400
VEDL_F1,20220728,11:05,244.60,244.80,244.60,244.80,17050,13559400
VEDL_F1,20220728,11:06,244.80,244.80,244.70,244.70,9300,13559400
VEDL_F1,20220728,11:08,245.15,245.15,244.75,245.10,35650,13547000
VEDL_F1,20220728,11:09,245.10,245.25,245.10,245.25,6200,13547000
VEDL_F1,20220728,11:10,245.25,245.35,245.15,245.35,29450,13517550
VEDL_F1,20220728,11:11,245.35,245.35,245.35,245.35,3100,13517550
VEDL_F1,20220728,11:12,245.35,245.50,245.35,245.35,91450,13517550
VEDL_F1,20220728,11:13,245.30,245.30,245.30,245.30,17050,13512900
VEDL_F1,20220728,11:14,245.30,245.30,245.30,245.30,3100,13512900
VEDL_F1,20220728,11:15,245.45,245.65,245.45,245.55,29450,13512900
VEDL_F1,20220728,11:16,245.55,245.75,245.50,245.50,37200,13503600
VEDL_F1,20220728,11:17,245.50,245.50,245.50,245.50,1550,13503600
VEDL_F1,20220728,11:18,245.60,245.75,245.60,245.75,46500,13503600
VEDL_F1,20220728,11:19,245.65,245.65,245.50,245.50,43400,13512900
VEDL_F1,20220728,11:20,245.55,245.55,245.55,245.55,1550,13512900
VEDL_F1,20220728,11:21,245.65,245.85,245.65,245.75,40300,13512900
VEDL_F1,20220728,11:22,245.85,246.10,245.80,246.10,43400,13474150
VEDL_F1,20220728,11:23,246.05,246.20,246.05,246.15,21700,13474150
VEDL_F1,20220728,11:24,246.10,246.25,246.10,246.20,9300,13474150
VEDL_F1,20220728,11:25,245.95,245.95,245.65,245.70,31000,13463300
VEDL_F1,20220728,11:26,245.75,245.90,245.75,245.90,32550,13463300
VEDL_F1,20220728,11:27,245.90,245.90,245.90,245.90,17050,13463300
VEDL_F1,20220728,11:28,245.95,246.05,245.90,246.05,10850,13480350
VEDL_F1,20220728,11:29,245.90,245.90,245.60,245.60,21700,13480350
VEDL_F1,20220728,11:30,245.75,245.75,245.70,245.70,40300,13480350
VEDL_F1,20220728,11:31,245.60,245.80,245.60,245.75,31000,13472600
VEDL_F1,20220728,11:32,245.85,245.85,245.70,245.70,10850,13472600
VEDL_F1,20220728,11:33,245.55,245.65,245.30,245.50,32550,13472600
VEDL_F1,20220728,11:34,245.65,245.85,245.65,245.65,21700,13469500
VEDL_F1,20220728,11:35,245.60,245.80,245.60,245.80,54250,13469500
VEDL_F1,20220728,11:36,245.80,245.80,245.80,245.80,1550,13469500
VEDL_F1,20220728,11:37,245.80,245.80,245.80,245.80,21700,13460200
VEDL_F1,20220728,11:38,245.80,245.80,245.75,245.75,21700,13460200
VEDL_F1,20220728,11:39,245.60,245.95,245.60,245.95,37200,13460200
VEDL_F1,20220728,11:40,246.00,246.50,246.00,246.40,38750,13454000
VEDL_F1,20220728,11:41,246.50,246.65,246.40,246.45,32550,13454000
VEDL_F1,20220728,11:42,246.65,246.85,246.65,246.85,17050,13454000
VEDL_F1,20220728,11:43,246.60,247.25,246.60,247.25,44950,13438500
VEDL_F1,20220728,11:44,247.40,247.65,247.15,247.50,65100,13438500
VEDL_F1,20220728,11:45,247.60,247.95,247.50,247.50,46500,13438500
VEDL_F1,20220728,11:46,247.50,247.80,247.50,247.80,23250,13423000
VEDL_F1,20220728,11:47,247.90,247.90,247.55,247.60,21700,13423000
VEDL_F1,20220728,11:48,247.60,247.60,247.30,247.40,35650,13423000
VEDL_F1,20220728,11:49,247.40,247.40,247.25,247.25,21700,13418350
VEDL_F1,20220728,11:50,247.25,247.25,247.00,247.00,49600,13418350
VEDL_F1,20220728,11:51,246.70,246.70,246.65,246.65,6200,13418350
VEDL_F1,20220728,11:52,246.65,247.25,246.65,247.00,66650,13388900
VEDL_F1,20220728,11:53,247.10,247.10,246.75,246.80,58900,13388900
VEDL_F1,20220728,11:54,246.80,246.80,246.50,246.50,23250,13388900
VEDL_F1,20220728,11:55,246.45,246.50,246.30,246.30,17050,13376500
VEDL_F1,20220728,11:56,246.25,246.25,246.05,246.05,20150,13376500
VEDL_F1,20220728,11:57,246.00,246.15,245.85,245.85,31000,13376500
VEDL_F1,20220728,11:58,245.90,246.00,245.80,245.90,12400,13345500
VEDL_F1,20220728,11:59,246.00,246.10,245.80,246.10,24800,13345500
VEDL_F1,20220728,12:00,246.20,246.20,246.15,246.15,3100,13345500
VEDL_F1,20220728,12:01,246.20,246.20,246.15,246.15,13950,13354800
VEDL_F1,20220728,12:02,246.15,246.25,246.05,246.05,17050,13354800
VEDL_F1,20220728,12:03,246.05,246.05,246.05,246.05,9300,13354800
VEDL_F1,20220728,12:04,246.05,246.15,246.05,246.15,12400,13342400
VEDL_F1,20220728,12:05,246.15,246.20,246.05,246.20,17050,13342400
VEDL_F1,20220728,12:06,246.35,246.35,246.10,246.30,17050,13342400
VEDL_F1,20220728,12:07,246.45,246.45,246.40,246.40,3100,13319150
VEDL_F1,20220728,12:08,246.40,246.40,246.20,246.20,12400,13319150
VEDL_F1,20220728,12:09,246.15,246.15,246.15,246.15,3100,13319150
VEDL_F1,20220728,12:10,246.20,246.40,246.15,246.40,12400,13309850
VEDL_F1,20220728,12:11,246.35,246.35,246.35,246.35,23250,13309850
VEDL_F1,20220728,12:12,246.45,246.45,246.30,246.30,4650,13309850
VEDL_F1,20220728,12:13,246.35,246.35,246.35,246.35,1550,13207550
VEDL_F1,20220728,12:14,246.35,246.35,246.30,246.30,3100,13207550
VEDL_F1,20220728,12:15,246.20,246.35,246.10,246.35,7750,13207550
VEDL_F1,20220728,12:16,246.20,246.20,246.10,246.10,7750,13206000
VEDL_F1,20220728,12:17,246.10,246.30,246.10,246.30,31000,13206000
VEDL_F1,20220728,12:18,246.20,246.20,245.80,245.80,29450,13206000
VEDL_F1,20220728,12:19,245.70,245.70,245.50,245.65,29450,13175000
VEDL_F1,20220728,12:20,245.55,245.55,245.45,245.45,4650,13175000
VEDL_F1,20220728,12:21,245.55,245.65,245.55,245.55,24800,13175000
VEDL_F1,20220728,12:22,245.55,245.70,245.45,245.45,26350,13193600
VEDL_F1,20220728,12:23,245.60,246.00,245.60,246.00,40300,13193600
VEDL_F1,20220728,12:24,246.10,246.15,246.10,246.15,3100,13193600
VEDL_F1,20220728,12:25,246.15,246.15,246.05,246.05,17050,13213750
VEDL_F1,20220728,12:26,245.95,245.95,245.75,245.75,6200,13213750
VEDL_F1,20220728,12:27,245.75,246.10,245.75,245.85,12400,13213750
VEDL_F1,20220728,12:28,246.25,246.25,246.25,246.25,3100,13213750
VEDL_F1,20220728,12:29,245.80,245.80,245.80,245.80,3100,13219950
VEDL_F1,20220728,12:30,245.80,245.80,245.75,245.80,15500,13219950
VEDL_F1,20220728,12:31,245.90,245.90,245.65,245.65,35650,13215300
VEDL_F1,20220728,12:32,245.65,245.85,245.65,245.85,17050,13215300
VEDL_F1,20220728,12:33,246.00,246.25,245.90,246.25,12400,13215300
VEDL_F1,20220728,12:34,246.05,246.10,246.00,246.05,12400,13219950
VEDL_F1,20220728,12:36,246.30,246.30,246.25,246.25,17050,13219950
VEDL_F1,20220728,12:37,246.15,246.15,246.00,246.00,4650,13206000
VEDL_F1,20220728,12:38,245.95,246.00,245.95,246.00,4650,13206000
VEDL_F1,20220728,12:39,246.00,246.15,246.00,246.15,9300,13206000
VEDL_F1,20220728,12:40,246.05,246.05,246.00,246.00,3100,13198250
VEDL_F1,20220728,12:41,246.00,246.00,246.00,246.00,1550,13198250
VEDL_F1,20220728,12:42,245.85,245.90,245.85,245.90,13950,13198250
VEDL_F1,20220728,12:43,245.90,246.35,245.90,246.35,48050,13192050
VEDL_F1,20220728,12:44,246.45,246.45,246.30,246.30,15500,13192050
VEDL_F1,20220728,12:45,246.45,246.45,246.20,246.35,27900,13192050
VEDL_F1,20220728,12:46,246.35,246.35,245.90,245.90,18600,13173450
VEDL_F1,20220728,12:47,246.35,246.65,246.35,246.65,26350,13173450
VEDL_F1,20220728,12:48,246.45,246.45,246.40,246.40,4650,13173450
VEDL_F1,20220728,12:49,246.40,246.40,245.60,245.60,55800,13157950
VEDL_F1,20220728,12:50,245.70,245.80,245.35,245.50,111600,13157950
VEDL_F1,20220728,12:51,245.60,245.60,245.60,245.60,1550,13157950
VEDL_F1,20220728,12:52,245.60,245.95,245.50,245.95,24800,13219950
VEDL_F1,20220728,12:53,245.95,245.95,245.90,245.90,26350,13219950
VEDL_F1,20220728,12:54,245.90,245.95,245.90,245.95,10850,13219950
VEDL_F1,20220728,12:55,246.10,246.10,246.10,246.10,12400,13195150
VEDL_F1,20220728,12:56,246.10,246.20,246.00,246.10,21700,13195150
VEDL_F1,20220728,12:57,246.00,246.10,245.80,246.10,20150,13195150
VEDL_F1,20220728,12:58,246.10,246.10,245.70,245.70,23250,13173450
VEDL_F1,20220728,12:59,245.80,245.80,245.75,245.80,40300,13173450
VEDL_F1,20220728,13:00,245.75,245.75,245.65,245.65,4650,13173450
VEDL_F1,20220728,13:01,245.55,245.55,245.40,245.40,26350,13133150
VEDL_F1,20220728,13:02,245.55,245.55,245.10,245.10,69750,13133150
VEDL_F1,20220728,13:03,245.10,245.30,245.05,245.15,44950,13133150
VEDL_F1,20220728,13:04,245.00,245.00,245.00,245.00,35650,13086650
VEDL_F1,20220728,13:05,245.15,245.35,245.15,245.30,31000,13086650
VEDL_F1,20220728,13:06,245.40,245.75,245.40,245.70,74400,13086650
VEDL_F1,20220728,13:07,245.50,245.80,245.50,245.80,6200,13085100
VEDL_F1,20220728,13:08,245.70,245.90,245.55,245.80,17050,13085100
VEDL_F1,20220728,13:09,245.90,245.90,245.75,245.85,9300,13085100
VEDL_F1,20220728,13:10,245.90,246.00,245.90,245.95,27900,13077350
VEDL_F1,20220728,13:11,245.80,246.00,245.75,245.75,15500,13077350
VEDL_F1,20220728,13:12,246.00,246.10,246.00,246.10,7750,13077350
VEDL_F1,20220728,13:13,245.90,245.95,245.70,245.95,10850,13055650
VEDL_F1,20220728,13:14,245.90,245.90,245.75,245.75,24800,13055650
VEDL_F1,20220728,13:15,245.70,245.90,245.70,245.90,18600,13055650
VEDL_F1,20220728,13:16,245.80,245.80,245.80,245.80,4650,13038600
VEDL_F1,20220728,13:17,246.00,246.00,245.60,245.80,15500,13038600
VEDL_F1,20220728,13:18,245.75,245.75,245.65,245.65,4650,13038600
VEDL_F1,20220728,13:19,245.65,245.85,245.65,245.85,4650,13038600
VEDL_F1,20220728,13:20,245.85,245.85,245.85,245.85,12400,13029300
VEDL_F1,20220728,13:21,245.75,245.75,245.75,245.75,1550,13029300
VEDL_F1,20220728,13:22,245.75,245.75,245.75,245.75,1550,13029300
VEDL_F1,20220728,13:23,246.15,246.15,246.15,246.15,17050,13021550
VEDL_F1,20220728,13:24,246.15,246.15,246.00,246.00,10850,13021550
VEDL_F1,20220728,13:25,246.20,246.20,246.20,246.20,13950,13021550
VEDL_F1,20220728,13:26,246.25,246.30,246.25,246.30,10850,13027750
VEDL_F1,20220728,13:27,246.40,246.45,246.25,246.45,17050,13027750
VEDL_F1,20220728,13:28,246.40,246.40,246.35,246.35,31000,13006050
VEDL_F1,20220728,13:29,246.35,246.35,246.35,246.35,9300,13006050
VEDL_F1,20220728,13:30,246.35,246.35,246.30,246.30,10850,13006050
VEDL_F1,20220728,13:31,246.30,246.30,246.15,246.15,6200,12998300
VEDL_F1,20220728,13:32,246.15,246.40,246.15,246.40,9300,12998300
VEDL_F1,20220728,13:33,246.50,246.50,246.35,246.40,32550,12998300
VEDL_F1,20220728,13:34,246.30,246.45,246.25,246.45,9300,12995200
VEDL_F1,20220728,13:35,246.55,246.55,246.55,246.55,1550,12995200
VEDL_F1,20220728,13:36,246.35,246.35,246.35,246.35,4650,12995200
VEDL_F1,20220728,13:37,246.35,246.45,246.35,246.45,6200,12998300
VEDL_F1,20220728,13:38,246.40,246.40,246.40,246.40,3100,12998300
VEDL_F1,20220728,13:39,246.35,246.35,246.35,246.35,4650,12998300
VEDL_F1,20220728,13:40,246.35,246.45,246.35,246.45,17050,12990550
VEDL_F1,20220728,13:41,246.45,246.45,246.30,246.40,10850,12990550
VEDL_F1,20220728,13:42,246.45,246.45,246.40,246.40,17050,12990550
VEDL_F1,20220728,13:43,246.45,246.50,246.45,246.50,10850,12999850
VEDL_F1,20220728,13:44,246.45,246.45,246.45,246.45,9300,12999850
VEDL_F1,20220728,13:45,246.40,246.40,246.40,246.40,3100,12999850
VEDL_F1,20220728,13:46,246.50,246.50,246.50,246.50,4650,12999850
VEDL_F1,20220728,13:47,246.50,246.50,246.45,246.45,13950,12990550
VEDL_F1,20220728,13:48,246.85,246.85,246.80,246.80,72850,12990550
VEDL_F1,20220728,13:49,246.70,246.80,246.70,246.80,54250,12965750
VEDL_F1,20220728,13:50,247.00,247.00,247.00,247.00,9300,12965750
VEDL_F1,20220728,13:51,247.35,247.35,247.35,247.35,34100,12965750
VEDL_F1,20220728,13:52,247.10,247.10,246.90,246.90,9300,12953350
VEDL_F1,20220728,13:53,246.95,246.95,246.75,246.75,15500,12953350
VEDL_F1,20220728,13:54,247.00,247.00,246.80,246.80,20150,12953350
VEDL_F1,20220728,13:55,246.75,247.00,246.75,246.90,20150,12944050
VEDL_F1,20220728,13:56,246.95,247.10,246.95,246.95,27900,12944050
VEDL_F1,20220728,13:57,246.90,246.95,246.90,246.95,13950,12944050
VEDL_F1,20220728,13:58,246.95,246.95,246.90,246.95,65100,12925450
VEDL_F1,20220728,13:59,247.00,247.00,246.55,246.55,34100,12925450
VEDL_F1,20220728,14:00,246.75,246.75,246.60,246.60,12400,12925450
VEDL_F1,20220728,14:01,246.80,246.80,246.70,246.70,4650,12923900
VEDL_F1,20220728,14:02,246.85,246.85,246.65,246.65,6200,12923900
VEDL_F1,20220728,14:03,246.65,246.65,246.55,246.55,10850,12923900
VEDL_F1,20220728,14:04,246.55,246.55,246.55,246.55,23250,12911500
VEDL_F1,20220728,14:05,246.45,246.45,246.40,246.40,21700,12911500
VEDL_F1,20220728,14:06,246.40,246.40,246.25,246.25,24800,12911500
VEDL_F1,20220728,14:07,246.30,246.35,246.30,246.35,34100,12894450
VEDL_F1,20220728,14:08,246.40,246.40,246.30,246.30,4650,12894450
VEDL_F1,20220728,14:09,246.30,246.30,246.05,246.05,93000,12894450
VEDL_F1,20220728,14:10,246.05,246.05,245.85,245.85,66650,12863450
VEDL_F1,20220728,14:11,245.70,245.70,245.20,245.35,153450,12863450
VEDL_F1,20220728,14:12,245.45,245.50,245.30,245.30,9300,12863450
VEDL_F1,20220728,14:13,245.35,245.45,245.00,245.45,60450,12855700
VEDL_F1,20220728,14:14,245.60,245.60,245.50,245.50,4650,12855700
VEDL_F1,20220728,14:15,245.30,245.30,245.30,245.30,4650,12855700
VEDL_F1,20220728,14:16,245.25,245.60,245.25,245.60,6200,12854150
VEDL_F1,20220728,14:17,245.50,245.60,245.50,245.60,3100,12854150
VEDL_F1,20220728,14:18,245.60,245.60,245.60,245.60,1550,12854150
VEDL_F1,20220728,14:19,245.65,245.65,245.65,245.65,20150,12851050
VEDL_F1,20220728,14:20,245.55,245.55,245.50,245.55,10850,12851050
VEDL_F1,20220728,14:21,245.70,245.70,245.40,245.55,13950,12851050
VEDL_F1,20220728,14:22,245.55,245.55,245.30,245.30,12400,12846400
VEDL_F1,20220728,14:23,245.30,245.30,245.30,245.30,3100,12846400
VEDL_F1,20220728,14:24,245.25,245.45,245.25,245.45,6200,12846400
VEDL_F1,20220728,14:25,245.40,245.70,245.35,245.70,35650,12838650
VEDL_F1,20220728,14:26,245.50,245.70,245.50,245.70,9300,12838650
VEDL_F1,20220728,14:27,245.55,245.55,245.55,245.55,3100,12838650
VEDL_F1,20220728,14:28,245.50,245.50,245.45,245.45,24800,12809200
VEDL_F1,20220728,14:29,245.50,245.50,245.40,245.40,10850,12809200
VEDL_F1,20220728,14:30,245.45,245.45,245.40,245.45,9300,12809200
VEDL_F1,20220728,14:31,245.40,245.60,245.40,245.60,15500,12792150
VEDL_F1,20220728,14:32,245.55,245.60,245.35,245.35,37200,12792150
VEDL_F1,20220728,14:33,245.75,245.75,245.40,245.40,26350,12792150
VEDL_F1,20220728,14:34,245.45,245.45,245.45,245.45,3100,12792150
VEDL_F1,20220728,14:35,245.40,245.50,245.40,245.50,15500,12775100
VEDL_F1,20220728,14:36,245.50,245.50,245.45,245.45,7750,12775100
VEDL_F1,20220728,14:37,245.40,245.50,245.35,245.50,10850,12767350
VEDL_F1,20220728,14:38,245.45,245.50,245.45,245.50,3100,12767350
VEDL_F1,20220728,14:39,245.45,245.45,245.45,245.45,13950,12767350
VEDL_F1,20220728,14:40,245.50,245.50,245.40,245.40,27900,12736350
VEDL_F1,20220728,14:41,245.35,245.35,245.35,245.35,37200,12736350
VEDL_F1,20220728,14:43,245.30,245.30,245.30,245.30,21700,12731700
VEDL_F1,20220728,14:44,245.30,245.35,245.30,245.35,18600,12731700
VEDL_F1,20220728,14:45,245.40,245.40,245.30,245.30,13950,12731700
VEDL_F1,20220728,14:46,245.35,245.50,245.35,245.45,44950,12731700
VEDL_F1,20220728,14:47,245.40,245.40,245.40,245.40,1550,12680550
VEDL_F1,20220728,14:48,245.45,245.45,245.45,245.45,9300,12680550
VEDL_F1,20220728,14:49,245.45,245.45,245.35,245.35,12400,12666600
VEDL_F1,20220728,14:50,245.35,245.55,245.35,245.55,10850,12666600
VEDL_F1,20220728,14:51,245.65,245.70,245.65,245.70,7750,12666600
VEDL_F1,20220728,14:52,245.65,245.70,245.40,245.40,17050,12661950
VEDL_F1,20220728,14:53,245.40,245.65,245.40,245.50,10850,12661950
VEDL_F1,20220728,14:54,245.60,245.75,245.60,245.75,10850,12661950
VEDL_F1,20220728,14:55,245.50,245.50,245.50,245.50,29450,12661950
VEDL_F1,20220728,14:56,245.40,245.45,245.30,245.30,66650,12658850
VEDL_F1,20220728,14:57,245.50,245.65,245.50,245.65,13950,12658850
VEDL_F1,20220728,14:58,245.45,245.60,245.40,245.60,69750,12635600
VEDL_F1,20220728,14:59,245.70,245.70,245.60,245.65,18600,12635600
VEDL_F1,20220728,15:00,245.60,245.60,245.60,245.60,9300,12635600
VEDL_F1,20220728,15:01,245.90,246.40,245.90,246.25,29450,12618550
VEDL_F1,20220728,15:02,246.50,246.60,246.30,246.50,10850,12618550
VEDL_F1,20220728,15:03,246.50,246.50,246.25,246.35,31000,12618550
VEDL_F1,20220728,15:04,246.25,246.40,246.25,246.40,21700,12623200
VEDL_F1,20220728,15:05,246.45,246.45,246.25,246.40,12400,12623200
VEDL_F1,20220728,15:06,246.45,246.50,246.35,246.40,35650,12623200
VEDL_F1,20220728,15:07,246.40,246.45,246.40,246.45,34100,12630950
VEDL_F1,20220728,15:08,246.65,246.65,246.60,246.60,54250,12630950
VEDL_F1,20220728,15:09,246.90,246.95,246.80,246.95,35650,12630950
VEDL_F1,20220728,15:10,246.90,246.90,246.40,246.40,88350,12630950
VEDL_F1,20220728,15:11,246.40,246.45,246.25,246.25,27900,12630950
VEDL_F1,20220728,15:12,246.25,246.30,246.00,246.15,23250,12630950
VEDL_F1,20220728,15:13,246.30,246.30,246.05,246.30,12400,12641800
VEDL_F1,20220728,15:14,246.25,246.50,246.25,246.40,32550,12641800
VEDL_F1,20220728,15:15,246.45,246.45,246.25,246.30,12400,12641800
VEDL_F1,20220728,15:16,246.25,246.25,246.10,246.15,62000,12637150
VEDL_F1,20220728,15:17,245.90,246.05,245.75,246.05,37200,12637150
VEDL_F1,20220728,15:18,245.95,245.95,245.55,245.55,17050,12637150
VEDL_F1,20220728,15:19,245.70,245.70,245.40,245.40,46500,12637150
VEDL_F1,20220728,15:20,245.35,245.55,245.35,245.50,24800,12637150
VEDL_F1,20220728,15:21,245.50,245.85,245.50,245.80,27900,12637150
VEDL_F1,20220728,15:22,245.60,245.80,245.55,245.75,31000,12654200
VEDL_F1,20220728,15:23,245.75,245.75,245.70,245.70,35650,12654200
VEDL_F1,20220728,15:24,245.80,245.80,245.50,245.50,111600,12654200
VEDL_F1,20220728,15:25,245.85,245.85,245.70,245.75,227850,12668150
VEDL_F1,20220728,15:26,245.95,246.15,245.95,246.15,55800,12668150
VEDL_F1,20220728,15:27,246.00,246.15,245.90,245.90,12400,12668150
VEDL_F1,20220728,15:28,245.60,245.80,245.60,245.75,15500,12668150
VEDL_F1,20220728,15:29,245.75,245.80,245.75,245.80,34100,12672800
VEDL_F1,20220728,15:30,245.55,246.40,245.55,246.40,13950,12672800
VEDL_F1,20220728,19:48,245.50,245.50,245.50,245.50,1,5576900
