ADANIENT,20230102,09:08,3870.00,3870.00,3870.00,3870.00,2426,0
ADANIENT,20230102,09:16,3864.15,3874.00,3855.05,3865.40,27521,0
ADANIENT,20230102,09:17,3861.30,3872.20,3861.30,3866.75,10554,0
ADANIENT,20230102,09:18,3862.65,3867.90,3858.80,3867.00,11737,0
ADANIENT,20230102,09:19,3866.20,3868.70,3861.00,3862.00,7182,0
ADANIENT,20230102,09:20,3863.85,3865.80,3856.30,3856.85,7479,0
ADANIENT,20230102,09:21,3853.00,3863.45,3851.40,3860.55,11176,0
ADANIENT,20230102,09:22,3860.55,3862.70,3856.30,3856.30,2672,0
ADANIENT,20230102,09:23,3857.60,3857.60,3852.10,3853.85,5008,0
ADANIENT,20230102,09:24,3853.85,3854.15,3846.75,3852.45,10737,0
ADANIENT,20230102,09:25,3852.00,3860.00,3849.00,3857.00,6079,0
ADANIENT,20230102,09:26,3858.85,3863.50,3855.60,3860.10,5534,0
ADANIENT,20230102,09:27,3860.00,3860.75,3851.55,3852.55,4356,0
ADANIENT,20230102,09:28,3850.00,3850.00,3844.00,3848.50,10464,0
ADANIENT,20230102,09:29,3847.65,3852.00,3843.15,3847.00,3884,0
ADANIENT,20230102,09:30,3847.00,3850.00,3844.55,3848.00,3190,0
ADANIENT,20230102,09:31,3846.65,3850.00,3842.65,3844.55,5936,0
ADANIENT,20230102,09:32,3844.40,3852.00,3842.00,3850.65,3988,0
ADANIENT,20230102,09:33,3850.65,3850.65,3845.00,3846.00,3450,0
ADANIENT,20230102,09:34,3846.15,3857.00,3846.00,3852.90,2696,0
ADANIENT,20230102,09:35,3854.70,3857.15,3850.95,3854.80,2179,0
ADANIENT,20230102,09:36,3854.95,3859.45,3854.80,3858.95,3208,0
ADANIENT,20230102,09:37,3858.95,3858.95,3855.35,3857.90,1321,0
ADANIENT,20230102,09:38,3858.65,3862.50,3857.90,3861.00,7710,0
ADANIENT,20230102,09:39,3863.00,3866.05,3862.00,3862.00,6378,0
ADANIENT,20230102,09:40,3863.00,3865.00,3861.25,3862.50,3310,0
ADANIENT,20230102,09:41,3862.60,3862.90,3860.00,3861.00,1856,0
ADANIENT,20230102,09:42,3861.00,3864.00,3860.25,3863.60,1875,0
ADANIENT,20230102,09:43,3863.60,3863.60,3860.15,3860.35,929,0
ADANIENT,20230102,09:44,3861.80,3861.95,3860.30,3861.60,1132,0
ADANIENT,20230102,09:45,3861.65,3862.85,3860.00,3862.85,1689,0
ADANIENT,20230102,09:46,3863.60,3863.70,3861.75,3861.90,1430,0
ADANIENT,20230102,09:47,3859.95,3860.05,3857.05,3860.00,4268,0
ADANIENT,20230102,09:48,3860.00,3869.00,3860.00,3866.15,5672,0
ADANIENT,20230102,09:49,3865.45,3868.00,3863.45,3863.45,4165,0
ADANIENT,20230102,09:50,3863.00,3866.60,3862.95,3865.55,4143,0
ADANIENT,20230102,09:51,3865.55,3866.00,3863.00,3864.40,1358,0
ADANIENT,20230102,09:52,3863.95,3865.40,3861.05,3861.05,966,0
ADANIENT,20230102,09:53,3861.00,3865.00,3861.00,3863.90,1874,0
ADANIENT,20230102,09:54,3864.00,3864.45,3861.25,3862.00,1160,0
ADANIENT,20230102,09:55,3864.00,3867.60,3864.00,3865.60,4025,0
ADANIENT,20230102,09:56,3865.80,3866.70,3863.55,3864.50,1462,0
ADANIENT,20230102,09:57,3864.65,3864.65,3860.30,3862.25,1419,0
ADANIENT,20230102,09:58,3862.15,3864.20,3862.00,3864.00,782,0
ADANIENT,20230102,09:59,3862.50,3864.00,3862.00,3862.10,566,0
ADANIENT,20230102,10:00,3862.00,3863.00,3858.15,3860.20,2079,0
ADANIENT,20230102,10:01,3859.05,3860.75,3858.00,3858.35,1391,0
ADANIENT,20230102,10:02,3859.70,3861.00,3858.20,3859.70,1240,0
ADANIENT,20230102,10:03,3858.50,3859.10,3850.20,3852.15,4305,0
ADANIENT,20230102,10:04,3851.65,3853.95,3851.00,3853.55,2151,0
ADANIENT,20230102,10:05,3853.50,3857.55,3853.00,3857.55,1026,0
ADANIENT,20230102,10:06,3858.90,3860.15,3855.10,3855.95,1875,0
ADANIENT,20230102,10:07,3855.00,3855.80,3849.20,3849.25,9376,0
ADANIENT,20230102,10:08,3849.25,3851.50,3846.00,3848.80,3447,0
ADANIENT,20230102,10:09,3847.10,3847.90,3845.00,3846.15,6141,0
ADANIENT,20230102,10:10,3846.15,3846.30,3842.00,3842.05,12031,0
ADANIENT,20230102,10:11,3842.05,3846.30,3842.05,3845.25,3446,0
ADANIENT,20230102,10:12,3847.45,3847.45,3840.00,3840.05,4799,0
ADANIENT,20230102,10:13,3840.05,3845.00,3840.05,3845.00,2117,0
ADANIENT,20230102,10:14,3845.00,3847.00,3843.00,3846.95,1079,0
ADANIENT,20230102,10:15,3847.50,3850.00,3847.15,3849.00,1906,0
ADANIENT,20230102,10:16,3848.85,3848.90,3847.25,3848.00,707,0
ADANIENT,20230102,10:17,3847.50,3848.00,3846.10,3847.00,1184,0
ADANIENT,20230102,10:18,3847.20,3847.20,3845.00,3845.80,1054,0
ADANIENT,20230102,10:19,3846.00,3846.00,3843.35,3845.00,1300,0
ADANIENT,20230102,10:20,3845.75,3845.75,3842.00,3843.15,1189,0
ADANIENT,20230102,10:21,3845.25,3845.70,3842.00,3845.70,1801,0
ADANIENT,20230102,10:22,3845.70,3849.00,3844.25,3849.00,1266,0
ADANIENT,20230102,10:23,3849.50,3850.00,3846.00,3847.65,2201,0
ADANIENT,20230102,10:24,3845.70,3849.00,3845.60,3847.55,471,0
ADANIENT,20230102,10:25,3846.85,3848.45,3846.60,3848.00,456,0
ADANIENT,20230102,10:26,3848.25,3852.00,3848.25,3850.00,2200,0
ADANIENT,20230102,10:27,3850.00,3851.55,3849.60,3850.90,770,0
ADANIENT,20230102,10:28,3850.00,3851.00,3850.00,3851.00,781,0
ADANIENT,20230102,10:29,3851.00,3851.80,3849.25,3851.10,1453,0
ADANIENT,20230102,10:30,3851.10,3851.10,3847.00,3848.05,1241,0
ADANIENT,20230102,10:31,3849.90,3853.00,3848.65,3851.70,2744,0
ADANIENT,20230102,10:32,3851.70,3858.40,3851.70,3856.95,3484,0
ADANIENT,20230102,10:33,3856.65,3857.00,3854.50,3855.05,1551,0
ADANIENT,20230102,10:34,3856.00,3856.50,3852.05,3854.85,1361,0
ADANIENT,20230102,10:35,3854.85,3854.95,3853.20,3853.20,577,0
ADANIENT,20230102,10:36,3854.00,3856.00,3852.50,3854.00,890,0
ADANIENT,20230102,10:37,3855.95,3855.95,3853.75,3854.90,897,0
ADANIENT,20230102,10:38,3854.90,3859.80,3854.40,3859.75,2369,0
ADANIENT,20230102,10:39,3859.70,3859.90,3857.00,3857.65,1637,0
ADANIENT,20230102,10:40,3859.50,3859.85,3857.15,3857.15,1530,0
ADANIENT,20230102,10:41,3857.00,3863.30,3856.65,3861.05,14221,0
ADANIENT,20230102,10:42,3861.35,3862.95,3857.00,3858.10,1807,0
ADANIENT,20230102,10:43,3858.55,3858.55,3856.30,3857.45,922,0
ADANIENT,20230102,10:44,3856.10,3857.55,3853.70,3853.85,1360,0
ADANIENT,20230102,10:45,3854.80,3855.00,3853.55,3853.80,574,0
ADANIENT,20230102,10:46,3852.60,3853.75,3851.00,3852.85,1877,0
ADANIENT,20230102,10:47,3852.85,3852.85,3848.10,3848.10,3703,0
ADANIENT,20230102,10:48,3848.10,3849.75,3846.00,3847.00,1976,0
ADANIENT,20230102,10:49,3846.00,3850.20,3846.00,3848.60,1493,0
ADANIENT,20230102,10:50,3847.00,3850.20,3847.00,3849.85,579,0
ADANIENT,20230102,10:51,3849.80,3850.00,3848.00,3849.95,726,0
ADANIENT,20230102,10:52,3849.85,3850.00,3846.80,3846.80,1353,0
ADANIENT,20230102,10:53,3848.05,3848.50,3846.50,3848.15,459,0
ADANIENT,20230102,10:54,3847.95,3851.85,3847.95,3849.50,998,0
ADANIENT,20230102,10:55,3850.45,3852.00,3850.15,3852.00,940,0
ADANIENT,20230102,10:56,3851.95,3853.00,3851.30,3853.00,214,0
ADANIENT,20230102,10:57,3853.60,3853.60,3852.00,3852.80,538,0
ADANIENT,20230102,10:58,3852.30,3854.95,3852.00,3854.95,736,0
ADANIENT,20230102,10:59,3854.95,3854.95,3852.15,3854.00,264,0
ADANIENT,20230102,11:00,3854.00,3854.00,3852.25,3852.25,474,0
ADANIENT,20230102,11:01,3851.95,3852.00,3851.00,3852.00,7602,0
ADANIENT,20230102,11:02,3852.00,3852.00,3851.15,3851.50,1254,0
ADANIENT,20230102,11:03,3851.50,3851.50,3849.35,3850.50,5322,0
ADANIENT,20230102,11:04,3850.50,3852.00,3850.00,3852.00,2393,0
ADANIENT,20230102,11:05,3852.00,3852.00,3850.50,3850.50,490,0
ADANIENT,20230102,11:06,3851.40,3852.00,3850.85,3852.00,2215,0
ADANIENT,20230102,11:07,3852.00,3852.00,3850.85,3852.00,3239,0
ADANIENT,20230102,11:08,3852.00,3858.90,3850.95,3858.90,4067,0
ADANIENT,20230102,11:09,3858.80,3862.00,3856.55,3860.05,2058,0
ADANIENT,20230102,11:10,3861.60,3861.60,3855.15,3857.00,11183,0
ADANIENT,20230102,11:11,3857.00,3857.00,3855.15,3855.15,1122,0
ADANIENT,20230102,11:12,3855.15,3856.90,3854.95,3856.00,407,0
ADANIENT,20230102,11:13,3856.00,3856.90,3853.30,3853.30,756,0
ADANIENT,20230102,11:14,3853.10,3853.30,3850.15,3850.15,905,0
ADANIENT,20230102,11:15,3850.10,3851.00,3848.15,3848.25,1855,0
ADANIENT,20230102,11:16,3848.30,3851.90,3848.30,3850.15,2006,0
ADANIENT,20230102,11:17,3851.05,3854.05,3849.15,3853.90,474,0
ADANIENT,20230102,11:18,3853.60,3853.60,3849.05,3849.05,427,0
ADANIENT,20230102,11:19,3849.05,3852.50,3848.00,3852.50,1787,0
ADANIENT,20230102,11:20,3852.50,3855.00,3852.00,3855.00,2496,0
ADANIENT,20230102,11:21,3855.00,3857.00,3853.80,3856.80,6343,0
ADANIENT,20230102,11:22,3856.50,3857.00,3855.00,3855.00,2794,0
ADANIENT,20230102,11:23,3853.05,3856.95,3853.00,3856.00,1742,0
ADANIENT,20230102,11:24,3856.60,3856.60,3856.00,3856.00,283,0
ADANIENT,20230102,11:25,3856.45,3856.45,3855.50,3856.00,2283,0
ADANIENT,20230102,11:26,3856.00,3856.35,3856.00,3856.35,2577,0
ADANIENT,20230102,11:27,3855.50,3856.50,3855.50,3855.55,2103,0
ADANIENT,20230102,11:28,3855.55,3856.00,3852.50,3854.45,914,0
ADANIENT,20230102,11:29,3854.45,3854.95,3852.00,3854.95,1267,0
ADANIENT,20230102,11:30,3854.95,3855.00,3850.00,3850.00,1904,0
ADANIENT,20230102,11:31,3850.00,3852.10,3850.00,3851.35,153,0
ADANIENT,20230102,11:32,3850.25,3851.45,3849.00,3850.90,581,0
ADANIENT,20230102,11:33,3850.90,3851.10,3849.00,3849.00,745,0
ADANIENT,20230102,11:34,3849.00,3850.80,3849.00,3850.50,194,0
ADANIENT,20230102,11:35,3849.70,3849.85,3846.00,3849.00,2133,0
ADANIENT,20230102,11:36,3848.55,3850.00,3848.05,3849.00,230,0
ADANIENT,20230102,11:37,3849.00,3849.00,3844.00,3844.20,4710,0
ADANIENT,20230102,11:38,3845.05,3845.05,3844.00,3844.00,1616,0
ADANIENT,20230102,11:39,3844.00,3846.85,3844.00,3846.00,542,0
ADANIENT,20230102,11:40,3846.20,3846.25,3843.00,3843.50,2808,0
ADANIENT,20230102,11:41,3843.00,3848.45,3842.00,3848.45,2120,0
ADANIENT,20230102,11:42,3848.00,3849.95,3848.00,3849.00,1595,0
ADANIENT,20230102,11:43,3849.95,3851.00,3848.00,3851.00,725,0
ADANIENT,20230102,11:44,3851.00,3853.00,3850.00,3853.00,606,0
ADANIENT,20230102,11:45,3853.00,3853.30,3851.00,3851.35,118,0
ADANIENT,20230102,11:46,3851.35,3851.35,3848.90,3850.05,434,0
ADANIENT,20230102,11:47,3848.95,3851.30,3848.70,3849.90,1022,0
ADANIENT,20230102,11:48,3849.85,3852.00,3849.70,3851.50,281,0
ADANIENT,20230102,11:49,3851.50,3853.15,3851.50,3852.15,483,0
ADANIENT,20230102,11:50,3854.40,3854.40,3850.15,3852.20,329,0
ADANIENT,20230102,11:51,3852.00,3852.20,3851.50,3852.05,118,0
ADANIENT,20230102,11:52,3851.10,3854.00,3850.20,3853.00,917,0
ADANIENT,20230102,11:53,3853.00,3853.50,3852.00,3853.50,1090,0
ADANIENT,20230102,11:54,3853.00,3854.00,3853.00,3853.00,456,0
ADANIENT,20230102,11:55,3853.85,3854.70,3853.00,3854.00,1525,0
ADANIENT,20230102,11:56,3854.00,3854.50,3854.00,3854.50,1124,0
ADANIENT,20230102,11:57,3854.05,3854.80,3854.00,3854.80,181,0
ADANIENT,20230102,11:58,3854.75,3854.75,3854.00,3854.00,179,0
ADANIENT,20230102,11:59,3854.00,3854.75,3851.70,3851.70,5213,0
ADANIENT,20230102,12:00,3853.40,3855.00,3853.05,3854.95,1708,0
ADANIENT,20230102,12:01,3854.95,3855.00,3853.70,3853.95,488,0
ADANIENT,20230102,12:02,3853.95,3860.00,3853.80,3859.40,12608,0
ADANIENT,20230102,12:03,3860.00,3860.00,3858.10,3859.00,3874,0
ADANIENT,20230102,12:04,3859.00,3859.00,3857.05,3858.70,1206,0
ADANIENT,20230102,12:05,3858.70,3858.90,3857.15,3857.50,693,0
ADANIENT,20230102,12:06,3857.50,3857.50,3855.15,3857.00,1973,0
ADANIENT,20230102,12:07,3856.85,3857.00,3852.20,3855.80,1591,0
ADANIENT,20230102,12:08,3855.00,3855.00,3852.70,3854.90,308,0
ADANIENT,20230102,12:09,3853.90,3855.00,3853.75,3854.40,232,0
ADANIENT,20230102,12:10,3854.40,3855.40,3851.95,3851.95,816,0
ADANIENT,20230102,12:11,3853.50,3855.30,3852.05,3855.25,610,0
ADANIENT,20230102,12:12,3855.15,3855.15,3852.05,3854.70,369,0
ADANIENT,20230102,12:13,3854.65,3856.20,3853.30,3856.20,232,0
ADANIENT,20230102,12:14,3856.20,3857.00,3854.50,3857.00,2762,0
ADANIENT,20230102,12:15,3857.00,3857.00,3854.50,3855.20,314,0
ADANIENT,20230102,12:16,3854.50,3856.35,3853.00,3855.20,723,0
ADANIENT,20230102,12:17,3854.80,3857.00,3853.90,3854.35,358,0
ADANIENT,20230102,12:18,3854.70,3855.85,3853.00,3855.85,285,0
ADANIENT,20230102,12:19,3854.50,3856.95,3854.30,3856.00,194,0
ADANIENT,20230102,12:20,3856.50,3856.65,3853.30,3854.10,382,0
ADANIENT,20230102,12:21,3854.10,3855.70,3853.45,3853.70,365,0
ADANIENT,20230102,12:22,3856.00,3857.00,3855.30,3857.00,1002,0
ADANIENT,20230102,12:23,3857.00,3857.00,3855.60,3857.00,265,0
ADANIENT,20230102,12:24,3857.00,3857.00,3855.05,3855.05,542,0
ADANIENT,20230102,12:25,3853.30,3856.25,3853.00,3853.35,529,0
ADANIENT,20230102,12:26,3852.90,3852.90,3844.75,3846.95,3753,0
ADANIENT,20230102,12:27,3847.10,3849.25,3846.05,3847.70,1008,0
ADANIENT,20230102,12:28,3847.00,3847.85,3845.20,3846.10,978,0
ADANIENT,20230102,12:29,3846.00,3848.00,3845.00,3848.00,1155,0
ADANIENT,20230102,12:30,3849.35,3850.90,3848.00,3848.70,838,0
ADANIENT,20230102,12:31,3849.55,3852.55,3848.00,3850.70,422,0
ADANIENT,20230102,12:32,3852.00,3854.70,3850.80,3853.20,1190,0
ADANIENT,20230102,12:33,3854.95,3855.20,3852.00,3853.65,1137,0
ADANIENT,20230102,12:34,3852.15,3852.85,3849.00,3849.60,204,0
ADANIENT,20230102,12:35,3848.70,3851.95,3848.00,3850.10,458,0
ADANIENT,20230102,12:36,3849.15,3851.05,3848.30,3850.15,301,0
ADANIENT,20230102,12:37,3850.20,3851.20,3848.75,3849.60,349,0
ADANIENT,20230102,12:38,3849.35,3849.85,3846.10,3847.15,992,0
ADANIENT,20230102,12:39,3846.30,3849.60,3846.15,3847.60,523,0
ADANIENT,20230102,12:40,3847.60,3849.85,3846.05,3847.45,534,0
ADANIENT,20230102,12:41,3847.30,3848.90,3845.65,3847.50,532,0
ADANIENT,20230102,12:42,3846.95,3847.20,3844.00,3846.75,2883,0
ADANIENT,20230102,12:43,3845.80,3848.00,3845.80,3847.30,215,0
ADANIENT,20230102,12:44,3848.00,3849.85,3846.15,3848.80,417,0
ADANIENT,20230102,12:45,3847.40,3850.00,3846.35,3848.80,568,0
ADANIENT,20230102,12:46,3847.85,3850.70,3847.35,3848.20,365,0
ADANIENT,20230102,12:47,3849.60,3850.25,3848.00,3848.80,875,0
ADANIENT,20230102,12:48,3849.95,3849.95,3845.05,3846.15,585,0
ADANIENT,20230102,12:49,3845.00,3846.75,3844.65,3845.50,516,0
ADANIENT,20230102,12:50,3844.65,3847.95,3844.65,3845.85,440,0
ADANIENT,20230102,12:51,3845.10,3848.75,3845.10,3846.55,584,0
ADANIENT,20230102,12:52,3846.85,3846.85,3844.00,3844.10,388,0
ADANIENT,20230102,12:53,3844.25,3845.30,3841.05,3842.95,5057,0
ADANIENT,20230102,12:54,3842.00,3843.00,3835.00,3836.45,12361,0
ADANIENT,20230102,12:55,3836.25,3837.95,3833.40,3835.95,4653,0
ADANIENT,20230102,12:56,3835.00,3835.75,3826.05,3831.95,8227,0
ADANIENT,20230102,12:57,3830.00,3834.00,3830.00,3831.75,2702,0
ADANIENT,20230102,12:58,3831.30,3834.80,3828.00,3831.75,2506,0
ADANIENT,20230102,12:59,3831.30,3835.95,3828.00,3835.00,2102,0
ADANIENT,20230102,13:00,3835.00,3835.95,3831.30,3833.50,2335,0
ADANIENT,20230102,13:01,3833.15,3840.40,3833.15,3839.95,3639,0
ADANIENT,20230102,13:02,3840.00,3840.00,3835.15,3836.05,1012,0
ADANIENT,20230102,13:03,3837.30,3839.95,3836.00,3838.70,1278,0
ADANIENT,20230102,13:04,3839.50,3840.00,3836.15,3837.35,1829,0
ADANIENT,20230102,13:05,3838.00,3839.80,3836.15,3838.75,997,0
ADANIENT,20230102,13:06,3837.40,3841.50,3837.40,3838.65,1886,0
ADANIENT,20230102,13:07,3838.30,3841.00,3838.20,3839.30,486,0
ADANIENT,20230102,13:08,3840.20,3842.80,3839.95,3841.00,818,0
ADANIENT,20230102,13:09,3841.00,3845.05,3841.00,3844.00,2138,0
ADANIENT,20230102,13:10,3845.95,3845.95,3843.00,3843.00,659,0
ADANIENT,20230102,13:11,3842.05,3844.50,3841.05,3844.10,1049,0
ADANIENT,20230102,13:12,3844.15,3847.00,3842.55,3846.40,1270,0
ADANIENT,20230102,13:13,3847.00,3847.15,3842.95,3845.95,2626,0
ADANIENT,20230102,13:14,3846.00,3846.65,3843.20,3846.65,763,0
ADANIENT,20230102,13:15,3846.75,3847.00,3844.00,3844.00,926,0
ADANIENT,20230102,13:16,3843.20,3845.95,3843.20,3845.80,565,0
ADANIENT,20230102,13:17,3845.95,3845.95,3842.10,3844.00,644,0
ADANIENT,20230102,13:18,3844.00,3845.00,3843.00,3843.65,665,0
ADANIENT,20230102,13:19,3843.55,3844.60,3843.00,3844.00,730,0
ADANIENT,20230102,13:20,3844.00,3844.00,3843.00,3843.00,493,0
ADANIENT,20230102,13:21,3842.60,3843.65,3839.00,3841.45,1956,0
ADANIENT,20230102,13:22,3842.05,3845.45,3840.65,3844.95,927,0
ADANIENT,20230102,13:23,3844.95,3846.00,3844.10,3844.95,999,0
ADANIENT,20230102,13:24,3844.90,3847.45,3844.90,3846.05,2534,0
ADANIENT,20230102,13:25,3846.00,3846.00,3845.00,3845.45,1245,0
ADANIENT,20230102,13:26,3845.05,3845.95,3845.00,3845.20,683,0
ADANIENT,20230102,13:27,3845.00,3845.45,3845.00,3845.10,727,0
ADANIENT,20230102,13:28,3845.00,3845.20,3845.00,3845.00,720,0
ADANIENT,20230102,13:29,3845.00,3845.95,3844.10,3845.45,761,0
ADANIENT,20230102,13:30,3845.10,3846.00,3845.00,3845.00,1277,0
ADANIENT,20230102,13:31,3845.00,3846.00,3845.00,3845.50,1221,0
ADANIENT,20230102,13:32,3845.20,3847.00,3845.00,3847.00,811,0
ADANIENT,20230102,13:33,3847.00,3847.45,3845.00,3846.05,545,0
ADANIENT,20230102,13:34,3845.20,3846.25,3845.00,3846.00,446,0
ADANIENT,20230102,13:35,3846.00,3847.00,3845.00,3845.45,602,0
ADANIENT,20230102,13:36,3845.00,3846.90,3845.00,3845.15,181,0
ADANIENT,20230102,13:37,3846.25,3846.30,3845.15,3846.00,313,0
ADANIENT,20230102,13:38,3845.20,3846.75,3845.00,3845.00,342,0
ADANIENT,20230102,13:39,3845.35,3846.50,3845.00,3846.50,332,0
ADANIENT,20230102,13:40,3846.50,3847.00,3845.00,3845.55,728,0
ADANIENT,20230102,13:41,3845.25,3846.80,3845.00,3846.80,410,0
ADANIENT,20230102,13:42,3846.80,3846.80,3845.00,3845.50,1439,0
ADANIENT,20230102,13:43,3845.00,3846.60,3845.00,3845.05,301,0
ADANIENT,20230102,13:44,3845.05,3845.80,3845.00,3845.00,813,0
ADANIENT,20230102,13:45,3845.00,3846.05,3845.00,3845.95,1421,0
ADANIENT,20230102,13:46,3845.00,3846.00,3845.00,3845.05,341,0
ADANIENT,20230102,13:47,3845.10,3846.00,3845.05,3845.50,347,0
ADANIENT,20230102,13:48,3846.00,3846.00,3845.15,3845.55,264,0
ADANIENT,20230102,13:49,3845.15,3845.50,3845.00,3845.25,241,0
ADANIENT,20230102,13:50,3845.25,3846.50,3845.00,3845.80,891,0
ADANIENT,20230102,13:51,3845.15,3846.85,3845.15,3845.80,551,0
ADANIENT,20230102,13:52,3845.40,3846.00,3845.00,3845.05,290,0
ADANIENT,20230102,13:53,3845.00,3846.00,3845.00,3845.20,1046,0
ADANIENT,20230102,13:54,3846.00,3846.00,3845.00,3845.05,153,0
ADANIENT,20230102,13:55,3845.00,3845.95,3845.00,3845.10,1003,0
ADANIENT,20230102,13:56,3845.00,3846.80,3845.00,3845.95,646,0
ADANIENT,20230102,13:57,3845.20,3845.95,3845.10,3845.30,369,0
ADANIENT,20230102,13:58,3845.00,3845.95,3845.00,3845.10,1515,0
ADANIENT,20230102,13:59,3845.05,3845.95,3845.00,3845.10,340,0
ADANIENT,20230102,14:00,3845.00,3845.95,3845.00,3845.95,1254,0
ADANIENT,20230102,14:01,3845.95,3847.45,3845.10,3846.00,2109,0
ADANIENT,20230102,14:02,3846.00,3846.00,3842.80,3843.10,2088,0
ADANIENT,20230102,14:03,3843.00,3844.45,3836.25,3837.10,4618,0
ADANIENT,20230102,14:04,3836.15,3838.00,3831.15,3835.20,3637,0
ADANIENT,20230102,14:05,3835.00,3838.75,3833.05,3837.00,1777,0
ADANIENT,20230102,14:06,3837.55,3839.90,3837.15,3838.70,1731,0
ADANIENT,20230102,14:07,3838.00,3838.00,3833.40,3834.40,3775,0
ADANIENT,20230102,14:08,3833.95,3835.00,3829.00,3829.05,4180,0
ADANIENT,20230102,14:09,3828.85,3834.00,3827.00,3832.55,5422,0
ADANIENT,20230102,14:10,3832.80,3836.85,3831.05,3835.45,1210,0
ADANIENT,20230102,14:11,3836.00,3836.85,3834.70,3835.40,1913,0
ADANIENT,20230102,14:12,3836.85,3836.85,3833.50,3834.65,2152,0
ADANIENT,20230102,14:13,3835.30,3836.85,3833.20,3836.85,1706,0
ADANIENT,20230102,14:14,3835.85,3836.85,3833.50,3834.40,296,0
ADANIENT,20230102,14:15,3834.55,3836.00,3834.00,3834.50,331,0
ADANIENT,20230102,14:16,3834.00,3834.70,3823.05,3826.55,8800,0
ADANIENT,20230102,14:17,3826.55,3829.65,3826.05,3828.05,1858,0
ADANIENT,20230102,14:18,3827.95,3827.95,3824.00,3824.00,2004,0
ADANIENT,20230102,14:19,3826.90,3830.00,3825.00,3829.05,1528,0
ADANIENT,20230102,14:20,3827.00,3828.30,3826.00,3826.20,4586,0
ADANIENT,20230102,14:21,3827.40,3827.40,3822.55,3825.25,1629,0
ADANIENT,20230102,14:22,3824.50,3828.70,3824.00,3828.70,1979,0
ADANIENT,20230102,14:23,3828.50,3830.00,3828.00,3829.60,5089,0
ADANIENT,20230102,14:24,3829.90,3830.00,3828.00,3828.00,1750,0
ADANIENT,20230102,14:25,3828.80,3833.40,3828.35,3833.40,3858,0
ADANIENT,20230102,14:26,3833.00,3833.00,3830.50,3832.00,2287,0
ADANIENT,20230102,14:27,3833.65,3833.65,3831.00,3833.00,1043,0
ADANIENT,20230102,14:28,3831.45,3833.90,3831.45,3833.75,856,0
ADANIENT,20230102,14:29,3833.75,3836.05,3832.00,3832.55,2941,0
ADANIENT,20230102,14:30,3832.40,3833.50,3826.00,3830.05,3023,0
ADANIENT,20230102,14:31,3830.45,3835.10,3830.45,3832.55,1364,0
ADANIENT,20230102,14:32,3832.10,3836.60,3832.00,3834.60,1415,0
ADANIENT,20230102,14:33,3834.35,3836.45,3827.50,3829.25,2886,0
ADANIENT,20230102,14:34,3828.50,3832.00,3827.50,3830.20,1375,0
ADANIENT,20230102,14:35,3830.20,3834.15,3830.20,3833.65,571,0
ADANIENT,20230102,14:36,3834.00,3835.90,3833.75,3834.80,1052,0
ADANIENT,20230102,14:37,3835.35,3835.35,3830.45,3831.75,1727,0
ADANIENT,20230102,14:38,3831.75,3834.00,3831.30,3832.10,1197,0
ADANIENT,20230102,14:39,3832.10,3833.70,3830.00,3833.70,450,0
ADANIENT,20230102,14:40,3832.70,3835.00,3832.05,3834.15,1321,0
ADANIENT,20230102,14:41,3834.15,3834.50,3832.30,3832.50,256,0
ADANIENT,20230102,14:42,3832.10,3839.80,3832.10,3835.90,5872,0
ADANIENT,20230102,14:43,3835.20,3838.25,3833.55,3835.60,2310,0
ADANIENT,20230102,14:44,3835.00,3836.60,3833.05,3834.45,581,0
ADANIENT,20230102,14:45,3833.50,3834.75,3831.85,3831.85,707,0
ADANIENT,20230102,14:46,3830.00,3833.50,3829.55,3830.40,2399,0
ADANIENT,20230102,14:47,3831.30,3839.40,3828.75,3839.00,7772,0
ADANIENT,20230102,14:48,3841.10,3844.75,3838.10,3840.55,7366,0
ADANIENT,20230102,14:49,3840.00,3841.15,3838.00,3838.70,1259,0
ADANIENT,20230102,14:50,3837.55,3841.00,3837.55,3840.70,1698,0
ADANIENT,20230102,14:51,3841.00,3843.20,3840.45,3841.10,2292,0
ADANIENT,20230102,14:52,3841.00,3844.90,3841.00,3843.55,4085,0
ADANIENT,20230102,14:53,3843.55,3844.80,3842.00,3843.00,3553,0
ADANIENT,20230102,14:54,3843.00,3847.50,3843.00,3845.20,7396,0
ADANIENT,20230102,14:55,3845.10,3847.85,3845.00,3845.05,3126,0
ADANIENT,20230102,14:56,3846.00,3848.00,3845.20,3847.05,2573,0
ADANIENT,20230102,14:57,3847.05,3850.00,3846.65,3848.05,9657,0
ADANIENT,20230102,14:58,3848.00,3849.70,3848.00,3848.10,2768,0
ADANIENT,20230102,14:59,3848.00,3851.00,3846.00,3850.20,10489,0
ADANIENT,20230102,15:00,3848.50,3849.95,3845.00,3845.00,3112,0
ADANIENT,20230102,15:01,3845.40,3849.55,3843.00,3843.00,5936,0
ADANIENT,20230102,15:02,3843.00,3844.00,3840.55,3841.70,2329,0
ADANIENT,20230102,15:03,3840.10,3844.00,3840.00,3840.10,3937,0
ADANIENT,20230102,15:04,3840.00,3842.95,3840.00,3840.10,2432,0
ADANIENT,20230102,15:05,3840.10,3843.00,3840.10,3843.00,1859,0
ADANIENT,20230102,15:06,3840.75,3843.40,3840.00,3841.45,4168,0
ADANIENT,20230102,15:07,3840.00,3840.65,3838.50,3839.00,5281,0
ADANIENT,20230102,15:08,3839.20,3839.20,3835.00,3835.55,5235,0
ADANIENT,20230102,15:09,3835.40,3840.45,3835.10,3839.35,7449,0
ADANIENT,20230102,15:10,3841.00,3843.75,3837.95,3843.75,4014,0
ADANIENT,20230102,15:11,3843.90,3843.95,3840.85,3842.45,3500,0
ADANIENT,20230102,15:12,3842.95,3843.10,3838.15,3838.75,1284,0
ADANIENT,20230102,15:13,3839.00,3840.00,3838.00,3839.00,4683,0
ADANIENT,20230102,15:14,3839.00,3842.00,3838.00,3841.05,6143,0
ADANIENT,20230102,15:15,3841.05,3842.00,3840.00,3841.00,3175,0
ADANIENT,20230102,15:16,3841.00,3842.00,3840.00,3840.60,8951,0
ADANIENT,20230102,15:17,3842.00,3844.70,3842.00,3844.70,5770,0
ADANIENT,20230102,15:18,3844.70,3844.70,3842.00,3842.00,2533,0
ADANIENT,20230102,15:19,3842.20,3843.85,3840.40,3842.95,8011,0
ADANIENT,20230102,15:20,3841.40,3842.95,3840.35,3842.40,3485,0
ADANIENT,20230102,15:21,3842.00,3843.80,3838.00,3839.55,20752,0
ADANIENT,20230102,15:22,3841.90,3841.90,3836.65,3837.60,8101,0
ADANIENT,20230102,15:23,3839.80,3841.70,3838.05,3841.45,1310,0
ADANIENT,20230102,15:24,3841.45,3841.45,3839.00,3839.45,1034,0
ADANIENT,20230102,15:25,3839.45,3840.55,3836.00,3840.00,8824,0
ADANIENT,20230102,15:26,3840.30,3841.00,3840.00,3841.00,4046,0
ADANIENT,20230102,15:27,3840.50,3844.75,3840.50,3844.00,5205,0
ADANIENT,20230102,15:28,3845.00,3845.00,3843.00,3845.00,4793,0
ADANIENT,20230102,15:29,3845.95,3848.65,3844.40,3844.45,5159,0
ADANIENT,20230102,15:30,3845.00,3845.00,3843.00,3843.00,2136,0
ADANIENT,20230102,15:32,3841.20,3841.20,3841.20,3841.20,0,0
ADANIENT,20230102,15:41,3841.20,3841.20,3841.20,3841.20,10,0
ADANIENT,20230102,16:53,3841.20,3841.20,3841.20,3841.20,0,0
