HINDUNILVR_F1,20190703,09:16,1808.60,1808.60,1797.05,1798.45,15900,11223600
HINDUNILVR_F1,20190703,09:17,1797.00,1798.55,1795.20,1797.25,8400,11223600
HINDUNILVR_F1,20190703,09:18,1795.50,1796.70,1794.00,1795.05,10500,11230800
HINDUNILVR_F1,20190703,09:19,1795.85,1795.85,1792.50,1793.70,6900,11230800
HINDUNILVR_F1,20190703,09:20,1793.40,1793.95,1793.00,1793.40,4800,11230800
HINDUNILVR_F1,20190703,09:21,1792.70,1794.80,1792.25,1793.45,6300,11239200
HINDUNILVR_F1,20190703,09:22,1793.45,1795.35,1793.45,1794.50,5400,11239200
HINDUNILVR_F1,20190703,09:23,1794.65,1796.50,1794.60,1795.50,7800,11239200
HINDUNILVR_F1,20190703,09:24,1795.15,1795.50,1795.05,1795.50,3600,11243100
HINDUNILVR_F1,20190703,09:25,1796.60,1796.70,1795.15,1795.15,3300,11243100
HINDUNILVR_F1,20190703,09:26,1795.00,1795.00,1794.15,1794.15,1500,11243100
HINDUNILVR_F1,20190703,09:27,1794.10,1795.00,1794.10,1794.15,1800,11242800
HINDUNILVR_F1,20190703,09:28,1795.05,1795.05,1794.20,1794.90,5100,11242800
HINDUNILVR_F1,20190703,09:29,1795.55,1795.60,1795.10,1795.60,4200,11242800
HINDUNILVR_F1,20190703,09:30,1795.50,1795.50,1794.95,1795.25,6300,11243100
HINDUNILVR_F1,20190703,09:31,1795.40,1798.25,1795.40,1797.80,5100,11243100
HINDUNILVR_F1,20190703,09:32,1797.00,1797.80,1796.50,1797.80,4800,11243100
HINDUNILVR_F1,20190703,09:33,1797.00,1797.05,1796.20,1796.20,2700,11244900
HINDUNILVR_F1,20190703,09:34,1796.65,1797.90,1796.65,1797.90,4200,11244900
HINDUNILVR_F1,20190703,09:35,1797.40,1797.40,1796.55,1796.60,2400,11244900
HINDUNILVR_F1,20190703,09:36,1796.20,1796.20,1796.05,1796.20,1200,11244900
HINDUNILVR_F1,20190703,09:37,1796.25,1796.65,1796.10,1796.10,1200,11244600
HINDUNILVR_F1,20190703,09:38,1795.35,1795.90,1795.35,1795.90,1500,11244600
HINDUNILVR_F1,20190703,09:39,1796.05,1796.15,1795.80,1795.80,2700,11240100
HINDUNILVR_F1,20190703,09:40,1795.95,1796.50,1795.75,1795.75,2700,11240100
HINDUNILVR_F1,20190703,09:41,1795.80,1795.80,1794.60,1794.75,3000,11240100
HINDUNILVR_F1,20190703,09:42,1795.45,1795.45,1794.10,1794.65,1800,11246700
HINDUNILVR_F1,20190703,09:43,1794.10,1794.10,1793.20,1793.75,4500,11246700
HINDUNILVR_F1,20190703,09:45,1793.15,1794.00,1793.15,1794.00,1200,11249400
HINDUNILVR_F1,20190703,09:46,1793.95,1793.95,1793.10,1793.10,3600,11249400
HINDUNILVR_F1,20190703,09:47,1793.30,1795.05,1793.30,1795.05,2400,11249400
HINDUNILVR_F1,20190703,09:48,1794.45,1794.45,1794.25,1794.25,600,11251200
HINDUNILVR_F1,20190703,09:49,1795.20,1795.20,1794.40,1794.40,900,11251200
HINDUNILVR_F1,20190703,09:50,1794.90,1794.90,1794.55,1794.55,1500,11251200
HINDUNILVR_F1,20190703,09:51,1795.00,1795.90,1794.75,1795.90,2400,11250000
HINDUNILVR_F1,20190703,09:53,1796.00,1797.00,1796.00,1796.00,1800,11250000
HINDUNILVR_F1,20190703,09:55,1797.25,1797.80,1794.70,1795.35,16500,11247900
HINDUNILVR_F1,20190703,09:56,1795.60,1795.60,1795.60,1795.60,300,11247900
HINDUNILVR_F1,20190703,09:57,1797.00,1797.05,1797.00,1797.05,600,11247900
HINDUNILVR_F1,20190703,09:58,1796.55,1796.55,1795.45,1796.30,1500,11259900
HINDUNILVR_F1,20190703,09:59,1796.20,1796.20,1796.20,1796.20,600,11259900
HINDUNILVR_F1,20190703,10:00,1796.60,1796.60,1795.75,1795.75,1500,11249700
HINDUNILVR_F1,20190703,10:01,1796.05,1796.05,1796.05,1796.05,300,11249700
HINDUNILVR_F1,20190703,10:02,1796.30,1796.30,1795.45,1795.45,1500,11249700
HINDUNILVR_F1,20190703,10:03,1796.15,1796.15,1795.15,1795.15,1800,11251200
HINDUNILVR_F1,20190703,10:04,1795.60,1795.60,1795.15,1795.15,1500,11251200
HINDUNILVR_F1,20190703,10:05,1796.10,1797.20,1796.10,1796.45,2100,11251200
HINDUNILVR_F1,20190703,10:06,1797.00,1797.00,1797.00,1797.00,600,11251200
HINDUNILVR_F1,20190703,10:07,1796.40,1797.30,1796.40,1797.00,1200,11251200
HINDUNILVR_F1,20190703,10:08,1796.65,1796.75,1796.00,1796.75,1800,11251200
HINDUNILVR_F1,20190703,10:09,1796.25,1797.30,1796.25,1797.30,2400,11253300
HINDUNILVR_F1,20190703,10:10,1797.50,1797.50,1797.50,1797.50,900,11253300
HINDUNILVR_F1,20190703,10:12,1797.50,1797.50,1797.50,1797.50,300,11253300
HINDUNILVR_F1,20190703,10:14,1797.95,1797.95,1797.10,1797.10,1200,11253900
HINDUNILVR_F1,20190703,10:15,1796.70,1796.70,1795.70,1796.50,1800,11254200
HINDUNILVR_F1,20190703,10:16,1797.00,1798.25,1797.00,1798.25,4200,11254200
HINDUNILVR_F1,20190703,10:17,1797.80,1798.05,1797.80,1798.05,1500,11254200
HINDUNILVR_F1,20190703,10:18,1798.20,1798.20,1798.20,1798.20,5700,11254200
HINDUNILVR_F1,20190703,10:19,1797.80,1797.80,1797.40,1797.40,600,11249700
HINDUNILVR_F1,20190703,10:20,1796.25,1796.70,1796.25,1796.70,600,11249700
HINDUNILVR_F1,20190703,10:21,1796.20,1796.20,1796.20,1796.20,600,11250300
HINDUNILVR_F1,20190703,10:23,1795.70,1795.70,1795.70,1795.70,300,11250300
HINDUNILVR_F1,20190703,10:24,1796.70,1798.10,1796.70,1798.10,6300,11250000
HINDUNILVR_F1,20190703,10:25,1798.50,1799.95,1798.50,1799.95,2100,11250000
HINDUNILVR_F1,20190703,10:26,1800.00,1800.00,1798.45,1798.50,2700,11250000
HINDUNILVR_F1,20190703,10:28,1799.95,1799.95,1799.55,1799.55,600,11253300
HINDUNILVR_F1,20190703,10:29,1798.10,1799.00,1798.10,1798.25,1800,11253300
HINDUNILVR_F1,20190703,10:30,1798.55,1798.55,1798.55,1798.55,600,11253300
HINDUNILVR_F1,20190703,10:31,1798.05,1798.05,1798.05,1798.05,300,11252700
HINDUNILVR_F1,20190703,10:32,1798.70,1798.70,1798.30,1798.30,900,11252700
HINDUNILVR_F1,20190703,10:33,1799.00,1799.00,1798.30,1798.90,3000,11253000
HINDUNILVR_F1,20190703,10:34,1799.25,1799.50,1798.50,1798.50,2100,11253000
HINDUNILVR_F1,20190703,10:35,1798.60,1798.60,1798.60,1798.60,300,11253000
HINDUNILVR_F1,20190703,10:36,1799.00,1799.00,1799.00,1799.00,600,11253000
HINDUNILVR_F1,20190703,10:37,1799.25,1799.50,1799.25,1799.50,600,11255100
HINDUNILVR_F1,20190703,10:38,1799.05,1799.05,1798.50,1798.50,600,11255100
HINDUNILVR_F1,20190703,10:39,1798.50,1798.50,1798.50,1798.50,300,11255100
HINDUNILVR_F1,20190703,10:40,1798.35,1798.35,1798.25,1798.25,600,11255700
HINDUNILVR_F1,20190703,10:41,1798.70,1798.70,1798.25,1798.25,900,11255700
HINDUNILVR_F1,20190703,10:42,1798.90,1798.90,1798.45,1798.45,600,11245500
HINDUNILVR_F1,20190703,10:43,1798.90,1798.90,1798.90,1798.90,300,11245500
HINDUNILVR_F1,20190703,10:44,1798.60,1798.60,1798.45,1798.45,900,11245500
HINDUNILVR_F1,20190703,10:45,1798.40,1798.45,1798.40,1798.45,900,11247300
HINDUNILVR_F1,20190703,10:46,1796.75,1796.75,1796.10,1796.10,5700,11247300
HINDUNILVR_F1,20190703,10:47,1796.05,1796.05,1795.90,1795.90,5100,11247300
HINDUNILVR_F1,20190703,10:48,1796.15,1796.15,1796.15,1796.15,300,11247300
HINDUNILVR_F1,20190703,10:50,1796.30,1796.30,1795.75,1795.75,3600,11248800
HINDUNILVR_F1,20190703,10:51,1796.50,1796.50,1796.50,1796.50,1500,11247300
HINDUNILVR_F1,20190703,10:52,1798.50,1798.95,1798.35,1798.35,1200,11247300
HINDUNILVR_F1,20190703,10:53,1798.30,1798.40,1797.85,1797.85,1200,11247300
HINDUNILVR_F1,20190703,10:54,1797.50,1798.00,1797.10,1797.70,2100,11248800
HINDUNILVR_F1,20190703,10:55,1798.00,1798.00,1798.00,1798.00,900,11248800
HINDUNILVR_F1,20190703,10:56,1797.70,1797.70,1795.95,1796.00,13200,11248800
HINDUNILVR_F1,20190703,10:58,1796.60,1797.20,1796.50,1797.15,2700,11262300
HINDUNILVR_F1,20190703,10:59,1797.25,1797.25,1797.00,1797.20,1800,11262300
HINDUNILVR_F1,20190703,11:00,1797.35,1797.35,1795.75,1795.75,3000,11260800
HINDUNILVR_F1,20190703,11:01,1796.20,1796.20,1795.50,1795.50,600,11260800
HINDUNILVR_F1,20190703,11:02,1795.65,1796.55,1795.65,1796.55,1200,11260800
HINDUNILVR_F1,20190703,11:03,1797.25,1797.25,1796.50,1796.85,900,11260800
HINDUNILVR_F1,20190703,11:04,1796.50,1796.50,1795.15,1795.50,2400,11263500
HINDUNILVR_F1,20190703,11:06,1795.45,1796.00,1795.45,1796.00,2400,11264700
HINDUNILVR_F1,20190703,11:07,1795.75,1797.90,1795.75,1797.60,10800,11264700
HINDUNILVR_F1,20190703,11:08,1797.95,1797.95,1796.55,1796.85,1800,11264700
HINDUNILVR_F1,20190703,11:09,1796.80,1796.80,1796.50,1796.50,600,11266800
HINDUNILVR_F1,20190703,11:10,1797.20,1798.00,1796.90,1798.00,3600,11266800
HINDUNILVR_F1,20190703,11:11,1798.20,1798.45,1797.45,1797.45,4500,11266800
HINDUNILVR_F1,20190703,11:12,1796.30,1796.30,1796.30,1796.30,300,11266800
HINDUNILVR_F1,20190703,11:14,1796.25,1796.25,1796.25,1796.25,300,11269500
HINDUNILVR_F1,20190703,11:15,1796.10,1796.10,1795.50,1795.50,900,11267100
HINDUNILVR_F1,20190703,11:17,1795.90,1795.90,1795.65,1795.65,900,11267100
HINDUNILVR_F1,20190703,11:18,1795.10,1795.20,1795.05,1795.15,2100,11267400
HINDUNILVR_F1,20190703,11:19,1795.95,1796.10,1795.95,1796.10,900,11267400
HINDUNILVR_F1,20190703,11:20,1796.50,1796.50,1796.15,1796.15,600,11267400
HINDUNILVR_F1,20190703,11:21,1795.60,1795.60,1795.60,1795.60,600,11266500
HINDUNILVR_F1,20190703,11:24,1795.55,1796.05,1795.45,1795.45,900,11266500
HINDUNILVR_F1,20190703,11:25,1795.80,1795.80,1795.30,1795.30,900,11265900
HINDUNILVR_F1,20190703,11:27,1795.50,1795.50,1795.30,1795.30,600,11266800
HINDUNILVR_F1,20190703,11:28,1796.05,1796.05,1796.05,1796.05,300,11266800
HINDUNILVR_F1,20190703,11:29,1796.10,1796.65,1795.90,1796.65,900,11266800
HINDUNILVR_F1,20190703,11:30,1796.60,1796.60,1796.60,1796.60,300,11265900
HINDUNILVR_F1,20190703,11:31,1796.65,1796.65,1796.65,1796.65,300,11265900
HINDUNILVR_F1,20190703,11:32,1796.35,1796.50,1796.35,1796.50,600,11265900
HINDUNILVR_F1,20190703,11:34,1796.30,1796.30,1796.30,1796.30,300,11266200
HINDUNILVR_F1,20190703,11:35,1796.60,1796.60,1796.60,1796.60,300,11266200
HINDUNILVR_F1,20190703,11:36,1796.45,1796.95,1796.45,1796.95,900,11265900
HINDUNILVR_F1,20190703,11:37,1796.75,1796.75,1796.40,1796.40,1200,11265900
HINDUNILVR_F1,20190703,11:38,1796.60,1796.80,1796.60,1796.80,1500,11265900
HINDUNILVR_F1,20190703,11:40,1796.25,1796.25,1795.85,1795.85,2100,11264400
HINDUNILVR_F1,20190703,11:41,1795.60,1795.65,1795.60,1795.65,600,11264400
HINDUNILVR_F1,20190703,11:42,1796.00,1796.65,1796.00,1796.65,900,11265600
HINDUNILVR_F1,20190703,11:44,1796.20,1796.20,1796.20,1796.20,900,11265600
HINDUNILVR_F1,20190703,11:45,1796.50,1796.50,1796.35,1796.35,900,11265900
HINDUNILVR_F1,20190703,11:46,1796.90,1796.90,1796.90,1796.90,300,11265900
HINDUNILVR_F1,20190703,11:47,1796.30,1796.30,1796.30,1796.30,300,11265900
HINDUNILVR_F1,20190703,11:49,1796.35,1796.35,1796.35,1796.35,300,11266200
HINDUNILVR_F1,20190703,11:50,1796.10,1796.75,1796.10,1796.75,600,11266200
HINDUNILVR_F1,20190703,11:51,1796.20,1796.20,1796.20,1796.20,300,11266200
HINDUNILVR_F1,20190703,11:53,1796.45,1796.80,1796.45,1796.80,1200,11266800
HINDUNILVR_F1,20190703,11:54,1796.25,1796.25,1796.25,1796.25,600,11266200
HINDUNILVR_F1,20190703,11:55,1796.45,1796.45,1795.95,1795.95,600,11266200
HINDUNILVR_F1,20190703,11:57,1796.25,1796.25,1796.25,1796.25,600,11266200
HINDUNILVR_F1,20190703,11:58,1796.00,1796.80,1796.00,1796.80,600,11267100
HINDUNILVR_F1,20190703,11:59,1796.20,1796.20,1796.20,1796.20,300,11267100
HINDUNILVR_F1,20190703,12:00,1796.40,1797.20,1796.40,1797.20,1500,11265000
HINDUNILVR_F1,20190703,12:01,1796.20,1796.20,1796.20,1796.20,600,11265000
HINDUNILVR_F1,20190703,12:02,1796.25,1796.25,1796.10,1796.10,900,11265000
HINDUNILVR_F1,20190703,12:03,1796.25,1796.25,1796.25,1796.25,600,11265000
HINDUNILVR_F1,20190703,12:04,1796.40,1796.40,1796.40,1796.40,300,11265300
HINDUNILVR_F1,20190703,12:05,1795.90,1796.05,1795.55,1796.05,2400,11265300
HINDUNILVR_F1,20190703,12:06,1795.10,1795.55,1795.10,1795.50,1500,11265300
HINDUNILVR_F1,20190703,12:07,1795.00,1795.00,1795.00,1795.00,1500,11268000
HINDUNILVR_F1,20190703,12:08,1794.55,1795.30,1794.55,1795.30,5400,11268000
HINDUNILVR_F1,20190703,12:09,1795.60,1795.60,1795.60,1795.60,1800,11272200
HINDUNILVR_F1,20190703,12:10,1795.00,1795.00,1794.80,1794.80,600,11272200
HINDUNILVR_F1,20190703,12:11,1794.35,1794.60,1793.90,1794.60,2400,11272200
HINDUNILVR_F1,20190703,12:12,1794.05,1794.95,1794.05,1794.95,2100,11272200
HINDUNILVR_F1,20190703,12:14,1794.50,1794.80,1794.25,1794.80,1200,11274600
HINDUNILVR_F1,20190703,12:16,1794.95,1795.15,1794.95,1795.15,900,11271600
HINDUNILVR_F1,20190703,12:17,1795.35,1795.95,1795.35,1795.95,1200,11271600
HINDUNILVR_F1,20190703,12:18,1795.95,1796.65,1795.95,1796.10,1800,11270400
HINDUNILVR_F1,20190703,12:19,1796.10,1796.85,1795.80,1796.85,1500,11270400
HINDUNILVR_F1,20190703,12:20,1797.80,1797.80,1797.45,1797.70,900,11270400
HINDUNILVR_F1,20190703,12:21,1798.20,1798.40,1797.30,1797.30,3600,11270100
HINDUNILVR_F1,20190703,12:22,1796.70,1796.95,1796.70,1796.95,600,11270100
HINDUNILVR_F1,20190703,12:23,1797.60,1797.60,1797.60,1797.60,300,11270100
HINDUNILVR_F1,20190703,12:24,1797.60,1798.00,1797.60,1798.00,2700,11269800
HINDUNILVR_F1,20190703,12:25,1798.70,1798.70,1797.40,1798.60,4500,11269800
HINDUNILVR_F1,20190703,12:26,1798.65,1799.05,1798.65,1798.95,7200,11269800
HINDUNILVR_F1,20190703,12:27,1798.05,1798.05,1798.05,1798.05,1200,11269800
HINDUNILVR_F1,20190703,12:28,1797.55,1798.55,1797.55,1798.55,1200,11262600
HINDUNILVR_F1,20190703,12:29,1799.20,1799.20,1798.15,1798.15,3900,11262600
HINDUNILVR_F1,20190703,12:30,1798.90,1799.05,1798.00,1798.00,4500,11260200
HINDUNILVR_F1,20190703,12:31,1798.75,1799.00,1798.75,1799.00,1200,11260200
HINDUNILVR_F1,20190703,12:32,1799.00,1799.00,1798.25,1798.25,2700,11260200
HINDUNILVR_F1,20190703,12:33,1798.30,1799.00,1798.30,1798.85,4200,11261700
HINDUNILVR_F1,20190703,12:34,1798.05,1798.65,1798.05,1798.65,3300,11261700
HINDUNILVR_F1,20190703,12:35,1798.70,1798.70,1798.70,1798.70,300,11261700
HINDUNILVR_F1,20190703,12:36,1798.50,1798.75,1798.50,1798.75,600,11261100
HINDUNILVR_F1,20190703,12:37,1797.70,1797.70,1797.70,1797.70,2100,11261100
HINDUNILVR_F1,20190703,12:38,1798.30,1798.30,1797.75,1797.75,600,11261100
HINDUNILVR_F1,20190703,12:41,1797.75,1797.75,1796.95,1796.95,600,11262000
HINDUNILVR_F1,20190703,12:43,1796.90,1796.90,1796.90,1796.90,300,11262000
HINDUNILVR_F1,20190703,12:45,1797.15,1797.85,1797.15,1797.80,1500,11261400
HINDUNILVR_F1,20190703,12:48,1797.85,1797.85,1797.85,1797.85,300,11261400
HINDUNILVR_F1,20190703,12:49,1797.65,1797.65,1797.65,1797.65,300,11261400
HINDUNILVR_F1,20190703,12:50,1798.00,1798.00,1798.00,1798.00,300,11260800
HINDUNILVR_F1,20190703,12:52,1798.00,1798.00,1798.00,1798.00,300,11260800
HINDUNILVR_F1,20190703,12:54,1798.00,1798.00,1798.00,1798.00,300,11261400
HINDUNILVR_F1,20190703,12:55,1798.45,1798.75,1798.45,1798.75,900,11261100
HINDUNILVR_F1,20190703,12:56,1798.80,1799.20,1798.75,1799.20,9600,11261100
HINDUNILVR_F1,20190703,12:57,1798.90,1799.20,1798.15,1798.90,9000,11269800
HINDUNILVR_F1,20190703,12:58,1798.45,1798.45,1798.30,1798.30,600,11269800
HINDUNILVR_F1,20190703,12:59,1798.90,1800.40,1798.85,1800.40,6000,11269800
HINDUNILVR_F1,20190703,13:00,1800.85,1801.85,1800.55,1800.55,6000,11279400
HINDUNILVR_F1,20190703,13:01,1800.15,1800.15,1798.60,1798.60,2400,11279400
HINDUNILVR_F1,20190703,13:02,1798.40,1798.40,1797.80,1797.80,2100,11279400
HINDUNILVR_F1,20190703,13:04,1797.80,1797.80,1797.80,1797.80,300,11283000
HINDUNILVR_F1,20190703,13:05,1797.20,1797.20,1797.20,1797.20,300,11283000
HINDUNILVR_F1,20190703,13:07,1797.75,1797.75,1797.75,1797.75,600,11283000
HINDUNILVR_F1,20190703,13:08,1798.20,1798.65,1798.20,1798.50,1800,11283000
HINDUNILVR_F1,20190703,13:09,1798.60,1798.60,1798.60,1798.60,300,11283300
HINDUNILVR_F1,20190703,13:10,1798.80,1798.80,1798.80,1798.80,300,11283300
HINDUNILVR_F1,20190703,13:11,1798.45,1798.45,1797.25,1797.25,1500,11283300
HINDUNILVR_F1,20190703,13:12,1798.30,1799.85,1798.30,1799.85,4200,11284800
HINDUNILVR_F1,20190703,13:13,1799.85,1799.85,1799.35,1799.60,900,11284800
HINDUNILVR_F1,20190703,13:15,1799.85,1799.85,1799.85,1799.85,300,11283600
HINDUNILVR_F1,20190703,13:16,1800.40,1800.40,1800.05,1800.05,2400,11283600
HINDUNILVR_F1,20190703,13:17,1801.50,1801.50,1801.00,1801.00,29400,11283600
HINDUNILVR_F1,20190703,13:18,1800.50,1800.50,1800.10,1800.10,1200,11283300
HINDUNILVR_F1,20190703,13:19,1800.10,1800.85,1800.10,1800.85,1200,11283300
HINDUNILVR_F1,20190703,13:20,1800.60,1800.60,1800.20,1800.20,900,11283300
HINDUNILVR_F1,20190703,13:22,1800.00,1800.00,1800.00,1800.00,2100,11282700
HINDUNILVR_F1,20190703,13:23,1799.70,1799.70,1799.70,1799.70,300,11282700
HINDUNILVR_F1,20190703,13:24,1800.00,1800.00,1799.55,1799.60,900,11282700
HINDUNILVR_F1,20190703,13:26,1799.65,1799.65,1799.30,1799.30,600,11282400
HINDUNILVR_F1,20190703,13:27,1799.50,1799.70,1799.50,1799.70,600,11282400
HINDUNILVR_F1,20190703,13:28,1799.70,1799.70,1798.45,1798.45,1800,11283300
HINDUNILVR_F1,20190703,13:29,1799.65,1799.65,1799.50,1799.50,900,11283300
HINDUNILVR_F1,20190703,13:30,1800.00,1800.00,1798.80,1799.35,1500,11285100
HINDUNILVR_F1,20190703,13:32,1798.90,1798.90,1798.75,1798.75,600,11285100
HINDUNILVR_F1,20190703,13:33,1798.75,1798.75,1798.50,1798.50,600,11284800
HINDUNILVR_F1,20190703,13:35,1798.45,1798.45,1798.40,1798.40,600,11284800
HINDUNILVR_F1,20190703,13:36,1798.05,1798.05,1798.05,1798.05,300,11283000
HINDUNILVR_F1,20190703,13:38,1798.25,1798.25,1798.25,1798.25,600,11283000
HINDUNILVR_F1,20190703,13:39,1797.05,1797.05,1797.05,1797.05,300,11283000
HINDUNILVR_F1,20190703,13:40,1797.20,1797.20,1797.20,1797.20,300,11282700
HINDUNILVR_F1,20190703,13:41,1797.05,1797.05,1797.05,1797.05,300,11282700
HINDUNILVR_F1,20190703,13:42,1797.05,1797.50,1796.70,1797.00,2400,11283000
HINDUNILVR_F1,20190703,13:44,1798.15,1798.15,1798.15,1798.15,2400,11283000
HINDUNILVR_F1,20190703,13:45,1798.25,1798.95,1798.05,1798.30,1200,11284200
HINDUNILVR_F1,20190703,13:46,1798.00,1798.40,1796.60,1798.40,14700,11284200
HINDUNILVR_F1,20190703,13:47,1799.00,1799.00,1798.90,1798.90,900,11284200
HINDUNILVR_F1,20190703,13:49,1799.10,1799.70,1799.00,1799.70,900,11285400
HINDUNILVR_F1,20190703,13:50,1799.80,1799.80,1799.25,1799.25,600,11285400
HINDUNILVR_F1,20190703,13:51,1799.00,1799.05,1799.00,1799.05,600,11285700
HINDUNILVR_F1,20190703,13:52,1799.00,1799.30,1799.00,1799.00,2100,11285700
HINDUNILVR_F1,20190703,13:53,1799.00,1799.00,1799.00,1799.00,1200,11285700
HINDUNILVR_F1,20190703,13:54,1799.25,1799.25,1799.10,1799.15,900,11284800
HINDUNILVR_F1,20190703,13:55,1799.15,1800.05,1799.15,1800.05,3000,11284800
HINDUNILVR_F1,20190703,13:56,1800.05,1800.30,1799.40,1799.40,4200,11284800
HINDUNILVR_F1,20190703,13:59,1799.35,1799.35,1799.35,1799.35,300,11284800
HINDUNILVR_F1,20190703,14:01,1799.35,1799.35,1799.35,1799.35,300,11289600
HINDUNILVR_F1,20190703,14:02,1799.80,1799.80,1799.80,1799.80,300,11287500
HINDUNILVR_F1,20190703,14:03,1799.70,1800.35,1799.70,1800.10,1500,11287500
HINDUNILVR_F1,20190703,14:04,1799.30,1799.30,1799.05,1799.05,1200,11287500
HINDUNILVR_F1,20190703,14:06,1799.00,1799.00,1799.00,1799.00,900,11287500
HINDUNILVR_F1,20190703,14:07,1799.20,1799.20,1798.55,1798.55,600,11286300
HINDUNILVR_F1,20190703,14:08,1799.00,1799.00,1797.95,1798.00,1500,11286300
HINDUNILVR_F1,20190703,14:09,1797.65,1797.65,1797.40,1797.40,600,11286300
HINDUNILVR_F1,20190703,14:11,1797.30,1797.65,1797.10,1797.65,1500,11286900
HINDUNILVR_F1,20190703,14:13,1796.55,1796.55,1796.55,1796.55,1200,11287800
HINDUNILVR_F1,20190703,14:14,1796.60,1796.60,1796.00,1796.00,1500,11287800
HINDUNILVR_F1,20190703,14:15,1796.50,1796.50,1796.50,1796.50,900,11288400
HINDUNILVR_F1,20190703,14:16,1797.30,1798.60,1796.90,1798.60,6900,11288400
HINDUNILVR_F1,20190703,14:18,1798.90,1798.90,1798.85,1798.85,600,11291100
HINDUNILVR_F1,20190703,14:19,1798.70,1798.70,1798.70,1798.70,600,11291100
HINDUNILVR_F1,20190703,14:20,1799.40,1800.00,1799.40,1800.00,2400,11291100
HINDUNILVR_F1,20190703,14:21,1799.50,1799.50,1799.50,1799.50,300,11291700
HINDUNILVR_F1,20190703,14:22,1799.65,1800.00,1799.65,1800.00,3300,11291700
HINDUNILVR_F1,20190703,14:23,1799.30,1799.30,1799.30,1799.30,600,11291700
HINDUNILVR_F1,20190703,14:24,1799.25,1799.25,1798.75,1798.75,1800,11293500
HINDUNILVR_F1,20190703,14:26,1798.20,1798.20,1797.90,1797.90,900,11293500
HINDUNILVR_F1,20190703,14:27,1796.80,1796.80,1796.80,1796.80,300,11294100
HINDUNILVR_F1,20190703,14:28,1796.85,1796.85,1796.80,1796.80,600,11294100
HINDUNILVR_F1,20190703,14:29,1797.20,1797.20,1795.75,1796.00,7800,11294100
HINDUNILVR_F1,20190703,14:30,1797.15,1797.15,1796.75,1796.75,1500,11298600
HINDUNILVR_F1,20190703,14:32,1797.20,1797.20,1797.20,1797.20,300,11298600
HINDUNILVR_F1,20190703,14:33,1796.95,1797.00,1796.95,1797.00,1500,11296200
HINDUNILVR_F1,20190703,14:34,1796.75,1796.75,1796.40,1796.40,1200,11296200
HINDUNILVR_F1,20190703,14:35,1797.10,1797.10,1797.10,1797.10,300,11296200
HINDUNILVR_F1,20190703,14:38,1796.45,1797.20,1796.45,1797.20,600,11296200
HINDUNILVR_F1,20190703,14:39,1796.90,1796.90,1796.25,1796.25,900,11293800
HINDUNILVR_F1,20190703,14:43,1796.70,1797.90,1796.70,1797.90,3900,11294100
HINDUNILVR_F1,20190703,14:44,1797.30,1797.40,1797.30,1797.40,900,11294100
HINDUNILVR_F1,20190703,14:45,1796.90,1796.90,1796.90,1796.90,300,11294100
HINDUNILVR_F1,20190703,14:46,1796.15,1796.20,1796.00,1796.00,1200,11294100
HINDUNILVR_F1,20190703,14:47,1796.00,1797.80,1796.00,1797.80,3600,11294100
HINDUNILVR_F1,20190703,14:48,1797.30,1797.30,1796.90,1796.90,900,11293800
HINDUNILVR_F1,20190703,14:49,1796.80,1797.00,1796.50,1796.50,1500,11293800
HINDUNILVR_F1,20190703,14:50,1796.60,1796.60,1796.60,1796.60,300,11293800
HINDUNILVR_F1,20190703,14:51,1797.70,1797.70,1797.00,1797.00,600,11293200
HINDUNILVR_F1,20190703,14:52,1796.45,1796.45,1796.45,1796.45,300,11293200
HINDUNILVR_F1,20190703,14:53,1796.40,1796.40,1795.75,1795.90,1200,11293200
HINDUNILVR_F1,20190703,14:54,1796.10,1796.10,1796.10,1796.10,600,11292000
HINDUNILVR_F1,20190703,14:55,1796.55,1797.80,1796.55,1797.20,2100,11292000
HINDUNILVR_F1,20190703,14:56,1797.15,1797.15,1796.35,1796.35,1800,11292000
HINDUNILVR_F1,20190703,14:57,1796.20,1796.20,1795.70,1795.70,3300,11291100
HINDUNILVR_F1,20190703,14:58,1795.00,1795.20,1792.50,1792.50,15000,11291100
HINDUNILVR_F1,20190703,14:59,1792.45,1792.45,1789.00,1789.75,27300,11291100
HINDUNILVR_F1,20190703,15:00,1789.90,1791.05,1789.50,1791.05,8700,11293800
HINDUNILVR_F1,20190703,15:01,1790.90,1793.60,1790.20,1793.60,8400,11293800
HINDUNILVR_F1,20190703,15:02,1793.50,1793.90,1793.00,1793.00,7200,11293800
HINDUNILVR_F1,20190703,15:03,1793.40,1793.95,1793.40,1793.75,6000,11292600
HINDUNILVR_F1,20190703,15:04,1793.75,1793.90,1793.00,1793.00,6000,11292600
HINDUNILVR_F1,20190703,15:05,1793.50,1794.15,1793.00,1793.00,6900,11292600
HINDUNILVR_F1,20190703,15:06,1793.00,1794.45,1793.00,1794.45,3300,11291100
HINDUNILVR_F1,20190703,15:07,1794.60,1795.95,1794.50,1795.05,8100,11291100
HINDUNILVR_F1,20190703,15:08,1795.00,1796.45,1794.75,1795.85,4200,11291100
HINDUNILVR_F1,20190703,15:09,1795.90,1797.20,1795.40,1795.85,5100,11296800
HINDUNILVR_F1,20190703,15:10,1796.05,1796.65,1795.60,1795.75,5700,11296800
HINDUNILVR_F1,20190703,15:11,1796.30,1797.05,1795.70,1797.00,8100,11296800
HINDUNILVR_F1,20190703,15:12,1796.70,1796.85,1795.85,1796.10,6000,11296500
HINDUNILVR_F1,20190703,15:13,1796.40,1797.30,1795.95,1797.30,2400,11296500
HINDUNILVR_F1,20190703,15:14,1796.60,1797.40,1796.00,1796.80,7500,11296500
HINDUNILVR_F1,20190703,15:15,1797.25,1797.25,1795.25,1795.80,6600,11296200
HINDUNILVR_F1,20190703,15:16,1796.00,1796.50,1795.60,1795.95,2400,11296200
HINDUNILVR_F1,20190703,15:17,1796.75,1796.75,1795.25,1796.65,6000,11296200
HINDUNILVR_F1,20190703,15:18,1796.65,1796.65,1796.00,1796.50,3900,11297400
HINDUNILVR_F1,20190703,15:19,1797.05,1797.80,1796.50,1796.70,6900,11297400
HINDUNILVR_F1,20190703,15:20,1796.45,1797.80,1796.45,1797.35,5100,11297400
HINDUNILVR_F1,20190703,15:21,1797.35,1798.70,1797.15,1798.70,9600,11291100
HINDUNILVR_F1,20190703,15:22,1798.75,1799.00,1797.80,1798.90,8100,11291100
HINDUNILVR_F1,20190703,15:23,1799.40,1799.40,1797.45,1798.00,6300,11291100
HINDUNILVR_F1,20190703,15:24,1798.00,1798.85,1797.20,1797.20,2400,11290200
HINDUNILVR_F1,20190703,15:25,1798.00,1798.00,1796.65,1796.80,3600,11290200
HINDUNILVR_F1,20190703,15:26,1797.50,1798.10,1797.00,1797.00,2700,11290200
HINDUNILVR_F1,20190703,15:27,1797.25,1798.40,1797.25,1797.65,3300,11287200
HINDUNILVR_F1,20190703,15:28,1797.60,1798.00,1796.85,1797.95,6000,11287200
HINDUNILVR_F1,20190703,15:29,1797.60,1797.90,1797.10,1797.10,2700,11287200
HINDUNILVR_F1,20190703,15:30,1797.10,1797.10,1796.00,1796.00,5700,11289300
HINDUNILVR_F1,20190703,16:36,1796.00,1796.00,1796.00,1796.00,1,11249700
