M&M,20190703,09:08,668.95,668.95,668.95,668.95,3149,0
M&M,20190703,09:16,668.00,670.00,667.55,669.90,22326,0
M&M,20190703,09:17,670.00,670.55,669.80,670.00,20580,0
M&M,20190703,09:18,669.90,669.90,668.95,669.70,14941,0
M&M,20190703,09:19,669.60,670.00,669.25,669.65,12591,0
M&M,20190703,09:20,669.50,669.50,668.45,668.65,6562,0
M&M,20190703,09:21,668.65,669.15,668.00,668.80,12800,0
M&M,20190703,09:22,668.80,669.55,668.25,669.35,10166,0
M&M,20190703,09:23,669.30,670.20,669.30,670.05,11388,0
M&M,20190703,09:24,670.00,670.20,669.90,669.90,12546,0
M&M,20190703,09:25,669.95,670.10,669.05,669.45,11388,0
M&M,20190703,09:26,669.50,669.90,669.30,669.90,3002,0
M&M,20190703,09:27,669.65,669.95,669.50,669.80,1795,0
M&M,20190703,09:28,669.85,670.00,669.30,669.50,4272,0
M&M,20190703,09:29,669.40,671.35,669.40,670.75,15576,0
M&M,20190703,09:30,670.75,671.45,670.60,671.35,11806,0
M&M,20190703,09:31,671.70,672.00,671.05,671.70,26572,0
M&M,20190703,09:32,671.75,672.90,671.60,672.80,26105,0
M&M,20190703,09:33,672.85,672.85,672.15,672.35,8698,0
M&M,20190703,09:34,672.15,672.60,672.00,672.60,10988,0
M&M,20190703,09:35,672.45,672.90,672.45,672.75,11428,0
M&M,20190703,09:36,672.80,672.95,672.75,672.90,11908,0
M&M,20190703,09:37,672.90,672.95,672.40,672.80,23952,0
M&M,20190703,09:38,672.80,674.50,672.55,674.15,27078,0
M&M,20190703,09:39,674.15,675.00,673.80,675.00,30419,0
M&M,20190703,09:40,674.80,675.00,674.35,674.80,17091,0
M&M,20190703,09:41,674.60,674.70,674.00,674.45,21451,0
M&M,20190703,09:42,674.25,674.35,673.35,674.20,17972,0
M&M,20190703,09:43,674.25,674.50,674.00,674.35,11583,0
M&M,20190703,09:44,674.40,674.60,674.10,674.25,7045,0
M&M,20190703,09:45,674.15,674.40,673.80,673.80,28714,0
M&M,20190703,09:46,674.00,674.00,672.45,672.80,25920,0
M&M,20190703,09:47,672.85,672.95,672.30,672.95,7579,0
M&M,20190703,09:48,672.95,674.00,672.60,674.00,13230,0
M&M,20190703,09:49,674.00,674.50,673.70,673.85,23183,0
M&M,20190703,09:50,673.70,674.00,673.50,673.80,6245,0
M&M,20190703,09:51,673.80,673.85,673.50,673.50,6326,0
M&M,20190703,09:52,673.65,673.70,673.00,673.00,4186,0
M&M,20190703,09:53,673.15,673.40,672.50,672.80,15775,0
M&M,20190703,09:54,672.90,673.00,672.50,672.55,5740,0
M&M,20190703,09:55,672.80,672.95,672.30,672.50,11827,0
M&M,20190703,09:56,672.55,672.80,672.25,672.30,11691,0
M&M,20190703,09:57,672.25,672.70,672.10,672.35,6253,0
M&M,20190703,09:58,672.20,672.35,671.50,671.50,13194,0
M&M,20190703,09:59,671.60,671.60,670.70,671.10,13578,0
M&M,20190703,10:00,670.80,671.00,670.05,670.25,17991,0
M&M,20190703,10:01,670.15,670.50,669.15,670.10,50826,0
M&M,20190703,10:02,670.10,670.35,669.90,670.15,17579,0
M&M,20190703,10:03,670.00,670.50,669.65,670.35,26185,0
M&M,20190703,10:04,670.45,670.65,670.00,670.35,17995,0
M&M,20190703,10:05,670.10,670.25,670.00,670.20,7945,0
M&M,20190703,10:06,670.20,670.20,668.60,669.85,44339,0
M&M,20190703,10:07,669.85,669.90,669.35,669.35,5062,0
M&M,20190703,10:08,669.40,669.75,669.00,669.30,10951,0
M&M,20190703,10:09,669.30,669.45,669.00,669.10,6767,0
M&M,20190703,10:10,669.00,669.00,666.65,667.25,33911,0
M&M,20190703,10:11,667.25,667.25,666.95,667.15,10142,0
M&M,20190703,10:12,667.10,667.25,667.00,667.00,6276,0
M&M,20190703,10:13,666.30,666.85,665.80,665.80,19569,0
M&M,20190703,10:14,666.10,667.00,666.10,666.85,16610,0
M&M,20190703,10:15,666.90,668.00,666.90,667.90,10354,0
M&M,20190703,10:16,667.75,667.85,667.30,667.50,3862,0
M&M,20190703,10:17,667.70,668.35,667.70,668.35,7989,0
M&M,20190703,10:18,668.00,668.85,668.00,668.50,14402,0
M&M,20190703,10:19,668.50,668.50,667.80,667.90,5037,0
M&M,20190703,10:20,667.80,667.90,667.70,667.80,2989,0
M&M,20190703,10:21,667.55,667.85,666.75,666.80,6786,0
M&M,20190703,10:22,666.80,666.80,666.40,666.70,6710,0
M&M,20190703,10:23,666.70,667.00,666.70,666.75,5499,0
M&M,20190703,10:24,666.75,666.75,665.80,665.90,17556,0
M&M,20190703,10:25,665.85,666.35,665.80,666.05,11254,0
M&M,20190703,10:26,666.00,666.10,664.05,664.70,33667,0
M&M,20190703,10:27,664.75,664.75,663.30,664.50,13809,0
M&M,20190703,10:28,664.25,665.70,664.25,665.35,11618,0
M&M,20190703,10:29,665.35,666.20,665.15,666.00,5428,0
M&M,20190703,10:30,666.05,666.05,665.40,665.55,4809,0
M&M,20190703,10:31,665.55,666.20,665.40,665.80,7803,0
M&M,20190703,10:32,666.05,666.30,666.00,666.10,1313,0
M&M,20190703,10:33,666.20,666.70,666.10,666.25,5338,0
M&M,20190703,10:34,666.15,666.40,666.10,666.25,1088,0
M&M,20190703,10:35,666.40,666.75,666.30,666.70,8385,0
M&M,20190703,10:36,666.50,667.00,666.50,666.75,5512,0
M&M,20190703,10:37,666.60,666.75,666.50,666.65,4734,0
M&M,20190703,10:38,666.65,666.65,666.30,666.55,3935,0
M&M,20190703,10:39,666.55,667.00,666.50,666.90,4283,0
M&M,20190703,10:40,666.95,667.40,666.90,667.30,2724,0
M&M,20190703,10:41,667.40,667.40,667.20,667.40,3002,0
M&M,20190703,10:42,667.40,667.60,667.40,667.50,3436,0
M&M,20190703,10:43,667.50,667.85,667.50,667.85,7222,0
M&M,20190703,10:44,667.85,667.95,667.30,667.30,7843,0
M&M,20190703,10:45,667.30,667.60,667.25,667.30,4702,0
M&M,20190703,10:46,667.30,667.35,666.90,667.10,3823,0
M&M,20190703,10:47,667.05,667.05,666.50,666.55,3547,0
M&M,20190703,10:48,666.50,666.55,666.25,666.55,4315,0
M&M,20190703,10:49,666.50,666.90,666.25,666.50,3572,0
M&M,20190703,10:50,666.50,666.90,666.50,666.85,3305,0
M&M,20190703,10:51,666.70,666.70,666.45,666.70,2144,0
M&M,20190703,10:52,666.55,666.85,666.55,666.80,2357,0
M&M,20190703,10:53,666.55,666.80,666.25,666.50,1970,0
M&M,20190703,10:54,666.50,666.65,666.30,666.65,4086,0
M&M,20190703,10:55,666.60,666.60,666.25,666.40,1651,0
M&M,20190703,10:56,666.25,666.80,666.20,666.60,5873,0
M&M,20190703,10:57,666.55,666.95,666.50,666.90,2531,0
M&M,20190703,10:58,666.70,667.25,666.70,667.25,4920,0
M&M,20190703,10:59,667.20,667.20,666.80,667.05,3945,0
M&M,20190703,11:00,667.00,667.05,667.00,667.00,2507,0
M&M,20190703,11:01,667.00,667.05,666.90,667.05,2253,0
M&M,20190703,11:02,666.95,667.05,666.90,667.05,3431,0
M&M,20190703,11:03,667.00,667.75,667.00,667.35,7693,0
M&M,20190703,11:04,667.35,667.35,666.60,667.00,5238,0
M&M,20190703,11:05,667.00,667.10,666.90,667.00,1705,0
M&M,20190703,11:06,667.00,667.10,666.90,666.90,2654,0
M&M,20190703,11:07,666.80,667.00,666.50,666.75,1975,0
M&M,20190703,11:08,666.75,666.75,666.50,666.70,1666,0
M&M,20190703,11:09,666.55,666.55,666.00,666.10,2312,0
M&M,20190703,11:10,666.10,666.25,665.30,665.50,7760,0
M&M,20190703,11:11,665.60,665.65,665.50,665.65,2003,0
M&M,20190703,11:12,665.60,666.25,665.60,666.25,3448,0
M&M,20190703,11:13,666.25,666.25,665.60,665.85,1228,0
M&M,20190703,11:14,665.85,665.85,665.50,665.50,2405,0
M&M,20190703,11:15,665.50,665.75,665.45,665.60,2139,0
M&M,20190703,11:16,665.65,665.65,665.50,665.60,839,0
M&M,20190703,11:17,665.50,665.65,665.50,665.65,1070,0
M&M,20190703,11:18,665.65,665.85,665.50,665.85,1305,0
M&M,20190703,11:19,665.85,666.00,665.75,665.95,603,0
M&M,20190703,11:20,665.95,666.40,665.95,666.40,1853,0
M&M,20190703,11:21,666.70,667.00,666.40,666.90,2298,0
M&M,20190703,11:22,666.80,666.85,666.50,666.50,1672,0
M&M,20190703,11:23,666.50,666.70,666.50,666.50,579,0
M&M,20190703,11:24,666.60,666.85,666.50,666.85,1259,0
M&M,20190703,11:25,666.85,667.30,666.50,666.60,1229,0
M&M,20190703,11:26,666.70,667.25,666.65,666.65,1991,0
M&M,20190703,11:27,667.05,667.05,667.00,667.00,1009,0
M&M,20190703,11:28,667.00,667.15,667.00,667.05,1437,0
M&M,20190703,11:29,667.00,667.10,667.00,667.00,3121,0
M&M,20190703,11:30,667.10,667.50,667.05,667.30,1624,0
M&M,20190703,11:31,667.35,667.90,667.35,667.90,5965,0
M&M,20190703,11:32,667.75,667.90,667.40,667.75,1879,0
M&M,20190703,11:33,667.65,667.70,667.45,667.55,1237,0
M&M,20190703,11:34,667.65,667.65,667.00,667.20,4086,0
M&M,20190703,11:35,667.10,667.10,666.80,667.05,1192,0
M&M,20190703,11:36,666.95,667.05,666.95,667.00,1241,0
M&M,20190703,11:37,667.00,667.45,667.00,667.40,2905,0
M&M,20190703,11:38,667.35,667.40,667.00,667.15,669,0
M&M,20190703,11:39,667.00,667.10,667.00,667.10,1045,0
M&M,20190703,11:40,667.10,667.15,666.85,666.85,2944,0
M&M,20190703,11:41,666.85,666.90,666.35,666.35,4943,0
M&M,20190703,11:42,666.30,666.85,666.30,666.55,1285,0
M&M,20190703,11:43,666.85,667.00,666.55,666.55,1431,0
M&M,20190703,11:44,666.70,666.70,666.50,666.60,498,0
M&M,20190703,11:45,666.60,666.75,666.50,666.65,1821,0
M&M,20190703,11:46,666.70,666.70,666.55,666.55,1650,0
M&M,20190703,11:47,666.60,666.80,666.55,666.65,2347,0
M&M,20190703,11:48,666.80,666.80,666.65,666.80,219,0
M&M,20190703,11:49,666.80,667.00,666.80,666.90,2276,0
M&M,20190703,11:50,666.90,666.90,666.55,666.55,875,0
M&M,20190703,11:51,666.70,666.70,666.55,666.60,606,0
M&M,20190703,11:52,666.70,666.70,666.55,666.70,799,0
M&M,20190703,11:53,666.65,666.70,666.55,666.70,1356,0
M&M,20190703,11:54,666.70,666.70,666.55,666.55,1516,0
M&M,20190703,11:55,666.55,666.70,666.25,666.25,3414,0
M&M,20190703,11:56,666.55,666.55,666.30,666.45,1244,0
M&M,20190703,11:57,666.55,666.55,665.75,666.15,8034,0
M&M,20190703,11:58,666.35,667.00,666.35,666.75,1604,0
M&M,20190703,11:59,666.85,666.85,666.60,666.60,482,0
M&M,20190703,12:00,666.60,666.65,665.95,666.30,2312,0
M&M,20190703,12:01,666.35,666.50,666.30,666.50,588,0
M&M,20190703,12:02,666.50,666.50,666.00,666.20,2098,0
M&M,20190703,12:03,666.30,666.30,666.15,666.15,142,0
M&M,20190703,12:04,666.15,666.25,665.85,666.20,1312,0
M&M,20190703,12:05,666.25,666.30,666.05,666.30,2109,0
M&M,20190703,12:06,666.20,666.25,666.20,666.20,453,0
M&M,20190703,12:07,666.15,666.50,666.15,666.50,1227,0
M&M,20190703,12:08,666.45,666.95,666.35,666.50,1816,0
M&M,20190703,12:09,666.90,666.90,666.50,666.60,1253,0
M&M,20190703,12:10,666.60,666.60,666.50,666.50,1136,0
M&M,20190703,12:11,666.50,666.70,666.50,666.60,2264,0
M&M,20190703,12:12,666.65,666.85,666.40,666.75,1962,0
M&M,20190703,12:13,666.65,666.85,664.50,664.70,121710,0
M&M,20190703,12:14,664.70,665.00,664.55,665.00,8458,0
M&M,20190703,12:15,665.00,665.40,664.85,665.40,7656,0
M&M,20190703,12:16,665.40,665.50,664.95,665.50,6850,0
M&M,20190703,12:17,665.50,665.80,665.40,665.55,1654,0
M&M,20190703,12:18,665.80,665.80,665.40,665.55,1888,0
M&M,20190703,12:19,665.55,665.55,665.05,665.40,1216,0
M&M,20190703,12:20,665.40,665.40,665.20,665.40,1859,0
M&M,20190703,12:21,665.35,665.40,665.10,665.10,358,0
M&M,20190703,12:22,665.20,665.40,665.10,665.10,687,0
M&M,20190703,12:23,665.15,665.15,664.80,665.15,6017,0
M&M,20190703,12:24,665.15,665.15,665.00,665.15,1818,0
M&M,20190703,12:25,665.00,665.35,664.90,665.20,6482,0
M&M,20190703,12:26,665.30,665.35,665.20,665.35,1701,0
M&M,20190703,12:27,665.35,665.35,665.20,665.30,790,0
M&M,20190703,12:28,665.35,665.90,665.35,665.85,3660,0
M&M,20190703,12:29,665.65,666.30,665.65,666.10,3622,0
M&M,20190703,12:30,666.30,666.30,666.10,666.10,749,0
M&M,20190703,12:31,666.25,666.30,666.05,666.25,765,0
M&M,20190703,12:32,666.30,666.55,666.30,666.55,2223,0
M&M,20190703,12:33,666.50,666.90,666.50,666.55,4684,0
M&M,20190703,12:34,666.55,666.70,666.55,666.60,3346,0
M&M,20190703,12:35,666.60,666.60,666.50,666.55,586,0
M&M,20190703,12:36,666.50,666.55,666.40,666.50,755,0
M&M,20190703,12:37,666.45,666.45,665.40,665.70,10127,0
M&M,20190703,12:38,665.70,665.70,665.55,665.55,2670,0
M&M,20190703,12:39,665.50,666.20,665.50,665.85,1903,0
M&M,20190703,12:40,665.60,665.85,665.60,665.75,203,0
M&M,20190703,12:41,665.75,665.75,665.50,665.50,958,0
M&M,20190703,12:42,665.50,665.65,665.50,665.65,311,0
M&M,20190703,12:43,665.55,665.85,665.50,665.85,2196,0
M&M,20190703,12:44,665.85,666.20,665.75,666.15,577,0
M&M,20190703,12:45,666.15,666.60,666.00,666.40,3281,0
M&M,20190703,12:46,666.40,666.40,665.90,666.25,3141,0
M&M,20190703,12:47,666.25,666.35,666.15,666.35,958,0
M&M,20190703,12:48,666.25,666.50,666.15,666.50,1906,0
M&M,20190703,12:49,666.35,666.65,666.35,666.65,1240,0
M&M,20190703,12:50,666.60,666.65,666.50,666.60,1425,0
M&M,20190703,12:51,666.60,666.60,666.20,666.30,561,0
M&M,20190703,12:52,666.30,666.30,666.00,666.30,1099,0
M&M,20190703,12:53,666.20,666.30,666.00,666.10,596,0
M&M,20190703,12:54,666.05,666.20,665.65,665.80,3395,0
M&M,20190703,12:55,665.70,666.15,665.65,666.10,1889,0
M&M,20190703,12:56,666.10,666.55,666.10,666.55,2573,0
M&M,20190703,12:57,666.35,666.65,666.30,666.30,1864,0
M&M,20190703,12:58,666.45,666.55,666.20,666.35,1585,0
M&M,20190703,12:59,666.25,666.35,666.05,666.20,856,0
M&M,20190703,13:00,666.30,666.30,665.85,665.85,845,0
M&M,20190703,13:01,665.85,666.00,665.55,665.55,1395,0
M&M,20190703,13:02,665.70,665.95,665.60,665.70,710,0
M&M,20190703,13:03,665.70,665.75,665.55,665.55,790,0
M&M,20190703,13:04,665.55,665.75,665.50,665.75,1689,0
M&M,20190703,13:05,665.60,665.75,665.55,665.70,741,0
M&M,20190703,13:06,665.70,665.95,665.55,665.95,2709,0
M&M,20190703,13:07,666.30,666.50,665.95,666.25,1774,0
M&M,20190703,13:08,666.35,666.55,666.35,666.40,2954,0
M&M,20190703,13:09,666.50,666.70,666.30,666.55,2208,0
M&M,20190703,13:10,666.50,666.80,666.30,666.80,1731,0
M&M,20190703,13:11,666.70,666.85,666.35,666.50,2275,0
M&M,20190703,13:12,666.35,666.50,666.05,666.15,2529,0
M&M,20190703,13:13,666.15,666.35,666.05,666.20,1556,0
M&M,20190703,13:14,666.25,666.35,666.05,666.05,958,0
M&M,20190703,13:15,666.05,666.15,665.20,665.35,6462,0
M&M,20190703,13:16,665.50,665.50,665.30,665.50,3031,0
M&M,20190703,13:17,665.50,665.85,665.35,665.85,2946,0
M&M,20190703,13:18,665.85,666.05,665.60,666.05,2019,0
M&M,20190703,13:19,666.05,666.15,666.00,666.00,2386,0
M&M,20190703,13:20,666.15,666.15,665.75,666.10,1270,0
M&M,20190703,13:21,666.10,666.45,666.00,666.25,1094,0
M&M,20190703,13:22,666.25,666.60,666.15,666.55,1843,0
M&M,20190703,13:23,666.55,667.45,666.55,667.10,12462,0
M&M,20190703,13:24,667.40,667.45,667.05,667.30,3304,0
M&M,20190703,13:25,667.30,667.35,667.05,667.15,2002,0
M&M,20190703,13:26,667.10,667.50,667.00,667.35,7439,0
M&M,20190703,13:27,667.30,667.35,667.15,667.25,2366,0
M&M,20190703,13:28,667.25,667.50,667.10,667.45,5979,0
M&M,20190703,13:29,667.45,667.50,667.25,667.50,11897,0
M&M,20190703,13:30,667.50,667.50,667.25,667.50,1526,0
M&M,20190703,13:31,667.55,667.85,667.55,667.85,6316,0
M&M,20190703,13:32,667.90,668.50,667.80,667.90,16053,0
M&M,20190703,13:33,667.95,668.15,667.80,668.00,3661,0
M&M,20190703,13:34,668.00,668.30,667.80,668.05,6382,0
M&M,20190703,13:35,668.05,668.25,668.00,668.25,2123,0
M&M,20190703,13:36,668.25,668.95,668.15,668.75,15500,0
M&M,20190703,13:37,668.75,668.95,668.40,668.70,4513,0
M&M,20190703,13:38,668.50,668.85,668.40,668.80,5464,0
M&M,20190703,13:39,668.80,668.80,667.65,667.75,9616,0
M&M,20190703,13:40,667.70,668.00,667.60,667.85,3233,0
M&M,20190703,13:41,667.85,668.00,667.75,667.80,3805,0
M&M,20190703,13:42,667.85,667.95,667.60,667.70,2818,0
M&M,20190703,13:43,667.75,667.85,667.70,667.75,4445,0
M&M,20190703,13:44,667.75,667.80,667.10,667.45,9479,0
M&M,20190703,13:45,667.45,667.55,667.30,667.55,1498,0
M&M,20190703,13:46,667.55,667.70,667.40,667.45,7145,0
M&M,20190703,13:47,667.45,667.45,667.25,667.40,1572,0
M&M,20190703,13:48,667.40,667.60,667.25,667.60,1765,0
M&M,20190703,13:49,667.80,667.80,667.50,667.70,3276,0
M&M,20190703,13:50,667.70,667.80,667.50,667.80,2054,0
M&M,20190703,13:51,667.80,667.80,667.70,667.75,1299,0
M&M,20190703,13:52,667.75,667.75,667.50,667.50,1842,0
M&M,20190703,13:53,667.55,667.75,667.50,667.50,1926,0
M&M,20190703,13:54,667.60,667.60,667.50,667.50,1564,0
M&M,20190703,13:55,667.55,667.75,667.50,667.75,5277,0
M&M,20190703,13:56,667.65,667.85,667.60,667.75,12565,0
M&M,20190703,13:57,667.75,668.45,667.70,668.10,17272,0
M&M,20190703,13:58,668.10,668.55,668.10,668.55,8737,0
M&M,20190703,13:59,668.55,668.55,668.05,668.40,6112,0
M&M,20190703,14:00,668.65,669.00,668.30,669.00,10194,0
M&M,20190703,14:01,669.00,669.50,669.00,669.30,14146,0
M&M,20190703,14:02,669.25,669.50,669.25,669.50,2857,0
M&M,20190703,14:03,669.45,669.50,669.10,669.10,3141,0
M&M,20190703,14:04,669.20,669.75,669.20,669.40,5602,0
M&M,20190703,14:05,669.45,669.70,669.40,669.70,5802,0
M&M,20190703,14:06,669.80,669.90,669.60,669.75,2447,0
M&M,20190703,14:07,669.75,669.85,669.60,669.65,5433,0
M&M,20190703,14:08,669.65,669.70,668.50,668.55,10413,0
M&M,20190703,14:09,668.60,669.20,668.55,669.00,7253,0
M&M,20190703,14:10,669.20,669.20,669.10,669.20,1115,0
M&M,20190703,14:11,669.15,669.70,669.15,669.55,4154,0
M&M,20190703,14:12,669.55,669.70,669.00,669.15,3494,0
M&M,20190703,14:13,669.15,669.45,669.05,669.15,7749,0
M&M,20190703,14:14,669.15,669.45,669.00,669.25,7572,0
M&M,20190703,14:15,669.25,669.35,669.10,669.15,2743,0
M&M,20190703,14:16,669.15,669.45,669.05,669.45,5498,0
M&M,20190703,14:17,669.45,669.70,669.10,669.20,3676,0
M&M,20190703,14:18,669.15,669.45,669.10,669.10,1328,0
M&M,20190703,14:19,669.30,669.30,669.10,669.15,2565,0
M&M,20190703,14:20,669.15,669.25,669.00,669.25,1945,0
M&M,20190703,14:21,669.20,669.60,669.20,669.60,5605,0
M&M,20190703,14:22,669.60,669.70,669.50,669.70,1913,0
M&M,20190703,14:23,669.70,670.35,669.50,670.35,23980,0
M&M,20190703,14:24,670.45,670.60,669.50,669.60,12898,0
M&M,20190703,14:25,669.60,670.00,669.60,669.75,5466,0
M&M,20190703,14:26,669.70,669.75,669.50,669.55,4921,0
M&M,20190703,14:27,669.65,669.75,669.50,669.50,4053,0
M&M,20190703,14:28,669.70,669.80,669.50,669.50,6436,0
M&M,20190703,14:29,669.50,669.50,668.85,669.15,4564,0
M&M,20190703,14:30,669.15,669.15,668.15,668.45,11186,0
M&M,20190703,14:31,668.80,668.85,668.50,668.85,5993,0
M&M,20190703,14:32,668.80,668.85,668.50,668.85,2655,0
M&M,20190703,14:33,668.85,668.85,668.80,668.85,1388,0
M&M,20190703,14:34,668.85,668.95,668.70,668.95,3107,0
M&M,20190703,14:35,668.90,668.90,668.65,668.85,1738,0
M&M,20190703,14:36,668.85,668.85,668.40,668.80,2861,0
M&M,20190703,14:37,668.85,669.05,668.70,669.05,3566,0
M&M,20190703,14:38,669.05,669.25,669.05,669.15,1938,0
M&M,20190703,14:39,669.20,669.20,668.60,668.60,2691,0
M&M,20190703,14:40,669.00,669.00,668.65,669.00,1507,0
M&M,20190703,14:41,669.00,669.00,668.75,668.90,901,0
M&M,20190703,14:42,668.90,669.05,668.75,668.80,2892,0
M&M,20190703,14:43,669.05,669.15,668.80,669.00,1305,0
M&M,20190703,14:44,668.70,669.05,668.55,668.85,1668,0
M&M,20190703,14:45,668.90,668.90,668.55,668.80,2348,0
M&M,20190703,14:46,668.85,668.90,668.60,668.85,11022,0
M&M,20190703,14:47,668.85,668.85,668.35,668.80,10361,0
M&M,20190703,14:48,668.80,668.85,668.50,668.80,10905,0
M&M,20190703,14:49,668.80,668.85,668.50,668.85,23146,0
M&M,20190703,14:50,668.85,668.95,668.60,668.80,6424,0
M&M,20190703,14:51,668.80,668.90,668.60,668.80,4500,0
M&M,20190703,14:52,668.80,668.90,668.50,668.85,4861,0
M&M,20190703,14:53,668.85,668.85,668.50,668.80,6834,0
M&M,20190703,14:54,668.85,668.85,668.40,668.80,16001,0
M&M,20190703,14:55,668.80,669.20,668.45,669.20,14648,0
M&M,20190703,14:56,669.20,669.50,669.05,669.05,5110,0
M&M,20190703,14:57,669.20,669.25,668.70,668.80,4636,0
M&M,20190703,14:58,668.80,668.90,668.80,668.85,1609,0
M&M,20190703,14:59,668.80,669.20,668.70,669.20,7753,0
M&M,20190703,15:00,669.20,669.20,668.40,668.85,11258,0
M&M,20190703,15:01,668.85,670.00,668.80,670.00,14809,0
M&M,20190703,15:02,669.85,670.00,669.00,669.40,8944,0
M&M,20190703,15:03,669.30,669.40,669.05,669.25,4165,0
M&M,20190703,15:04,669.25,669.70,669.20,669.65,7595,0
M&M,20190703,15:05,669.65,669.95,669.25,669.70,6193,0
M&M,20190703,15:06,669.70,670.30,669.65,670.30,20520,0
M&M,20190703,15:07,670.30,670.40,670.00,670.20,5988,0
M&M,20190703,15:08,670.15,670.70,669.85,669.85,18122,0
M&M,20190703,15:09,669.85,669.90,669.65,669.75,4159,0
M&M,20190703,15:10,669.75,669.85,669.65,669.80,4706,0
M&M,20190703,15:11,669.60,669.70,669.50,669.55,6473,0
M&M,20190703,15:12,669.55,669.85,669.00,669.20,16868,0
M&M,20190703,15:13,668.75,669.30,668.50,668.90,15603,0
M&M,20190703,15:14,668.65,669.10,668.60,668.70,14592,0
M&M,20190703,15:15,668.80,669.00,667.40,668.80,56308,0
M&M,20190703,15:16,669.00,669.00,668.20,668.80,27167,0
M&M,20190703,15:17,668.90,669.45,668.25,669.05,46747,0
M&M,20190703,15:18,669.40,670.00,669.05,669.40,17103,0
M&M,20190703,15:19,669.40,669.55,669.00,669.15,14698,0
M&M,20190703,15:20,669.00,669.20,669.00,669.00,5453,0
M&M,20190703,15:21,669.05,669.55,669.00,669.30,8193,0
M&M,20190703,15:22,669.30,670.00,669.30,669.85,14589,0
M&M,20190703,15:23,669.50,670.20,669.35,670.05,25006,0
M&M,20190703,15:24,670.05,670.50,669.50,670.05,14250,0
M&M,20190703,15:25,670.00,670.05,669.80,670.00,4734,0
M&M,20190703,15:26,670.05,670.05,669.90,670.00,5200,0
M&M,20190703,15:27,670.00,670.05,668.85,669.10,9664,0
M&M,20190703,15:28,669.25,669.25,668.70,668.95,3859,0
M&M,20190703,15:29,669.00,669.00,668.10,668.10,4182,0
M&M,20190703,15:30,668.10,668.50,668.10,668.25,3786,0
M&M,20190703,15:33,669.25,669.25,669.25,669.25,0,0
M&M,20190703,15:41,669.25,669.25,669.25,669.25,17,0
M&M,20190703,16:38,669.25,669.25,669.25,669.25,0,0
