DISHTV,20181106,09:16,42.00,42.35,42.00,42.20,42297,0
DISHTV,20181106,09:17,42.25,42.30,42.20,42.25,6800,0
DISHTV,20181106,09:18,42.30,42.35,42.15,42.15,36541,0
DISHTV,20181106,09:19,42.10,42.10,41.95,42.00,19213,0
DISHTV,20181106,09:20,41.95,42.15,41.85,41.95,34994,0
DISHTV,20181106,09:21,41.95,42.00,41.90,42.00,10923,0
DISHTV,20181106,09:22,41.90,42.05,41.90,42.00,18605,0
DISHTV,20181106,09:23,42.00,42.05,41.90,42.05,20196,0
DISHTV,20181106,09:24,42.10,42.10,42.00,42.05,20049,0
DISHTV,20181106,09:25,42.05,42.15,42.05,42.15,14466,0
DISHTV,20181106,09:26,42.10,42.15,42.05,42.10,4315,0
DISHTV,20181106,09:27,42.10,42.10,41.95,41.95,13530,0
DISHTV,20181106,09:28,41.95,42.10,41.95,41.95,1841,0
DISHTV,20181106,09:29,42.00,42.00,41.90,42.00,8652,0
DISHTV,20181106,09:30,41.90,42.00,41.85,41.95,6317,0
DISHTV,20181106,09:31,41.95,41.95,41.90,41.90,6519,0
DISHTV,20181106,09:32,41.90,41.90,41.85,41.90,5290,0
DISHTV,20181106,09:33,41.85,41.85,41.80,41.85,3665,0
DISHTV,20181106,09:34,41.85,41.85,41.70,41.80,18672,0
DISHTV,20181106,09:35,41.80,41.85,41.80,41.85,1642,0
DISHTV,20181106,09:36,41.85,41.95,41.85,41.85,12058,0
DISHTV,20181106,09:37,41.85,41.90,41.85,41.85,3979,0
DISHTV,20181106,09:38,41.90,41.90,41.85,41.90,1573,0
DISHTV,20181106,09:39,41.90,41.90,41.90,41.90,2950,0
DISHTV,20181106,09:40,41.95,41.95,41.90,41.90,6796,0
DISHTV,20181106,09:41,41.95,41.95,41.85,41.85,86536,0
DISHTV,20181106,09:42,41.90,41.95,41.85,41.95,1719,0
DISHTV,20181106,09:43,41.95,42.00,41.90,41.90,2459,0
DISHTV,20181106,09:44,41.95,41.95,41.90,41.90,762,0
DISHTV,20181106,09:45,41.95,42.00,41.95,42.00,5652,0
DISHTV,20181106,09:46,41.90,42.05,41.90,41.95,6205,0
DISHTV,20181106,09:47,42.00,42.00,41.95,42.00,794,0
DISHTV,20181106,09:48,42.00,42.00,41.95,41.95,1531,0
DISHTV,20181106,09:49,41.90,42.00,41.90,41.95,1004,0
DISHTV,20181106,09:50,41.95,42.00,41.90,41.90,7022,0
DISHTV,20181106,09:51,41.90,41.90,41.85,41.90,15025,0
DISHTV,20181106,09:52,41.85,42.00,41.85,41.90,3683,0
DISHTV,20181106,09:53,41.90,41.90,41.90,41.90,500,0
DISHTV,20181106,09:54,41.95,41.95,41.90,41.95,5050,0
DISHTV,20181106,09:55,41.90,42.00,41.90,41.95,11765,0
DISHTV,20181106,09:56,42.05,42.20,42.05,42.15,22733,0
DISHTV,20181106,09:57,42.20,42.30,42.15,42.15,12970,0
DISHTV,20181106,09:58,42.15,42.15,42.10,42.10,1447,0
DISHTV,20181106,09:59,42.20,42.20,42.05,42.05,14905,0
DISHTV,20181106,10:00,42.05,42.10,42.05,42.05,41,0
DISHTV,20181106,10:01,42.10,42.15,42.05,42.05,556,0
DISHTV,20181106,10:02,42.15,42.15,42.05,42.10,704,0
DISHTV,20181106,10:03,42.10,42.10,42.10,42.10,2924,0
DISHTV,20181106,10:04,42.20,42.20,42.10,42.10,470,0
DISHTV,20181106,10:05,42.15,42.20,42.10,42.10,901,0
DISHTV,20181106,10:06,42.20,42.20,42.10,42.15,516,0
DISHTV,20181106,10:07,42.20,42.30,42.10,42.20,11158,0
DISHTV,20181106,10:08,42.20,42.20,42.20,42.20,1381,0
DISHTV,20181106,10:09,42.25,42.25,42.20,42.25,9047,0
DISHTV,20181106,10:10,42.20,42.20,42.10,42.10,7193,0
DISHTV,20181106,10:11,42.10,42.20,42.05,42.05,18652,0
DISHTV,20181106,10:12,42.20,42.20,42.10,42.20,505,0
DISHTV,20181106,10:13,42.15,42.20,42.15,42.20,806,0
DISHTV,20181106,10:14,42.15,42.15,42.10,42.10,551,0
DISHTV,20181106,10:15,42.15,42.15,42.10,42.15,510,0
DISHTV,20181106,10:16,42.10,42.10,42.10,42.10,4490,0
DISHTV,20181106,10:17,42.05,42.05,42.05,42.05,2005,0
DISHTV,20181106,10:18,42.10,42.10,42.05,42.05,3548,0
DISHTV,20181106,10:19,42.10,42.10,42.05,42.10,6060,0
DISHTV,20181106,10:20,42.05,42.05,42.00,42.00,13155,0
DISHTV,20181106,10:21,42.00,42.00,42.00,42.00,118,0
DISHTV,20181106,10:22,42.05,42.05,42.00,42.00,294,0
DISHTV,20181106,10:23,42.00,42.00,42.00,42.00,3603,0
DISHTV,20181106,10:24,42.05,42.05,41.90,42.00,28233,0
DISHTV,20181106,10:25,42.00,42.05,42.00,42.00,8170,0
DISHTV,20181106,10:26,42.00,42.00,42.00,42.00,8218,0
DISHTV,20181106,10:27,42.00,42.05,42.00,42.00,835,0
DISHTV,20181106,10:28,42.05,42.10,42.00,42.05,14315,0
DISHTV,20181106,10:29,42.05,42.05,42.00,42.05,15159,0
DISHTV,20181106,10:30,42.00,42.00,42.00,42.00,40,0
DISHTV,20181106,10:31,42.10,42.10,42.05,42.05,308,0
DISHTV,20181106,10:32,42.05,42.05,42.00,42.00,5565,0
DISHTV,20181106,10:33,42.00,42.00,42.00,42.00,300,0
DISHTV,20181106,10:34,42.10,42.10,42.10,42.10,58,0
DISHTV,20181106,10:35,42.00,42.10,42.00,42.05,5144,0
DISHTV,20181106,10:36,42.05,42.05,42.00,42.00,821,0
DISHTV,20181106,10:37,42.00,42.00,42.00,42.00,190,0
DISHTV,20181106,10:39,42.00,42.00,42.00,42.00,37,0
DISHTV,20181106,10:40,42.00,42.05,42.00,42.05,1030,0
DISHTV,20181106,10:41,42.10,42.15,42.10,42.15,975,0
DISHTV,20181106,10:42,42.10,42.10,42.10,42.10,349,0
DISHTV,20181106,10:43,42.10,42.15,42.10,42.10,705,0
DISHTV,20181106,10:44,42.10,42.15,42.10,42.10,1404,0
DISHTV,20181106,10:45,42.10,42.15,42.10,42.10,1094,0
DISHTV,20181106,10:46,42.10,42.20,42.10,42.10,4882,0
DISHTV,20181106,10:47,42.15,42.20,42.10,42.20,1289,0
DISHTV,20181106,10:48,42.20,42.20,42.15,42.15,147,0
DISHTV,20181106,10:49,42.20,42.25,42.15,42.15,18355,0
DISHTV,20181106,10:50,42.20,42.20,42.15,42.15,2095,0
DISHTV,20181106,10:51,42.15,42.20,42.10,42.10,6334,0
DISHTV,20181106,10:52,42.10,42.15,42.10,42.15,472,0
DISHTV,20181106,10:53,42.10,42.15,42.10,42.10,177,0
DISHTV,20181106,10:54,42.10,42.10,42.10,42.10,635,0
DISHTV,20181106,10:55,42.10,42.15,42.05,42.15,27562,0
DISHTV,20181106,10:56,42.05,42.15,42.05,42.15,5979,0
DISHTV,20181106,10:57,42.05,42.15,42.05,42.10,4008,0
DISHTV,20181106,10:58,42.15,42.15,42.05,42.15,331,0
DISHTV,20181106,10:59,42.05,42.05,42.05,42.05,501,0
DISHTV,20181106,11:00,42.10,42.15,42.05,42.15,1047,0
DISHTV,20181106,11:01,42.10,42.10,42.05,42.05,1354,0
DISHTV,20181106,11:02,42.05,42.10,42.05,42.10,259,0
DISHTV,20181106,11:03,42.05,42.05,42.05,42.05,1329,0
DISHTV,20181106,11:04,42.05,42.05,42.00,42.00,4544,0
DISHTV,20181106,11:05,42.00,42.05,42.00,42.05,1903,0
DISHTV,20181106,11:06,42.05,42.10,42.05,42.10,778,0
DISHTV,20181106,11:07,42.05,42.05,42.05,42.05,170,0
DISHTV,20181106,11:08,42.05,42.05,42.05,42.05,75,0
DISHTV,20181106,11:09,42.05,42.05,42.00,42.00,2393,0
DISHTV,20181106,11:10,42.05,42.05,42.00,42.00,120,0
DISHTV,20181106,11:11,42.00,42.00,42.00,42.00,529,0
DISHTV,20181106,11:12,42.10,42.10,42.10,42.10,1050,0
DISHTV,20181106,11:13,42.00,42.05,42.00,42.00,4310,0
DISHTV,20181106,11:14,42.00,42.00,42.00,42.00,588,0
DISHTV,20181106,11:15,42.00,42.10,42.00,42.10,6702,0
DISHTV,20181106,11:16,42.00,42.00,42.00,42.00,1372,0
DISHTV,20181106,11:17,42.10,42.10,42.00,42.00,754,0
DISHTV,20181106,11:18,42.10,42.10,42.00,42.00,1306,0
DISHTV,20181106,11:19,42.00,42.00,42.00,42.00,450,0
DISHTV,20181106,11:20,42.10,42.10,42.10,42.10,251,0
DISHTV,20181106,11:21,42.10,42.10,42.00,42.00,58,0
DISHTV,20181106,11:22,42.00,42.05,41.90,41.90,11253,0
DISHTV,20181106,11:23,42.00,42.05,42.00,42.05,14169,0
DISHTV,20181106,11:24,42.10,42.10,42.00,42.00,1100,0
DISHTV,20181106,11:25,42.00,42.05,42.00,42.05,103560,0
DISHTV,20181106,11:26,42.05,42.05,42.00,42.05,115503,0
DISHTV,20181106,11:27,42.05,42.05,41.95,41.95,12237,0
DISHTV,20181106,11:28,42.00,42.00,42.00,42.00,277,0
DISHTV,20181106,11:29,42.00,42.05,42.00,42.00,20817,0
DISHTV,20181106,11:30,42.00,42.00,42.00,42.00,1050,0
DISHTV,20181106,11:31,42.00,42.05,41.95,42.05,15166,0
DISHTV,20181106,11:32,42.00,42.00,42.00,42.00,3720,0
DISHTV,20181106,11:33,42.00,42.05,42.00,42.00,14684,0
DISHTV,20181106,11:34,42.05,42.05,42.05,42.05,8245,0
DISHTV,20181106,11:35,42.10,42.10,42.05,42.05,5065,0
DISHTV,20181106,11:36,42.05,42.15,42.05,42.10,50237,0
DISHTV,20181106,11:37,42.05,42.10,41.95,42.00,18389,0
DISHTV,20181106,11:38,42.10,42.10,42.10,42.10,902,0
DISHTV,20181106,11:39,42.00,42.10,42.00,42.10,3528,0
DISHTV,20181106,11:40,42.10,42.10,42.10,42.10,1750,0
DISHTV,20181106,11:41,42.05,42.10,42.05,42.05,5873,0
DISHTV,20181106,11:42,42.05,42.10,42.05,42.05,1241,0
DISHTV,20181106,11:43,42.15,42.15,42.05,42.05,6773,0
DISHTV,20181106,11:44,42.05,42.10,42.05,42.10,1737,0
DISHTV,20181106,11:45,42.10,42.15,42.10,42.15,2375,0
DISHTV,20181106,11:46,42.15,42.15,42.15,42.15,26,0
DISHTV,20181106,11:48,42.10,42.15,42.10,42.15,211,0
DISHTV,20181106,11:49,42.10,42.15,42.10,42.15,1022,0
DISHTV,20181106,11:50,42.15,42.15,42.15,42.15,100,0
DISHTV,20181106,11:51,42.10,42.10,42.10,42.10,39,0
DISHTV,20181106,11:52,42.10,42.10,42.10,42.10,5253,0
DISHTV,20181106,11:54,42.10,42.15,42.10,42.15,2846,0
DISHTV,20181106,11:55,42.10,42.15,42.10,42.10,2947,0
DISHTV,20181106,11:56,42.10,42.10,42.10,42.10,1812,0
DISHTV,20181106,11:58,42.15,42.15,42.10,42.10,31,0
DISHTV,20181106,11:59,42.10,42.15,42.10,42.15,183,0
DISHTV,20181106,12:00,42.10,42.10,42.10,42.10,33,0
DISHTV,20181106,12:01,42.10,42.20,42.10,42.20,21964,0
DISHTV,20181106,12:02,42.20,42.25,42.15,42.25,5913,0
DISHTV,20181106,12:03,42.25,42.25,42.25,42.25,1500,0
DISHTV,20181106,12:04,42.25,42.25,42.20,42.20,4104,0
DISHTV,20181106,12:05,42.25,42.25,42.20,42.20,1261,0
DISHTV,20181106,12:06,42.20,42.20,42.20,42.20,7400,0
DISHTV,20181106,12:07,42.20,42.25,42.15,42.15,31423,0
DISHTV,20181106,12:08,42.20,42.25,42.20,42.20,1629,0
DISHTV,20181106,12:09,42.25,42.25,42.15,42.15,359,0
DISHTV,20181106,12:10,42.15,42.20,42.15,42.15,14771,0
DISHTV,20181106,12:12,42.15,42.20,42.15,42.15,706,0
DISHTV,20181106,12:13,42.20,42.20,42.15,42.15,571,0
DISHTV,20181106,12:14,42.15,42.20,42.15,42.15,1806,0
DISHTV,20181106,12:15,42.20,42.20,42.15,42.15,11,0
DISHTV,20181106,12:16,42.20,42.20,42.15,42.15,6371,0
DISHTV,20181106,12:17,42.20,42.20,42.15,42.15,118,0
DISHTV,20181106,12:19,42.20,42.25,42.15,42.25,22463,0
DISHTV,20181106,12:21,42.25,42.25,42.20,42.20,4222,0
DISHTV,20181106,12:22,42.20,42.20,42.20,42.20,240,0
DISHTV,20181106,12:23,42.20,42.20,42.15,42.20,26141,0
DISHTV,20181106,12:24,42.20,42.20,42.10,42.15,97152,0
DISHTV,20181106,12:25,42.10,42.10,42.10,42.10,101,0
DISHTV,20181106,12:26,42.15,42.15,42.05,42.10,2090,0
DISHTV,20181106,12:27,42.05,42.05,42.05,42.05,59,0
DISHTV,20181106,12:29,42.00,42.05,42.00,42.00,26375,0
DISHTV,20181106,12:30,42.00,42.00,42.00,42.00,3525,0
DISHTV,20181106,12:31,42.00,42.00,41.95,41.95,550,0
DISHTV,20181106,12:32,42.05,42.05,41.95,42.05,9525,0
DISHTV,20181106,12:33,42.05,42.10,42.05,42.05,52288,0
DISHTV,20181106,12:34,42.05,42.05,42.00,42.05,31679,0
DISHTV,20181106,12:35,42.05,42.15,42.05,42.15,38374,0
DISHTV,20181106,12:36,42.10,42.10,42.10,42.10,3599,0
DISHTV,20181106,12:37,42.15,42.15,42.10,42.10,3846,0
DISHTV,20181106,12:38,42.10,42.15,42.10,42.15,4691,0
DISHTV,20181106,12:39,42.15,42.15,42.10,42.10,1456,0
DISHTV,20181106,12:40,42.15,42.15,42.10,42.10,768,0
DISHTV,20181106,12:41,42.15,42.15,42.10,42.10,1799,0
DISHTV,20181106,12:42,42.15,42.15,42.10,42.10,984,0
DISHTV,20181106,12:43,42.10,42.15,42.10,42.10,1206,0
DISHTV,20181106,12:44,42.15,42.15,42.15,42.15,112,0
DISHTV,20181106,12:45,42.20,42.20,42.15,42.15,823,0
DISHTV,20181106,12:46,42.20,42.20,42.15,42.15,76,0
DISHTV,20181106,12:47,42.15,42.15,42.15,42.15,59,0
DISHTV,20181106,12:48,42.15,42.15,42.15,42.15,3718,0
DISHTV,20181106,12:49,42.20,42.20,42.15,42.20,590,0
DISHTV,20181106,12:50,42.15,42.15,42.15,42.15,2,0
DISHTV,20181106,12:51,42.15,42.15,42.15,42.15,1,0
DISHTV,20181106,12:52,42.15,42.15,42.15,42.15,1905,0
DISHTV,20181106,12:55,42.15,42.15,42.15,42.15,8,0
DISHTV,20181106,12:56,42.30,42.35,42.30,42.35,42156,0
DISHTV,20181106,12:57,42.35,42.35,42.35,42.35,2201,0
DISHTV,20181106,12:58,42.30,42.30,42.30,42.30,1035,0
DISHTV,20181106,12:59,42.30,42.30,42.30,42.30,3119,0
DISHTV,20181106,13:00,42.30,42.35,42.30,42.35,12236,0
DISHTV,20181106,13:01,42.30,42.30,42.30,42.30,5985,0
DISHTV,20181106,13:02,42.30,42.35,42.30,42.30,7606,0
DISHTV,20181106,13:03,42.30,42.35,42.30,42.30,789,0
DISHTV,20181106,13:04,42.30,42.35,42.30,42.30,4989,0
DISHTV,20181106,13:05,42.30,42.30,42.30,42.30,529,0
DISHTV,20181106,13:06,42.35,42.50,42.30,42.50,44048,0
DISHTV,20181106,13:07,42.50,42.50,42.45,42.50,444,0
DISHTV,20181106,13:08,42.45,42.60,42.40,42.60,53653,0
DISHTV,20181106,13:09,42.55,42.60,42.55,42.60,9188,0
DISHTV,20181106,13:10,42.55,42.70,42.55,42.70,10163,0
DISHTV,20181106,13:11,42.65,42.70,42.60,42.60,5629,0
DISHTV,20181106,13:12,42.60,42.65,42.55,42.60,11340,0
DISHTV,20181106,13:13,42.65,42.65,42.60,42.65,7400,0
DISHTV,20181106,13:14,42.65,42.65,42.60,42.60,2416,0
DISHTV,20181106,13:15,42.65,42.65,42.60,42.65,839,0
DISHTV,20181106,13:16,42.60,42.65,42.55,42.55,3249,0
DISHTV,20181106,13:17,42.55,42.60,42.55,42.60,1990,0
DISHTV,20181106,13:18,42.60,42.60,42.55,42.60,592,0
DISHTV,20181106,13:19,42.60,42.60,42.55,42.55,9109,0
DISHTV,20181106,13:20,42.60,42.60,42.55,42.60,349,0
DISHTV,20181106,13:21,42.60,42.60,42.55,42.55,3802,0
DISHTV,20181106,13:22,42.55,42.60,42.55,42.60,3023,0
DISHTV,20181106,13:23,42.60,42.65,42.55,42.60,74382,0
DISHTV,20181106,13:24,42.65,42.65,42.60,42.65,30323,0
DISHTV,20181106,13:25,42.65,42.65,42.60,42.65,12680,0
DISHTV,20181106,13:26,42.65,42.65,42.60,42.65,2277,0
DISHTV,20181106,13:27,42.65,42.65,42.60,42.65,1576,0
DISHTV,20181106,13:28,42.60,42.65,42.60,42.65,2483,0
DISHTV,20181106,13:29,42.60,42.65,42.60,42.60,9051,0
DISHTV,20181106,13:30,42.65,42.65,42.60,42.65,1551,0
DISHTV,20181106,13:31,42.65,42.65,42.60,42.65,212,0
DISHTV,20181106,13:32,42.65,42.65,42.60,42.65,55315,0
DISHTV,20181106,13:33,42.65,42.65,42.60,42.65,4467,0
DISHTV,20181106,13:34,42.65,42.65,42.60,42.65,484,0
DISHTV,20181106,13:35,42.65,42.65,42.60,42.65,345,0
DISHTV,20181106,13:36,42.65,42.65,42.60,42.65,41,0
DISHTV,20181106,13:37,42.65,42.65,42.65,42.65,494,0
DISHTV,20181106,13:38,42.65,42.65,42.60,42.65,19260,0
DISHTV,20181106,13:39,42.60,42.65,42.60,42.65,2379,0
DISHTV,20181106,13:40,42.60,42.65,42.60,42.65,3364,0
DISHTV,20181106,13:41,42.65,42.65,42.60,42.60,1105,0
DISHTV,20181106,13:42,42.60,42.65,42.60,42.65,1668,0
DISHTV,20181106,13:43,42.65,42.65,42.60,42.60,13344,0
DISHTV,20181106,13:44,42.55,42.65,42.55,42.60,4736,0
DISHTV,20181106,13:45,42.60,42.60,42.55,42.55,9,0
DISHTV,20181106,13:46,42.55,42.65,42.55,42.65,2690,0
DISHTV,20181106,13:47,42.60,42.60,42.55,42.60,1502,0
DISHTV,20181106,13:48,42.55,42.60,42.55,42.55,1051,0
DISHTV,20181106,13:49,42.55,42.65,42.55,42.60,26357,0
DISHTV,20181106,13:50,42.55,42.60,42.50,42.55,27674,0
DISHTV,20181106,13:51,42.50,42.60,42.50,42.60,25045,0
DISHTV,20181106,13:52,42.60,42.60,42.55,42.60,2752,0
DISHTV,20181106,13:53,42.55,42.60,42.55,42.60,6702,0
DISHTV,20181106,13:54,42.55,42.60,42.55,42.60,1266,0
DISHTV,20181106,13:55,42.55,42.55,42.45,42.45,57897,0
DISHTV,20181106,13:56,42.50,42.55,42.45,42.45,72948,0
DISHTV,20181106,13:57,42.50,42.50,42.35,42.35,65844,0
DISHTV,20181106,13:58,42.40,42.45,42.40,42.45,55691,0
DISHTV,20181106,13:59,42.45,42.45,42.35,42.45,2038,0
DISHTV,20181106,14:00,42.45,42.45,42.40,42.40,3745,0
DISHTV,20181106,14:01,42.35,42.35,42.35,42.35,1000,0
DISHTV,20181106,14:02,42.40,42.40,42.25,42.25,15695,0
DISHTV,20181106,14:03,42.25,42.30,42.10,42.25,25456,0
DISHTV,20181106,14:04,42.20,42.25,42.20,42.25,8731,0
DISHTV,20181106,14:05,42.25,42.25,42.20,42.25,5504,0
DISHTV,20181106,14:06,42.25,42.25,42.20,42.20,2602,0
DISHTV,20181106,14:07,42.20,42.30,42.20,42.30,15351,0
DISHTV,20181106,14:08,42.30,42.35,42.25,42.30,95593,0
DISHTV,20181106,14:09,42.30,42.30,42.25,42.30,16921,0
DISHTV,20181106,14:10,42.30,42.30,42.10,42.10,36251,0
DISHTV,20181106,14:11,42.00,42.00,41.95,41.95,16210,0
DISHTV,20181106,14:12,41.95,41.95,41.90,41.95,12020,0
DISHTV,20181106,14:13,41.90,42.05,41.90,41.95,11190,0
DISHTV,20181106,14:14,42.05,42.05,41.95,41.95,1881,0
DISHTV,20181106,14:15,41.95,42.00,41.95,42.00,1486,0
DISHTV,20181106,14:16,42.00,42.00,41.90,41.95,4677,0
DISHTV,20181106,14:17,41.90,42.05,41.85,42.05,15786,0
DISHTV,20181106,14:18,42.05,42.05,42.00,42.00,201,0
DISHTV,20181106,14:19,42.00,42.00,42.00,42.00,375,0
DISHTV,20181106,14:20,41.95,42.00,41.95,42.00,2335,0
DISHTV,20181106,14:21,42.00,42.00,41.95,41.95,610,0
DISHTV,20181106,14:22,42.00,42.00,41.95,42.00,1160,0
DISHTV,20181106,14:23,41.95,42.05,41.90,41.90,10356,0
DISHTV,20181106,14:24,41.90,41.95,41.85,41.95,510,0
DISHTV,20181106,14:25,41.95,41.95,41.90,41.95,1391,0
DISHTV,20181106,14:26,41.95,42.00,41.90,41.90,8362,0
DISHTV,20181106,14:27,41.90,41.90,41.90,41.90,1907,0
DISHTV,20181106,14:28,41.90,42.00,41.90,41.95,3513,0
DISHTV,20181106,14:29,41.95,41.95,41.90,41.95,2059,0
DISHTV,20181106,14:30,41.90,42.00,41.90,41.95,4167,0
DISHTV,20181106,14:31,42.00,42.00,42.00,42.00,500,0
DISHTV,20181106,14:32,42.00,42.00,42.00,42.00,1005,0
DISHTV,20181106,14:33,41.95,42.05,41.90,42.05,2322,0
DISHTV,20181106,14:34,42.05,42.05,42.00,42.05,2834,0
DISHTV,20181106,14:35,42.05,42.05,42.00,42.05,897,0
DISHTV,20181106,14:36,42.05,42.05,42.05,42.05,200,0
DISHTV,20181106,14:37,42.05,42.10,42.05,42.05,1871,0
DISHTV,20181106,14:38,42.05,42.10,42.05,42.05,5684,0
DISHTV,20181106,14:39,42.10,42.10,42.10,42.10,120,0
DISHTV,20181106,14:40,42.05,42.20,42.05,42.20,4647,0
DISHTV,20181106,14:41,42.10,42.10,42.05,42.10,10428,0
DISHTV,20181106,14:42,42.10,42.10,42.10,42.10,61,0
DISHTV,20181106,14:44,42.05,42.05,41.90,42.00,89638,0
DISHTV,20181106,14:45,42.00,42.00,41.85,41.90,102502,0
DISHTV,20181106,14:46,41.90,41.90,41.85,41.90,70017,0
DISHTV,20181106,14:47,41.90,41.90,41.85,41.90,8162,0
DISHTV,20181106,14:48,41.90,41.95,41.90,41.90,194,0
DISHTV,20181106,14:49,41.95,41.95,41.95,41.95,1450,0
DISHTV,20181106,14:50,41.95,41.95,41.90,41.90,301,0
DISHTV,20181106,14:51,41.95,41.95,41.95,41.95,6448,0
DISHTV,20181106,14:52,42.00,42.05,42.00,42.05,2868,0
DISHTV,20181106,14:53,42.00,42.00,41.95,41.95,695,0
DISHTV,20181106,14:54,41.95,41.95,41.95,41.95,147,0
DISHTV,20181106,14:55,41.95,42.00,41.95,41.95,1550,0
DISHTV,20181106,14:56,42.00,42.00,41.95,41.95,1609,0
DISHTV,20181106,14:57,42.00,42.00,41.95,41.95,137,0
DISHTV,20181106,14:58,42.00,42.00,42.00,42.00,250,0
DISHTV,20181106,14:59,42.00,42.05,42.00,42.05,2511,0
DISHTV,20181106,15:00,42.05,42.05,42.00,42.00,300,0
DISHTV,20181106,15:01,42.00,42.05,42.00,42.05,10808,0
DISHTV,20181106,15:02,42.00,42.20,42.00,42.20,7131,0
DISHTV,20181106,15:03,42.20,42.20,42.10,42.20,6840,0
DISHTV,20181106,15:04,42.20,42.20,42.15,42.20,3356,0
DISHTV,20181106,15:05,42.20,42.20,42.15,42.20,1727,0
DISHTV,20181106,15:06,42.20,42.30,42.20,42.25,3728,0
DISHTV,20181106,15:07,42.30,42.30,42.20,42.20,5590,0
DISHTV,20181106,15:08,42.20,42.30,42.20,42.25,1890,0
DISHTV,20181106,15:09,42.25,42.45,42.25,42.40,17709,0
DISHTV,20181106,15:10,42.45,42.60,42.45,42.55,19096,0
DISHTV,20181106,15:11,42.50,42.55,42.45,42.50,6564,0
DISHTV,20181106,15:12,42.55,42.55,42.40,42.40,42004,0
DISHTV,20181106,15:13,42.40,42.55,42.40,42.50,12429,0
DISHTV,20181106,15:14,42.45,42.50,42.40,42.40,3536,0
DISHTV,20181106,15:15,42.40,42.45,42.40,42.40,13102,0
DISHTV,20181106,15:16,42.45,42.45,42.40,42.45,12233,0
DISHTV,20181106,15:17,42.45,42.50,42.45,42.45,18546,0
DISHTV,20181106,15:18,42.35,42.40,42.20,42.20,93189,0
DISHTV,20181106,15:19,42.20,42.35,42.20,42.20,13043,0
DISHTV,20181106,15:20,42.25,42.35,42.25,42.35,2687,0
DISHTV,20181106,15:21,42.30,42.40,42.30,42.40,2623,0
DISHTV,20181106,15:22,42.30,42.35,42.30,42.30,1920,0
DISHTV,20181106,15:23,42.35,42.40,42.35,42.35,10802,0
DISHTV,20181106,15:24,42.35,42.40,42.20,42.20,37721,0
DISHTV,20181106,15:25,42.25,42.30,42.15,42.30,4912,0
DISHTV,20181106,15:26,42.30,42.30,42.25,42.30,11299,0
DISHTV,20181106,15:27,42.25,42.25,42.05,42.05,9278,0
DISHTV,20181106,15:28,42.10,42.20,42.10,42.10,4365,0
DISHTV,20181106,15:29,42.10,42.15,41.95,42.15,42573,0
DISHTV,20181106,15:30,42.20,42.25,42.05,42.20,8632,0
