BAJFINANCE,20180531,09:08,2142.5,2142.5,2142.5,2142.5,2731
BAJFINANCE,20180531,09:16,2143.35,2143.4,2132,2133.05,19339
BAJFINANCE,20180531,09:17,2133.05,2137.1,2130.3,2136,12599
BAJFINANCE,20180531,09:18,2136,2138.45,2135,2136.4,7498
BAJFINANCE,20180531,09:19,2136.3,2138.4,2135,2135.2,9453
BAJFINANCE,20180531,09:20,2136.15,2136.15,2127.65,2129.3,13435
BAJFINANCE,20180531,09:21,2128.7,2137.3,2128.7,2137.3,6887
BAJFINANCE,20180531,09:22,2136,2137,2134.65,2135.5,8113
BAJFINANCE,20180531,09:23,2137,2137.55,2134.95,2136.85,19611
BAJFINANCE,20180531,09:24,2136.75,2137,2134,2135.9,6263
BAJFINANCE,20180531,09:25,2135,2136.1,2131.5,2132,5754
BAJFINANCE,20180531,09:26,2131.55,2133,2131,2132.1,3778
BAJFINANCE,20180531,09:27,2133,2133.6,2131.05,2132,3304
BAJFINANCE,20180531,09:28,2132,2134,2130.7,2132,4788
BAJFINANCE,20180531,09:29,2132.35,2132.6,2130.05,2132,2815
BAJFINANCE,20180531,09:30,2132.5,2133,2131,2132,2604
BAJFINANCE,20180531,09:31,2131.5,2132.3,2131,2131,3914
BAJFINANCE,20180531,09:32,2131,2131.5,2130,2130.1,6079
BAJFINANCE,20180531,09:33,2130.7,2131.15,2128,2128.4,7315
BAJFINANCE,20180531,09:34,2128.35,2129,2126,2128,4828
BAJFINANCE,20180531,09:35,2128,2128.7,2127,2127,3302
BAJFINANCE,20180531,09:36,2126,2127.85,2124,2126,8895
BAJFINANCE,20180531,09:37,2125.5,2126,2118.05,2120,9370
BAJFINANCE,20180531,09:38,2119.55,2122.4,2119.05,2122.4,4579
BAJFINANCE,20180531,09:39,2123,2125,2121,2125,3364
BAJFINANCE,20180531,09:40,2125,2125,2122,2123.45,4390
BAJFINANCE,20180531,09:41,2123.3,2123.4,2119,2119.05,5741
BAJFINANCE,20180531,09:42,2119,2119.45,2116,2117.8,6167
BAJFINANCE,20180531,09:43,2117.1,2120,2115.95,2118.65,4542
BAJFINANCE,20180531,09:44,2119,2119.95,2118.55,2119.95,2520
BAJFINANCE,20180531,09:45,2119.95,2119.95,2118.55,2119.8,1996
BAJFINANCE,20180531,09:46,2119.95,2119.95,2118.45,2119,1606
BAJFINANCE,20180531,09:47,2119,2124.6,2119,2124,5847
BAJFINANCE,20180531,09:48,2124,2125.4,2121.95,2123,3659
BAJFINANCE,20180531,09:49,2122,2123,2122,2122.8,1504
BAJFINANCE,20180531,09:50,2122.95,2124.85,2122.85,2123.75,3037
BAJFINANCE,20180531,09:51,2123.1,2130,2123.1,2128.75,6835
BAJFINANCE,20180531,09:52,2128,2129.25,2125.3,2127.05,3137
BAJFINANCE,20180531,09:53,2126.95,2129.4,2126.75,2128.4,2250
BAJFINANCE,20180531,09:54,2128.55,2129,2128,2128.9,1243
BAJFINANCE,20180531,09:55,2128.85,2128.85,2125.75,2127,3303
BAJFINANCE,20180531,09:56,2126.75,2127.95,2125.05,2127.15,838
BAJFINANCE,20180531,09:57,2125.7,2125.7,2123,2125,2747
BAJFINANCE,20180531,09:58,2124.1,2127.5,2124.1,2126.9,1457
BAJFINANCE,20180531,09:59,2126,2128,2125.2,2125.75,1199
BAJFINANCE,20180531,10:00,2125.5,2126.55,2124.15,2126.05,3517
BAJFINANCE,20180531,10:01,2126.2,2127.45,2126,2127,1546
BAJFINANCE,20180531,10:02,2127,2128,2126,2126.3,2568
BAJFINANCE,20180531,10:03,2126.9,2126.9,2124.65,2125.55,2216
BAJFINANCE,20180531,10:04,2125.25,2125.95,2124.45,2125.2,2020
BAJFINANCE,20180531,10:05,2125.2,2127,2125.2,2125.5,1647
BAJFINANCE,20180531,10:06,2125.95,2127,2124.9,2127,1271
BAJFINANCE,20180531,10:07,2126.9,2127,2126,2127,966
BAJFINANCE,20180531,10:08,2126.75,2126.9,2125.4,2125.4,913
BAJFINANCE,20180531,10:09,2125.1,2125.5,2124.15,2125.25,897
BAJFINANCE,20180531,10:10,2124.5,2125,2122.5,2123.95,921
BAJFINANCE,20180531,10:11,2123.95,2124.9,2120.55,2124.1,3337
BAJFINANCE,20180531,10:12,2123.8,2124.85,2123.5,2124.85,1812
BAJFINANCE,20180531,10:13,2124.6,2124.85,2123,2123.3,1360
BAJFINANCE,20180531,10:14,2123,2123.95,2122.95,2123.3,1021
BAJFINANCE,20180531,10:15,2123,2123.95,2122.45,2122.45,731
BAJFINANCE,20180531,10:16,2122.6,2122.6,2120.9,2120.9,997
BAJFINANCE,20180531,10:17,2120.65,2120.65,2118,2119,4666
BAJFINANCE,20180531,10:18,2119,2123,2119,2122.85,1939
BAJFINANCE,20180531,10:19,2121.5,2122.8,2120,2122.8,4395
BAJFINANCE,20180531,10:20,2123,2123,2121,2122,1567
BAJFINANCE,20180531,10:21,2121.4,2122,2118.95,2120.95,1236
BAJFINANCE,20180531,10:22,2120.85,2122,2119.95,2120.65,1556
BAJFINANCE,20180531,10:23,2120.65,2123,2120.65,2122,1132
BAJFINANCE,20180531,10:24,2122,2122,2121.2,2121.8,335
BAJFINANCE,20180531,10:25,2122,2122.05,2122,2122.05,482
BAJFINANCE,20180531,10:26,2122.65,2123,2122,2122.85,2502
BAJFINANCE,20180531,10:27,2122.85,2124,2122.8,2124,572
BAJFINANCE,20180531,10:28,2124,2124,2123.9,2123.9,965
BAJFINANCE,20180531,10:29,2123.9,2123.9,2122,2122.7,575
BAJFINANCE,20180531,10:30,2122.5,2123,2122,2122.85,898
BAJFINANCE,20180531,10:31,2122.85,2123,2122,2122.1,279
BAJFINANCE,20180531,10:32,2122,2123,2122,2122.7,134
BAJFINANCE,20180531,10:33,2122.75,2122.75,2121.8,2121.8,383
BAJFINANCE,20180531,10:34,2121.05,2121.8,2120.25,2120.75,490
BAJFINANCE,20180531,10:35,2120.55,2123,2119.95,2123,1124
BAJFINANCE,20180531,10:36,2122.5,2123,2122,2122.1,767
BAJFINANCE,20180531,10:37,2122.1,2122.95,2121.7,2121.85,1079
BAJFINANCE,20180531,10:38,2121.7,2121.7,2119,2120.5,708
BAJFINANCE,20180531,10:39,2120.45,2122.95,2120,2120.05,983
BAJFINANCE,20180531,10:40,2120.55,2121.15,2120.3,2120.35,275
BAJFINANCE,20180531,10:41,2120.35,2122,2120.35,2121.65,476
BAJFINANCE,20180531,10:42,2122,2122.45,2121.2,2122,428
BAJFINANCE,20180531,10:43,2121.8,2121.8,2120.55,2120.6,739
BAJFINANCE,20180531,10:44,2121,2122,2120.6,2121.8,447
BAJFINANCE,20180531,10:45,2122.55,2122.55,2121.2,2121.2,415
BAJFINANCE,20180531,10:46,2120.85,2122.55,2120.85,2122,694
BAJFINANCE,20180531,10:47,2121.55,2122.55,2121.5,2122.55,366
BAJFINANCE,20180531,10:48,2122.9,2122.95,2122,2122,719
BAJFINANCE,20180531,10:49,2122.05,2122.95,2122,2122.65,2839
BAJFINANCE,20180531,10:50,2122.5,2122.95,2122.5,2122.95,829
BAJFINANCE,20180531,10:51,2122.95,2122.95,2122.5,2122.5,234
BAJFINANCE,20180531,10:52,2122.9,2122.9,2121,2122,798
BAJFINANCE,20180531,10:53,2121.9,2122.25,2121,2122,493
BAJFINANCE,20180531,10:54,2121.75,2122.95,2121.5,2122.95,1353
BAJFINANCE,20180531,10:55,2122.95,2122.95,2121.65,2122.45,289
BAJFINANCE,20180531,10:56,2122.45,2123,2121,2122.35,3374
BAJFINANCE,20180531,10:57,2122.35,2122.95,2122.35,2122.75,390
BAJFINANCE,20180531,10:58,2122.75,2123.75,2122.35,2123.75,1082
BAJFINANCE,20180531,10:59,2123.1,2123.75,2122.85,2123,345
BAJFINANCE,20180531,11:00,2123.05,2123.3,2122.35,2122.6,522
BAJFINANCE,20180531,11:01,2122.5,2123.15,2121.5,2121.5,475
BAJFINANCE,20180531,11:02,2121.5,2122.4,2121,2121,587
BAJFINANCE,20180531,11:03,2121.05,2122.95,2120.7,2121,1171
BAJFINANCE,20180531,11:04,2121.7,2122.35,2121,2121,738
BAJFINANCE,20180531,11:05,2121.05,2121.8,2120.5,2120.6,455
BAJFINANCE,20180531,11:06,2120.5,2121.6,2120.5,2120.55,456
BAJFINANCE,20180531,11:07,2120.75,2121.65,2120.55,2121.65,567
BAJFINANCE,20180531,11:08,2121.35,2122,2121.1,2121.15,297
BAJFINANCE,20180531,11:09,2121.15,2123.3,2121,2121.25,2075
BAJFINANCE,20180531,11:10,2121.15,2121.15,2120,2120.85,631
BAJFINANCE,20180531,11:11,2120.5,2120.9,2120.5,2120.8,178
BAJFINANCE,20180531,11:12,2120.95,2120.95,2120,2120,750
BAJFINANCE,20180531,11:13,2120.75,2122,2120,2121.05,315
BAJFINANCE,20180531,11:14,2121.9,2121.9,2120.65,2121.65,777
BAJFINANCE,20180531,11:15,2121.85,2122.7,2121.1,2121.4,200
BAJFINANCE,20180531,11:16,2121.2,2122,2120.25,2120.9,1332
BAJFINANCE,20180531,11:17,2120.9,2121.3,2120.4,2120.95,556
BAJFINANCE,20180531,11:18,2120.95,2121.3,2120.65,2120.7,522
BAJFINANCE,20180531,11:19,2120.7,2121.45,2119,2121.45,2889
BAJFINANCE,20180531,11:20,2120,2120,2112.4,2116.65,16339
BAJFINANCE,20180531,11:21,2117.05,2118,2114.35,2116.65,3614
BAJFINANCE,20180531,11:22,2117.4,2117.9,2115.3,2115.3,3392
BAJFINANCE,20180531,11:23,2115.3,2116,2114,2114,2169
BAJFINANCE,20180531,11:24,2114.1,2114.7,2112,2114,2105
BAJFINANCE,20180531,11:25,2113.95,2114,2112.8,2113.45,1084
BAJFINANCE,20180531,11:26,2113.95,2114.7,2113.15,2113.95,1338
BAJFINANCE,20180531,11:27,2113.8,2116.15,2113.8,2115.25,1628
BAJFINANCE,20180531,11:28,2115.95,2116.25,2114.2,2114.75,638
BAJFINANCE,20180531,11:29,2114.75,2115.35,2113.45,2115.35,629
BAJFINANCE,20180531,11:30,2116,2116.05,2113.6,2115,823
BAJFINANCE,20180531,11:31,2113.85,2115,2113,2114.95,1820
BAJFINANCE,20180531,11:32,2114.75,2115,2108.3,2111,11826
BAJFINANCE,20180531,11:33,2109.95,2110.6,2107.55,2108.1,3250
BAJFINANCE,20180531,11:34,2108.1,2110,2107.5,2109.8,3065
BAJFINANCE,20180531,11:35,2108.85,2109.5,2107.1,2108,2747
BAJFINANCE,20180531,11:36,2107.35,2110.25,2107.35,2110.25,2629
BAJFINANCE,20180531,11:37,2111.45,2113.95,2110.05,2113.1,723
BAJFINANCE,20180531,11:38,2113.95,2113.95,2113,2113.2,468
BAJFINANCE,20180531,11:39,2113.3,2114.8,2113.1,2114,2800
BAJFINANCE,20180531,11:40,2114,2114.35,2112,2112.5,1448
BAJFINANCE,20180531,11:41,2112.45,2113,2112.1,2112.15,607
BAJFINANCE,20180531,11:42,2112.2,2112.85,2111.95,2111.95,1430
BAJFINANCE,20180531,11:43,2111.8,2115,2111.2,2114.1,1147
BAJFINANCE,20180531,11:44,2114.95,2115,2112.8,2114.6,2428
BAJFINANCE,20180531,11:45,2115,2117.1,2114.95,2117.1,3914
BAJFINANCE,20180531,11:46,2117.1,2117.9,2116.85,2117,1324
BAJFINANCE,20180531,11:47,2117,2118.15,2116.95,2117.35,817
BAJFINANCE,20180531,11:48,2117.85,2119,2117.8,2118.1,829
BAJFINANCE,20180531,11:49,2118,2118.1,2116.8,2117.85,774
BAJFINANCE,20180531,11:50,2116.8,2117.8,2115,2116.3,1098
BAJFINANCE,20180531,11:51,2116.4,2117.35,2115.9,2116.85,342
BAJFINANCE,20180531,11:52,2116.5,2116.7,2114.85,2114.85,1817
BAJFINANCE,20180531,11:53,2114.9,2116.25,2114.8,2115.7,578
BAJFINANCE,20180531,11:54,2115.5,2116.95,2114.85,2116.95,583
BAJFINANCE,20180531,11:55,2115.65,2117,2115.65,2116.15,467
BAJFINANCE,20180531,11:56,2116.35,2117.75,2116.3,2117.75,246
BAJFINANCE,20180531,11:57,2117.75,2118.9,2117.4,2118.7,549
BAJFINANCE,20180531,11:58,2118.6,2121.2,2118,2118.7,2001
BAJFINANCE,20180531,11:59,2119.7,2121.05,2119.7,2120,1759
BAJFINANCE,20180531,12:00,2119.8,2120,2118.65,2120,2544
BAJFINANCE,20180531,12:01,2120,2120,2119.3,2119.5,807
BAJFINANCE,20180531,12:02,2119.5,2120,2119.3,2119.45,500
BAJFINANCE,20180531,12:03,2119.5,2121.2,2119.5,2121.2,2295
BAJFINANCE,20180531,12:04,2121.2,2121.75,2120.05,2120.85,1361
BAJFINANCE,20180531,12:05,2120.85,2121,2120,2121,684
BAJFINANCE,20180531,12:06,2121,2128,2121,2125.15,11409
BAJFINANCE,20180531,12:07,2125,2127,2124,2124.65,2506
BAJFINANCE,20180531,12:08,2126,2126.35,2124.55,2125,565
BAJFINANCE,20180531,12:09,2125,2126,2123.2,2123.55,1777
BAJFINANCE,20180531,12:10,2123.55,2124.85,2123.2,2124.6,1411
BAJFINANCE,20180531,12:11,2124.2,2125,2123.25,2123.95,1494
BAJFINANCE,20180531,12:12,2123.95,2125.45,2123.1,2125.15,1692
BAJFINANCE,20180531,12:13,2126,2126,2123,2123.8,967
BAJFINANCE,20180531,12:14,2123.8,2123.8,2122.05,2122.05,1102
BAJFINANCE,20180531,12:15,2122.35,2124,2121.9,2123.15,901
BAJFINANCE,20180531,12:16,2123.15,2123.2,2123,2123.15,268
BAJFINANCE,20180531,12:17,2123.2,2124.7,2123.2,2123.55,243
BAJFINANCE,20180531,12:18,2123.7,2124.55,2123.45,2124,635
BAJFINANCE,20180531,12:19,2124.2,2124.2,2124,2124.05,389
BAJFINANCE,20180531,12:20,2124.15,2125,2124.1,2125,1008
BAJFINANCE,20180531,12:21,2125,2125,2124.15,2124.15,133
BAJFINANCE,20180531,12:22,2124.4,2125,2124.1,2124.5,414
BAJFINANCE,20180531,12:23,2124.85,2125,2124.5,2124.55,228
BAJFINANCE,20180531,12:24,2124.95,2125,2124,2124.1,1521
BAJFINANCE,20180531,12:25,2124,2124.95,2124,2124,278
BAJFINANCE,20180531,12:26,2124.2,2124.95,2124,2124,457
BAJFINANCE,20180531,12:27,2124.6,2124.6,2124.1,2124.4,186
BAJFINANCE,20180531,12:28,2124.4,2124.4,2124,2124,252
BAJFINANCE,20180531,12:29,2124,2124.3,2124,2124.05,285
BAJFINANCE,20180531,12:30,2124.05,2124.8,2124.05,2124.8,963
BAJFINANCE,20180531,12:31,2124.8,2125.05,2124.5,2125.05,1159
BAJFINANCE,20180531,12:32,2125.05,2126.35,2125,2125.25,677
BAJFINANCE,20180531,12:33,2125.3,2125.9,2124.95,2125.5,634
BAJFINANCE,20180531,12:34,2125.5,2126,2125,2125,1123
BAJFINANCE,20180531,12:35,2125.15,2126.75,2125.15,2125.95,496
BAJFINANCE,20180531,12:36,2125.95,2126.3,2125.1,2125.1,283
BAJFINANCE,20180531,12:37,2125.05,2125.95,2125,2125.85,1834
BAJFINANCE,20180531,12:38,2125.85,2125.95,2125,2125.05,472
BAJFINANCE,20180531,12:39,2125.85,2125.9,2123.65,2123.65,3469
BAJFINANCE,20180531,12:40,2124.85,2125.35,2123.15,2124.9,2846
BAJFINANCE,20180531,12:41,2124.05,2124.85,2123.2,2123.75,1466
BAJFINANCE,20180531,12:42,2124,2125,2123.6,2124.2,525
BAJFINANCE,20180531,12:43,2123.55,2124,2123.1,2123.1,764
BAJFINANCE,20180531,12:44,2123.05,2124.5,2123,2123.5,1164
BAJFINANCE,20180531,12:45,2123.5,2124.5,2123.5,2123.85,1885
BAJFINANCE,20180531,12:46,2123.85,2124.95,2123.65,2124.05,567
BAJFINANCE,20180531,12:47,2124,2125.5,2124,2125.05,966
BAJFINANCE,20180531,12:48,2125,2125.25,2124.5,2125,350
BAJFINANCE,20180531,12:49,2125,2125,2124.5,2124.65,338
BAJFINANCE,20180531,12:50,2125,2125.25,2125,2125,215
BAJFINANCE,20180531,12:51,2125,2125.15,2124.7,2125.15,547
BAJFINANCE,20180531,12:52,2125.15,2125.5,2124.7,2125.05,220
BAJFINANCE,20180531,12:53,2125.05,2125.45,2124.8,2125.05,466
BAJFINANCE,20180531,12:54,2125.15,2125.15,2125,2125,701
BAJFINANCE,20180531,12:55,2125,2125.05,2125,2125.05,320
BAJFINANCE,20180531,12:56,2125.05,2125.5,2125,2125.1,380
BAJFINANCE,20180531,12:57,2125.15,2126.45,2125.15,2126.45,1071
BAJFINANCE,20180531,12:58,2127.25,2129.9,2127.25,2129.8,5127
BAJFINANCE,20180531,12:59,2129.9,2134.9,2129.9,2133.05,17590
BAJFINANCE,20180531,13:00,2133.05,2133.95,2132.8,2133,3715
BAJFINANCE,20180531,13:01,2133,2133.5,2130,2130,3857
BAJFINANCE,20180531,13:02,2130,2132.85,2129.75,2132.5,3081
BAJFINANCE,20180531,13:03,2132.5,2133,2131.6,2131.6,2421
BAJFINANCE,20180531,13:04,2131.6,2133,2131.6,2132.75,2535
BAJFINANCE,20180531,13:05,2132.95,2132.95,2130.15,2130.75,2141
BAJFINANCE,20180531,13:06,2130.8,2131.85,2130.8,2131,1307
BAJFINANCE,20180531,13:07,2131.05,2131.95,2130.8,2131,2202
BAJFINANCE,20180531,13:08,2131.05,2131.9,2131.05,2131.45,502
BAJFINANCE,20180531,13:09,2131.05,2132.5,2131.05,2132.5,1279
BAJFINANCE,20180531,13:10,2132.4,2132.75,2132,2132.15,1167
BAJFINANCE,20180531,13:11,2132.15,2132.35,2131.95,2132,1744
BAJFINANCE,20180531,13:12,2131.9,2132.5,2131.5,2132.5,1191
BAJFINANCE,20180531,13:13,2132.95,2132.95,2132.5,2132.85,667
BAJFINANCE,20180531,13:14,2132.8,2134.5,2132.8,2133.7,6659
BAJFINANCE,20180531,13:15,2133,2133.7,2132.9,2133.1,973
BAJFINANCE,20180531,13:16,2133.1,2133.5,2132.8,2132.8,991
BAJFINANCE,20180531,13:17,2133,2133,2132.25,2132.25,1699
BAJFINANCE,20180531,13:18,2132.25,2132.95,2132.15,2132.9,943
BAJFINANCE,20180531,13:19,2133,2133,2132.2,2132.45,403
BAJFINANCE,20180531,13:20,2132.45,2134.8,2132.45,2134.8,2692
BAJFINANCE,20180531,13:21,2134.75,2135,2134.45,2134.45,1844
BAJFINANCE,20180531,13:22,2134.9,2137.45,2134.4,2137.05,5162
BAJFINANCE,20180531,13:23,2137.05,2137.05,2135.3,2135.75,1723
BAJFINANCE,20180531,13:24,2135.9,2136,2134.7,2135.85,1566
BAJFINANCE,20180531,13:25,2135.05,2135.05,2131.65,2133.35,1770
BAJFINANCE,20180531,13:26,2132.05,2132.65,2131,2131.8,2168
BAJFINANCE,20180531,13:27,2131.8,2131.8,2130,2130.2,2553
BAJFINANCE,20180531,13:28,2130.25,2131.15,2129.05,2130.7,1509
BAJFINANCE,20180531,13:29,2130.7,2131.05,2129.7,2130.45,1972
BAJFINANCE,20180531,13:30,2130.45,2131.7,2130.3,2131.5,676
BAJFINANCE,20180531,13:31,2131.7,2134,2131.7,2133.15,1864
BAJFINANCE,20180531,13:32,2134,2134.5,2131.5,2132.3,1747
BAJFINANCE,20180531,13:33,2132.35,2132.5,2130,2130.7,855
BAJFINANCE,20180531,13:34,2130,2130,2124.9,2124.9,8711
BAJFINANCE,20180531,13:35,2125.85,2128.5,2124.5,2127.5,4272
BAJFINANCE,20180531,13:36,2127.25,2128.85,2126.35,2127.2,694
BAJFINANCE,20180531,13:37,2127.2,2127.2,2125.1,2127,614
BAJFINANCE,20180531,13:38,2126,2127.3,2126,2126.9,260
BAJFINANCE,20180531,13:39,2127,2130,2127,2129.2,833
BAJFINANCE,20180531,13:40,2129.9,2130,2128,2128.45,483
BAJFINANCE,20180531,13:41,2128.45,2129.65,2127.8,2127.8,1191
BAJFINANCE,20180531,13:42,2128.5,2129.3,2128.15,2128.15,457
BAJFINANCE,20180531,13:43,2128.45,2129.9,2127.45,2129.9,1081
BAJFINANCE,20180531,13:44,2129.5,2132.3,2129.1,2131,2432
BAJFINANCE,20180531,13:45,2131,2134,2131,2132,1275
BAJFINANCE,20180531,13:46,2132.3,2134.45,2132.15,2133,1588
BAJFINANCE,20180531,13:47,2133,2133.55,2131.75,2131.75,912
BAJFINANCE,20180531,13:48,2131.7,2134,2131.6,2133.5,2584
BAJFINANCE,20180531,13:49,2133.95,2134,2132.5,2132.8,1140
BAJFINANCE,20180531,13:50,2132.5,2137,2132.5,2137,7724
BAJFINANCE,20180531,13:51,2137.45,2139.9,2137.45,2139.1,16982
BAJFINANCE,20180531,13:52,2139.5,2145,2139.5,2144.75,28917
BAJFINANCE,20180531,13:53,2144.65,2144.65,2139.85,2140.95,11646
BAJFINANCE,20180531,13:54,2140.05,2140.9,2139,2139.7,3343
BAJFINANCE,20180531,13:55,2139.6,2139.95,2136.8,2139.4,13501
BAJFINANCE,20180531,13:56,2138.35,2140,2138.15,2139,6937
BAJFINANCE,20180531,13:57,2139,2139,2134,2136,7718
BAJFINANCE,20180531,13:58,2136,2138.4,2135.1,2138,3790
BAJFINANCE,20180531,13:59,2138.7,2138.7,2136,2136.1,2759
BAJFINANCE,20180531,14:00,2136.9,2138,2135.3,2136.95,10587
BAJFINANCE,20180531,14:01,2137.2,2138.5,2135.85,2136.7,5685
BAJFINANCE,20180531,14:02,2136.5,2137,2135.9,2136,1750
BAJFINANCE,20180531,14:03,2136.95,2137.35,2136,2136,2368
BAJFINANCE,20180531,14:04,2135.95,2136,2135.05,2136,911
BAJFINANCE,20180531,14:05,2136,2136.5,2135.05,2136.5,848
BAJFINANCE,20180531,14:06,2136.25,2136.95,2136,2136.5,798
BAJFINANCE,20180531,14:07,2136.4,2137,2136.05,2136.4,516
BAJFINANCE,20180531,14:08,2136.05,2136.1,2131.25,2134.5,5816
BAJFINANCE,20180531,14:09,2133.5,2134.45,2133,2133.35,603
BAJFINANCE,20180531,14:10,2133.15,2134.9,2133.05,2134.4,1148
BAJFINANCE,20180531,14:11,2134,2134.4,2132,2132,1334
BAJFINANCE,20180531,14:12,2133,2134.4,2130.5,2130.5,2493
BAJFINANCE,20180531,14:13,2130.6,2132.45,2129.1,2130,4228
BAJFINANCE,20180531,14:14,2130.6,2131,2127.75,2129,2593
BAJFINANCE,20180531,14:15,2128.1,2130.6,2127.95,2130.6,2643
BAJFINANCE,20180531,14:16,2129.75,2133,2129.5,2131.5,1813
BAJFINANCE,20180531,14:17,2131.2,2133.5,2131.2,2132.85,2115
BAJFINANCE,20180531,14:18,2132.9,2133.8,2131.4,2131.6,692
BAJFINANCE,20180531,14:19,2131.4,2131.85,2129,2130.6,2074
BAJFINANCE,20180531,14:20,2130,2130.6,2125.45,2128,3758
BAJFINANCE,20180531,14:21,2128.05,2130,2127,2129,1674
BAJFINANCE,20180531,14:22,2129,2129.1,2126.7,2126.7,1398
BAJFINANCE,20180531,14:23,2126.8,2130,2126.45,2129.9,1519
BAJFINANCE,20180531,14:24,2129,2130,2127.95,2129,1011
BAJFINANCE,20180531,14:25,2128.9,2130,2128.9,2129.9,932
BAJFINANCE,20180531,14:26,2129.3,2130,2129.3,2129.65,689
BAJFINANCE,20180531,14:27,2129.75,2130.6,2128.5,2130,2256
BAJFINANCE,20180531,14:28,2130,2130.5,2129.6,2130.25,505
BAJFINANCE,20180531,14:29,2130.8,2131,2129.2,2130,1038
BAJFINANCE,20180531,14:30,2130.3,2130.45,2129.35,2130,1786
BAJFINANCE,20180531,14:31,2130,2131,2130,2130.95,701
BAJFINANCE,20180531,14:32,2131,2133,2131,2133,1578
BAJFINANCE,20180531,14:33,2133.85,2133.85,2131.95,2131.95,1195
BAJFINANCE,20180531,14:34,2132,2133,2131.35,2133,1285
BAJFINANCE,20180531,14:35,2132.5,2132.5,2130.25,2130.25,1486
BAJFINANCE,20180531,14:36,2130.05,2130.05,2128,2128.4,2033
BAJFINANCE,20180531,14:37,2128.4,2128.45,2128,2128.45,1912
BAJFINANCE,20180531,14:38,2128,2130,2127.3,2129.1,1274
BAJFINANCE,20180531,14:39,2129.95,2129.95,2127.75,2128.4,660
BAJFINANCE,20180531,14:40,2127.65,2129.95,2127.6,2129.9,1448
BAJFINANCE,20180531,14:41,2129.95,2131.5,2129.9,2131.5,795
BAJFINANCE,20180531,14:42,2130.35,2133,2130.35,2133,1241
BAJFINANCE,20180531,14:43,2133,2133,2131.5,2131.95,2134
BAJFINANCE,20180531,14:44,2131.95,2133.25,2131.95,2132.7,1353
BAJFINANCE,20180531,14:45,2132.45,2133.1,2131.75,2132.9,3401
BAJFINANCE,20180531,14:46,2132.5,2133.9,2132.5,2133.9,1824
BAJFINANCE,20180531,14:47,2133.9,2134.25,2133.05,2133.35,1187
BAJFINANCE,20180531,14:48,2133.8,2134.15,2131.45,2132.7,1411
BAJFINANCE,20180531,14:49,2132.7,2135.65,2132.7,2135,4010
BAJFINANCE,20180531,14:50,2135.95,2136,2133.3,2133.35,4052
BAJFINANCE,20180531,14:51,2132.35,2133.8,2132,2132.5,1939
BAJFINANCE,20180531,14:52,2132.65,2133.55,2132.5,2133.55,357
BAJFINANCE,20180531,14:53,2133.5,2133.55,2129.95,2131.1,4207
BAJFINANCE,20180531,14:54,2131.05,2132,2131.05,2132,463
BAJFINANCE,20180531,14:55,2132,2132.25,2131,2131,2728
BAJFINANCE,20180531,14:56,2130.95,2133.15,2130.95,2132.5,2684
BAJFINANCE,20180531,14:57,2132.65,2132.75,2130.7,2130.7,4042
BAJFINANCE,20180531,14:58,2131,2132.5,2130.7,2131.35,1947
BAJFINANCE,20180531,14:59,2132.45,2132.55,2130.1,2131.25,2861
BAJFINANCE,20180531,15:00,2130.7,2131.9,2130.3,2130.3,2066
BAJFINANCE,20180531,15:01,2130,2130.15,2128.15,2128.3,14401
BAJFINANCE,20180531,15:02,2127.6,2127.95,2111.35,2111.8,27261
BAJFINANCE,20180531,15:03,2112.6,2114.5,2112.35,2113.05,16072
BAJFINANCE,20180531,15:04,2113.1,2113.1,2111,2111.05,12018
BAJFINANCE,20180531,15:05,2111.05,2111.05,2105,2105.05,20158
BAJFINANCE,20180531,15:06,2105.05,2109.5,2105,2109,18579
BAJFINANCE,20180531,15:07,2108.65,2113.35,2108.65,2113.1,12928
BAJFINANCE,20180531,15:08,2113.1,2113.4,2113,2113.1,14608
BAJFINANCE,20180531,15:09,2113.1,2113.1,2113,2113,13959
BAJFINANCE,20180531,15:10,2113,2113.05,2105.05,2105.05,23275
BAJFINANCE,20180531,15:11,2105,2108,2101,2101.85,27656
BAJFINANCE,20180531,15:12,2101.75,2106.05,2101.55,2102.8,15911
BAJFINANCE,20180531,15:13,2102.95,2103.55,2102,2103.15,16348
BAJFINANCE,20180531,15:14,2103.2,2104.2,2103,2103.65,12461
BAJFINANCE,20180531,15:15,2103.65,2103.7,2103.15,2103.3,15458
BAJFINANCE,20180531,15:16,2103.3,2105.95,2103.2,2105.25,17364
BAJFINANCE,20180531,15:17,2105.2,2105.4,2103.75,2105.3,16314
BAJFINANCE,20180531,15:18,2105.35,2105.35,2104.1,2104.9,18181
BAJFINANCE,20180531,15:19,2104.7,2106.25,2104.7,2105.75,16468
BAJFINANCE,20180531,15:20,2105.8,2110,2105.75,2109.05,17557
BAJFINANCE,20180531,15:21,2110.5,2114,2110.45,2113.65,17948
BAJFINANCE,20180531,15:22,2113.4,2114.85,2113.35,2114.75,14995
BAJFINANCE,20180531,15:23,2114.8,2115,2114.7,2114.9,14762
BAJFINANCE,20180531,15:24,2114.9,2114.9,2113.4,2114.55,16961
BAJFINANCE,20180531,15:25,2114.6,2115.65,2114.2,2114.7,17629
BAJFINANCE,20180531,15:26,2114.65,2115.9,2112.8,2112.8,16685
BAJFINANCE,20180531,15:27,2112.25,2112.8,2106.85,2107.25,15598
BAJFINANCE,20180531,15:28,2107.2,2112.65,2106.8,2112.45,16160
BAJFINANCE,20180531,15:29,2112.35,2115,2111.15,2112.3,6704
BAJFINANCE,20180531,15:30,2112.3,2115,2110,2110,5839
BAJFINANCE,20180531,15:31,2111.35,2111.35,2111.35,2111.35,390
BAJFINANCE,20180531,15:32,2109.9,2109.9,2109.9,2109.9,1
BAJFINANCE,20180531,15:41,2109.9,2109.9,2109.9,2109.9,29
BAJFINANCE,20180531,15:43,2109.9,2109.9,2109.9,2109.9,1
BAJFINANCE,20180531,15:44,2111.35,2111.35,2111.35,2111.35,1
BAJFINANCE,20180531,15:45,2109.9,2109.9,2109.9,2109.9,32
BAJFINANCE,20180531,15:50,2109.9,2109.9,2109.9,2109.9,10
BAJFINANCE,20180531,15:55,2109.9,2109.9,2109.9,2109.9,2
BAJFINANCE,20180531,16:36,2109.9,2109.9,2109.9,2109.9,1
