AXISBANK,20180824,09:08,638.05,638.05,638.05,638.05,41318
AXISBANK,20180824,09:16,638.05,639.95,635.65,636.75,347769
AXISBANK,20180824,09:17,636.3,636.3,635,635.75,170348
AXISBANK,20180824,09:18,636,636.3,635.5,636.1,98269
AXISBANK,20180824,09:19,636.15,637.65,636.15,637.6,250110
AXISBANK,20180824,09:20,637.3,639.3,637.3,639,288677
AXISBANK,20180824,09:21,638.55,639.65,637.55,637.55,137987
AXISBANK,20180824,09:22,638,638,636.55,636.9,62474
AXISBANK,20180824,09:23,637.5,637.5,636.1,636.1,62190
AXISBANK,20180824,09:24,636.3,637,636.15,636.6,35373
AXISBANK,20180824,09:25,636.6,636.95,636.4,636.95,23706
AXISBANK,20180824,09:26,636.8,638.5,636.75,638.25,45166
AXISBANK,20180824,09:27,638.3,638.8,638,638.1,41240
AXISBANK,20180824,09:28,638.1,638.5,637.5,637.5,34172
AXISBANK,20180824,09:29,637.35,638,637.1,637.8,524114
AXISBANK,20180824,09:30,637.85,638.2,637.5,638.05,24628
AXISBANK,20180824,09:31,638.15,640.65,638,640.4,134792
AXISBANK,20180824,09:32,640.4,641.6,639.8,641.5,209488
AXISBANK,20180824,09:33,641.45,642,640.35,640.9,123510
AXISBANK,20180824,09:34,641,641.3,640.6,640.9,49425
AXISBANK,20180824,09:35,640.9,640.95,639.6,640.25,49761
AXISBANK,20180824,09:36,640,640.85,639.5,640.5,591774
AXISBANK,20180824,09:37,640.9,641.5,640.6,641.4,49081
AXISBANK,20180824,09:38,641.5,641.5,640.95,640.95,28708
AXISBANK,20180824,09:39,641.1,641.1,640.05,640.8,18931
AXISBANK,20180824,09:40,640.95,641.6,640.8,641.4,54121
AXISBANK,20180824,09:41,641.3,641.3,640.5,640.75,61066
AXISBANK,20180824,09:42,640.8,641,640.75,640.85,44091
AXISBANK,20180824,09:43,640.85,641,640.5,640.7,26973
AXISBANK,20180824,09:44,640.55,641,640.5,640.8,43127
AXISBANK,20180824,09:45,640.9,641.3,640.7,641,50491
AXISBANK,20180824,09:46,641,642.5,640.7,642.35,117271
AXISBANK,20180824,09:47,642.3,642.65,641.8,642.45,68469
AXISBANK,20180824,09:48,642.1,642.65,642.1,642.5,51338
AXISBANK,20180824,09:49,642.6,643.4,642.25,642.45,131339
AXISBANK,20180824,09:50,642.4,642.4,640.5,641.2,73849
AXISBANK,20180824,09:51,641,641.2,640.8,640.95,30473
AXISBANK,20180824,09:52,640.8,641,640.6,640.9,17613
AXISBANK,20180824,09:53,641,641.3,640.5,641.25,47488
AXISBANK,20180824,09:54,641.3,641.4,640.7,641.05,20211
AXISBANK,20180824,09:55,641,641.3,640.8,640.85,11865
AXISBANK,20180824,09:56,640.9,641,640.7,640.7,15763
AXISBANK,20180824,09:57,640.35,640.4,638.75,639.25,114664
AXISBANK,20180824,09:58,639.1,640,639.1,639.85,30144
AXISBANK,20180824,09:59,640.05,640.15,639.7,639.85,19863
AXISBANK,20180824,10:00,639.95,639.95,637.7,637.95,84284
AXISBANK,20180824,10:01,638.05,638.95,637.95,638.25,47759
AXISBANK,20180824,10:02,638.1,638.95,637.8,638.1,47283
AXISBANK,20180824,10:03,638,638.05,637.5,637.7,33501
AXISBANK,20180824,10:04,638.25,638.65,637.5,637.65,575911
AXISBANK,20180824,10:05,637.8,638,637.25,637.9,51131
AXISBANK,20180824,10:06,637.95,638.1,637.5,638,21525
AXISBANK,20180824,10:07,638.1,638.15,637.5,638,29541
AXISBANK,20180824,10:08,638.1,640,638.1,640,94945
AXISBANK,20180824,10:09,639.7,640.05,639,639.25,78403
AXISBANK,20180824,10:10,639.15,639.3,638.5,638.8,32880
AXISBANK,20180824,10:11,638.75,638.8,638.3,638.65,28244
AXISBANK,20180824,10:12,638.45,638.95,638.45,638.95,12204
AXISBANK,20180824,10:13,638.95,639.25,638.75,639.15,7264
AXISBANK,20180824,10:14,639.15,639.15,638.85,638.9,7074
AXISBANK,20180824,10:15,639,639.3,638.85,639.25,11713
AXISBANK,20180824,10:16,639.35,639.5,638.85,638.85,13315
AXISBANK,20180824,10:17,639,639,638.3,638.35,14012
AXISBANK,20180824,10:18,638.5,638.5,638.15,638.45,8538
AXISBANK,20180824,10:19,638.4,638.45,637.4,637.9,54130
AXISBANK,20180824,10:20,637.95,638,637.5,637.55,27084
AXISBANK,20180824,10:21,637.55,637.8,637.3,637.45,25277
AXISBANK,20180824,10:22,637.4,637.6,636.3,637.15,56538
AXISBANK,20180824,10:23,637.15,637.45,636.7,637,23246
AXISBANK,20180824,10:24,636.7,637.1,636.3,636.7,31066
AXISBANK,20180824,10:25,636.6,636.9,635.85,636.35,70446
AXISBANK,20180824,10:26,636.4,636.9,635.6,636.65,35735
AXISBANK,20180824,10:27,636.8,637.2,636.45,637.15,26427
AXISBANK,20180824,10:28,637.15,637.8,636.75,637.5,25954
AXISBANK,20180824,10:29,638,638,637.4,637.85,32689
AXISBANK,20180824,10:30,638.25,638.4,637.85,638.15,17716
AXISBANK,20180824,10:31,638.15,638.85,638,638.2,19055
AXISBANK,20180824,10:32,638.2,638.25,636.75,636.9,17314
AXISBANK,20180824,10:33,636.8,637,636.75,636.95,8480
AXISBANK,20180824,10:34,636.9,637.4,636.85,637.25,12870
AXISBANK,20180824,10:35,637.25,637.25,636.6,636.7,9746
AXISBANK,20180824,10:36,636.45,636.65,636,636.3,25111
AXISBANK,20180824,10:37,636.5,637.2,636.5,637,15897
AXISBANK,20180824,10:38,637.2,637.2,636.9,637,19229
AXISBANK,20180824,10:39,637,637.05,636.5,637.05,16947
AXISBANK,20180824,10:40,637.05,637.05,636.75,636.95,12635
AXISBANK,20180824,10:41,636.9,637.05,636.85,637.05,18921
AXISBANK,20180824,10:42,637.1,638,636.65,637.8,40347
AXISBANK,20180824,10:43,637.95,638,637.4,637.8,11462
AXISBANK,20180824,10:44,637.85,638,637.45,637.45,9712
AXISBANK,20180824,10:45,637.5,637.5,637.05,637.4,6454
AXISBANK,20180824,10:46,637.45,637.5,637,637.35,12652
AXISBANK,20180824,10:47,637.35,637.4,636.45,636.9,21392
AXISBANK,20180824,10:48,636.9,636.95,636.45,636.65,10726
AXISBANK,20180824,10:49,636.4,636.5,636.1,636.25,13011
AXISBANK,20180824,10:50,636.25,636.9,636.25,636.8,8433
AXISBANK,20180824,10:51,636.8,636.8,636.3,636.5,6598
AXISBANK,20180824,10:52,636.8,637.35,636.7,637.3,7326
AXISBANK,20180824,10:53,637.3,637.6,636.75,636.95,16425
AXISBANK,20180824,10:54,637.15,637.4,637.05,637.3,5518
AXISBANK,20180824,10:55,637.3,637.3,636.7,636.8,6998
AXISBANK,20180824,10:56,636.65,637,636.35,637,11769
AXISBANK,20180824,10:57,637.2,637.3,636.95,637.3,9679
AXISBANK,20180824,10:58,637.3,637.5,637.1,637.35,4533
AXISBANK,20180824,10:59,637.3,637.4,636.9,637.2,8714
AXISBANK,20180824,11:00,637.15,637.5,637.1,637.45,10989
AXISBANK,20180824,11:01,637.6,638.15,637,637.2,20996
AXISBANK,20180824,11:02,637.2,637.85,637.05,637.15,12283
AXISBANK,20180824,11:03,637.5,638.1,637.35,638,20583
AXISBANK,20180824,11:04,638.15,638.15,637.35,637.5,18268
AXISBANK,20180824,11:05,637.5,637.5,637.1,637.1,11529
AXISBANK,20180824,11:06,637.1,637.5,636.7,636.95,15257
AXISBANK,20180824,11:07,637,637,636.7,636.85,11812
AXISBANK,20180824,11:08,636.9,637,636.9,636.95,23057
AXISBANK,20180824,11:09,637,637,636.8,636.85,25269
AXISBANK,20180824,11:10,636.9,637.15,636.75,637,15316
AXISBANK,20180824,11:11,636.9,637,636.8,636.8,9912
AXISBANK,20180824,11:12,636.8,636.85,636.3,636.65,15886
AXISBANK,20180824,11:13,636.65,636.75,636.5,636.5,8517
AXISBANK,20180824,11:14,636.45,636.5,636.1,636.45,16384
AXISBANK,20180824,11:15,636.4,636.7,636,636.25,18406
AXISBANK,20180824,11:16,636.45,637,636.3,636.55,11713
AXISBANK,20180824,11:17,636.7,637,636,636.65,13359
AXISBANK,20180824,11:18,636.85,637,636.1,636.6,10912
AXISBANK,20180824,11:19,636.5,636.8,636.2,636.8,9125
AXISBANK,20180824,11:20,636.85,637,636.6,636.65,7194
AXISBANK,20180824,11:21,636.75,637.15,636.65,636.9,9351
AXISBANK,20180824,11:22,636.95,637,636.9,636.9,9579
AXISBANK,20180824,11:23,636.9,637,636.9,637,13549
AXISBANK,20180824,11:24,637,637,636.9,636.9,9532
AXISBANK,20180824,11:25,637,637,636.7,637,9670
AXISBANK,20180824,11:26,636.95,637,636.9,637,3947
AXISBANK,20180824,11:27,636.95,637,636.95,636.95,5750
AXISBANK,20180824,11:28,637,637.25,636.95,637,9434
AXISBANK,20180824,11:29,636.95,637,636.5,636.55,9268
AXISBANK,20180824,11:30,636.6,636.85,636.5,636.55,5750
AXISBANK,20180824,11:31,636.6,636.8,636.35,636.35,7158
AXISBANK,20180824,11:32,636.3,636.35,635.15,635.6,49579
AXISBANK,20180824,11:33,635.7,636.25,635.7,636.25,10784
AXISBANK,20180824,11:34,636.3,636.9,636.05,636.9,11310
AXISBANK,20180824,11:35,636.45,636.7,635.8,636.2,7860
AXISBANK,20180824,11:36,636.1,636.3,635.85,636.3,6583
AXISBANK,20180824,11:37,636.35,636.4,636.05,636.3,11524
AXISBANK,20180824,11:38,636.4,636.45,636.05,636.05,5704
AXISBANK,20180824,11:39,636.05,636.3,636.05,636.25,3719
AXISBANK,20180824,11:40,636.4,636.4,636.1,636.25,5550
AXISBANK,20180824,11:41,636.25,636.25,634.5,635.15,134388
AXISBANK,20180824,11:42,635.15,635.45,634.85,635.4,35692
AXISBANK,20180824,11:43,635.4,635.9,635.4,635.8,10946
AXISBANK,20180824,11:44,635.8,635.9,635.5,635.65,15916
AXISBANK,20180824,11:45,635,635.7,634.5,635.5,50540
AXISBANK,20180824,11:46,635.9,635.9,635.1,635.2,9796
AXISBANK,20180824,11:47,635.4,635.5,635.1,635.1,10066
AXISBANK,20180824,11:48,635.15,635.25,634.5,634.5,46202
AXISBANK,20180824,11:49,634.55,635.1,634.5,634.85,19124
AXISBANK,20180824,11:50,634.7,635,634.5,634.55,15716
AXISBANK,20180824,11:51,634.9,634.9,634.05,634.35,29148
AXISBANK,20180824,11:52,634.6,634.75,634.1,634.25,21545
AXISBANK,20180824,11:53,634.35,634.6,634.1,634.3,10510
AXISBANK,20180824,11:54,634.4,634.65,634.15,634.3,11892
AXISBANK,20180824,11:55,634.25,634.55,634,634.4,50707
AXISBANK,20180824,11:56,634.4,634.55,634.05,634.3,15048
AXISBANK,20180824,11:57,634.5,634.7,634.1,634.7,8494
AXISBANK,20180824,11:58,634.85,635.45,634.85,635.4,33668
AXISBANK,20180824,11:59,635.35,635.5,634.6,634.65,116391
AXISBANK,20180824,12:00,634.65,634.8,634.5,634.8,5497
AXISBANK,20180824,12:01,634.8,635.1,634.7,635.1,6203
AXISBANK,20180824,12:02,635.1,635.5,635,635.5,213250
AXISBANK,20180824,12:03,635.45,635.65,634.95,635.5,55503
AXISBANK,20180824,12:04,635.5,636.8,635.5,636.3,26002
AXISBANK,20180824,12:05,636.6,637.4,636.3,636.95,33200
AXISBANK,20180824,12:06,637,637,636.4,636.9,10226
AXISBANK,20180824,12:07,636.5,636.8,636.05,636.2,11416
AXISBANK,20180824,12:08,636.2,636.6,636.15,636.4,6962
AXISBANK,20180824,12:09,636.4,636.95,636.35,636.65,6844
AXISBANK,20180824,12:10,636.65,636.95,636.45,636.55,9419
AXISBANK,20180824,12:11,636.7,636.8,636.2,636.2,9584
AXISBANK,20180824,12:12,636.2,636.5,635.85,636.1,6915
AXISBANK,20180824,12:13,636.15,636.5,636,636.35,6365
AXISBANK,20180824,12:14,636.1,636.5,636,636.25,81962
AXISBANK,20180824,12:15,636.25,636.35,635.6,636,5784
AXISBANK,20180824,12:16,636,636,635.5,635.65,4994
AXISBANK,20180824,12:17,635.65,635.9,635.65,635.7,4746
AXISBANK,20180824,12:18,635.7,635.9,635.3,635.55,10211
AXISBANK,20180824,12:19,635.7,635.7,635.2,635.25,7267
AXISBANK,20180824,12:20,635.4,635.8,635.35,635.65,362480
AXISBANK,20180824,12:21,635.65,635.7,635.25,635.3,7079
AXISBANK,20180824,12:22,635.3,635.5,635.2,635.25,4329
AXISBANK,20180824,12:23,635.15,635.4,635.1,635.2,12389
AXISBANK,20180824,12:24,635.2,635.7,635.15,635.6,8065
AXISBANK,20180824,12:25,635.45,635.6,635.1,635.2,5915
AXISBANK,20180824,12:26,635.35,635.7,635.2,635.55,6108
AXISBANK,20180824,12:27,635.55,635.65,635.2,635.5,6733
AXISBANK,20180824,12:28,635.4,635.7,635.4,635.5,4062
AXISBANK,20180824,12:29,635.5,635.7,635.2,635.2,7732
AXISBANK,20180824,12:30,635.2,635.35,635,635,29118
AXISBANK,20180824,12:31,635,635.3,635,635.1,12265
AXISBANK,20180824,12:32,635.1,635.3,635.05,635.05,5185
AXISBANK,20180824,12:33,635.05,635.1,634.8,634.8,21068
AXISBANK,20180824,12:34,634.75,635,634.5,634.95,11350
AXISBANK,20180824,12:35,634.95,635,634.95,635,5589
AXISBANK,20180824,12:36,635,635,634.65,634.65,7205
AXISBANK,20180824,12:37,634.7,635,634.5,634.9,510578
AXISBANK,20180824,12:38,634.9,635.6,634.9,635.55,7108
AXISBANK,20180824,12:39,635.6,635.9,635.6,635.85,8345
AXISBANK,20180824,12:40,635.65,635.9,635.65,635.8,6610
AXISBANK,20180824,12:41,635.85,636.85,635.8,636.85,28101
AXISBANK,20180824,12:42,636.75,638,636.6,637.75,56905
AXISBANK,20180824,12:43,637.7,637.75,637.2,637.25,22078
AXISBANK,20180824,12:44,637.1,637.1,636.4,636.75,17292
AXISBANK,20180824,12:45,636.75,637.3,636.5,636.5,11372
AXISBANK,20180824,12:46,636.7,636.9,636,636.35,10015
AXISBANK,20180824,12:47,636.35,636.8,636.25,636.65,8466
AXISBANK,20180824,12:48,636.65,637,636.5,636.7,17268
AXISBANK,20180824,12:49,636.45,636.65,636,636,22356
AXISBANK,20180824,12:50,635.65,636.3,635.55,635.55,15734
AXISBANK,20180824,12:51,635.5,635.7,635.3,635.65,11756
AXISBANK,20180824,12:52,635.6,635.6,634.1,634.3,39598
AXISBANK,20180824,12:53,634.5,634.9,634.5,634.65,22350
AXISBANK,20180824,12:54,634.6,636.5,634.25,636.5,20414
AXISBANK,20180824,12:55,636.25,636.4,635.3,635.4,17832
AXISBANK,20180824,12:56,635.2,636,635.2,635.4,17378
AXISBANK,20180824,12:57,635.5,635.75,635.1,635.7,14943
AXISBANK,20180824,12:58,635.75,635.75,635,635.2,14382
AXISBANK,20180824,12:59,635,635.65,635,635.65,16880
AXISBANK,20180824,13:00,635.6,636.5,635.6,636.35,9677
AXISBANK,20180824,13:01,636.35,637.15,636.35,636.8,20488
AXISBANK,20180824,13:02,636.8,637,636.25,636.95,13526
AXISBANK,20180824,13:03,636.9,637.65,636.9,637.1,24137
AXISBANK,20180824,13:04,637.05,637.3,636.6,636.75,12279
AXISBANK,20180824,13:05,636.75,637,636.75,636.75,10223
AXISBANK,20180824,13:06,636.75,636.9,636,636.25,10739
AXISBANK,20180824,13:07,636.4,636.4,635.8,635.8,14756
AXISBANK,20180824,13:08,635.8,636.25,635.8,636.25,8779
AXISBANK,20180824,13:09,636.4,636.65,636,636.35,14757
AXISBANK,20180824,13:10,636.35,636.55,635.95,636.4,10870
AXISBANK,20180824,13:11,636.5,636.55,636.45,636.45,3441
AXISBANK,20180824,13:12,636.5,636.55,636.35,636.45,10985
AXISBANK,20180824,13:13,636.5,636.55,636.4,636.5,15832
AXISBANK,20180824,13:14,636.5,636.55,635.9,635.9,14709
AXISBANK,20180824,13:15,635.9,636.4,635.9,636.2,6456
AXISBANK,20180824,13:16,636.3,637.3,636.2,637,23850
AXISBANK,20180824,13:17,637.1,637.5,637.05,637.5,12536
AXISBANK,20180824,13:18,637.5,637.7,637.45,637.6,17034
AXISBANK,20180824,13:19,637.6,638,637.6,637.95,17535
AXISBANK,20180824,13:20,637.95,638,637.5,637.75,11903
AXISBANK,20180824,13:21,637.8,637.8,637.05,637.2,16389
AXISBANK,20180824,13:22,637.35,637.8,637.3,637.8,16004
AXISBANK,20180824,13:23,637.85,637.9,637.2,637.9,23056
AXISBANK,20180824,13:24,637.95,639.45,637.9,639.25,128605
AXISBANK,20180824,13:25,639.25,639.95,639.15,639.95,80792
AXISBANK,20180824,13:26,640.2,640.65,639.55,639.55,88844
AXISBANK,20180824,13:27,639.55,640.1,639.55,640,46941
AXISBANK,20180824,13:28,640.1,640.15,639.6,640.15,112785
AXISBANK,20180824,13:29,640.3,640.55,640,640.55,108252
AXISBANK,20180824,13:30,640.6,641.05,640.6,640.7,72085
AXISBANK,20180824,13:31,640.7,641,640.35,640.6,60707
AXISBANK,20180824,13:32,640.75,640.95,640.2,640.25,28724
AXISBANK,20180824,13:33,640.4,640.4,639.8,639.95,59023
AXISBANK,20180824,13:34,640,640,639.95,639.95,56179
AXISBANK,20180824,13:35,639.95,640,638.8,638.8,54217
AXISBANK,20180824,13:36,638.95,639,638.25,638.25,29979
AXISBANK,20180824,13:37,638.5,639.7,638.3,639.4,30362
AXISBANK,20180824,13:38,639.4,640.05,639.4,640.05,35780
AXISBANK,20180824,13:39,640,640.35,639.2,639.6,172028
AXISBANK,20180824,13:40,639.55,639.8,639.3,639.75,12406
AXISBANK,20180824,13:41,639.65,639.9,639.55,639.6,13868
AXISBANK,20180824,13:42,639.9,639.9,639.5,639.8,10695
AXISBANK,20180824,13:43,639.9,639.9,639.6,639.9,16338
AXISBANK,20180824,13:44,639.8,639.9,639.6,639.8,311583
AXISBANK,20180824,13:45,639.85,640,639.6,639.6,35479
AXISBANK,20180824,13:46,639.75,640.15,639.7,639.95,22982
AXISBANK,20180824,13:47,640,640.9,639.85,640.9,56081
AXISBANK,20180824,13:48,640.85,641.35,640.5,641,80889
AXISBANK,20180824,13:49,640.9,641.4,640.65,641,156404
AXISBANK,20180824,13:50,640.85,641,640.7,640.9,65385
AXISBANK,20180824,13:51,640.95,641.3,640.85,640.85,130608
AXISBANK,20180824,13:52,641,641.2,640.7,640.9,44887
AXISBANK,20180824,13:53,640.9,640.95,640.1,640.3,34118
AXISBANK,20180824,13:54,640.15,640.45,639.7,639.85,34585
AXISBANK,20180824,13:55,639.85,640,639.35,639.4,25751
AXISBANK,20180824,13:56,639.4,639.7,639.05,639.5,18870
AXISBANK,20180824,13:57,639.25,639.95,639.25,639.8,12027
AXISBANK,20180824,13:58,639.95,640.7,639.8,640.35,24071
AXISBANK,20180824,13:59,640.35,640.75,640.2,640.6,13515
AXISBANK,20180824,14:00,640.45,640.9,640.45,640.6,13805
AXISBANK,20180824,14:01,640.8,640.8,639.75,639.75,17265
AXISBANK,20180824,14:02,639.9,640,639.5,639.55,15833
AXISBANK,20180824,14:03,639.7,639.75,639.25,639.6,12052
AXISBANK,20180824,14:04,639.65,640.5,639.5,640.5,23062
AXISBANK,20180824,14:05,640.5,640.5,640,640,18290
AXISBANK,20180824,14:06,640.25,640.25,639.75,639.8,12750
AXISBANK,20180824,14:07,639.8,640,639.5,639.6,12668
AXISBANK,20180824,14:08,639.7,639.85,639.3,639.5,21640
AXISBANK,20180824,14:09,639.55,639.8,639.5,639.5,9899
AXISBANK,20180824,14:10,639.9,639.95,639.5,639.85,19965
AXISBANK,20180824,14:11,639.95,640,639.7,640,10720
AXISBANK,20180824,14:12,639.95,640,639.75,639.75,11429
AXISBANK,20180824,14:13,639.9,639.95,639.7,639.75,9279
AXISBANK,20180824,14:14,639.7,639.7,639.35,639.45,10604
AXISBANK,20180824,14:15,639.65,639.9,639.6,639.65,9339
AXISBANK,20180824,14:16,639.65,640,639.5,640,15253
AXISBANK,20180824,14:17,640.05,640.1,638.9,639.3,58784
AXISBANK,20180824,14:18,639.4,639.65,639.15,639.4,14479
AXISBANK,20180824,14:19,639.4,639.5,639,639.4,16932
AXISBANK,20180824,14:20,639,639.65,639,639.5,13227
AXISBANK,20180824,14:21,639.7,639.95,639.4,639.9,18233
AXISBANK,20180824,14:22,639.95,640.35,639.85,640.35,27006
AXISBANK,20180824,14:23,640.4,640.4,640,640,33334
AXISBANK,20180824,14:24,640.05,640.15,639.7,639.85,18595
AXISBANK,20180824,14:25,639.85,639.9,639,639.2,24608
AXISBANK,20180824,14:26,639.4,639.9,639.1,639.8,11701
AXISBANK,20180824,14:27,639.9,640.5,639.7,639.7,42849
AXISBANK,20180824,14:28,640,640.45,639.6,639.7,14516
AXISBANK,20180824,14:29,639.7,640,639.7,639.75,14353
AXISBANK,20180824,14:30,639.7,640.5,639.7,640.5,18755
AXISBANK,20180824,14:31,640.5,640.5,640.05,640.1,15818
AXISBANK,20180824,14:32,640,640.4,639.9,640.2,11692
AXISBANK,20180824,14:33,640.35,640.45,639.6,639.6,14063
AXISBANK,20180824,14:34,639.65,640.05,639.2,639.2,16250
AXISBANK,20180824,14:35,639.5,639.65,639.2,639.5,23169
AXISBANK,20180824,14:36,639.2,639.65,639,639.05,35138
AXISBANK,20180824,14:37,639,639,636.7,637.5,111242
AXISBANK,20180824,14:38,637.8,638.25,637.35,637.5,26981
AXISBANK,20180824,14:39,637.65,638.25,637.6,637.8,26583
AXISBANK,20180824,14:40,637.9,638.3,637.85,638.25,20302
AXISBANK,20180824,14:41,638.2,638.8,638.05,638.5,14644
AXISBANK,20180824,14:42,638.5,639,638.5,638.75,16966
AXISBANK,20180824,14:43,638.9,639.1,638.65,638.8,11559
AXISBANK,20180824,14:44,638.8,638.95,638.4,638.5,11907
AXISBANK,20180824,14:45,638.45,638.6,638.3,638.45,11192
AXISBANK,20180824,14:46,638.5,639.2,638.45,639.2,17581
AXISBANK,20180824,14:47,639.2,639.95,639,639.95,27778
AXISBANK,20180824,14:48,639.8,640.25,639.25,639.4,34927
AXISBANK,20180824,14:49,639.5,639.85,639.25,639.65,17116
AXISBANK,20180824,14:50,639.7,640,639.6,640,14744
AXISBANK,20180824,14:51,640,640.2,639.45,639.7,31773
AXISBANK,20180824,14:52,639.85,640.2,639.75,639.75,20307
AXISBANK,20180824,14:53,639.9,640,639.2,639.35,14277
AXISBANK,20180824,14:54,639.6,639.95,639.4,639.85,12468
AXISBANK,20180824,14:55,639.9,640,639.7,639.75,14204
AXISBANK,20180824,14:56,639.9,639.9,639.4,639.65,12659
AXISBANK,20180824,14:57,639.6,639.95,639.6,639.65,11412
AXISBANK,20180824,14:58,639.6,640,639.6,639.75,10238
AXISBANK,20180824,14:59,639.75,639.95,639.5,639.6,18045
AXISBANK,20180824,15:00,639.7,639.7,639.5,639.55,8339
AXISBANK,20180824,15:01,639.5,639.9,639.4,639.4,16884
AXISBANK,20180824,15:02,639.35,639.75,639.35,639.7,20104
AXISBANK,20180824,15:03,639.7,640,639.4,639.85,18719
AXISBANK,20180824,15:04,639.9,640.25,639.85,640.1,33198
AXISBANK,20180824,15:05,640.15,641.05,640.1,640.65,83826
AXISBANK,20180824,15:06,640.8,640.8,640.25,640.45,16588
AXISBANK,20180824,15:07,640.4,640.45,639.8,640.25,18122
AXISBANK,20180824,15:08,640.15,640.55,640.15,640.5,18730
AXISBANK,20180824,15:09,640.55,640.6,639.75,639.75,260586
AXISBANK,20180824,15:10,639.75,640.2,639.75,639.9,38210
AXISBANK,20180824,15:11,640,640.2,639.4,639.4,69807
AXISBANK,20180824,15:12,639.4,639.8,639.2,639.4,18325
AXISBANK,20180824,15:13,639.4,640,639.25,639.95,27428
AXISBANK,20180824,15:14,640,640,639.55,640,25237
AXISBANK,20180824,15:15,639.9,640.2,639.9,640,33845
AXISBANK,20180824,15:16,639.95,640.6,639.65,640.2,135726
AXISBANK,20180824,15:17,640.4,640.7,640,640.3,338055
AXISBANK,20180824,15:18,640.3,640.3,639.75,639.75,39198
AXISBANK,20180824,15:19,639.75,640.55,639.75,640.15,39816
AXISBANK,20180824,15:20,640.2,640.25,639.8,639.85,15684
AXISBANK,20180824,15:21,640,640.1,639.4,639.85,38163
AXISBANK,20180824,15:22,639.85,639.95,639.2,639.35,59013
AXISBANK,20180824,15:23,639.3,639.55,639.05,639.2,27608
AXISBANK,20180824,15:24,639.15,639.95,639.1,639.2,57807
AXISBANK,20180824,15:25,639.25,639.5,639,639,28752
AXISBANK,20180824,15:26,639.1,639.1,638.85,638.9,20620
AXISBANK,20180824,15:27,638.9,639.1,638.55,638.8,18884
AXISBANK,20180824,15:28,638.7,638.8,638.05,638.15,24885
AXISBANK,20180824,15:29,638.2,638.5,638,638.4,22121
AXISBANK,20180824,15:30,638.45,638.95,638.2,638.7,25125
AXISBANK,20180824,15:31,638.5,639.9,638.5,639.9,6008
AXISBANK,20180824,15:41,639.9,639.9,639.9,639.9,1460
AXISBANK,20180824,15:42,639.9,639.9,639.9,639.9,51
AXISBANK,20180824,15:45,639.9,639.9,639.9,639.9,25
AXISBANK,20180824,15:46,639.9,639.9,639.9,639.9,12
AXISBANK,20180824,15:48,639.9,639.9,639.9,639.9,2
AXISBANK,20180824,15:51,639.9,639.9,639.9,639.9,102
AXISBANK,20180824,15:55,639.9,639.9,639.9,639.9,13
AXISBANK,20180824,15:57,639.9,639.9,639.9,639.9,15
AXISBANK,20180824,15:59,639.9,639.9,639.9,639.9,77
AXISBANK,20180824,16:36,639.9,639.9,639.9,639.9,1
