NIFTYMETAL,20230203,09:08,5899.85,5899.85,5899.85,5899.85,0,0
NIFTYMETAL,20230203,09:16,5908.00,5918.90,5850.50,5856.60,0,0
NIFTYMETAL,20230203,09:17,5856.95,5861.00,5846.30,5851.15,0,0
NIFTYMETAL,20230203,09:18,5850.70,5863.60,5850.70,5858.30,0,0
NIFTYMETAL,20230203,09:19,5857.85,5878.40,5854.15,5878.40,0,0
NIFTYMETAL,20230203,09:20,5881.10,5886.15,5863.95,5865.60,0,0
NIFTYMETAL,20230203,09:21,5867.00,5878.00,5844.55,5854.80,0,0
NIFTYMETAL,20230203,09:22,5855.35,5856.15,5847.35,5848.25,0,0
NIFTYMETAL,20230203,09:23,5849.15,5854.70,5848.40,5853.25,0,0
NIFTYMETAL,20230203,09:24,5854.25,5862.95,5853.80,5856.30,0,0
NIFTYMETAL,20230203,09:25,5855.45,5855.70,5851.55,5854.35,0,0
NIFTYMETAL,20230203,09:26,5854.65,5855.20,5843.45,5845.20,0,0
NIFTYMETAL,20230203,09:27,5844.40,5847.20,5841.85,5842.80,0,0
NIFTYMETAL,20230203,09:28,5842.25,5851.25,5842.20,5851.25,0,0
NIFTYMETAL,20230203,09:29,5851.75,5853.70,5843.60,5843.95,0,0
NIFTYMETAL,20230203,09:30,5843.75,5843.75,5837.75,5842.55,0,0
NIFTYMETAL,20230203,09:31,5842.30,5844.55,5801.75,5801.85,0,0
NIFTYMETAL,20230203,09:32,5800.45,5808.45,5796.60,5805.65,0,0
NIFTYMETAL,20230203,09:33,5805.80,5807.40,5804.00,5804.90,0,0
NIFTYMETAL,20230203,09:34,5805.65,5805.65,5797.45,5798.10,0,0
NIFTYMETAL,20230203,09:35,5797.60,5803.90,5796.20,5798.65,0,0
NIFTYMETAL,20230203,09:36,5798.60,5800.75,5791.10,5791.70,0,0
NIFTYMETAL,20230203,09:37,5791.60,5794.55,5786.70,5788.20,0,0
NIFTYMETAL,20230203,09:38,5788.40,5788.40,5782.50,5786.95,0,0
NIFTYMETAL,20230203,09:39,5787.65,5799.90,5787.35,5796.80,0,0
NIFTYMETAL,20230203,09:40,5797.05,5797.05,5791.55,5792.85,0,0
NIFTYMETAL,20230203,09:41,5792.30,5792.75,5786.00,5786.10,0,0
NIFTYMETAL,20230203,09:42,5786.80,5788.80,5781.55,5788.00,0,0
NIFTYMETAL,20230203,09:43,5787.40,5791.00,5785.75,5786.30,0,0
NIFTYMETAL,20230203,09:44,5787.25,5788.85,5783.35,5785.65,0,0
NIFTYMETAL,20230203,09:45,5784.05,5785.65,5780.85,5782.35,0,0
NIFTYMETAL,20230203,09:46,5781.80,5781.80,5742.85,5746.95,0,0
NIFTYMETAL,20230203,09:47,5746.70,5748.05,5740.45,5741.15,0,0
NIFTYMETAL,20230203,09:48,5740.90,5741.05,5738.20,5738.20,0,0
NIFTYMETAL,20230203,09:49,5738.95,5738.95,5736.00,5737.20,0,0
NIFTYMETAL,20230203,09:50,5737.60,5740.00,5735.95,5736.55,0,0
NIFTYMETAL,20230203,09:51,5736.25,5737.45,5722.10,5724.60,0,0
NIFTYMETAL,20230203,09:52,5725.35,5728.50,5719.90,5724.65,0,0
NIFTYMETAL,20230203,09:53,5724.90,5728.20,5719.05,5724.05,0,0
NIFTYMETAL,20230203,09:54,5723.65,5725.50,5720.35,5724.30,0,0
NIFTYMETAL,20230203,09:55,5724.80,5725.30,5715.80,5717.45,0,0
NIFTYMETAL,20230203,09:56,5717.20,5717.45,5706.95,5716.35,0,0
NIFTYMETAL,20230203,09:57,5716.10,5726.30,5715.70,5726.30,0,0
NIFTYMETAL,20230203,09:58,5725.70,5727.80,5719.55,5719.55,0,0
NIFTYMETAL,20230203,09:59,5718.75,5718.85,5714.50,5718.25,0,0
NIFTYMETAL,20230203,10:00,5718.20,5720.25,5716.65,5720.10,0,0
NIFTYMETAL,20230203,10:01,5719.70,5719.75,5710.90,5714.50,0,0
NIFTYMETAL,20230203,10:02,5714.25,5714.30,5706.85,5707.45,0,0
NIFTYMETAL,20230203,10:03,5707.80,5712.35,5706.75,5709.35,0,0
NIFTYMETAL,20230203,10:04,5710.65,5713.70,5681.65,5706.10,0,0
NIFTYMETAL,20230203,10:05,5707.95,5708.35,5687.05,5699.80,0,0
NIFTYMETAL,20230203,10:06,5694.95,5697.50,5675.15,5675.25,0,0
NIFTYMETAL,20230203,10:07,5676.05,5696.25,5672.05,5688.70,0,0
NIFTYMETAL,20230203,10:08,5688.25,5688.25,5677.55,5685.05,0,0
NIFTYMETAL,20230203,10:09,5684.10,5696.00,5681.55,5694.80,0,0
NIFTYMETAL,20230203,10:10,5693.40,5696.25,5683.50,5684.35,0,0
NIFTYMETAL,20230203,10:11,5683.80,5690.10,5683.40,5688.90,0,0
NIFTYMETAL,20230203,10:12,5688.85,5690.80,5687.85,5690.05,0,0
NIFTYMETAL,20230203,10:13,5689.85,5692.40,5688.25,5689.60,0,0
NIFTYMETAL,20230203,10:14,5689.70,5689.70,5684.60,5684.60,0,0
NIFTYMETAL,20230203,10:15,5684.80,5686.80,5684.50,5686.00,0,0
NIFTYMETAL,20230203,10:16,5685.50,5691.60,5685.10,5691.35,0,0
NIFTYMETAL,20230203,10:17,5691.85,5696.90,5690.40,5696.30,0,0
NIFTYMETAL,20230203,10:18,5696.45,5697.90,5695.05,5697.50,0,0
NIFTYMETAL,20230203,10:19,5697.10,5698.25,5696.35,5697.65,0,0
NIFTYMETAL,20230203,10:20,5697.10,5697.75,5692.05,5692.95,0,0
NIFTYMETAL,20230203,10:21,5691.85,5692.20,5649.60,5649.65,0,0
NIFTYMETAL,20230203,10:22,5649.50,5650.75,5644.65,5645.10,0,0
NIFTYMETAL,20230203,10:23,5644.50,5645.20,5639.55,5641.75,0,0
NIFTYMETAL,20230203,10:24,5643.10,5646.20,5641.85,5641.85,0,0
NIFTYMETAL,20230203,10:25,5641.30,5641.85,5637.80,5639.30,0,0
NIFTYMETAL,20230203,10:26,5638.80,5638.95,5633.35,5633.45,0,0
NIFTYMETAL,20230203,10:27,5632.80,5635.70,5630.90,5635.70,0,0
NIFTYMETAL,20230203,10:28,5634.85,5636.60,5633.90,5635.85,0,0
NIFTYMETAL,20230203,10:29,5635.95,5639.70,5635.90,5639.30,0,0
NIFTYMETAL,20230203,10:30,5639.40,5642.65,5638.80,5640.70,0,0
NIFTYMETAL,20230203,10:31,5641.40,5641.40,5626.90,5628.00,0,0
NIFTYMETAL,20230203,10:32,5627.45,5629.90,5626.85,5629.70,0,0
NIFTYMETAL,20230203,10:33,5629.30,5630.20,5624.30,5626.20,0,0
NIFTYMETAL,20230203,10:34,5627.65,5637.05,5626.45,5636.90,0,0
NIFTYMETAL,20230203,10:35,5636.80,5636.90,5628.50,5629.40,0,0
NIFTYMETAL,20230203,10:36,5628.50,5628.65,5591.10,5593.50,0,0
NIFTYMETAL,20230203,10:37,5593.30,5600.55,5590.85,5597.60,0,0
NIFTYMETAL,20230203,10:38,5596.75,5607.20,5596.40,5606.85,0,0
NIFTYMETAL,20230203,10:39,5606.60,5607.30,5599.05,5600.00,0,0
NIFTYMETAL,20230203,10:40,5599.55,5601.15,5596.40,5596.50,0,0
NIFTYMETAL,20230203,10:41,5596.40,5596.45,5590.45,5590.65,0,0
NIFTYMETAL,20230203,10:42,5590.00,5591.85,5589.50,5590.55,0,0
NIFTYMETAL,20230203,10:43,5589.90,5592.25,5587.45,5591.10,0,0
NIFTYMETAL,20230203,10:44,5591.35,5594.95,5590.65,5593.40,0,0
NIFTYMETAL,20230203,10:45,5594.05,5594.15,5581.05,5581.90,0,0
NIFTYMETAL,20230203,10:46,5582.25,5588.20,5580.25,5587.55,0,0
NIFTYMETAL,20230203,10:47,5587.70,5592.85,5586.70,5590.65,0,0
NIFTYMETAL,20230203,10:48,5590.00,5591.90,5589.15,5590.25,0,0
NIFTYMETAL,20230203,10:49,5590.85,5592.80,5584.70,5592.25,0,0
NIFTYMETAL,20230203,10:50,5592.90,5660.60,5592.90,5659.55,0,0
NIFTYMETAL,20230203,10:51,5662.40,5669.95,5642.10,5646.60,0,0
NIFTYMETAL,20230203,10:52,5644.50,5678.15,5643.35,5674.90,0,0
NIFTYMETAL,20230203,10:53,5674.65,5683.20,5664.15,5665.80,0,0
NIFTYMETAL,20230203,10:54,5667.95,5677.40,5658.15,5674.00,0,0
NIFTYMETAL,20230203,10:55,5673.75,5690.60,5672.70,5688.15,0,0
NIFTYMETAL,20230203,10:56,5686.30,5687.65,5666.15,5666.15,0,0
NIFTYMETAL,20230203,10:57,5665.15,5665.15,5633.85,5660.95,0,0
NIFTYMETAL,20230203,10:58,5659.35,5666.90,5655.30,5659.15,0,0
NIFTYMETAL,20230203,10:59,5660.55,5669.10,5660.00,5663.60,0,0
NIFTYMETAL,20230203,11:00,5662.25,5662.80,5644.40,5648.50,0,0
NIFTYMETAL,20230203,11:01,5648.30,5653.70,5643.45,5653.05,0,0
NIFTYMETAL,20230203,11:02,5653.45,5665.85,5651.15,5664.30,0,0
NIFTYMETAL,20230203,11:03,5663.80,5678.20,5660.65,5670.25,0,0
NIFTYMETAL,20230203,11:04,5669.90,5674.85,5661.65,5671.30,0,0
NIFTYMETAL,20230203,11:05,5670.00,5670.25,5660.55,5660.75,0,0
NIFTYMETAL,20230203,11:06,5661.65,5661.65,5651.65,5656.20,0,0
NIFTYMETAL,20230203,11:07,5655.40,5657.20,5646.40,5646.40,0,0
NIFTYMETAL,20230203,11:08,5648.00,5656.60,5648.00,5653.25,0,0
NIFTYMETAL,20230203,11:09,5653.95,5655.40,5642.45,5642.50,0,0
NIFTYMETAL,20230203,11:10,5642.10,5649.05,5642.10,5648.20,0,0
NIFTYMETAL,20230203,11:11,5649.15,5653.10,5647.75,5648.40,0,0
NIFTYMETAL,20230203,11:12,5647.85,5649.05,5622.00,5622.00,0,0
NIFTYMETAL,20230203,11:13,5621.70,5640.10,5615.35,5638.80,0,0
NIFTYMETAL,20230203,11:14,5639.20,5648.00,5639.20,5648.00,0,0
NIFTYMETAL,20230203,11:15,5647.80,5657.40,5647.45,5657.40,0,0
NIFTYMETAL,20230203,11:16,5657.80,5658.20,5651.50,5652.00,0,0
NIFTYMETAL,20230203,11:17,5654.00,5659.30,5653.15,5656.55,0,0
NIFTYMETAL,20230203,11:18,5656.70,5666.80,5655.40,5666.80,0,0
NIFTYMETAL,20230203,11:19,5665.95,5666.65,5663.15,5665.65,0,0
NIFTYMETAL,20230203,11:20,5666.05,5668.85,5662.50,5664.30,0,0
NIFTYMETAL,20230203,11:21,5663.95,5664.95,5655.20,5657.95,0,0
NIFTYMETAL,20230203,11:22,5657.90,5666.15,5657.50,5666.15,0,0
NIFTYMETAL,20230203,11:23,5665.40,5671.70,5665.40,5666.40,0,0
NIFTYMETAL,20230203,11:24,5666.85,5667.20,5656.10,5657.90,0,0
NIFTYMETAL,20230203,11:25,5658.40,5660.10,5650.75,5655.10,0,0
NIFTYMETAL,20230203,11:26,5655.25,5655.50,5650.20,5652.80,0,0
NIFTYMETAL,20230203,11:27,5653.65,5662.80,5653.65,5662.55,0,0
NIFTYMETAL,20230203,11:28,5662.20,5666.55,5661.70,5666.40,0,0
NIFTYMETAL,20230203,11:29,5666.05,5669.05,5664.15,5665.60,0,0
NIFTYMETAL,20230203,11:30,5664.75,5667.25,5662.95,5667.25,0,0
NIFTYMETAL,20230203,11:31,5667.60,5668.95,5660.10,5661.45,0,0
NIFTYMETAL,20230203,11:32,5661.20,5666.85,5658.55,5666.25,0,0
NIFTYMETAL,20230203,11:33,5666.40,5673.60,5661.40,5661.75,0,0
NIFTYMETAL,20230203,11:34,5662.40,5671.35,5661.65,5671.35,0,0
NIFTYMETAL,20230203,11:35,5672.40,5690.10,5672.40,5689.50,0,0
NIFTYMETAL,20230203,11:36,5687.85,5704.70,5687.50,5701.45,0,0
NIFTYMETAL,20230203,11:37,5698.80,5713.00,5698.65,5713.00,0,0
NIFTYMETAL,20230203,11:38,5713.50,5716.30,5704.30,5704.80,0,0
NIFTYMETAL,20230203,11:39,5705.15,5706.05,5691.70,5701.30,0,0
NIFTYMETAL,20230203,11:40,5701.15,5712.55,5699.45,5712.55,0,0
NIFTYMETAL,20230203,11:41,5711.10,5714.40,5705.85,5710.15,0,0
NIFTYMETAL,20230203,11:42,5710.70,5720.10,5710.70,5718.65,0,0
NIFTYMETAL,20230203,11:43,5718.05,5726.30,5718.05,5724.25,0,0
NIFTYMETAL,20230203,11:44,5723.75,5743.05,5722.85,5743.05,0,0
NIFTYMETAL,20230203,11:45,5742.50,5743.90,5731.25,5731.70,0,0
NIFTYMETAL,20230203,11:46,5732.35,5736.65,5720.85,5735.90,0,0
NIFTYMETAL,20230203,11:47,5734.80,5743.60,5731.35,5743.55,0,0
NIFTYMETAL,20230203,11:48,5743.80,5756.75,5742.85,5755.90,0,0
NIFTYMETAL,20230203,11:49,5756.15,5763.05,5752.80,5763.05,0,0
NIFTYMETAL,20230203,11:50,5763.20,5771.15,5763.10,5769.60,0,0
NIFTYMETAL,20230203,11:51,5768.35,5768.85,5755.90,5758.00,0,0
NIFTYMETAL,20230203,11:52,5757.30,5771.85,5753.90,5771.85,0,0
NIFTYMETAL,20230203,11:53,5770.60,5775.30,5767.15,5774.75,0,0
NIFTYMETAL,20230203,11:54,5774.20,5785.05,5773.50,5781.40,0,0
NIFTYMETAL,20230203,11:55,5780.85,5785.00,5776.85,5785.00,0,0
NIFTYMETAL,20230203,11:56,5785.45,5803.55,5785.45,5792.75,0,0
NIFTYMETAL,20230203,11:57,5790.85,5797.25,5782.00,5788.60,0,0
NIFTYMETAL,20230203,11:58,5788.45,5805.50,5784.15,5802.00,0,0
NIFTYMETAL,20230203,11:59,5801.25,5801.25,5773.90,5773.90,0,0
NIFTYMETAL,20230203,12:00,5773.15,5773.40,5742.15,5745.50,0,0
NIFTYMETAL,20230203,12:01,5746.50,5747.20,5711.00,5723.75,0,0
NIFTYMETAL,20230203,12:02,5722.35,5738.85,5722.35,5730.30,0,0
NIFTYMETAL,20230203,12:03,5730.60,5750.30,5729.70,5747.25,0,0
NIFTYMETAL,20230203,12:04,5746.50,5747.35,5741.85,5743.85,0,0
NIFTYMETAL,20230203,12:05,5745.05,5764.45,5744.85,5759.60,0,0
NIFTYMETAL,20230203,12:06,5758.15,5775.65,5758.15,5765.25,0,0
NIFTYMETAL,20230203,12:07,5764.05,5764.05,5750.65,5753.30,0,0
NIFTYMETAL,20230203,12:08,5753.25,5753.55,5744.35,5748.25,0,0
NIFTYMETAL,20230203,12:09,5747.70,5754.90,5747.30,5754.85,0,0
NIFTYMETAL,20230203,12:10,5753.75,5763.50,5753.75,5762.80,0,0
NIFTYMETAL,20230203,12:11,5762.25,5763.40,5749.90,5751.55,0,0
NIFTYMETAL,20230203,12:12,5751.65,5751.65,5738.05,5745.20,0,0
NIFTYMETAL,20230203,12:13,5745.65,5749.00,5736.85,5740.20,0,0
NIFTYMETAL,20230203,12:14,5739.55,5748.55,5739.55,5745.95,0,0
NIFTYMETAL,20230203,12:15,5746.85,5752.30,5746.70,5749.80,0,0
NIFTYMETAL,20230203,12:16,5750.40,5758.00,5749.25,5755.40,0,0
NIFTYMETAL,20230203,12:17,5754.95,5756.30,5748.00,5748.45,0,0
NIFTYMETAL,20230203,12:18,5749.10,5750.15,5741.10,5743.80,0,0
NIFTYMETAL,20230203,12:19,5745.90,5749.60,5744.65,5746.75,0,0
NIFTYMETAL,20230203,12:20,5745.85,5753.65,5745.60,5752.75,0,0
NIFTYMETAL,20230203,12:21,5752.95,5770.10,5752.65,5769.80,0,0
NIFTYMETAL,20230203,12:22,5769.00,5779.75,5763.50,5779.75,0,0
NIFTYMETAL,20230203,12:23,5779.55,5785.15,5770.50,5770.50,0,0
NIFTYMETAL,20230203,12:24,5768.55,5773.10,5763.85,5769.10,0,0
NIFTYMETAL,20230203,12:25,5768.55,5781.00,5768.55,5774.50,0,0
NIFTYMETAL,20230203,12:26,5773.70,5774.50,5759.20,5760.90,0,0
NIFTYMETAL,20230203,12:27,5760.85,5769.20,5758.30,5764.45,0,0
NIFTYMETAL,20230203,12:28,5765.05,5768.45,5763.05,5767.90,0,0
NIFTYMETAL,20230203,12:29,5769.15,5782.95,5769.15,5779.50,0,0
NIFTYMETAL,20230203,12:30,5781.55,5783.25,5775.50,5779.00,0,0
NIFTYMETAL,20230203,12:31,5778.55,5779.95,5767.20,5769.75,0,0
NIFTYMETAL,20230203,12:32,5770.60,5772.15,5763.45,5764.80,0,0
NIFTYMETAL,20230203,12:33,5765.60,5771.25,5764.95,5767.90,0,0
NIFTYMETAL,20230203,12:34,5769.05,5769.15,5763.40,5766.00,0,0
NIFTYMETAL,20230203,12:35,5766.35,5766.35,5755.30,5763.65,0,0
NIFTYMETAL,20230203,12:36,5764.55,5773.85,5763.25,5769.05,0,0
NIFTYMETAL,20230203,12:37,5768.25,5768.95,5762.65,5765.05,0,0
NIFTYMETAL,20230203,12:38,5764.80,5769.85,5761.30,5768.95,0,0
NIFTYMETAL,20230203,12:39,5768.90,5774.20,5767.15,5773.25,0,0
NIFTYMETAL,20230203,12:40,5774.30,5776.75,5770.10,5776.75,0,0
NIFTYMETAL,20230203,12:41,5776.80,5784.10,5771.15,5776.50,0,0
NIFTYMETAL,20230203,12:42,5776.40,5778.45,5774.10,5776.75,0,0
NIFTYMETAL,20230203,12:43,5776.95,5778.00,5773.00,5773.80,0,0
NIFTYMETAL,20230203,12:44,5774.10,5779.25,5772.05,5777.55,0,0
NIFTYMETAL,20230203,12:45,5778.45,5780.15,5772.95,5774.65,0,0
NIFTYMETAL,20230203,12:46,5774.20,5774.25,5768.55,5772.40,0,0
NIFTYMETAL,20230203,12:47,5772.15,5772.25,5767.90,5767.90,0,0
NIFTYMETAL,20230203,12:48,5768.65,5770.65,5765.20,5770.00,0,0
NIFTYMETAL,20230203,12:49,5770.35,5777.65,5769.40,5776.65,0,0
NIFTYMETAL,20230203,12:50,5778.45,5784.85,5778.20,5782.85,0,0
NIFTYMETAL,20230203,12:51,5783.15,5794.05,5781.70,5788.40,0,0
NIFTYMETAL,20230203,12:52,5788.30,5798.10,5788.30,5797.95,0,0
NIFTYMETAL,20230203,12:53,5797.85,5804.60,5796.90,5800.55,0,0
NIFTYMETAL,20230203,12:54,5800.10,5805.65,5798.35,5800.15,0,0
NIFTYMETAL,20230203,12:55,5800.35,5801.45,5790.30,5801.45,0,0
NIFTYMETAL,20230203,12:56,5800.40,5803.50,5787.25,5789.40,0,0
NIFTYMETAL,20230203,12:57,5790.00,5791.30,5782.50,5784.40,0,0
NIFTYMETAL,20230203,12:58,5786.25,5790.55,5784.25,5785.45,0,0
NIFTYMETAL,20230203,12:59,5785.80,5787.00,5777.10,5777.10,0,0
NIFTYMETAL,20230203,13:00,5776.95,5777.10,5754.40,5755.25,0,0
NIFTYMETAL,20230203,13:01,5752.35,5758.80,5748.95,5758.00,0,0
NIFTYMETAL,20230203,13:02,5758.55,5760.05,5750.80,5760.05,0,0
NIFTYMETAL,20230203,13:03,5761.20,5764.05,5760.45,5761.75,0,0
NIFTYMETAL,20230203,13:04,5762.85,5767.95,5762.05,5765.80,0,0
NIFTYMETAL,20230203,13:05,5767.25,5770.45,5766.05,5768.00,0,0
NIFTYMETAL,20230203,13:06,5769.20,5775.90,5765.70,5773.25,0,0
NIFTYMETAL,20230203,13:07,5774.25,5774.25,5768.20,5768.70,0,0
NIFTYMETAL,20230203,13:08,5769.65,5769.65,5759.50,5760.60,0,0
NIFTYMETAL,20230203,13:09,5761.20,5763.05,5757.85,5759.00,0,0
NIFTYMETAL,20230203,13:10,5760.15,5761.85,5756.10,5757.90,0,0
NIFTYMETAL,20230203,13:11,5756.30,5757.90,5743.35,5744.70,0,0
NIFTYMETAL,20230203,13:12,5743.60,5748.15,5733.90,5745.55,0,0
NIFTYMETAL,20230203,13:13,5746.10,5761.85,5745.25,5760.05,0,0
NIFTYMETAL,20230203,13:14,5759.05,5765.90,5755.20,5764.80,0,0
NIFTYMETAL,20230203,13:15,5766.00,5766.00,5759.95,5764.60,0,0
NIFTYMETAL,20230203,13:16,5765.05,5768.15,5753.75,5755.05,0,0
NIFTYMETAL,20230203,13:17,5754.90,5759.70,5754.30,5759.15,0,0
NIFTYMETAL,20230203,13:18,5761.25,5763.55,5756.95,5760.90,0,0
NIFTYMETAL,20230203,13:19,5760.75,5763.60,5756.45,5757.05,0,0
NIFTYMETAL,20230203,13:20,5757.10,5757.10,5750.25,5751.00,0,0
NIFTYMETAL,20230203,13:21,5751.20,5754.65,5747.20,5747.80,0,0
NIFTYMETAL,20230203,13:22,5748.25,5753.15,5748.25,5751.45,0,0
NIFTYMETAL,20230203,13:23,5751.05,5755.15,5750.95,5753.00,0,0
NIFTYMETAL,20230203,13:24,5753.75,5758.60,5751.10,5751.10,0,0
NIFTYMETAL,20230203,13:25,5751.90,5757.45,5751.05,5751.15,0,0
NIFTYMETAL,20230203,13:26,5750.70,5750.70,5739.10,5748.60,0,0
NIFTYMETAL,20230203,13:27,5748.75,5752.30,5741.25,5749.85,0,0
NIFTYMETAL,20230203,13:28,5751.20,5755.60,5750.55,5754.85,0,0
NIFTYMETAL,20230203,13:29,5754.80,5758.35,5753.35,5757.65,0,0
NIFTYMETAL,20230203,13:30,5757.90,5758.85,5756.35,5758.30,0,0
NIFTYMETAL,20230203,13:31,5759.35,5759.60,5753.70,5755.50,0,0
NIFTYMETAL,20230203,13:32,5756.05,5757.65,5755.30,5755.80,0,0
NIFTYMETAL,20230203,13:33,5757.05,5757.05,5753.95,5755.70,0,0
NIFTYMETAL,20230203,13:34,5758.05,5758.05,5749.90,5752.80,0,0
NIFTYMETAL,20230203,13:35,5751.75,5760.00,5744.45,5759.80,0,0
NIFTYMETAL,20230203,13:36,5759.40,5773.45,5759.40,5766.25,0,0
NIFTYMETAL,20230203,13:37,5765.85,5768.70,5763.65,5767.80,0,0
NIFTYMETAL,20230203,13:38,5768.95,5770.30,5765.10,5769.45,0,0
NIFTYMETAL,20230203,13:39,5769.35,5772.10,5766.80,5770.95,0,0
NIFTYMETAL,20230203,13:40,5773.70,5780.95,5773.10,5780.95,0,0
NIFTYMETAL,20230203,13:41,5783.90,5789.95,5783.85,5788.90,0,0
NIFTYMETAL,20230203,13:42,5789.55,5790.90,5786.35,5787.85,0,0
NIFTYMETAL,20230203,13:43,5789.25,5799.50,5788.80,5799.50,0,0
NIFTYMETAL,20230203,13:44,5802.50,5807.70,5797.15,5799.35,0,0
NIFTYMETAL,20230203,13:45,5800.80,5804.50,5791.20,5794.40,0,0
NIFTYMETAL,20230203,13:46,5795.05,5795.05,5787.00,5792.70,0,0
NIFTYMETAL,20230203,13:47,5791.85,5806.80,5791.85,5803.60,0,0
NIFTYMETAL,20230203,13:48,5804.15,5806.55,5797.30,5798.45,0,0
NIFTYMETAL,20230203,13:49,5798.15,5798.35,5790.50,5796.60,0,0
NIFTYMETAL,20230203,13:50,5797.90,5802.00,5796.70,5798.85,0,0
NIFTYMETAL,20230203,13:51,5799.15,5800.50,5789.55,5790.35,0,0
NIFTYMETAL,20230203,13:52,5790.50,5798.60,5788.75,5797.60,0,0
NIFTYMETAL,20230203,13:53,5797.80,5798.60,5794.40,5798.60,0,0
NIFTYMETAL,20230203,13:54,5799.00,5803.70,5798.05,5798.05,0,0
NIFTYMETAL,20230203,13:55,5797.40,5798.70,5794.75,5796.00,0,0
NIFTYMETAL,20230203,13:56,5797.15,5804.70,5786.00,5804.70,0,0
NIFTYMETAL,20230203,13:57,5805.20,5814.05,5804.65,5808.90,0,0
NIFTYMETAL,20230203,13:58,5808.30,5814.90,5808.30,5812.65,0,0
NIFTYMETAL,20230203,13:59,5812.40,5813.45,5806.45,5813.10,0,0
NIFTYMETAL,20230203,14:00,5812.90,5815.30,5808.60,5810.85,0,0
NIFTYMETAL,20230203,14:01,5811.00,5813.35,5806.75,5808.30,0,0
NIFTYMETAL,20230203,14:02,5808.85,5820.60,5808.85,5818.05,0,0
NIFTYMETAL,20230203,14:03,5817.80,5838.55,5816.45,5837.40,0,0
NIFTYMETAL,20230203,14:04,5835.25,5839.35,5828.70,5828.70,0,0
NIFTYMETAL,20230203,14:05,5828.40,5834.40,5825.75,5832.70,0,0
NIFTYMETAL,20230203,14:06,5832.80,5849.80,5832.80,5848.65,0,0
NIFTYMETAL,20230203,14:07,5849.15,5851.55,5838.80,5850.60,0,0
NIFTYMETAL,20230203,14:08,5851.85,5856.35,5833.80,5839.75,0,0
NIFTYMETAL,20230203,14:09,5840.20,5842.55,5832.10,5836.65,0,0
NIFTYMETAL,20230203,14:10,5838.25,5844.80,5838.25,5841.75,0,0
NIFTYMETAL,20230203,14:11,5841.05,5842.05,5833.95,5838.35,0,0
NIFTYMETAL,20230203,14:12,5837.15,5840.85,5835.95,5840.10,0,0
NIFTYMETAL,20230203,14:13,5839.80,5845.45,5834.40,5838.80,0,0
NIFTYMETAL,20230203,14:14,5838.45,5839.35,5832.55,5835.50,0,0
NIFTYMETAL,20230203,14:15,5835.30,5842.55,5833.85,5837.40,0,0
NIFTYMETAL,20230203,14:16,5838.55,5850.05,5838.05,5843.70,0,0
NIFTYMETAL,20230203,14:17,5844.30,5849.75,5844.30,5847.65,0,0
NIFTYMETAL,20230203,14:18,5848.40,5852.75,5845.70,5852.75,0,0
NIFTYMETAL,20230203,14:19,5852.30,5855.80,5850.10,5854.10,0,0
NIFTYMETAL,20230203,14:20,5853.15,5854.60,5843.90,5845.40,0,0
NIFTYMETAL,20230203,14:21,5845.65,5851.65,5840.85,5851.20,0,0
NIFTYMETAL,20230203,14:22,5851.25,5873.15,5851.10,5873.15,0,0
NIFTYMETAL,20230203,14:23,5873.40,5873.40,5861.20,5868.85,0,0
NIFTYMETAL,20230203,14:24,5868.10,5886.95,5867.20,5885.00,0,0
NIFTYMETAL,20230203,14:25,5884.55,5890.10,5874.85,5890.10,0,0
NIFTYMETAL,20230203,14:26,5890.60,5937.85,5890.20,5923.35,0,0
NIFTYMETAL,20230203,14:27,5923.95,5926.70,5896.30,5896.30,0,0
NIFTYMETAL,20230203,14:28,5891.30,5921.50,5891.30,5913.40,0,0
NIFTYMETAL,20230203,14:29,5914.25,5916.55,5901.20,5902.80,0,0
NIFTYMETAL,20230203,14:30,5903.40,5909.75,5901.05,5908.85,0,0
NIFTYMETAL,20230203,14:31,5909.35,5928.70,5909.35,5923.45,0,0
NIFTYMETAL,20230203,14:32,5923.05,5923.30,5907.35,5907.35,0,0
NIFTYMETAL,20230203,14:33,5907.95,5917.05,5897.75,5901.50,0,0
NIFTYMETAL,20230203,14:34,5901.65,5901.65,5872.65,5886.55,0,0
NIFTYMETAL,20230203,14:35,5890.40,5894.10,5880.55,5887.60,0,0
NIFTYMETAL,20230203,14:36,5882.85,5887.95,5860.95,5860.95,0,0
NIFTYMETAL,20230203,14:37,5860.65,5866.90,5847.05,5861.50,0,0
NIFTYMETAL,20230203,14:38,5861.80,5887.40,5861.80,5879.65,0,0
NIFTYMETAL,20230203,14:39,5880.50,5885.95,5874.85,5876.90,0,0
NIFTYMETAL,20230203,14:40,5877.85,5883.40,5866.45,5881.60,0,0
NIFTYMETAL,20230203,14:41,5881.55,5883.75,5878.10,5880.65,0,0
NIFTYMETAL,20230203,14:42,5881.20,5895.65,5881.20,5888.55,0,0
NIFTYMETAL,20230203,14:43,5889.35,5901.05,5888.00,5901.05,0,0
NIFTYMETAL,20230203,14:44,5902.40,5915.70,5895.50,5905.60,0,0
NIFTYMETAL,20230203,14:45,5905.15,5907.10,5896.00,5897.55,0,0
NIFTYMETAL,20230203,14:46,5898.00,5909.10,5897.80,5903.80,0,0
NIFTYMETAL,20230203,14:47,5901.95,5902.20,5891.05,5891.55,0,0
NIFTYMETAL,20230203,14:48,5891.50,5893.35,5884.35,5886.65,0,0
NIFTYMETAL,20230203,14:49,5888.50,5895.70,5888.50,5894.20,0,0
NIFTYMETAL,20230203,14:50,5894.10,5896.60,5891.55,5892.30,0,0
NIFTYMETAL,20230203,14:51,5891.80,5893.75,5884.95,5892.60,0,0
NIFTYMETAL,20230203,14:52,5893.65,5897.40,5887.75,5896.95,0,0
NIFTYMETAL,20230203,14:53,5899.55,5904.35,5897.15,5900.30,0,0
NIFTYMETAL,20230203,14:54,5898.90,5908.55,5898.90,5907.75,0,0
NIFTYMETAL,20230203,14:55,5908.75,5910.65,5900.05,5900.05,0,0
NIFTYMETAL,20230203,14:56,5899.95,5900.35,5887.75,5888.05,0,0
NIFTYMETAL,20230203,14:57,5887.55,5894.80,5884.40,5889.30,0,0
NIFTYMETAL,20230203,14:58,5890.05,5891.10,5884.60,5885.95,0,0
NIFTYMETAL,20230203,14:59,5885.25,5886.00,5881.85,5883.30,0,0
NIFTYMETAL,20230203,15:00,5884.45,5889.10,5883.55,5889.10,0,0
NIFTYMETAL,20230203,15:01,5892.50,5905.10,5892.50,5904.35,0,0
NIFTYMETAL,20230203,15:02,5903.00,5914.10,5900.10,5900.55,0,0
NIFTYMETAL,20230203,15:03,5903.05,5913.80,5903.05,5909.30,0,0
NIFTYMETAL,20230203,15:04,5908.05,5915.25,5906.85,5915.25,0,0
NIFTYMETAL,20230203,15:05,5915.70,5917.55,5902.65,5906.10,0,0
NIFTYMETAL,20230203,15:06,5906.45,5909.70,5898.50,5902.65,0,0
NIFTYMETAL,20230203,15:07,5903.75,5906.10,5899.85,5905.35,0,0
NIFTYMETAL,20230203,15:08,5905.30,5905.30,5891.75,5897.65,0,0
NIFTYMETAL,20230203,15:09,5899.05,5906.25,5896.45,5905.45,0,0
NIFTYMETAL,20230203,15:10,5905.35,5911.00,5903.00,5904.85,0,0
NIFTYMETAL,20230203,15:11,5905.85,5908.00,5899.15,5900.90,0,0
NIFTYMETAL,20230203,15:12,5900.60,5904.60,5896.70,5902.45,0,0
NIFTYMETAL,20230203,15:13,5902.15,5902.90,5898.15,5899.10,0,0
NIFTYMETAL,20230203,15:14,5899.35,5905.55,5899.20,5903.40,0,0
NIFTYMETAL,20230203,15:15,5904.25,5906.30,5901.90,5902.85,0,0
NIFTYMETAL,20230203,15:16,5903.25,5912.45,5902.45,5912.05,0,0
NIFTYMETAL,20230203,15:17,5912.25,5914.10,5907.10,5909.95,0,0
NIFTYMETAL,20230203,15:18,5909.45,5917.75,5909.20,5909.20,0,0
NIFTYMETAL,20230203,15:19,5909.45,5910.35,5906.95,5908.70,0,0
NIFTYMETAL,20230203,15:20,5909.80,5913.35,5907.55,5911.55,0,0
NIFTYMETAL,20230203,15:21,5911.80,5915.35,5902.70,5902.70,0,0
NIFTYMETAL,20230203,15:22,5902.25,5906.75,5897.20,5898.50,0,0
NIFTYMETAL,20230203,15:23,5900.00,5901.90,5886.30,5889.85,0,0
NIFTYMETAL,20230203,15:24,5888.85,5894.85,5888.85,5892.90,0,0
NIFTYMETAL,20230203,15:25,5893.20,5895.30,5888.35,5888.35,0,0
NIFTYMETAL,20230203,15:26,5887.90,5889.25,5884.10,5885.40,0,0
NIFTYMETAL,20230203,15:27,5885.90,5885.95,5875.95,5878.00,0,0
NIFTYMETAL,20230203,15:28,5876.50,5881.40,5872.90,5878.95,0,0
NIFTYMETAL,20230203,15:29,5879.50,5879.50,5868.55,5871.15,0,0
NIFTYMETAL,20230203,15:30,5870.50,5875.80,5866.05,5869.90,0,0
NIFTYMETAL,20230203,15:31,5873.60,5873.60,5873.60,5873.60,0,0
NIFTYMETAL,20230203,15:32,5901.95,5901.95,5901.95,5901.95,0,0
