NTPC_F1,20190717,09:16,131.45,131.80,130.70,131.60,331200,64248000
NTPC_F1,20190717,09:17,131.45,131.45,131.25,131.30,144000,64248000
NTPC_F1,20190717,09:18,131.10,131.20,131.10,131.10,129600,64435200
NTPC_F1,20190717,09:19,131.15,131.15,131.10,131.10,91200,64435200
NTPC_F1,20190717,09:20,131.10,131.20,131.10,131.10,43200,64435200
NTPC_F1,20190717,09:21,131.05,131.05,130.85,130.95,124800,64516800
NTPC_F1,20190717,09:22,130.90,131.00,130.85,130.90,62400,64516800
NTPC_F1,20190717,09:23,130.90,131.00,130.85,131.00,76800,64516800
NTPC_F1,20190717,09:24,131.00,131.05,130.90,130.90,57600,64516800
NTPC_F1,20190717,09:25,130.90,130.90,130.80,130.85,57600,64564800
NTPC_F1,20190717,09:26,130.75,130.75,130.60,130.60,62400,64564800
NTPC_F1,20190717,09:27,130.50,130.55,130.50,130.55,33600,64564800
NTPC_F1,20190717,09:28,130.40,130.55,130.40,130.45,48000,64564800
NTPC_F1,20190717,09:29,130.45,130.45,130.25,130.35,120000,64564800
NTPC_F1,20190717,09:30,130.40,130.40,130.30,130.30,52800,64564800
NTPC_F1,20190717,09:31,130.20,130.30,130.15,130.15,62400,64588800
NTPC_F1,20190717,09:32,130.15,130.15,130.10,130.15,57600,64588800
NTPC_F1,20190717,09:33,130.10,130.15,130.10,130.15,52800,64588800
NTPC_F1,20190717,09:34,130.35,130.40,130.35,130.35,110400,64627200
NTPC_F1,20190717,09:35,130.35,130.50,130.35,130.45,19200,64627200
NTPC_F1,20190717,09:36,130.60,130.60,130.50,130.50,124800,64627200
NTPC_F1,20190717,09:37,130.60,130.60,130.60,130.60,19200,64684800
NTPC_F1,20190717,09:38,130.45,130.55,130.40,130.55,96000,64684800
NTPC_F1,20190717,09:39,130.40,130.45,130.20,130.20,38400,64684800
NTPC_F1,20190717,09:40,130.15,130.25,130.15,130.25,43200,64723200
NTPC_F1,20190717,09:41,130.20,130.20,130.20,130.20,33600,64723200
NTPC_F1,20190717,09:42,130.20,130.25,130.20,130.20,14400,64723200
NTPC_F1,20190717,09:43,130.30,130.30,130.20,130.20,9600,64776000
NTPC_F1,20190717,09:44,130.25,130.25,130.20,130.25,19200,64776000
NTPC_F1,20190717,09:45,130.30,130.30,130.05,130.20,62400,64776000
NTPC_F1,20190717,09:46,130.15,130.20,130.15,130.20,24000,64809600
NTPC_F1,20190717,09:47,130.15,130.20,130.15,130.15,24000,64809600
NTPC_F1,20190717,09:48,130.20,130.30,130.20,130.30,33600,64809600
NTPC_F1,20190717,09:49,130.25,130.30,130.20,130.20,24000,64838400
NTPC_F1,20190717,09:50,130.15,130.15,129.95,130.00,105600,64838400
NTPC_F1,20190717,09:51,130.05,130.05,130.00,130.00,24000,64905600
NTPC_F1,20190717,09:52,129.90,129.95,129.80,129.80,86400,64905600
NTPC_F1,20190717,09:53,129.85,129.85,129.70,129.85,48000,64905600
NTPC_F1,20190717,09:54,129.80,129.85,129.75,129.80,33600,64905600
NTPC_F1,20190717,09:55,129.75,129.85,129.35,129.35,158400,64996800
NTPC_F1,20190717,09:56,129.45,129.45,129.40,129.45,67200,64996800
NTPC_F1,20190717,09:57,129.45,129.45,129.30,129.40,57600,64996800
NTPC_F1,20190717,09:58,129.35,129.45,129.35,129.45,19200,65116800
NTPC_F1,20190717,09:59,129.45,129.55,129.35,129.55,38400,65116800
NTPC_F1,20190717,10:00,129.60,129.65,129.60,129.65,96000,65116800
NTPC_F1,20190717,10:01,129.60,129.80,129.60,129.80,48000,65140800
NTPC_F1,20190717,10:02,129.70,129.70,129.70,129.70,28800,65140800
NTPC_F1,20190717,10:03,129.70,129.85,129.70,129.85,48000,65188800
NTPC_F1,20190717,10:04,129.80,129.80,129.70,129.70,24000,65188800
NTPC_F1,20190717,10:05,129.65,129.65,129.45,129.45,57600,65188800
NTPC_F1,20190717,10:06,129.40,129.50,129.40,129.45,100800,65188800
NTPC_F1,20190717,10:07,129.45,129.50,129.45,129.50,24000,65265600
NTPC_F1,20190717,10:08,129.50,129.60,129.40,129.55,100800,65265600
NTPC_F1,20190717,10:09,129.60,129.60,129.50,129.50,48000,65265600
NTPC_F1,20190717,10:10,129.45,129.50,129.45,129.50,33600,65308800
NTPC_F1,20190717,10:11,129.45,129.45,129.15,129.15,163200,65308800
NTPC_F1,20190717,10:12,129.35,129.35,129.30,129.35,52800,65308800
NTPC_F1,20190717,10:13,129.30,129.35,129.30,129.30,28800,65467200
NTPC_F1,20190717,10:14,129.35,129.35,129.30,129.30,33600,65467200
NTPC_F1,20190717,10:15,129.35,129.40,129.35,129.35,19200,65467200
NTPC_F1,20190717,10:16,129.35,129.45,129.35,129.45,192000,65520000
NTPC_F1,20190717,10:17,129.45,129.55,129.40,129.55,48000,65520000
NTPC_F1,20190717,10:18,129.45,129.55,129.45,129.45,72000,65520000
NTPC_F1,20190717,10:19,129.50,129.85,129.50,129.85,163200,65625600
NTPC_F1,20190717,10:20,129.85,129.85,129.60,129.65,76800,65625600
NTPC_F1,20190717,10:21,129.65,129.65,129.65,129.65,9600,65625600
NTPC_F1,20190717,10:22,129.60,129.65,129.50,129.50,48000,65702400
NTPC_F1,20190717,10:23,129.45,129.60,129.45,129.55,86400,65702400
NTPC_F1,20190717,10:24,129.60,129.65,129.60,129.60,24000,65764800
NTPC_F1,20190717,10:25,129.60,129.60,129.50,129.50,14400,65764800
NTPC_F1,20190717,10:26,129.60,129.65,129.60,129.60,24000,65764800
NTPC_F1,20190717,10:27,129.60,129.75,129.60,129.75,43200,65764800
NTPC_F1,20190717,10:28,129.75,129.75,129.65,129.70,28800,65769600
NTPC_F1,20190717,10:29,129.75,129.75,129.65,129.65,38400,65769600
NTPC_F1,20190717,10:30,129.75,129.80,129.65,129.80,33600,65769600
NTPC_F1,20190717,10:31,129.80,129.85,129.75,129.85,19200,65827200
NTPC_F1,20190717,10:32,129.75,129.95,129.75,129.95,33600,65827200
NTPC_F1,20190717,10:33,129.90,129.90,129.80,129.80,19200,65865600
NTPC_F1,20190717,10:34,129.70,129.75,129.70,129.70,24000,65865600
NTPC_F1,20190717,10:35,129.80,129.85,129.75,129.75,48000,65865600
NTPC_F1,20190717,10:36,129.85,129.85,129.85,129.85,28800,65865600
NTPC_F1,20190717,10:37,129.85,129.95,129.85,129.95,28800,65889600
NTPC_F1,20190717,10:38,130.00,130.00,130.00,130.00,28800,65889600
NTPC_F1,20190717,10:39,130.00,130.05,130.00,130.05,52800,65889600
NTPC_F1,20190717,10:40,130.10,130.10,130.00,130.00,38400,65913600
NTPC_F1,20190717,10:41,130.05,130.05,130.05,130.05,9600,65913600
NTPC_F1,20190717,10:42,129.95,129.95,129.65,129.85,168000,66028800
NTPC_F1,20190717,10:43,129.85,129.85,129.80,129.80,19200,66028800
NTPC_F1,20190717,10:44,129.80,129.85,129.80,129.80,38400,66028800
NTPC_F1,20190717,10:45,129.80,129.95,129.80,129.95,38400,66028800
NTPC_F1,20190717,10:46,129.95,129.95,129.85,129.95,24000,66076800
NTPC_F1,20190717,10:47,129.95,129.95,129.95,129.95,38400,66076800
NTPC_F1,20190717,10:48,129.85,129.85,129.85,129.85,19200,66076800
NTPC_F1,20190717,10:49,129.80,129.80,129.75,129.75,33600,66115200
NTPC_F1,20190717,10:50,129.80,129.80,129.60,129.70,350400,66115200
NTPC_F1,20190717,10:51,129.75,129.90,129.75,129.80,33600,66115200
NTPC_F1,20190717,10:52,129.85,129.90,129.85,129.90,24000,66264000
NTPC_F1,20190717,10:53,130.00,130.00,130.00,130.00,14400,66264000
NTPC_F1,20190717,10:54,130.00,130.10,130.00,130.00,48000,66278400
NTPC_F1,20190717,10:55,130.05,130.05,129.85,129.85,86400,66278400
NTPC_F1,20190717,10:56,129.90,130.10,129.90,129.95,86400,66278400
NTPC_F1,20190717,10:57,129.90,129.90,129.90,129.90,24000,66278400
NTPC_F1,20190717,10:58,129.95,129.95,129.90,129.90,28800,66374400
NTPC_F1,20190717,10:59,129.90,129.90,129.80,129.80,33600,66374400
NTPC_F1,20190717,11:00,129.85,129.85,129.80,129.80,38400,66374400
NTPC_F1,20190717,11:01,129.85,129.90,129.75,129.75,52800,66384000
NTPC_F1,20190717,11:02,129.75,129.80,129.60,129.75,43200,66384000
NTPC_F1,20190717,11:03,129.85,129.85,129.45,129.45,96000,66384000
NTPC_F1,20190717,11:04,129.50,129.55,129.50,129.50,100800,66499200
NTPC_F1,20190717,11:05,129.55,129.60,129.50,129.55,52800,66499200
NTPC_F1,20190717,11:06,129.65,129.70,129.55,129.55,24000,66590400
NTPC_F1,20190717,11:07,129.70,129.70,129.45,129.45,115200,66590400
NTPC_F1,20190717,11:08,129.55,129.55,129.50,129.55,24000,66590400
NTPC_F1,20190717,11:09,129.50,129.55,129.50,129.50,91200,66643200
NTPC_F1,20190717,11:10,129.60,129.75,129.60,129.75,28800,66643200
NTPC_F1,20190717,11:11,129.70,129.70,129.65,129.65,38400,66643200
NTPC_F1,20190717,11:12,129.70,129.70,129.65,129.65,62400,66643200
NTPC_F1,20190717,11:13,129.65,129.65,129.65,129.65,24000,66691200
NTPC_F1,20190717,11:14,129.65,129.65,129.65,129.65,62400,66691200
NTPC_F1,20190717,11:15,129.65,129.75,129.65,129.75,62400,66691200
NTPC_F1,20190717,11:16,129.80,129.85,129.75,129.85,28800,66672000
NTPC_F1,20190717,11:17,129.85,129.85,129.75,129.75,14400,66672000
NTPC_F1,20190717,11:18,129.85,129.85,129.80,129.80,9600,66672000
NTPC_F1,20190717,11:19,129.80,129.85,129.75,129.75,19200,66739200
NTPC_F1,20190717,11:20,129.75,129.75,129.70,129.70,14400,66739200
NTPC_F1,20190717,11:21,129.75,129.90,129.75,129.90,33600,66763200
NTPC_F1,20190717,11:22,129.95,129.95,129.75,129.75,76800,66763200
NTPC_F1,20190717,11:23,129.55,129.55,129.45,129.50,120000,66763200
NTPC_F1,20190717,11:24,129.65,129.65,129.45,129.55,201600,66763200
NTPC_F1,20190717,11:25,129.50,129.55,129.45,129.55,43200,66844800
NTPC_F1,20190717,11:26,129.55,129.55,129.45,129.55,57600,66844800
NTPC_F1,20190717,11:27,129.55,129.60,129.40,129.40,144000,66945600
NTPC_F1,20190717,11:28,129.45,129.55,129.40,129.55,24000,66945600
NTPC_F1,20190717,11:29,129.60,129.60,129.30,129.30,321600,66945600
NTPC_F1,20190717,11:30,129.50,129.55,129.50,129.55,38400,66945600
NTPC_F1,20190717,11:31,129.65,129.65,129.55,129.55,9600,67056000
NTPC_F1,20190717,11:32,129.65,129.80,129.65,129.80,24000,67056000
NTPC_F1,20190717,11:33,129.85,129.85,129.75,129.75,52800,67108800
NTPC_F1,20190717,11:34,129.80,129.80,129.75,129.80,28800,67108800
NTPC_F1,20190717,11:35,129.90,129.90,129.90,129.90,19200,67108800
NTPC_F1,20190717,11:36,129.85,129.95,129.85,129.95,14400,67108800
NTPC_F1,20190717,11:37,129.85,130.00,129.85,129.95,48000,67161600
NTPC_F1,20190717,11:38,129.90,129.95,129.90,129.95,9600,67161600
NTPC_F1,20190717,11:39,129.95,129.95,129.95,129.95,4800,67161600
NTPC_F1,20190717,11:40,130.00,130.15,130.00,130.05,57600,67176000
NTPC_F1,20190717,11:41,130.10,130.10,129.85,129.95,67200,67176000
NTPC_F1,20190717,11:42,129.95,130.00,129.90,129.90,124800,67185600
NTPC_F1,20190717,11:43,129.90,130.00,129.90,129.90,62400,67185600
NTPC_F1,20190717,11:44,129.90,130.05,129.90,129.90,158400,67185600
NTPC_F1,20190717,11:45,130.00,130.00,129.95,129.95,96000,67185600
NTPC_F1,20190717,11:46,130.00,130.00,129.95,129.95,14400,67200000
NTPC_F1,20190717,11:47,130.00,130.10,130.00,130.05,48000,67200000
NTPC_F1,20190717,11:48,130.10,130.10,130.10,130.10,4800,67228800
NTPC_F1,20190717,11:49,130.05,130.10,130.00,130.10,14400,67228800
NTPC_F1,20190717,11:50,130.05,130.05,130.00,130.00,43200,67228800
NTPC_F1,20190717,11:51,130.00,130.10,129.90,130.05,139200,67243200
NTPC_F1,20190717,11:52,130.00,130.00,129.90,129.90,96000,67243200
NTPC_F1,20190717,11:53,129.95,130.00,129.95,129.95,139200,67243200
NTPC_F1,20190717,11:54,129.95,130.00,129.95,130.00,67200,67243200
NTPC_F1,20190717,11:55,129.90,129.95,129.90,129.95,24000,67243200
NTPC_F1,20190717,11:56,129.95,129.95,129.85,129.85,48000,67243200
NTPC_F1,20190717,11:57,129.75,129.95,129.75,129.90,62400,67243200
NTPC_F1,20190717,11:58,129.95,129.95,129.95,129.95,14400,67324800
NTPC_F1,20190717,11:59,130.00,130.00,129.90,129.90,19200,67324800
NTPC_F1,20190717,12:00,130.00,130.00,130.00,130.00,9600,67324800
NTPC_F1,20190717,12:01,130.05,130.05,130.05,130.05,4800,67339200
NTPC_F1,20190717,12:02,130.00,130.10,130.00,130.10,9600,67339200
NTPC_F1,20190717,12:03,130.00,130.10,130.00,130.00,24000,67339200
NTPC_F1,20190717,12:04,130.00,130.05,130.00,130.05,9600,67348800
NTPC_F1,20190717,12:05,130.05,130.05,130.05,130.05,4800,67348800
NTPC_F1,20190717,12:06,130.05,130.05,130.00,130.00,9600,67348800
NTPC_F1,20190717,12:07,130.05,130.05,129.95,129.95,43200,67358400
NTPC_F1,20190717,12:08,130.05,130.05,129.95,129.95,19200,67358400
NTPC_F1,20190717,12:09,129.95,129.95,129.95,129.95,19200,67358400
NTPC_F1,20190717,12:10,130.00,130.00,129.90,129.90,14400,67392000
NTPC_F1,20190717,12:11,129.95,130.00,129.90,129.90,14400,67392000
NTPC_F1,20190717,12:12,130.00,130.00,129.65,129.65,100800,67392000
NTPC_F1,20190717,12:13,129.70,129.70,129.65,129.65,24000,67440000
NTPC_F1,20190717,12:14,129.55,129.65,129.55,129.65,19200,67440000
NTPC_F1,20190717,12:15,129.60,129.65,129.60,129.65,33600,67440000
NTPC_F1,20190717,12:16,129.60,129.70,129.60,129.70,19200,67502400
NTPC_F1,20190717,12:17,129.65,129.70,129.65,129.70,33600,67502400
NTPC_F1,20190717,12:18,129.60,129.60,129.60,129.60,9600,67502400
NTPC_F1,20190717,12:19,129.60,129.65,129.55,129.65,33600,67545600
NTPC_F1,20190717,12:20,129.60,129.65,129.60,129.65,14400,67545600
NTPC_F1,20190717,12:21,129.55,129.60,129.55,129.60,19200,67560000
NTPC_F1,20190717,12:22,129.60,129.60,129.60,129.60,9600,67560000
NTPC_F1,20190717,12:23,129.55,129.65,129.55,129.65,43200,67560000
NTPC_F1,20190717,12:24,129.65,129.65,129.60,129.60,9600,67560000
NTPC_F1,20190717,12:25,129.60,129.60,129.50,129.50,19200,67584000
NTPC_F1,20190717,12:26,129.50,129.55,129.50,129.55,139200,67584000
NTPC_F1,20190717,12:27,129.60,129.65,129.60,129.65,28800,67656000
NTPC_F1,20190717,12:28,129.65,129.80,129.65,129.80,19200,67656000
NTPC_F1,20190717,12:29,129.70,129.70,129.70,129.70,14400,67656000
NTPC_F1,20190717,12:30,129.60,129.70,129.60,129.65,19200,67656000
NTPC_F1,20190717,12:31,129.60,129.60,129.55,129.60,24000,67704000
NTPC_F1,20190717,12:32,129.60,129.60,129.50,129.60,14400,67704000
NTPC_F1,20190717,12:33,129.60,129.60,129.50,129.60,28800,67704000
NTPC_F1,20190717,12:34,129.55,129.55,129.50,129.55,19200,67752000
NTPC_F1,20190717,12:35,129.50,129.65,129.50,129.65,43200,67752000
NTPC_F1,20190717,12:36,129.65,129.65,129.60,129.60,14400,67752000
NTPC_F1,20190717,12:37,129.65,129.70,129.65,129.65,14400,67780800
NTPC_F1,20190717,12:38,129.70,129.70,129.65,129.65,9600,67780800
NTPC_F1,20190717,12:39,129.70,129.75,129.70,129.75,57600,67790400
NTPC_F1,20190717,12:40,129.65,129.70,129.65,129.70,9600,67790400
NTPC_F1,20190717,12:41,129.60,129.70,129.60,129.70,9600,67790400
NTPC_F1,20190717,12:42,129.70,129.75,129.70,129.75,38400,67790400
NTPC_F1,20190717,12:43,129.70,129.80,129.70,129.80,14400,67804800
NTPC_F1,20190717,12:44,129.75,129.75,129.75,129.75,4800,67804800
NTPC_F1,20190717,12:45,129.70,129.70,129.65,129.65,9600,67804800
NTPC_F1,20190717,12:46,129.65,129.65,129.60,129.60,9600,67809600
NTPC_F1,20190717,12:47,129.65,129.70,129.60,129.70,33600,67809600
NTPC_F1,20190717,12:48,129.65,129.65,129.65,129.65,4800,67809600
NTPC_F1,20190717,12:49,129.65,129.65,129.60,129.60,9600,67828800
NTPC_F1,20190717,12:50,129.65,129.65,129.55,129.55,14400,67828800
NTPC_F1,20190717,12:51,129.60,129.65,129.55,129.55,19200,67761600
NTPC_F1,20190717,12:52,129.50,129.55,129.50,129.55,43200,67761600
NTPC_F1,20190717,12:53,129.55,129.60,129.55,129.60,9600,67761600
NTPC_F1,20190717,12:54,129.55,129.60,129.55,129.60,9600,67761600
NTPC_F1,20190717,12:55,129.50,129.70,129.50,129.70,48000,67790400
NTPC_F1,20190717,12:56,129.60,129.70,129.60,129.70,9600,67790400
NTPC_F1,20190717,12:57,129.60,129.60,129.60,129.60,9600,67790400
NTPC_F1,20190717,12:58,129.65,129.65,129.55,129.55,9600,67824000
NTPC_F1,20190717,12:59,129.60,129.70,129.60,129.70,19200,67824000
NTPC_F1,20190717,13:00,129.60,129.65,129.55,129.65,19200,67824000
NTPC_F1,20190717,13:01,129.65,129.65,129.65,129.65,24000,67848000
NTPC_F1,20190717,13:02,129.75,129.80,129.75,129.80,43200,67848000
NTPC_F1,20190717,13:03,129.90,129.95,129.90,129.95,28800,67896000
NTPC_F1,20190717,13:04,129.95,129.95,129.80,129.80,43200,67896000
NTPC_F1,20190717,13:05,129.85,129.85,129.80,129.80,9600,67896000
NTPC_F1,20190717,13:06,129.85,129.85,129.85,129.85,14400,67910400
NTPC_F1,20190717,13:07,129.65,129.80,129.65,129.80,19200,67910400
NTPC_F1,20190717,13:08,129.65,129.70,129.65,129.70,9600,67910400
NTPC_F1,20190717,13:09,129.70,129.75,129.70,129.75,9600,67910400
NTPC_F1,20190717,13:10,129.70,129.70,129.70,129.70,9600,67924800
NTPC_F1,20190717,13:11,129.70,129.70,129.60,129.60,28800,67924800
NTPC_F1,20190717,13:12,129.70,129.70,129.60,129.60,14400,67924800
NTPC_F1,20190717,13:13,129.65,129.65,129.50,129.60,76800,67953600
NTPC_F1,20190717,13:14,129.55,129.55,129.55,129.55,28800,67953600
NTPC_F1,20190717,13:15,129.50,129.55,129.50,129.55,24000,67953600
NTPC_F1,20190717,13:16,129.55,129.60,129.50,129.50,57600,67982400
NTPC_F1,20190717,13:17,129.55,129.55,129.45,129.45,9600,67982400
NTPC_F1,20190717,13:18,129.55,129.65,129.55,129.65,57600,67982400
NTPC_F1,20190717,13:19,129.65,129.65,129.65,129.65,19200,68025600
NTPC_F1,20190717,13:20,129.60,129.65,129.60,129.65,9600,68025600
NTPC_F1,20190717,13:21,129.65,129.65,129.60,129.60,48000,68025600
NTPC_F1,20190717,13:22,129.60,129.60,129.55,129.55,96000,68083200
NTPC_F1,20190717,13:23,129.60,129.65,129.60,129.60,24000,68083200
NTPC_F1,20190717,13:24,129.60,129.60,129.55,129.55,33600,68083200
NTPC_F1,20190717,13:25,129.55,129.60,129.55,129.60,33600,68121600
NTPC_F1,20190717,13:26,129.60,129.65,129.55,129.65,14400,68121600
NTPC_F1,20190717,13:27,129.65,129.65,129.60,129.60,62400,68121600
NTPC_F1,20190717,13:28,129.50,129.55,129.50,129.55,33600,68145600
NTPC_F1,20190717,13:29,129.50,129.60,129.50,129.55,148800,68145600
NTPC_F1,20190717,13:30,129.55,129.55,129.50,129.50,105600,68241600
NTPC_F1,20190717,13:31,129.40,129.45,129.30,129.40,134400,68241600
NTPC_F1,20190717,13:32,129.35,129.45,129.35,129.45,9600,68241600
NTPC_F1,20190717,13:33,129.40,129.40,129.00,129.05,211200,68241600
NTPC_F1,20190717,13:34,129.05,129.05,128.95,129.05,374400,68496000
NTPC_F1,20190717,13:35,129.00,129.15,128.95,129.10,48000,68496000
NTPC_F1,20190717,13:36,129.10,129.25,129.10,129.25,96000,68496000
NTPC_F1,20190717,13:37,129.20,129.45,129.20,129.30,211200,68649600
NTPC_F1,20190717,13:38,129.30,129.45,129.20,129.45,124800,68649600
NTPC_F1,20190717,13:39,129.40,129.50,129.40,129.50,38400,68712000
NTPC_F1,20190717,13:40,129.55,129.55,129.45,129.55,76800,68712000
NTPC_F1,20190717,13:41,129.50,129.55,129.50,129.50,52800,68712000
NTPC_F1,20190717,13:42,129.50,129.60,129.50,129.50,57600,68712000
NTPC_F1,20190717,13:43,129.55,129.55,129.45,129.55,24000,68726400
NTPC_F1,20190717,13:44,129.55,129.55,129.55,129.55,9600,68726400
NTPC_F1,20190717,13:45,129.60,129.60,129.60,129.60,4800,68726400
NTPC_F1,20190717,13:46,129.55,129.55,129.55,129.55,9600,68784000
NTPC_F1,20190717,13:47,129.50,129.60,129.50,129.55,100800,68784000
NTPC_F1,20190717,13:48,129.55,129.65,129.55,129.60,28800,68784000
NTPC_F1,20190717,13:49,129.65,129.65,129.60,129.60,14400,68793600
NTPC_F1,20190717,13:50,129.60,129.60,129.50,129.50,52800,68793600
NTPC_F1,20190717,13:51,129.60,129.60,129.55,129.60,24000,68793600
NTPC_F1,20190717,13:52,129.55,129.55,129.50,129.50,28800,68798400
NTPC_F1,20190717,13:53,129.50,129.60,129.50,129.60,19200,68798400
NTPC_F1,20190717,13:54,129.60,129.60,129.50,129.50,28800,68798400
NTPC_F1,20190717,13:55,129.60,129.60,129.55,129.55,9600,68817600
NTPC_F1,20190717,13:56,129.65,129.65,129.60,129.60,9600,68817600
NTPC_F1,20190717,13:57,129.65,129.65,129.60,129.60,14400,68817600
NTPC_F1,20190717,13:58,129.60,129.60,129.60,129.60,4800,68832000
NTPC_F1,20190717,13:59,129.55,129.55,129.55,129.55,24000,68832000
NTPC_F1,20190717,14:00,129.60,129.60,129.55,129.60,33600,68832000
NTPC_F1,20190717,14:01,129.60,129.65,129.50,129.55,48000,68851200
NTPC_F1,20190717,14:02,129.60,129.60,129.55,129.55,52800,68851200
NTPC_F1,20190717,14:03,129.60,129.65,129.55,129.65,19200,68851200
NTPC_F1,20190717,14:04,129.60,129.60,129.55,129.55,28800,68880000
NTPC_F1,20190717,14:05,129.50,129.50,129.50,129.50,9600,68880000
NTPC_F1,20190717,14:06,129.60,129.60,129.55,129.55,24000,68880000
NTPC_F1,20190717,14:07,129.60,129.65,129.45,129.50,38400,68918400
NTPC_F1,20190717,14:08,129.60,129.65,129.55,129.55,28800,68918400
NTPC_F1,20190717,14:09,129.60,129.65,129.60,129.60,19200,68918400
NTPC_F1,20190717,14:10,129.65,129.65,129.65,129.65,14400,68952000
NTPC_F1,20190717,14:11,129.60,129.65,129.60,129.65,9600,68952000
NTPC_F1,20190717,14:12,129.70,129.75,129.70,129.70,81600,68952000
NTPC_F1,20190717,14:13,129.60,129.60,129.50,129.60,19200,68913600
NTPC_F1,20190717,14:14,129.60,129.65,129.55,129.65,28800,68913600
NTPC_F1,20190717,14:15,129.65,129.75,129.65,129.75,24000,68913600
NTPC_F1,20190717,14:16,129.75,129.75,129.65,129.65,52800,68932800
NTPC_F1,20190717,14:17,129.75,129.75,129.65,129.65,9600,68932800
NTPC_F1,20190717,14:18,129.65,129.70,129.60,129.70,33600,68894400
NTPC_F1,20190717,14:19,129.65,129.70,129.60,129.60,19200,68894400
NTPC_F1,20190717,14:20,129.70,129.70,129.65,129.65,9600,68894400
NTPC_F1,20190717,14:21,129.60,129.60,129.60,129.60,28800,68908800
NTPC_F1,20190717,14:22,129.70,129.70,129.60,129.65,14400,68908800
NTPC_F1,20190717,14:23,129.60,129.60,129.55,129.55,9600,68908800
NTPC_F1,20190717,14:24,129.55,129.60,129.55,129.60,28800,68908800
NTPC_F1,20190717,14:25,129.55,129.60,129.55,129.55,19200,68956800
NTPC_F1,20190717,14:26,129.55,129.55,129.50,129.55,24000,68956800
NTPC_F1,20190717,14:27,129.60,129.60,129.50,129.55,52800,69000000
NTPC_F1,20190717,14:28,129.60,129.60,129.55,129.60,19200,69000000
NTPC_F1,20190717,14:29,129.60,129.65,129.55,129.65,14400,69000000
NTPC_F1,20190717,14:30,129.60,129.65,129.60,129.65,9600,69000000
NTPC_F1,20190717,14:31,129.60,129.80,129.60,129.80,52800,69038400
NTPC_F1,20190717,14:32,129.70,129.70,129.55,129.60,24000,69038400
NTPC_F1,20190717,14:33,129.50,129.50,129.50,129.50,14400,69038400
NTPC_F1,20190717,14:34,129.50,129.50,129.45,129.45,14400,69062400
NTPC_F1,20190717,14:35,129.50,129.50,129.40,129.40,76800,69062400
NTPC_F1,20190717,14:36,129.40,129.45,129.30,129.30,33600,69062400
NTPC_F1,20190717,14:37,129.35,129.35,129.25,129.30,76800,69105600
NTPC_F1,20190717,14:38,129.25,129.40,129.25,129.40,19200,69105600
NTPC_F1,20190717,14:39,129.45,129.50,129.45,129.50,28800,69105600
NTPC_F1,20190717,14:40,129.55,129.65,129.55,129.60,33600,68553600
NTPC_F1,20190717,14:41,129.60,129.65,129.60,129.65,14400,68553600
NTPC_F1,20190717,14:42,129.65,129.65,129.55,129.60,28800,68553600
NTPC_F1,20190717,14:43,129.55,129.55,129.50,129.55,19200,68611200
NTPC_F1,20190717,14:44,129.50,129.50,129.45,129.45,28800,68611200
NTPC_F1,20190717,14:45,129.40,129.40,129.40,129.40,9600,68611200
NTPC_F1,20190717,14:46,129.50,129.50,129.45,129.45,14400,68592000
NTPC_F1,20190717,14:47,129.45,129.50,129.45,129.50,19200,68592000
NTPC_F1,20190717,14:48,129.45,129.50,129.45,129.50,19200,68592000
NTPC_F1,20190717,14:49,129.55,129.55,129.55,129.55,9600,68620800
NTPC_F1,20190717,14:50,129.45,129.50,129.45,129.50,19200,68620800
NTPC_F1,20190717,14:51,129.50,129.70,129.50,129.70,81600,68620800
NTPC_F1,20190717,14:52,129.70,129.70,129.65,129.65,24000,68673600
NTPC_F1,20190717,14:53,129.60,129.65,129.50,129.50,28800,68673600
NTPC_F1,20190717,14:54,129.45,129.50,129.40,129.45,48000,68721600
NTPC_F1,20190717,14:55,129.40,129.40,129.35,129.35,19200,68721600
NTPC_F1,20190717,14:56,129.35,129.50,129.30,129.50,43200,68721600
NTPC_F1,20190717,14:57,129.45,129.70,129.45,129.60,52800,68779200
NTPC_F1,20190717,14:58,129.60,129.70,129.55,129.65,43200,68779200
NTPC_F1,20190717,14:59,129.65,129.70,129.55,129.70,48000,68779200
NTPC_F1,20190717,15:00,129.65,129.70,129.60,129.60,24000,68779200
NTPC_F1,20190717,15:01,129.55,129.65,129.55,129.65,28800,68836800
NTPC_F1,20190717,15:02,129.60,129.60,129.35,129.35,57600,68836800
NTPC_F1,20190717,15:03,129.30,129.35,129.25,129.35,48000,68913600
NTPC_F1,20190717,15:04,129.30,129.30,129.15,129.15,67200,68913600
NTPC_F1,20190717,15:05,129.20,129.25,129.10,129.20,72000,68913600
NTPC_F1,20190717,15:06,129.30,129.30,129.25,129.25,48000,68961600
NTPC_F1,20190717,15:07,129.35,129.35,129.30,129.30,38400,68961600
NTPC_F1,20190717,15:08,129.35,129.35,129.30,129.30,33600,68961600
NTPC_F1,20190717,15:09,129.25,129.25,129.05,129.05,158400,68942400
NTPC_F1,20190717,15:10,129.05,129.10,128.90,129.00,148800,68942400
NTPC_F1,20190717,15:11,128.85,128.95,128.80,128.80,230400,68942400
NTPC_F1,20190717,15:12,128.80,129.00,128.80,128.90,148800,69096000
NTPC_F1,20190717,15:13,128.95,128.95,128.85,128.85,120000,69096000
NTPC_F1,20190717,15:14,128.85,129.05,128.85,128.95,76800,69096000
NTPC_F1,20190717,15:15,128.95,129.00,128.95,129.00,105600,69211200
NTPC_F1,20190717,15:16,129.00,129.05,128.90,128.90,148800,69211200
NTPC_F1,20190717,15:17,128.85,128.90,128.80,128.85,100800,69211200
NTPC_F1,20190717,15:18,128.85,129.00,128.85,128.95,100800,69292800
NTPC_F1,20190717,15:19,129.00,129.05,129.00,129.05,81600,69292800
NTPC_F1,20190717,15:20,129.05,129.10,129.05,129.05,52800,69292800
NTPC_F1,20190717,15:21,129.10,129.10,129.00,129.00,120000,69355200
NTPC_F1,20190717,15:22,129.00,129.05,128.95,128.95,120000,69355200
NTPC_F1,20190717,15:23,129.05,129.05,128.95,128.95,480000,69355200
NTPC_F1,20190717,15:24,129.00,129.00,128.90,128.90,120000,69489600
NTPC_F1,20190717,15:25,128.85,128.85,128.80,128.80,220800,69489600
NTPC_F1,20190717,15:26,128.80,128.85,128.80,128.80,158400,69489600
NTPC_F1,20190717,15:27,128.85,129.10,128.85,129.10,182400,69523200
NTPC_F1,20190717,15:28,129.10,129.15,129.10,129.15,110400,69523200
NTPC_F1,20190717,15:29,129.10,129.15,129.10,129.15,110400,69523200
NTPC_F1,20190717,15:30,129.20,129.25,129.15,129.25,523200,69523200
NTPC_F1,20190717,15:31,129.25,129.25,129.25,129.25,9600,69768000
NTPC_F1,20190717,16:36,129.05,129.05,129.05,129.05,1,0
