WIPRO,20190722,09:08,265.60,265.60,265.60,265.60,10595,0
WIPRO,20190722,09:16,265.60,265.60,263.55,263.90,58746,0
WIPRO,20190722,09:17,263.85,264.05,263.35,263.90,36898,0
WIPRO,20190722,09:18,263.85,264.10,263.65,263.95,20656,0
WIPRO,20190722,09:19,263.90,264.00,263.75,263.80,20392,0
WIPRO,20190722,09:20,263.75,263.80,263.60,263.60,9312,0
WIPRO,20190722,09:21,263.65,263.75,263.35,263.45,22848,0
WIPRO,20190722,09:22,263.45,263.45,262.75,262.75,39482,0
WIPRO,20190722,09:23,263.20,263.20,262.85,263.15,38654,0
WIPRO,20190722,09:24,263.15,263.50,263.05,263.30,25542,0
WIPRO,20190722,09:25,263.50,263.50,263.00,263.05,6364,0
WIPRO,20190722,09:26,263.00,263.05,262.85,262.90,20879,0
WIPRO,20190722,09:27,262.90,263.85,262.90,263.70,34255,0
WIPRO,20190722,09:28,263.70,264.00,263.50,263.90,19738,0
WIPRO,20190722,09:29,263.85,264.70,263.85,264.50,24625,0
WIPRO,20190722,09:30,264.50,264.65,263.90,264.05,27819,0
WIPRO,20190722,09:31,264.00,264.70,263.95,264.50,20093,0
WIPRO,20190722,09:32,264.50,264.50,264.05,264.30,16020,0
WIPRO,20190722,09:33,264.25,264.60,263.85,264.20,54548,0
WIPRO,20190722,09:34,264.20,264.35,263.90,263.90,25013,0
WIPRO,20190722,09:35,263.90,264.20,263.90,264.00,51990,0
WIPRO,20190722,09:36,264.00,264.00,263.25,263.40,37591,0
WIPRO,20190722,09:37,263.40,263.65,263.35,263.45,21909,0
WIPRO,20190722,09:38,263.45,263.50,262.40,262.55,77347,0
WIPRO,20190722,09:39,262.75,263.00,262.60,262.85,28678,0
WIPRO,20190722,09:40,262.90,262.90,262.55,262.90,18850,0
WIPRO,20190722,09:41,262.80,262.90,262.70,262.70,19039,0
WIPRO,20190722,09:42,262.70,262.75,262.50,262.65,34134,0
WIPRO,20190722,09:43,262.60,262.85,262.50,262.85,7749,0
WIPRO,20190722,09:44,262.85,263.05,262.80,262.85,12961,0
WIPRO,20190722,09:45,262.85,262.90,262.80,262.90,12606,0
WIPRO,20190722,09:46,262.80,262.85,262.50,262.55,15564,0
WIPRO,20190722,09:47,262.50,262.75,262.50,262.60,11961,0
WIPRO,20190722,09:48,262.70,263.10,262.60,263.05,15550,0
WIPRO,20190722,09:49,263.00,263.30,262.85,263.20,19655,0
WIPRO,20190722,09:50,263.20,263.45,263.20,263.30,10834,0
WIPRO,20190722,09:51,263.35,263.70,263.30,263.60,12029,0
WIPRO,20190722,09:52,263.50,263.60,263.40,263.45,4741,0
WIPRO,20190722,09:53,263.45,263.55,263.40,263.50,9850,0
WIPRO,20190722,09:54,263.50,263.50,263.35,263.35,6253,0
WIPRO,20190722,09:55,263.40,263.40,263.25,263.35,16623,0
WIPRO,20190722,09:56,263.55,263.60,263.35,263.35,8209,0
WIPRO,20190722,09:57,263.40,263.65,263.35,263.50,19123,0
WIPRO,20190722,09:58,263.60,263.90,263.50,263.75,11562,0
WIPRO,20190722,09:59,263.85,264.05,263.85,263.85,9540,0
WIPRO,20190722,10:00,263.85,263.85,263.55,263.65,17122,0
WIPRO,20190722,10:01,263.60,263.75,263.55,263.65,10009,0
WIPRO,20190722,10:02,263.70,263.70,263.55,263.65,3082,0
WIPRO,20190722,10:03,263.55,263.60,263.55,263.60,1606,0
WIPRO,20190722,10:04,263.55,263.60,263.50,263.60,8870,0
WIPRO,20190722,10:05,263.55,263.60,263.45,263.50,8155,0
WIPRO,20190722,10:06,263.45,263.60,263.45,263.60,8405,0
WIPRO,20190722,10:07,263.60,263.60,263.50,263.55,2746,0
WIPRO,20190722,10:08,263.55,263.55,263.40,263.40,9783,0
WIPRO,20190722,10:09,263.40,263.45,263.10,263.35,18850,0
WIPRO,20190722,10:10,263.25,263.30,263.15,263.25,9625,0
WIPRO,20190722,10:11,263.20,263.25,262.70,263.10,15354,0
WIPRO,20190722,10:12,263.05,263.85,263.00,263.85,25389,0
WIPRO,20190722,10:13,263.80,263.95,263.65,263.75,10636,0
WIPRO,20190722,10:14,263.75,263.80,263.30,263.50,14250,0
WIPRO,20190722,10:15,263.55,263.80,263.50,263.60,4639,0
WIPRO,20190722,10:16,263.50,263.70,263.50,263.70,12201,0
WIPRO,20190722,10:17,263.55,263.65,263.40,263.50,13655,0
WIPRO,20190722,10:18,263.60,263.60,263.40,263.60,6393,0
WIPRO,20190722,10:19,263.60,263.60,263.50,263.60,1352,0
WIPRO,20190722,10:20,263.50,263.60,263.45,263.60,17261,0
WIPRO,20190722,10:21,263.60,263.60,263.55,263.60,1020,0
WIPRO,20190722,10:22,263.55,263.65,263.45,263.60,10046,0
WIPRO,20190722,10:23,263.60,264.40,263.60,264.30,27632,0
WIPRO,20190722,10:24,264.30,264.60,264.25,264.60,19136,0
WIPRO,20190722,10:25,264.65,264.65,264.40,264.45,11141,0
WIPRO,20190722,10:26,264.55,264.60,264.45,264.50,15224,0
WIPRO,20190722,10:27,264.50,264.50,264.00,264.30,30404,0
WIPRO,20190722,10:28,264.25,264.25,264.00,264.05,11556,0
WIPRO,20190722,10:29,264.15,264.40,264.15,264.30,1980,0
WIPRO,20190722,10:30,264.30,264.35,264.20,264.25,6779,0
WIPRO,20190722,10:31,264.20,264.40,264.20,264.30,10578,0
WIPRO,20190722,10:32,264.30,264.35,264.15,264.15,2916,0
WIPRO,20190722,10:33,264.15,264.25,264.15,264.25,15269,0
WIPRO,20190722,10:34,264.20,264.25,264.15,264.20,4883,0
WIPRO,20190722,10:35,264.15,264.40,264.10,264.25,17044,0
WIPRO,20190722,10:36,264.20,264.35,264.20,264.30,5553,0
WIPRO,20190722,10:37,264.30,264.40,264.30,264.40,7326,0
WIPRO,20190722,10:38,264.40,264.45,264.35,264.40,2097,0
WIPRO,20190722,10:39,264.45,264.45,264.30,264.35,4565,0
WIPRO,20190722,10:40,264.30,264.35,264.25,264.30,3652,0
WIPRO,20190722,10:41,264.30,264.30,264.20,264.25,8507,0
WIPRO,20190722,10:42,264.20,264.30,264.20,264.30,11500,0
WIPRO,20190722,10:43,264.25,264.40,264.25,264.30,9237,0
WIPRO,20190722,10:44,264.30,264.40,264.30,264.40,7115,0
WIPRO,20190722,10:45,264.35,264.50,264.30,264.40,16198,0
WIPRO,20190722,10:46,264.40,264.75,264.40,264.60,12200,0
WIPRO,20190722,10:47,264.60,264.85,264.60,264.60,9014,0
WIPRO,20190722,10:48,264.60,264.70,264.60,264.60,3542,0
WIPRO,20190722,10:49,264.65,264.85,264.60,264.65,14343,0
WIPRO,20190722,10:50,264.65,264.75,264.65,264.65,622,0
WIPRO,20190722,10:51,264.70,264.70,264.60,264.65,6607,0
WIPRO,20190722,10:52,264.65,264.80,264.65,264.80,2776,0
WIPRO,20190722,10:53,264.80,264.85,264.70,264.85,4926,0
WIPRO,20190722,10:54,264.90,265.05,264.85,265.05,17654,0
WIPRO,20190722,10:55,265.05,265.15,264.90,265.00,18225,0
WIPRO,20190722,10:56,265.00,266.00,264.95,265.90,36026,0
WIPRO,20190722,10:57,266.00,266.00,265.70,266.00,29414,0
WIPRO,20190722,10:58,265.90,266.00,265.80,265.80,30592,0
WIPRO,20190722,10:59,265.80,265.85,265.75,265.75,14013,0
WIPRO,20190722,11:00,265.75,265.75,265.25,265.25,13240,0
WIPRO,20190722,11:01,265.25,265.45,265.25,265.25,7621,0
WIPRO,20190722,11:02,265.25,265.35,265.20,265.20,7614,0
WIPRO,20190722,11:03,265.20,265.40,265.20,265.25,6956,0
WIPRO,20190722,11:04,265.25,265.25,265.20,265.25,4054,0
WIPRO,20190722,11:05,265.20,265.25,264.85,264.85,14809,0
WIPRO,20190722,11:06,264.85,265.05,264.80,264.80,9750,0
WIPRO,20190722,11:07,264.85,264.90,264.65,264.80,10794,0
WIPRO,20190722,11:08,264.80,264.90,264.65,264.65,6258,0
WIPRO,20190722,11:09,264.65,264.75,264.65,264.75,8003,0
WIPRO,20190722,11:10,264.85,264.85,264.75,264.85,2887,0
WIPRO,20190722,11:11,264.80,264.85,264.70,264.85,7955,0
WIPRO,20190722,11:12,264.80,264.95,264.75,264.80,3895,0
WIPRO,20190722,11:13,264.80,264.85,264.80,264.80,698,0
WIPRO,20190722,11:14,264.80,264.85,264.70,264.75,4849,0
WIPRO,20190722,11:15,264.70,264.80,264.70,264.70,8489,0
WIPRO,20190722,11:16,264.75,264.75,264.60,264.60,5176,0
WIPRO,20190722,11:17,264.60,264.75,264.60,264.65,8515,0
WIPRO,20190722,11:18,264.60,264.65,263.75,263.85,47234,0
WIPRO,20190722,11:19,263.80,264.45,263.80,264.25,22925,0
WIPRO,20190722,11:20,264.30,264.35,264.20,264.35,7643,0
WIPRO,20190722,11:21,264.25,264.35,264.20,264.35,9487,0
WIPRO,20190722,11:22,264.30,264.35,264.30,264.30,1618,0
WIPRO,20190722,11:23,264.30,264.35,264.20,264.20,12585,0
WIPRO,20190722,11:24,264.35,264.35,264.20,264.25,3544,0
WIPRO,20190722,11:25,264.25,264.50,264.20,264.50,12348,0
WIPRO,20190722,11:26,264.40,264.40,264.30,264.35,2995,0
WIPRO,20190722,11:27,264.30,264.35,264.30,264.30,1810,0
WIPRO,20190722,11:28,264.30,264.40,264.20,264.35,18550,0
WIPRO,20190722,11:29,264.35,264.40,264.35,264.40,2121,0
WIPRO,20190722,11:30,264.40,264.40,264.25,264.35,3708,0
WIPRO,20190722,11:31,264.35,264.45,264.20,264.40,8414,0
WIPRO,20190722,11:32,264.45,264.50,264.40,264.40,15763,0
WIPRO,20190722,11:33,264.30,264.40,264.30,264.30,3077,0
WIPRO,20190722,11:34,264.25,264.35,264.15,264.35,25180,0
WIPRO,20190722,11:35,264.15,264.45,264.15,264.40,3510,0
WIPRO,20190722,11:36,264.40,264.45,264.40,264.45,4525,0
WIPRO,20190722,11:37,264.45,264.65,264.45,264.60,6845,0
WIPRO,20190722,11:38,264.75,265.10,264.70,265.05,10746,0
WIPRO,20190722,11:39,265.00,265.15,264.65,264.75,14485,0
WIPRO,20190722,11:40,264.75,265.00,264.65,265.00,8740,0
WIPRO,20190722,11:41,264.95,264.95,264.80,264.90,20079,0
WIPRO,20190722,11:42,264.80,264.95,264.80,264.90,9632,0
WIPRO,20190722,11:43,264.90,265.50,264.85,265.45,52607,0
WIPRO,20190722,11:44,265.50,265.65,265.50,265.55,6958,0
WIPRO,20190722,11:45,265.55,265.75,265.55,265.65,6446,0
WIPRO,20190722,11:46,265.65,265.70,265.60,265.60,8385,0
WIPRO,20190722,11:47,265.60,265.75,265.60,265.65,5277,0
WIPRO,20190722,11:48,265.70,265.75,265.55,265.55,9432,0
WIPRO,20190722,11:49,265.55,265.60,265.50,265.50,8037,0
WIPRO,20190722,11:50,265.50,265.55,265.40,265.40,6494,0
WIPRO,20190722,11:51,265.40,265.70,265.40,265.65,16948,0
WIPRO,20190722,11:52,265.70,265.70,265.55,265.60,2570,0
WIPRO,20190722,11:53,265.55,265.85,265.55,265.85,8387,0
WIPRO,20190722,11:54,265.85,266.30,265.75,265.95,27177,0
WIPRO,20190722,11:55,265.95,265.95,265.75,265.75,17103,0
WIPRO,20190722,11:56,265.60,265.60,265.35,265.45,7617,0
WIPRO,20190722,11:57,265.45,265.45,265.05,265.10,6809,0
WIPRO,20190722,11:58,265.10,265.15,265.00,265.00,12186,0
WIPRO,20190722,11:59,265.00,265.20,264.95,265.15,8172,0
WIPRO,20190722,12:00,265.10,265.20,264.70,265.00,9377,0
WIPRO,20190722,12:01,264.80,264.95,264.70,264.70,3010,0
WIPRO,20190722,12:02,264.80,264.85,264.75,264.80,3076,0
WIPRO,20190722,12:03,264.80,264.80,264.70,264.70,12351,0
WIPRO,20190722,12:04,264.70,265.00,264.70,264.95,11737,0
WIPRO,20190722,12:05,264.95,265.00,264.85,264.95,1485,0
WIPRO,20190722,12:06,264.95,264.95,264.85,264.85,2543,0
WIPRO,20190722,12:07,264.85,264.95,264.85,264.90,3226,0
WIPRO,20190722,12:08,264.90,264.95,264.90,264.90,582,0
WIPRO,20190722,12:09,264.90,265.10,264.90,265.00,7412,0
WIPRO,20190722,12:10,265.00,265.05,265.00,265.00,2476,0
WIPRO,20190722,12:11,265.05,265.05,264.95,265.05,15177,0
WIPRO,20190722,12:12,265.00,265.10,264.95,265.00,5121,0
WIPRO,20190722,12:13,265.05,265.05,264.90,264.90,2983,0
WIPRO,20190722,12:14,264.90,265.10,264.90,265.10,8677,0
WIPRO,20190722,12:15,265.20,265.30,265.15,265.15,7903,0
WIPRO,20190722,12:16,265.20,265.25,265.15,265.20,7244,0
WIPRO,20190722,12:17,265.20,265.25,265.20,265.25,5362,0
WIPRO,20190722,12:18,265.25,265.30,265.25,265.30,5649,0
WIPRO,20190722,12:19,265.25,265.50,265.25,265.40,6234,0
WIPRO,20190722,12:20,265.45,265.45,265.40,265.45,1398,0
WIPRO,20190722,12:21,265.40,265.65,265.40,265.60,11639,0
WIPRO,20190722,12:22,265.65,265.65,265.60,265.60,33458,0
WIPRO,20190722,12:23,265.60,265.80,265.60,265.70,16323,0
WIPRO,20190722,12:24,265.75,265.75,265.70,265.75,4510,0
WIPRO,20190722,12:25,265.75,265.90,265.75,265.80,7054,0
WIPRO,20190722,12:26,265.80,265.80,265.65,265.65,25080,0
WIPRO,20190722,12:27,265.70,265.70,265.65,265.70,16910,0
WIPRO,20190722,12:28,265.70,265.70,265.65,265.65,2779,0
WIPRO,20190722,12:29,265.65,265.75,265.65,265.65,12374,0
WIPRO,20190722,12:30,265.65,265.75,265.65,265.70,654,0
WIPRO,20190722,12:31,265.65,265.70,265.65,265.70,752,0
WIPRO,20190722,12:32,265.65,265.70,265.65,265.65,528,0
WIPRO,20190722,12:33,265.65,265.70,265.55,265.55,18443,0
WIPRO,20190722,12:34,265.50,265.55,265.25,265.25,7332,0
WIPRO,20190722,12:35,265.25,265.30,265.25,265.25,5214,0
WIPRO,20190722,12:36,265.10,265.25,265.05,265.05,21463,0
WIPRO,20190722,12:37,265.10,265.10,264.75,264.75,8844,0
WIPRO,20190722,12:38,264.75,265.15,264.70,265.15,12693,0
WIPRO,20190722,12:39,265.20,265.55,265.20,265.55,6875,0
WIPRO,20190722,12:40,265.60,265.60,265.30,265.40,6980,0
WIPRO,20190722,12:41,265.30,265.40,265.30,265.30,2992,0
WIPRO,20190722,12:42,265.30,265.35,265.25,265.25,3959,0
WIPRO,20190722,12:43,265.25,265.35,265.10,265.15,5339,0
WIPRO,20190722,12:44,265.15,265.15,265.00,265.00,2736,0
WIPRO,20190722,12:45,265.00,265.15,264.95,265.10,7341,0
WIPRO,20190722,12:46,265.15,265.20,265.10,265.20,4170,0
WIPRO,20190722,12:47,265.20,265.25,265.20,265.25,4341,0
WIPRO,20190722,12:48,265.20,265.25,265.15,265.15,5993,0
WIPRO,20190722,12:49,265.10,265.20,265.10,265.10,1874,0
WIPRO,20190722,12:50,265.10,265.20,265.10,265.10,430,0
WIPRO,20190722,12:51,265.10,265.15,265.05,265.05,5714,0
WIPRO,20190722,12:52,265.05,265.45,265.05,265.15,19226,0
WIPRO,20190722,12:53,265.15,265.15,265.05,265.15,5910,0
WIPRO,20190722,12:54,265.05,265.15,264.80,264.90,11225,0
WIPRO,20190722,12:55,264.90,264.95,264.70,264.75,8552,0
WIPRO,20190722,12:56,264.75,264.80,264.65,264.65,15992,0
WIPRO,20190722,12:57,264.65,264.70,264.35,264.45,16449,0
WIPRO,20190722,12:58,264.40,264.45,264.30,264.40,7649,0
WIPRO,20190722,12:59,264.45,264.45,264.05,264.25,20326,0
WIPRO,20190722,13:00,264.20,264.45,264.10,264.40,16461,0
WIPRO,20190722,13:01,264.35,264.40,264.25,264.25,7942,0
WIPRO,20190722,13:02,264.25,264.30,264.25,264.30,3669,0
WIPRO,20190722,13:03,264.30,264.30,263.80,264.20,45942,0
WIPRO,20190722,13:04,264.20,264.25,263.90,263.95,9633,0
WIPRO,20190722,13:05,264.00,264.30,263.95,264.30,6484,0
WIPRO,20190722,13:06,264.20,264.30,264.10,264.30,10368,0
WIPRO,20190722,13:07,264.25,264.35,264.25,264.35,1906,0
WIPRO,20190722,13:08,264.30,264.30,264.15,264.25,9113,0
WIPRO,20190722,13:09,264.20,264.40,264.20,264.40,4073,0
WIPRO,20190722,13:10,264.40,264.40,264.30,264.40,1095,0
WIPRO,20190722,13:11,264.35,264.55,264.35,264.45,8912,0
WIPRO,20190722,13:12,264.45,264.55,264.40,264.45,2408,0
WIPRO,20190722,13:13,264.45,264.55,264.20,264.30,5743,0
WIPRO,20190722,13:14,264.20,264.25,264.20,264.25,412,0
WIPRO,20190722,13:15,264.25,264.25,263.95,264.00,5023,0
WIPRO,20190722,13:16,264.15,264.45,264.15,264.35,12457,0
WIPRO,20190722,13:17,264.35,264.45,264.25,264.45,4232,0
WIPRO,20190722,13:18,264.45,264.45,264.30,264.30,1404,0
WIPRO,20190722,13:19,264.30,264.35,264.10,264.20,1611,0
WIPRO,20190722,13:20,264.20,264.20,264.10,264.20,6262,0
WIPRO,20190722,13:21,264.20,264.20,264.05,264.05,1167,0
WIPRO,20190722,13:22,264.10,264.15,264.10,264.10,4071,0
WIPRO,20190722,13:23,264.05,264.10,264.05,264.05,862,0
WIPRO,20190722,13:24,264.10,264.10,263.70,263.70,15224,0
WIPRO,20190722,13:25,263.80,263.80,263.65,263.80,3729,0
WIPRO,20190722,13:26,263.70,263.80,263.35,263.40,15222,0
WIPRO,20190722,13:27,263.40,263.90,263.35,263.75,14167,0
WIPRO,20190722,13:28,263.70,263.75,263.50,263.55,2747,0
WIPRO,20190722,13:29,263.55,263.60,263.50,263.55,4765,0
WIPRO,20190722,13:30,263.60,263.65,263.45,263.50,15797,0
WIPRO,20190722,13:31,263.50,264.30,263.45,264.25,14530,0
WIPRO,20190722,13:32,264.30,264.30,264.05,264.15,9917,0
WIPRO,20190722,13:33,264.15,264.20,264.15,264.20,1183,0
WIPRO,20190722,13:34,264.20,264.45,264.20,264.40,8653,0
WIPRO,20190722,13:35,264.35,264.40,264.20,264.25,2235,0
WIPRO,20190722,13:36,264.25,264.25,264.00,264.10,9717,0
WIPRO,20190722,13:37,264.05,264.05,264.00,264.05,6989,0
WIPRO,20190722,13:38,264.00,264.05,263.80,263.85,7368,0
WIPRO,20190722,13:39,263.80,263.85,263.70,263.70,2648,0
WIPRO,20190722,13:40,263.75,264.25,263.75,264.10,10540,0
WIPRO,20190722,13:41,264.10,264.10,263.80,263.85,2019,0
WIPRO,20190722,13:42,263.85,263.85,263.80,263.80,892,0
WIPRO,20190722,13:43,263.85,263.85,263.75,263.75,3195,0
WIPRO,20190722,13:44,263.85,263.85,263.60,263.60,7708,0
WIPRO,20190722,13:45,263.60,264.05,263.60,264.05,5597,0
WIPRO,20190722,13:46,264.05,264.05,263.90,263.95,1966,0
WIPRO,20190722,13:47,263.95,264.00,263.90,264.00,7274,0
WIPRO,20190722,13:48,264.00,264.00,263.90,263.95,5853,0
WIPRO,20190722,13:49,263.95,263.95,263.70,263.75,1441,0
WIPRO,20190722,13:50,263.75,263.75,263.70,263.70,4537,0
WIPRO,20190722,13:51,263.75,264.00,263.70,264.00,6475,0
WIPRO,20190722,13:52,263.90,264.00,263.75,263.80,4646,0
WIPRO,20190722,13:53,263.80,264.05,263.75,263.95,6699,0
WIPRO,20190722,13:54,263.80,263.95,263.80,263.95,839,0
WIPRO,20190722,13:55,263.95,264.25,263.90,264.25,8772,0
WIPRO,20190722,13:56,264.35,264.50,264.30,264.50,8659,0
WIPRO,20190722,13:57,264.50,264.50,264.05,264.15,7198,0
WIPRO,20190722,13:58,264.15,264.15,263.95,264.10,6803,0
WIPRO,20190722,13:59,264.10,264.15,264.00,264.10,4860,0
WIPRO,20190722,14:00,264.00,264.10,263.80,263.85,4716,0
WIPRO,20190722,14:01,263.85,263.95,263.85,263.95,7156,0
WIPRO,20190722,14:02,264.00,264.00,263.65,263.80,1925,0
WIPRO,20190722,14:03,263.80,263.85,263.70,263.80,7767,0
WIPRO,20190722,14:04,263.70,263.90,263.70,263.90,8373,0
WIPRO,20190722,14:05,263.90,263.90,263.70,263.75,3600,0
WIPRO,20190722,14:06,263.70,264.00,263.55,263.95,13635,0
WIPRO,20190722,14:07,263.85,264.20,263.85,264.00,2495,0
WIPRO,20190722,14:08,264.00,264.15,264.00,264.05,739,0
WIPRO,20190722,14:09,264.10,264.10,264.05,264.05,1958,0
WIPRO,20190722,14:10,264.05,264.10,264.00,264.00,4625,0
WIPRO,20190722,14:11,264.00,264.00,263.90,264.00,2256,0
WIPRO,20190722,14:12,263.90,264.40,263.85,264.25,15338,0
WIPRO,20190722,14:13,264.30,264.30,264.15,264.20,854,0
WIPRO,20190722,14:14,264.15,264.20,264.15,264.20,9082,0
WIPRO,20190722,14:15,264.20,264.30,264.15,264.25,3430,0
WIPRO,20190722,14:16,264.25,264.25,264.10,264.15,2907,0
WIPRO,20190722,14:17,264.20,264.25,264.05,264.15,5590,0
WIPRO,20190722,14:18,264.05,264.30,264.00,264.25,16118,0
WIPRO,20190722,14:19,264.30,264.30,264.20,264.30,3573,0
WIPRO,20190722,14:20,264.30,264.50,264.25,264.40,7278,0
WIPRO,20190722,14:21,264.40,264.60,264.35,264.55,12036,0
WIPRO,20190722,14:22,264.55,264.55,264.35,264.45,3543,0
WIPRO,20190722,14:23,264.35,264.40,264.35,264.40,3413,0
WIPRO,20190722,14:24,264.40,264.60,264.40,264.60,11591,0
WIPRO,20190722,14:25,264.60,264.75,264.60,264.75,9350,0
WIPRO,20190722,14:26,264.75,264.75,264.55,264.60,3545,0
WIPRO,20190722,14:27,264.60,264.60,264.30,264.35,6993,0
WIPRO,20190722,14:28,264.35,264.35,264.20,264.20,5194,0
WIPRO,20190722,14:29,264.35,264.45,264.20,264.45,23497,0
WIPRO,20190722,14:30,264.45,264.75,264.45,264.75,4304,0
WIPRO,20190722,14:31,264.75,264.75,264.60,264.70,2579,0
WIPRO,20190722,14:32,264.70,264.70,264.60,264.60,1943,0
WIPRO,20190722,14:33,264.55,264.60,264.40,264.50,4157,0
WIPRO,20190722,14:34,264.55,264.75,264.55,264.65,11944,0
WIPRO,20190722,14:35,264.70,264.75,264.65,264.65,2672,0
WIPRO,20190722,14:36,264.55,264.55,264.30,264.40,8062,0
WIPRO,20190722,14:37,264.45,264.50,264.35,264.40,5334,0
WIPRO,20190722,14:38,264.40,264.45,264.15,264.20,7015,0
WIPRO,20190722,14:39,264.15,264.35,264.05,264.35,13888,0
WIPRO,20190722,14:40,264.35,264.60,264.25,264.60,8357,0
WIPRO,20190722,14:41,264.60,264.60,264.05,264.20,9105,0
WIPRO,20190722,14:42,264.20,264.55,264.20,264.45,12812,0
WIPRO,20190722,14:43,264.45,264.50,264.35,264.50,5754,0
WIPRO,20190722,14:44,264.50,264.65,264.40,264.65,4526,0
WIPRO,20190722,14:45,264.65,264.70,264.50,264.50,1792,0
WIPRO,20190722,14:46,264.55,264.55,264.40,264.55,9735,0
WIPRO,20190722,14:47,264.55,264.55,264.50,264.50,554,0
WIPRO,20190722,14:48,264.55,264.55,264.40,264.50,6537,0
WIPRO,20190722,14:49,264.45,264.50,264.30,264.30,5296,0
WIPRO,20190722,14:50,264.30,264.35,264.10,264.25,10015,0
WIPRO,20190722,14:51,264.25,264.30,264.10,264.10,9697,0
WIPRO,20190722,14:52,264.15,264.45,264.05,264.30,17283,0
WIPRO,20190722,14:53,264.45,264.50,264.35,264.45,2937,0
WIPRO,20190722,14:54,264.45,264.45,264.30,264.35,8897,0
WIPRO,20190722,14:55,264.35,264.35,264.25,264.30,8193,0
WIPRO,20190722,14:56,264.25,264.30,264.05,264.15,8760,0
WIPRO,20190722,14:57,264.15,264.20,264.05,264.15,7609,0
WIPRO,20190722,14:58,264.10,264.25,264.05,264.25,5258,0
WIPRO,20190722,14:59,264.25,264.25,264.05,264.10,1081,0
WIPRO,20190722,15:00,264.10,264.15,264.05,264.10,11974,0
WIPRO,20190722,15:01,264.15,264.25,263.85,264.25,20441,0
WIPRO,20190722,15:02,264.15,264.60,264.15,264.60,14315,0
WIPRO,20190722,15:03,264.65,264.90,264.60,264.85,28920,0
WIPRO,20190722,15:04,264.85,264.90,264.55,264.90,36809,0
WIPRO,20190722,15:05,264.90,265.55,264.90,265.50,47724,0
WIPRO,20190722,15:06,265.45,265.55,265.05,265.10,16839,0
WIPRO,20190722,15:07,265.15,265.35,264.95,265.25,41884,0
WIPRO,20190722,15:08,265.25,265.55,265.00,265.15,31005,0
WIPRO,20190722,15:09,265.15,265.35,265.05,265.30,13547,0
WIPRO,20190722,15:10,265.30,265.45,265.20,265.30,14363,0
WIPRO,20190722,15:11,265.15,265.25,264.80,265.05,28394,0
WIPRO,20190722,15:12,265.00,265.30,264.90,265.25,28109,0
WIPRO,20190722,15:13,265.25,265.65,265.10,265.60,30159,0
WIPRO,20190722,15:14,265.60,265.60,265.25,265.30,10763,0
WIPRO,20190722,15:15,265.30,265.35,265.05,265.10,14091,0
WIPRO,20190722,15:16,265.10,265.20,264.90,265.20,32179,0
WIPRO,20190722,15:17,265.10,265.20,264.90,264.95,36820,0
WIPRO,20190722,15:18,264.90,265.00,264.90,264.95,9630,0
WIPRO,20190722,15:19,264.95,265.00,264.30,264.40,54465,0
WIPRO,20190722,15:20,264.40,264.85,264.25,264.70,20372,0
WIPRO,20190722,15:21,264.75,264.75,264.40,264.70,25989,0
WIPRO,20190722,15:22,264.65,264.75,264.15,264.30,33294,0
WIPRO,20190722,15:23,264.35,264.45,264.20,264.20,48536,0
WIPRO,20190722,15:24,264.40,264.50,264.25,264.45,28324,0
WIPRO,20190722,15:25,264.45,264.45,264.25,264.45,18156,0
WIPRO,20190722,15:26,264.40,264.40,264.20,264.40,10088,0
WIPRO,20190722,15:27,264.40,264.50,264.25,264.50,15828,0
WIPRO,20190722,15:28,264.50,264.50,264.15,264.15,24243,0
WIPRO,20190722,15:29,264.20,264.20,264.05,264.10,20591,0
WIPRO,20190722,15:30,264.05,264.20,263.50,263.95,9130,0
WIPRO,20190722,15:34,264.80,264.80,264.80,264.80,0,0
WIPRO,20190722,15:41,264.80,264.80,264.80,264.80,100,0
WIPRO,20190722,16:38,264.80,264.80,264.80,264.80,0,0
