DISHTV,20170616,09:08,80.25,80.25,80.25,80.25,1031
DISHTV,20170616,09:16,80.5,80.5,80.2,80.5,16627
DISHTV,20170616,09:17,80.4,80.45,80.15,80.25,6113
DISHTV,20170616,09:18,80.35,80.35,80.3,80.35,5322
DISHTV,20170616,09:19,80.35,80.45,80.35,80.45,9406
DISHTV,20170616,09:20,80.4,80.45,80.35,80.4,9634
DISHTV,20170616,09:21,80.35,80.45,80.3,80.3,9551
DISHTV,20170616,09:22,80.3,80.45,80.25,80.35,18227
DISHTV,20170616,09:23,80.2,80.3,80.15,80.2,15409
DISHTV,20170616,09:24,80.2,80.3,80,80.1,15190
DISHTV,20170616,09:25,80.15,80.25,80.1,80.25,13648
DISHTV,20170616,09:26,80.2,80.3,80.2,80.3,6133
DISHTV,20170616,09:27,80.25,80.3,80.25,80.3,4361
DISHTV,20170616,09:28,80.25,80.35,80.25,80.35,9056
DISHTV,20170616,09:29,80.35,80.45,80.3,80.35,24967
DISHTV,20170616,09:30,80.35,80.35,80.2,80.35,33436
DISHTV,20170616,09:31,80.35,80.4,80.25,80.4,12235
DISHTV,20170616,09:32,80.4,80.55,80.4,80.5,24509
DISHTV,20170616,09:33,80.5,80.55,80.45,80.5,7673
DISHTV,20170616,09:34,80.5,80.55,80.35,80.35,24962
DISHTV,20170616,09:35,80.35,80.65,80.35,80.55,52296
DISHTV,20170616,09:36,80.55,80.65,80.5,80.6,36603
DISHTV,20170616,09:37,80.55,80.6,80.55,80.6,7215
DISHTV,20170616,09:38,80.6,80.7,80.6,80.65,5395
DISHTV,20170616,09:39,80.65,80.9,80.65,80.75,55819
DISHTV,20170616,09:40,80.75,80.75,80.7,80.75,8942
DISHTV,20170616,09:41,80.8,80.8,80.7,80.75,7386
DISHTV,20170616,09:42,80.8,80.8,80.7,80.75,18882
DISHTV,20170616,09:43,80.75,80.8,80.7,80.75,20721
DISHTV,20170616,09:44,80.75,80.8,80.75,80.75,11789
DISHTV,20170616,09:45,80.75,80.75,80.7,80.75,10089
DISHTV,20170616,09:46,80.75,80.75,80.65,80.7,14200
DISHTV,20170616,09:47,80.7,80.75,80.65,80.75,8978
DISHTV,20170616,09:48,80.75,80.75,80.65,80.65,6202
DISHTV,20170616,09:49,80.75,80.8,80.65,80.7,25424
DISHTV,20170616,09:50,80.7,80.8,80.7,80.75,8097
DISHTV,20170616,09:51,80.75,80.85,80.75,80.8,19863
DISHTV,20170616,09:52,80.75,80.9,80.7,80.7,24553
DISHTV,20170616,09:53,80.7,80.8,80.7,80.7,19351
DISHTV,20170616,09:54,80.7,80.75,80.6,80.65,13536
DISHTV,20170616,09:55,80.65,80.8,80.65,80.75,6545
DISHTV,20170616,09:56,80.75,80.8,80.65,80.7,8439
DISHTV,20170616,09:57,80.7,80.75,80.65,80.7,8484
DISHTV,20170616,09:58,80.65,80.8,80.65,80.75,15428
DISHTV,20170616,09:59,80.7,80.75,80.6,80.7,17978
DISHTV,20170616,10:00,80.75,80.75,80.7,80.7,3834
DISHTV,20170616,10:01,80.7,80.85,80.7,80.8,5599
DISHTV,20170616,10:02,80.8,80.8,80.65,80.7,11429
DISHTV,20170616,10:03,80.7,80.8,80.7,80.7,4680
DISHTV,20170616,10:04,80.7,80.8,80.65,80.8,17053
DISHTV,20170616,10:05,80.7,80.75,80.65,80.7,7217
DISHTV,20170616,10:06,80.7,80.75,80.7,80.75,4223
DISHTV,20170616,10:07,80.75,80.8,80.75,80.8,6543
DISHTV,20170616,10:08,80.75,80.85,80.75,80.75,11072
DISHTV,20170616,10:09,80.75,80.8,80.7,80.7,17916
DISHTV,20170616,10:10,80.65,80.65,80.35,80.45,50560
DISHTV,20170616,10:11,80.4,80.6,80.4,80.55,50273
DISHTV,20170616,10:12,80.55,80.65,80.5,80.5,19461
DISHTV,20170616,10:13,80.6,80.8,80.5,80.8,15838
DISHTV,20170616,10:14,80.75,80.85,80.75,80.75,9953
DISHTV,20170616,10:15,80.75,80.8,80.7,80.75,5419
DISHTV,20170616,10:16,80.7,80.7,80.55,80.6,13763
DISHTV,20170616,10:17,80.6,80.65,80.55,80.55,7568
DISHTV,20170616,10:18,80.55,80.6,80.55,80.55,5374
DISHTV,20170616,10:19,80.55,80.6,80.5,80.5,5414
DISHTV,20170616,10:20,80.5,80.55,80.45,80.45,10991
DISHTV,20170616,10:21,80.45,80.55,80.4,80.5,10437
DISHTV,20170616,10:22,80.5,80.5,80.45,80.45,5691
DISHTV,20170616,10:23,80.45,80.5,80.35,80.35,4772
DISHTV,20170616,10:24,80.35,80.5,80.35,80.45,8898
DISHTV,20170616,10:25,80.45,80.6,80.45,80.5,4420
DISHTV,20170616,10:26,80.5,80.5,80.4,80.4,5579
DISHTV,20170616,10:27,80.4,80.5,80.4,80.4,6332
DISHTV,20170616,10:28,80.4,80.5,80.4,80.45,5688
DISHTV,20170616,10:29,80.45,80.55,80.45,80.5,5850
DISHTV,20170616,10:30,80.45,80.5,80.45,80.5,9018
DISHTV,20170616,10:31,80.45,80.5,80.45,80.5,5553
DISHTV,20170616,10:32,80.5,80.5,80.45,80.5,5886
DISHTV,20170616,10:33,80.5,80.55,80.45,80.5,5073
DISHTV,20170616,10:34,80.5,80.55,80.4,80.45,9143
DISHTV,20170616,10:35,80.45,80.55,80.4,80.5,5972
DISHTV,20170616,10:36,80.5,80.55,80.4,80.5,4261
DISHTV,20170616,10:37,80.5,80.65,80.5,80.65,23131
DISHTV,20170616,10:38,80.65,80.7,80.5,80.5,37409
DISHTV,20170616,10:39,80.5,80.6,80.45,80.55,9405
DISHTV,20170616,10:40,80.55,80.6,80.5,80.5,21742
DISHTV,20170616,10:41,80.5,80.55,80.45,80.5,8169
DISHTV,20170616,10:42,80.5,80.5,80.45,80.5,8670
DISHTV,20170616,10:43,80.5,80.55,80.5,80.5,3783
DISHTV,20170616,10:44,80.5,80.55,80.5,80.5,8348
DISHTV,20170616,10:45,80.5,80.5,80.5,80.5,10009
DISHTV,20170616,10:46,80.5,80.6,80.5,80.55,7028
DISHTV,20170616,10:47,80.55,80.55,80.5,80.5,5097
DISHTV,20170616,10:48,80.5,80.5,80.5,80.5,2901
DISHTV,20170616,10:49,80.5,80.65,80.5,80.55,10945
DISHTV,20170616,10:50,80.55,80.65,80.55,80.6,3900
DISHTV,20170616,10:51,80.6,80.6,80.6,80.6,4644
DISHTV,20170616,10:52,80.6,80.65,80.6,80.6,5943
DISHTV,20170616,10:53,80.6,80.65,80.6,80.6,3755
DISHTV,20170616,10:54,80.6,80.65,80.6,80.6,7298
DISHTV,20170616,10:55,80.6,80.65,80.6,80.6,15369
DISHTV,20170616,10:56,80.6,80.65,80.6,80.65,6729
DISHTV,20170616,10:57,80.6,80.65,80.6,80.6,7270
DISHTV,20170616,10:58,80.6,80.65,80.45,80.45,12883
DISHTV,20170616,10:59,80.45,80.5,80.35,80.4,7817
DISHTV,20170616,11:00,80.35,80.45,80.35,80.4,3877
DISHTV,20170616,11:01,80.4,80.45,80.35,80.4,6854
DISHTV,20170616,11:02,80.35,80.45,80.35,80.35,3970
DISHTV,20170616,11:03,80.35,80.35,80.35,80.35,2562
DISHTV,20170616,11:04,80.35,80.4,80.3,80.3,10409
DISHTV,20170616,11:05,80.3,80.3,80.25,80.25,4788
DISHTV,20170616,11:06,80.25,80.35,80.25,80.25,4278
DISHTV,20170616,11:07,80.25,80.35,80.25,80.25,4892
DISHTV,20170616,11:08,80.25,80.35,80.25,80.25,2987
DISHTV,20170616,11:09,80.25,80.25,80.25,80.25,2733
DISHTV,20170616,11:10,80.25,80.25,80.15,80.15,7622
DISHTV,20170616,11:11,80.15,80.2,80.1,80.1,7824
DISHTV,20170616,11:12,80.1,80.15,80.1,80.1,4860
DISHTV,20170616,11:13,80.1,80.15,80.05,80.05,8851
DISHTV,20170616,11:14,80.05,80.1,80.05,80.05,5462
DISHTV,20170616,11:15,80.05,80.2,80.05,80.2,12723
DISHTV,20170616,11:16,80.15,80.2,80.15,80.2,3375
DISHTV,20170616,11:17,80.2,80.2,80.2,80.2,8609
DISHTV,20170616,11:18,80.2,80.25,80.2,80.2,3730
DISHTV,20170616,11:19,80.2,80.2,80.1,80.1,9963
DISHTV,20170616,11:20,80.1,80.15,80.1,80.1,4620
DISHTV,20170616,11:21,80.1,80.15,80,80,16908
DISHTV,20170616,11:22,80,80.05,79.7,79.9,41631
DISHTV,20170616,11:23,79.85,79.95,79.85,79.9,6882
DISHTV,20170616,11:24,79.85,80,79.85,79.85,6739
DISHTV,20170616,11:25,79.85,80,79.8,79.85,12599
DISHTV,20170616,11:26,79.85,80,79.85,80,3269
DISHTV,20170616,11:27,79.9,80,79.9,79.95,2593
DISHTV,20170616,11:28,79.95,80,79.85,79.85,2785
DISHTV,20170616,11:29,79.9,79.95,79.85,79.95,2486
DISHTV,20170616,11:30,79.85,79.95,79.85,79.9,2063
DISHTV,20170616,11:31,79.9,79.95,79.9,79.95,1633
DISHTV,20170616,11:32,79.9,79.95,79.9,79.9,2620
DISHTV,20170616,11:33,79.9,79.95,79.85,79.85,2827
DISHTV,20170616,11:34,79.85,79.85,79.85,79.85,1628
DISHTV,20170616,11:35,79.85,79.9,79.85,79.85,2368
DISHTV,20170616,11:36,79.85,79.95,79.85,79.85,3548
DISHTV,20170616,11:37,79.85,79.9,79.85,79.85,1865
DISHTV,20170616,11:38,79.85,79.95,79.85,79.85,1930
DISHTV,20170616,11:39,79.85,79.9,79.85,79.85,1800
DISHTV,20170616,11:40,79.85,79.9,79.85,79.85,1608
DISHTV,20170616,11:41,79.85,79.9,79.85,79.85,2000
DISHTV,20170616,11:42,79.85,79.9,79.8,79.8,2398
DISHTV,20170616,11:43,79.8,79.85,79.7,79.75,10198
DISHTV,20170616,11:44,79.75,79.75,79.75,79.75,3854
DISHTV,20170616,11:45,79.7,79.75,79.5,79.6,35847
DISHTV,20170616,11:46,79.6,79.6,79.35,79.45,52484
DISHTV,20170616,11:47,79.4,79.55,79.4,79.45,8402
DISHTV,20170616,11:48,79.45,79.6,79.45,79.5,11474
DISHTV,20170616,11:49,79.5,79.6,79.5,79.6,4958
DISHTV,20170616,11:50,79.6,79.7,79.55,79.55,3766
DISHTV,20170616,11:51,79.55,79.65,79.55,79.55,4798
DISHTV,20170616,11:52,79.55,79.55,79.45,79.5,12009
DISHTV,20170616,11:53,79.45,79.6,79.45,79.55,4128
DISHTV,20170616,11:54,79.6,79.6,79.55,79.6,3280
DISHTV,20170616,11:55,79.6,79.65,79.55,79.6,7407
DISHTV,20170616,11:56,79.6,79.6,79.55,79.55,2974
DISHTV,20170616,11:57,79.55,79.65,79.55,79.55,4195
DISHTV,20170616,11:58,79.55,79.6,79.55,79.55,1882
DISHTV,20170616,11:59,79.55,79.65,79.55,79.65,1884
DISHTV,20170616,12:00,79.55,79.6,79.55,79.55,3046
DISHTV,20170616,12:01,79.55,79.7,79.55,79.6,5643
DISHTV,20170616,12:02,79.6,79.6,79.55,79.6,1545
DISHTV,20170616,12:03,79.6,79.65,79.5,79.55,1686
DISHTV,20170616,12:04,79.55,79.6,79.5,79.6,1873
DISHTV,20170616,12:05,79.5,79.6,79.5,79.5,7007
DISHTV,20170616,12:06,79.5,79.6,79.45,79.5,2672
DISHTV,20170616,12:07,79.5,79.5,79.45,79.5,2254
DISHTV,20170616,12:08,79.45,79.5,79.45,79.45,2588
DISHTV,20170616,12:09,79.45,79.5,79.45,79.45,2932
DISHTV,20170616,12:10,79.45,79.5,79.45,79.5,2222
DISHTV,20170616,12:11,79.45,79.6,79.45,79.5,3536
DISHTV,20170616,12:12,79.45,79.45,79.4,79.4,6592
DISHTV,20170616,12:13,79.4,79.5,79.4,79.4,4323
DISHTV,20170616,12:14,79.4,79.45,79.4,79.45,1830
DISHTV,20170616,12:15,79.45,79.5,79.4,79.5,2409
DISHTV,20170616,12:16,79.45,79.55,79.45,79.45,4231
DISHTV,20170616,12:17,79.45,79.55,79.45,79.45,2990
DISHTV,20170616,12:18,79.5,79.5,79.45,79.45,1965
DISHTV,20170616,12:19,79.45,79.65,79.4,79.5,20373
DISHTV,20170616,12:20,79.5,79.55,79.5,79.55,1843
DISHTV,20170616,12:21,79.5,79.6,79.5,79.5,2334
DISHTV,20170616,12:22,79.5,79.55,79.5,79.5,2357
DISHTV,20170616,12:23,79.5,79.65,79.5,79.55,2630
DISHTV,20170616,12:24,79.5,79.6,79.5,79.5,9676
DISHTV,20170616,12:25,79.5,79.75,79.5,79.55,14293
DISHTV,20170616,12:26,79.6,79.6,79.5,79.5,4007
DISHTV,20170616,12:27,79.5,79.55,79.5,79.55,2127
DISHTV,20170616,12:28,79.5,79.55,79.5,79.5,1946
DISHTV,20170616,12:29,79.5,79.55,79.45,79.45,2584
DISHTV,20170616,12:30,79.45,79.5,79.4,79.4,2289
DISHTV,20170616,12:31,79.4,79.55,79.4,79.45,2889
DISHTV,20170616,12:32,79.45,79.5,79.45,79.5,1824
DISHTV,20170616,12:33,79.45,79.55,79.45,79.45,1887
DISHTV,20170616,12:34,79.45,79.5,79.45,79.45,1488
DISHTV,20170616,12:35,79.45,79.55,79.45,79.5,2427
DISHTV,20170616,12:36,79.5,79.55,79.45,79.45,2283
DISHTV,20170616,12:37,79.45,79.65,79.45,79.55,13194
DISHTV,20170616,12:38,79.6,79.65,79.55,79.6,2100
DISHTV,20170616,12:39,79.55,79.75,79.55,79.7,4686
DISHTV,20170616,12:40,79.7,79.75,79.7,79.7,2993
DISHTV,20170616,12:41,79.7,79.75,79.7,79.7,2856
DISHTV,20170616,12:42,79.7,79.75,79.65,79.65,2031
DISHTV,20170616,12:43,79.65,79.7,79.55,79.7,5278
DISHTV,20170616,12:44,79.6,79.7,79.6,79.65,4112
DISHTV,20170616,12:45,79.6,79.8,79.6,79.65,10099
DISHTV,20170616,12:46,79.7,79.7,79.55,79.6,2080
DISHTV,20170616,12:47,79.6,79.65,79.55,79.55,5556
DISHTV,20170616,12:48,79.55,79.6,79.55,79.55,7861
DISHTV,20170616,12:49,79.55,79.6,79.5,79.5,4177
DISHTV,20170616,12:50,79.5,79.55,79.5,79.5,1950
DISHTV,20170616,12:51,79.5,79.55,79.5,79.5,4516
DISHTV,20170616,12:52,79.5,79.55,79.5,79.5,3250
DISHTV,20170616,12:53,79.5,79.7,79.5,79.6,12063
DISHTV,20170616,12:54,79.6,79.7,79.6,79.6,1753
DISHTV,20170616,12:55,79.6,79.7,79.6,79.7,2659
DISHTV,20170616,12:56,79.6,79.7,79.6,79.6,1903
DISHTV,20170616,12:57,79.6,79.7,79.6,79.65,3810
DISHTV,20170616,12:58,79.65,79.65,79.6,79.65,1888
DISHTV,20170616,12:59,79.6,79.65,79.6,79.65,2155
DISHTV,20170616,13:00,79.65,79.7,79.6,79.6,4568
DISHTV,20170616,13:01,79.6,79.7,79.6,79.7,1670
DISHTV,20170616,13:02,79.65,79.8,79.65,79.8,5934
DISHTV,20170616,13:03,79.75,79.8,79.7,79.7,3619
DISHTV,20170616,13:04,79.7,79.7,79.6,79.65,1763
DISHTV,20170616,13:05,79.6,79.7,79.6,79.6,2430
DISHTV,20170616,13:06,79.6,79.6,79.6,79.6,1706
DISHTV,20170616,13:07,79.6,79.65,79.6,79.65,1611
DISHTV,20170616,13:08,79.6,79.7,79.6,79.6,1487
DISHTV,20170616,13:09,79.6,79.65,79.6,79.65,1866
DISHTV,20170616,13:10,79.6,79.65,79.55,79.55,8566
DISHTV,20170616,13:11,79.6,79.85,79.5,79.8,38786
DISHTV,20170616,13:12,79.75,79.85,79.75,79.85,4565
DISHTV,20170616,13:13,79.85,79.85,79.65,79.65,6637
DISHTV,20170616,13:14,79.65,79.7,79.65,79.65,4370
DISHTV,20170616,13:15,79.65,79.8,79.65,79.8,3970
DISHTV,20170616,13:16,79.8,79.8,79.7,79.7,3264
DISHTV,20170616,13:17,79.7,79.7,79.65,79.65,1365
DISHTV,20170616,13:18,79.65,79.75,79.65,79.65,1868
DISHTV,20170616,13:19,79.65,79.75,79.65,79.65,3010
DISHTV,20170616,13:20,79.65,79.7,79.65,79.7,1399
DISHTV,20170616,13:21,79.7,79.75,79.7,79.7,1385
DISHTV,20170616,13:22,79.7,79.75,79.7,79.7,1474
DISHTV,20170616,13:23,79.7,79.8,79.7,79.7,2306
DISHTV,20170616,13:24,79.75,79.85,79.7,79.7,6660
DISHTV,20170616,13:25,79.7,79.75,79.7,79.7,1552
DISHTV,20170616,13:26,79.65,79.85,79.65,79.8,6198
DISHTV,20170616,13:27,79.7,79.8,79.7,79.7,2459
DISHTV,20170616,13:28,79.7,79.7,79.65,79.65,2151
DISHTV,20170616,13:29,79.65,79.7,79.65,79.65,1618
DISHTV,20170616,13:30,79.65,79.75,79.65,79.65,2247
DISHTV,20170616,13:31,79.65,79.7,79.65,79.65,4093
DISHTV,20170616,13:32,79.65,79.75,79.65,79.65,3479
DISHTV,20170616,13:33,79.65,79.8,79.6,79.75,5372
DISHTV,20170616,13:34,79.65,79.75,79.6,79.6,2405
DISHTV,20170616,13:35,79.6,79.65,79.6,79.6,1685
DISHTV,20170616,13:36,79.6,79.7,79.6,79.6,1669
DISHTV,20170616,13:37,79.6,79.7,79.6,79.65,2420
DISHTV,20170616,13:38,79.65,79.7,79.6,79.65,2920
DISHTV,20170616,13:39,79.65,79.7,79.6,79.6,1788
DISHTV,20170616,13:40,79.6,79.7,79.6,79.6,1792
DISHTV,20170616,13:41,79.6,79.65,79.6,79.6,4212
DISHTV,20170616,13:42,79.6,79.6,79.6,79.6,1567
DISHTV,20170616,13:43,79.6,79.7,79.6,79.6,1604
DISHTV,20170616,13:44,79.6,79.65,79.55,79.55,7929
DISHTV,20170616,13:45,79.55,79.6,79.5,79.5,1759
DISHTV,20170616,13:46,79.5,79.6,79.5,79.5,2963
DISHTV,20170616,13:47,79.5,79.55,79.5,79.5,6399
DISHTV,20170616,13:48,79.5,79.55,79.45,79.45,15910
DISHTV,20170616,13:49,79.45,79.5,79.45,79.45,3620
DISHTV,20170616,13:50,79.45,79.55,79.45,79.5,3828
DISHTV,20170616,13:51,79.5,79.5,79.45,79.45,2464
DISHTV,20170616,13:52,79.45,79.75,79.45,79.6,10384
DISHTV,20170616,13:53,79.6,79.65,79.6,79.6,2246
DISHTV,20170616,13:54,79.6,79.6,79.55,79.6,6229
DISHTV,20170616,13:55,79.6,79.6,79.55,79.55,1757
DISHTV,20170616,13:56,79.55,79.65,79.55,79.6,2263
DISHTV,20170616,13:57,79.65,79.65,79.6,79.65,2428
DISHTV,20170616,13:58,79.6,79.65,79.55,79.55,5632
DISHTV,20170616,13:59,79.55,79.6,79.55,79.6,2172
DISHTV,20170616,14:00,79.6,79.65,79.55,79.6,2790
DISHTV,20170616,14:01,79.6,79.65,79.55,79.55,2435
DISHTV,20170616,14:02,79.55,79.65,79.55,79.55,2123
DISHTV,20170616,14:03,79.6,79.65,79.55,79.55,2346
DISHTV,20170616,14:04,79.55,79.55,79.5,79.5,2607
DISHTV,20170616,14:05,79.5,79.55,79.5,79.55,1646
DISHTV,20170616,14:06,79.55,79.6,79.5,79.5,2609
DISHTV,20170616,14:07,79.5,79.55,79.5,79.5,1852
DISHTV,20170616,14:08,79.5,79.55,79.5,79.5,1809
DISHTV,20170616,14:09,79.5,79.6,79.5,79.55,1958
DISHTV,20170616,14:10,79.55,79.55,79.5,79.5,2128
DISHTV,20170616,14:11,79.5,79.55,79.5,79.5,1734
DISHTV,20170616,14:12,79.5,79.55,79.5,79.5,1677
DISHTV,20170616,14:13,79.5,79.55,79.5,79.5,2535
DISHTV,20170616,14:14,79.5,79.55,79.5,79.5,1516
DISHTV,20170616,14:15,79.5,79.55,79.5,79.5,3092
DISHTV,20170616,14:16,79.5,79.6,79.5,79.5,1610
DISHTV,20170616,14:17,79.5,79.5,79.5,79.5,1638
DISHTV,20170616,14:18,79.5,79.5,79.4,79.4,14082
DISHTV,20170616,14:19,79.4,79.45,79.4,79.4,10848
DISHTV,20170616,14:20,79.4,79.45,79.4,79.4,1704
DISHTV,20170616,14:21,79.4,79.5,79.4,79.4,4508
DISHTV,20170616,14:22,79.4,79.45,79.4,79.4,2060
DISHTV,20170616,14:23,79.4,79.55,79.4,79.5,5030
DISHTV,20170616,14:24,79.5,79.55,79.45,79.5,1595
DISHTV,20170616,14:25,79.45,79.5,79.45,79.5,1839
DISHTV,20170616,14:26,79.45,79.5,79.45,79.45,1841
DISHTV,20170616,14:27,79.45,79.5,79.45,79.45,1926
DISHTV,20170616,14:28,79.45,79.5,79.35,79.4,3064
DISHTV,20170616,14:29,79.4,79.55,79.35,79.55,5265
DISHTV,20170616,14:30,79.45,79.5,79.4,79.4,2616
DISHTV,20170616,14:31,79.4,79.5,79.4,79.4,3884
DISHTV,20170616,14:32,79.4,79.4,79.35,79.35,11316
DISHTV,20170616,14:33,79.35,79.35,79.2,79.25,23643
DISHTV,20170616,14:34,79.25,79.4,79.25,79.3,3294
DISHTV,20170616,14:35,79.3,79.55,79.25,79.5,13668
DISHTV,20170616,14:36,79.5,79.55,79.45,79.45,6234
DISHTV,20170616,14:37,79.45,79.45,79.25,79.4,22084
DISHTV,20170616,14:38,79.4,79.45,79.35,79.4,4292
DISHTV,20170616,14:39,79.35,79.4,79.3,79.35,11077
DISHTV,20170616,14:40,79.35,79.4,79.35,79.4,4197
DISHTV,20170616,14:41,79.4,79.45,79.35,79.35,3257
DISHTV,20170616,14:42,79.35,79.4,79.35,79.35,3648
DISHTV,20170616,14:43,79.35,79.4,79.35,79.35,2713
DISHTV,20170616,14:44,79.4,79.45,79.35,79.4,7766
DISHTV,20170616,14:45,79.4,79.6,79.4,79.5,10854
DISHTV,20170616,14:46,79.5,79.55,79.5,79.5,5311
DISHTV,20170616,14:47,79.5,79.5,79.4,79.4,11880
DISHTV,20170616,14:48,79.4,79.55,79.4,79.45,7360
DISHTV,20170616,14:49,79.45,79.5,79.45,79.45,3222
DISHTV,20170616,14:50,79.5,79.5,79.4,79.45,3428
DISHTV,20170616,14:51,79.45,79.55,79.4,79.5,8704
DISHTV,20170616,14:52,79.45,79.5,79.45,79.45,1983
DISHTV,20170616,14:53,79.45,79.55,79.45,79.55,12240
DISHTV,20170616,14:54,79.55,79.55,79.4,79.5,4386
DISHTV,20170616,14:55,79.5,79.55,79.4,79.4,1933
DISHTV,20170616,14:56,79.4,79.5,79.4,79.4,5425
DISHTV,20170616,14:57,79.4,79.45,79.4,79.45,2434
DISHTV,20170616,14:58,79.5,79.5,79.4,79.4,2053
DISHTV,20170616,14:59,79.4,79.5,79.4,79.4,3092
DISHTV,20170616,15:00,79.35,79.5,79.35,79.4,4411
DISHTV,20170616,15:01,79.45,79.65,79.45,79.55,45355
DISHTV,20170616,15:02,79.55,79.6,79.55,79.6,8830
DISHTV,20170616,15:03,79.7,79.85,79.6,79.75,31988
DISHTV,20170616,15:04,79.75,79.8,79.7,79.7,21896
DISHTV,20170616,15:05,79.75,79.75,79.65,79.65,14604
DISHTV,20170616,15:06,79.65,79.75,79.55,79.6,19965
DISHTV,20170616,15:07,79.6,79.7,79.6,79.65,9522
DISHTV,20170616,15:08,79.75,79.8,79.65,79.75,11884
DISHTV,20170616,15:09,79.7,79.85,79.65,79.7,14769
DISHTV,20170616,15:10,79.7,79.8,79.7,79.7,8314
DISHTV,20170616,15:11,79.8,79.85,79.7,79.85,27810
DISHTV,20170616,15:12,79.75,79.8,79.7,79.75,16760
DISHTV,20170616,15:13,79.75,79.8,79.7,79.75,15330
DISHTV,20170616,15:14,79.7,79.9,79.7,79.85,36705
DISHTV,20170616,15:15,79.9,79.95,79.85,79.95,19289
DISHTV,20170616,15:16,79.9,80.05,79.9,79.95,48524
DISHTV,20170616,15:17,79.95,80,79.95,79.95,44433
DISHTV,20170616,15:18,79.95,80.15,79.95,80.05,46932
DISHTV,20170616,15:19,80.05,80.1,80,80.1,32816
DISHTV,20170616,15:20,80.05,80.15,80,80,22733
DISHTV,20170616,15:21,80.05,80.05,79.95,80,33489
DISHTV,20170616,15:22,79.95,80,79.95,80,34821
DISHTV,20170616,15:23,80,80,79.9,79.95,18083
DISHTV,20170616,15:24,79.95,80,79.95,79.95,19922
DISHTV,20170616,15:25,79.95,80,79.9,80,35219
DISHTV,20170616,15:26,80,80.05,79.9,80,38827
DISHTV,20170616,15:27,80,80.05,79.9,79.9,10821
DISHTV,20170616,15:28,79.95,79.95,79.9,79.9,16200
DISHTV,20170616,15:29,79.9,80,79.8,79.9,21537
DISHTV,20170616,15:30,80,80,79.8,79.8,12418
DISHTV,20170616,15:31,79.8,79.8,79.8,79.8,25
DISHTV,20170616,15:32,79.9,79.9,79.9,79.9,1
DISHTV,20170616,15:41,79.9,79.9,79.9,79.9,1450
DISHTV,20170616,15:43,79.9,79.9,79.9,79.9,300
DISHTV,20170616,15:49,79.9,79.9,79.9,79.9,1000
DISHTV,20170616,15:50,79.9,79.9,79.9,79.9,234
DISHTV,20170616,15:55,79.9,79.9,79.9,79.9,450
DISHTV,20170616,16:36,79.9,79.9,79.9,79.9,1
