MFSL_F1,20210218,09:16,876.85,876.85,873.15,874.00,11700,3827200
MFSL_F1,20210218,09:17,879.45,879.45,873.00,873.00,37700,3827200
MFSL_F1,20210218,09:18,874.90,874.90,872.40,872.40,11700,3831100
MFSL_F1,20210218,09:19,873.95,877.00,873.95,877.00,18200,3831100
MFSL_F1,20210218,09:20,878.45,879.90,874.45,875.25,20800,3831100
MFSL_F1,20210218,09:21,875.10,875.10,871.75,871.95,23400,3825900
MFSL_F1,20210218,09:22,873.65,874.50,872.70,874.50,18200,3825900
MFSL_F1,20210218,09:23,873.10,873.10,873.10,873.10,5200,3825900
MFSL_F1,20210218,09:24,872.00,872.00,870.00,871.95,27300,3833700
MFSL_F1,20210218,09:25,872.05,872.05,871.65,871.65,11700,3833700
MFSL_F1,20210218,09:26,871.60,871.60,871.60,871.60,1300,3833700
MFSL_F1,20210218,09:27,870.00,870.00,867.05,867.05,16900,3846700
MFSL_F1,20210218,09:28,866.05,868.40,866.05,866.05,15600,3846700
MFSL_F1,20210218,09:29,865.45,865.45,865.00,865.00,5200,3846700
MFSL_F1,20210218,09:30,865.30,867.90,865.30,867.05,40300,3867500
MFSL_F1,20210218,09:31,867.30,867.30,866.80,867.00,14300,3867500
MFSL_F1,20210218,09:32,866.85,867.00,866.85,867.00,11700,3867500
MFSL_F1,20210218,09:33,867.95,868.00,867.00,867.00,28600,3867500
MFSL_F1,20210218,09:34,867.00,870.65,867.00,870.65,10400,3876600
MFSL_F1,20210218,09:35,872.80,872.80,870.70,870.70,3900,3876600
MFSL_F1,20210218,09:36,870.25,870.55,869.80,870.55,6500,3872700
MFSL_F1,20210218,09:37,870.30,870.30,870.10,870.10,5200,3872700
MFSL_F1,20210218,09:39,869.00,869.00,869.00,869.00,1300,3872700
MFSL_F1,20210218,09:40,869.75,870.95,869.75,870.10,11700,3898700
MFSL_F1,20210218,09:42,870.10,870.10,870.10,870.10,1300,3898700
MFSL_F1,20210218,09:43,870.35,870.35,870.35,870.35,3900,3923400
MFSL_F1,20210218,09:44,870.80,870.80,870.55,870.55,16900,3923400
MFSL_F1,20210218,09:45,871.45,871.45,871.45,871.45,5200,3923400
MFSL_F1,20210218,09:46,871.95,871.95,871.95,871.95,3900,3931200
MFSL_F1,20210218,09:47,870.60,872.00,870.60,872.00,3900,3931200
MFSL_F1,20210218,09:48,871.00,871.00,871.00,871.00,1300,3932500
MFSL_F1,20210218,09:50,870.55,870.55,870.55,870.55,1300,3932500
MFSL_F1,20210218,09:51,870.95,870.95,870.95,870.95,1300,3932500
MFSL_F1,20210218,09:52,871.30,871.30,871.30,871.30,1300,3932500
MFSL_F1,20210218,09:53,870.75,870.75,870.75,870.75,1300,3932500
MFSL_F1,20210218,09:54,872.35,872.35,872.35,872.35,6500,3936400
MFSL_F1,20210218,09:57,872.70,872.70,872.70,872.70,1300,3936400
MFSL_F1,20210218,10:02,872.95,872.95,872.95,872.95,3900,3936400
MFSL_F1,20210218,10:03,874.00,874.00,874.00,874.00,2600,3936400
MFSL_F1,20210218,10:05,873.10,873.10,873.10,873.10,2600,3936400
MFSL_F1,20210218,10:06,873.05,873.05,873.05,873.05,1300,3936400
MFSL_F1,20210218,10:10,872.55,872.55,872.55,872.55,1300,3933800
MFSL_F1,20210218,10:16,873.00,873.00,873.00,873.00,3900,3935100
MFSL_F1,20210218,10:18,872.70,873.00,872.70,872.90,11700,3935100
MFSL_F1,20210218,10:19,873.30,874.50,873.15,873.40,33800,3935100
MFSL_F1,20210218,10:20,873.80,874.75,873.65,873.70,31200,3935100
MFSL_F1,20210218,10:21,874.00,874.00,873.60,874.00,20800,3935100
MFSL_F1,20210218,10:22,873.80,874.00,873.80,874.00,10400,3935100
MFSL_F1,20210218,10:23,874.40,875.45,874.40,875.45,27300,3935100
MFSL_F1,20210218,10:24,875.70,875.70,875.00,875.00,6500,3931200
MFSL_F1,20210218,10:25,875.25,876.10,875.25,875.80,9100,3931200
MFSL_F1,20210218,10:26,876.00,876.75,875.95,876.75,3900,3931200
MFSL_F1,20210218,10:27,875.00,875.00,875.00,875.00,5200,3931200
MFSL_F1,20210218,10:30,874.80,874.80,874.80,874.80,2600,3931200
MFSL_F1,20210218,10:33,873.55,873.55,873.55,873.55,1300,3892200
MFSL_F1,20210218,10:39,873.50,873.50,873.50,873.50,2600,3890900
MFSL_F1,20210218,10:46,873.50,873.50,873.50,873.50,2600,3862300
MFSL_F1,20210218,10:49,873.95,873.95,873.95,873.95,6500,3866200
MFSL_F1,20210218,10:50,873.45,873.45,873.45,873.45,1300,3866200
MFSL_F1,20210218,10:56,873.95,873.95,873.95,873.95,1300,3867500
MFSL_F1,20210218,10:57,874.00,875.75,874.00,875.75,6500,3867500
MFSL_F1,20210218,10:59,874.80,874.80,874.80,874.80,1300,3866200
MFSL_F1,20210218,11:00,874.95,875.30,874.95,875.30,7800,3866200
MFSL_F1,20210218,11:01,875.30,875.30,875.30,875.30,1300,3867500
MFSL_F1,20210218,11:06,874.15,874.15,874.15,874.15,1300,3867500
MFSL_F1,20210218,11:07,874.15,874.15,874.15,874.15,3900,3867500
MFSL_F1,20210218,11:09,874.10,874.10,874.10,874.10,2600,3867500
MFSL_F1,20210218,11:14,874.50,874.50,874.50,874.50,1300,3863600
MFSL_F1,20210218,11:15,874.90,874.90,874.90,874.90,1300,3863600
MFSL_F1,20210218,11:16,874.15,874.15,874.15,874.15,2600,3863600
MFSL_F1,20210218,11:17,874.15,874.70,874.15,874.70,2600,3863600
MFSL_F1,20210218,11:18,874.05,874.05,874.05,874.05,6500,3863600
MFSL_F1,20210218,11:22,874.05,874.80,874.05,874.45,7800,3871400
MFSL_F1,20210218,11:23,874.70,874.70,874.70,874.70,1300,3871400
MFSL_F1,20210218,11:26,873.60,873.60,873.45,873.45,9100,3868800
MFSL_F1,20210218,11:29,873.80,873.80,873.80,873.80,3900,3871400
MFSL_F1,20210218,11:31,873.95,873.95,873.95,873.95,1300,3871400
MFSL_F1,20210218,11:32,873.50,873.50,873.50,873.50,1300,3871400
MFSL_F1,20210218,11:35,873.10,873.10,873.10,873.10,2600,3875300
MFSL_F1,20210218,11:36,873.00,873.00,871.55,871.55,10400,3875300
MFSL_F1,20210218,11:37,870.60,870.60,870.25,870.25,2600,3872700
MFSL_F1,20210218,11:38,871.30,871.30,871.30,871.30,2600,3872700
MFSL_F1,20210218,11:42,872.45,872.45,872.45,872.45,1300,3871400
MFSL_F1,20210218,11:47,871.55,872.00,871.55,872.00,5200,3871400
MFSL_F1,20210218,11:48,872.40,872.40,871.65,872.00,6500,3871400
MFSL_F1,20210218,11:52,871.50,871.50,871.50,871.50,1300,3870100
MFSL_F1,20210218,11:55,871.50,872.05,871.50,872.05,2600,3868800
MFSL_F1,20210218,11:58,871.35,872.90,871.35,872.90,9100,3861000
MFSL_F1,20210218,12:02,873.70,873.70,873.70,873.70,1300,3859700
MFSL_F1,20210218,12:12,875.00,876.50,875.00,876.50,13000,3859700
MFSL_F1,20210218,12:13,875.00,875.00,875.00,875.00,1300,3858400
MFSL_F1,20210218,12:19,873.25,873.25,873.25,873.25,2600,3857100
MFSL_F1,20210218,12:21,874.10,875.00,874.10,875.00,3900,3857100
MFSL_F1,20210218,12:22,875.00,875.00,875.00,875.00,1300,3857100
MFSL_F1,20210218,12:25,875.15,875.15,875.15,875.15,1300,3857100
MFSL_F1,20210218,12:27,874.55,874.55,874.55,874.55,1300,3857100
MFSL_F1,20210218,12:30,874.50,874.50,874.00,874.25,10400,3857100
MFSL_F1,20210218,12:34,874.50,874.50,874.50,874.50,1300,3858400
MFSL_F1,20210218,12:37,874.20,874.20,874.00,874.00,2600,3858400
MFSL_F1,20210218,12:39,874.00,874.00,874.00,874.00,1300,3858400
MFSL_F1,20210218,12:41,873.50,873.50,873.00,873.00,3900,3857100
MFSL_F1,20210218,12:42,873.00,873.05,872.75,873.00,7800,3857100
MFSL_F1,20210218,12:43,873.45,873.45,873.45,873.45,2600,3857100
MFSL_F1,20210218,12:45,873.65,873.65,873.65,873.65,3900,3859700
MFSL_F1,20210218,12:47,872.70,872.80,872.50,872.50,3900,3859700
MFSL_F1,20210218,12:48,872.50,872.50,872.30,872.30,2600,3859700
MFSL_F1,20210218,12:49,872.00,872.50,872.00,872.50,13000,3858400
MFSL_F1,20210218,12:50,871.40,871.40,871.00,871.00,19500,3858400
MFSL_F1,20210218,12:51,871.00,871.00,871.00,871.00,11700,3858400
MFSL_F1,20210218,12:52,871.50,871.50,871.50,871.50,41600,3858400
MFSL_F1,20210218,12:53,871.55,871.55,871.55,871.55,7800,3854500
MFSL_F1,20210218,12:54,871.15,871.15,871.15,871.15,3900,3854500
MFSL_F1,20210218,12:55,872.90,872.90,872.90,872.90,1300,3854500
MFSL_F1,20210218,12:56,872.90,872.90,872.85,872.85,2600,3854500
MFSL_F1,20210218,12:57,872.00,872.00,872.00,872.00,1300,3854500
MFSL_F1,20210218,13:00,872.10,872.10,872.10,872.10,2600,3854500
MFSL_F1,20210218,13:01,871.40,871.40,871.40,871.40,2600,3854500
MFSL_F1,20210218,13:03,871.90,871.90,870.95,870.95,3900,3854500
MFSL_F1,20210218,13:07,871.00,871.00,871.00,871.00,1300,3850600
MFSL_F1,20210218,13:13,872.60,872.60,872.60,872.60,3900,3806400
MFSL_F1,20210218,13:14,872.00,872.00,872.00,872.00,1300,3806400
MFSL_F1,20210218,13:17,872.90,872.90,872.90,872.90,1300,3797300
MFSL_F1,20210218,13:18,873.00,873.00,873.00,873.00,1300,3797300
MFSL_F1,20210218,13:21,872.20,872.20,872.20,872.20,1300,3797300
MFSL_F1,20210218,13:22,871.00,871.65,871.00,871.65,19500,3794700
MFSL_F1,20210218,13:29,871.60,871.60,871.60,871.60,1300,3792100
MFSL_F1,20210218,13:31,869.65,869.65,869.00,869.00,13000,3792100
MFSL_F1,20210218,13:34,867.10,867.10,867.00,867.00,11700,3793400
MFSL_F1,20210218,13:35,867.00,867.00,867.00,867.00,1300,3793400
MFSL_F1,20210218,13:37,866.55,866.95,866.55,866.95,29900,3794700
MFSL_F1,20210218,13:38,866.90,866.90,866.90,866.90,1300,3794700
MFSL_F1,20210218,13:42,866.00,866.00,866.00,866.00,1300,3775200
MFSL_F1,20210218,13:44,865.00,865.00,865.00,865.00,24700,3768700
MFSL_F1,20210218,13:46,863.40,864.10,863.40,864.10,6500,3768700
MFSL_F1,20210218,13:47,863.60,864.10,863.60,864.10,2600,3768700
MFSL_F1,20210218,13:48,863.00,863.05,863.00,863.05,5200,3768700
MFSL_F1,20210218,13:50,862.20,862.45,862.20,862.45,3900,3768700
MFSL_F1,20210218,13:51,861.80,861.80,861.80,861.80,1300,3768700
MFSL_F1,20210218,13:52,860.90,861.00,860.90,861.00,3900,3767400
MFSL_F1,20210218,13:53,861.50,861.50,860.90,860.90,3900,3767400
MFSL_F1,20210218,13:54,861.00,861.00,861.00,861.00,3900,3767400
MFSL_F1,20210218,13:55,862.80,862.80,862.80,862.80,1300,3767400
MFSL_F1,20210218,13:56,865.00,865.00,865.00,865.00,13000,3764800
MFSL_F1,20210218,13:57,864.00,864.30,864.00,864.30,3900,3764800
MFSL_F1,20210218,14:00,863.25,863.25,863.25,863.25,1300,3785600
MFSL_F1,20210218,14:03,861.90,861.90,861.90,861.90,7800,3785600
MFSL_F1,20210218,14:04,861.00,861.00,860.40,860.40,5200,3773900
MFSL_F1,20210218,14:05,859.50,860.95,859.50,860.20,10400,3773900
MFSL_F1,20210218,14:08,860.00,860.00,859.05,859.05,10400,3763500
MFSL_F1,20210218,14:09,859.95,859.95,859.95,859.95,1300,3763500
MFSL_F1,20210218,14:10,859.40,859.40,859.40,859.40,2600,3763500
MFSL_F1,20210218,14:11,859.65,860.65,859.65,860.65,28600,3758300
MFSL_F1,20210218,14:16,862.00,862.00,862.00,862.00,18200,3762200
MFSL_F1,20210218,14:17,864.05,864.05,864.05,864.05,2600,3763500
MFSL_F1,20210218,14:19,865.00,865.00,865.00,865.00,16900,3757000
MFSL_F1,20210218,14:21,865.05,865.05,865.05,865.05,3900,3757000
MFSL_F1,20210218,14:23,866.60,866.60,866.60,866.60,1300,3754400
MFSL_F1,20210218,14:24,866.10,866.10,866.10,866.10,1300,3754400
MFSL_F1,20210218,14:25,867.00,867.00,867.00,867.00,1300,3754400
MFSL_F1,20210218,14:26,865.90,865.90,865.90,865.90,2600,3754400
MFSL_F1,20210218,14:27,865.00,865.00,865.00,865.00,6500,3754400
MFSL_F1,20210218,14:33,865.30,865.30,865.30,865.30,1300,3744000
MFSL_F1,20210218,14:35,867.20,867.95,867.20,867.95,29900,3719300
MFSL_F1,20210218,14:37,869.00,869.00,869.00,869.00,1300,3719300
MFSL_F1,20210218,14:39,869.00,869.00,869.00,869.00,2600,3719300
MFSL_F1,20210218,14:41,868.50,869.00,868.50,869.00,2600,3708900
MFSL_F1,20210218,14:42,869.75,869.75,869.75,869.75,1300,3708900
MFSL_F1,20210218,14:43,869.25,869.25,869.25,869.25,3900,3708900
MFSL_F1,20210218,14:44,869.80,869.90,869.80,869.90,2600,3707600
MFSL_F1,20210218,14:45,870.00,870.00,870.00,870.00,5200,3707600
MFSL_F1,20210218,14:46,870.00,870.00,870.00,870.00,11700,3707600
MFSL_F1,20210218,14:48,869.00,869.00,869.00,869.00,1300,3694600
MFSL_F1,20210218,14:50,870.00,870.00,869.25,869.25,10400,3694600
MFSL_F1,20210218,14:51,868.85,870.00,868.85,870.00,23400,3694600
MFSL_F1,20210218,14:52,870.00,870.00,868.55,869.00,35100,3694600
MFSL_F1,20210218,14:53,868.85,869.00,868.60,868.60,3900,3694600
MFSL_F1,20210218,14:54,869.00,869.00,869.00,869.00,2600,3694600
MFSL_F1,20210218,14:55,869.00,869.55,869.00,869.55,7800,3694600
MFSL_F1,20210218,14:56,868.90,868.90,868.90,868.90,1300,3697200
MFSL_F1,20210218,14:57,868.70,869.50,868.70,869.50,11700,3697200
MFSL_F1,20210218,15:00,869.65,869.65,869.65,869.65,3900,3697200
MFSL_F1,20210218,15:01,869.50,870.00,869.50,870.00,7800,3697200
MFSL_F1,20210218,15:02,869.95,870.00,869.95,870.00,6500,3712800
MFSL_F1,20210218,15:03,871.85,871.85,871.85,871.85,3900,3712800
MFSL_F1,20210218,15:04,872.00,872.00,872.00,872.00,10400,3712800
MFSL_F1,20210218,15:05,871.15,871.15,871.15,871.15,9100,3714100
MFSL_F1,20210218,15:06,871.60,871.60,871.60,871.60,1300,3714100
MFSL_F1,20210218,15:08,871.15,871.15,871.15,871.15,2600,3715400
MFSL_F1,20210218,15:09,869.60,869.60,869.50,869.50,2600,3715400
MFSL_F1,20210218,15:10,868.95,868.95,868.85,868.85,2600,3698500
MFSL_F1,20210218,15:11,870.10,870.10,869.45,869.45,3900,3698500
MFSL_F1,20210218,15:12,870.00,870.00,870.00,870.00,1300,3698500
MFSL_F1,20210218,15:13,869.30,870.00,869.30,870.00,3900,3698500
MFSL_F1,20210218,15:14,870.30,870.45,870.30,870.45,7800,3688100
MFSL_F1,20210218,15:15,869.10,869.10,869.00,869.10,15600,3688100
MFSL_F1,20210218,15:16,870.35,870.35,868.95,868.95,13000,3669900
MFSL_F1,20210218,15:17,869.00,870.15,868.90,870.15,16900,3669900
MFSL_F1,20210218,15:18,869.05,869.65,868.85,868.85,24700,3669900
MFSL_F1,20210218,15:19,868.85,868.85,864.40,864.40,16900,3669900
MFSL_F1,20210218,15:20,864.35,864.35,864.35,864.35,1300,3656900
MFSL_F1,20210218,15:21,865.45,868.80,864.30,868.80,42900,3656900
MFSL_F1,20210218,15:22,868.80,868.80,866.45,867.25,15600,3656900
MFSL_F1,20210218,15:23,867.30,867.30,866.65,866.65,6500,3647800
MFSL_F1,20210218,15:24,866.25,866.35,866.25,866.35,5200,3647800
MFSL_F1,20210218,15:25,866.00,868.85,866.00,868.85,42900,3647800
MFSL_F1,20210218,15:26,869.00,870.70,869.00,870.00,22100,3650400
MFSL_F1,20210218,15:27,870.80,870.80,870.25,870.35,10400,3650400
MFSL_F1,20210218,15:28,870.30,870.50,869.40,869.40,5200,3646500
MFSL_F1,20210218,15:29,869.25,870.40,869.25,870.40,11700,3646500
MFSL_F1,20210218,15:30,870.20,870.50,870.20,870.50,3900,3646500
MFSL_F1,20210218,17:58,868.65,868.65,868.65,868.65,1,3599700
