AXISBANK_F1,20220310,09:16,703.00,712.50,693.00,701.40,1693200,50958000
AXISBANK_F1,20220310,09:17,701.80,701.80,699.95,701.00,732000,50958000
AXISBANK_F1,20220310,09:18,700.90,702.55,700.60,701.15,360000,50931600
AXISBANK_F1,20220310,09:19,701.30,702.80,700.85,702.80,300000,50931600
AXISBANK_F1,20220310,09:20,702.90,704.95,702.90,704.60,348000,50931600
AXISBANK_F1,20220310,09:21,704.45,706.00,703.85,705.90,394800,50952000
AXISBANK_F1,20220310,09:22,706.00,706.65,705.45,705.80,310800,50952000
AXISBANK_F1,20220310,09:23,706.30,708.25,705.85,706.90,354000,50952000
AXISBANK_F1,20220310,09:24,706.70,710.65,706.40,710.00,598800,50995200
AXISBANK_F1,20220310,09:25,710.00,710.20,707.45,707.55,309600,50995200
AXISBANK_F1,20220310,09:26,707.30,707.70,706.00,706.80,277200,50995200
AXISBANK_F1,20220310,09:27,706.50,706.70,705.05,705.30,241200,51000000
AXISBANK_F1,20220310,09:28,705.25,705.90,704.90,705.20,200400,51000000
AXISBANK_F1,20220310,09:29,705.50,705.90,704.80,705.35,276000,51000000
AXISBANK_F1,20220310,09:30,705.45,705.45,703.65,703.65,180000,51154800
AXISBANK_F1,20220310,09:31,703.50,704.30,703.05,704.00,193200,51154800
AXISBANK_F1,20220310,09:32,704.00,706.60,703.65,706.60,141600,51154800
AXISBANK_F1,20220310,09:33,706.65,707.65,705.80,707.65,156000,51207600
AXISBANK_F1,20220310,09:34,708.00,708.75,707.95,708.25,175200,51207600
AXISBANK_F1,20220310,09:35,708.50,709.45,708.00,708.15,278400,51207600
AXISBANK_F1,20220310,09:36,707.85,708.40,704.55,705.85,240000,51294000
AXISBANK_F1,20220310,09:37,706.30,707.95,706.15,707.50,152400,51294000
AXISBANK_F1,20220310,09:38,707.50,708.50,707.35,707.60,91200,51294000
AXISBANK_F1,20220310,09:39,707.80,708.75,707.80,708.35,74400,51310800
AXISBANK_F1,20220310,09:40,708.40,711.05,708.20,710.80,312000,51310800
AXISBANK_F1,20220310,09:41,710.35,710.35,708.60,708.70,150000,51310800
AXISBANK_F1,20220310,09:42,708.95,709.30,708.05,708.15,106800,51321600
AXISBANK_F1,20220310,09:43,708.00,708.95,707.70,708.55,135600,51321600
AXISBANK_F1,20220310,09:44,708.15,708.35,707.25,707.40,99600,51321600
AXISBANK_F1,20220310,09:45,707.65,707.75,707.00,707.20,82800,51367200
AXISBANK_F1,20220310,09:46,707.75,708.80,707.75,708.75,122400,51367200
AXISBANK_F1,20220310,09:47,708.50,710.15,708.40,710.05,124800,51367200
AXISBANK_F1,20220310,09:48,710.40,710.90,710.15,710.30,96000,51385200
AXISBANK_F1,20220310,09:49,710.30,710.60,710.00,710.55,58800,51385200
AXISBANK_F1,20220310,09:50,710.30,712.35,710.30,711.75,212400,51385200
AXISBANK_F1,20220310,09:51,711.80,712.25,711.40,711.90,104400,51421200
AXISBANK_F1,20220310,09:52,711.55,712.30,711.55,711.60,69600,51421200
AXISBANK_F1,20220310,09:53,711.80,713.00,711.05,712.75,261600,51421200
AXISBANK_F1,20220310,09:54,712.50,712.85,711.10,711.70,194400,51576000
AXISBANK_F1,20220310,09:55,711.75,711.75,711.00,711.05,183600,51576000
AXISBANK_F1,20220310,09:56,711.00,711.40,710.85,711.25,86400,51576000
AXISBANK_F1,20220310,09:57,711.15,711.45,711.00,711.45,75600,51699600
AXISBANK_F1,20220310,09:58,711.50,711.70,711.00,711.05,40800,51699600
AXISBANK_F1,20220310,09:59,711.45,711.65,711.00,711.45,75600,51699600
AXISBANK_F1,20220310,10:00,711.85,713.00,711.55,712.10,157200,51775200
AXISBANK_F1,20220310,10:01,712.25,712.35,711.00,712.35,241200,51775200
AXISBANK_F1,20220310,10:02,712.15,712.95,712.15,712.80,30000,51775200
AXISBANK_F1,20220310,10:03,712.90,712.90,712.20,712.60,75600,51876000
AXISBANK_F1,20220310,10:04,712.75,713.55,712.45,713.10,68400,51876000
AXISBANK_F1,20220310,10:05,713.40,713.90,713.30,713.90,64800,51876000
AXISBANK_F1,20220310,10:06,713.65,714.35,713.65,714.00,79200,51874800
AXISBANK_F1,20220310,10:07,714.00,714.25,713.65,714.25,49200,51874800
AXISBANK_F1,20220310,10:08,714.15,715.70,714.15,714.80,270000,51874800
AXISBANK_F1,20220310,10:09,714.85,715.15,714.65,715.05,45600,51867600
AXISBANK_F1,20220310,10:10,714.95,715.50,714.95,715.50,46800,51867600
AXISBANK_F1,20220310,10:11,715.50,715.60,715.10,715.60,30000,51867600
AXISBANK_F1,20220310,10:12,715.10,715.40,714.55,714.80,28800,51883200
AXISBANK_F1,20220310,10:13,714.70,715.20,714.05,715.15,66000,51883200
AXISBANK_F1,20220310,10:14,715.20,715.85,715.00,715.60,70800,51883200
AXISBANK_F1,20220310,10:15,715.65,715.80,715.20,715.65,37200,51883200
AXISBANK_F1,20220310,10:16,715.50,715.75,715.20,715.45,57600,51894000
AXISBANK_F1,20220310,10:17,715.45,715.45,714.35,714.50,110400,51894000
AXISBANK_F1,20220310,10:18,714.85,715.40,714.60,715.10,56400,51871200
AXISBANK_F1,20220310,10:19,715.35,715.50,714.90,715.10,28800,51871200
AXISBANK_F1,20220310,10:20,714.90,715.25,714.70,715.00,36000,51871200
AXISBANK_F1,20220310,10:21,714.95,715.10,714.50,715.10,33600,51871200
AXISBANK_F1,20220310,10:22,715.10,716.50,715.00,715.65,109200,51882000
AXISBANK_F1,20220310,10:23,715.50,716.80,715.50,715.65,166800,51882000
AXISBANK_F1,20220310,10:24,715.80,716.45,715.60,716.45,27600,51882000
AXISBANK_F1,20220310,10:25,716.40,717.40,716.25,716.95,123600,51906000
AXISBANK_F1,20220310,10:26,717.20,717.90,717.05,717.30,67200,51906000
AXISBANK_F1,20220310,10:27,717.25,717.35,716.80,717.15,50400,51906000
AXISBANK_F1,20220310,10:28,717.25,717.90,717.00,717.90,60000,51926400
AXISBANK_F1,20220310,10:29,717.85,717.90,717.45,717.65,50400,51926400
AXISBANK_F1,20220310,10:30,717.60,719.25,717.30,719.15,178800,51926400
AXISBANK_F1,20220310,10:31,719.20,719.50,718.55,718.85,129600,51968400
AXISBANK_F1,20220310,10:32,718.60,718.80,717.20,717.20,72000,51968400
AXISBANK_F1,20220310,10:33,717.30,717.85,717.00,717.65,110400,51967200
AXISBANK_F1,20220310,10:34,717.60,718.30,717.25,718.30,57600,51967200
AXISBANK_F1,20220310,10:35,718.05,718.15,717.50,717.90,48000,51967200
AXISBANK_F1,20220310,10:36,718.00,718.80,717.90,718.65,42000,51967200
AXISBANK_F1,20220310,10:37,718.55,720.50,718.50,720.50,194400,51981600
AXISBANK_F1,20220310,10:38,720.70,720.70,719.60,719.75,174000,51981600
AXISBANK_F1,20220310,10:39,719.95,720.35,719.15,720.35,51600,51981600
AXISBANK_F1,20220310,10:40,720.35,720.65,719.85,720.10,94800,52028400
AXISBANK_F1,20220310,10:41,720.30,720.30,719.55,720.20,63600,52028400
AXISBANK_F1,20220310,10:42,720.40,720.50,720.10,720.35,48000,52028400
AXISBANK_F1,20220310,10:43,720.50,720.50,718.55,718.60,98400,52046400
AXISBANK_F1,20220310,10:44,718.65,718.70,717.50,717.55,62400,52046400
AXISBANK_F1,20220310,10:45,717.40,717.45,716.15,716.15,124800,52046400
AXISBANK_F1,20220310,10:46,716.25,717.55,716.00,717.20,75600,52130400
AXISBANK_F1,20220310,10:47,717.25,718.30,717.25,718.30,36000,52130400
AXISBANK_F1,20220310,10:48,718.05,718.25,717.20,718.25,51600,52130400
AXISBANK_F1,20220310,10:49,718.25,718.60,718.25,718.25,26400,52164000
AXISBANK_F1,20220310,10:50,717.70,718.55,717.70,718.25,13200,52164000
AXISBANK_F1,20220310,10:51,718.55,718.85,717.15,717.15,55200,52164000
AXISBANK_F1,20220310,10:52,717.45,718.05,717.35,718.05,20400,52150800
AXISBANK_F1,20220310,10:53,718.05,718.15,717.60,717.65,32400,52150800
AXISBANK_F1,20220310,10:54,717.65,717.75,717.00,717.65,96000,52150800
AXISBANK_F1,20220310,10:55,717.45,717.70,717.20,717.20,8400,52131600
AXISBANK_F1,20220310,10:56,717.20,717.25,717.15,717.15,12000,52131600
AXISBANK_F1,20220310,10:57,717.15,717.15,716.40,716.75,24000,52131600
AXISBANK_F1,20220310,10:58,716.25,716.75,716.05,716.45,26400,52131600
AXISBANK_F1,20220310,10:59,716.55,716.60,716.50,716.60,12000,52131600
AXISBANK_F1,20220310,11:00,716.60,716.80,716.60,716.80,2400,52131600
AXISBANK_F1,20220310,11:01,716.85,717.45,716.85,717.45,12000,52120800
AXISBANK_F1,20220310,11:02,717.55,717.70,717.55,717.70,10800,52120800
AXISBANK_F1,20220310,11:03,717.80,718.00,717.20,717.20,20400,52120800
AXISBANK_F1,20220310,11:04,717.15,717.15,716.55,716.55,19200,52122000
AXISBANK_F1,20220310,11:05,716.70,716.80,715.85,715.85,43200,52122000
AXISBANK_F1,20220310,11:06,715.95,716.50,715.90,716.50,20400,52122000
AXISBANK_F1,20220310,11:07,716.35,716.75,716.35,716.50,7200,52120800
AXISBANK_F1,20220310,11:08,716.75,717.00,716.75,717.00,14400,52120800
AXISBANK_F1,20220310,11:09,717.15,717.55,717.15,717.40,19200,52120800
AXISBANK_F1,20220310,11:10,717.55,717.55,717.05,717.05,21600,52126800
AXISBANK_F1,20220310,11:11,717.00,717.00,716.70,716.75,8400,52126800
AXISBANK_F1,20220310,11:12,716.60,716.90,716.45,716.45,22800,52126800
AXISBANK_F1,20220310,11:13,716.15,716.50,716.15,716.50,6000,52171200
AXISBANK_F1,20220310,11:14,716.50,716.55,716.00,716.30,56400,52171200
AXISBANK_F1,20220310,11:15,716.20,716.65,716.15,716.15,26400,52171200
AXISBANK_F1,20220310,11:16,716.25,716.25,715.65,715.65,15600,52180800
AXISBANK_F1,20220310,11:17,715.65,715.65,715.00,715.65,44400,52180800
AXISBANK_F1,20220310,11:18,715.70,715.70,715.00,715.00,13200,52180800
AXISBANK_F1,20220310,11:19,715.00,715.40,715.00,715.20,16800,52168800
AXISBANK_F1,20220310,11:20,715.75,715.90,715.65,715.90,20400,52168800
AXISBANK_F1,20220310,11:21,715.95,715.95,715.70,715.70,4800,52168800
AXISBANK_F1,20220310,11:22,716.00,716.15,715.65,716.15,14400,52122000
AXISBANK_F1,20220310,11:23,716.15,716.20,715.70,715.70,14400,52122000
AXISBANK_F1,20220310,11:24,715.75,715.75,715.30,715.55,7200,52122000
AXISBANK_F1,20220310,11:25,715.55,716.05,715.50,715.90,38400,52126800
AXISBANK_F1,20220310,11:26,715.65,715.70,715.45,715.45,6000,52126800
AXISBANK_F1,20220310,11:27,715.30,715.30,715.20,715.30,6000,52126800
AXISBANK_F1,20220310,11:28,715.10,715.10,714.50,714.55,39600,52135200
AXISBANK_F1,20220310,11:29,714.55,715.00,714.50,714.70,13200,52135200
AXISBANK_F1,20220310,11:30,714.65,714.80,714.65,714.80,4800,52135200
AXISBANK_F1,20220310,11:31,714.75,714.75,713.70,713.95,57600,52120800
AXISBANK_F1,20220310,11:32,714.00,714.35,713.00,713.15,78000,52120800
AXISBANK_F1,20220310,11:33,713.10,713.35,712.30,712.40,60000,52120800
AXISBANK_F1,20220310,11:34,712.60,713.25,712.20,713.00,111600,52069200
AXISBANK_F1,20220310,11:35,712.85,713.20,712.40,712.40,54000,52069200
AXISBANK_F1,20220310,11:36,712.75,712.75,711.00,711.15,99600,52069200
AXISBANK_F1,20220310,11:37,711.25,711.90,711.00,711.10,86400,52114800
AXISBANK_F1,20220310,11:38,711.10,711.65,711.00,711.25,57600,52114800
AXISBANK_F1,20220310,11:39,711.20,711.25,710.00,710.00,187200,52114800
AXISBANK_F1,20220310,11:40,710.00,710.45,709.60,709.75,76800,52029600
AXISBANK_F1,20220310,11:41,709.75,710.50,709.65,709.65,74400,52029600
AXISBANK_F1,20220310,11:42,709.50,710.00,709.25,709.90,39600,52029600
AXISBANK_F1,20220310,11:43,709.75,710.25,709.75,710.00,121200,52026000
AXISBANK_F1,20220310,11:44,710.35,711.80,710.35,711.55,54000,52026000
AXISBANK_F1,20220310,11:45,711.90,711.95,711.05,711.60,64800,52026000
AXISBANK_F1,20220310,11:46,711.75,712.45,711.75,712.20,37200,51982800
AXISBANK_F1,20220310,11:47,712.40,712.40,711.65,712.00,25200,51982800
AXISBANK_F1,20220310,11:48,712.00,712.00,711.75,711.90,8400,51982800
AXISBANK_F1,20220310,11:49,711.75,712.00,711.10,711.25,30000,51997200
AXISBANK_F1,20220310,11:50,711.05,711.10,710.30,710.60,27600,51997200
AXISBANK_F1,20220310,11:51,710.85,710.85,709.40,709.55,106800,51997200
AXISBANK_F1,20220310,11:52,710.05,710.65,710.05,710.55,22800,52036800
AXISBANK_F1,20220310,11:53,710.65,710.90,710.25,710.50,36000,52036800
AXISBANK_F1,20220310,11:54,710.35,710.65,710.35,710.60,10800,52036800
AXISBANK_F1,20220310,11:55,710.50,711.00,710.50,710.90,21600,52057200
AXISBANK_F1,20220310,11:56,711.10,711.25,710.90,710.90,13200,52057200
AXISBANK_F1,20220310,11:57,710.75,711.20,710.75,711.20,19200,52057200
AXISBANK_F1,20220310,11:58,711.25,711.60,711.25,711.55,10800,52032000
AXISBANK_F1,20220310,11:59,711.30,711.45,711.00,711.40,19200,52032000
AXISBANK_F1,20220310,12:00,711.40,711.50,710.90,711.10,14400,52032000
AXISBANK_F1,20220310,12:01,710.90,711.25,710.80,711.25,13200,52038000
AXISBANK_F1,20220310,12:02,711.25,711.85,711.25,711.85,34800,52038000
AXISBANK_F1,20220310,12:03,711.85,711.85,711.30,711.30,14400,52038000
AXISBANK_F1,20220310,12:04,711.30,711.35,710.75,710.75,18000,52044000
AXISBANK_F1,20220310,12:05,710.70,710.85,710.25,710.75,14400,52044000
AXISBANK_F1,20220310,12:06,710.55,710.90,710.50,710.50,12000,52044000
AXISBANK_F1,20220310,12:07,710.50,710.50,710.05,710.50,27600,52046400
AXISBANK_F1,20220310,12:08,710.05,711.00,709.80,711.00,82800,52046400
AXISBANK_F1,20220310,12:09,711.30,711.55,710.15,710.40,66000,52046400
AXISBANK_F1,20220310,12:10,710.40,710.40,709.25,709.35,30000,52093200
AXISBANK_F1,20220310,12:11,709.50,709.85,709.50,709.85,4800,52093200
AXISBANK_F1,20220310,12:12,709.95,710.05,708.35,708.35,96000,52093200
AXISBANK_F1,20220310,12:13,708.60,708.80,708.30,708.35,72000,52075200
AXISBANK_F1,20220310,12:14,708.45,708.65,708.15,708.15,39600,52075200
AXISBANK_F1,20220310,12:15,708.20,708.45,707.15,707.35,79200,52075200
AXISBANK_F1,20220310,12:16,707.35,707.65,706.75,707.30,42000,52110000
AXISBANK_F1,20220310,12:17,707.25,707.30,706.35,706.50,64800,52110000
AXISBANK_F1,20220310,12:18,706.45,707.20,706.40,707.20,49200,52110000
AXISBANK_F1,20220310,12:19,707.00,707.40,706.05,706.10,104400,52131600
AXISBANK_F1,20220310,12:20,706.05,706.90,705.25,706.90,138000,52131600
AXISBANK_F1,20220310,12:21,707.00,708.00,707.00,707.50,67200,52131600
AXISBANK_F1,20220310,12:22,707.45,707.75,707.45,707.60,63600,52176000
AXISBANK_F1,20220310,12:23,707.70,707.75,706.95,707.45,42000,52176000
AXISBANK_F1,20220310,12:24,707.30,707.55,706.85,707.50,36000,52176000
AXISBANK_F1,20220310,12:25,707.25,707.60,707.20,707.60,15600,52172400
AXISBANK_F1,20220310,12:26,707.45,709.10,707.30,708.80,135600,52172400
AXISBANK_F1,20220310,12:27,708.70,709.80,708.30,709.40,186000,52172400
AXISBANK_F1,20220310,12:28,709.35,709.35,708.70,708.80,40800,52098000
AXISBANK_F1,20220310,12:29,708.60,708.85,707.80,707.80,33600,52098000
AXISBANK_F1,20220310,12:30,707.80,708.50,707.80,708.50,13200,52098000
AXISBANK_F1,20220310,12:31,708.50,708.50,707.30,707.45,28800,52093200
AXISBANK_F1,20220310,12:32,707.25,707.90,707.25,707.70,13200,52093200
AXISBANK_F1,20220310,12:33,707.35,707.55,707.05,707.30,24000,52093200
AXISBANK_F1,20220310,12:34,706.85,706.90,706.15,706.60,52800,52083600
AXISBANK_F1,20220310,12:35,706.60,706.60,706.15,706.20,28800,52083600
AXISBANK_F1,20220310,12:36,706.15,706.85,705.85,706.65,30000,52083600
AXISBANK_F1,20220310,12:37,706.60,706.60,705.95,705.95,19200,52120800
AXISBANK_F1,20220310,12:38,705.75,705.75,704.00,704.40,121200,52120800
AXISBANK_F1,20220310,12:39,704.40,704.95,704.25,704.90,49200,52120800
AXISBANK_F1,20220310,12:40,704.60,705.00,704.05,704.70,62400,52132800
AXISBANK_F1,20220310,12:41,704.65,705.35,704.45,705.35,32400,52132800
AXISBANK_F1,20220310,12:42,705.25,705.35,704.65,704.70,30000,52132800
AXISBANK_F1,20220310,12:43,704.80,704.80,703.40,703.75,81600,52243200
AXISBANK_F1,20220310,12:44,703.75,704.30,703.65,704.05,34800,52243200
AXISBANK_F1,20220310,12:45,704.20,704.95,704.20,704.40,20400,52243200
AXISBANK_F1,20220310,12:46,704.20,704.60,703.35,704.60,78000,52240800
AXISBANK_F1,20220310,12:47,704.75,704.95,703.75,704.40,37200,52240800
AXISBANK_F1,20220310,12:48,704.40,704.40,703.60,703.95,46800,52240800
AXISBANK_F1,20220310,12:49,703.95,704.00,703.35,703.35,32400,52244400
AXISBANK_F1,20220310,12:50,703.55,703.55,702.10,702.75,92400,52244400
AXISBANK_F1,20220310,12:51,702.85,703.50,702.85,703.40,31200,52244400
AXISBANK_F1,20220310,12:52,703.30,703.80,702.90,703.50,43200,52256400
AXISBANK_F1,20220310,12:53,703.40,703.50,703.20,703.35,16800,52256400
AXISBANK_F1,20220310,12:54,703.55,703.65,702.65,703.00,32400,52256400
AXISBANK_F1,20220310,12:55,703.00,703.35,702.45,702.95,38400,52292400
AXISBANK_F1,20220310,12:56,702.65,703.80,702.30,703.75,48000,52292400
AXISBANK_F1,20220310,12:57,704.00,705.00,703.65,705.00,42000,52292400
AXISBANK_F1,20220310,12:58,705.00,705.50,704.50,705.00,62400,52291200
AXISBANK_F1,20220310,12:59,704.90,705.00,704.50,704.55,31200,52291200
AXISBANK_F1,20220310,13:00,704.20,704.45,704.15,704.20,9600,52291200
AXISBANK_F1,20220310,13:01,704.65,704.65,703.95,704.35,26400,52296000
AXISBANK_F1,20220310,13:02,704.15,704.30,703.80,704.15,22800,52296000
AXISBANK_F1,20220310,13:03,704.00,704.00,703.20,703.35,22800,52296000
AXISBANK_F1,20220310,13:04,703.40,703.55,703.20,703.20,7200,52297200
AXISBANK_F1,20220310,13:05,703.35,703.45,702.95,703.40,37200,52297200
AXISBANK_F1,20220310,13:06,703.40,703.95,703.05,703.95,22800,52297200
AXISBANK_F1,20220310,13:07,703.95,704.80,703.85,704.60,50400,52345200
AXISBANK_F1,20220310,13:08,704.20,704.40,702.70,703.10,32400,52345200
AXISBANK_F1,20220310,13:09,703.15,703.15,702.30,702.80,34800,52345200
AXISBANK_F1,20220310,13:10,702.45,702.80,701.20,701.40,81600,52358400
AXISBANK_F1,20220310,13:11,701.45,701.65,699.75,700.30,178800,52358400
AXISBANK_F1,20220310,13:12,700.55,701.60,700.45,701.20,99600,52358400
AXISBANK_F1,20220310,13:13,701.45,702.85,701.45,702.40,51600,52306800
AXISBANK_F1,20220310,13:14,702.00,702.85,702.00,702.15,15600,52306800
AXISBANK_F1,20220310,13:15,702.40,702.75,702.40,702.50,20400,52306800
AXISBANK_F1,20220310,13:16,703.00,703.75,703.00,703.55,20400,52285200
AXISBANK_F1,20220310,13:17,703.95,704.60,703.80,704.15,31200,52285200
AXISBANK_F1,20220310,13:18,704.15,704.75,704.15,704.50,30000,52285200
AXISBANK_F1,20220310,13:19,704.50,704.50,704.20,704.30,6000,52285200
AXISBANK_F1,20220310,13:20,704.20,704.40,704.00,704.40,16800,52257600
AXISBANK_F1,20220310,13:21,704.45,704.50,703.20,703.60,40800,52257600
AXISBANK_F1,20220310,13:22,703.65,704.00,703.35,704.00,8400,52269600
AXISBANK_F1,20220310,13:23,703.90,704.15,703.90,704.15,2400,52269600
AXISBANK_F1,20220310,13:24,705.00,705.40,704.80,705.20,88800,52269600
AXISBANK_F1,20220310,13:25,704.85,705.15,704.55,704.55,26400,52315200
AXISBANK_F1,20220310,13:26,704.70,705.00,704.65,704.95,14400,52315200
AXISBANK_F1,20220310,13:27,704.65,704.65,704.20,704.20,14400,52315200
AXISBANK_F1,20220310,13:28,704.65,705.00,704.25,704.25,82800,52374000
AXISBANK_F1,20220310,13:29,704.05,704.60,704.05,704.40,40800,52374000
AXISBANK_F1,20220310,13:30,704.60,704.85,704.20,704.20,19200,52374000
AXISBANK_F1,20220310,13:31,704.10,704.10,703.55,703.55,12000,52412400
AXISBANK_F1,20220310,13:32,703.80,704.55,702.90,703.00,27600,52412400
AXISBANK_F1,20220310,13:33,702.45,702.60,701.95,702.55,20400,52412400
AXISBANK_F1,20220310,13:34,702.55,703.50,702.30,703.35,14400,52356000
AXISBANK_F1,20220310,13:35,703.20,703.55,703.10,703.40,14400,52356000
AXISBANK_F1,20220310,13:36,703.35,703.50,703.00,703.20,16800,52356000
AXISBANK_F1,20220310,13:37,703.05,703.25,702.50,702.80,27600,52356000
AXISBANK_F1,20220310,13:38,702.80,703.25,702.80,703.25,8400,52377600
AXISBANK_F1,20220310,13:39,703.35,703.35,702.50,702.55,22800,52377600
AXISBANK_F1,20220310,13:40,702.55,703.25,702.55,702.90,20400,52377600
AXISBANK_F1,20220310,13:41,703.05,703.05,700.20,700.55,55200,52436400
AXISBANK_F1,20220310,13:42,700.60,700.60,699.00,699.00,123600,52436400
AXISBANK_F1,20220310,13:43,699.10,699.85,698.25,698.90,97200,52440000
AXISBANK_F1,20220310,13:44,699.05,699.05,696.55,697.70,262800,52440000
AXISBANK_F1,20220310,13:45,697.50,698.80,697.35,697.65,78000,52440000
AXISBANK_F1,20220310,13:46,698.20,698.20,696.05,697.00,81600,52512000
AXISBANK_F1,20220310,13:47,696.60,697.65,696.25,697.00,117600,52512000
AXISBANK_F1,20220310,13:48,697.00,697.40,695.25,696.95,253200,52512000
AXISBANK_F1,20220310,13:49,697.00,697.00,695.25,695.80,74400,52510800
AXISBANK_F1,20220310,13:50,695.65,696.60,693.45,694.15,164400,52510800
AXISBANK_F1,20220310,13:51,694.15,695.45,693.20,693.20,234000,52510800
AXISBANK_F1,20220310,13:52,693.60,693.65,691.30,691.40,224400,52510800
AXISBANK_F1,20220310,13:53,691.25,692.25,690.35,692.00,188400,52510800
AXISBANK_F1,20220310,13:54,692.30,694.05,691.50,693.75,123600,52510800
AXISBANK_F1,20220310,13:55,693.45,693.55,692.20,692.40,80400,52546800
AXISBANK_F1,20220310,13:56,692.30,693.15,691.75,692.00,63600,52546800
AXISBANK_F1,20220310,13:57,692.00,693.25,692.00,692.90,50400,52546800
AXISBANK_F1,20220310,13:58,692.85,693.55,692.65,693.55,54000,52551600
AXISBANK_F1,20220310,13:59,693.55,694.15,693.30,693.65,81600,52551600
AXISBANK_F1,20220310,14:00,693.55,693.95,692.45,693.70,51600,52551600
AXISBANK_F1,20220310,14:01,693.75,693.85,692.10,692.10,86400,52568400
AXISBANK_F1,20220310,14:02,692.00,694.00,692.00,693.95,51600,52568400
AXISBANK_F1,20220310,14:03,694.00,694.00,691.85,691.90,66000,52568400
AXISBANK_F1,20220310,14:04,692.05,692.05,690.85,690.95,73200,52628400
AXISBANK_F1,20220310,14:05,690.95,691.60,690.65,691.05,86400,52628400
AXISBANK_F1,20220310,14:06,690.50,691.85,689.45,691.35,98400,52628400
AXISBANK_F1,20220310,14:07,690.95,693.05,690.95,692.50,78000,52693200
AXISBANK_F1,20220310,14:08,692.50,693.45,692.30,693.30,34800,52693200
AXISBANK_F1,20220310,14:09,693.20,694.65,693.20,694.15,73200,52693200
AXISBANK_F1,20220310,14:10,694.35,694.35,693.15,693.60,31200,52730400
AXISBANK_F1,20220310,14:11,693.55,694.00,692.45,693.00,63600,52730400
AXISBANK_F1,20220310,14:12,693.00,693.85,692.70,693.50,33600,52730400
AXISBANK_F1,20220310,14:13,693.50,694.00,692.50,693.55,100800,52761600
AXISBANK_F1,20220310,14:14,693.65,694.95,693.65,694.25,127200,52761600
AXISBANK_F1,20220310,14:15,694.40,695.95,694.15,695.70,81600,52761600
AXISBANK_F1,20220310,14:16,695.85,695.85,693.50,693.55,81600,52777200
AXISBANK_F1,20220310,14:17,693.15,695.20,692.75,695.20,69600,52777200
AXISBANK_F1,20220310,14:18,695.00,695.20,694.65,695.20,22800,52777200
AXISBANK_F1,20220310,14:19,695.20,696.30,694.80,695.20,63600,52828800
AXISBANK_F1,20220310,14:20,695.40,695.40,693.75,693.75,33600,52828800
AXISBANK_F1,20220310,14:21,693.80,693.80,692.20,692.30,25200,52828800
AXISBANK_F1,20220310,14:22,692.10,692.45,691.20,691.75,55200,52828800
AXISBANK_F1,20220310,14:23,691.90,693.50,691.90,692.95,45600,52876800
AXISBANK_F1,20220310,14:24,693.10,693.30,691.95,692.45,96000,52876800
AXISBANK_F1,20220310,14:25,692.90,692.95,692.55,692.55,7200,52876800
AXISBANK_F1,20220310,14:26,692.80,692.80,692.25,692.60,32400,52927200
AXISBANK_F1,20220310,14:27,691.40,691.40,689.05,690.35,169200,52927200
AXISBANK_F1,20220310,14:28,690.35,690.75,689.70,690.30,140400,52794000
AXISBANK_F1,20220310,14:29,689.55,690.40,689.45,690.05,67200,52794000
AXISBANK_F1,20220310,14:30,690.00,690.35,689.50,689.80,51600,52794000
AXISBANK_F1,20220310,14:31,689.85,692.90,689.80,692.40,128400,52748400
AXISBANK_F1,20220310,14:32,692.55,694.35,692.55,693.55,142800,52748400
AXISBANK_F1,20220310,14:33,693.70,695.05,693.50,694.95,163200,52748400
AXISBANK_F1,20220310,14:34,695.00,695.00,694.25,694.50,37200,52687200
AXISBANK_F1,20220310,14:35,694.90,696.05,694.35,695.90,58800,52687200
AXISBANK_F1,20220310,14:36,696.00,696.05,695.50,695.90,60000,52687200
AXISBANK_F1,20220310,14:37,695.90,697.65,695.80,697.45,78000,52687200
AXISBANK_F1,20220310,14:38,697.50,699.00,697.05,698.70,115200,52710000
AXISBANK_F1,20220310,14:39,698.70,699.60,698.00,698.00,75600,52710000
AXISBANK_F1,20220310,14:40,698.40,698.70,698.05,698.25,38400,52710000
AXISBANK_F1,20220310,14:41,698.60,698.90,697.20,697.50,67200,52768800
AXISBANK_F1,20220310,14:42,697.30,697.65,695.50,695.50,55200,52768800
AXISBANK_F1,20220310,14:43,695.40,695.95,694.05,695.20,92400,52768800
AXISBANK_F1,20220310,14:44,694.75,696.05,694.75,695.75,31200,52734000
AXISBANK_F1,20220310,14:45,695.00,695.60,695.00,695.05,28800,52734000
AXISBANK_F1,20220310,14:46,694.95,695.50,693.55,693.70,61200,52734000
AXISBANK_F1,20220310,14:47,694.20,694.20,691.55,692.35,76800,52723200
AXISBANK_F1,20220310,14:48,692.50,693.20,692.10,692.80,52800,52723200
AXISBANK_F1,20220310,14:49,693.00,693.45,691.80,691.80,45600,52723200
AXISBANK_F1,20220310,14:50,691.85,692.05,691.50,692.05,37200,52694400
AXISBANK_F1,20220310,14:51,691.60,692.00,691.30,691.35,39600,52694400
AXISBANK_F1,20220310,14:52,691.10,691.65,690.30,691.45,43200,52694400
AXISBANK_F1,20220310,14:53,692.00,692.70,691.65,692.65,25200,52713600
AXISBANK_F1,20220310,14:54,692.60,694.20,692.30,693.85,39600,52713600
AXISBANK_F1,20220310,14:55,694.05,694.75,693.70,693.90,49200,52713600
AXISBANK_F1,20220310,14:56,694.00,694.00,692.75,692.75,32400,52774800
AXISBANK_F1,20220310,14:57,693.05,694.40,693.05,693.90,34800,52774800
AXISBANK_F1,20220310,14:58,693.90,694.45,693.80,694.00,12000,52774800
AXISBANK_F1,20220310,14:59,694.15,694.45,694.00,694.10,42000,52786800
AXISBANK_F1,20220310,15:00,693.90,693.95,691.30,691.90,30000,52786800
AXISBANK_F1,20220310,15:01,691.70,693.60,689.80,693.60,164400,52786800
AXISBANK_F1,20220310,15:02,693.55,695.90,693.55,694.65,61200,52855200
AXISBANK_F1,20220310,15:03,694.60,694.60,693.45,693.60,45600,52855200
AXISBANK_F1,20220310,15:04,693.50,693.75,692.20,693.55,50400,52855200
AXISBANK_F1,20220310,15:05,692.90,694.00,692.70,693.05,96000,52826400
AXISBANK_F1,20220310,15:06,692.85,694.25,692.15,693.95,70800,52826400
AXISBANK_F1,20220310,15:07,693.80,694.80,693.70,694.80,38400,52826400
AXISBANK_F1,20220310,15:08,695.00,696.65,695.00,695.75,118800,52838400
AXISBANK_F1,20220310,15:09,695.50,695.80,694.95,695.80,34800,52838400
AXISBANK_F1,20220310,15:10,695.85,697.00,695.50,696.95,50400,52838400
AXISBANK_F1,20220310,15:11,697.05,697.70,695.80,695.80,51600,52778400
AXISBANK_F1,20220310,15:12,695.85,696.80,695.85,696.70,57600,52778400
AXISBANK_F1,20220310,15:13,696.55,697.75,696.50,697.75,46800,52778400
AXISBANK_F1,20220310,15:14,697.95,698.50,697.80,698.05,91200,52795200
AXISBANK_F1,20220310,15:15,698.15,698.20,697.00,697.00,42000,52795200
AXISBANK_F1,20220310,15:16,697.30,697.50,696.60,696.75,44400,52795200
AXISBANK_F1,20220310,15:17,696.40,696.75,695.20,695.85,69600,52800000
AXISBANK_F1,20220310,15:18,695.75,697.60,695.75,697.60,28800,52800000
AXISBANK_F1,20220310,15:19,697.50,697.75,697.00,697.15,39600,52800000
AXISBANK_F1,20220310,15:20,697.30,697.30,696.45,696.75,22800,52806000
AXISBANK_F1,20220310,15:21,696.65,696.90,696.35,696.60,66000,52806000
AXISBANK_F1,20220310,15:22,696.80,697.35,696.50,697.35,40800,52806000
AXISBANK_F1,20220310,15:23,697.25,697.85,697.25,697.85,50400,52827600
AXISBANK_F1,20220310,15:24,697.70,697.80,697.50,697.65,85200,52827600
AXISBANK_F1,20220310,15:25,697.60,697.80,697.25,697.55,64800,52827600
AXISBANK_F1,20220310,15:26,697.40,697.50,696.05,696.05,112800,52868400
AXISBANK_F1,20220310,15:27,696.15,696.15,695.75,696.05,73200,52868400
AXISBANK_F1,20220310,15:28,696.10,696.10,694.50,694.55,129600,52868400
AXISBANK_F1,20220310,15:29,694.40,695.00,694.20,694.60,92400,52850400
AXISBANK_F1,20220310,15:30,695.00,695.40,694.50,695.00,117600,52850400
AXISBANK_F1,20220310,20:37,695.60,695.60,695.60,695.60,1,48510000
