HDFCBANK,20180601,09:08,2116,2116,2116,2116,25264
HDFCBANK,20180601,09:16,2114,2115.9,2101.1,2105,138496
HDFCBANK,20180601,09:17,2106.5,2124.8,2105,2119.7,168917
HDFCBANK,20180601,09:18,2120.15,2120.15,2115,2116,71503
HDFCBANK,20180601,09:19,2116,2117.55,2107.25,2107.9,90297
HDFCBANK,20180601,09:20,2107.9,2113.2,2107,2113.2,70663
HDFCBANK,20180601,09:21,2113.65,2119.9,2112,2119.15,53007
HDFCBANK,20180601,09:22,2121,2129.95,2121,2129.8,55856
HDFCBANK,20180601,09:23,2130.65,2134.5,2120.65,2121.8,58538
HDFCBANK,20180601,09:24,2122.6,2129.8,2122.6,2123.45,47835
HDFCBANK,20180601,09:25,2123,2123.95,2118.6,2119.05,23884
HDFCBANK,20180601,09:26,2119.8,2119.8,2116,2117,20530
HDFCBANK,20180601,09:27,2116.55,2119,2116.55,2116.95,18608
HDFCBANK,20180601,09:28,2117,2117.45,2115.15,2116,22057
HDFCBANK,20180601,09:29,2116.25,2116.45,2112,2113.45,17093
HDFCBANK,20180601,09:30,2113.6,2113.6,2108.9,2109,29817
HDFCBANK,20180601,09:31,2108.9,2109.7,2105.05,2107.55,28827
HDFCBANK,20180601,09:32,2107.25,2108.7,2104,2104,33849
HDFCBANK,20180601,09:33,2104.9,2105.85,2101,2104.25,30895
HDFCBANK,20180601,09:34,2103,2109.55,2103,2108.3,32994
HDFCBANK,20180601,09:35,2108.4,2115,2108.4,2113,25391
HDFCBANK,20180601,09:36,2112.9,2114.75,2110,2114,22633
HDFCBANK,20180601,09:37,2113.55,2118.4,2113.55,2118.4,21473
HDFCBANK,20180601,09:38,2118.7,2118.7,2112,2113.9,23473
HDFCBANK,20180601,09:39,2113.8,2114.55,2110.85,2110.85,18366
HDFCBANK,20180601,09:40,2109.95,2114.75,2108.75,2113,14292
HDFCBANK,20180601,09:41,2113.85,2115.7,2113.85,2115.6,8224
HDFCBANK,20180601,09:42,2116,2116.8,2115.05,2116,13477
HDFCBANK,20180601,09:43,2116,2117,2115,2116.5,8651
HDFCBANK,20180601,09:44,2116.9,2118.5,2116.35,2117.55,18180
HDFCBANK,20180601,09:45,2117.85,2119.5,2115.1,2119,38553
HDFCBANK,20180601,09:46,2118.85,2122,2118.8,2122,31013
HDFCBANK,20180601,09:47,2122,2127.3,2121.3,2123.15,34288
HDFCBANK,20180601,09:48,2122.55,2124.5,2121.25,2121.65,14925
HDFCBANK,20180601,09:49,2122,2122.5,2119.4,2120.8,18351
HDFCBANK,20180601,09:50,2120.75,2122.15,2120,2122.15,13021
HDFCBANK,20180601,09:51,2122,2125.7,2121.35,2125.7,34153
HDFCBANK,20180601,09:52,2125.65,2125.7,2124.3,2125.35,32377
HDFCBANK,20180601,09:53,2125.05,2125.3,2122.05,2122.2,26116
HDFCBANK,20180601,09:54,2122.2,2124,2122,2122.35,25834
HDFCBANK,20180601,09:55,2122.3,2124.4,2122,2123.2,14988
HDFCBANK,20180601,09:56,2124,2125.9,2123.55,2125.1,13406
HDFCBANK,20180601,09:57,2125.1,2125.9,2124.05,2124.05,7146
HDFCBANK,20180601,09:58,2124.2,2124.9,2120.6,2122,10149
HDFCBANK,20180601,09:59,2122.05,2123.8,2122,2123,7507
HDFCBANK,20180601,10:00,2122.3,2126,2121,2125.2,30377
HDFCBANK,20180601,10:01,2125.6,2127.75,2125.15,2125.7,21328
HDFCBANK,20180601,10:02,2126,2126.8,2125.05,2126.4,9662
HDFCBANK,20180601,10:03,2126.8,2126.9,2125.4,2125.65,4975
HDFCBANK,20180601,10:04,2125.25,2127,2125.1,2127,7213
HDFCBANK,20180601,10:05,2126.55,2131.35,2126.55,2128.5,55439
HDFCBANK,20180601,10:06,2129.4,2129.4,2126.8,2129,16886
HDFCBANK,20180601,10:07,2128,2132,2128,2131.5,18299
HDFCBANK,20180601,10:08,2131.8,2137.7,2131.5,2134.4,76925
HDFCBANK,20180601,10:09,2135.8,2138,2134,2135.15,55264
HDFCBANK,20180601,10:10,2135.3,2136.6,2135.1,2135.55,23000
HDFCBANK,20180601,10:11,2135.55,2135.95,2128.4,2129,78623
HDFCBANK,20180601,10:12,2128.9,2129.4,2126.25,2128,26726
HDFCBANK,20180601,10:13,2128.9,2129.15,2126.55,2128.3,9226
HDFCBANK,20180601,10:14,2127.65,2129.85,2127,2129.8,10001
HDFCBANK,20180601,10:15,2128.9,2133,2128.9,2132.75,14583
HDFCBANK,20180601,10:16,2132.7,2132.7,2130,2130,8863
HDFCBANK,20180601,10:17,2130,2130.95,2126,2127,11918
HDFCBANK,20180601,10:18,2127,2128.7,2127,2128.7,5511
HDFCBANK,20180601,10:19,2127.55,2128.65,2126.55,2127.5,5862
HDFCBANK,20180601,10:20,2127.5,2128.3,2126.85,2127.1,3158
HDFCBANK,20180601,10:21,2127.1,2127.6,2124.05,2124.05,12201
HDFCBANK,20180601,10:22,2124,2126.6,2122.5,2124.95,16006
HDFCBANK,20180601,10:23,2124.95,2130,2123.7,2129,15515
HDFCBANK,20180601,10:24,2128.95,2129.5,2127.15,2128.15,7101
HDFCBANK,20180601,10:25,2128.05,2128.7,2126.05,2126.05,8466
HDFCBANK,20180601,10:26,2127.1,2129,2127,2128.65,7840
HDFCBANK,20180601,10:27,2128.7,2129.85,2128,2129.55,9820
HDFCBANK,20180601,10:28,2129.95,2129.95,2127.8,2127.8,10471
HDFCBANK,20180601,10:29,2127.85,2128.25,2126,2127,8978
HDFCBANK,20180601,10:30,2126.65,2127.5,2126.35,2126.8,12096
HDFCBANK,20180601,10:31,2126.8,2127,2126.15,2126.35,17933
HDFCBANK,20180601,10:32,2126.35,2126.35,2125,2126.2,12310
HDFCBANK,20180601,10:33,2126.2,2127,2122.45,2122.45,9891
HDFCBANK,20180601,10:34,2122.25,2124.75,2122,2123.75,10936
HDFCBANK,20180601,10:35,2123.75,2126.25,2123.7,2126.25,8869
HDFCBANK,20180601,10:36,2125.3,2126.65,2123.25,2123.25,6064
HDFCBANK,20180601,10:37,2123,2124.9,2122.45,2124.05,9993
HDFCBANK,20180601,10:38,2124,2125.4,2124,2125.35,3813
HDFCBANK,20180601,10:39,2125.35,2127.35,2125,2127.1,4380
HDFCBANK,20180601,10:40,2127.1,2127.95,2126.3,2126.85,8337
HDFCBANK,20180601,10:41,2126.8,2126.8,2125.05,2125.95,2524
HDFCBANK,20180601,10:42,2125.35,2126,2124.2,2124.95,4038
HDFCBANK,20180601,10:43,2124.35,2126,2124.1,2125,4286
HDFCBANK,20180601,10:44,2125,2125.95,2125,2125.7,1326
HDFCBANK,20180601,10:45,2125.7,2125.95,2124.6,2125.5,1554
HDFCBANK,20180601,10:46,2125,2125.5,2124,2124,3827
HDFCBANK,20180601,10:47,2124,2125.95,2124,2125.5,6077
HDFCBANK,20180601,10:48,2124.95,2126.75,2124.95,2126.45,5932
HDFCBANK,20180601,10:49,2126.45,2129.15,2126.3,2128.5,11782
HDFCBANK,20180601,10:50,2128.5,2129.15,2127.4,2127.85,5044
HDFCBANK,20180601,10:51,2127,2127,2125,2125.7,8508
HDFCBANK,20180601,10:52,2125.45,2127.2,2125.45,2126.3,2997
HDFCBANK,20180601,10:53,2126,2126,2125.45,2125.55,2545
HDFCBANK,20180601,10:54,2126.75,2127.05,2125.5,2126.8,928
HDFCBANK,20180601,10:55,2127.3,2127.3,2124.55,2124.9,21684
HDFCBANK,20180601,10:56,2124.65,2125,2124,2125,4387
HDFCBANK,20180601,10:57,2124.35,2124.8,2124,2124.45,3958
HDFCBANK,20180601,10:58,2124.3,2125.5,2124,2124,3454
HDFCBANK,20180601,10:59,2124,2125,2124,2124,4053
HDFCBANK,20180601,11:00,2124,2124.4,2124,2124.15,2072
HDFCBANK,20180601,11:01,2124.15,2125.5,2124,2125.5,8009
HDFCBANK,20180601,11:02,2125.95,2126.95,2124.8,2126.65,2697
HDFCBANK,20180601,11:03,2126.65,2126.95,2125.45,2126.25,839
HDFCBANK,20180601,11:04,2126.4,2126.75,2126.1,2126.7,2472
HDFCBANK,20180601,11:05,2126.5,2127,2126.5,2127,4803
HDFCBANK,20180601,11:06,2126.5,2127.65,2126.1,2126.35,6284
HDFCBANK,20180601,11:07,2126.5,2127.85,2126.3,2127.05,5030
HDFCBANK,20180601,11:08,2127.8,2127.8,2126,2126.6,3006
HDFCBANK,20180601,11:09,2126.9,2127.45,2126.45,2127,2690
HDFCBANK,20180601,11:10,2127,2127.1,2125.9,2125.9,3341
HDFCBANK,20180601,11:11,2125.55,2126.75,2125.4,2126.05,898
HDFCBANK,20180601,11:12,2126.1,2126.45,2124.5,2124.5,3618
HDFCBANK,20180601,11:13,2125.1,2125.55,2123,2123.95,6175
HDFCBANK,20180601,11:14,2123.05,2124,2122.5,2122.6,4003
HDFCBANK,20180601,11:15,2123,2123,2121.1,2121.3,10694
HDFCBANK,20180601,11:16,2122.3,2122.3,2121,2121.95,14183
HDFCBANK,20180601,11:17,2121.2,2122.5,2121,2122.05,15979
HDFCBANK,20180601,11:18,2122.25,2123.05,2122,2123,14582
HDFCBANK,20180601,11:19,2124,2125,2123,2124,13299
HDFCBANK,20180601,11:20,2124.4,2124.45,2123.05,2123.05,5598
HDFCBANK,20180601,11:21,2123.05,2125,2122.05,2124,22243
HDFCBANK,20180601,11:22,2124,2125,2124,2124.05,3205
HDFCBANK,20180601,11:23,2124.05,2124.95,2124,2124,11004
HDFCBANK,20180601,11:24,2124,2124.75,2123,2123.1,3904
HDFCBANK,20180601,11:25,2123.1,2124.9,2123,2124,5561
HDFCBANK,20180601,11:26,2124.45,2124.9,2123.35,2124,3502
HDFCBANK,20180601,11:27,2124,2124.5,2123.55,2123.55,2398
HDFCBANK,20180601,11:28,2123.3,2123.35,2121.25,2121.7,5757
HDFCBANK,20180601,11:29,2121.45,2122.75,2121.45,2122,1693
HDFCBANK,20180601,11:30,2122,2122.9,2121.55,2121.55,3314
HDFCBANK,20180601,11:31,2121.6,2121.75,2121.15,2121.15,2954
HDFCBANK,20180601,11:32,2121.15,2121.75,2121.05,2121.1,4109
HDFCBANK,20180601,11:33,2121.15,2122.2,2121.15,2121.65,3600
HDFCBANK,20180601,11:34,2122,2122,2121.6,2121.6,1319
HDFCBANK,20180601,11:35,2122,2122,2121.55,2121.55,760
HDFCBANK,20180601,11:36,2121.55,2121.95,2120,2120,19161
HDFCBANK,20180601,11:37,2120,2120.85,2120,2120.15,20476
HDFCBANK,20180601,11:38,2120,2120.2,2119.25,2119.3,51291
HDFCBANK,20180601,11:39,2119.95,2120,2116.55,2117.2,11856
HDFCBANK,20180601,11:40,2117,2118.05,2115.55,2117.55,22865
HDFCBANK,20180601,11:41,2118,2119.95,2117.25,2119.4,8040
HDFCBANK,20180601,11:42,2119.7,2120,2119,2119,3774
HDFCBANK,20180601,11:43,2119.8,2119.8,2116.1,2116.25,1975
HDFCBANK,20180601,11:44,2116.95,2118,2116.1,2116.55,6874
HDFCBANK,20180601,11:45,2116.6,2117.65,2116,2116,3759
HDFCBANK,20180601,11:46,2116,2118,2115.05,2118,5894
HDFCBANK,20180601,11:47,2117.85,2118.95,2117.85,2118.5,4396
HDFCBANK,20180601,11:48,2118.6,2120,2118.5,2118.55,6467
HDFCBANK,20180601,11:49,2118.55,2118.75,2116.55,2116.55,4310
HDFCBANK,20180601,11:50,2117,2118.55,2115.5,2118.55,7995
HDFCBANK,20180601,11:51,2118.6,2119.5,2118,2119.45,2333
HDFCBANK,20180601,11:52,2119,2119.9,2119,2119.1,2697
HDFCBANK,20180601,11:53,2119.9,2120,2119.1,2119.3,6146
HDFCBANK,20180601,11:54,2119.4,2120,2119,2119,2250
HDFCBANK,20180601,11:55,2119,2119.2,2118,2118.9,2795
HDFCBANK,20180601,11:56,2118.85,2119.3,2117,2117.05,5082
HDFCBANK,20180601,11:57,2117,2118,2116.65,2117.35,4006
HDFCBANK,20180601,11:58,2117.35,2118,2116.7,2117.15,2139
HDFCBANK,20180601,11:59,2117.1,2118.3,2116.5,2118.3,5509
HDFCBANK,20180601,12:00,2118.65,2118.95,2117.9,2118.55,8035
HDFCBANK,20180601,12:01,2118.6,2118.75,2118,2118,1115
HDFCBANK,20180601,12:02,2118.45,2118.5,2117,2117.3,1137
HDFCBANK,20180601,12:03,2117.3,2119.95,2116.5,2118.1,3655
HDFCBANK,20180601,12:04,2118.1,2119.65,2118,2118.6,5626
HDFCBANK,20180601,12:05,2118.6,2118.6,2117,2117,832
HDFCBANK,20180601,12:06,2117,2117.95,2116.95,2117,5144
HDFCBANK,20180601,12:07,2117,2117.95,2116.75,2117.25,806
HDFCBANK,20180601,12:08,2117.25,2117.9,2116.75,2116.8,1994
HDFCBANK,20180601,12:09,2117.5,2117.95,2116,2116.15,3395
HDFCBANK,20180601,12:10,2116.15,2116.9,2116,2116.3,1546
HDFCBANK,20180601,12:11,2116.3,2118,2116.1,2116.5,3793
HDFCBANK,20180601,12:12,2117.9,2117.9,2116.5,2117.55,1350
HDFCBANK,20180601,12:13,2118,2119,2117.3,2117.75,8344
HDFCBANK,20180601,12:14,2117.7,2119,2117.6,2117.7,1502
HDFCBANK,20180601,12:15,2118,2118.95,2117,2117.1,2000
HDFCBANK,20180601,12:16,2117.1,2117.9,2115.1,2115.35,11520
HDFCBANK,20180601,12:17,2115.3,2116.8,2112.5,2113.1,20000
HDFCBANK,20180601,12:18,2113.1,2114.95,2113,2114,5687
HDFCBANK,20180601,12:19,2114,2114.8,2112.4,2112.4,5612
HDFCBANK,20180601,12:20,2112.2,2113.8,2112.05,2112.1,5620
HDFCBANK,20180601,12:21,2113,2113,2112,2112.25,7432
HDFCBANK,20180601,12:22,2112,2113,2111,2111.65,21259
HDFCBANK,20180601,12:23,2111.6,2113,2111.5,2111.5,3971
HDFCBANK,20180601,12:24,2111.5,2112.25,2111.25,2112.25,16118
HDFCBANK,20180601,12:25,2112.25,2113,2112,2112.5,2100
HDFCBANK,20180601,12:26,2112.5,2118.35,2112.5,2116.1,17975
HDFCBANK,20180601,12:27,2116.5,2118,2116.2,2117.2,12163
HDFCBANK,20180601,12:28,2117.15,2120,2117.15,2119.35,7811
HDFCBANK,20180601,12:29,2119.5,2122.5,2119,2119.35,30073
HDFCBANK,20180601,12:30,2119.1,2119.1,2116.25,2118,5787
HDFCBANK,20180601,12:31,2117.8,2119.7,2117.55,2119.15,6550
HDFCBANK,20180601,12:32,2119.15,2119.85,2118.2,2119.35,2820
HDFCBANK,20180601,12:33,2118.75,2119.85,2118,2118.3,4646
HDFCBANK,20180601,12:34,2118.5,2119,2118.3,2118.8,2736
HDFCBANK,20180601,12:35,2118.95,2120,2118.95,2120,6150
HDFCBANK,20180601,12:36,2119.3,2119.6,2117.1,2117.55,5293
HDFCBANK,20180601,12:37,2117.55,2119,2117.1,2118.05,1870
HDFCBANK,20180601,12:38,2118.05,2118.1,2117,2117.15,1445
HDFCBANK,20180601,12:39,2117,2118,2116,2116,2348
HDFCBANK,20180601,12:40,2116,2116,2113.45,2114.5,9273
HDFCBANK,20180601,12:41,2114.9,2116,2114.65,2115.05,2651
HDFCBANK,20180601,12:42,2115.05,2116,2115.05,2115.4,2391
HDFCBANK,20180601,12:43,2115.4,2116,2114.5,2115,2379
HDFCBANK,20180601,12:44,2114.55,2115.05,2114,2114.15,2085
HDFCBANK,20180601,12:45,2115.2,2115.2,2113.3,2113.95,5171
HDFCBANK,20180601,12:46,2113.95,2114.95,2113,2113.65,3582
HDFCBANK,20180601,12:47,2114,2115.45,2114,2114.6,2582
HDFCBANK,20180601,12:48,2114.55,2115.55,2113.95,2115.5,4171
HDFCBANK,20180601,12:49,2115.5,2115.65,2114,2114.15,2297
HDFCBANK,20180601,12:50,2114.15,2114.7,2113.2,2113.2,2343
HDFCBANK,20180601,12:51,2113.2,2114.95,2113.2,2113.55,2275
HDFCBANK,20180601,12:52,2113.95,2113.95,2113.5,2113.65,1469
HDFCBANK,20180601,12:53,2113.95,2114,2113.5,2113.8,2068
HDFCBANK,20180601,12:54,2114,2114.95,2113.55,2114.9,2054
HDFCBANK,20180601,12:55,2115,2118.2,2114.9,2118.2,7677
HDFCBANK,20180601,12:56,2117.45,2119.5,2117.45,2118,5327
HDFCBANK,20180601,12:57,2117.9,2118.1,2116.1,2116.9,3444
HDFCBANK,20180601,12:58,2116.75,2117.55,2116,2116,4484
HDFCBANK,20180601,12:59,2116,2116.1,2115.15,2115.5,2730
HDFCBANK,20180601,13:00,2115.5,2115.95,2114.4,2114.75,3461
HDFCBANK,20180601,13:01,2114.75,2115,2114,2114.55,6410
HDFCBANK,20180601,13:02,2114.55,2116,2113.65,2113.8,4598
HDFCBANK,20180601,13:03,2114,2116,2113.6,2114,5592
HDFCBANK,20180601,13:04,2114.05,2115,2113.05,2113.05,4597
HDFCBANK,20180601,13:05,2113.3,2113.5,2112.7,2112.75,9153
HDFCBANK,20180601,13:06,2112.75,2113,2111.5,2111.5,6114
HDFCBANK,20180601,13:07,2111.65,2112,2108,2108.25,33929
HDFCBANK,20180601,13:08,2108.2,2109.35,2106.2,2107.6,16731
HDFCBANK,20180601,13:09,2108,2109.5,2107.5,2108.1,11276
HDFCBANK,20180601,13:10,2108,2110,2107.9,2109,12925
HDFCBANK,20180601,13:11,2108,2110,2108,2109.45,19536
HDFCBANK,20180601,13:12,2109.45,2110,2108.8,2109.2,10145
HDFCBANK,20180601,13:13,2109.1,2109.1,2108,2108.05,3335
HDFCBANK,20180601,13:14,2108.05,2109,2108,2108.6,2385
HDFCBANK,20180601,13:15,2108.6,2108.6,2107.6,2107.8,6931
HDFCBANK,20180601,13:16,2107.55,2108.85,2107.55,2108,8351
HDFCBANK,20180601,13:17,2108.1,2108.55,2108,2108.55,6794
HDFCBANK,20180601,13:18,2108.85,2109.95,2108.35,2109.4,5269
HDFCBANK,20180601,13:19,2109.45,2109.9,2109.3,2109.4,2529
HDFCBANK,20180601,13:20,2109.4,2109.5,2108.5,2108.5,2192
HDFCBANK,20180601,13:21,2108.5,2109,2108.25,2108.25,3289
HDFCBANK,20180601,13:22,2108.5,2108.9,2108.2,2108.6,3794
HDFCBANK,20180601,13:23,2108.6,2108.95,2108.2,2108.35,2724
HDFCBANK,20180601,13:24,2108.45,2108.95,2108.35,2108.75,4886
HDFCBANK,20180601,13:25,2108.85,2110,2108.75,2109.75,6108
HDFCBANK,20180601,13:26,2109.9,2109.9,2107.9,2108,4744
HDFCBANK,20180601,13:27,2107.85,2107.9,2103.5,2103.5,21170
HDFCBANK,20180601,13:28,2103.55,2105.7,2103.05,2105,13820
HDFCBANK,20180601,13:29,2104.9,2105,2103.45,2103.5,13130
HDFCBANK,20180601,13:30,2103.5,2105,2103.45,2104.45,7681
HDFCBANK,20180601,13:31,2104.45,2105,2104.1,2104.5,6489
HDFCBANK,20180601,13:32,2105,2105,2104.25,2105,5415
HDFCBANK,20180601,13:33,2104.5,2106,2104.35,2105.5,20941
HDFCBANK,20180601,13:34,2105.8,2106.75,2104.95,2106,13348
HDFCBANK,20180601,13:35,2106,2107.4,2106,2106.95,10675
HDFCBANK,20180601,13:36,2106.95,2107.95,2106.2,2107.8,15011
HDFCBANK,20180601,13:37,2107.75,2109,2106.8,2108.4,8237
HDFCBANK,20180601,13:38,2108.45,2109,2107.5,2108,12171
HDFCBANK,20180601,13:39,2108,2108,2106.25,2107,12271
HDFCBANK,20180601,13:40,2106.9,2107.5,2106.35,2107.05,5776
HDFCBANK,20180601,13:41,2107.05,2107.25,2106.5,2106.9,9208
HDFCBANK,20180601,13:42,2106.9,2107.05,2106.05,2107.05,16871
HDFCBANK,20180601,13:43,2107.45,2108,2107.05,2107.5,4023
HDFCBANK,20180601,13:44,2107.5,2108.7,2107.15,2108.3,8652
HDFCBANK,20180601,13:45,2108.3,2109,2107.9,2108.35,9400
HDFCBANK,20180601,13:46,2108.35,2109.95,2108.35,2109.8,13826
HDFCBANK,20180601,13:47,2109.8,2114,2109.55,2113.5,26799
HDFCBANK,20180601,13:48,2113.5,2115,2111.65,2112.5,13445
HDFCBANK,20180601,13:49,2112.95,2112.95,2111,2111,5809
HDFCBANK,20180601,13:50,2111,2111.5,2109.05,2109.5,4880
HDFCBANK,20180601,13:51,2109.5,2110.95,2108.4,2110.2,7991
HDFCBANK,20180601,13:52,2110.2,2113.2,2110,2112,17244
HDFCBANK,20180601,13:53,2112,2113,2112,2112.35,2334
HDFCBANK,20180601,13:54,2112.35,2114.8,2112.3,2114.2,5047
HDFCBANK,20180601,13:55,2114.95,2116,2113,2113.85,24548
HDFCBANK,20180601,13:56,2115,2115.4,2115,2115.1,10052
HDFCBANK,20180601,13:57,2115.5,2116.05,2114,2114,14393
HDFCBANK,20180601,13:58,2115.2,2115.2,2113,2114.9,7691
HDFCBANK,20180601,13:59,2114,2116,2113.4,2115,11788
HDFCBANK,20180601,14:00,2115.2,2116.3,2115,2116.3,4790
HDFCBANK,20180601,14:01,2116.05,2117,2115,2115.5,18155
HDFCBANK,20180601,14:02,2115.6,2115.75,2114.25,2114.7,9175
HDFCBANK,20180601,14:03,2115.5,2115.5,2113.05,2113.05,11839
HDFCBANK,20180601,14:04,2113,2113.15,2110,2110.05,10086
HDFCBANK,20180601,14:05,2110.55,2110.55,2106.65,2109,12654
HDFCBANK,20180601,14:06,2109,2109.75,2107.9,2109.15,7920
HDFCBANK,20180601,14:07,2109.5,2109.5,2108,2108.75,6689
HDFCBANK,20180601,14:08,2108.4,2108.85,2106.55,2107,7468
HDFCBANK,20180601,14:09,2107.2,2108,2107,2107.5,4350
HDFCBANK,20180601,14:10,2107.5,2108.75,2107.05,2108.75,6745
HDFCBANK,20180601,14:11,2108,2109,2107.5,2109,10149
HDFCBANK,20180601,14:12,2109,2109.4,2108,2108.1,3285
HDFCBANK,20180601,14:13,2108.1,2109,2108,2108.15,2696
HDFCBANK,20180601,14:14,2108.15,2108.5,2107,2107.1,5284
HDFCBANK,20180601,14:15,2107.1,2107.1,2106.2,2106.5,5951
HDFCBANK,20180601,14:16,2106.5,2107,2105.1,2106,10772
HDFCBANK,20180601,14:17,2105.85,2105.85,2103.25,2104.3,13426
HDFCBANK,20180601,14:18,2104.95,2106,2104.2,2106,11016
HDFCBANK,20180601,14:19,2106.7,2107,2106.05,2106.45,8884
HDFCBANK,20180601,14:20,2107,2107.25,2105.55,2107.05,5619
HDFCBANK,20180601,14:21,2107.25,2108.2,2106,2106,8492
HDFCBANK,20180601,14:22,2106.5,2107.2,2105.25,2107,3810
HDFCBANK,20180601,14:23,2107.35,2107.7,2105.2,2106.15,6487
HDFCBANK,20180601,14:24,2106.8,2107,2106.05,2106.25,3591
HDFCBANK,20180601,14:25,2106.9,2108,2106.1,2108,11146
HDFCBANK,20180601,14:26,2108,2109,2107.2,2108.05,3437
HDFCBANK,20180601,14:27,2108.9,2111,2108.05,2110,17996
HDFCBANK,20180601,14:28,2110,2111,2109,2109,11818
HDFCBANK,20180601,14:29,2108.65,2110.05,2107.5,2109.25,5676
HDFCBANK,20180601,14:30,2109.25,2110.8,2109.1,2110.5,4458
HDFCBANK,20180601,14:31,2110.6,2112,2110,2112,13054
HDFCBANK,20180601,14:32,2112,2112,2110.7,2112,9585
HDFCBANK,20180601,14:33,2111.95,2117.05,2111.9,2115.7,33783
HDFCBANK,20180601,14:34,2115.6,2122.8,2115,2122.8,91122
HDFCBANK,20180601,14:35,2123.1,2130,2122.15,2124,103341
HDFCBANK,20180601,14:36,2122.5,2123.65,2118.7,2118.8,39919
HDFCBANK,20180601,14:37,2120,2121.6,2119.25,2119.5,59718
HDFCBANK,20180601,14:38,2120.7,2120.7,2117,2118.75,25656
HDFCBANK,20180601,14:39,2118.1,2118.75,2112.4,2112.4,21736
HDFCBANK,20180601,14:40,2112.4,2114.45,2110,2114,36102
HDFCBANK,20180601,14:41,2114.2,2116,2110.55,2112,12719
HDFCBANK,20180601,14:42,2112,2112,2110.1,2110.15,12509
HDFCBANK,20180601,14:43,2110.6,2113.3,2108.35,2110,30506
HDFCBANK,20180601,14:44,2110,2110,2108.05,2108.75,9282
HDFCBANK,20180601,14:45,2109.65,2110.6,2108.8,2109.25,16766
HDFCBANK,20180601,14:46,2109.25,2111.45,2109.25,2110,6927
HDFCBANK,20180601,14:47,2110,2111.9,2109.35,2111.65,7751
HDFCBANK,20180601,14:48,2111.65,2113.05,2111.3,2112.5,8037
HDFCBANK,20180601,14:49,2112.5,2113.9,2112,2113,10614
HDFCBANK,20180601,14:50,2113,2114.45,2111.1,2112,15223
HDFCBANK,20180601,14:51,2112,2112.45,2110,2111,22440
HDFCBANK,20180601,14:52,2111,2112.9,2110.75,2112.9,22831
HDFCBANK,20180601,14:53,2112.3,2113.1,2110.5,2111,18816
HDFCBANK,20180601,14:54,2111,2111,2109.35,2109.55,15667
HDFCBANK,20180601,14:55,2109.9,2109.9,2106.3,2106.45,23343
HDFCBANK,20180601,14:56,2105.95,2109.1,2105.35,2107,24812
HDFCBANK,20180601,14:57,2107.1,2108.8,2107,2108.7,5001
HDFCBANK,20180601,14:58,2108.7,2109.45,2107.3,2107.35,7824
HDFCBANK,20180601,14:59,2108.4,2109.1,2107.55,2108.85,6975
HDFCBANK,20180601,15:00,2108.85,2108.9,2108.05,2108.75,5050
HDFCBANK,20180601,15:01,2108.75,2109,2108.05,2108.25,7655
HDFCBANK,20180601,15:02,2109,2111,2108.65,2108.9,9889
HDFCBANK,20180601,15:03,2108.3,2108.9,2106.4,2106.75,21929
HDFCBANK,20180601,15:04,2107,2109.4,2106.7,2109,14325
HDFCBANK,20180601,15:05,2108.55,2112.25,2108.55,2110.9,16600
HDFCBANK,20180601,15:06,2110.8,2111.15,2107.15,2110,20894
HDFCBANK,20180601,15:07,2109.3,2110.95,2108.5,2108.7,6730
HDFCBANK,20180601,15:08,2108.7,2111.1,2108.7,2109.55,13110
HDFCBANK,20180601,15:09,2109.55,2112.25,2108.3,2111.7,25658
HDFCBANK,20180601,15:10,2111.85,2111.85,2109.3,2110,5249
HDFCBANK,20180601,15:11,2111,2111.9,2109.3,2110.25,19273
HDFCBANK,20180601,15:12,2109.3,2112.15,2109.3,2112.05,12810
HDFCBANK,20180601,15:13,2112.05,2112.8,2111.1,2111.5,11098
HDFCBANK,20180601,15:14,2111.1,2114.75,2111.1,2114.2,23773
HDFCBANK,20180601,15:15,2114.35,2114.5,2112.15,2112.8,10421
HDFCBANK,20180601,15:16,2112.95,2112.95,2110,2110.7,29663
HDFCBANK,20180601,15:17,2110.75,2112.7,2110,2111,23300
HDFCBANK,20180601,15:18,2111,2112,2110.5,2111.35,24546
HDFCBANK,20180601,15:19,2111.3,2111.65,2110.65,2111.05,18626
HDFCBANK,20180601,15:20,2111.35,2111.65,2110.35,2111.5,36292
HDFCBANK,20180601,15:21,2111.65,2112.25,2109.4,2109.4,37937
HDFCBANK,20180601,15:22,2108.65,2112.6,2108.65,2112,38180
HDFCBANK,20180601,15:23,2112.6,2114.7,2111.5,2113.55,36278
HDFCBANK,20180601,15:24,2113.15,2114.85,2112.1,2114.4,26116
HDFCBANK,20180601,15:25,2114.3,2114.4,2111.85,2112.1,24099
HDFCBANK,20180601,15:26,2112.1,2112.75,2111,2111,33787
HDFCBANK,20180601,15:27,2110.6,2111.6,2110,2110.15,19315
HDFCBANK,20180601,15:28,2110.8,2110.95,2108.25,2109.25,19873
HDFCBANK,20180601,15:29,2109.05,2109.05,2106,2106.55,23845
HDFCBANK,20180601,15:30,2106.5,2107.85,2106,2106.95,36495
HDFCBANK,20180601,15:32,2110.6,2110.6,2110.6,2110.6,1
HDFCBANK,20180601,15:41,2110.6,2110.6,2106.95,2106.95,1285
HDFCBANK,20180601,15:42,2110.6,2110.6,2110.6,2110.6,15
HDFCBANK,20180601,15:44,2110.6,2110.6,2110.6,2110.6,1
HDFCBANK,20180601,15:45,2110.6,2110.6,2110.6,2110.6,22
HDFCBANK,20180601,15:48,2110.6,2110.6,2110.6,2110.6,645
HDFCBANK,20180601,15:49,2110.6,2110.6,2110.6,2110.6,3
HDFCBANK,20180601,15:54,2110.6,2110.6,2110.6,2110.6,150
HDFCBANK,20180601,16:36,2110.6,2110.6,2110.6,2110.6,1
