HINDUNILVR_F1,20180601,09:16,1614.85,1620,1607.05,1616.8,37200
HINDUNILVR_F1,20180601,09:17,1616.75,1616.75,1612.1,1613.15,24000
HINDUNILVR_F1,20180601,09:18,1613.3,1615.35,1611.2,1611.2,19800
HINDUNILVR_F1,20180601,09:19,1611.8,1613,1610.75,1611.25,18000
HINDUNILVR_F1,20180601,09:20,1611,1612.05,1609.25,1609.25,15000
HINDUNILVR_F1,20180601,09:21,1609.55,1610.4,1608.35,1608.95,13200
HINDUNILVR_F1,20180601,09:22,1609.1,1609.85,1605.65,1608.35,28200
HINDUNILVR_F1,20180601,09:23,1609.3,1609.3,1606.75,1607,15000
HINDUNILVR_F1,20180601,09:24,1607.05,1608.2,1606.55,1608,5400
HINDUNILVR_F1,20180601,09:25,1608.2,1608.2,1607.05,1607.9,3600
HINDUNILVR_F1,20180601,09:26,1607.45,1608.45,1607.45,1608.45,3600
HINDUNILVR_F1,20180601,09:27,1607.75,1608.55,1607.35,1608.55,6600
HINDUNILVR_F1,20180601,09:28,1608.05,1608.05,1607.3,1607.3,1800
HINDUNILVR_F1,20180601,09:29,1607.65,1607.65,1606.55,1606.85,10200
HINDUNILVR_F1,20180601,09:30,1606.6,1607.3,1603.6,1607,25800
HINDUNILVR_F1,20180601,09:31,1607.3,1608,1604.7,1608,18600
HINDUNILVR_F1,20180601,09:32,1610.3,1610.65,1609.2,1610.05,7800
HINDUNILVR_F1,20180601,09:33,1609.65,1611,1608.45,1608.7,15000
HINDUNILVR_F1,20180601,09:34,1609,1609.2,1607.95,1607.95,3600
HINDUNILVR_F1,20180601,09:35,1610.15,1611,1610,1611,12000
HINDUNILVR_F1,20180601,09:36,1611.05,1612.1,1610,1610.75,13800
HINDUNILVR_F1,20180601,09:37,1611.4,1612.95,1611.35,1612.8,18600
HINDUNILVR_F1,20180601,09:38,1613.1,1613.8,1612.25,1613.8,7800
HINDUNILVR_F1,20180601,09:39,1613.5,1614.7,1613.5,1614.65,11400
HINDUNILVR_F1,20180601,09:40,1614.5,1614.75,1614,1614.15,6600
HINDUNILVR_F1,20180601,09:41,1614.5,1616.65,1614.15,1615.65,33600
HINDUNILVR_F1,20180601,09:42,1615.05,1615.1,1613.85,1614,15600
HINDUNILVR_F1,20180601,09:43,1613.8,1614.3,1613.1,1613.3,6600
HINDUNILVR_F1,20180601,09:44,1613.8,1613.8,1612.3,1612.3,9000
HINDUNILVR_F1,20180601,09:45,1613.45,1615.85,1613.45,1615.5,12000
HINDUNILVR_F1,20180601,09:46,1614.25,1615.2,1614.25,1615,4200
HINDUNILVR_F1,20180601,09:47,1615,1615.6,1614.5,1615.1,12000
HINDUNILVR_F1,20180601,09:48,1615.6,1615.6,1614.5,1614.5,3000
HINDUNILVR_F1,20180601,09:49,1614.5,1615,1614.5,1614.95,9000
HINDUNILVR_F1,20180601,09:50,1615,1615,1613.5,1613.6,4200
HINDUNILVR_F1,20180601,09:51,1614,1614,1612.3,1613.15,9000
HINDUNILVR_F1,20180601,09:52,1612.75,1613,1610.8,1610.8,6600
HINDUNILVR_F1,20180601,09:53,1611.4,1612.3,1611.4,1612.3,4200
HINDUNILVR_F1,20180601,09:54,1612.35,1612.35,1610.45,1610.45,4800
HINDUNILVR_F1,20180601,09:55,1610.45,1611.55,1610.45,1611.55,1200
HINDUNILVR_F1,20180601,09:56,1610.85,1611.35,1610.85,1611.05,3000
HINDUNILVR_F1,20180601,09:57,1611.35,1611.35,1610.45,1610.75,4200
HINDUNILVR_F1,20180601,09:58,1610.5,1610.5,1610.5,1610.5,1200
HINDUNILVR_F1,20180601,09:59,1610.1,1610.5,1609,1610.05,7800
HINDUNILVR_F1,20180601,10:00,1609.3,1610.05,1608.45,1609.5,5400
HINDUNILVR_F1,20180601,10:01,1609.1,1609.1,1608.45,1608.55,4200
HINDUNILVR_F1,20180601,10:02,1608.75,1609,1608.15,1608.8,7200
HINDUNILVR_F1,20180601,10:03,1609.4,1609.4,1607.2,1607.45,12600
HINDUNILVR_F1,20180601,10:04,1607.25,1607.45,1605,1605,14400
HINDUNILVR_F1,20180601,10:05,1604.6,1605,1603.1,1604.7,13800
HINDUNILVR_F1,20180601,10:06,1604.25,1605.35,1603.9,1604.4,8400
HINDUNILVR_F1,20180601,10:07,1605.45,1605.45,1601.5,1601.9,27000
HINDUNILVR_F1,20180601,10:08,1602.75,1602.75,1600.65,1601.4,21600
HINDUNILVR_F1,20180601,10:09,1601.8,1601.8,1596.2,1596.2,43800
HINDUNILVR_F1,20180601,10:10,1596.75,1599.45,1596.5,1599.3,15000
HINDUNILVR_F1,20180601,10:11,1599.95,1600.8,1599,1600,15600
HINDUNILVR_F1,20180601,10:12,1599.05,1600,1595,1595.1,24600
HINDUNILVR_F1,20180601,10:13,1595,1597.2,1593.1,1594.3,20400
HINDUNILVR_F1,20180601,10:14,1594.5,1596.05,1594.5,1595.7,5400
HINDUNILVR_F1,20180601,10:15,1596,1596,1594.6,1594.6,2400
HINDUNILVR_F1,20180601,10:16,1594.5,1595.5,1594.15,1594.15,6000
HINDUNILVR_F1,20180601,10:17,1594.5,1595.25,1593.2,1595.25,14400
HINDUNILVR_F1,20180601,10:18,1595.3,1595.9,1595,1595,3600
HINDUNILVR_F1,20180601,10:19,1594.4,1595.5,1594.4,1594.4,7200
HINDUNILVR_F1,20180601,10:20,1595.55,1595.55,1593,1593,10800
HINDUNILVR_F1,20180601,10:21,1593.9,1593.9,1592.4,1592.95,15000
HINDUNILVR_F1,20180601,10:22,1593.6,1593.7,1591.8,1592.8,21000
HINDUNILVR_F1,20180601,10:23,1591.8,1594.2,1591.8,1594.2,14400
HINDUNILVR_F1,20180601,10:24,1594.55,1595,1594.5,1594.5,7200
HINDUNILVR_F1,20180601,10:25,1594.75,1596.95,1594.75,1596.95,6600
HINDUNILVR_F1,20180601,10:26,1596.25,1597.4,1595.15,1595.15,7200
HINDUNILVR_F1,20180601,10:27,1595.05,1595.1,1592.9,1592.9,10200
HINDUNILVR_F1,20180601,10:28,1593,1594.1,1592.85,1593.7,10200
HINDUNILVR_F1,20180601,10:29,1593.05,1595.05,1593.05,1595.05,5400
HINDUNILVR_F1,20180601,10:30,1593.45,1593.45,1592.55,1592.55,3000
HINDUNILVR_F1,20180601,10:31,1593.15,1593.3,1592.5,1593.3,3000
HINDUNILVR_F1,20180601,10:32,1593.2,1593.2,1593.2,1593.2,600
HINDUNILVR_F1,20180601,10:33,1593,1593,1590.5,1590.5,14400
HINDUNILVR_F1,20180601,10:34,1590.45,1590.85,1587.1,1588.9,36000
HINDUNILVR_F1,20180601,10:35,1588.7,1590.25,1588.7,1589.7,7800
HINDUNILVR_F1,20180601,10:36,1590.05,1590.05,1586.2,1587.6,19800
HINDUNILVR_F1,20180601,10:37,1587.65,1588.35,1586.6,1588,11400
HINDUNILVR_F1,20180601,10:38,1588.6,1588.7,1587.85,1588.65,5400
HINDUNILVR_F1,20180601,10:39,1587.5,1588.8,1587.2,1588.05,4200
HINDUNILVR_F1,20180601,10:40,1588.6,1588.65,1588.6,1588.6,2400
HINDUNILVR_F1,20180601,10:41,1588.9,1588.9,1588.75,1588.75,1200
HINDUNILVR_F1,20180601,10:42,1588.95,1589.75,1588.55,1588.55,3000
HINDUNILVR_F1,20180601,10:43,1589,1589.75,1588,1588,7800
HINDUNILVR_F1,20180601,10:44,1587,1587.15,1587,1587.15,2400
HINDUNILVR_F1,20180601,10:45,1587.15,1587.55,1585.6,1586,11400
HINDUNILVR_F1,20180601,10:46,1586.75,1587.3,1586.6,1587.3,10200
HINDUNILVR_F1,20180601,10:47,1586.3,1587.65,1586.3,1586.85,7800
HINDUNILVR_F1,20180601,10:48,1587,1587,1587,1587,1200
HINDUNILVR_F1,20180601,10:49,1587,1587.9,1587,1587.8,3000
HINDUNILVR_F1,20180601,10:50,1587.05,1587.85,1587.05,1587.3,3600
HINDUNILVR_F1,20180601,10:51,1588,1588,1587.75,1587.8,3000
HINDUNILVR_F1,20180601,10:52,1587.85,1587.85,1587.5,1587.5,2400
HINDUNILVR_F1,20180601,10:53,1588.2,1588.2,1587.5,1587.5,4800
HINDUNILVR_F1,20180601,10:54,1587.75,1588.7,1587.75,1588.7,1800
HINDUNILVR_F1,20180601,10:55,1588.25,1588.25,1585.75,1586.1,13200
HINDUNILVR_F1,20180601,10:56,1586.85,1586.9,1586,1586.55,4800
HINDUNILVR_F1,20180601,10:57,1587.05,1587.05,1587.05,1587.05,1800
HINDUNILVR_F1,20180601,10:59,1588,1588.2,1587.65,1587.65,3000
HINDUNILVR_F1,20180601,11:00,1587.05,1587.05,1586.75,1586.75,5400
HINDUNILVR_F1,20180601,11:01,1587,1587,1585.2,1585.2,6000
HINDUNILVR_F1,20180601,11:02,1586.15,1586.15,1586.15,1586.15,3000
HINDUNILVR_F1,20180601,11:03,1586,1586.1,1585.6,1586,4200
HINDUNILVR_F1,20180601,11:04,1585.65,1585.65,1585.3,1585.65,1800
HINDUNILVR_F1,20180601,11:05,1585.65,1585.65,1585.05,1585.5,1800
HINDUNILVR_F1,20180601,11:06,1585.8,1585.8,1585.2,1585.45,3000
HINDUNILVR_F1,20180601,11:07,1586.05,1586.05,1586.05,1586.05,600
HINDUNILVR_F1,20180601,11:08,1586.2,1586.2,1586.2,1586.2,600
HINDUNILVR_F1,20180601,11:09,1586.85,1587,1586.5,1586.5,2400
HINDUNILVR_F1,20180601,11:10,1586.8,1586.9,1586.8,1586.9,1200
HINDUNILVR_F1,20180601,11:12,1586.95,1586.95,1586.95,1586.95,600
HINDUNILVR_F1,20180601,11:13,1587.15,1587.15,1587,1587,2400
HINDUNILVR_F1,20180601,11:14,1586.1,1587,1586.1,1586.95,2400
HINDUNILVR_F1,20180601,11:17,1586.95,1586.95,1586.95,1586.95,600
HINDUNILVR_F1,20180601,11:18,1586.25,1586.9,1586.25,1586.9,1800
HINDUNILVR_F1,20180601,11:19,1586.8,1586.95,1586,1586.95,13200
HINDUNILVR_F1,20180601,11:20,1586.4,1586.7,1586.4,1586.7,1200
HINDUNILVR_F1,20180601,11:21,1587,1587.5,1587,1587.5,1800
HINDUNILVR_F1,20180601,11:22,1587.7,1588,1587.7,1588,7800
HINDUNILVR_F1,20180601,11:23,1587.6,1587.6,1587,1587.6,1800
HINDUNILVR_F1,20180601,11:24,1587.35,1587.4,1586.8,1586.8,2400
HINDUNILVR_F1,20180601,11:25,1586.5,1588.5,1586.5,1587.2,8400
HINDUNILVR_F1,20180601,11:26,1588.25,1588.25,1588.25,1588.25,600
HINDUNILVR_F1,20180601,11:27,1588.5,1588.5,1588.5,1588.5,1200
HINDUNILVR_F1,20180601,11:28,1587.5,1587.5,1586.55,1586.55,2400
HINDUNILVR_F1,20180601,11:29,1586.55,1586.55,1586.55,1586.55,600
HINDUNILVR_F1,20180601,11:30,1586.55,1586.55,1586.05,1586.05,3600
HINDUNILVR_F1,20180601,11:31,1585.4,1586,1583.6,1584.25,19200
HINDUNILVR_F1,20180601,11:32,1584.6,1584.6,1583.6,1583.6,4200
HINDUNILVR_F1,20180601,11:33,1583.55,1584.2,1583.55,1584.2,7800
HINDUNILVR_F1,20180601,11:34,1585,1585.7,1585,1585.7,1800
HINDUNILVR_F1,20180601,11:35,1585.6,1585.6,1585.6,1585.6,600
HINDUNILVR_F1,20180601,11:36,1585,1585,1584.15,1584.6,6000
HINDUNILVR_F1,20180601,11:37,1584.75,1584.75,1584.75,1584.75,600
HINDUNILVR_F1,20180601,11:38,1585.65,1585.65,1585.65,1585.65,1800
HINDUNILVR_F1,20180601,11:39,1585.3,1585.35,1585,1585,2400
HINDUNILVR_F1,20180601,11:40,1585.45,1585.45,1585,1585,3000
HINDUNILVR_F1,20180601,11:41,1584.85,1585.5,1584.75,1585,6600
HINDUNILVR_F1,20180601,11:42,1584.7,1584.7,1584.7,1584.7,600
HINDUNILVR_F1,20180601,11:43,1584.55,1584.75,1583.85,1584.75,12600
HINDUNILVR_F1,20180601,11:44,1584.2,1585,1584.2,1585,1200
HINDUNILVR_F1,20180601,11:45,1585.55,1586.55,1585.55,1586.55,1800
HINDUNILVR_F1,20180601,11:46,1586.35,1586.35,1584,1584,4200
HINDUNILVR_F1,20180601,11:48,1584.55,1584.55,1584.3,1584.3,1800
HINDUNILVR_F1,20180601,11:49,1584.3,1584.3,1584,1584,4200
HINDUNILVR_F1,20180601,11:50,1584,1584.9,1584,1584.9,1800
HINDUNILVR_F1,20180601,11:51,1584,1584.75,1584,1584.75,1200
HINDUNILVR_F1,20180601,11:52,1586.1,1586.1,1584.95,1584.95,12600
HINDUNILVR_F1,20180601,11:53,1584.95,1585.4,1584.95,1585.15,4200
HINDUNILVR_F1,20180601,11:56,1585.5,1585.7,1584.9,1585.7,4800
HINDUNILVR_F1,20180601,11:57,1584.7,1584.7,1584.7,1584.7,600
HINDUNILVR_F1,20180601,11:58,1584.25,1584.95,1582.35,1582.7,14400
HINDUNILVR_F1,20180601,11:59,1582.6,1583.05,1582.1,1582.4,6000
HINDUNILVR_F1,20180601,12:00,1583.3,1584,1583.3,1584,3600
HINDUNILVR_F1,20180601,12:01,1583.85,1583.85,1583.85,1583.85,600
HINDUNILVR_F1,20180601,12:02,1583.45,1583.55,1583.45,1583.55,3000
HINDUNILVR_F1,20180601,12:03,1583.55,1584.6,1583.55,1584.6,1200
HINDUNILVR_F1,20180601,12:04,1584.7,1584.7,1584.7,1584.7,600
HINDUNILVR_F1,20180601,12:05,1584,1585,1583.4,1584.55,7800
HINDUNILVR_F1,20180601,12:06,1584.5,1584.5,1584.5,1584.5,600
HINDUNILVR_F1,20180601,12:07,1584.15,1584.15,1584.15,1584.15,600
HINDUNILVR_F1,20180601,12:08,1584.6,1584.6,1583.55,1583.55,3000
HINDUNILVR_F1,20180601,12:09,1583.8,1584.8,1583.8,1584.8,1800
HINDUNILVR_F1,20180601,12:10,1584.45,1584.45,1584.45,1584.45,1800
HINDUNILVR_F1,20180601,12:11,1583.9,1583.95,1583.85,1583.85,2400
HINDUNILVR_F1,20180601,12:13,1585.15,1585.35,1585.15,1585.35,1200
HINDUNILVR_F1,20180601,12:14,1585,1585,1585,1585,1200
HINDUNILVR_F1,20180601,12:15,1585.75,1587.1,1585.75,1586.85,6600
HINDUNILVR_F1,20180601,12:16,1586.7,1586.7,1586,1586.3,3600
HINDUNILVR_F1,20180601,12:17,1586.5,1588,1586.5,1588,3000
HINDUNILVR_F1,20180601,12:18,1588.9,1588.9,1588,1588,4200
HINDUNILVR_F1,20180601,12:19,1588,1588.4,1588,1588,2400
HINDUNILVR_F1,20180601,12:20,1587.35,1587.35,1587,1587,6000
HINDUNILVR_F1,20180601,12:21,1587.8,1587.85,1587.8,1587.85,1200
HINDUNILVR_F1,20180601,12:22,1587.3,1587.5,1587.3,1587.5,1800
HINDUNILVR_F1,20180601,12:23,1587.95,1587.95,1587.95,1587.95,600
HINDUNILVR_F1,20180601,12:24,1588,1588.25,1588,1588.25,2400
HINDUNILVR_F1,20180601,12:26,1588.4,1589.1,1588.4,1589.1,1200
HINDUNILVR_F1,20180601,12:27,1590.8,1591.1,1589.1,1589.1,16200
HINDUNILVR_F1,20180601,12:28,1589.15,1589.15,1588.55,1588.55,4800
HINDUNILVR_F1,20180601,12:29,1589.05,1589.05,1588.85,1588.85,1800
HINDUNILVR_F1,20180601,12:30,1588.85,1588.85,1588.85,1588.85,600
HINDUNILVR_F1,20180601,12:31,1589,1589.25,1589,1589.25,1800
HINDUNILVR_F1,20180601,12:32,1588.9,1588.9,1588.65,1588.65,1800
HINDUNILVR_F1,20180601,12:33,1588.5,1589,1588.5,1589,1200
HINDUNILVR_F1,20180601,12:34,1589.65,1589.65,1589.1,1589.1,3600
HINDUNILVR_F1,20180601,12:35,1589.8,1591,1589.8,1589.8,10800
HINDUNILVR_F1,20180601,12:36,1589.8,1590.35,1589.8,1590,2400
HINDUNILVR_F1,20180601,12:37,1590,1590.2,1590,1590.05,1800
HINDUNILVR_F1,20180601,12:38,1590,1590.2,1589.35,1589.35,3000
HINDUNILVR_F1,20180601,12:39,1590,1590.45,1590,1590.45,1200
HINDUNILVR_F1,20180601,12:40,1589.8,1589.8,1589.8,1589.8,600
HINDUNILVR_F1,20180601,12:41,1590.45,1590.95,1590.45,1590.95,1800
HINDUNILVR_F1,20180601,12:42,1592.2,1592.2,1591.6,1591.6,21600
HINDUNILVR_F1,20180601,12:43,1591.9,1592.35,1591.8,1591.85,4800
HINDUNILVR_F1,20180601,12:44,1591.7,1591.8,1590.75,1590.75,1800
HINDUNILVR_F1,20180601,12:46,1589.45,1589.45,1588.3,1588.3,9000
HINDUNILVR_F1,20180601,12:47,1588.2,1589.2,1588.15,1588.75,4800
HINDUNILVR_F1,20180601,12:48,1587.2,1587.2,1587.2,1587.2,1200
HINDUNILVR_F1,20180601,12:49,1589,1589,1589,1589,2400
HINDUNILVR_F1,20180601,12:50,1589.4,1589.65,1588.8,1588.8,1800
HINDUNILVR_F1,20180601,12:51,1589.5,1589.5,1589.5,1589.5,1200
HINDUNILVR_F1,20180601,12:52,1589,1589.9,1589,1589.9,1800
HINDUNILVR_F1,20180601,12:55,1589.3,1589.3,1589.3,1589.3,600
HINDUNILVR_F1,20180601,12:57,1590,1590,1590,1590,600
HINDUNILVR_F1,20180601,12:58,1589.35,1589.8,1589.2,1589.2,2400
HINDUNILVR_F1,20180601,12:59,1588.65,1589.8,1588.65,1589.8,3000
HINDUNILVR_F1,20180601,13:00,1590,1590,1590,1590,4800
HINDUNILVR_F1,20180601,13:01,1589.15,1589.55,1589,1589,1800
HINDUNILVR_F1,20180601,13:03,1588.55,1588.55,1588.55,1588.55,600
HINDUNILVR_F1,20180601,13:05,1588.6,1588.6,1588.6,1588.6,1200
HINDUNILVR_F1,20180601,13:06,1588.75,1589,1588.75,1589,1200
HINDUNILVR_F1,20180601,13:07,1589.8,1589.8,1589.8,1589.8,600
HINDUNILVR_F1,20180601,13:08,1588.4,1588.75,1588.4,1588.75,4200
HINDUNILVR_F1,20180601,13:09,1589,1589,1589,1589,600
HINDUNILVR_F1,20180601,13:10,1588.65,1588.65,1588.65,1588.65,600
HINDUNILVR_F1,20180601,13:11,1588.15,1589,1588.15,1589,3600
HINDUNILVR_F1,20180601,13:12,1589.45,1589.45,1589.45,1589.45,600
HINDUNILVR_F1,20180601,13:13,1590,1591,1589.9,1589.9,5400
HINDUNILVR_F1,20180601,13:15,1590.05,1590.05,1590.05,1590.05,600
HINDUNILVR_F1,20180601,13:16,1590,1590,1589.2,1589.2,3600
HINDUNILVR_F1,20180601,13:17,1589.95,1590.35,1589.95,1590.35,1200
HINDUNILVR_F1,20180601,13:19,1590.6,1590.75,1590.6,1590.75,1800
HINDUNILVR_F1,20180601,13:20,1590.9,1590.9,1590.9,1590.9,600
HINDUNILVR_F1,20180601,13:21,1590.6,1590.6,1590.6,1590.6,600
HINDUNILVR_F1,20180601,13:22,1590.55,1590.55,1590.55,1590.55,600
HINDUNILVR_F1,20180601,13:23,1590.7,1591.1,1590,1590.65,6000
HINDUNILVR_F1,20180601,13:24,1590.45,1590.45,1590.45,1590.45,1200
HINDUNILVR_F1,20180601,13:27,1590.1,1591.2,1590.1,1591,7200
HINDUNILVR_F1,20180601,13:28,1590.5,1591.4,1590.5,1591.4,3600
HINDUNILVR_F1,20180601,13:29,1590.1,1590.1,1589.35,1589.35,5400
HINDUNILVR_F1,20180601,13:30,1590,1590.2,1590,1590.2,1200
HINDUNILVR_F1,20180601,13:31,1590,1590,1590,1590,2400
HINDUNILVR_F1,20180601,13:32,1590,1590.4,1590,1590.4,1200
HINDUNILVR_F1,20180601,13:33,1589.85,1589.85,1589.85,1589.85,600
HINDUNILVR_F1,20180601,13:34,1590.4,1590.55,1590.4,1590.55,5400
HINDUNILVR_F1,20180601,13:35,1590.5,1590.5,1590,1590,1800
HINDUNILVR_F1,20180601,13:36,1590.3,1590.3,1590.3,1590.3,600
HINDUNILVR_F1,20180601,13:37,1590.35,1590.35,1590.35,1590.35,1200
HINDUNILVR_F1,20180601,13:42,1589.95,1589.95,1589.95,1589.95,1200
HINDUNILVR_F1,20180601,13:43,1589.95,1590.5,1589.95,1590.5,1800
HINDUNILVR_F1,20180601,13:44,1589.8,1589.8,1589.8,1589.8,600
HINDUNILVR_F1,20180601,13:46,1589.8,1589.8,1589.8,1589.8,600
HINDUNILVR_F1,20180601,13:47,1589.8,1589.8,1589.5,1589.5,1800
HINDUNILVR_F1,20180601,13:48,1589.7,1590.45,1589.7,1590.45,3000
HINDUNILVR_F1,20180601,13:49,1589.55,1589.55,1589.55,1589.55,600
HINDUNILVR_F1,20180601,13:50,1590,1590,1590,1590,1200
HINDUNILVR_F1,20180601,13:51,1590,1590,1590,1590,1800
HINDUNILVR_F1,20180601,13:53,1590.45,1590.45,1590.45,1590.45,600
HINDUNILVR_F1,20180601,13:54,1590,1590,1589.75,1589.75,1200
HINDUNILVR_F1,20180601,13:55,1589.7,1589.7,1589.65,1589.65,1200
HINDUNILVR_F1,20180601,13:56,1589.85,1590.15,1589.85,1590.15,3600
HINDUNILVR_F1,20180601,13:58,1589.95,1589.95,1589.95,1589.95,600
HINDUNILVR_F1,20180601,13:59,1590,1590,1590,1590,600
HINDUNILVR_F1,20180601,14:00,1590.5,1590.5,1590,1590,1800
HINDUNILVR_F1,20180601,14:01,1590,1590.05,1590,1590.05,5400
HINDUNILVR_F1,20180601,14:03,1589.45,1589.65,1589.1,1589.1,4200
HINDUNILVR_F1,20180601,14:04,1588.6,1588.6,1587.1,1587.1,6000
HINDUNILVR_F1,20180601,14:05,1587,1587,1586.9,1586.9,1800
HINDUNILVR_F1,20180601,14:07,1585.45,1586.05,1585.45,1586.05,3000
HINDUNILVR_F1,20180601,14:08,1585.5,1585.5,1585.5,1585.5,600
HINDUNILVR_F1,20180601,14:09,1586.15,1586.15,1586.15,1586.15,600
HINDUNILVR_F1,20180601,14:10,1586.2,1586.8,1585.35,1585.35,7200
HINDUNILVR_F1,20180601,14:11,1585.4,1586.25,1585.4,1586.25,2400
HINDUNILVR_F1,20180601,14:12,1586.75,1586.75,1585.85,1585.85,3600
HINDUNILVR_F1,20180601,14:13,1586.65,1587.1,1586.65,1587.1,2400
HINDUNILVR_F1,20180601,14:14,1585.85,1586.05,1585.85,1586.05,1200
HINDUNILVR_F1,20180601,14:16,1587.05,1587.05,1587.05,1587.05,1800
HINDUNILVR_F1,20180601,14:17,1585.95,1585.95,1585.95,1585.95,2400
HINDUNILVR_F1,20180601,14:19,1586.05,1586.05,1585.55,1585.55,1800
HINDUNILVR_F1,20180601,14:20,1585.45,1586,1585.45,1586,1200
HINDUNILVR_F1,20180601,14:22,1586.3,1586.3,1586.3,1586.3,600
HINDUNILVR_F1,20180601,14:23,1586.65,1586.65,1586.65,1586.65,600
HINDUNILVR_F1,20180601,14:24,1587.15,1587.15,1587.15,1587.15,600
HINDUNILVR_F1,20180601,14:26,1587.2,1587.8,1587.2,1587.8,2400
HINDUNILVR_F1,20180601,14:27,1588.2,1588.2,1588.2,1588.2,1200
HINDUNILVR_F1,20180601,14:28,1588,1588.55,1587.9,1587.9,3000
HINDUNILVR_F1,20180601,14:29,1588.8,1588.8,1588.25,1588.25,2400
HINDUNILVR_F1,20180601,14:30,1588,1588,1588,1588,600
HINDUNILVR_F1,20180601,14:31,1588.15,1588.15,1586.85,1587.7,3000
HINDUNILVR_F1,20180601,14:32,1587.95,1587.95,1587.4,1587.4,1800
HINDUNILVR_F1,20180601,14:33,1588.35,1588.85,1588.35,1588.85,1200
HINDUNILVR_F1,20180601,14:34,1588,1588.65,1587.9,1587.9,5400
HINDUNILVR_F1,20180601,14:35,1588,1588,1587.6,1588,1800
HINDUNILVR_F1,20180601,14:36,1588,1589.95,1588,1589.95,6000
HINDUNILVR_F1,20180601,14:37,1589.7,1589.85,1589.7,1589.85,1200
HINDUNILVR_F1,20180601,14:39,1590,1590,1590,1590,7200
HINDUNILVR_F1,20180601,14:40,1589.05,1589.05,1589.05,1589.05,1800
HINDUNILVR_F1,20180601,14:41,1589.8,1589.8,1589.8,1589.8,600
HINDUNILVR_F1,20180601,14:42,1589.05,1589.05,1587.7,1587.7,3000
HINDUNILVR_F1,20180601,14:43,1587.6,1587.6,1586.65,1587.2,9000
HINDUNILVR_F1,20180601,14:44,1586.1,1586.15,1586.1,1586.15,1800
HINDUNILVR_F1,20180601,14:45,1586.7,1587.65,1586.7,1587.65,8400
HINDUNILVR_F1,20180601,14:46,1587.55,1587.55,1587.5,1587.5,1200
HINDUNILVR_F1,20180601,14:49,1587.1,1587.1,1587.1,1587.1,600
HINDUNILVR_F1,20180601,14:50,1587.55,1587.55,1587.55,1587.55,600
HINDUNILVR_F1,20180601,14:52,1587.4,1588,1587.4,1588,3600
HINDUNILVR_F1,20180601,14:53,1588.6,1588.75,1588.1,1588.1,2400
HINDUNILVR_F1,20180601,14:54,1588.1,1588.1,1588.1,1588.1,1200
HINDUNILVR_F1,20180601,14:55,1587.7,1587.75,1587.7,1587.75,2400
HINDUNILVR_F1,20180601,14:57,1587.2,1587.2,1587.2,1587.2,600
HINDUNILVR_F1,20180601,14:58,1587,1587,1586.75,1586.75,21000
HINDUNILVR_F1,20180601,14:59,1587.3,1587.3,1586.5,1586.5,8400
HINDUNILVR_F1,20180601,15:00,1587,1587,1586.05,1586.45,3000
HINDUNILVR_F1,20180601,15:01,1586.3,1586.3,1585.5,1585.5,6600
HINDUNILVR_F1,20180601,15:02,1585.5,1585.5,1584.25,1584.8,12600
HINDUNILVR_F1,20180601,15:03,1585.65,1585.8,1585.05,1585.05,4200
HINDUNILVR_F1,20180601,15:04,1584.65,1584.65,1583.8,1584.4,4800
HINDUNILVR_F1,20180601,15:05,1585,1585.85,1585,1585.85,3000
HINDUNILVR_F1,20180601,15:06,1586.35,1586.35,1586.35,1586.35,600
HINDUNILVR_F1,20180601,15:07,1585.55,1586.05,1585.55,1586.05,2400
HINDUNILVR_F1,20180601,15:08,1587,1587.85,1586.5,1586.5,4800
HINDUNILVR_F1,20180601,15:09,1586.1,1586.6,1586,1586.6,4800
HINDUNILVR_F1,20180601,15:10,1586.45,1586.45,1586.05,1586.05,1800
HINDUNILVR_F1,20180601,15:11,1586.5,1587.4,1586.05,1587.4,5400
HINDUNILVR_F1,20180601,15:12,1587.5,1587.5,1585.85,1586.15,9000
HINDUNILVR_F1,20180601,15:13,1586,1586,1585.1,1585.1,3000
HINDUNILVR_F1,20180601,15:14,1584.4,1584.5,1583.2,1583.2,12000
HINDUNILVR_F1,20180601,15:15,1583.65,1583.65,1582.75,1582.75,9600
HINDUNILVR_F1,20180601,15:16,1582.75,1584.25,1581.5,1583.5,33000
HINDUNILVR_F1,20180601,15:17,1583.55,1583.65,1582.1,1582.1,7200
HINDUNILVR_F1,20180601,15:18,1582.7,1584,1582.7,1584,6600
HINDUNILVR_F1,20180601,15:19,1584.05,1584.35,1583.5,1583.75,4800
HINDUNILVR_F1,20180601,15:20,1583.55,1583.55,1582.75,1582.75,6600
HINDUNILVR_F1,20180601,15:21,1582.7,1584.5,1582.2,1584.5,12600
HINDUNILVR_F1,20180601,15:22,1583.65,1584.5,1582.9,1583.7,15600
HINDUNILVR_F1,20180601,15:23,1584.55,1585,1584,1584.85,13800
HINDUNILVR_F1,20180601,15:24,1584.5,1585,1582.8,1583.25,12600
HINDUNILVR_F1,20180601,15:25,1582.7,1582.8,1578.95,1579.6,36600
HINDUNILVR_F1,20180601,15:26,1579.4,1580.15,1578.15,1580,39600
HINDUNILVR_F1,20180601,15:27,1579.25,1581.05,1579.25,1579.25,17400
HINDUNILVR_F1,20180601,15:28,1579.3,1579.7,1578,1579.1,19200
HINDUNILVR_F1,20180601,15:29,1578.9,1580.4,1578.9,1579.45,21000
HINDUNILVR_F1,20180601,15:30,1579.1,1580.2,1579,1579,14400
HINDUNILVR_F1,20180601,16:36,1582.25,1582.25,1582.25,1582.25,1
