ICICIBANK_F1,20220124,09:16,811.70,817.00,807.20,812.30,3305500,56821876
ICICIBANK_F1,20220124,09:17,810.10,810.10,804.60,805.00,1753125,56821876
ICICIBANK_F1,20220124,09:18,807.40,807.40,805.20,806.25,1592250,58184500
ICICIBANK_F1,20220124,09:19,808.00,810.65,808.00,810.65,889625,58184500
ICICIBANK_F1,20220124,09:20,811.45,813.65,811.00,811.25,1204500,58184500
ICICIBANK_F1,20220124,09:21,811.50,814.20,808.60,808.60,1067000,58914624
ICICIBANK_F1,20220124,09:22,808.75,809.65,807.65,808.55,651750,58914624
ICICIBANK_F1,20220124,09:23,808.20,809.55,808.05,809.35,514250,58914624
ICICIBANK_F1,20220124,09:24,809.40,810.75,808.30,810.65,541750,59134624
ICICIBANK_F1,20220124,09:25,810.80,811.65,810.35,810.60,499125,59134624
ICICIBANK_F1,20220124,09:26,809.95,811.75,809.30,811.45,485375,59134624
ICICIBANK_F1,20220124,09:27,811.20,813.25,811.20,813.25,698500,59404124
ICICIBANK_F1,20220124,09:28,812.95,813.60,812.30,812.40,481250,59404124
ICICIBANK_F1,20220124,09:29,812.45,812.60,811.20,811.45,280500,59404124
ICICIBANK_F1,20220124,09:30,811.05,811.30,808.70,808.70,336875,59589752
ICICIBANK_F1,20220124,09:31,808.45,809.00,806.60,806.95,501875,59589752
ICICIBANK_F1,20220124,09:32,806.70,807.55,804.30,804.35,489500,59589752
ICICIBANK_F1,20220124,09:33,804.25,807.15,803.70,806.70,561000,59611752
ICICIBANK_F1,20220124,09:34,806.40,806.80,805.35,805.70,258500,59611752
ICICIBANK_F1,20220124,09:35,806.20,806.60,805.50,806.45,231000,59611752
ICICIBANK_F1,20220124,09:36,805.80,805.85,804.80,805.20,430375,59845500
ICICIBANK_F1,20220124,09:37,805.35,805.60,804.35,804.60,236500,59845500
ICICIBANK_F1,20220124,09:38,804.65,805.55,804.10,805.55,276375,59845500
ICICIBANK_F1,20220124,09:39,805.50,807.65,805.40,807.40,473000,60005000
ICICIBANK_F1,20220124,09:40,807.10,807.75,806.45,806.70,231000,60005000
ICICIBANK_F1,20220124,09:41,806.65,807.60,806.65,807.00,165000,60005000
ICICIBANK_F1,20220124,09:42,806.90,807.95,806.80,807.85,195250,60186500
ICICIBANK_F1,20220124,09:43,807.80,809.10,807.70,808.85,528000,60186500
ICICIBANK_F1,20220124,09:44,808.55,809.10,807.25,808.70,248875,60186500
ICICIBANK_F1,20220124,09:45,808.90,809.00,807.95,808.50,206250,60361124
ICICIBANK_F1,20220124,09:46,808.60,809.25,808.10,809.25,270875,60361124
ICICIBANK_F1,20220124,09:47,809.25,810.45,809.20,810.45,347875,60361124
ICICIBANK_F1,20220124,09:48,810.45,811.00,810.25,810.60,295625,60568752
ICICIBANK_F1,20220124,09:49,810.65,812.25,810.50,811.80,493625,60568752
ICICIBANK_F1,20220124,09:50,811.80,812.70,811.80,812.30,341000,60568752
ICICIBANK_F1,20220124,09:51,812.30,814.70,812.00,814.70,466125,60868500
ICICIBANK_F1,20220124,09:52,814.50,814.90,814.20,814.50,391875,60868500
ICICIBANK_F1,20220124,09:53,814.60,814.75,812.30,812.30,291500,60868500
ICICIBANK_F1,20220124,09:54,811.95,812.65,811.20,812.00,430375,61052752
ICICIBANK_F1,20220124,09:55,811.65,812.65,811.60,812.35,145750,61052752
ICICIBANK_F1,20220124,09:56,812.15,812.50,810.45,810.90,270875,61052752
ICICIBANK_F1,20220124,09:57,810.80,810.80,809.55,810.35,257125,61076124
ICICIBANK_F1,20220124,09:58,810.35,810.65,809.15,809.55,222750,61076124
ICICIBANK_F1,20220124,09:59,809.55,810.80,809.35,810.35,243375,61076124
ICICIBANK_F1,20220124,10:00,810.65,810.90,810.00,810.00,140250,61122876
ICICIBANK_F1,20220124,10:01,809.80,810.00,808.40,809.10,218625,61122876
ICICIBANK_F1,20220124,10:02,809.25,810.30,809.05,810.25,143000,61122876
ICICIBANK_F1,20220124,10:03,810.25,811.30,810.05,811.30,152625,61336000
ICICIBANK_F1,20220124,10:04,811.10,811.75,810.45,811.75,173250,61336000
ICICIBANK_F1,20220124,10:05,812.00,812.00,811.55,812.00,209000,61336000
ICICIBANK_F1,20220124,10:06,812.00,812.05,811.65,811.85,204875,61369000
ICICIBANK_F1,20220124,10:07,812.00,814.00,812.00,812.25,423500,61369000
ICICIBANK_F1,20220124,10:08,812.00,812.65,811.70,812.00,178750,61369000
ICICIBANK_F1,20220124,10:09,812.00,813.65,811.80,813.45,185625,61419876
ICICIBANK_F1,20220124,10:10,813.50,815.35,813.50,815.20,605000,61419876
ICICIBANK_F1,20220124,10:11,814.85,815.20,813.50,813.75,247500,61419876
ICICIBANK_F1,20220124,10:12,813.75,814.40,813.35,814.20,171875,61382752
ICICIBANK_F1,20220124,10:13,814.30,815.10,814.20,815.10,147125,61382752
ICICIBANK_F1,20220124,10:14,815.15,815.30,813.00,813.05,226875,61382752
ICICIBANK_F1,20220124,10:15,813.00,813.55,811.50,811.50,231000,61252124
ICICIBANK_F1,20220124,10:16,811.10,811.75,810.55,810.80,166375,61252124
ICICIBANK_F1,20220124,10:17,810.70,810.95,809.75,810.55,127875,61252124
ICICIBANK_F1,20220124,10:18,810.35,811.00,809.85,811.00,158125,61215000
ICICIBANK_F1,20220124,10:19,810.95,811.20,810.55,810.95,75625,61215000
ICICIBANK_F1,20220124,10:20,810.80,811.35,810.55,810.95,211750,61215000
ICICIBANK_F1,20220124,10:21,811.00,812.10,810.90,812.10,114125,61113248
ICICIBANK_F1,20220124,10:22,812.30,812.95,812.00,812.65,82500,61113248
ICICIBANK_F1,20220124,10:23,813.00,813.80,812.70,813.00,72875,61113248
ICICIBANK_F1,20220124,10:24,813.00,813.00,812.00,812.05,86625,61106376
ICICIBANK_F1,20220124,10:25,812.15,812.15,811.45,811.55,85250,61106376
ICICIBANK_F1,20220124,10:26,811.55,811.70,811.25,811.55,52250,61106376
ICICIBANK_F1,20220124,10:27,811.45,811.50,810.15,810.15,105875,61116000
ICICIBANK_F1,20220124,10:28,810.30,810.40,809.00,809.00,565125,61116000
ICICIBANK_F1,20220124,10:29,808.90,810.00,808.65,809.70,134750,61116000
ICICIBANK_F1,20220124,10:30,809.70,809.70,808.55,809.55,138875,60784624
ICICIBANK_F1,20220124,10:31,809.55,810.30,809.00,809.85,70125,60784624
ICICIBANK_F1,20220124,10:32,809.50,810.00,809.15,809.70,61875,60784624
ICICIBANK_F1,20220124,10:33,809.70,810.50,809.30,810.50,78375,60777752
ICICIBANK_F1,20220124,10:34,810.80,811.00,809.85,810.80,88000,60777752
ICICIBANK_F1,20220124,10:35,810.80,812.30,810.80,812.20,118250,60777752
ICICIBANK_F1,20220124,10:36,812.50,812.85,812.10,812.30,182875,60808000
ICICIBANK_F1,20220124,10:37,812.30,812.30,811.15,811.55,81125,60808000
ICICIBANK_F1,20220124,10:38,811.90,812.75,810.20,811.65,3393500,60808000
ICICIBANK_F1,20220124,10:39,811.45,812.25,811.00,812.25,177375,63197752
ICICIBANK_F1,20220124,10:40,812.35,813.00,811.75,813.00,70125,63197752
ICICIBANK_F1,20220124,10:41,812.95,813.35,812.45,813.25,104500,63197752
ICICIBANK_F1,20220124,10:42,813.30,813.40,812.75,813.25,78375,63193624
ICICIBANK_F1,20220124,10:43,813.05,813.05,812.30,812.80,86625,63193624
ICICIBANK_F1,20220124,10:44,812.80,813.00,812.15,812.50,1076625,63193624
ICICIBANK_F1,20220124,10:45,812.50,812.70,811.65,812.25,155375,63233500
ICICIBANK_F1,20220124,10:46,812.05,812.55,811.10,812.40,110000,63233500
ICICIBANK_F1,20220124,10:47,812.45,812.45,811.55,811.55,605000,63233500
ICICIBANK_F1,20220124,10:48,811.75,812.75,811.50,812.75,75625,63626752
ICICIBANK_F1,20220124,10:49,812.75,812.75,811.45,812.20,151250,63626752
ICICIBANK_F1,20220124,10:50,811.85,812.70,811.85,812.20,93500,63626752
ICICIBANK_F1,20220124,10:51,812.10,812.10,811.30,811.30,63250,63644624
ICICIBANK_F1,20220124,10:52,811.30,811.50,809.45,810.25,239250,63644624
ICICIBANK_F1,20220124,10:53,810.25,810.55,809.70,810.30,48125,63644624
ICICIBANK_F1,20220124,10:54,810.35,810.85,809.65,810.00,244750,62972248
ICICIBANK_F1,20220124,10:55,810.00,811.00,810.00,810.85,88000,62972248
ICICIBANK_F1,20220124,10:56,810.75,811.25,809.60,810.30,303875,62972248
ICICIBANK_F1,20220124,10:57,810.50,810.55,808.10,809.85,587125,62933752
ICICIBANK_F1,20220124,10:58,809.65,810.00,807.45,808.00,196625,62933752
ICICIBANK_F1,20220124,10:59,808.10,809.25,808.05,809.25,268125,62933752
ICICIBANK_F1,20220124,11:00,809.50,810.70,809.50,810.05,67375,62858124
ICICIBANK_F1,20220124,11:01,810.05,811.00,810.05,810.60,71500,62858124
ICICIBANK_F1,20220124,11:02,810.50,810.80,809.70,810.70,207625,62858124
ICICIBANK_F1,20220124,11:03,810.60,810.90,810.10,810.55,1233375,62858124
ICICIBANK_F1,20220124,11:04,810.60,811.10,810.10,810.60,328625,62844376
ICICIBANK_F1,20220124,11:05,810.90,811.25,810.65,811.00,140250,62844376
ICICIBANK_F1,20220124,11:06,811.00,811.20,810.95,811.20,149875,62569376
ICICIBANK_F1,20220124,11:07,811.20,811.20,810.40,810.40,49500,62569376
ICICIBANK_F1,20220124,11:08,810.40,810.80,810.00,810.25,45375,62569376
ICICIBANK_F1,20220124,11:09,810.25,810.90,810.25,810.55,48125,62569376
ICICIBANK_F1,20220124,11:10,810.55,810.55,808.90,808.95,125125,62558376
ICICIBANK_F1,20220124,11:11,809.20,809.75,808.85,809.50,112750,62558376
ICICIBANK_F1,20220124,11:12,809.50,809.60,809.10,809.60,107250,62558376
ICICIBANK_F1,20220124,11:13,809.40,809.60,808.15,808.15,100375,62561124
ICICIBANK_F1,20220124,11:14,808.45,809.00,808.35,808.75,93500,62561124
ICICIBANK_F1,20220124,11:15,808.70,808.80,807.55,808.75,165000,62561124
ICICIBANK_F1,20220124,11:16,808.75,809.10,808.40,808.65,794750,62100500
ICICIBANK_F1,20220124,11:17,808.90,809.40,808.05,809.15,251625,62100500
ICICIBANK_F1,20220124,11:18,809.00,809.25,808.70,809.00,262625,62100500
ICICIBANK_F1,20220124,11:19,809.00,809.00,807.80,808.15,110000,62178876
ICICIBANK_F1,20220124,11:20,808.20,808.40,805.55,805.55,303875,62178876
ICICIBANK_F1,20220124,11:21,805.60,807.40,805.10,807.10,173250,62178876
ICICIBANK_F1,20220124,11:22,807.00,807.50,806.70,806.95,182875,62130752
ICICIBANK_F1,20220124,11:23,806.85,807.00,806.00,806.65,178750,62130752
ICICIBANK_F1,20220124,11:24,806.65,807.30,806.20,807.20,59125,62130752
ICICIBANK_F1,20220124,11:25,807.25,807.45,806.85,807.45,1203125,62154124
ICICIBANK_F1,20220124,11:26,807.25,807.85,807.10,807.85,49500,62154124
ICICIBANK_F1,20220124,11:27,807.85,808.00,807.50,807.95,44000,62154124
ICICIBANK_F1,20220124,11:28,807.70,808.45,807.70,808.10,72875,63273376
ICICIBANK_F1,20220124,11:29,808.45,808.70,808.20,808.50,67375,63273376
ICICIBANK_F1,20220124,11:30,808.50,808.80,808.25,808.40,23375,63273376
ICICIBANK_F1,20220124,11:31,808.40,809.35,808.10,808.10,103125,63236248
ICICIBANK_F1,20220124,11:32,808.35,808.95,808.35,808.60,38500,63236248
ICICIBANK_F1,20220124,11:33,808.55,808.80,808.45,808.45,38500,63236248
ICICIBANK_F1,20220124,11:34,808.40,808.55,807.90,808.55,41250,63247248
ICICIBANK_F1,20220124,11:35,808.55,809.35,808.55,808.95,99000,63247248
ICICIBANK_F1,20220124,11:36,809.00,809.70,808.70,809.30,67375,63247248
ICICIBANK_F1,20220124,11:37,809.50,809.70,809.25,809.25,27500,63241752
ICICIBANK_F1,20220124,11:38,809.15,809.40,808.50,808.65,85250,63241752
ICICIBANK_F1,20220124,11:39,808.70,808.75,808.35,808.50,68750,63241752
ICICIBANK_F1,20220124,11:40,808.65,809.05,808.45,809.05,26125,63276124
ICICIBANK_F1,20220124,11:41,808.45,808.60,808.25,808.25,52250,63276124
ICICIBANK_F1,20220124,11:42,808.30,808.55,807.60,807.60,42625,63276124
ICICIBANK_F1,20220124,11:43,808.05,808.85,807.55,808.85,415250,63313248
ICICIBANK_F1,20220124,11:44,808.55,808.95,808.05,808.35,56375,63313248
ICICIBANK_F1,20220124,11:45,808.50,808.50,807.80,807.80,17875,63313248
ICICIBANK_F1,20220124,11:46,807.95,808.00,807.25,807.80,63250,63355876
ICICIBANK_F1,20220124,11:47,807.65,807.70,807.05,807.35,42625,63355876
ICICIBANK_F1,20220124,11:48,807.15,807.15,805.65,807.05,481250,63355876
ICICIBANK_F1,20220124,11:49,806.90,806.90,805.00,805.05,143000,63278876
ICICIBANK_F1,20220124,11:50,805.15,805.50,804.00,804.70,247500,63278876
ICICIBANK_F1,20220124,11:51,804.85,804.85,802.60,803.05,631125,63278876
ICICIBANK_F1,20220124,11:52,803.00,803.00,800.55,801.00,486750,63472752
ICICIBANK_F1,20220124,11:53,800.00,800.00,794.85,796.35,1100000,63472752
ICICIBANK_F1,20220124,11:54,796.50,799.40,796.50,799.40,266750,63472752
ICICIBANK_F1,20220124,11:55,799.15,801.00,799.15,800.15,221375,63582752
ICICIBANK_F1,20220124,11:56,800.15,800.15,798.00,798.30,232375,63582752
ICICIBANK_F1,20220124,11:57,798.60,799.25,798.00,799.00,125125,63582752
ICICIBANK_F1,20220124,11:58,799.30,799.30,798.50,798.90,119625,63577248
ICICIBANK_F1,20220124,11:59,799.00,799.30,797.50,798.60,244750,63577248
ICICIBANK_F1,20220124,12:00,798.35,799.35,798.30,798.90,808500,63577248
ICICIBANK_F1,20220124,12:01,798.30,799.40,797.90,798.95,156750,64226248
ICICIBANK_F1,20220124,12:02,798.95,798.95,797.50,797.80,166375,64226248
ICICIBANK_F1,20220124,12:03,797.30,797.85,795.90,796.00,294250,64226248
ICICIBANK_F1,20220124,12:04,795.90,797.15,795.75,796.95,295625,64410500
ICICIBANK_F1,20220124,12:05,797.00,798.95,797.00,798.45,167750,64410500
ICICIBANK_F1,20220124,12:06,798.35,799.05,798.20,798.90,78375,64410500
ICICIBANK_F1,20220124,12:07,799.00,799.80,798.60,799.55,99000,64491624
ICICIBANK_F1,20220124,12:08,799.60,799.95,798.30,799.90,129250,64491624
ICICIBANK_F1,20220124,12:09,799.50,800.25,799.35,800.00,649000,64491624
ICICIBANK_F1,20220124,12:10,800.00,800.05,799.20,799.95,600875,65045752
ICICIBANK_F1,20220124,12:11,799.60,800.00,798.25,798.35,70125,65045752
ICICIBANK_F1,20220124,12:12,798.35,798.85,796.90,797.00,606375,65045752
ICICIBANK_F1,20220124,12:13,797.10,797.90,797.05,797.90,105875,66090752
ICICIBANK_F1,20220124,12:14,797.90,798.65,797.35,797.75,114125,66090752
ICICIBANK_F1,20220124,12:15,797.70,798.20,797.25,797.35,70125,66090752
ICICIBANK_F1,20220124,12:16,797.35,798.00,796.70,797.85,57750,66116876
ICICIBANK_F1,20220124,12:17,797.40,797.85,797.05,797.55,255750,66116876
ICICIBANK_F1,20220124,12:18,797.50,797.90,797.40,797.65,46750,66116876
ICICIBANK_F1,20220124,12:19,797.75,797.80,796.95,797.15,63250,66390500
ICICIBANK_F1,20220124,12:20,796.60,797.40,796.40,796.65,112750,66390500
ICICIBANK_F1,20220124,12:21,796.65,796.80,796.00,796.60,92125,66390500
ICICIBANK_F1,20220124,12:22,796.65,796.65,793.85,794.20,400125,66467500
ICICIBANK_F1,20220124,12:23,794.35,794.65,792.20,793.00,536250,66467500
ICICIBANK_F1,20220124,12:24,793.10,793.55,792.65,792.65,181500,66467500
ICICIBANK_F1,20220124,12:25,792.85,794.65,792.85,794.65,110000,66708124
ICICIBANK_F1,20220124,12:26,794.60,795.80,794.40,795.10,199375,66708124
ICICIBANK_F1,20220124,12:27,795.25,795.35,794.50,795.05,199375,66708124
ICICIBANK_F1,20220124,12:28,795.20,795.65,794.95,795.65,118250,66715000
ICICIBANK_F1,20220124,12:29,795.80,796.85,795.75,796.45,112750,66715000
ICICIBANK_F1,20220124,12:30,795.95,796.45,795.55,795.55,77000,66715000
ICICIBANK_F1,20220124,12:31,795.55,796.65,795.15,796.00,116875,66741124
ICICIBANK_F1,20220124,12:32,796.40,796.65,795.70,796.05,50875,66741124
ICICIBANK_F1,20220124,12:33,796.35,797.00,795.75,797.00,79750,66741124
ICICIBANK_F1,20220124,12:34,797.00,798.35,796.40,798.15,215875,66807124
ICICIBANK_F1,20220124,12:35,798.10,798.50,798.00,798.25,111375,66807124
ICICIBANK_F1,20220124,12:36,798.20,799.65,798.00,799.35,134750,66807124
ICICIBANK_F1,20220124,12:37,799.50,799.50,798.30,798.35,53625,66907500
ICICIBANK_F1,20220124,12:38,798.35,798.60,798.00,798.05,111375,66907500
ICICIBANK_F1,20220124,12:39,798.05,798.80,797.95,798.80,94875,66907500
ICICIBANK_F1,20220124,12:40,798.80,798.80,798.30,798.35,52250,66926752
ICICIBANK_F1,20220124,12:41,798.40,798.40,797.65,798.40,123750,66926752
ICICIBANK_F1,20220124,12:42,798.40,798.65,797.75,797.95,63250,66926752
ICICIBANK_F1,20220124,12:43,797.90,798.25,797.80,797.85,64625,67012000
ICICIBANK_F1,20220124,12:44,797.90,798.25,797.60,798.10,184250,67012000
ICICIBANK_F1,20220124,12:45,798.00,798.50,797.55,798.05,163625,67012000
ICICIBANK_F1,20220124,12:46,798.05,799.40,797.80,799.25,116875,67185248
ICICIBANK_F1,20220124,12:47,799.25,799.50,798.50,799.00,48125,67185248
ICICIBANK_F1,20220124,12:48,799.00,799.20,798.60,798.70,31625,67185248
ICICIBANK_F1,20220124,12:49,798.70,798.70,797.70,797.95,42625,67219624
ICICIBANK_F1,20220124,12:50,798.00,798.10,797.75,798.00,68750,67219624
ICICIBANK_F1,20220124,12:51,798.10,798.65,797.70,797.85,94875,67219624
ICICIBANK_F1,20220124,12:52,797.85,798.95,797.20,798.60,141625,67177000
ICICIBANK_F1,20220124,12:53,798.60,798.80,798.20,798.30,57750,67177000
ICICIBANK_F1,20220124,12:54,798.30,798.50,798.25,798.50,15125,67177000
ICICIBANK_F1,20220124,12:55,798.15,799.45,797.60,799.30,63250,67211376
ICICIBANK_F1,20220124,12:56,798.80,799.95,798.80,799.95,57750,67211376
ICICIBANK_F1,20220124,12:57,800.00,800.35,799.85,800.00,83875,67211376
ICICIBANK_F1,20220124,12:58,800.30,800.30,799.60,799.85,35750,67265000
ICICIBANK_F1,20220124,12:59,799.95,801.05,799.95,800.45,247500,67265000
ICICIBANK_F1,20220124,13:00,800.60,800.95,800.20,800.95,72875,67265000
ICICIBANK_F1,20220124,13:01,801.00,801.95,801.00,801.50,112750,67447872
ICICIBANK_F1,20220124,13:02,801.30,802.15,801.25,802.15,85250,67447872
ICICIBANK_F1,20220124,13:03,802.15,803.00,801.85,803.00,242000,67447872
ICICIBANK_F1,20220124,13:04,803.15,803.30,802.60,802.60,93500,67467128
ICICIBANK_F1,20220124,13:05,802.60,802.95,802.10,802.10,63250,67467128
ICICIBANK_F1,20220124,13:06,802.15,802.25,800.20,800.35,86625,67467128
ICICIBANK_F1,20220124,13:07,800.50,801.45,800.50,801.35,56375,67516624
ICICIBANK_F1,20220124,13:08,801.35,801.35,800.45,800.50,72875,67516624
ICICIBANK_F1,20220124,13:09,800.50,800.75,797.90,797.90,107250,67516624
ICICIBANK_F1,20220124,13:10,797.75,798.20,796.20,797.10,210375,66099000
ICICIBANK_F1,20220124,13:11,797.40,797.40,796.55,797.20,53625,66099000
ICICIBANK_F1,20220124,13:12,797.30,797.70,795.75,795.75,143000,66099000
ICICIBANK_F1,20220124,13:13,796.20,796.50,796.00,796.50,35750,66122376
ICICIBANK_F1,20220124,13:14,796.35,796.95,794.30,794.95,79750,66122376
ICICIBANK_F1,20220124,13:15,794.80,797.30,794.80,797.30,114125,66122376
ICICIBANK_F1,20220124,13:16,797.05,798.10,796.70,797.30,74250,66171876
ICICIBANK_F1,20220124,13:17,796.95,797.05,796.00,796.25,60500,66171876
ICICIBANK_F1,20220124,13:18,796.50,796.50,795.55,795.95,33000,66171876
ICICIBANK_F1,20220124,13:19,795.90,796.00,794.90,795.00,96250,66232376
ICICIBANK_F1,20220124,13:20,794.80,796.25,794.65,795.35,123750,66232376
ICICIBANK_F1,20220124,13:21,795.35,796.05,795.35,795.35,42625,66232376
ICICIBANK_F1,20220124,13:22,795.35,796.10,794.10,794.10,137500,66283248
ICICIBANK_F1,20220124,13:23,793.70,794.55,793.20,793.70,156750,66283248
ICICIBANK_F1,20220124,13:24,793.75,794.00,793.25,794.00,59125,66283248
ICICIBANK_F1,20220124,13:25,794.00,794.20,793.50,793.85,67375,66342376
ICICIBANK_F1,20220124,13:26,793.40,794.55,793.20,794.20,72875,66342376
ICICIBANK_F1,20220124,13:27,794.20,795.25,793.00,793.75,206250,66342376
ICICIBANK_F1,20220124,13:28,793.30,793.30,791.90,793.05,196625,66380876
ICICIBANK_F1,20220124,13:29,792.50,792.90,792.10,792.50,86625,66380876
ICICIBANK_F1,20220124,13:30,792.50,793.20,792.50,792.70,59125,66380876
ICICIBANK_F1,20220124,13:31,792.70,794.00,792.60,793.90,74250,66391876
ICICIBANK_F1,20220124,13:32,793.50,794.35,793.10,794.05,82500,66391876
ICICIBANK_F1,20220124,13:33,793.95,794.15,793.10,793.65,100375,66391876
ICICIBANK_F1,20220124,13:34,793.25,794.55,792.65,794.40,72875,66463376
ICICIBANK_F1,20220124,13:35,794.50,795.50,794.25,795.45,170500,66463376
ICICIBANK_F1,20220124,13:36,795.20,795.60,794.55,795.30,66000,66463376
ICICIBANK_F1,20220124,13:37,795.25,795.70,794.50,795.70,85250,66489500
ICICIBANK_F1,20220124,13:38,795.70,795.70,794.65,795.55,34375,66489500
ICICIBANK_F1,20220124,13:39,795.05,795.40,794.80,795.00,57750,66489500
ICICIBANK_F1,20220124,13:40,794.45,795.25,794.45,795.15,39875,66537624
ICICIBANK_F1,20220124,13:41,795.40,795.65,795.25,795.35,28875,66537624
ICICIBANK_F1,20220124,13:42,795.15,795.35,794.50,794.55,166375,66537624
ICICIBANK_F1,20220124,13:43,794.85,795.65,794.50,795.40,45375,66561000
ICICIBANK_F1,20220124,13:44,795.35,795.70,795.20,795.50,35750,66561000
ICICIBANK_F1,20220124,13:45,795.35,795.85,794.95,795.85,71500,66561000
ICICIBANK_F1,20220124,13:46,795.85,795.85,795.00,795.75,35750,66610500
ICICIBANK_F1,20220124,13:47,795.75,796.65,795.50,796.65,119625,66610500
ICICIBANK_F1,20220124,13:48,796.00,796.90,796.00,796.70,39875,66610500
ICICIBANK_F1,20220124,13:49,796.70,796.70,796.05,796.25,185625,66625624
ICICIBANK_F1,20220124,13:50,795.70,795.80,795.35,795.35,35750,66625624
ICICIBANK_F1,20220124,13:51,795.35,796.45,795.35,796.45,30250,66625624
ICICIBANK_F1,20220124,13:52,796.35,796.40,795.60,795.75,27500,66819500
ICICIBANK_F1,20220124,13:53,795.75,795.80,795.45,795.60,26125,66819500
ICICIBANK_F1,20220124,13:54,795.45,796.00,795.45,795.80,30250,66819500
ICICIBANK_F1,20220124,13:55,795.80,795.90,795.40,795.40,33000,66790624
ICICIBANK_F1,20220124,13:56,795.40,795.70,795.40,795.70,13750,66790624
ICICIBANK_F1,20220124,13:57,795.70,795.70,793.55,794.20,101750,66790624
ICICIBANK_F1,20220124,13:58,794.00,794.35,791.05,791.70,253000,66889624
ICICIBANK_F1,20220124,13:59,791.85,792.10,790.80,791.35,169125,66889624
ICICIBANK_F1,20220124,14:00,791.05,791.60,790.65,791.10,114125,66889624
ICICIBANK_F1,20220124,14:01,791.45,792.85,791.30,792.65,71500,66886876
ICICIBANK_F1,20220124,14:02,792.20,792.65,790.55,790.55,160875,66886876
ICICIBANK_F1,20220124,14:03,790.55,791.20,790.55,790.85,264000,66886876
ICICIBANK_F1,20220124,14:04,791.10,791.15,790.15,790.20,81125,66540376
ICICIBANK_F1,20220124,14:05,790.30,790.30,789.20,790.15,162250,66540376
ICICIBANK_F1,20220124,14:06,790.15,791.35,789.95,790.35,119625,66540376
ICICIBANK_F1,20220124,14:07,790.50,790.55,789.40,790.55,99000,66526624
ICICIBANK_F1,20220124,14:08,790.55,790.60,789.45,789.75,74250,66526624
ICICIBANK_F1,20220124,14:09,789.65,789.75,788.25,789.05,136125,66526624
ICICIBANK_F1,20220124,14:10,788.45,788.80,787.95,788.55,152625,66419376
ICICIBANK_F1,20220124,14:11,788.35,789.00,787.05,788.95,209000,66419376
ICICIBANK_F1,20220124,14:12,788.40,788.40,786.40,788.00,203500,66419376
ICICIBANK_F1,20220124,14:13,787.60,789.05,786.75,787.30,154000,66460624
ICICIBANK_F1,20220124,14:14,787.10,787.25,785.15,786.25,257125,66460624
ICICIBANK_F1,20220124,14:15,786.20,786.70,783.65,784.15,408375,66460624
ICICIBANK_F1,20220124,14:16,784.40,787.50,784.40,787.50,217250,66501876
ICICIBANK_F1,20220124,14:17,788.00,790.60,788.00,790.15,275000,66501876
ICICIBANK_F1,20220124,14:18,790.40,791.05,789.35,791.00,203500,66501876
ICICIBANK_F1,20220124,14:19,791.00,793.45,791.00,792.85,270875,66543124
ICICIBANK_F1,20220124,14:20,792.65,792.85,791.05,792.40,141625,66543124
ICICIBANK_F1,20220124,14:21,792.30,792.60,790.15,792.00,177375,66543124
ICICIBANK_F1,20220124,14:22,791.45,792.75,791.30,792.40,75625,66605000
ICICIBANK_F1,20220124,14:23,792.70,795.25,792.70,793.75,144375,66605000
ICICIBANK_F1,20220124,14:24,793.90,794.90,793.90,794.65,134750,66605000
ICICIBANK_F1,20220124,14:25,794.65,794.65,793.25,794.30,250250,66614624
ICICIBANK_F1,20220124,14:26,794.40,795.20,794.15,794.80,312125,66614624
ICICIBANK_F1,20220124,14:27,795.05,795.70,794.55,795.70,242000,66614624
ICICIBANK_F1,20220124,14:28,795.30,795.80,792.55,792.70,167750,66760376
ICICIBANK_F1,20220124,14:29,792.45,793.55,792.05,792.35,169125,66760376
ICICIBANK_F1,20220124,14:30,792.60,792.70,790.05,791.25,154000,66760376
ICICIBANK_F1,20220124,14:31,791.40,792.05,790.35,791.70,169125,66694376
ICICIBANK_F1,20220124,14:32,791.70,794.70,791.55,794.25,148500,66694376
ICICIBANK_F1,20220124,14:33,794.05,796.85,793.95,796.55,178750,66694376
ICICIBANK_F1,20220124,14:34,796.00,796.60,795.85,795.90,115500,66720500
ICICIBANK_F1,20220124,14:35,795.90,796.15,795.50,796.00,104500,66720500
ICICIBANK_F1,20220124,14:36,795.80,797.00,795.80,797.00,94875,66720500
ICICIBANK_F1,20220124,14:37,796.80,796.95,795.60,796.70,159500,66653124
ICICIBANK_F1,20220124,14:38,796.65,796.90,794.90,796.50,200750,66653124
ICICIBANK_F1,20220124,14:39,796.50,796.50,794.90,794.90,61875,66653124
ICICIBANK_F1,20220124,14:40,795.15,795.45,794.60,795.05,57750,66720500
ICICIBANK_F1,20220124,14:41,794.85,796.30,793.15,793.15,89375,66720500
ICICIBANK_F1,20220124,14:42,793.75,793.80,792.10,793.00,103125,66720500
ICICIBANK_F1,20220124,14:43,793.00,793.70,792.05,792.05,44000,66737000
ICICIBANK_F1,20220124,14:44,792.10,794.40,792.10,794.40,92125,66737000
ICICIBANK_F1,20220124,14:45,794.85,795.10,794.00,794.05,149875,66737000
ICICIBANK_F1,20220124,14:46,794.20,794.50,793.20,793.30,86625,66739752
ICICIBANK_F1,20220124,14:47,793.10,793.15,792.35,792.35,228250,66739752
ICICIBANK_F1,20220124,14:48,792.35,793.90,792.25,792.45,67375,66739752
ICICIBANK_F1,20220124,14:49,792.45,792.90,792.30,792.60,66000,66739752
ICICIBANK_F1,20220124,14:50,792.45,793.15,791.80,792.30,53625,66742500
ICICIBANK_F1,20220124,14:51,792.10,792.45,791.30,791.45,59125,66742500
ICICIBANK_F1,20220124,14:52,791.65,792.80,791.60,791.95,122375,66728752
ICICIBANK_F1,20220124,14:53,791.55,791.80,790.15,791.30,129250,66728752
ICICIBANK_F1,20220124,14:54,791.25,792.40,790.70,792.40,115500,66728752
ICICIBANK_F1,20220124,14:55,792.15,792.90,791.90,792.90,101750,66728752
ICICIBANK_F1,20220124,14:56,792.90,793.85,792.25,792.75,114125,66754876
ICICIBANK_F1,20220124,14:57,793.40,794.15,792.60,793.50,59125,66754876
ICICIBANK_F1,20220124,14:58,793.80,796.65,793.50,796.35,160875,66812624
ICICIBANK_F1,20220124,14:59,796.60,797.00,795.55,797.00,111375,66812624
ICICIBANK_F1,20220124,15:00,796.70,796.70,795.70,796.20,100375,66812624
ICICIBANK_F1,20220124,15:01,796.25,799.00,796.25,799.00,255750,66915752
ICICIBANK_F1,20220124,15:02,798.90,799.90,798.75,799.40,277750,66915752
ICICIBANK_F1,20220124,15:03,799.45,800.50,799.00,800.10,265375,66915752
ICICIBANK_F1,20220124,15:04,800.00,800.40,799.30,800.40,129250,66959752
ICICIBANK_F1,20220124,15:05,800.00,800.50,798.75,800.00,310750,66959752
ICICIBANK_F1,20220124,15:06,799.80,799.80,798.30,798.90,185625,66959752
ICICIBANK_F1,20220124,15:07,799.00,799.85,799.00,799.45,121000,66536248
ICICIBANK_F1,20220124,15:08,799.30,800.15,799.00,799.65,81125,66536248
ICICIBANK_F1,20220124,15:09,799.30,800.00,798.60,800.00,181500,66536248
ICICIBANK_F1,20220124,15:10,800.20,801.05,799.40,801.05,321750,66594000
ICICIBANK_F1,20220124,15:11,801.00,801.35,800.30,801.35,213125,66594000
ICICIBANK_F1,20220124,15:12,801.35,801.45,800.60,801.00,125125,66594000
ICICIBANK_F1,20220124,15:13,800.55,801.55,800.45,801.40,159500,66647624
ICICIBANK_F1,20220124,15:14,801.40,803.20,801.40,803.05,160875,66647624
ICICIBANK_F1,20220124,15:15,802.95,803.65,802.30,803.65,181500,66647624
ICICIBANK_F1,20220124,15:16,803.65,803.90,803.00,803.55,275000,66697124
ICICIBANK_F1,20220124,15:17,803.40,803.70,802.50,802.65,210375,66697124
ICICIBANK_F1,20220124,15:18,802.30,802.45,800.50,800.65,140250,66697124
ICICIBANK_F1,20220124,15:19,800.70,800.85,798.35,798.80,232375,66060500
ICICIBANK_F1,20220124,15:20,798.40,800.15,798.40,799.85,193875,66060500
ICICIBANK_F1,20220124,15:21,799.95,800.30,798.05,798.05,276375,66060500
ICICIBANK_F1,20220124,15:22,798.40,799.00,796.85,797.00,251625,66060500
ICICIBANK_F1,20220124,15:23,797.05,797.75,796.60,796.85,165000,65983500
ICICIBANK_F1,20220124,15:24,796.85,797.15,795.10,795.60,185625,65983500
ICICIBANK_F1,20220124,15:25,795.65,795.95,794.85,795.10,173250,65983500
ICICIBANK_F1,20220124,15:26,795.00,796.45,794.65,794.65,195250,66061876
ICICIBANK_F1,20220124,15:27,794.90,795.00,794.05,794.20,166375,66061876
ICICIBANK_F1,20220124,15:28,794.20,794.30,793.10,793.40,206250,66061876
ICICIBANK_F1,20220124,15:29,793.65,793.65,791.60,792.05,625625,66193876
ICICIBANK_F1,20220124,15:30,792.05,792.50,791.60,792.20,272250,66193876
ICICIBANK_F1,20220124,15:31,791.90,791.90,791.90,791.90,5500,66193876
ICICIBANK_F1,20220124,19:10,798.30,798.30,798.30,798.30,1,34923624
