BANKBARODA_F1,20221212,09:16,189.30,190.15,188.65,190.10,883350,86837400
BANKBARODA_F1,20221212,09:17,190.10,190.55,189.65,189.65,1175850,86837400
BANKBARODA_F1,20221212,09:18,189.70,189.70,188.55,188.80,801450,86854952
BANKBARODA_F1,20221212,09:19,188.60,188.70,187.40,187.60,824850,86854952
BANKBARODA_F1,20221212,09:20,187.55,188.75,187.30,188.75,731250,86854952
BANKBARODA_F1,20221212,09:21,188.65,189.00,188.30,188.95,462150,86977800
BANKBARODA_F1,20221212,09:22,188.95,189.00,188.55,188.60,204750,86977800
BANKBARODA_F1,20221212,09:23,188.65,188.65,187.70,188.00,579150,86977800
BANKBARODA_F1,20221212,09:24,188.10,188.20,187.65,187.70,386100,87106496
BANKBARODA_F1,20221212,09:25,187.75,187.85,187.55,187.85,111150,87106496
BANKBARODA_F1,20221212,09:26,187.55,187.90,187.55,187.85,368550,87106496
BANKBARODA_F1,20221212,09:27,187.95,188.10,187.65,187.85,251550,87246896
BANKBARODA_F1,20221212,09:28,187.85,188.30,187.85,188.30,169650,87246896
BANKBARODA_F1,20221212,09:29,188.15,188.50,188.10,188.30,234000,87246896
BANKBARODA_F1,20221212,09:30,188.20,188.20,187.70,187.75,245700,87358048
BANKBARODA_F1,20221212,09:31,187.85,187.90,187.55,187.60,251550,87358048
BANKBARODA_F1,20221212,09:32,187.40,187.50,186.85,187.15,748800,87358048
BANKBARODA_F1,20221212,09:33,187.10,187.75,187.10,187.75,251550,87217648
BANKBARODA_F1,20221212,09:34,187.65,188.30,187.60,188.05,274950,87217648
BANKBARODA_F1,20221212,09:35,188.20,188.30,187.70,188.05,643500,87217648
BANKBARODA_F1,20221212,09:36,188.10,188.55,188.10,188.25,432900,87252752
BANKBARODA_F1,20221212,09:37,188.20,188.50,188.10,188.35,257400,87252752
BANKBARODA_F1,20221212,09:38,188.40,188.60,188.35,188.55,245700,87252752
BANKBARODA_F1,20221212,09:39,188.50,188.60,188.20,188.20,280800,87223504
BANKBARODA_F1,20221212,09:40,188.25,188.50,188.15,188.40,263250,87223504
BANKBARODA_F1,20221212,09:41,188.45,188.45,188.05,188.05,105300,87223504
BANKBARODA_F1,20221212,09:42,188.10,188.50,188.10,188.45,87750,87317104
BANKBARODA_F1,20221212,09:43,188.45,188.75,188.40,188.75,210600,87317104
BANKBARODA_F1,20221212,09:44,188.80,189.10,188.75,189.10,432900,87317104
BANKBARODA_F1,20221212,09:45,189.20,189.85,189.15,189.75,503100,87346352
BANKBARODA_F1,20221212,09:46,189.80,190.30,189.70,190.30,906750,87346352
BANKBARODA_F1,20221212,09:47,190.15,190.25,189.60,189.65,409500,87346352
BANKBARODA_F1,20221212,09:48,189.60,189.70,189.50,189.50,169650,87293696
BANKBARODA_F1,20221212,09:49,189.55,189.60,189.00,189.00,292500,87293696
BANKBARODA_F1,20221212,09:50,189.10,189.65,189.10,189.65,175500,87293696
BANKBARODA_F1,20221212,09:51,189.50,189.70,189.30,189.70,210600,87492600
BANKBARODA_F1,20221212,09:52,189.60,189.85,189.60,189.60,228150,87492600
BANKBARODA_F1,20221212,09:53,189.65,190.40,189.60,190.40,631800,87492600
BANKBARODA_F1,20221212,09:54,190.40,190.90,190.30,190.35,707850,87627152
BANKBARODA_F1,20221212,09:55,190.35,190.35,190.20,190.30,169650,87627152
BANKBARODA_F1,20221212,09:56,190.45,190.45,190.15,190.15,269100,87627152
BANKBARODA_F1,20221212,09:57,190.15,190.15,189.90,189.90,93600,87767552
BANKBARODA_F1,20221212,09:58,189.90,190.10,189.90,190.00,257400,87767552
BANKBARODA_F1,20221212,09:59,189.80,189.90,189.75,189.75,175500,87767552
BANKBARODA_F1,20221212,10:00,190.00,190.30,190.00,190.15,228150,87750000
BANKBARODA_F1,20221212,10:01,190.10,190.30,190.10,190.20,117000,87750000
BANKBARODA_F1,20221212,10:02,190.15,190.40,190.15,190.40,76050,87750000
BANKBARODA_F1,20221212,10:03,190.65,191.15,190.65,191.15,415350,87872848
BANKBARODA_F1,20221212,10:04,191.40,191.50,190.65,190.80,631800,87872848
BANKBARODA_F1,20221212,10:05,190.75,191.10,190.70,190.90,386100,87872848
BANKBARODA_F1,20221212,10:06,190.90,191.00,190.85,191.00,140400,87691504
BANKBARODA_F1,20221212,10:07,191.00,191.00,190.95,190.95,193050,87691504
BANKBARODA_F1,20221212,10:08,191.15,191.15,190.60,190.60,263250,87691504
BANKBARODA_F1,20221212,10:09,190.60,190.70,190.40,190.70,292500,87633000
BANKBARODA_F1,20221212,10:10,190.70,190.70,190.40,190.40,140400,87633000
BANKBARODA_F1,20221212,10:11,190.35,190.35,189.85,189.85,456300,87633000
BANKBARODA_F1,20221212,10:12,189.80,190.10,189.75,190.00,333450,87445800
BANKBARODA_F1,20221212,10:13,190.10,190.20,190.10,190.15,70200,87445800
BANKBARODA_F1,20221212,10:14,190.10,190.30,190.05,190.05,193050,87445800
BANKBARODA_F1,20221212,10:15,190.00,190.05,189.90,190.05,64350,87445800
BANKBARODA_F1,20221212,10:16,190.05,190.05,189.65,189.65,152100,87516000
BANKBARODA_F1,20221212,10:17,189.55,189.90,189.45,189.65,321750,87516000
BANKBARODA_F1,20221212,10:18,189.65,189.75,189.60,189.70,87750,87539400
BANKBARODA_F1,20221212,10:19,189.70,189.95,189.70,189.95,76050,87539400
BANKBARODA_F1,20221212,10:20,190.05,190.10,190.00,190.00,76050,87539400
BANKBARODA_F1,20221212,10:21,190.00,190.00,189.70,189.70,46800,87562800
BANKBARODA_F1,20221212,10:22,189.90,189.90,189.70,189.70,111150,87562800
BANKBARODA_F1,20221212,10:23,189.75,189.80,189.65,189.80,93600,87562800
BANKBARODA_F1,20221212,10:24,189.85,189.90,189.75,189.75,64350,87562800
BANKBARODA_F1,20221212,10:25,189.70,189.75,189.60,189.60,105300,87556952
BANKBARODA_F1,20221212,10:26,189.70,189.70,189.45,189.45,122850,87556952
BANKBARODA_F1,20221212,10:27,189.40,189.40,189.40,189.40,40950,87556952
BANKBARODA_F1,20221212,10:28,189.40,189.40,189.20,189.20,128700,87533552
BANKBARODA_F1,20221212,10:29,189.25,189.40,189.25,189.25,93600,87533552
BANKBARODA_F1,20221212,10:30,189.25,189.35,189.10,189.35,245700,87533552
BANKBARODA_F1,20221212,10:31,189.35,189.35,189.35,189.35,99450,87510152
BANKBARODA_F1,20221212,10:32,189.25,189.45,189.25,189.30,105300,87510152
BANKBARODA_F1,20221212,10:33,189.30,189.30,188.95,188.95,140400,87539400
BANKBARODA_F1,20221212,10:34,189.15,189.30,189.15,189.30,216450,87539400
BANKBARODA_F1,20221212,10:35,189.20,189.20,189.20,189.20,35100,87539400
BANKBARODA_F1,20221212,10:36,189.25,189.25,189.15,189.15,29250,87439952
BANKBARODA_F1,20221212,10:37,189.20,189.20,189.15,189.15,35100,87439952
BANKBARODA_F1,20221212,10:38,189.15,189.15,189.05,189.05,40950,87439952
BANKBARODA_F1,20221212,10:39,188.95,188.95,188.80,188.80,169650,87416552
BANKBARODA_F1,20221212,10:40,188.80,188.85,188.80,188.85,58500,87416552
BANKBARODA_F1,20221212,10:41,188.90,188.90,188.65,188.65,134550,87416552
BANKBARODA_F1,20221212,10:42,188.45,188.65,188.45,188.65,280800,87416552
BANKBARODA_F1,20221212,10:43,188.65,188.65,188.40,188.40,99450,87293696
BANKBARODA_F1,20221212,10:44,188.45,188.80,188.45,188.80,29250,87293696
BANKBARODA_F1,20221212,10:45,188.60,188.60,188.50,188.55,76050,87287848
BANKBARODA_F1,20221212,10:46,188.60,188.80,188.60,188.60,46800,87287848
BANKBARODA_F1,20221212,10:47,188.75,188.75,188.60,188.60,29250,87287848
BANKBARODA_F1,20221212,10:48,188.50,188.50,188.45,188.45,70200,87287848
BANKBARODA_F1,20221212,10:49,188.40,188.50,188.40,188.50,64350,87270304
BANKBARODA_F1,20221212,10:50,188.50,188.65,188.50,188.65,23400,87270304
BANKBARODA_F1,20221212,10:51,188.65,188.75,188.65,188.75,146250,87270304
BANKBARODA_F1,20221212,10:52,188.65,188.70,188.65,188.70,46800,87293696
BANKBARODA_F1,20221212,10:53,188.80,188.85,188.80,188.85,70200,87293696
BANKBARODA_F1,20221212,10:54,188.85,188.95,188.70,188.70,64350,87293696
BANKBARODA_F1,20221212,10:55,188.70,188.75,188.70,188.75,17550,87293696
BANKBARODA_F1,20221212,10:56,188.90,189.00,188.90,188.90,40950,87293696
BANKBARODA_F1,20221212,10:57,188.70,188.90,188.70,188.90,87750,87293696
BANKBARODA_F1,20221212,10:58,188.95,188.95,188.70,188.70,58500,87340496
BANKBARODA_F1,20221212,10:59,188.80,188.90,188.70,188.70,64350,87340496
BANKBARODA_F1,20221212,11:00,188.60,188.60,188.35,188.40,99450,87328800
BANKBARODA_F1,20221212,11:01,188.30,188.30,188.20,188.20,29250,87328800
BANKBARODA_F1,20221212,11:02,188.30,188.35,188.20,188.20,117000,87328800
BANKBARODA_F1,20221212,11:03,188.25,188.35,188.25,188.35,64350,87317104
BANKBARODA_F1,20221212,11:04,188.10,188.10,187.95,187.95,99450,87317104
BANKBARODA_F1,20221212,11:05,187.80,187.90,187.80,187.90,374400,87317104
BANKBARODA_F1,20221212,11:06,187.90,187.90,187.65,187.65,58500,87317104
BANKBARODA_F1,20221212,11:07,187.55,187.60,187.45,187.45,193050,87352200
BANKBARODA_F1,20221212,11:08,187.50,187.55,187.50,187.55,76050,87352200
BANKBARODA_F1,20221212,11:09,187.45,187.45,187.25,187.25,181350,87346352
BANKBARODA_F1,20221212,11:10,187.30,187.40,187.20,187.35,64350,87346352
BANKBARODA_F1,20221212,11:11,187.50,187.65,187.45,187.65,128700,87346352
BANKBARODA_F1,20221212,11:12,187.70,188.05,187.70,188.05,122850,87346352
BANKBARODA_F1,20221212,11:13,188.00,188.45,187.95,188.30,134550,87410704
BANKBARODA_F1,20221212,11:14,188.40,188.40,188.30,188.40,52650,87410704
BANKBARODA_F1,20221212,11:15,188.45,188.60,188.45,188.60,117000,87410704
BANKBARODA_F1,20221212,11:16,188.55,188.65,188.25,188.25,122850,87469200
BANKBARODA_F1,20221212,11:17,188.35,188.35,188.30,188.30,52650,87469200
BANKBARODA_F1,20221212,11:18,188.40,188.40,188.15,188.20,35100,87469200
BANKBARODA_F1,20221212,11:19,187.95,188.00,187.90,188.00,111150,87463352
BANKBARODA_F1,20221212,11:20,188.00,188.00,188.00,188.00,5850,87463352
BANKBARODA_F1,20221212,11:21,188.05,188.10,188.00,188.10,29250,87463352
BANKBARODA_F1,20221212,11:22,188.20,188.40,188.20,188.35,204750,87457504
BANKBARODA_F1,20221212,11:23,188.40,188.40,188.10,188.10,40950,87457504
BANKBARODA_F1,20221212,11:24,188.00,188.10,188.00,188.10,46800,87457504
BANKBARODA_F1,20221212,11:25,188.05,188.05,187.80,187.80,40950,87556952
BANKBARODA_F1,20221212,11:26,187.80,187.85,187.70,187.70,40950,87556952
BANKBARODA_F1,20221212,11:27,187.75,187.80,187.75,187.80,52650,87556952
BANKBARODA_F1,20221212,11:28,188.10,188.10,188.10,188.10,5850,87580352
BANKBARODA_F1,20221212,11:29,188.00,188.00,188.00,188.00,11700,87580352
BANKBARODA_F1,20221212,11:30,188.20,188.20,188.05,188.05,35100,87580352
BANKBARODA_F1,20221212,11:31,188.10,188.20,188.05,188.20,23400,87574496
BANKBARODA_F1,20221212,11:33,188.20,188.20,188.20,188.20,11700,87574496
BANKBARODA_F1,20221212,11:34,188.10,188.10,188.10,188.10,17550,87597904
BANKBARODA_F1,20221212,11:35,188.05,188.05,188.05,188.05,29250,87597904
BANKBARODA_F1,20221212,11:36,187.90,187.90,187.90,187.90,11700,87597904
BANKBARODA_F1,20221212,11:37,187.85,187.95,187.85,187.95,58500,87592048
BANKBARODA_F1,20221212,11:38,187.85,187.90,187.85,187.90,11700,87592048
BANKBARODA_F1,20221212,11:39,187.85,188.15,187.85,188.05,87750,87592048
BANKBARODA_F1,20221212,11:40,188.00,188.20,187.95,188.20,46800,87568648
BANKBARODA_F1,20221212,11:41,188.05,188.20,188.05,188.20,70200,87568648
BANKBARODA_F1,20221212,11:42,188.20,188.20,188.10,188.10,23400,87568648
BANKBARODA_F1,20221212,11:43,188.10,188.10,187.95,187.95,17550,87556952
BANKBARODA_F1,20221212,11:44,187.90,187.90,187.80,187.80,64350,87556952
BANKBARODA_F1,20221212,11:45,187.75,187.75,187.75,187.75,29250,87556952
BANKBARODA_F1,20221212,11:46,187.90,187.90,187.80,187.85,23400,87539400
BANKBARODA_F1,20221212,11:48,187.85,187.85,187.80,187.85,23400,87539400
BANKBARODA_F1,20221212,11:49,187.80,187.80,187.80,187.80,17550,87562800
BANKBARODA_F1,20221212,11:50,187.75,187.75,187.75,187.75,5850,87562800
BANKBARODA_F1,20221212,11:52,187.90,187.90,187.85,187.85,52650,87568648
BANKBARODA_F1,20221212,11:53,187.85,187.85,187.85,187.85,5850,87568648
BANKBARODA_F1,20221212,11:54,187.80,187.80,187.70,187.80,35100,87568648
BANKBARODA_F1,20221212,11:55,187.85,187.90,187.85,187.85,23400,87568648
BANKBARODA_F1,20221212,11:56,187.90,188.00,187.90,187.95,81900,87568648
BANKBARODA_F1,20221212,11:57,187.90,187.90,187.85,187.90,23400,87568648
BANKBARODA_F1,20221212,11:59,187.80,188.25,187.80,188.25,99450,87603752
BANKBARODA_F1,20221212,12:00,188.25,188.30,188.25,188.30,17550,87603752
BANKBARODA_F1,20221212,12:01,188.35,188.65,188.35,188.55,163800,87621296
BANKBARODA_F1,20221212,12:02,188.65,188.70,188.65,188.70,146250,87621296
BANKBARODA_F1,20221212,12:03,188.70,188.70,188.70,188.70,23400,87621296
BANKBARODA_F1,20221212,12:04,188.70,188.75,188.70,188.75,105300,87767552
BANKBARODA_F1,20221212,12:05,188.70,188.95,188.70,188.95,169650,87767552
BANKBARODA_F1,20221212,12:06,189.20,189.40,189.15,189.40,304200,87767552
BANKBARODA_F1,20221212,12:07,189.40,189.40,189.40,189.40,485550,87656400
BANKBARODA_F1,20221212,12:08,189.55,189.60,189.35,189.50,245700,87656400
BANKBARODA_F1,20221212,12:09,189.35,189.35,189.30,189.30,35100,87656400
BANKBARODA_F1,20221212,12:10,189.15,189.20,189.15,189.20,58500,87516000
BANKBARODA_F1,20221212,12:11,189.00,189.05,189.00,189.05,122850,87516000
BANKBARODA_F1,20221212,12:12,189.10,189.20,189.10,189.15,52650,87516000
BANKBARODA_F1,20221212,12:13,189.00,189.00,188.95,188.95,35100,87428248
BANKBARODA_F1,20221212,12:14,188.95,188.95,188.65,188.65,35100,87428248
BANKBARODA_F1,20221212,12:15,188.70,188.75,188.65,188.65,52650,87428248
BANKBARODA_F1,20221212,12:16,188.60,188.70,188.60,188.70,46800,87416552
BANKBARODA_F1,20221212,12:17,188.75,188.80,188.70,188.70,70200,87416552
BANKBARODA_F1,20221212,12:18,188.55,188.55,188.45,188.50,58500,87416552
BANKBARODA_F1,20221212,12:19,188.50,188.50,188.35,188.35,40950,87410704
BANKBARODA_F1,20221212,12:20,188.35,188.50,188.35,188.50,87750,87410704
BANKBARODA_F1,20221212,12:21,188.55,188.55,188.30,188.30,23400,87410704
BANKBARODA_F1,20221212,12:22,188.35,188.45,188.30,188.45,52650,87428248
BANKBARODA_F1,20221212,12:23,188.65,188.65,188.65,188.65,17550,87428248
BANKBARODA_F1,20221212,12:24,188.90,188.90,188.80,188.90,58500,87428248
BANKBARODA_F1,20221212,12:25,188.90,189.10,188.85,189.10,105300,87416552
BANKBARODA_F1,20221212,12:26,189.05,189.15,188.90,188.90,52650,87416552
BANKBARODA_F1,20221212,12:27,189.05,189.10,189.00,189.10,17550,87416552
BANKBARODA_F1,20221212,12:28,189.00,189.00,188.95,188.95,35100,87410704
BANKBARODA_F1,20221212,12:29,188.90,188.90,188.75,188.75,40950,87410704
BANKBARODA_F1,20221212,12:30,188.80,189.00,188.80,189.00,23400,87410704
BANKBARODA_F1,20221212,12:31,188.90,188.90,188.85,188.85,29250,87428248
BANKBARODA_F1,20221212,12:32,188.75,188.75,188.75,188.75,11700,87428248
BANKBARODA_F1,20221212,12:33,188.75,188.80,188.60,188.60,29250,87428248
BANKBARODA_F1,20221212,12:34,188.50,188.55,188.50,188.55,40950,87428248
BANKBARODA_F1,20221212,12:35,188.75,188.80,188.70,188.70,52650,87428248
BANKBARODA_F1,20221212,12:36,188.80,188.80,188.65,188.65,23400,87428248
BANKBARODA_F1,20221212,12:38,188.80,188.80,188.80,188.80,5850,87410704
BANKBARODA_F1,20221212,12:39,188.85,189.00,188.85,189.00,64350,87410704
BANKBARODA_F1,20221212,12:40,189.05,189.15,189.05,189.15,17550,87422400
BANKBARODA_F1,20221212,12:41,189.25,189.25,189.25,189.25,40950,87422400
BANKBARODA_F1,20221212,12:42,189.10,189.25,189.10,189.25,23400,87422400
BANKBARODA_F1,20221212,12:43,189.40,189.50,189.30,189.50,193050,87404848
BANKBARODA_F1,20221212,12:44,189.50,189.50,189.40,189.45,23400,87404848
BANKBARODA_F1,20221212,12:45,189.40,189.40,189.20,189.20,58500,87404848
BANKBARODA_F1,20221212,12:46,189.25,189.35,189.25,189.35,52650,87439952
BANKBARODA_F1,20221212,12:47,189.40,189.50,189.40,189.50,58500,87439952
BANKBARODA_F1,20221212,12:48,189.45,189.50,189.40,189.40,40950,87439952
BANKBARODA_F1,20221212,12:49,189.20,189.20,189.10,189.10,29250,87439952
BANKBARODA_F1,20221212,12:50,189.10,189.10,188.90,189.00,70200,87439952
BANKBARODA_F1,20221212,12:51,189.00,189.00,188.80,188.85,64350,87439952
BANKBARODA_F1,20221212,12:52,188.95,188.95,188.95,188.95,5850,87457504
BANKBARODA_F1,20221212,12:53,188.75,188.75,188.70,188.70,87750,87457504
BANKBARODA_F1,20221212,12:54,188.85,189.10,188.85,189.10,29250,87457504
BANKBARODA_F1,20221212,12:55,189.15,189.15,189.15,189.15,11700,87393152
BANKBARODA_F1,20221212,12:56,189.10,189.10,188.75,189.10,46800,87393152
BANKBARODA_F1,20221212,12:57,189.20,189.25,189.10,189.10,29250,87393152
BANKBARODA_F1,20221212,12:58,189.05,189.05,189.05,189.05,17550,87428248
BANKBARODA_F1,20221212,12:59,189.00,189.10,189.00,189.00,29250,87428248
BANKBARODA_F1,20221212,13:00,189.05,189.15,189.05,189.15,52650,87428248
BANKBARODA_F1,20221212,13:01,189.15,189.55,189.15,189.45,157950,87457504
BANKBARODA_F1,20221212,13:02,189.45,189.85,189.45,189.80,251550,87457504
BANKBARODA_F1,20221212,13:03,189.75,189.85,189.50,189.80,122850,87457504
BANKBARODA_F1,20221212,13:04,189.70,189.70,189.70,189.70,11700,87428248
BANKBARODA_F1,20221212,13:05,189.60,189.60,189.35,189.35,52650,87428248
BANKBARODA_F1,20221212,13:06,189.40,189.40,189.20,189.20,40950,87428248
BANKBARODA_F1,20221212,13:07,189.25,189.40,189.20,189.20,29250,87410704
BANKBARODA_F1,20221212,13:08,189.30,189.40,189.30,189.40,52650,87410704
BANKBARODA_F1,20221212,13:09,189.35,189.35,189.30,189.30,17550,87410704
BANKBARODA_F1,20221212,13:10,189.20,189.25,189.15,189.25,76050,87381448
BANKBARODA_F1,20221212,13:11,189.35,189.35,189.35,189.35,58500,87381448
BANKBARODA_F1,20221212,13:12,189.40,189.45,189.30,189.30,29250,87381448
BANKBARODA_F1,20221212,13:13,189.20,189.20,189.10,189.10,23400,87381448
BANKBARODA_F1,20221212,13:14,189.20,189.20,189.20,189.20,17550,87381448
BANKBARODA_F1,20221212,13:15,189.30,189.40,189.30,189.40,40950,87381448
BANKBARODA_F1,20221212,13:16,189.25,189.25,189.25,189.25,23400,87381448
BANKBARODA_F1,20221212,13:17,189.10,189.10,189.10,189.10,5850,87381448
BANKBARODA_F1,20221212,13:18,189.05,189.05,188.80,188.80,29250,87381448
BANKBARODA_F1,20221212,13:19,188.80,188.95,188.80,188.85,46800,87399000
BANKBARODA_F1,20221212,13:20,188.85,188.85,188.85,188.85,5850,87399000
BANKBARODA_F1,20221212,13:21,188.95,189.00,188.95,189.00,70200,87399000
BANKBARODA_F1,20221212,13:22,189.10,189.10,189.10,189.10,23400,87445800
BANKBARODA_F1,20221212,13:23,189.15,189.30,189.15,189.30,70200,87445800
BANKBARODA_F1,20221212,13:24,189.20,189.20,189.20,189.20,5850,87445800
BANKBARODA_F1,20221212,13:25,189.00,189.00,188.95,188.95,23400,87445800
BANKBARODA_F1,20221212,13:26,189.00,189.00,188.70,188.70,23400,87510152
BANKBARODA_F1,20221212,13:27,188.75,188.75,188.65,188.75,46800,87510152
BANKBARODA_F1,20221212,13:28,188.70,188.75,188.70,188.70,23400,87463352
BANKBARODA_F1,20221212,13:29,188.75,188.75,188.70,188.70,35100,87463352
BANKBARODA_F1,20221212,13:30,188.70,188.80,188.70,188.80,23400,87463352
BANKBARODA_F1,20221212,13:31,188.75,188.75,188.60,188.60,70200,87492600
BANKBARODA_F1,20221212,13:32,188.55,188.55,188.50,188.50,35100,87492600
BANKBARODA_F1,20221212,13:33,188.50,188.80,188.50,188.80,87750,87492600
BANKBARODA_F1,20221212,13:34,188.70,188.90,188.70,188.85,40950,87434096
BANKBARODA_F1,20221212,13:35,188.70,188.80,188.70,188.80,11700,87434096
BANKBARODA_F1,20221212,13:36,188.85,189.10,188.85,189.10,35100,87434096
BANKBARODA_F1,20221212,13:37,189.25,189.50,189.25,189.35,193050,87475048
BANKBARODA_F1,20221212,13:38,189.40,189.50,189.40,189.50,76050,87475048
BANKBARODA_F1,20221212,13:39,189.50,189.65,189.50,189.65,35100,87475048
BANKBARODA_F1,20221212,13:40,189.55,189.60,189.55,189.55,58500,87428248
BANKBARODA_F1,20221212,13:41,189.40,189.40,189.30,189.40,99450,87428248
BANKBARODA_F1,20221212,13:42,189.50,189.50,189.50,189.50,58500,87428248
BANKBARODA_F1,20221212,13:43,189.60,189.60,189.60,189.60,64350,87393152
BANKBARODA_F1,20221212,13:44,189.60,189.65,189.55,189.65,29250,87393152
BANKBARODA_F1,20221212,13:45,189.60,189.60,189.55,189.60,70200,87393152
BANKBARODA_F1,20221212,13:46,189.70,190.75,189.70,190.70,614250,87381448
BANKBARODA_F1,20221212,13:47,190.80,191.25,190.60,191.00,1468350,87381448
BANKBARODA_F1,20221212,13:48,191.00,191.05,190.20,190.35,485550,87381448
BANKBARODA_F1,20221212,13:49,190.40,190.45,189.85,189.95,479700,87287848
BANKBARODA_F1,20221212,13:50,190.00,190.05,189.80,190.05,198900,87287848
BANKBARODA_F1,20221212,13:51,189.90,190.00,189.90,190.00,122850,87287848
BANKBARODA_F1,20221212,13:52,189.80,189.85,189.80,189.85,111150,87182552
BANKBARODA_F1,20221212,13:53,189.80,189.80,189.45,189.60,157950,87182552
BANKBARODA_F1,20221212,13:54,189.55,189.55,189.35,189.45,40950,87182552
BANKBARODA_F1,20221212,13:55,189.50,189.50,189.45,189.50,29250,87229352
BANKBARODA_F1,20221212,13:56,189.50,189.75,189.50,189.75,58500,87229352
BANKBARODA_F1,20221212,13:57,189.65,189.70,189.65,189.70,17550,87229352
BANKBARODA_F1,20221212,13:58,189.75,189.95,189.75,189.95,198900,87270304
BANKBARODA_F1,20221212,13:59,189.95,189.95,189.70,189.80,105300,87270304
BANKBARODA_F1,20221212,14:00,189.80,189.85,189.80,189.85,11700,87270304
BANKBARODA_F1,20221212,14:01,189.95,190.10,189.95,190.10,105300,87258600
BANKBARODA_F1,20221212,14:02,189.95,189.95,189.90,189.95,93600,87258600
BANKBARODA_F1,20221212,14:03,190.00,190.00,189.75,189.75,35100,87258600
BANKBARODA_F1,20221212,14:04,189.75,189.95,189.75,189.95,46800,87252752
BANKBARODA_F1,20221212,14:05,189.85,189.90,189.85,189.90,23400,87252752
BANKBARODA_F1,20221212,14:06,189.85,189.85,189.85,189.85,17550,87252752
BANKBARODA_F1,20221212,14:07,189.85,189.85,189.75,189.75,17550,87270304
BANKBARODA_F1,20221212,14:08,189.80,189.85,189.75,189.75,40950,87270304
BANKBARODA_F1,20221212,14:09,189.70,189.70,189.60,189.70,29250,87270304
BANKBARODA_F1,20221212,14:10,189.70,190.50,189.70,190.50,163800,87287848
BANKBARODA_F1,20221212,14:11,190.50,190.50,190.15,190.30,81900,87287848
BANKBARODA_F1,20221212,14:12,190.30,190.30,190.30,190.30,35100,87287848
BANKBARODA_F1,20221212,14:13,190.10,190.55,190.10,190.50,140400,87293696
BANKBARODA_F1,20221212,14:14,190.50,190.50,190.30,190.30,40950,87293696
BANKBARODA_F1,20221212,14:15,190.30,190.35,190.25,190.25,105300,87293696
BANKBARODA_F1,20221212,14:16,190.45,190.55,190.45,190.55,64350,87246896
BANKBARODA_F1,20221212,14:17,190.55,190.65,190.50,190.60,93600,87246896
BANKBARODA_F1,20221212,14:18,190.50,190.50,190.40,190.40,29250,87246896
BANKBARODA_F1,20221212,14:19,190.30,190.30,190.20,190.20,70200,87270304
BANKBARODA_F1,20221212,14:20,190.05,190.10,189.90,189.90,134550,87270304
BANKBARODA_F1,20221212,14:21,189.95,190.20,189.85,190.10,134550,87270304
BANKBARODA_F1,20221212,14:22,190.10,190.10,190.05,190.05,35100,87334648
BANKBARODA_F1,20221212,14:23,190.00,190.00,189.80,189.80,117000,87334648
BANKBARODA_F1,20221212,14:24,189.75,189.75,189.50,189.65,175500,87334648
BANKBARODA_F1,20221212,14:25,189.65,189.70,189.55,189.70,58500,87305400
BANKBARODA_F1,20221212,14:26,189.65,189.75,189.65,189.70,23400,87305400
BANKBARODA_F1,20221212,14:27,189.65,189.80,189.60,189.80,29250,87305400
BANKBARODA_F1,20221212,14:28,189.70,189.70,189.70,189.70,5850,87305400
BANKBARODA_F1,20221212,14:29,189.70,189.80,189.55,189.55,87750,87270304
BANKBARODA_F1,20221212,14:30,189.80,189.80,189.75,189.75,40950,87270304
BANKBARODA_F1,20221212,14:31,189.80,190.05,189.80,190.05,58500,87270304
BANKBARODA_F1,20221212,14:32,189.95,190.05,189.95,190.05,58500,87200096
BANKBARODA_F1,20221212,14:33,189.80,189.80,189.80,189.80,52650,87200096
BANKBARODA_F1,20221212,14:34,189.80,189.85,189.75,189.85,46800,87153296
BANKBARODA_F1,20221212,14:35,190.05,190.20,190.05,190.15,46800,87153296
BANKBARODA_F1,20221212,14:36,190.00,190.05,189.95,190.05,46800,87153296
BANKBARODA_F1,20221212,14:37,190.25,190.25,190.00,190.00,29250,87176704
BANKBARODA_F1,20221212,14:38,190.00,190.15,189.85,189.85,46800,87176704
BANKBARODA_F1,20221212,14:39,189.80,190.00,189.80,190.00,52650,87176704
BANKBARODA_F1,20221212,14:40,190.00,190.25,190.00,190.10,76050,87229352
BANKBARODA_F1,20221212,14:41,189.95,190.00,189.95,190.00,23400,87229352
BANKBARODA_F1,20221212,14:42,190.00,190.10,189.95,190.00,40950,87229352
BANKBARODA_F1,20221212,14:43,190.20,190.60,190.20,190.60,368550,87241048
BANKBARODA_F1,20221212,14:44,190.55,190.65,190.30,190.50,292500,87241048
BANKBARODA_F1,20221212,14:45,190.50,191.00,190.40,190.95,427050,87241048
BANKBARODA_F1,20221212,14:46,190.95,191.00,190.55,190.60,286650,87270304
BANKBARODA_F1,20221212,14:47,190.70,190.95,190.65,190.95,415350,87270304
BANKBARODA_F1,20221212,14:48,190.85,190.90,190.55,190.60,193050,87270304
BANKBARODA_F1,20221212,14:49,190.65,190.75,190.55,190.60,76050,87317104
BANKBARODA_F1,20221212,14:50,190.70,190.70,190.40,190.60,157950,87317104
BANKBARODA_F1,20221212,14:51,190.60,190.65,190.45,190.65,76050,87317104
BANKBARODA_F1,20221212,14:52,190.45,190.55,190.45,190.45,76050,87328800
BANKBARODA_F1,20221212,14:53,190.45,190.45,190.25,190.35,70200,87328800
BANKBARODA_F1,20221212,14:54,190.30,190.30,190.25,190.25,11700,87328800
BANKBARODA_F1,20221212,14:55,190.50,190.55,190.50,190.55,157950,87328800
BANKBARODA_F1,20221212,14:56,190.55,190.55,190.45,190.45,40950,87346352
BANKBARODA_F1,20221212,14:57,190.55,190.55,190.55,190.55,70200,87346352
BANKBARODA_F1,20221212,14:58,190.55,190.60,190.55,190.60,23400,87317104
BANKBARODA_F1,20221212,14:59,190.70,190.70,190.70,190.70,187200,87317104
BANKBARODA_F1,20221212,15:00,190.60,190.65,190.60,190.60,52650,87317104
BANKBARODA_F1,20221212,15:01,190.60,190.80,190.60,190.80,122850,87211800
BANKBARODA_F1,20221212,15:02,190.70,190.75,190.70,190.75,76050,87211800
BANKBARODA_F1,20221212,15:03,190.60,190.65,190.30,190.30,157950,87211800
BANKBARODA_F1,20221212,15:04,190.40,190.70,190.40,190.60,111150,87223504
BANKBARODA_F1,20221212,15:05,190.50,190.70,190.50,190.70,52650,87223504
BANKBARODA_F1,20221212,15:06,190.75,190.85,190.75,190.85,286650,87223504
BANKBARODA_F1,20221212,15:07,190.85,191.20,190.85,191.05,479700,87276152
BANKBARODA_F1,20221212,15:08,191.05,191.05,190.95,191.00,140400,87276152
BANKBARODA_F1,20221212,15:09,190.90,191.00,190.90,191.00,117000,87276152
BANKBARODA_F1,20221212,15:10,191.00,191.10,191.00,191.05,58500,87393152
BANKBARODA_F1,20221212,15:11,190.90,190.90,190.70,190.80,286650,87393152
BANKBARODA_F1,20221212,15:12,190.85,191.00,190.85,191.00,87750,87393152
BANKBARODA_F1,20221212,15:13,190.95,191.00,190.90,191.00,128700,87445800
BANKBARODA_F1,20221212,15:14,191.05,191.20,191.05,191.20,234000,87445800
BANKBARODA_F1,20221212,15:15,191.20,191.25,190.95,191.25,520650,87445800
BANKBARODA_F1,20221212,15:16,191.20,191.30,191.15,191.25,315900,87597904
BANKBARODA_F1,20221212,15:17,191.30,191.30,191.20,191.20,81900,87597904
BANKBARODA_F1,20221212,15:18,191.25,191.25,191.25,191.25,269100,87597904
BANKBARODA_F1,20221212,15:19,191.15,191.20,191.10,191.10,280800,87592048
BANKBARODA_F1,20221212,15:20,191.20,191.25,191.15,191.15,310050,87592048
BANKBARODA_F1,20221212,15:21,191.30,191.35,191.10,191.15,286650,87592048
BANKBARODA_F1,20221212,15:22,191.25,191.30,191.10,191.15,450450,87627152
BANKBARODA_F1,20221212,15:23,191.15,191.25,191.15,191.25,117000,87627152
BANKBARODA_F1,20221212,15:24,191.20,191.25,191.20,191.25,64350,87627152
BANKBARODA_F1,20221212,15:25,191.20,191.30,191.15,191.30,175500,87627152
BANKBARODA_F1,20221212,15:26,191.25,191.25,191.15,191.15,52650,87486752
BANKBARODA_F1,20221212,15:27,191.25,191.25,191.10,191.20,117000,87486752
BANKBARODA_F1,20221212,15:28,191.20,191.40,191.20,191.35,391950,87545248
BANKBARODA_F1,20221212,15:29,191.25,191.40,191.25,191.40,198900,87545248
BANKBARODA_F1,20221212,15:30,191.30,191.50,191.30,191.45,520650,87545248
BANKBARODA_F1,20221212,15:31,191.40,191.40,191.40,191.40,11700,87545248
BANKBARODA_F1,20221212,18:08,191.10,191.10,191.10,191.10,1,86919296
