FEDERALBNK,20210408,09:08,79.15,79.15,79.15,79.15,34508,0
FEDERALBNK,20210408,09:16,79.75,79.80,79.30,79.65,280470,0
FEDERALBNK,20210408,09:17,79.50,79.65,79.50,79.55,144957,0
FEDERALBNK,20210408,09:18,79.55,79.60,79.45,79.50,92589,0
FEDERALBNK,20210408,09:19,79.60,79.65,79.50,79.60,148596,0
FEDERALBNK,20210408,09:20,79.70,79.75,79.60,79.75,87538,0
FEDERALBNK,20210408,09:21,79.70,79.75,79.55,79.70,242282,0
FEDERALBNK,20210408,09:22,79.75,79.85,79.60,79.60,201062,0
FEDERALBNK,20210408,09:23,79.70,79.70,79.45,79.45,331041,0
FEDERALBNK,20210408,09:24,79.40,79.50,79.35,79.35,125267,0
FEDERALBNK,20210408,09:25,79.45,79.50,79.40,79.50,97178,0
FEDERALBNK,20210408,09:26,79.45,79.60,79.45,79.60,44923,0
FEDERALBNK,20210408,09:27,79.60,79.60,79.35,79.35,96504,0
FEDERALBNK,20210408,09:28,79.40,79.40,79.25,79.30,100981,0
FEDERALBNK,20210408,09:29,79.30,79.35,79.25,79.35,27630,0
FEDERALBNK,20210408,09:30,79.35,79.55,79.35,79.50,62126,0
FEDERALBNK,20210408,09:31,79.50,79.70,79.40,79.65,242824,0
FEDERALBNK,20210408,09:32,79.60,79.80,79.55,79.60,199372,0
FEDERALBNK,20210408,09:33,79.60,79.60,79.45,79.55,153326,0
FEDERALBNK,20210408,09:34,79.55,79.65,79.50,79.60,36110,0
FEDERALBNK,20210408,09:35,79.55,79.60,79.30,79.40,132843,0
FEDERALBNK,20210408,09:36,79.45,79.45,79.25,79.30,36845,0
FEDERALBNK,20210408,09:37,79.35,79.50,79.30,79.50,186149,0
FEDERALBNK,20210408,09:38,79.55,79.60,79.50,79.50,85824,0
FEDERALBNK,20210408,09:39,79.55,79.60,79.55,79.60,13945,0
FEDERALBNK,20210408,09:40,79.55,79.65,79.50,79.65,95850,0
FEDERALBNK,20210408,09:41,79.60,79.70,79.60,79.65,78723,0
FEDERALBNK,20210408,09:42,79.60,79.75,79.60,79.70,49082,0
FEDERALBNK,20210408,09:43,79.75,79.75,79.60,79.60,49488,0
FEDERALBNK,20210408,09:44,79.65,79.65,79.55,79.65,18964,0
FEDERALBNK,20210408,09:45,79.55,79.65,79.55,79.65,19836,0
FEDERALBNK,20210408,09:46,79.65,79.65,79.25,79.40,254258,0
FEDERALBNK,20210408,09:47,79.40,79.40,79.35,79.35,12270,0
FEDERALBNK,20210408,09:48,79.35,79.40,79.25,79.25,46900,0
FEDERALBNK,20210408,09:49,79.25,79.35,79.20,79.25,30469,0
FEDERALBNK,20210408,09:50,79.25,79.25,79.10,79.20,90956,0
FEDERALBNK,20210408,09:51,79.20,79.20,79.05,79.10,77591,0
FEDERALBNK,20210408,09:52,79.10,79.15,79.00,79.05,64343,0
FEDERALBNK,20210408,09:53,79.10,79.20,79.10,79.20,46493,0
FEDERALBNK,20210408,09:54,79.05,79.15,79.00,79.10,147631,0
FEDERALBNK,20210408,09:55,79.10,79.25,79.10,79.25,65458,0
FEDERALBNK,20210408,09:56,79.20,79.30,79.20,79.20,58314,0
FEDERALBNK,20210408,09:57,79.20,79.35,79.20,79.35,40027,0
FEDERALBNK,20210408,09:58,79.35,79.35,79.20,79.20,23379,0
FEDERALBNK,20210408,09:59,79.25,79.35,79.20,79.35,65130,0
FEDERALBNK,20210408,10:00,79.35,79.35,79.25,79.30,31342,0
FEDERALBNK,20210408,10:01,79.30,79.35,79.25,79.30,23180,0
FEDERALBNK,20210408,10:02,79.35,79.40,79.35,79.35,8423,0
FEDERALBNK,20210408,10:03,79.40,79.40,79.35,79.40,12641,0
FEDERALBNK,20210408,10:04,79.35,79.35,79.15,79.20,56284,0
FEDERALBNK,20210408,10:05,79.15,79.20,79.10,79.10,21058,0
FEDERALBNK,20210408,10:06,79.15,79.25,79.10,79.20,34299,0
FEDERALBNK,20210408,10:07,79.15,79.20,79.10,79.20,12846,0
FEDERALBNK,20210408,10:08,79.15,79.25,79.15,79.15,53147,0
FEDERALBNK,20210408,10:09,79.15,79.30,79.15,79.25,37151,0
FEDERALBNK,20210408,10:10,79.20,79.25,79.20,79.20,8549,0
FEDERALBNK,20210408,10:11,79.25,79.30,79.20,79.30,18452,0
FEDERALBNK,20210408,10:12,79.30,79.30,79.25,79.30,54275,0
FEDERALBNK,20210408,10:13,79.30,79.35,79.20,79.20,29279,0
FEDERALBNK,20210408,10:14,79.25,79.25,79.15,79.20,22670,0
FEDERALBNK,20210408,10:15,79.25,79.25,79.10,79.15,61299,0
FEDERALBNK,20210408,10:16,79.10,79.20,79.10,79.15,8616,0
FEDERALBNK,20210408,10:17,79.15,79.15,79.05,79.05,92546,0
FEDERALBNK,20210408,10:18,79.10,79.10,79.00,79.05,89297,0
FEDERALBNK,20210408,10:19,79.00,79.05,78.95,79.00,59795,0
FEDERALBNK,20210408,10:20,78.95,79.00,78.90,78.95,50313,0
FEDERALBNK,20210408,10:21,78.95,79.00,78.95,78.95,48993,0
FEDERALBNK,20210408,10:22,78.95,79.05,78.95,79.00,87648,0
FEDERALBNK,20210408,10:23,79.00,79.15,79.00,79.10,59122,0
FEDERALBNK,20210408,10:24,79.10,79.10,79.05,79.05,27525,0
FEDERALBNK,20210408,10:25,79.05,79.10,79.00,79.05,15965,0
FEDERALBNK,20210408,10:26,79.05,79.05,79.00,79.00,58498,0
FEDERALBNK,20210408,10:27,79.00,79.05,78.95,79.00,41093,0
FEDERALBNK,20210408,10:28,79.05,79.15,79.00,79.15,42737,0
FEDERALBNK,20210408,10:29,79.15,79.25,79.15,79.20,25513,0
FEDERALBNK,20210408,10:30,79.15,79.25,79.15,79.20,24183,0
FEDERALBNK,20210408,10:31,79.20,79.25,79.15,79.20,15625,0
FEDERALBNK,20210408,10:32,79.15,79.20,79.10,79.20,24164,0
FEDERALBNK,20210408,10:33,79.20,79.20,79.10,79.10,8480,0
FEDERALBNK,20210408,10:34,79.15,79.20,79.10,79.15,17744,0
FEDERALBNK,20210408,10:35,79.15,79.25,79.15,79.25,22593,0
FEDERALBNK,20210408,10:36,79.20,79.25,79.20,79.20,30139,0
FEDERALBNK,20210408,10:37,79.20,79.25,79.15,79.15,21414,0
FEDERALBNK,20210408,10:38,79.15,79.20,79.10,79.10,20085,0
FEDERALBNK,20210408,10:39,79.20,79.20,79.10,79.15,9740,0
FEDERALBNK,20210408,10:40,79.15,79.20,79.10,79.15,14533,0
FEDERALBNK,20210408,10:41,79.15,79.15,79.05,79.05,29422,0
FEDERALBNK,20210408,10:42,79.10,79.15,79.05,79.10,32570,0
FEDERALBNK,20210408,10:43,79.15,79.15,79.00,79.00,36261,0
FEDERALBNK,20210408,10:44,79.05,79.10,79.00,79.00,122296,0
FEDERALBNK,20210408,10:45,79.00,79.05,78.95,78.95,34359,0
FEDERALBNK,20210408,10:46,79.00,79.00,78.90,78.90,77200,0
FEDERALBNK,20210408,10:47,78.90,79.10,78.90,79.05,84638,0
FEDERALBNK,20210408,10:48,79.05,79.10,79.05,79.10,5035,0
FEDERALBNK,20210408,10:49,79.10,79.10,78.95,79.10,29414,0
FEDERALBNK,20210408,10:50,79.10,79.10,79.00,79.00,6451,0
FEDERALBNK,20210408,10:51,79.05,79.10,78.90,79.10,55237,0
FEDERALBNK,20210408,10:52,79.10,79.15,79.05,79.10,7538,0
FEDERALBNK,20210408,10:53,79.15,79.20,79.10,79.20,66058,0
FEDERALBNK,20210408,10:54,79.25,79.30,79.20,79.25,12200,0
FEDERALBNK,20210408,10:55,79.25,79.25,79.20,79.25,7118,0
FEDERALBNK,20210408,10:56,79.20,79.25,79.10,79.10,28685,0
FEDERALBNK,20210408,10:57,79.15,79.35,79.15,79.35,76068,0
FEDERALBNK,20210408,10:58,79.30,79.45,79.25,79.30,107726,0
FEDERALBNK,20210408,10:59,79.30,79.35,79.25,79.30,28754,0
FEDERALBNK,20210408,11:00,79.30,79.35,79.25,79.25,3886,0
FEDERALBNK,20210408,11:01,79.30,79.35,79.25,79.35,40948,0
FEDERALBNK,20210408,11:02,79.30,79.40,79.30,79.40,35406,0
FEDERALBNK,20210408,11:03,79.35,79.40,79.35,79.40,13336,0
FEDERALBNK,20210408,11:04,79.35,79.40,79.30,79.30,21633,0
FEDERALBNK,20210408,11:05,79.35,79.40,79.30,79.35,25028,0
FEDERALBNK,20210408,11:06,79.35,79.40,79.30,79.35,24658,0
FEDERALBNK,20210408,11:07,79.35,79.40,79.35,79.40,13070,0
FEDERALBNK,20210408,11:08,79.35,79.40,79.30,79.35,16832,0
FEDERALBNK,20210408,11:09,79.35,79.40,79.30,79.40,24289,0
FEDERALBNK,20210408,11:10,79.40,79.50,79.35,79.45,114230,0
FEDERALBNK,20210408,11:11,79.45,79.50,79.40,79.45,10613,0
FEDERALBNK,20210408,11:12,79.50,79.50,79.40,79.45,8886,0
FEDERALBNK,20210408,11:13,79.45,79.60,79.45,79.55,113973,0
FEDERALBNK,20210408,11:14,79.55,79.60,79.50,79.55,78407,0
FEDERALBNK,20210408,11:15,79.50,79.55,79.50,79.50,92990,0
FEDERALBNK,20210408,11:16,79.50,79.60,79.50,79.55,106774,0
FEDERALBNK,20210408,11:17,79.60,79.60,79.50,79.50,38031,0
FEDERALBNK,20210408,11:18,79.55,79.60,79.50,79.60,72710,0
FEDERALBNK,20210408,11:19,79.55,79.65,79.55,79.60,11625,0
FEDERALBNK,20210408,11:20,79.65,79.65,79.55,79.55,26302,0
FEDERALBNK,20210408,11:21,79.55,79.60,79.55,79.60,4460,0
FEDERALBNK,20210408,11:22,79.55,79.65,79.55,79.60,53779,0
FEDERALBNK,20210408,11:23,79.65,79.75,79.60,79.65,117509,0
FEDERALBNK,20210408,11:24,79.65,79.65,79.55,79.55,16146,0
FEDERALBNK,20210408,11:25,79.60,79.60,79.55,79.55,6477,0
FEDERALBNK,20210408,11:26,79.55,79.65,79.55,79.60,31909,0
FEDERALBNK,20210408,11:27,79.55,79.60,79.55,79.55,12788,0
FEDERALBNK,20210408,11:28,79.60,79.60,79.55,79.55,32393,0
FEDERALBNK,20210408,11:29,79.55,79.60,79.50,79.60,4382,0
FEDERALBNK,20210408,11:30,79.55,79.60,79.55,79.55,7724,0
FEDERALBNK,20210408,11:31,79.55,79.60,79.50,79.60,26777,0
FEDERALBNK,20210408,11:32,79.50,79.55,79.45,79.55,53446,0
FEDERALBNK,20210408,11:33,79.50,79.75,79.50,79.65,179421,0
FEDERALBNK,20210408,11:34,79.65,79.70,79.60,79.65,7932,0
FEDERALBNK,20210408,11:35,79.70,79.70,79.60,79.70,19594,0
FEDERALBNK,20210408,11:36,79.65,79.90,79.65,79.85,160955,0
FEDERALBNK,20210408,11:37,79.75,79.85,79.75,79.75,43851,0
FEDERALBNK,20210408,11:38,79.80,79.80,79.50,79.60,74725,0
FEDERALBNK,20210408,11:39,79.55,79.70,79.50,79.60,25023,0
FEDERALBNK,20210408,11:40,79.55,79.60,79.50,79.55,23158,0
FEDERALBNK,20210408,11:41,79.50,79.65,79.50,79.55,31753,0
FEDERALBNK,20210408,11:42,79.55,79.60,79.50,79.50,30859,0
FEDERALBNK,20210408,11:43,79.50,79.60,79.45,79.60,37018,0
FEDERALBNK,20210408,11:44,79.60,79.60,79.50,79.60,11000,0
FEDERALBNK,20210408,11:45,79.60,79.60,79.50,79.60,39294,0
FEDERALBNK,20210408,11:46,79.50,79.75,79.50,79.60,90773,0
FEDERALBNK,20210408,11:47,79.60,79.70,79.60,79.65,33311,0
FEDERALBNK,20210408,11:48,79.60,79.70,79.55,79.65,19492,0
FEDERALBNK,20210408,11:49,79.60,79.70,79.55,79.65,84278,0
FEDERALBNK,20210408,11:50,79.65,79.70,79.55,79.60,44068,0
FEDERALBNK,20210408,11:51,79.60,79.70,79.50,79.70,20709,0
FEDERALBNK,20210408,11:52,79.70,79.80,79.65,79.80,140453,0
FEDERALBNK,20210408,11:53,79.80,79.90,79.75,79.90,102316,0
FEDERALBNK,20210408,11:54,79.95,80.10,79.90,80.10,298028,0
FEDERALBNK,20210408,11:55,80.10,80.15,80.00,80.05,93034,0
FEDERALBNK,20210408,11:56,80.10,80.15,80.00,80.00,122719,0
FEDERALBNK,20210408,11:57,80.05,80.20,80.00,80.20,76795,0
FEDERALBNK,20210408,11:58,80.20,80.20,80.15,80.20,103938,0
FEDERALBNK,20210408,11:59,80.20,80.20,80.10,80.20,37806,0
FEDERALBNK,20210408,12:00,80.15,80.25,80.10,80.25,55051,0
FEDERALBNK,20210408,12:01,80.25,80.30,80.10,80.15,102074,0
FEDERALBNK,20210408,12:02,80.15,80.20,80.05,80.10,66012,0
FEDERALBNK,20210408,12:03,80.10,80.20,80.05,80.20,49477,0
FEDERALBNK,20210408,12:04,80.20,80.30,80.20,80.30,73015,0
FEDERALBNK,20210408,12:05,80.30,80.30,80.25,80.30,32973,0
FEDERALBNK,20210408,12:06,80.30,80.30,80.15,80.25,43824,0
FEDERALBNK,20210408,12:07,80.25,80.35,80.20,80.25,150594,0
FEDERALBNK,20210408,12:08,80.25,80.35,80.20,80.30,75242,0
FEDERALBNK,20210408,12:09,80.35,80.35,80.15,80.20,66705,0
FEDERALBNK,20210408,12:10,80.25,80.25,80.05,80.15,58617,0
FEDERALBNK,20210408,12:11,80.20,80.20,79.90,80.05,126477,0
FEDERALBNK,20210408,12:12,80.00,80.05,79.75,79.75,135866,0
FEDERALBNK,20210408,12:13,79.75,79.80,79.70,79.75,110535,0
FEDERALBNK,20210408,12:14,79.75,79.75,79.60,79.65,129010,0
FEDERALBNK,20210408,12:15,79.70,79.75,79.60,79.60,120456,0
FEDERALBNK,20210408,12:16,79.60,79.70,79.55,79.60,230395,0
FEDERALBNK,20210408,12:17,79.60,79.60,79.45,79.45,155298,0
FEDERALBNK,20210408,12:18,79.45,79.65,79.45,79.50,305789,0
FEDERALBNK,20210408,12:19,79.50,79.50,79.45,79.50,19999,0
FEDERALBNK,20210408,12:20,79.50,79.50,79.45,79.50,24867,0
FEDERALBNK,20210408,12:21,79.55,79.55,79.45,79.55,46776,0
FEDERALBNK,20210408,12:22,79.50,79.55,79.45,79.45,97892,0
FEDERALBNK,20210408,12:23,79.50,79.50,79.30,79.35,76790,0
FEDERALBNK,20210408,12:24,79.35,79.35,79.25,79.25,50205,0
FEDERALBNK,20210408,12:25,79.25,79.30,79.10,79.15,99078,0
FEDERALBNK,20210408,12:26,79.15,79.25,79.10,79.20,41112,0
FEDERALBNK,20210408,12:27,79.20,79.30,79.20,79.20,90467,0
FEDERALBNK,20210408,12:28,79.20,79.25,79.10,79.20,81643,0
FEDERALBNK,20210408,12:29,79.15,79.15,78.95,79.10,301641,0
FEDERALBNK,20210408,12:30,79.10,79.10,79.05,79.10,26112,0
FEDERALBNK,20210408,12:31,79.15,79.25,79.15,79.25,23471,0
FEDERALBNK,20210408,12:32,79.20,79.30,79.20,79.25,57650,0
FEDERALBNK,20210408,12:33,79.30,79.30,79.05,79.15,158511,0
FEDERALBNK,20210408,12:34,79.10,79.15,79.10,79.15,13806,0
FEDERALBNK,20210408,12:35,79.15,79.20,79.10,79.10,42318,0
FEDERALBNK,20210408,12:36,79.20,79.25,79.15,79.20,19436,0
FEDERALBNK,20210408,12:37,79.15,79.15,79.00,79.10,165058,0
FEDERALBNK,20210408,12:38,79.05,79.10,78.95,78.95,108637,0
FEDERALBNK,20210408,12:39,78.95,79.05,78.95,79.00,22311,0
FEDERALBNK,20210408,12:40,79.00,79.10,79.00,79.05,33901,0
FEDERALBNK,20210408,12:41,79.10,79.10,78.85,78.95,140848,0
FEDERALBNK,20210408,12:42,78.95,79.05,78.90,79.00,41679,0
FEDERALBNK,20210408,12:43,79.00,79.00,78.90,79.00,16227,0
FEDERALBNK,20210408,12:44,79.00,79.05,78.95,79.05,23446,0
FEDERALBNK,20210408,12:45,79.00,79.10,79.00,79.10,81942,0
FEDERALBNK,20210408,12:46,79.05,79.15,79.05,79.10,43225,0
FEDERALBNK,20210408,12:47,79.10,79.20,79.05,79.15,27646,0
FEDERALBNK,20210408,12:48,79.15,79.20,79.10,79.15,4936,0
FEDERALBNK,20210408,12:49,79.15,79.15,79.05,79.10,38892,0
FEDERALBNK,20210408,12:50,79.05,79.10,79.00,79.05,42957,0
FEDERALBNK,20210408,12:51,79.00,79.05,78.85,78.90,194778,0
FEDERALBNK,20210408,12:52,78.90,78.90,78.80,78.90,31007,0
FEDERALBNK,20210408,12:53,78.85,78.90,78.70,78.85,164712,0
FEDERALBNK,20210408,12:54,78.85,78.85,78.80,78.85,83544,0
FEDERALBNK,20210408,12:55,78.85,78.95,78.85,78.90,43750,0
FEDERALBNK,20210408,12:56,78.85,78.95,78.85,78.95,9734,0
FEDERALBNK,20210408,12:57,78.95,79.00,78.90,78.95,19569,0
FEDERALBNK,20210408,12:58,78.95,78.95,78.90,78.95,5323,0
FEDERALBNK,20210408,12:59,78.90,78.95,78.85,78.95,24297,0
FEDERALBNK,20210408,13:00,78.90,78.95,78.90,78.90,64666,0
FEDERALBNK,20210408,13:01,78.95,79.00,78.90,79.00,11873,0
FEDERALBNK,20210408,13:02,78.95,79.05,78.95,79.00,56937,0
FEDERALBNK,20210408,13:03,79.00,79.05,78.95,79.05,18905,0
FEDERALBNK,20210408,13:04,79.00,79.10,79.00,79.10,47892,0
FEDERALBNK,20210408,13:05,79.05,79.10,79.05,79.05,20568,0
FEDERALBNK,20210408,13:06,79.05,79.10,79.05,79.10,24568,0
FEDERALBNK,20210408,13:07,79.10,79.10,79.05,79.10,12392,0
FEDERALBNK,20210408,13:08,79.05,79.15,79.05,79.10,9543,0
FEDERALBNK,20210408,13:09,79.10,79.10,78.90,79.00,60506,0
FEDERALBNK,20210408,13:10,78.95,79.00,78.90,79.00,16539,0
FEDERALBNK,20210408,13:11,79.00,79.00,78.90,78.95,15626,0
FEDERALBNK,20210408,13:12,78.95,78.95,78.90,78.90,25092,0
FEDERALBNK,20210408,13:13,78.90,78.95,78.85,78.95,14951,0
FEDERALBNK,20210408,13:14,78.95,79.00,78.90,78.95,20002,0
FEDERALBNK,20210408,13:15,79.00,79.05,78.95,79.00,18258,0
FEDERALBNK,20210408,13:16,79.00,79.35,79.00,79.35,164742,0
FEDERALBNK,20210408,13:17,79.35,79.35,79.20,79.25,76220,0
FEDERALBNK,20210408,13:18,79.30,79.30,79.20,79.25,23602,0
FEDERALBNK,20210408,13:19,79.30,79.40,79.20,79.35,54297,0
FEDERALBNK,20210408,13:20,79.40,79.45,79.35,79.40,73588,0
FEDERALBNK,20210408,13:21,79.40,79.45,79.35,79.45,43057,0
FEDERALBNK,20210408,13:22,79.45,79.45,79.35,79.40,11679,0
FEDERALBNK,20210408,13:23,79.35,79.35,79.20,79.20,38523,0
FEDERALBNK,20210408,13:24,79.25,79.35,79.25,79.30,30022,0
FEDERALBNK,20210408,13:25,79.30,79.45,79.30,79.40,30503,0
FEDERALBNK,20210408,13:26,79.45,79.45,79.20,79.25,128594,0
FEDERALBNK,20210408,13:27,79.25,79.35,79.25,79.30,9660,0
FEDERALBNK,20210408,13:28,79.25,79.35,79.25,79.35,10761,0
FEDERALBNK,20210408,13:29,79.35,79.40,79.30,79.40,42007,0
FEDERALBNK,20210408,13:30,79.40,79.40,79.20,79.25,81267,0
FEDERALBNK,20210408,13:31,79.20,79.25,79.10,79.25,14666,0
FEDERALBNK,20210408,13:32,79.25,79.35,79.20,79.35,80346,0
FEDERALBNK,20210408,13:33,79.35,79.40,79.25,79.30,31017,0
FEDERALBNK,20210408,13:34,79.25,79.35,79.20,79.20,30045,0
FEDERALBNK,20210408,13:35,79.20,79.35,79.20,79.35,24788,0
FEDERALBNK,20210408,13:36,79.30,79.40,79.20,79.40,41519,0
FEDERALBNK,20210408,13:37,79.35,79.40,79.30,79.35,25724,0
FEDERALBNK,20210408,13:38,79.40,79.40,79.35,79.40,37117,0
FEDERALBNK,20210408,13:39,79.40,79.40,79.30,79.40,21091,0
FEDERALBNK,20210408,13:40,79.40,79.40,79.30,79.30,16521,0
FEDERALBNK,20210408,13:41,79.40,79.45,79.25,79.45,52356,0
FEDERALBNK,20210408,13:42,79.40,79.45,79.35,79.40,17931,0
FEDERALBNK,20210408,13:43,79.40,79.45,79.25,79.25,39182,0
FEDERALBNK,20210408,13:44,79.25,79.35,79.25,79.35,17301,0
FEDERALBNK,20210408,13:45,79.35,79.35,79.25,79.25,11518,0
FEDERALBNK,20210408,13:46,79.30,79.30,79.15,79.25,73400,0
FEDERALBNK,20210408,13:47,79.20,79.20,79.00,79.10,56854,0
FEDERALBNK,20210408,13:48,79.05,79.15,79.05,79.15,16096,0
FEDERALBNK,20210408,13:49,79.10,79.15,79.05,79.15,15268,0
FEDERALBNK,20210408,13:50,79.10,79.15,79.05,79.15,14374,0
FEDERALBNK,20210408,13:51,79.10,79.15,79.05,79.10,13534,0
FEDERALBNK,20210408,13:52,79.10,79.15,79.05,79.10,53833,0
FEDERALBNK,20210408,13:53,79.10,79.10,78.90,78.95,93487,0
FEDERALBNK,20210408,13:54,78.90,79.00,78.90,78.95,36060,0
FEDERALBNK,20210408,13:55,79.00,79.00,78.95,79.00,11379,0
FEDERALBNK,20210408,13:56,79.00,79.00,78.95,78.95,5136,0
FEDERALBNK,20210408,13:57,78.95,79.00,78.90,78.95,43126,0
FEDERALBNK,20210408,13:58,78.90,79.00,78.90,79.00,8357,0
FEDERALBNK,20210408,13:59,78.95,79.00,78.95,79.00,17265,0
FEDERALBNK,20210408,14:00,79.00,79.00,78.80,78.90,72972,0
FEDERALBNK,20210408,14:01,78.85,78.95,78.80,78.95,34491,0
FEDERALBNK,20210408,14:02,78.90,78.95,78.80,78.95,26543,0
FEDERALBNK,20210408,14:03,78.90,78.95,78.85,78.90,17189,0
FEDERALBNK,20210408,14:04,78.85,78.95,78.80,78.85,22433,0
FEDERALBNK,20210408,14:05,78.90,78.90,78.85,78.90,7323,0
FEDERALBNK,20210408,14:06,78.85,78.85,78.75,78.80,129154,0
FEDERALBNK,20210408,14:07,78.85,78.85,78.55,78.75,172534,0
FEDERALBNK,20210408,14:08,78.75,78.80,78.60,78.60,32311,0
FEDERALBNK,20210408,14:09,78.70,78.75,78.60,78.75,29763,0
FEDERALBNK,20210408,14:10,78.70,78.80,78.70,78.75,40953,0
FEDERALBNK,20210408,14:11,78.75,78.85,78.75,78.75,33796,0
FEDERALBNK,20210408,14:12,78.75,78.85,78.75,78.85,16149,0
FEDERALBNK,20210408,14:13,78.80,78.85,78.75,78.80,26235,0
FEDERALBNK,20210408,14:14,78.80,78.85,78.75,78.75,9705,0
FEDERALBNK,20210408,14:15,78.75,78.85,78.75,78.85,10208,0
FEDERALBNK,20210408,14:16,78.80,78.85,78.75,78.85,18405,0
FEDERALBNK,20210408,14:17,78.85,78.95,78.80,78.90,31204,0
FEDERALBNK,20210408,14:18,78.85,78.90,78.80,78.85,6607,0
FEDERALBNK,20210408,14:19,78.85,78.85,78.80,78.80,5574,0
FEDERALBNK,20210408,14:20,78.80,78.80,78.70,78.70,69247,0
FEDERALBNK,20210408,14:21,78.70,78.90,78.65,78.90,35168,0
FEDERALBNK,20210408,14:22,78.90,78.90,78.80,78.80,3420,0
FEDERALBNK,20210408,14:23,78.80,78.80,78.70,78.75,10795,0
FEDERALBNK,20210408,14:24,78.75,78.80,78.70,78.80,2961,0
FEDERALBNK,20210408,14:25,78.75,78.85,78.75,78.75,19707,0
FEDERALBNK,20210408,14:26,78.80,78.80,78.75,78.75,4546,0
FEDERALBNK,20210408,14:27,78.75,78.80,78.70,78.80,8554,0
FEDERALBNK,20210408,14:28,78.80,78.80,78.70,78.70,5835,0
FEDERALBNK,20210408,14:29,78.75,78.75,78.65,78.65,16500,0
FEDERALBNK,20210408,14:30,78.65,78.75,78.65,78.70,10345,0
FEDERALBNK,20210408,14:31,78.65,78.70,78.45,78.50,200446,0
FEDERALBNK,20210408,14:32,78.45,78.50,78.35,78.50,55014,0
FEDERALBNK,20210408,14:33,78.45,78.50,78.45,78.45,5180,0
FEDERALBNK,20210408,14:34,78.45,78.50,78.15,78.20,161910,0
FEDERALBNK,20210408,14:35,78.20,78.30,78.10,78.25,88255,0
FEDERALBNK,20210408,14:36,78.20,78.25,78.00,78.10,133776,0
FEDERALBNK,20210408,14:37,78.00,78.05,77.90,78.05,136487,0
FEDERALBNK,20210408,14:38,78.05,78.20,78.00,78.10,65482,0
FEDERALBNK,20210408,14:39,78.10,78.20,78.00,78.20,82179,0
FEDERALBNK,20210408,14:40,78.20,78.30,78.15,78.30,50579,0
FEDERALBNK,20210408,14:41,78.35,78.45,78.25,78.40,51007,0
FEDERALBNK,20210408,14:42,78.35,78.35,78.20,78.25,46615,0
FEDERALBNK,20210408,14:43,78.25,78.30,78.25,78.25,9826,0
FEDERALBNK,20210408,14:44,78.25,78.40,78.20,78.40,52076,0
FEDERALBNK,20210408,14:45,78.35,78.40,78.30,78.40,19325,0
FEDERALBNK,20210408,14:46,78.35,78.40,78.25,78.30,30872,0
FEDERALBNK,20210408,14:47,78.30,78.35,78.25,78.35,19338,0
FEDERALBNK,20210408,14:48,78.30,78.30,78.20,78.30,37411,0
FEDERALBNK,20210408,14:49,78.25,78.30,78.20,78.30,19583,0
FEDERALBNK,20210408,14:50,78.35,78.35,78.25,78.25,6483,0
FEDERALBNK,20210408,14:51,78.30,78.35,78.20,78.20,51438,0
FEDERALBNK,20210408,14:52,78.20,78.30,78.20,78.25,14867,0
FEDERALBNK,20210408,14:53,78.30,78.30,78.25,78.30,12892,0
FEDERALBNK,20210408,14:54,78.30,78.35,78.25,78.25,47813,0
FEDERALBNK,20210408,14:55,78.25,78.30,78.20,78.20,51825,0
FEDERALBNK,20210408,14:56,78.20,78.25,78.10,78.15,25489,0
FEDERALBNK,20210408,14:57,78.20,78.20,78.15,78.20,13241,0
FEDERALBNK,20210408,14:58,78.15,78.15,78.05,78.10,45166,0
FEDERALBNK,20210408,14:59,78.10,78.20,78.10,78.15,24155,0
FEDERALBNK,20210408,15:00,78.10,78.15,78.00,78.00,52008,0
FEDERALBNK,20210408,15:01,78.00,78.00,77.90,78.00,85714,0
FEDERALBNK,20210408,15:02,77.95,78.15,77.95,78.10,34695,0
FEDERALBNK,20210408,15:03,78.10,78.20,78.10,78.15,43938,0
FEDERALBNK,20210408,15:04,78.20,78.20,78.10,78.20,39816,0
FEDERALBNK,20210408,15:05,78.15,78.20,78.10,78.10,65346,0
FEDERALBNK,20210408,15:06,78.10,78.20,78.00,78.00,89277,0
FEDERALBNK,20210408,15:07,78.00,78.05,77.95,78.00,43524,0
FEDERALBNK,20210408,15:08,78.00,78.00,77.70,77.95,183115,0
FEDERALBNK,20210408,15:09,77.95,78.00,77.85,77.95,56700,0
FEDERALBNK,20210408,15:10,77.95,77.95,77.85,77.85,49158,0
FEDERALBNK,20210408,15:11,77.85,77.95,77.85,77.85,70912,0
FEDERALBNK,20210408,15:12,77.85,77.90,77.75,77.75,129035,0
FEDERALBNK,20210408,15:13,77.75,77.80,77.50,77.65,158419,0
FEDERALBNK,20210408,15:14,77.65,77.70,77.55,77.60,88231,0
FEDERALBNK,20210408,15:15,77.65,77.65,77.55,77.65,147341,0
FEDERALBNK,20210408,15:16,77.65,77.85,77.65,77.85,89204,0
FEDERALBNK,20210408,15:17,77.80,77.85,77.70,77.80,214000,0
FEDERALBNK,20210408,15:18,77.85,77.85,77.80,77.85,79922,0
FEDERALBNK,20210408,15:19,77.85,77.95,77.85,77.90,117695,0
FEDERALBNK,20210408,15:20,77.90,77.95,77.85,77.85,73631,0
FEDERALBNK,20210408,15:21,77.90,77.90,77.70,77.75,273677,0
FEDERALBNK,20210408,15:22,77.75,77.85,77.65,77.65,266272,0
FEDERALBNK,20210408,15:23,77.70,77.95,77.70,77.85,66960,0
FEDERALBNK,20210408,15:24,77.90,77.95,77.80,77.80,50442,0
FEDERALBNK,20210408,15:25,77.80,77.85,77.75,77.85,72445,0
FEDERALBNK,20210408,15:26,77.80,77.90,77.80,77.85,53575,0
FEDERALBNK,20210408,15:27,77.90,77.95,77.80,77.85,59085,0
FEDERALBNK,20210408,15:28,77.85,77.90,77.80,77.80,47214,0
FEDERALBNK,20210408,15:29,77.80,77.90,77.80,77.85,61989,0
FEDERALBNK,20210408,15:30,77.85,77.90,77.80,77.90,73628,0
FEDERALBNK,20210408,15:31,77.95,77.95,77.95,77.95,10,0
FEDERALBNK,20210408,15:32,77.80,77.80,77.80,77.80,0,0
FEDERALBNK,20210408,15:41,77.80,77.80,77.80,77.80,1,0
FEDERALBNK,20210408,16:45,77.80,77.80,77.80,77.80,0,0
