SIEMENS,20190826,09:08,1167.85,1167.85,1167.85,1167.85,635,0
SIEMENS,20190826,09:16,1167.85,1168.00,1160.55,1160.55,2821,0
SIEMENS,20190826,09:17,1160.55,1161.30,1157.05,1159.50,821,0
SIEMENS,20190826,09:18,1158.90,1158.90,1157.95,1158.15,1016,0
SIEMENS,20190826,09:19,1157.70,1160.80,1155.80,1157.95,2158,0
SIEMENS,20190826,09:20,1157.90,1157.90,1155.75,1157.25,587,0
SIEMENS,20190826,09:21,1156.80,1163.65,1156.00,1163.65,1429,0
SIEMENS,20190826,09:22,1163.50,1163.65,1160.75,1160.75,1567,0
SIEMENS,20190826,09:23,1160.65,1160.65,1157.95,1160.00,1003,0
SIEMENS,20190826,09:24,1159.95,1162.25,1158.60,1162.25,770,0
SIEMENS,20190826,09:25,1161.70,1164.20,1160.25,1164.20,1456,0
SIEMENS,20190826,09:26,1163.10,1163.10,1160.20,1161.50,596,0
SIEMENS,20190826,09:27,1161.30,1162.00,1159.65,1160.60,595,0
SIEMENS,20190826,09:28,1160.55,1161.95,1160.35,1161.55,268,0
SIEMENS,20190826,09:29,1161.15,1161.15,1159.45,1161.00,692,0
SIEMENS,20190826,09:30,1159.70,1160.10,1155.20,1155.20,1113,0
SIEMENS,20190826,09:31,1155.05,1155.05,1153.10,1153.60,1043,0
SIEMENS,20190826,09:32,1153.20,1154.65,1153.20,1153.50,814,0
SIEMENS,20190826,09:33,1153.45,1153.80,1152.00,1152.70,1110,0
SIEMENS,20190826,09:34,1151.35,1154.95,1151.35,1154.15,939,0
SIEMENS,20190826,09:35,1154.15,1154.70,1152.70,1153.00,209,0
SIEMENS,20190826,09:36,1153.70,1153.70,1150.60,1153.40,724,0
SIEMENS,20190826,09:37,1152.15,1154.35,1152.10,1153.70,535,0
SIEMENS,20190826,09:38,1153.85,1156.15,1153.85,1156.15,740,0
SIEMENS,20190826,09:39,1156.00,1156.30,1152.60,1154.30,462,0
SIEMENS,20190826,09:40,1154.35,1155.05,1154.35,1154.35,654,0
SIEMENS,20190826,09:41,1153.45,1153.50,1151.55,1152.00,521,0
SIEMENS,20190826,09:42,1152.10,1152.30,1149.05,1149.05,3856,0
SIEMENS,20190826,09:43,1149.00,1149.10,1147.70,1148.95,634,0
SIEMENS,20190826,09:44,1149.30,1149.60,1148.35,1148.60,461,0
SIEMENS,20190826,09:45,1148.60,1148.60,1146.05,1147.00,944,0
SIEMENS,20190826,09:46,1146.50,1146.95,1143.30,1143.30,1316,0
SIEMENS,20190826,09:47,1144.00,1145.60,1143.00,1144.40,926,0
SIEMENS,20190826,09:48,1144.00,1147.00,1142.50,1145.25,916,0
SIEMENS,20190826,09:49,1146.25,1146.60,1145.15,1146.60,1792,0
SIEMENS,20190826,09:50,1145.95,1147.45,1144.25,1144.25,3147,0
SIEMENS,20190826,09:51,1142.55,1144.10,1141.60,1144.10,1739,0
SIEMENS,20190826,09:52,1143.00,1145.65,1142.35,1144.45,708,0
SIEMENS,20190826,09:53,1144.30,1145.35,1143.00,1144.20,2098,0
SIEMENS,20190826,09:54,1144.05,1145.50,1144.00,1145.50,554,0
SIEMENS,20190826,09:55,1145.55,1145.60,1140.10,1140.10,2896,0
SIEMENS,20190826,09:56,1140.05,1140.30,1138.00,1138.15,2186,0
SIEMENS,20190826,09:57,1139.25,1141.40,1139.20,1139.20,628,0
SIEMENS,20190826,09:58,1139.70,1139.70,1137.30,1137.90,1929,0
SIEMENS,20190826,09:59,1137.50,1139.20,1136.65,1138.40,4802,0
SIEMENS,20190826,10:00,1138.00,1138.20,1136.00,1136.25,1348,0
SIEMENS,20190826,10:01,1137.00,1138.50,1136.95,1137.55,1669,0
SIEMENS,20190826,10:02,1138.20,1139.25,1138.20,1139.20,306,0
SIEMENS,20190826,10:03,1138.60,1139.35,1138.20,1139.35,235,0
SIEMENS,20190826,10:04,1139.35,1139.35,1137.10,1137.40,685,0
SIEMENS,20190826,10:05,1137.75,1139.00,1137.25,1137.90,830,0
SIEMENS,20190826,10:06,1137.90,1138.50,1137.00,1137.95,234,0
SIEMENS,20190826,10:07,1137.20,1139.15,1137.20,1139.15,284,0
SIEMENS,20190826,10:08,1139.25,1140.40,1137.30,1140.40,319,0
SIEMENS,20190826,10:09,1140.45,1141.15,1139.65,1141.15,327,0
SIEMENS,20190826,10:10,1141.20,1141.50,1140.75,1141.05,368,0
SIEMENS,20190826,10:11,1141.15,1141.15,1138.05,1140.90,384,0
SIEMENS,20190826,10:12,1140.95,1140.95,1138.00,1140.15,683,0
SIEMENS,20190826,10:13,1140.35,1143.10,1140.20,1143.10,367,0
SIEMENS,20190826,10:14,1143.10,1145.25,1143.10,1145.00,910,0
SIEMENS,20190826,10:15,1144.45,1145.00,1143.00,1143.00,668,0
SIEMENS,20190826,10:16,1142.80,1143.45,1141.15,1142.70,1819,0
SIEMENS,20190826,10:17,1143.40,1144.95,1142.00,1144.15,2289,0
SIEMENS,20190826,10:18,1142.95,1143.45,1140.85,1141.80,1004,0
SIEMENS,20190826,10:19,1141.90,1143.40,1141.15,1142.70,1433,0
SIEMENS,20190826,10:20,1143.10,1144.00,1142.15,1143.55,1360,0
SIEMENS,20190826,10:21,1143.60,1146.00,1143.10,1146.00,586,0
SIEMENS,20190826,10:22,1146.00,1146.80,1145.45,1146.00,521,0
SIEMENS,20190826,10:23,1146.30,1149.65,1145.80,1149.65,2896,0
SIEMENS,20190826,10:24,1149.70,1151.00,1149.05,1149.65,1158,0
SIEMENS,20190826,10:25,1149.95,1149.95,1146.85,1147.50,532,0
SIEMENS,20190826,10:26,1146.75,1150.00,1146.50,1149.80,1083,0
SIEMENS,20190826,10:27,1149.90,1152.70,1149.90,1152.40,1657,0
SIEMENS,20190826,10:28,1152.50,1153.55,1152.00,1153.55,1374,0
SIEMENS,20190826,10:29,1153.55,1156.10,1153.50,1155.00,3154,0
SIEMENS,20190826,10:30,1154.50,1156.10,1154.00,1154.15,1555,0
SIEMENS,20190826,10:31,1155.00,1155.00,1153.85,1155.00,922,0
SIEMENS,20190826,10:32,1154.40,1154.85,1153.75,1154.25,499,0
SIEMENS,20190826,10:33,1154.15,1154.15,1152.00,1152.00,309,0
SIEMENS,20190826,10:34,1151.55,1151.55,1148.70,1149.20,894,0
SIEMENS,20190826,10:35,1149.20,1150.30,1148.30,1148.30,235,0
SIEMENS,20190826,10:36,1148.50,1149.20,1147.20,1148.50,493,0
SIEMENS,20190826,10:37,1149.25,1150.20,1148.95,1149.75,266,0
SIEMENS,20190826,10:38,1149.70,1150.00,1148.90,1148.90,183,0
SIEMENS,20190826,10:39,1149.45,1149.90,1148.50,1149.00,462,0
SIEMENS,20190826,10:40,1148.90,1149.00,1146.65,1146.65,342,0
SIEMENS,20190826,10:41,1146.55,1147.80,1145.85,1146.40,571,0
SIEMENS,20190826,10:42,1146.85,1147.75,1145.50,1146.20,514,0
SIEMENS,20190826,10:43,1147.10,1147.55,1146.20,1146.20,153,0
SIEMENS,20190826,10:44,1145.40,1146.85,1145.35,1146.85,112,0
SIEMENS,20190826,10:45,1146.85,1147.55,1146.00,1146.00,126,0
SIEMENS,20190826,10:46,1147.30,1149.70,1147.30,1149.35,323,0
SIEMENS,20190826,10:47,1149.30,1149.50,1148.00,1148.00,91,0
SIEMENS,20190826,10:48,1149.20,1149.20,1148.20,1148.45,14,0
SIEMENS,20190826,10:49,1147.95,1147.95,1147.20,1147.70,119,0
SIEMENS,20190826,10:50,1148.15,1150.00,1148.15,1149.65,147,0
SIEMENS,20190826,10:51,1148.95,1151.45,1148.95,1151.45,325,0
SIEMENS,20190826,10:52,1152.00,1152.00,1151.15,1151.15,94,0
SIEMENS,20190826,10:53,1151.45,1151.50,1151.15,1151.45,494,0
SIEMENS,20190826,10:54,1152.35,1152.35,1151.35,1152.35,1039,0
SIEMENS,20190826,10:55,1152.35,1152.80,1151.15,1151.15,460,0
SIEMENS,20190826,10:56,1151.40,1152.00,1150.55,1151.10,736,0
SIEMENS,20190826,10:57,1152.30,1154.40,1151.20,1154.40,476,0
SIEMENS,20190826,10:58,1154.00,1154.00,1153.00,1153.00,138,0
SIEMENS,20190826,10:59,1153.00,1153.05,1152.95,1153.05,3225,0
SIEMENS,20190826,11:00,1152.90,1153.70,1152.90,1153.70,72,0
SIEMENS,20190826,11:01,1152.65,1154.45,1152.35,1153.35,740,0
SIEMENS,20190826,11:02,1153.60,1154.10,1153.60,1153.85,59,0
SIEMENS,20190826,11:03,1154.20,1154.25,1153.35,1153.95,98,0
SIEMENS,20190826,11:04,1154.00,1154.00,1153.00,1153.00,196,0
SIEMENS,20190826,11:05,1153.90,1154.00,1151.60,1154.00,488,0
SIEMENS,20190826,11:06,1154.00,1154.00,1152.55,1153.90,313,0
SIEMENS,20190826,11:07,1153.30,1153.95,1152.60,1152.60,115,0
SIEMENS,20190826,11:08,1152.55,1153.45,1152.50,1152.60,89,0
SIEMENS,20190826,11:09,1152.60,1152.60,1150.85,1150.85,347,0
SIEMENS,20190826,11:10,1152.00,1152.00,1151.30,1151.30,47,0
SIEMENS,20190826,11:11,1151.60,1152.00,1151.00,1151.00,161,0
SIEMENS,20190826,11:12,1151.30,1151.80,1150.00,1150.00,802,0
SIEMENS,20190826,11:13,1150.90,1152.00,1150.25,1152.00,107,0
SIEMENS,20190826,11:14,1152.00,1152.00,1150.55,1150.90,54,0
SIEMENS,20190826,11:15,1151.50,1151.50,1151.50,1151.50,1,0
SIEMENS,20190826,11:16,1151.50,1151.50,1151.50,1151.50,214,0
SIEMENS,20190826,11:17,1151.95,1152.00,1151.95,1152.00,2,0
SIEMENS,20190826,11:18,1151.80,1153.00,1151.80,1153.00,188,0
SIEMENS,20190826,11:19,1153.00,1153.00,1152.80,1152.80,51,0
SIEMENS,20190826,11:20,1153.05,1153.05,1153.05,1153.05,1,0
SIEMENS,20190826,11:21,1153.00,1153.00,1152.35,1152.95,63,0
SIEMENS,20190826,11:22,1153.10,1153.50,1152.30,1153.40,11,0
SIEMENS,20190826,11:23,1152.70,1153.50,1152.70,1153.45,14,0
SIEMENS,20190826,11:24,1152.70,1153.50,1152.70,1153.50,389,0
SIEMENS,20190826,11:25,1153.55,1153.55,1152.90,1152.90,80,0
SIEMENS,20190826,11:26,1152.90,1152.90,1151.05,1152.25,560,0
SIEMENS,20190826,11:27,1152.80,1153.00,1152.60,1152.60,133,0
SIEMENS,20190826,11:28,1152.75,1152.75,1151.75,1152.70,66,0
SIEMENS,20190826,11:29,1152.85,1152.90,1152.00,1152.90,24,0
SIEMENS,20190826,11:30,1152.05,1152.35,1151.55,1151.95,123,0
SIEMENS,20190826,11:31,1151.80,1153.00,1151.55,1152.20,92,0
SIEMENS,20190826,11:32,1152.20,1152.30,1152.20,1152.30,13,0
SIEMENS,20190826,11:33,1152.80,1153.25,1152.80,1153.00,205,0
SIEMENS,20190826,11:34,1153.55,1153.65,1153.00,1153.00,366,0
SIEMENS,20190826,11:35,1153.65,1153.65,1153.50,1153.50,42,0
SIEMENS,20190826,11:36,1153.70,1153.70,1153.50,1153.50,86,0
SIEMENS,20190826,11:37,1153.75,1153.80,1153.00,1153.00,206,0
SIEMENS,20190826,11:38,1152.45,1152.45,1151.00,1151.00,267,0
SIEMENS,20190826,11:39,1152.15,1152.15,1151.00,1151.00,31,0
SIEMENS,20190826,11:40,1151.35,1152.20,1150.65,1152.20,62,0
SIEMENS,20190826,11:41,1150.55,1151.70,1150.50,1151.45,129,0
SIEMENS,20190826,11:42,1151.40,1152.00,1151.00,1151.00,76,0
SIEMENS,20190826,11:43,1151.70,1151.80,1150.65,1150.65,205,0
SIEMENS,20190826,11:44,1151.00,1152.00,1151.00,1151.75,19,0
SIEMENS,20190826,11:45,1151.70,1151.75,1151.50,1151.50,376,0
SIEMENS,20190826,11:46,1151.95,1152.00,1151.00,1151.70,257,0
SIEMENS,20190826,11:47,1151.95,1151.95,1150.00,1150.20,753,0
SIEMENS,20190826,11:48,1151.15,1151.15,1150.00,1150.00,449,0
SIEMENS,20190826,11:49,1150.90,1153.80,1150.90,1153.80,1208,0
SIEMENS,20190826,11:50,1153.80,1153.80,1152.85,1153.20,339,0
SIEMENS,20190826,11:51,1153.60,1153.95,1153.60,1153.95,113,0
SIEMENS,20190826,11:52,1153.60,1153.85,1153.20,1153.20,26,0
SIEMENS,20190826,11:53,1153.45,1154.00,1152.75,1152.85,342,0
SIEMENS,20190826,11:54,1152.85,1152.90,1152.70,1152.70,110,0
SIEMENS,20190826,11:55,1152.60,1153.70,1152.60,1153.05,264,0
SIEMENS,20190826,11:56,1153.10,1153.65,1153.00,1153.65,207,0
SIEMENS,20190826,11:57,1153.00,1153.35,1153.00,1153.30,94,0
SIEMENS,20190826,11:58,1153.85,1153.85,1153.25,1153.85,14,0
SIEMENS,20190826,11:59,1152.30,1153.20,1151.95,1153.20,162,0
SIEMENS,20190826,12:00,1152.60,1153.25,1151.95,1152.45,80,0
SIEMENS,20190826,12:01,1153.15,1153.15,1151.80,1152.50,27,0
SIEMENS,20190826,12:02,1152.30,1153.55,1151.95,1153.00,97,0
SIEMENS,20190826,12:03,1152.70,1153.70,1152.65,1153.70,220,0
SIEMENS,20190826,12:04,1153.70,1153.95,1152.70,1153.60,332,0
SIEMENS,20190826,12:05,1153.95,1154.00,1152.50,1152.50,303,0
SIEMENS,20190826,12:06,1152.95,1153.25,1152.80,1152.80,124,0
SIEMENS,20190826,12:07,1152.75,1152.85,1151.40,1151.70,241,0
SIEMENS,20190826,12:08,1152.60,1153.25,1152.60,1153.25,20,0
SIEMENS,20190826,12:09,1152.95,1153.00,1152.80,1152.80,3,0
SIEMENS,20190826,12:10,1152.00,1152.95,1152.00,1152.10,23,0
SIEMENS,20190826,12:11,1152.00,1153.00,1152.00,1153.00,146,0
SIEMENS,20190826,12:12,1153.00,1153.00,1152.30,1152.95,44,0
SIEMENS,20190826,12:13,1153.30,1153.55,1153.30,1153.45,167,0
SIEMENS,20190826,12:14,1152.35,1153.60,1152.35,1153.20,144,0
SIEMENS,20190826,12:15,1152.40,1153.15,1152.40,1153.15,42,0
SIEMENS,20190826,12:16,1153.05,1153.10,1153.00,1153.05,182,0
SIEMENS,20190826,12:17,1153.05,1153.70,1153.00,1153.70,140,0
SIEMENS,20190826,12:18,1153.00,1153.65,1153.00,1153.00,158,0
SIEMENS,20190826,12:19,1153.50,1154.75,1153.50,1154.05,777,0
SIEMENS,20190826,12:20,1154.00,1154.10,1153.25,1154.00,172,0
SIEMENS,20190826,12:21,1153.00,1154.45,1153.00,1153.65,380,0
SIEMENS,20190826,12:22,1153.65,1154.55,1153.65,1154.50,52,0
SIEMENS,20190826,12:23,1154.50,1154.50,1154.50,1154.50,1,0
SIEMENS,20190826,12:24,1154.50,1154.50,1152.40,1152.40,2366,0
SIEMENS,20190826,12:25,1152.40,1153.00,1152.00,1152.55,43967,0
SIEMENS,20190826,12:26,1152.00,1152.95,1151.75,1152.15,2807,0
SIEMENS,20190826,12:27,1152.65,1152.65,1151.75,1152.00,3259,0
SIEMENS,20190826,12:28,1152.00,1153.10,1151.75,1152.80,39360,0
SIEMENS,20190826,12:29,1152.00,1152.90,1151.85,1152.00,9987,0
SIEMENS,20190826,12:30,1152.00,1152.00,1151.00,1151.00,4144,0
SIEMENS,20190826,12:31,1151.55,1151.55,1150.50,1150.50,115,0
SIEMENS,20190826,12:32,1151.20,1152.00,1150.90,1152.00,1059,0
SIEMENS,20190826,12:33,1151.45,1151.90,1151.10,1151.10,321,0
SIEMENS,20190826,12:34,1151.10,1152.00,1151.05,1151.35,332,0
SIEMENS,20190826,12:35,1151.35,1151.85,1151.00,1151.70,911,0
SIEMENS,20190826,12:36,1151.70,1151.95,1151.20,1151.85,392,0
SIEMENS,20190826,12:37,1151.95,1151.95,1151.15,1151.85,172,0
SIEMENS,20190826,12:38,1151.90,1151.90,1150.95,1150.95,1034,0
SIEMENS,20190826,12:39,1151.00,1151.70,1150.95,1150.95,459,0
SIEMENS,20190826,12:40,1151.00,1152.80,1151.00,1152.35,603,0
SIEMENS,20190826,12:41,1152.30,1152.80,1152.00,1152.15,298,0
SIEMENS,20190826,12:42,1152.60,1152.60,1152.05,1152.10,66,0
SIEMENS,20190826,12:43,1152.55,1152.85,1152.55,1152.85,90,0
SIEMENS,20190826,12:44,1152.70,1152.95,1151.00,1151.70,1062,0
SIEMENS,20190826,12:45,1152.25,1152.25,1151.65,1152.25,65,0
SIEMENS,20190826,12:46,1152.30,1153.00,1152.30,1153.00,12703,0
SIEMENS,20190826,12:47,1153.00,1153.10,1152.00,1152.00,4905,0
SIEMENS,20190826,12:48,1151.85,1152.15,1151.00,1151.80,1024,0
SIEMENS,20190826,12:49,1151.80,1152.00,1151.30,1152.00,835,0
SIEMENS,20190826,12:50,1152.00,1152.00,1150.50,1152.00,5539,0
SIEMENS,20190826,12:51,1152.00,1152.30,1151.50,1152.30,5608,0
SIEMENS,20190826,12:52,1152.00,1152.45,1151.15,1151.25,3137,0
SIEMENS,20190826,12:53,1151.00,1151.85,1150.75,1151.20,96,0
SIEMENS,20190826,12:54,1151.00,1152.00,1150.15,1152.00,1548,0
SIEMENS,20190826,12:55,1152.00,1152.80,1151.75,1152.80,1186,0
SIEMENS,20190826,12:56,1152.15,1152.70,1151.90,1152.00,15937,0
SIEMENS,20190826,12:57,1151.90,1152.75,1151.80,1152.00,11015,0
SIEMENS,20190826,12:58,1152.00,1152.00,1151.80,1152.00,1049,0
SIEMENS,20190826,12:59,1152.00,1152.70,1152.00,1152.00,4250,0
SIEMENS,20190826,13:00,1152.00,1152.10,1151.35,1152.10,23,0
SIEMENS,20190826,13:01,1151.95,1152.55,1151.50,1152.55,15,0
SIEMENS,20190826,13:02,1151.75,1152.85,1151.75,1152.00,458,0
SIEMENS,20190826,13:03,1152.15,1152.50,1150.65,1151.15,879,0
SIEMENS,20190826,13:04,1151.15,1152.00,1151.05,1152.00,2316,0
SIEMENS,20190826,13:05,1152.00,1152.00,1151.65,1152.00,1288,0
SIEMENS,20190826,13:06,1152.00,1152.00,1150.85,1151.45,219,0
SIEMENS,20190826,13:07,1151.05,1151.70,1150.85,1151.00,371,0
SIEMENS,20190826,13:08,1151.00,1151.70,1150.55,1150.55,690,0
SIEMENS,20190826,13:09,1150.35,1151.55,1150.35,1151.55,294,0
SIEMENS,20190826,13:10,1151.55,1151.85,1150.20,1151.55,157,0
SIEMENS,20190826,13:11,1151.55,1151.55,1151.40,1151.55,46,0
SIEMENS,20190826,13:12,1151.40,1151.50,1150.80,1150.80,164,0
SIEMENS,20190826,13:13,1151.55,1152.50,1151.55,1151.90,862,0
SIEMENS,20190826,13:14,1152.50,1152.50,1151.90,1152.50,1394,0
SIEMENS,20190826,13:15,1152.50,1152.50,1151.05,1151.95,969,0
SIEMENS,20190826,13:16,1151.15,1151.95,1151.15,1151.50,121,0
SIEMENS,20190826,13:17,1152.00,1152.00,1151.35,1151.75,654,0
SIEMENS,20190826,13:18,1152.00,1152.75,1151.60,1151.90,412,0
SIEMENS,20190826,13:19,1151.90,1152.00,1151.00,1151.00,1064,0
SIEMENS,20190826,13:20,1151.00,1152.95,1151.00,1152.90,10660,0
SIEMENS,20190826,13:21,1152.00,1152.00,1151.55,1151.65,2455,0
SIEMENS,20190826,13:22,1151.65,1152.25,1151.05,1151.80,566,0
SIEMENS,20190826,13:23,1151.60,1151.70,1151.50,1151.50,64,0
SIEMENS,20190826,13:24,1151.40,1152.00,1150.95,1151.75,645,0
SIEMENS,20190826,13:25,1151.10,1152.00,1150.70,1152.00,89,0
SIEMENS,20190826,13:26,1152.00,1152.00,1150.00,1150.50,2276,0
SIEMENS,20190826,13:27,1151.20,1151.80,1151.20,1151.80,46,0
SIEMENS,20190826,13:28,1151.85,1151.85,1150.65,1151.60,136,0
SIEMENS,20190826,13:29,1152.00,1152.70,1151.25,1151.25,1372,0
SIEMENS,20190826,13:30,1151.90,1152.35,1151.50,1152.30,22,0
SIEMENS,20190826,13:31,1152.00,1152.30,1151.45,1151.80,676,0
SIEMENS,20190826,13:32,1151.85,1152.00,1151.00,1152.00,116,0
SIEMENS,20190826,13:33,1151.45,1152.30,1151.40,1151.95,4703,0
SIEMENS,20190826,13:34,1152.00,1153.20,1152.00,1153.20,1193,0
SIEMENS,20190826,13:35,1153.30,1154.00,1152.75,1153.75,201,0
SIEMENS,20190826,13:36,1154.00,1155.35,1153.95,1155.35,1258,0
SIEMENS,20190826,13:37,1155.10,1160.45,1155.00,1160.45,8331,0
SIEMENS,20190826,13:38,1160.45,1163.75,1160.35,1163.55,5699,0
SIEMENS,20190826,13:39,1163.60,1164.50,1162.40,1162.55,2404,0
SIEMENS,20190826,13:40,1162.55,1163.00,1161.05,1161.45,1718,0
SIEMENS,20190826,13:41,1160.30,1161.95,1160.30,1161.95,883,0
SIEMENS,20190826,13:42,1161.40,1162.45,1160.35,1161.60,358,0
SIEMENS,20190826,13:43,1161.25,1161.25,1160.35,1161.25,598,0
SIEMENS,20190826,13:44,1160.95,1161.25,1160.95,1160.95,410,0
SIEMENS,20190826,13:45,1161.65,1162.60,1161.65,1162.00,789,0
SIEMENS,20190826,13:46,1161.45,1163.00,1161.45,1162.25,528,0
SIEMENS,20190826,13:47,1163.00,1163.90,1163.00,1163.90,2395,0
SIEMENS,20190826,13:48,1164.00,1165.10,1163.05,1165.10,1876,0
SIEMENS,20190826,13:49,1165.05,1165.05,1163.70,1164.00,401,0
SIEMENS,20190826,13:50,1163.00,1163.60,1163.00,1163.00,473,0
SIEMENS,20190826,13:51,1163.00,1164.30,1163.00,1164.05,626,0
SIEMENS,20190826,13:52,1164.60,1165.00,1163.40,1164.20,311,0
SIEMENS,20190826,13:53,1164.80,1164.95,1164.00,1164.65,105,0
SIEMENS,20190826,13:54,1164.15,1164.65,1163.70,1164.45,339,0
SIEMENS,20190826,13:55,1164.45,1164.50,1163.70,1163.95,215,0
SIEMENS,20190826,13:56,1163.60,1163.60,1161.20,1161.25,1221,0
SIEMENS,20190826,13:57,1161.55,1161.55,1160.95,1161.45,96,0
SIEMENS,20190826,13:58,1161.10,1162.45,1161.10,1162.45,425,0
SIEMENS,20190826,13:59,1162.00,1162.00,1160.25,1161.15,1081,0
SIEMENS,20190826,14:00,1161.40,1161.60,1161.00,1161.05,81,0
SIEMENS,20190826,14:01,1161.65,1162.65,1161.15,1162.15,1852,0
SIEMENS,20190826,14:02,1161.80,1161.95,1161.15,1161.95,23,0
SIEMENS,20190826,14:03,1161.95,1162.65,1161.00,1162.65,652,0
SIEMENS,20190826,14:04,1162.50,1162.90,1161.40,1162.90,3173,0
SIEMENS,20190826,14:05,1163.35,1163.40,1162.55,1163.05,697,0
SIEMENS,20190826,14:06,1162.60,1163.70,1162.40,1162.50,165,0
SIEMENS,20190826,14:07,1162.50,1163.05,1162.50,1162.55,121,0
SIEMENS,20190826,14:08,1162.65,1162.95,1162.65,1162.95,128,0
SIEMENS,20190826,14:09,1164.85,1164.85,1163.70,1164.20,1618,0
SIEMENS,20190826,14:10,1164.85,1167.00,1164.10,1166.35,3013,0
SIEMENS,20190826,14:11,1164.70,1166.05,1164.70,1165.00,992,0
SIEMENS,20190826,14:12,1165.00,1165.00,1164.00,1164.00,643,0
SIEMENS,20190826,14:13,1164.70,1164.70,1163.80,1163.95,320,0
SIEMENS,20190826,14:14,1163.75,1163.75,1161.50,1162.80,1798,0
SIEMENS,20190826,14:15,1162.95,1163.00,1162.30,1162.30,92,0
SIEMENS,20190826,14:16,1162.40,1162.95,1162.40,1162.40,79,0
SIEMENS,20190826,14:17,1163.00,1163.00,1162.00,1162.40,957,0
SIEMENS,20190826,14:18,1162.80,1164.00,1162.50,1164.00,891,0
SIEMENS,20190826,14:19,1163.00,1164.15,1163.00,1163.95,629,0
SIEMENS,20190826,14:20,1163.90,1164.50,1163.30,1164.50,227,0
SIEMENS,20190826,14:21,1164.10,1164.80,1164.10,1164.80,91,0
SIEMENS,20190826,14:22,1164.85,1166.00,1164.85,1166.00,503,0
SIEMENS,20190826,14:23,1165.95,1165.95,1164.60,1165.15,625,0
SIEMENS,20190826,14:24,1164.75,1166.00,1164.00,1164.00,239,0
SIEMENS,20190826,14:25,1164.00,1165.40,1164.00,1165.40,284,0
SIEMENS,20190826,14:26,1165.45,1166.00,1165.10,1165.80,553,0
SIEMENS,20190826,14:27,1165.90,1166.00,1165.50,1165.80,259,0
SIEMENS,20190826,14:28,1165.95,1166.00,1165.95,1166.00,1116,0
SIEMENS,20190826,14:29,1166.40,1170.70,1166.15,1168.95,6198,0
SIEMENS,20190826,14:30,1168.80,1169.05,1165.35,1166.80,2790,0
SIEMENS,20190826,14:31,1166.75,1166.75,1164.20,1164.20,1014,0
SIEMENS,20190826,14:32,1164.90,1165.45,1164.60,1164.60,302,0
SIEMENS,20190826,14:33,1165.00,1165.35,1164.40,1164.40,312,0
SIEMENS,20190826,14:34,1164.20,1164.50,1164.10,1164.50,545,0
SIEMENS,20190826,14:35,1164.15,1164.15,1161.70,1161.70,340,0
SIEMENS,20190826,14:36,1161.75,1164.00,1161.70,1162.55,1166,0
SIEMENS,20190826,14:37,1163.00,1163.60,1162.85,1162.90,172,0
SIEMENS,20190826,14:38,1163.05,1163.25,1162.20,1162.55,468,0
SIEMENS,20190826,14:39,1162.55,1165.00,1162.55,1164.05,809,0
SIEMENS,20190826,14:40,1164.80,1164.80,1163.55,1164.05,278,0
SIEMENS,20190826,14:41,1164.05,1164.10,1163.50,1163.65,74,0
SIEMENS,20190826,14:42,1163.40,1163.60,1162.50,1162.50,590,0
SIEMENS,20190826,14:43,1162.50,1162.50,1160.40,1161.10,1519,0
SIEMENS,20190826,14:44,1161.00,1161.05,1158.60,1158.60,2142,0
SIEMENS,20190826,14:45,1158.55,1160.55,1158.55,1160.45,353,0
SIEMENS,20190826,14:46,1161.50,1161.50,1158.70,1158.70,306,0
SIEMENS,20190826,14:47,1159.40,1160.25,1158.70,1159.00,70,0
SIEMENS,20190826,14:48,1159.70,1160.00,1158.70,1159.20,93,0
SIEMENS,20190826,14:49,1159.65,1160.45,1159.05,1160.45,285,0
SIEMENS,20190826,14:50,1160.60,1160.75,1160.10,1160.75,87,0
SIEMENS,20190826,14:51,1160.65,1160.65,1160.35,1160.35,7,0
SIEMENS,20190826,14:52,1161.85,1163.50,1161.85,1162.45,202,0
SIEMENS,20190826,14:53,1162.30,1164.00,1161.45,1162.90,746,0
SIEMENS,20190826,14:54,1162.75,1164.95,1162.75,1164.65,375,0
SIEMENS,20190826,14:55,1163.65,1165.00,1163.65,1164.95,530,0
SIEMENS,20190826,14:56,1164.15,1164.60,1163.65,1164.55,678,0
SIEMENS,20190826,14:57,1164.05,1164.80,1164.00,1164.10,781,0
SIEMENS,20190826,14:58,1164.05,1164.35,1164.00,1164.10,416,0
SIEMENS,20190826,14:59,1164.10,1164.90,1164.10,1164.10,207,0
SIEMENS,20190826,15:00,1164.15,1164.80,1164.15,1164.80,66,0
SIEMENS,20190826,15:01,1164.80,1165.90,1164.80,1165.90,1187,0
SIEMENS,20190826,15:02,1165.70,1167.15,1165.70,1167.15,1847,0
SIEMENS,20190826,15:03,1167.20,1169.70,1167.20,1168.25,1535,0
SIEMENS,20190826,15:04,1168.80,1170.30,1168.80,1170.15,4187,0
SIEMENS,20190826,15:05,1170.50,1173.50,1170.50,1171.00,2858,0
SIEMENS,20190826,15:06,1170.85,1171.00,1168.10,1168.10,1346,0
SIEMENS,20190826,15:07,1168.80,1169.55,1168.80,1169.00,224,0
SIEMENS,20190826,15:08,1168.85,1169.20,1168.85,1169.00,85,0
SIEMENS,20190826,15:09,1169.00,1169.00,1167.50,1167.85,1625,0
SIEMENS,20190826,15:10,1168.70,1170.00,1168.40,1169.25,852,0
SIEMENS,20190826,15:11,1168.30,1170.70,1167.50,1170.70,1663,0
SIEMENS,20190826,15:12,1170.45,1171.40,1169.65,1171.40,2791,0
SIEMENS,20190826,15:13,1171.40,1171.75,1168.50,1169.20,1414,0
SIEMENS,20190826,15:14,1169.20,1171.95,1169.20,1171.95,1841,0
SIEMENS,20190826,15:15,1171.60,1173.00,1171.60,1172.00,4518,0
SIEMENS,20190826,15:16,1172.15,1172.50,1171.80,1172.00,2794,0
SIEMENS,20190826,15:17,1172.00,1173.00,1170.45,1171.00,2086,0
SIEMENS,20190826,15:18,1171.50,1172.15,1170.90,1171.40,818,0
SIEMENS,20190826,15:19,1171.05,1171.70,1170.90,1171.70,1001,0
SIEMENS,20190826,15:20,1171.70,1172.40,1171.35,1172.40,1761,0
SIEMENS,20190826,15:21,1172.35,1172.50,1171.55,1172.00,1247,0
SIEMENS,20190826,15:22,1172.15,1172.50,1172.00,1172.00,874,0
SIEMENS,20190826,15:23,1171.55,1172.00,1171.20,1171.60,1558,0
SIEMENS,20190826,15:24,1172.35,1172.80,1171.60,1172.15,1508,0
SIEMENS,20190826,15:25,1172.15,1174.95,1172.15,1174.95,1592,0
SIEMENS,20190826,15:26,1174.90,1179.80,1174.90,1176.30,4534,0
SIEMENS,20190826,15:27,1176.25,1177.20,1175.05,1177.20,3106,0
SIEMENS,20190826,15:28,1177.25,1177.55,1173.30,1174.70,3024,0
SIEMENS,20190826,15:29,1176.00,1177.20,1174.75,1177.00,1212,0
SIEMENS,20190826,15:30,1179.00,1179.00,1174.60,1175.00,2465,0
SIEMENS,20190826,15:32,1172.20,1172.20,1172.20,1172.20,0,0
SIEMENS,20190826,15:41,1172.20,1172.20,1172.20,1172.20,2,0
SIEMENS,20190826,16:38,1172.20,1172.20,1172.20,1172.20,0,0
