APOLLOTYRE_F1,20220822,09:16,259.50,260.70,258.65,258.70,42000,11830000
APOLLOTYRE_F1,20220822,09:17,258.10,258.35,258.00,258.35,105000,11830000
APOLLOTYRE_F1,20220822,09:18,257.85,258.45,257.85,258.40,70000,11830000
APOLLOTYRE_F1,20220822,09:19,258.70,259.10,258.70,259.10,24500,11844000
APOLLOTYRE_F1,20220822,09:20,259.00,260.40,259.00,260.40,112000,11844000
APOLLOTYRE_F1,20220822,09:21,260.40,260.40,260.00,260.00,14000,11844000
APOLLOTYRE_F1,20220822,09:22,259.60,259.60,259.35,259.45,17500,11851000
APOLLOTYRE_F1,20220822,09:23,259.05,259.05,258.40,258.40,28000,11851000
APOLLOTYRE_F1,20220822,09:24,258.00,258.00,257.75,257.80,73500,11886000
APOLLOTYRE_F1,20220822,09:25,258.00,258.00,257.95,257.95,52500,11886000
APOLLOTYRE_F1,20220822,09:26,258.10,258.10,258.10,258.10,14000,11886000
APOLLOTYRE_F1,20220822,09:27,258.05,258.05,257.60,257.80,35000,11886000
APOLLOTYRE_F1,20220822,09:28,257.80,258.15,257.80,258.15,31500,11882500
APOLLOTYRE_F1,20220822,09:29,258.40,258.45,258.40,258.45,24500,11882500
APOLLOTYRE_F1,20220822,09:30,258.45,258.45,258.25,258.25,14000,11882500
APOLLOTYRE_F1,20220822,09:31,258.50,258.50,258.50,258.50,24500,11851000
APOLLOTYRE_F1,20220822,09:32,259.20,259.30,258.75,258.75,45500,11851000
APOLLOTYRE_F1,20220822,09:33,258.80,258.80,258.80,258.80,28000,11882500
APOLLOTYRE_F1,20220822,09:34,258.70,258.70,258.55,258.55,21000,11882500
APOLLOTYRE_F1,20220822,09:35,258.70,258.70,258.50,258.50,105000,11882500
APOLLOTYRE_F1,20220822,09:36,258.30,259.15,258.30,259.15,70000,11917500
APOLLOTYRE_F1,20220822,09:37,258.70,258.70,258.30,258.30,56000,11917500
APOLLOTYRE_F1,20220822,09:38,258.35,258.40,258.25,258.40,21000,11917500
APOLLOTYRE_F1,20220822,09:39,258.90,258.90,258.55,258.55,17500,11945500
APOLLOTYRE_F1,20220822,09:40,258.25,258.25,258.05,258.05,35000,11945500
APOLLOTYRE_F1,20220822,09:41,258.15,258.15,258.15,258.15,38500,11945500
APOLLOTYRE_F1,20220822,09:42,258.50,258.50,258.40,258.40,42000,11973500
APOLLOTYRE_F1,20220822,09:43,258.45,258.55,258.45,258.55,66500,11973500
APOLLOTYRE_F1,20220822,09:44,258.15,258.30,258.15,258.15,31500,11973500
APOLLOTYRE_F1,20220822,09:45,258.35,258.70,258.35,258.70,49000,11949000
APOLLOTYRE_F1,20220822,09:46,258.95,259.20,258.95,259.15,38500,11949000
APOLLOTYRE_F1,20220822,09:47,258.95,258.95,258.35,258.35,31500,11949000
APOLLOTYRE_F1,20220822,09:48,258.15,258.15,258.00,258.00,80500,12019000
APOLLOTYRE_F1,20220822,09:49,257.90,257.90,257.90,257.90,17500,12019000
APOLLOTYRE_F1,20220822,09:50,258.40,259.00,258.40,258.70,28000,12019000
APOLLOTYRE_F1,20220822,09:51,258.35,258.35,258.30,258.30,31500,12036500
APOLLOTYRE_F1,20220822,09:52,258.10,258.30,258.10,258.30,28000,12036500
APOLLOTYRE_F1,20220822,09:53,258.30,258.30,258.30,258.30,14000,12036500
APOLLOTYRE_F1,20220822,09:54,258.60,258.60,258.20,258.35,59500,12008500
APOLLOTYRE_F1,20220822,09:55,258.35,258.35,257.95,257.95,70000,12008500
APOLLOTYRE_F1,20220822,09:56,258.45,258.45,258.20,258.20,21000,12008500
APOLLOTYRE_F1,20220822,09:57,258.25,258.25,258.25,258.25,7000,12008500
APOLLOTYRE_F1,20220822,09:58,258.50,258.85,258.40,258.40,59500,12033000
APOLLOTYRE_F1,20220822,09:59,258.35,258.35,258.35,258.35,31500,12033000
APOLLOTYRE_F1,20220822,10:00,258.35,258.35,257.55,257.85,87500,12019000
APOLLOTYRE_F1,20220822,10:01,257.85,257.85,257.85,257.85,35000,12019000
APOLLOTYRE_F1,20220822,10:02,257.60,257.65,257.50,257.65,28000,12019000
APOLLOTYRE_F1,20220822,10:03,256.75,256.85,256.70,256.85,35000,12022500
APOLLOTYRE_F1,20220822,10:04,256.60,257.25,256.60,257.25,10500,12022500
APOLLOTYRE_F1,20220822,10:05,257.25,257.60,257.25,257.60,38500,12022500
APOLLOTYRE_F1,20220822,10:06,257.45,257.60,257.45,257.60,45500,12022500
APOLLOTYRE_F1,20220822,10:07,257.80,257.80,257.55,257.55,28000,12064500
APOLLOTYRE_F1,20220822,10:08,257.70,257.70,257.70,257.70,17500,12064500
APOLLOTYRE_F1,20220822,10:09,257.70,257.70,257.70,257.70,10500,12043500
APOLLOTYRE_F1,20220822,10:10,257.75,257.75,257.65,257.65,21000,12043500
APOLLOTYRE_F1,20220822,10:11,257.65,257.65,257.15,257.15,52500,12043500
APOLLOTYRE_F1,20220822,10:12,257.15,257.40,257.15,257.40,28000,12043500
APOLLOTYRE_F1,20220822,10:13,257.25,257.25,257.15,257.25,42000,12068000
APOLLOTYRE_F1,20220822,10:14,257.05,257.10,257.05,257.10,45500,12068000
APOLLOTYRE_F1,20220822,10:15,257.25,257.25,257.25,257.25,42000,12068000
APOLLOTYRE_F1,20220822,10:16,257.25,257.25,257.25,257.25,3500,12113500
APOLLOTYRE_F1,20220822,10:17,257.35,257.35,257.30,257.30,28000,12113500
APOLLOTYRE_F1,20220822,10:18,257.30,257.30,257.30,257.30,7000,12061000
APOLLOTYRE_F1,20220822,10:19,257.30,257.30,257.30,257.30,14000,12061000
APOLLOTYRE_F1,20220822,10:20,257.10,257.15,257.10,257.15,24500,12061000
APOLLOTYRE_F1,20220822,10:21,257.25,257.25,257.25,257.25,35000,12061000
APOLLOTYRE_F1,20220822,10:22,257.30,257.30,256.90,256.95,42000,12110000
APOLLOTYRE_F1,20220822,10:23,257.05,257.05,256.90,257.00,52500,12110000
APOLLOTYRE_F1,20220822,10:24,257.00,257.00,257.00,257.00,28000,12110000
APOLLOTYRE_F1,20220822,10:25,257.00,257.00,256.45,256.65,45500,12127500
APOLLOTYRE_F1,20220822,10:26,256.80,256.80,256.80,256.80,28000,12127500
APOLLOTYRE_F1,20220822,10:27,256.80,256.80,256.40,256.40,38500,12127500
APOLLOTYRE_F1,20220822,10:28,256.30,256.45,256.30,256.35,31500,12166000
APOLLOTYRE_F1,20220822,10:29,256.20,256.20,256.15,256.20,28000,12166000
APOLLOTYRE_F1,20220822,10:30,255.70,255.70,255.70,255.70,63000,12166000
APOLLOTYRE_F1,20220822,10:31,256.00,256.00,255.80,255.80,63000,12183500
APOLLOTYRE_F1,20220822,10:32,256.05,256.05,255.85,255.85,52500,12183500
APOLLOTYRE_F1,20220822,10:33,255.85,255.85,255.50,255.55,45500,12183500
APOLLOTYRE_F1,20220822,10:34,255.30,255.30,255.30,255.30,70000,12148500
APOLLOTYRE_F1,20220822,10:35,254.80,254.85,254.80,254.85,38500,12148500
APOLLOTYRE_F1,20220822,10:36,255.00,255.45,255.00,255.25,108500,12148500
APOLLOTYRE_F1,20220822,10:37,255.20,255.20,254.70,254.75,126000,12222000
APOLLOTYRE_F1,20220822,10:38,254.75,254.75,254.10,254.10,98000,12222000
APOLLOTYRE_F1,20220822,10:39,254.65,254.90,254.65,254.90,49000,12260500
APOLLOTYRE_F1,20220822,10:40,254.95,255.10,254.95,255.10,28000,12260500
APOLLOTYRE_F1,20220822,10:41,255.65,255.65,255.65,255.65,31500,12260500
APOLLOTYRE_F1,20220822,10:42,256.10,256.20,256.10,256.20,28000,12260500
APOLLOTYRE_F1,20220822,10:43,256.20,256.20,256.20,256.20,42000,12295500
APOLLOTYRE_F1,20220822,10:44,256.05,256.05,256.05,256.05,21000,12295500
APOLLOTYRE_F1,20220822,10:45,256.05,256.05,256.05,256.05,14000,12295500
APOLLOTYRE_F1,20220822,10:46,256.30,256.30,256.00,256.00,14000,12299000
APOLLOTYRE_F1,20220822,10:47,256.15,256.15,256.05,256.05,21000,12299000
APOLLOTYRE_F1,20220822,10:48,256.00,256.00,255.80,255.80,24500,12299000
APOLLOTYRE_F1,20220822,10:49,255.80,255.85,255.80,255.85,17500,12281500
APOLLOTYRE_F1,20220822,10:50,255.85,255.85,255.85,255.85,17500,12281500
APOLLOTYRE_F1,20220822,10:51,255.70,255.70,255.70,255.70,14000,12281500
APOLLOTYRE_F1,20220822,10:52,255.90,255.90,255.90,255.90,14000,12309500
APOLLOTYRE_F1,20220822,10:53,256.00,256.00,256.00,256.00,31500,12309500
APOLLOTYRE_F1,20220822,10:54,256.00,256.00,256.00,256.00,7000,12309500
APOLLOTYRE_F1,20220822,10:56,256.00,256.00,255.95,255.95,52500,12320000
APOLLOTYRE_F1,20220822,10:57,256.35,256.35,256.10,256.10,56000,12365500
APOLLOTYRE_F1,20220822,10:58,256.00,256.10,256.00,256.10,28000,12365500
APOLLOTYRE_F1,20220822,10:59,256.15,256.15,256.00,256.15,31500,12365500
APOLLOTYRE_F1,20220822,11:00,256.15,256.15,256.15,256.15,10500,12365500
APOLLOTYRE_F1,20220822,11:01,255.95,256.10,255.95,256.00,52500,12036500
APOLLOTYRE_F1,20220822,11:02,256.00,256.00,256.00,256.00,42000,12036500
APOLLOTYRE_F1,20220822,11:03,256.00,256.00,255.50,255.50,70000,12036500
APOLLOTYRE_F1,20220822,11:04,255.30,255.40,255.30,255.40,35000,12057500
APOLLOTYRE_F1,20220822,11:05,255.40,256.15,255.40,256.15,49000,12057500
APOLLOTYRE_F1,20220822,11:06,256.10,256.30,256.10,256.30,10500,12057500
APOLLOTYRE_F1,20220822,11:07,256.30,256.30,255.90,255.90,28000,12078500
APOLLOTYRE_F1,20220822,11:08,256.00,256.00,255.90,255.90,38500,12078500
APOLLOTYRE_F1,20220822,11:10,255.75,255.75,255.60,255.60,94500,12068000
APOLLOTYRE_F1,20220822,11:11,255.60,255.60,255.60,255.60,7000,12068000
APOLLOTYRE_F1,20220822,11:12,255.60,255.60,255.60,255.60,10500,12068000
APOLLOTYRE_F1,20220822,11:13,255.60,255.60,255.60,255.60,17500,12103000
APOLLOTYRE_F1,20220822,11:14,255.60,255.95,255.60,255.95,28000,12103000
APOLLOTYRE_F1,20220822,11:15,255.95,255.95,255.95,255.95,49000,12103000
APOLLOTYRE_F1,20220822,11:16,255.90,255.90,255.90,255.90,14000,12040000
APOLLOTYRE_F1,20220822,11:17,255.90,255.90,255.65,255.65,35000,12040000
APOLLOTYRE_F1,20220822,11:18,255.45,255.75,255.45,255.45,63000,12040000
APOLLOTYRE_F1,20220822,11:19,255.45,255.45,255.45,255.45,7000,12015500
APOLLOTYRE_F1,20220822,11:20,255.45,255.70,255.45,255.70,38500,12015500
APOLLOTYRE_F1,20220822,11:21,255.70,255.70,255.70,255.70,7000,12015500
APOLLOTYRE_F1,20220822,11:22,255.90,255.90,255.90,255.90,31500,12012000
APOLLOTYRE_F1,20220822,11:23,255.90,255.90,255.55,255.55,10500,12012000
APOLLOTYRE_F1,20220822,11:24,255.55,255.55,255.30,255.30,35000,12012000
APOLLOTYRE_F1,20220822,11:25,255.40,255.40,255.10,255.10,35000,12026000
APOLLOTYRE_F1,20220822,11:26,255.10,255.10,255.10,255.10,10500,12026000
APOLLOTYRE_F1,20220822,11:27,255.10,255.10,255.05,255.05,31500,12026000
APOLLOTYRE_F1,20220822,11:28,255.05,255.05,254.90,254.90,31500,12057500
APOLLOTYRE_F1,20220822,11:29,254.70,255.15,254.70,255.15,38500,12057500
APOLLOTYRE_F1,20220822,11:30,255.35,255.55,255.35,255.55,21000,12057500
APOLLOTYRE_F1,20220822,11:31,255.50,255.50,255.50,255.50,38500,12068000
APOLLOTYRE_F1,20220822,11:32,255.50,255.50,255.50,255.50,10500,12068000
APOLLOTYRE_F1,20220822,11:33,255.50,255.50,255.50,255.50,24500,12068000
APOLLOTYRE_F1,20220822,11:34,255.75,255.75,255.75,255.75,49000,12089000
APOLLOTYRE_F1,20220822,11:35,255.75,255.75,255.55,255.55,10500,12089000
APOLLOTYRE_F1,20220822,11:36,255.55,255.55,255.55,255.55,518000,12089000
APOLLOTYRE_F1,20220822,11:37,255.20,255.20,255.20,255.20,45500,12442500
APOLLOTYRE_F1,20220822,11:38,255.20,255.20,254.90,254.95,42000,12442500
APOLLOTYRE_F1,20220822,11:39,255.00,255.05,255.00,255.05,17500,12442500
APOLLOTYRE_F1,20220822,11:40,255.05,255.05,255.05,255.05,7000,12467000
APOLLOTYRE_F1,20220822,11:41,255.05,255.05,255.05,255.05,7000,12467000
APOLLOTYRE_F1,20220822,11:42,255.00,255.00,255.00,255.00,3500,12467000
APOLLOTYRE_F1,20220822,11:44,255.10,255.10,255.10,255.10,3500,12453000
APOLLOTYRE_F1,20220822,11:45,255.10,255.10,255.10,255.10,3500,12453000
APOLLOTYRE_F1,20220822,11:46,255.40,255.40,255.40,255.40,49000,12068000
APOLLOTYRE_F1,20220822,11:47,255.40,255.40,255.40,255.40,10500,12068000
APOLLOTYRE_F1,20220822,11:48,255.75,255.75,255.70,255.70,21000,12068000
APOLLOTYRE_F1,20220822,11:49,255.70,256.00,255.70,256.00,10500,12096000
APOLLOTYRE_F1,20220822,11:50,256.05,256.05,256.05,256.05,7000,12096000
APOLLOTYRE_F1,20220822,11:51,256.05,256.15,256.00,256.15,21000,12096000
APOLLOTYRE_F1,20220822,11:53,256.35,256.35,256.05,256.05,14000,12096000
APOLLOTYRE_F1,20220822,11:54,256.05,256.25,256.00,256.00,17500,12096000
APOLLOTYRE_F1,20220822,11:56,256.00,256.00,255.90,255.90,14000,12099500
APOLLOTYRE_F1,20220822,11:57,256.10,256.10,256.10,256.10,3500,12099500
APOLLOTYRE_F1,20220822,12:00,256.10,256.10,256.10,256.10,17500,12113500
APOLLOTYRE_F1,20220822,12:01,256.10,256.10,256.00,256.00,10500,12124000
APOLLOTYRE_F1,20220822,12:02,256.50,256.60,256.50,256.60,45500,12124000
APOLLOTYRE_F1,20220822,12:03,256.60,256.60,256.60,256.60,38500,12124000
APOLLOTYRE_F1,20220822,12:04,256.70,256.70,256.40,256.40,24500,12166000
APOLLOTYRE_F1,20220822,12:05,256.40,256.40,256.40,256.40,7000,12166000
APOLLOTYRE_F1,20220822,12:06,256.40,256.45,256.40,256.45,14000,12166000
APOLLOTYRE_F1,20220822,12:07,257.25,257.30,257.10,257.30,112000,12187000
APOLLOTYRE_F1,20220822,12:08,257.05,257.30,257.05,257.30,35000,12187000
APOLLOTYRE_F1,20220822,12:09,257.50,257.90,257.50,257.70,31500,12187000
APOLLOTYRE_F1,20220822,12:10,257.75,257.75,257.75,257.75,14000,12267500
APOLLOTYRE_F1,20220822,12:11,257.75,257.75,257.75,257.75,24500,12267500
APOLLOTYRE_F1,20220822,12:12,257.75,257.75,257.50,257.50,17500,12267500
APOLLOTYRE_F1,20220822,12:13,257.50,257.50,257.30,257.30,14000,12250000
APOLLOTYRE_F1,20220822,12:14,257.30,257.30,257.30,257.30,10500,12250000
APOLLOTYRE_F1,20220822,12:15,257.30,257.30,256.90,256.90,38500,12250000
APOLLOTYRE_F1,20220822,12:16,256.70,256.95,256.70,256.95,10500,12281500
APOLLOTYRE_F1,20220822,12:17,256.95,256.95,256.80,256.80,10500,12281500
APOLLOTYRE_F1,20220822,12:18,256.80,256.80,256.80,256.80,3500,12281500
APOLLOTYRE_F1,20220822,12:19,256.80,256.80,256.30,256.30,24500,12267500
APOLLOTYRE_F1,20220822,12:20,256.30,256.30,256.20,256.20,31500,12267500
APOLLOTYRE_F1,20220822,12:21,256.10,256.50,256.10,256.50,42000,12267500
APOLLOTYRE_F1,20220822,12:22,256.50,256.70,256.50,256.70,17500,12292000
APOLLOTYRE_F1,20220822,12:23,256.70,256.70,256.70,256.70,17500,12292000
APOLLOTYRE_F1,20220822,12:24,256.85,256.85,256.75,256.75,42000,12292000
APOLLOTYRE_F1,20220822,12:25,256.65,256.80,256.65,256.80,14000,12344500
APOLLOTYRE_F1,20220822,12:26,256.80,256.80,256.80,256.80,10500,12344500
APOLLOTYRE_F1,20220822,12:27,256.80,256.80,256.50,256.50,14000,12344500
APOLLOTYRE_F1,20220822,12:28,256.50,256.50,256.50,256.50,10500,12337500
APOLLOTYRE_F1,20220822,12:29,257.00,257.15,256.80,256.80,38500,12337500
APOLLOTYRE_F1,20220822,12:30,257.15,257.30,257.15,257.30,28000,12337500
APOLLOTYRE_F1,20220822,12:31,257.30,257.30,257.30,257.30,17500,12390000
APOLLOTYRE_F1,20220822,12:32,257.30,257.55,257.30,257.55,17500,12390000
APOLLOTYRE_F1,20220822,12:33,257.00,257.00,256.85,256.85,49000,12390000
APOLLOTYRE_F1,20220822,12:34,256.80,257.15,256.80,256.85,28000,12428500
APOLLOTYRE_F1,20220822,12:35,256.85,256.85,256.85,256.85,42000,12428500
APOLLOTYRE_F1,20220822,12:36,256.85,256.85,256.85,256.85,7000,12428500
APOLLOTYRE_F1,20220822,12:37,257.00,257.00,257.00,257.00,10500,12477500
APOLLOTYRE_F1,20220822,12:38,257.00,257.00,257.00,257.00,10500,12477500
APOLLOTYRE_F1,20220822,12:39,257.00,257.25,257.00,257.25,42000,12477500
APOLLOTYRE_F1,20220822,12:40,257.35,257.35,257.35,257.35,14000,12519500
APOLLOTYRE_F1,20220822,12:41,257.35,257.35,257.35,257.35,52500,12519500
APOLLOTYRE_F1,20220822,12:42,257.35,257.35,257.35,257.35,52500,12519500
APOLLOTYRE_F1,20220822,12:43,257.35,257.35,257.35,257.35,7000,12432000
APOLLOTYRE_F1,20220822,12:44,257.35,257.35,256.40,256.40,17500,12432000
APOLLOTYRE_F1,20220822,12:45,256.40,256.40,256.40,256.40,7000,12432000
APOLLOTYRE_F1,20220822,12:46,256.00,256.00,255.85,255.85,38500,12442500
APOLLOTYRE_F1,20220822,12:47,255.65,255.65,255.65,255.65,14000,12442500
APOLLOTYRE_F1,20220822,12:48,256.50,256.50,256.25,256.25,119000,12442500
APOLLOTYRE_F1,20220822,12:49,256.25,256.25,256.25,256.25,24500,12481000
APOLLOTYRE_F1,20220822,12:50,256.10,256.10,256.10,256.10,14000,12481000
APOLLOTYRE_F1,20220822,12:51,256.10,256.10,256.10,256.10,21000,12481000
APOLLOTYRE_F1,20220822,12:52,256.25,256.25,256.25,256.25,28000,12498500
APOLLOTYRE_F1,20220822,12:53,256.25,256.25,256.00,256.00,10500,12498500
APOLLOTYRE_F1,20220822,12:54,256.00,256.00,255.95,255.95,21000,12498500
APOLLOTYRE_F1,20220822,12:55,255.95,255.95,255.95,255.95,7000,12523000
APOLLOTYRE_F1,20220822,12:56,255.95,256.10,255.95,256.10,17500,12523000
APOLLOTYRE_F1,20220822,12:57,256.10,256.10,255.80,255.80,10500,12523000
APOLLOTYRE_F1,20220822,12:58,255.80,255.80,255.80,255.80,10500,12519500
APOLLOTYRE_F1,20220822,12:59,255.75,255.75,255.50,255.50,24500,12519500
APOLLOTYRE_F1,20220822,13:00,255.50,255.50,255.20,255.20,14000,12519500
APOLLOTYRE_F1,20220822,13:01,255.20,255.20,255.20,255.20,10500,12533500
APOLLOTYRE_F1,20220822,13:02,255.25,255.25,255.25,255.25,17500,12533500
APOLLOTYRE_F1,20220822,13:03,255.25,255.25,255.25,255.25,3500,12533500
APOLLOTYRE_F1,20220822,13:04,255.25,255.25,255.20,255.20,17500,12516000
APOLLOTYRE_F1,20220822,13:05,255.20,255.40,255.20,255.40,17500,12516000
APOLLOTYRE_F1,20220822,13:06,255.65,255.65,255.65,255.65,21000,12516000
APOLLOTYRE_F1,20220822,13:07,255.90,255.90,255.90,255.90,7000,12516000
APOLLOTYRE_F1,20220822,13:08,255.90,255.90,255.90,255.90,10500,12519500
APOLLOTYRE_F1,20220822,13:09,255.85,255.85,255.85,255.85,3500,12519500
APOLLOTYRE_F1,20220822,13:11,255.85,255.85,255.85,255.85,21000,12537000
APOLLOTYRE_F1,20220822,13:12,255.90,255.90,255.90,255.90,3500,12537000
APOLLOTYRE_F1,20220822,13:13,255.80,255.80,255.80,255.80,3500,12537000
APOLLOTYRE_F1,20220822,13:14,255.80,255.80,255.80,255.80,7000,12530000
APOLLOTYRE_F1,20220822,13:15,255.80,255.80,255.80,255.80,14000,12530000
APOLLOTYRE_F1,20220822,13:16,255.80,255.80,255.80,255.80,7000,12544000
APOLLOTYRE_F1,20220822,13:17,255.80,255.85,255.80,255.85,21000,12544000
APOLLOTYRE_F1,20220822,13:18,255.85,255.85,255.85,255.85,17500,12544000
APOLLOTYRE_F1,20220822,13:19,256.20,256.20,256.20,256.20,21000,12565000
APOLLOTYRE_F1,20220822,13:20,256.20,256.20,256.00,256.00,21000,12565000
APOLLOTYRE_F1,20220822,13:21,256.00,256.00,256.00,256.00,7000,12565000
APOLLOTYRE_F1,20220822,13:22,256.00,256.00,256.00,256.00,10500,12572000
APOLLOTYRE_F1,20220822,13:23,256.45,256.65,256.40,256.40,66500,12572000
APOLLOTYRE_F1,20220822,13:24,256.40,256.60,256.40,256.45,287000,12572000
APOLLOTYRE_F1,20220822,13:25,256.45,256.45,256.10,256.10,56000,12719000
APOLLOTYRE_F1,20220822,13:26,255.80,255.80,255.80,255.80,87500,12719000
APOLLOTYRE_F1,20220822,13:27,255.80,255.95,255.60,255.60,56000,12719000
APOLLOTYRE_F1,20220822,13:28,255.60,255.60,255.60,255.60,7000,12740000
APOLLOTYRE_F1,20220822,13:29,255.60,255.70,255.60,255.70,21000,12740000
APOLLOTYRE_F1,20220822,13:30,255.70,255.70,255.50,255.50,17500,12740000
APOLLOTYRE_F1,20220822,13:31,255.50,255.50,255.30,255.30,17500,12743500
APOLLOTYRE_F1,20220822,13:32,255.30,255.30,255.10,255.10,10500,12743500
APOLLOTYRE_F1,20220822,13:33,255.15,255.15,255.15,255.15,24500,12743500
APOLLOTYRE_F1,20220822,13:34,255.15,255.15,255.15,255.15,10500,12491500
APOLLOTYRE_F1,20220822,13:35,255.30,255.30,255.30,255.30,7000,12491500
APOLLOTYRE_F1,20220822,13:36,255.30,255.30,255.30,255.30,17500,12491500
APOLLOTYRE_F1,20220822,13:37,255.40,255.40,255.40,255.40,24500,12057500
APOLLOTYRE_F1,20220822,13:38,255.60,255.60,255.60,255.60,14000,12057500
APOLLOTYRE_F1,20220822,13:39,255.60,255.60,255.60,255.60,14000,12057500
APOLLOTYRE_F1,20220822,13:40,255.50,255.80,255.50,255.80,10500,12064500
APOLLOTYRE_F1,20220822,13:41,255.80,255.80,255.80,255.80,14000,12064500
APOLLOTYRE_F1,20220822,13:42,255.80,255.90,255.80,255.90,35000,12064500
APOLLOTYRE_F1,20220822,13:43,255.90,255.90,255.50,255.50,94500,12078500
APOLLOTYRE_F1,20220822,13:44,255.55,255.55,255.55,255.55,45500,12078500
APOLLOTYRE_F1,20220822,13:45,255.55,255.55,255.30,255.30,24500,12078500
APOLLOTYRE_F1,20220822,13:46,255.30,255.30,255.30,255.30,14000,12075000
APOLLOTYRE_F1,20220822,13:47,255.30,255.30,255.25,255.25,21000,12075000
APOLLOTYRE_F1,20220822,13:48,255.25,255.25,255.25,255.25,17500,12075000
APOLLOTYRE_F1,20220822,13:49,254.90,254.90,254.80,254.80,38500,12068000
APOLLOTYRE_F1,20220822,13:50,254.80,254.80,254.65,254.80,59500,12068000
APOLLOTYRE_F1,20220822,13:51,254.80,254.80,254.70,254.70,31500,12068000
APOLLOTYRE_F1,20220822,13:52,254.70,254.70,254.65,254.65,24500,12068000
APOLLOTYRE_F1,20220822,13:53,254.55,254.55,254.30,254.30,52500,12068000
APOLLOTYRE_F1,20220822,13:54,254.00,254.15,254.00,254.00,31500,12068000
APOLLOTYRE_F1,20220822,13:55,254.20,254.20,254.05,254.05,38500,12029500
APOLLOTYRE_F1,20220822,13:56,254.05,254.05,254.00,254.00,35000,12029500
APOLLOTYRE_F1,20220822,13:57,253.65,253.65,253.35,253.35,56000,12029500
APOLLOTYRE_F1,20220822,13:58,253.65,253.90,253.65,253.90,45500,12008500
APOLLOTYRE_F1,20220822,13:59,253.55,253.55,253.20,253.20,154000,12008500
APOLLOTYRE_F1,20220822,14:00,253.40,253.40,252.85,252.85,112000,12008500
APOLLOTYRE_F1,20220822,14:01,252.65,252.65,252.50,252.60,87500,12029500
APOLLOTYRE_F1,20220822,14:02,252.25,252.45,252.20,252.45,196000,12029500
APOLLOTYRE_F1,20220822,14:03,252.30,252.30,251.95,252.10,70000,12029500
APOLLOTYRE_F1,20220822,14:04,252.00,252.00,251.80,251.80,80500,12036500
APOLLOTYRE_F1,20220822,14:05,251.50,251.75,251.50,251.70,122500,12036500
APOLLOTYRE_F1,20220822,14:06,252.00,252.00,252.00,252.00,42000,12036500
APOLLOTYRE_F1,20220822,14:07,252.25,252.85,252.25,252.75,59500,11959500
APOLLOTYRE_F1,20220822,14:08,252.80,252.85,252.80,252.85,24500,11959500
APOLLOTYRE_F1,20220822,14:09,252.90,253.20,252.90,253.20,21000,11959500
APOLLOTYRE_F1,20220822,14:10,253.40,253.40,253.30,253.30,112000,11987500
APOLLOTYRE_F1,20220822,14:11,253.30,253.30,253.05,253.05,94500,11987500
APOLLOTYRE_F1,20220822,14:12,253.25,253.25,253.20,253.20,14000,11987500
APOLLOTYRE_F1,20220822,14:13,253.20,253.30,253.00,253.00,31500,11966500
APOLLOTYRE_F1,20220822,14:14,253.00,253.00,253.00,253.00,7000,11966500
APOLLOTYRE_F1,20220822,14:15,253.00,253.20,253.00,253.20,28000,11966500
APOLLOTYRE_F1,20220822,14:16,253.45,253.45,253.45,253.45,14000,11984000
APOLLOTYRE_F1,20220822,14:17,253.30,253.30,253.30,253.30,10500,11984000
APOLLOTYRE_F1,20220822,14:18,253.15,253.15,253.15,253.15,3500,11984000
APOLLOTYRE_F1,20220822,14:19,253.25,253.25,253.25,253.25,3500,11984000
APOLLOTYRE_F1,20220822,14:20,253.20,253.20,253.10,253.10,28000,11959500
APOLLOTYRE_F1,20220822,14:21,253.05,253.05,253.05,253.05,7000,11959500
APOLLOTYRE_F1,20220822,14:22,252.95,253.05,252.95,253.05,14000,11910500
APOLLOTYRE_F1,20220822,14:23,252.70,252.70,252.70,252.70,14000,11910500
APOLLOTYRE_F1,20220822,14:24,253.00,253.00,252.90,252.90,14000,11910500
APOLLOTYRE_F1,20220822,14:25,252.90,252.90,252.90,252.90,3500,11910500
APOLLOTYRE_F1,20220822,14:26,252.90,253.10,252.90,253.10,10500,11910500
APOLLOTYRE_F1,20220822,14:27,252.95,252.95,252.95,252.95,3500,11910500
APOLLOTYRE_F1,20220822,14:28,252.95,253.25,252.95,253.25,10500,11893000
APOLLOTYRE_F1,20220822,14:29,253.25,253.25,253.05,253.05,17500,11893000
APOLLOTYRE_F1,20220822,14:30,253.10,253.10,252.90,252.90,10500,11893000
APOLLOTYRE_F1,20220822,14:31,252.90,252.95,252.90,252.95,10500,11893000
APOLLOTYRE_F1,20220822,14:32,252.95,252.95,252.95,252.95,7000,11903500
APOLLOTYRE_F1,20220822,14:33,252.75,252.75,252.45,252.45,35000,11903500
APOLLOTYRE_F1,20220822,14:34,252.45,252.50,252.35,252.50,10500,11872000
APOLLOTYRE_F1,20220822,14:35,252.50,252.50,252.35,252.35,17500,11872000
APOLLOTYRE_F1,20220822,14:36,252.25,252.25,251.90,251.90,31500,11872000
APOLLOTYRE_F1,20220822,14:37,252.00,252.00,252.00,252.00,10500,11872000
APOLLOTYRE_F1,20220822,14:38,251.80,251.80,251.70,251.70,24500,11875500
APOLLOTYRE_F1,20220822,14:39,251.40,251.50,251.40,251.40,45500,11875500
APOLLOTYRE_F1,20220822,14:40,251.40,251.45,251.40,251.45,42000,11889500
APOLLOTYRE_F1,20220822,14:41,251.50,251.50,251.35,251.35,49000,11889500
APOLLOTYRE_F1,20220822,14:42,251.25,251.35,251.25,251.35,45500,11889500
APOLLOTYRE_F1,20220822,14:43,251.10,251.15,251.10,251.15,70000,11889500
APOLLOTYRE_F1,20220822,14:44,251.10,251.25,251.10,251.25,21000,11872000
APOLLOTYRE_F1,20220822,14:45,251.10,251.10,251.05,251.05,14000,11872000
APOLLOTYRE_F1,20220822,14:46,251.05,251.15,251.00,251.10,52500,11872000
APOLLOTYRE_F1,20220822,14:47,250.85,250.85,250.85,250.85,21000,11872000
APOLLOTYRE_F1,20220822,14:48,250.85,251.00,250.75,250.75,28000,11872000
APOLLOTYRE_F1,20220822,14:49,250.80,250.85,250.80,250.85,42000,11868500
APOLLOTYRE_F1,20220822,14:50,250.60,251.00,250.60,251.00,38500,11868500
APOLLOTYRE_F1,20220822,14:51,251.25,251.35,251.10,251.10,77000,11868500
APOLLOTYRE_F1,20220822,14:52,251.30,251.30,251.30,251.30,10500,11830000
APOLLOTYRE_F1,20220822,14:53,251.20,251.20,251.20,251.20,14000,11830000
APOLLOTYRE_F1,20220822,14:54,251.00,251.00,251.00,251.00,42000,11830000
APOLLOTYRE_F1,20220822,14:55,251.15,251.15,251.05,251.05,38500,11830000
APOLLOTYRE_F1,20220822,14:56,251.05,251.15,251.05,251.15,24500,11767000
APOLLOTYRE_F1,20220822,14:57,251.15,251.15,250.85,250.85,10500,11767000
APOLLOTYRE_F1,20220822,14:58,250.80,250.80,250.50,250.50,35000,11767000
APOLLOTYRE_F1,20220822,14:59,250.70,250.70,250.50,250.50,7000,11721500
APOLLOTYRE_F1,20220822,15:00,250.50,250.70,250.50,250.70,10500,11721500
APOLLOTYRE_F1,20220822,15:01,250.90,250.90,250.45,250.60,52500,11655000
APOLLOTYRE_F1,20220822,15:02,250.40,250.45,250.30,250.45,49000,11655000
APOLLOTYRE_F1,20220822,15:03,250.25,250.35,249.95,249.95,45500,11655000
APOLLOTYRE_F1,20220822,15:04,250.00,250.20,250.00,250.20,42000,11672500
APOLLOTYRE_F1,20220822,15:05,250.00,250.00,250.00,250.00,14000,11672500
APOLLOTYRE_F1,20220822,15:06,249.85,250.50,249.85,250.50,73500,11672500
APOLLOTYRE_F1,20220822,15:07,250.40,250.40,250.40,250.40,35000,11672500
APOLLOTYRE_F1,20220822,15:08,250.40,250.40,250.40,250.40,21000,11683000
APOLLOTYRE_F1,20220822,15:09,250.20,250.20,250.20,250.20,10500,11683000
APOLLOTYRE_F1,20220822,15:10,250.45,250.45,250.45,250.45,7000,11683000
APOLLOTYRE_F1,20220822,15:11,250.35,250.35,249.90,249.90,56000,11686500
APOLLOTYRE_F1,20220822,15:12,250.20,250.20,249.90,249.90,35000,11686500
APOLLOTYRE_F1,20220822,15:13,250.15,250.15,249.95,250.00,24500,11700500
APOLLOTYRE_F1,20220822,15:14,250.05,250.10,249.95,250.10,24500,11700500
APOLLOTYRE_F1,20220822,15:15,250.00,250.00,249.80,249.80,24500,11700500
APOLLOTYRE_F1,20220822,15:16,249.90,249.90,249.90,249.90,7000,11700500
APOLLOTYRE_F1,20220822,15:17,250.20,250.30,250.10,250.30,56000,11679500
APOLLOTYRE_F1,20220822,15:18,250.10,250.35,250.10,250.35,14000,11679500
APOLLOTYRE_F1,20220822,15:19,250.50,250.50,250.15,250.15,38500,11679500
APOLLOTYRE_F1,20220822,15:20,250.05,250.05,250.05,250.05,63000,11662000
APOLLOTYRE_F1,20220822,15:21,250.10,250.35,250.10,250.35,77000,11662000
APOLLOTYRE_F1,20220822,15:22,250.30,250.60,250.30,250.60,52500,11620000
APOLLOTYRE_F1,20220822,15:23,250.60,250.65,250.60,250.65,21000,11620000
APOLLOTYRE_F1,20220822,15:24,250.75,250.80,250.60,250.80,35000,11620000
APOLLOTYRE_F1,20220822,15:25,250.60,250.70,250.50,250.50,49000,11574500
APOLLOTYRE_F1,20220822,15:26,250.55,250.55,250.55,250.55,17500,11574500
APOLLOTYRE_F1,20220822,15:27,250.35,250.35,250.35,250.35,17500,11574500
APOLLOTYRE_F1,20220822,15:28,250.50,250.50,250.40,250.40,24500,11574500
APOLLOTYRE_F1,20220822,15:29,250.40,250.40,250.40,250.40,3500,11595500
APOLLOTYRE_F1,20220822,15:30,250.15,250.30,250.15,250.30,24500,11595500
APOLLOTYRE_F1,20220822,15:31,249.85,249.85,249.85,249.85,28000,11595500
APOLLOTYRE_F1,20220822,18:26,250.30,250.30,250.30,250.30,1,7798000
