ADANIENT,20190808,09:08,126.20,126.20,126.20,126.20,4313,0
ADANIENT,20190808,09:16,126.90,127.20,126.75,126.90,25854,0
ADANIENT,20190808,09:17,127.00,127.00,126.50,126.50,26978,0
ADANIENT,20190808,09:18,126.60,126.60,126.40,126.45,17205,0
ADANIENT,20190808,09:19,126.50,126.60,125.60,125.60,42128,0
ADANIENT,20190808,09:20,125.75,126.00,125.70,125.85,18805,0
ADANIENT,20190808,09:21,125.80,125.80,125.35,125.50,36587,0
ADANIENT,20190808,09:22,125.50,125.60,125.30,125.40,34689,0
ADANIENT,20190808,09:23,125.40,125.95,125.40,125.95,13039,0
ADANIENT,20190808,09:24,126.00,126.15,125.85,126.10,18178,0
ADANIENT,20190808,09:25,126.05,126.05,125.75,125.90,17566,0
ADANIENT,20190808,09:26,125.90,126.20,125.65,126.10,16494,0
ADANIENT,20190808,09:27,126.20,126.30,125.90,126.05,19609,0
ADANIENT,20190808,09:28,126.15,126.20,125.85,125.90,12778,0
ADANIENT,20190808,09:29,126.15,126.45,126.05,126.45,10602,0
ADANIENT,20190808,09:30,126.40,126.45,126.15,126.20,5151,0
ADANIENT,20190808,09:31,126.10,126.10,125.75,125.80,11399,0
ADANIENT,20190808,09:32,125.70,126.10,125.25,125.40,27638,0
ADANIENT,20190808,09:33,125.45,125.50,125.20,125.40,16519,0
ADANIENT,20190808,09:34,125.30,125.55,125.25,125.45,9775,0
ADANIENT,20190808,09:35,125.45,125.80,124.05,124.80,153474,0
ADANIENT,20190808,09:36,124.90,125.00,124.60,124.65,22076,0
ADANIENT,20190808,09:37,124.75,125.00,124.50,125.00,28612,0
ADANIENT,20190808,09:38,124.95,125.40,124.95,125.25,55794,0
ADANIENT,20190808,09:39,125.30,125.45,125.20,125.25,15850,0
ADANIENT,20190808,09:40,125.25,125.50,124.95,124.95,12287,0
ADANIENT,20190808,09:41,125.00,125.00,124.20,124.65,32613,0
ADANIENT,20190808,09:42,124.65,124.80,124.60,124.60,4310,0
ADANIENT,20190808,09:43,124.65,125.15,124.65,124.95,6898,0
ADANIENT,20190808,09:44,124.95,125.15,124.70,124.70,3703,0
ADANIENT,20190808,09:45,124.70,124.80,124.55,124.70,5628,0
ADANIENT,20190808,09:46,124.90,124.90,124.60,124.60,6209,0
ADANIENT,20190808,09:47,124.75,125.20,124.65,125.05,7621,0
ADANIENT,20190808,09:48,125.20,125.35,125.20,125.35,7372,0
ADANIENT,20190808,09:49,125.30,125.55,125.30,125.45,14075,0
ADANIENT,20190808,09:50,125.40,125.45,125.25,125.35,7816,0
ADANIENT,20190808,09:51,125.20,125.25,125.10,125.15,2416,0
ADANIENT,20190808,09:52,125.00,125.40,125.00,125.30,4186,0
ADANIENT,20190808,09:53,125.35,125.75,125.25,125.65,11447,0
ADANIENT,20190808,09:54,125.65,125.65,125.40,125.40,6684,0
ADANIENT,20190808,09:55,125.70,125.70,125.50,125.55,8081,0
ADANIENT,20190808,09:56,125.60,125.75,125.40,125.45,3252,0
ADANIENT,20190808,09:57,125.50,125.95,125.50,125.95,17314,0
ADANIENT,20190808,09:58,125.90,125.95,125.70,125.85,5548,0
ADANIENT,20190808,09:59,125.85,125.95,125.75,125.90,19423,0
ADANIENT,20190808,10:00,125.95,126.15,125.90,126.05,23687,0
ADANIENT,20190808,10:01,126.20,126.50,126.20,126.30,17299,0
ADANIENT,20190808,10:02,126.25,126.45,126.25,126.25,8275,0
ADANIENT,20190808,10:03,126.35,126.35,126.10,126.20,4508,0
ADANIENT,20190808,10:04,126.20,126.25,126.15,126.15,4446,0
ADANIENT,20190808,10:05,126.20,126.30,126.15,126.20,2597,0
ADANIENT,20190808,10:06,126.35,126.40,126.25,126.40,7988,0
ADANIENT,20190808,10:07,126.35,126.40,126.15,126.15,6185,0
ADANIENT,20190808,10:08,126.10,126.35,126.00,126.05,9477,0
ADANIENT,20190808,10:09,126.15,126.30,126.00,126.10,14306,0
ADANIENT,20190808,10:10,126.30,126.30,125.95,126.10,10701,0
ADANIENT,20190808,10:11,126.10,126.45,126.10,126.45,14508,0
ADANIENT,20190808,10:12,126.35,126.35,126.10,126.20,5189,0
ADANIENT,20190808,10:13,126.35,126.40,126.05,126.05,7507,0
ADANIENT,20190808,10:14,126.20,126.25,126.05,126.05,1469,0
ADANIENT,20190808,10:15,126.10,126.20,126.05,126.20,3676,0
ADANIENT,20190808,10:16,126.20,126.75,126.20,126.75,17289,0
ADANIENT,20190808,10:17,126.70,126.85,126.65,126.75,11185,0
ADANIENT,20190808,10:18,126.75,126.80,126.55,126.65,7874,0
ADANIENT,20190808,10:19,126.65,126.95,126.65,126.85,26073,0
ADANIENT,20190808,10:20,126.80,126.95,126.80,126.80,10373,0
ADANIENT,20190808,10:21,126.80,126.95,126.80,126.85,3347,0
ADANIENT,20190808,10:22,126.90,126.90,126.70,126.80,5205,0
ADANIENT,20190808,10:23,126.80,126.90,126.80,126.90,2640,0
ADANIENT,20190808,10:24,126.90,126.95,126.85,126.85,8432,0
ADANIENT,20190808,10:25,126.85,127.40,126.85,127.00,83404,0
ADANIENT,20190808,10:26,127.15,127.20,127.00,127.15,7803,0
ADANIENT,20190808,10:27,127.00,127.20,126.90,127.00,4886,0
ADANIENT,20190808,10:28,127.15,127.15,127.00,127.10,2859,0
ADANIENT,20190808,10:29,127.15,127.15,126.95,126.95,4544,0
ADANIENT,20190808,10:30,126.90,127.10,126.80,127.00,10812,0
ADANIENT,20190808,10:31,127.10,127.15,126.95,126.95,8142,0
ADANIENT,20190808,10:32,127.10,127.80,127.10,127.55,45394,0
ADANIENT,20190808,10:33,127.60,127.80,127.60,127.60,16987,0
ADANIENT,20190808,10:34,127.60,127.65,127.25,127.30,21278,0
ADANIENT,20190808,10:35,127.30,127.50,127.10,127.40,25094,0
ADANIENT,20190808,10:36,127.40,127.40,127.05,127.15,4984,0
ADANIENT,20190808,10:37,127.15,127.25,126.80,126.80,11383,0
ADANIENT,20190808,10:38,126.70,126.80,126.65,126.75,7351,0
ADANIENT,20190808,10:39,126.70,126.75,126.65,126.70,4032,0
ADANIENT,20190808,10:40,126.70,127.00,126.65,127.00,17535,0
ADANIENT,20190808,10:41,126.95,127.20,126.95,127.20,828,0
ADANIENT,20190808,10:42,127.20,127.35,127.10,127.20,3326,0
ADANIENT,20190808,10:43,127.20,127.20,126.75,126.75,3733,0
ADANIENT,20190808,10:44,126.90,126.90,126.70,126.80,1675,0
ADANIENT,20190808,10:45,126.80,126.80,126.65,126.70,2445,0
ADANIENT,20190808,10:46,126.60,126.65,126.50,126.65,5689,0
ADANIENT,20190808,10:47,126.65,126.65,126.25,126.25,17519,0
ADANIENT,20190808,10:48,126.20,126.40,126.05,126.40,4092,0
ADANIENT,20190808,10:49,126.35,126.60,126.35,126.60,1975,0
ADANIENT,20190808,10:50,126.55,126.55,126.20,126.30,6362,0
ADANIENT,20190808,10:51,126.25,126.25,126.10,126.20,5609,0
ADANIENT,20190808,10:52,126.15,126.40,126.10,126.40,4494,0
ADANIENT,20190808,10:53,126.45,126.45,126.15,126.30,1873,0
ADANIENT,20190808,10:54,126.30,126.80,126.30,126.70,18920,0
ADANIENT,20190808,10:55,126.80,126.80,126.55,126.60,4456,0
ADANIENT,20190808,10:56,126.65,126.65,126.50,126.55,1193,0
ADANIENT,20190808,10:57,126.65,126.80,126.60,126.75,3912,0
ADANIENT,20190808,10:58,126.75,126.75,126.30,126.35,3337,0
ADANIENT,20190808,10:59,126.45,126.45,126.30,126.45,203,0
ADANIENT,20190808,11:00,126.30,126.35,126.20,126.20,1171,0
ADANIENT,20190808,11:01,126.15,126.15,125.85,126.00,24187,0
ADANIENT,20190808,11:02,126.05,126.30,125.90,126.00,2358,0
ADANIENT,20190808,11:03,125.80,126.05,125.80,125.90,10930,0
ADANIENT,20190808,11:04,125.90,126.30,125.90,126.30,5343,0
ADANIENT,20190808,11:05,126.25,126.35,125.95,125.95,3812,0
ADANIENT,20190808,11:06,126.00,126.00,125.90,125.95,3323,0
ADANIENT,20190808,11:07,125.90,126.00,125.60,125.70,14061,0
ADANIENT,20190808,11:08,125.75,125.85,125.50,125.70,16376,0
ADANIENT,20190808,11:09,125.60,125.75,125.60,125.75,7226,0
ADANIENT,20190808,11:10,125.65,125.95,125.65,125.90,8073,0
ADANIENT,20190808,11:11,125.80,125.90,125.55,125.55,2440,0
ADANIENT,20190808,11:12,125.50,125.90,125.50,125.75,8791,0
ADANIENT,20190808,11:13,125.75,125.85,125.60,125.85,3087,0
ADANIENT,20190808,11:14,125.85,125.85,125.55,125.55,3740,0
ADANIENT,20190808,11:15,125.55,125.85,125.55,125.85,2761,0
ADANIENT,20190808,11:16,125.75,126.00,125.70,126.00,7242,0
ADANIENT,20190808,11:17,126.00,126.05,125.95,125.95,2727,0
ADANIENT,20190808,11:18,125.90,126.05,125.90,126.00,1036,0
ADANIENT,20190808,11:19,125.90,126.00,125.80,125.80,1772,0
ADANIENT,20190808,11:20,125.90,125.95,125.90,125.90,2625,0
ADANIENT,20190808,11:21,125.80,125.85,125.70,125.80,729,0
ADANIENT,20190808,11:22,125.75,125.85,125.75,125.85,219,0
ADANIENT,20190808,11:23,125.55,125.75,125.55,125.55,17049,0
ADANIENT,20190808,11:24,125.65,125.85,125.65,125.85,1322,0
ADANIENT,20190808,11:25,125.85,125.85,125.60,125.60,8844,0
ADANIENT,20190808,11:26,125.65,125.65,125.40,125.55,8534,0
ADANIENT,20190808,11:27,125.55,125.65,125.55,125.60,125,0
ADANIENT,20190808,11:28,125.60,125.70,125.55,125.65,1161,0
ADANIENT,20190808,11:29,125.70,125.85,125.65,125.70,7470,0
ADANIENT,20190808,11:30,125.85,125.90,125.75,125.90,2986,0
ADANIENT,20190808,11:31,125.95,125.95,125.80,125.80,1997,0
ADANIENT,20190808,11:32,125.85,125.90,125.80,125.90,542,0
ADANIENT,20190808,11:33,125.90,126.15,125.85,126.05,8967,0
ADANIENT,20190808,11:34,126.05,126.20,126.05,126.20,9600,0
ADANIENT,20190808,11:35,126.15,126.50,126.15,126.50,6377,0
ADANIENT,20190808,11:36,126.55,126.70,126.50,126.60,6902,0
ADANIENT,20190808,11:37,126.70,126.75,126.60,126.70,4390,0
ADANIENT,20190808,11:38,126.75,126.95,126.75,126.80,11634,0
ADANIENT,20190808,11:39,126.85,126.85,126.60,126.60,12612,0
ADANIENT,20190808,11:40,126.60,126.65,126.35,126.60,4952,0
ADANIENT,20190808,11:41,126.70,126.70,126.65,126.70,1360,0
ADANIENT,20190808,11:42,126.75,126.75,126.45,126.45,2199,0
ADANIENT,20190808,11:43,126.55,126.70,126.50,126.60,2013,0
ADANIENT,20190808,11:44,126.50,126.75,126.40,126.75,4191,0
ADANIENT,20190808,11:45,126.65,126.75,126.50,126.55,1438,0
ADANIENT,20190808,11:46,126.70,126.70,126.45,126.55,2325,0
ADANIENT,20190808,11:47,126.45,126.50,126.30,126.50,996,0
ADANIENT,20190808,11:48,126.30,126.35,126.25,126.30,1050,0
ADANIENT,20190808,11:49,126.45,126.65,126.45,126.60,2984,0
ADANIENT,20190808,11:50,126.55,126.60,126.45,126.50,1258,0
ADANIENT,20190808,11:51,126.50,126.55,126.40,126.40,331,0
ADANIENT,20190808,11:52,126.55,126.60,126.40,126.40,3218,0
ADANIENT,20190808,11:53,126.50,126.55,126.40,126.50,714,0
ADANIENT,20190808,11:54,126.50,126.55,126.45,126.50,1979,0
ADANIENT,20190808,11:55,126.35,126.40,126.00,126.40,22574,0
ADANIENT,20190808,11:56,126.40,126.40,126.10,126.30,1520,0
ADANIENT,20190808,11:57,126.25,126.40,126.25,126.40,2079,0
ADANIENT,20190808,11:58,126.40,126.45,126.30,126.35,1980,0
ADANIENT,20190808,11:59,126.20,126.40,126.20,126.20,5066,0
ADANIENT,20190808,12:00,126.25,126.40,126.25,126.25,1357,0
ADANIENT,20190808,12:01,126.25,126.45,126.25,126.45,965,0
ADANIENT,20190808,12:02,126.45,126.45,126.30,126.30,720,0
ADANIENT,20190808,12:03,126.40,126.45,126.30,126.30,600,0
ADANIENT,20190808,12:04,126.35,126.35,126.35,126.35,213,0
ADANIENT,20190808,12:05,126.35,126.45,126.35,126.35,658,0
ADANIENT,20190808,12:06,126.35,126.35,126.00,126.05,4327,0
ADANIENT,20190808,12:07,126.10,126.25,126.10,126.15,357,0
ADANIENT,20190808,12:08,126.20,126.25,126.15,126.20,973,0
ADANIENT,20190808,12:09,126.25,126.25,126.10,126.10,91,0
ADANIENT,20190808,12:10,126.25,126.25,126.00,126.05,3497,0
ADANIENT,20190808,12:11,126.15,126.30,126.15,126.30,978,0
ADANIENT,20190808,12:12,126.20,126.30,126.20,126.25,405,0
ADANIENT,20190808,12:13,126.25,126.25,126.25,126.25,108,0
ADANIENT,20190808,12:14,126.35,126.40,126.25,126.40,4500,0
ADANIENT,20190808,12:15,126.35,126.55,126.25,126.55,6969,0
ADANIENT,20190808,12:16,126.40,126.55,126.30,126.30,5488,0
ADANIENT,20190808,12:17,126.30,126.50,126.30,126.50,2218,0
ADANIENT,20190808,12:18,126.55,126.55,126.35,126.55,1456,0
ADANIENT,20190808,12:19,126.55,126.60,126.45,126.45,1396,0
ADANIENT,20190808,12:20,126.45,126.55,126.45,126.45,1150,0
ADANIENT,20190808,12:21,126.50,126.50,126.25,126.30,2856,0
ADANIENT,20190808,12:22,126.40,126.45,126.40,126.45,485,0
ADANIENT,20190808,12:23,126.45,126.45,126.40,126.40,271,0
ADANIENT,20190808,12:24,126.40,126.45,126.35,126.40,1602,0
ADANIENT,20190808,12:25,126.45,126.60,126.25,126.25,14473,0
ADANIENT,20190808,12:26,126.30,126.55,126.30,126.55,2486,0
ADANIENT,20190808,12:27,126.55,126.55,126.50,126.50,165,0
ADANIENT,20190808,12:28,126.50,126.70,126.50,126.70,5512,0
ADANIENT,20190808,12:29,126.75,126.75,126.55,126.55,1636,0
ADANIENT,20190808,12:30,126.55,126.75,126.40,126.40,4044,0
ADANIENT,20190808,12:31,126.50,126.65,126.50,126.65,300,0
ADANIENT,20190808,12:32,126.65,126.65,126.50,126.55,1218,0
ADANIENT,20190808,12:33,126.50,126.55,126.40,126.50,1371,0
ADANIENT,20190808,12:34,126.55,126.60,126.50,126.60,2252,0
ADANIENT,20190808,12:35,126.60,126.60,126.30,126.30,806,0
ADANIENT,20190808,12:36,126.35,126.35,126.35,126.35,100,0
ADANIENT,20190808,12:37,126.35,126.40,126.35,126.40,886,0
ADANIENT,20190808,12:38,126.45,126.50,126.45,126.50,281,0
ADANIENT,20190808,12:39,126.35,126.40,126.20,126.25,875,0
ADANIENT,20190808,12:40,126.30,126.30,126.15,126.30,2205,0
ADANIENT,20190808,12:41,126.30,126.50,126.30,126.50,1732,0
ADANIENT,20190808,12:42,126.35,126.35,126.35,126.35,205,0
ADANIENT,20190808,12:43,126.30,126.40,126.30,126.40,1402,0
ADANIENT,20190808,12:44,126.20,126.20,126.00,126.05,9104,0
ADANIENT,20190808,12:45,126.10,126.10,125.80,125.85,22825,0
ADANIENT,20190808,12:46,125.85,125.95,125.65,125.80,10912,0
ADANIENT,20190808,12:47,125.75,125.85,125.75,125.80,3796,0
ADANIENT,20190808,12:48,125.80,126.00,125.80,126.00,3630,0
ADANIENT,20190808,12:49,126.00,126.00,125.85,125.90,1770,0
ADANIENT,20190808,12:50,125.85,125.95,125.80,125.90,1111,0
ADANIENT,20190808,12:51,125.80,126.15,125.70,126.15,10945,0
ADANIENT,20190808,12:52,126.00,126.05,125.90,126.05,803,0
ADANIENT,20190808,12:53,126.10,126.10,125.70,125.70,8368,0
ADANIENT,20190808,12:54,125.65,125.75,125.65,125.75,5095,0
ADANIENT,20190808,12:55,125.75,125.80,125.55,125.60,9756,0
ADANIENT,20190808,12:56,125.50,125.65,125.50,125.65,16607,0
ADANIENT,20190808,12:57,125.65,125.70,125.60,125.70,360,0
ADANIENT,20190808,12:58,125.60,125.70,125.60,125.70,1027,0
ADANIENT,20190808,12:59,125.75,125.75,125.35,125.45,20953,0
ADANIENT,20190808,13:00,125.45,125.45,125.20,125.35,11062,0
ADANIENT,20190808,13:01,125.25,125.25,124.50,124.50,46185,0
ADANIENT,20190808,13:02,124.60,124.95,124.40,124.95,39964,0
ADANIENT,20190808,13:03,124.90,124.90,124.70,124.75,5269,0
ADANIENT,20190808,13:04,124.75,124.95,124.50,124.80,16440,0
ADANIENT,20190808,13:05,124.80,125.10,124.80,124.95,11173,0
ADANIENT,20190808,13:06,124.90,125.10,124.85,125.00,5184,0
ADANIENT,20190808,13:07,125.10,125.15,124.85,125.15,14130,0
ADANIENT,20190808,13:08,125.15,125.20,124.90,125.00,1246,0
ADANIENT,20190808,13:09,125.00,125.10,124.90,125.00,3588,0
ADANIENT,20190808,13:10,125.10,125.10,124.60,124.60,8945,0
ADANIENT,20190808,13:11,124.60,124.95,124.60,124.90,8122,0
ADANIENT,20190808,13:12,124.95,125.05,124.95,125.05,5477,0
ADANIENT,20190808,13:13,125.00,125.00,124.85,124.85,4972,0
ADANIENT,20190808,13:14,124.90,124.90,124.75,124.75,6851,0
ADANIENT,20190808,13:15,124.65,125.05,124.50,125.00,21546,0
ADANIENT,20190808,13:16,124.85,124.95,124.75,124.75,3047,0
ADANIENT,20190808,13:17,124.90,124.95,124.75,124.80,15577,0
ADANIENT,20190808,13:18,124.85,125.00,124.75,124.95,7648,0
ADANIENT,20190808,13:19,125.00,125.40,125.00,125.30,10296,0
ADANIENT,20190808,13:20,125.40,125.40,125.15,125.30,1903,0
ADANIENT,20190808,13:21,125.40,125.60,125.40,125.55,6343,0
ADANIENT,20190808,13:22,125.25,125.30,125.00,125.20,18028,0
ADANIENT,20190808,13:23,125.30,125.50,125.20,125.45,1793,0
ADANIENT,20190808,13:24,125.40,125.60,125.35,125.45,2546,0
ADANIENT,20190808,13:25,125.40,125.55,125.35,125.45,3279,0
ADANIENT,20190808,13:26,125.50,125.55,125.35,125.50,2753,0
ADANIENT,20190808,13:27,125.40,125.50,125.20,125.50,7966,0
ADANIENT,20190808,13:28,125.55,125.55,125.35,125.45,1732,0
ADANIENT,20190808,13:29,125.40,125.55,125.40,125.40,3266,0
ADANIENT,20190808,13:30,125.25,125.40,125.20,125.30,3619,0
ADANIENT,20190808,13:31,125.25,125.45,125.20,125.40,5049,0
ADANIENT,20190808,13:32,125.30,125.55,125.30,125.50,3108,0
ADANIENT,20190808,13:33,125.60,125.80,125.55,125.80,4009,0
ADANIENT,20190808,13:34,125.75,125.90,125.65,125.90,2695,0
ADANIENT,20190808,13:35,125.90,126.00,125.70,125.85,15124,0
ADANIENT,20190808,13:36,125.85,126.00,125.55,125.85,4859,0
ADANIENT,20190808,13:37,125.85,125.90,125.80,125.90,1350,0
ADANIENT,20190808,13:38,125.80,125.90,125.75,125.85,1951,0
ADANIENT,20190808,13:39,125.70,125.85,125.60,125.60,1496,0
ADANIENT,20190808,13:40,125.65,125.95,125.60,125.75,2191,0
ADANIENT,20190808,13:41,125.80,125.90,125.65,125.65,3119,0
ADANIENT,20190808,13:42,125.65,125.85,125.65,125.80,9709,0
ADANIENT,20190808,13:43,125.85,125.95,125.60,125.60,22210,0
ADANIENT,20190808,13:44,125.60,125.85,125.50,125.85,4917,0
ADANIENT,20190808,13:45,125.75,125.80,125.50,125.50,2839,0
ADANIENT,20190808,13:46,125.50,125.60,125.50,125.55,3130,0
ADANIENT,20190808,13:47,125.60,125.65,125.50,125.50,1620,0
ADANIENT,20190808,13:48,125.50,125.50,125.25,125.35,8436,0
ADANIENT,20190808,13:49,125.40,125.65,125.40,125.65,752,0
ADANIENT,20190808,13:50,125.60,125.60,125.50,125.50,273,0
ADANIENT,20190808,13:51,125.55,125.60,125.55,125.60,529,0
ADANIENT,20190808,13:52,125.50,125.55,125.50,125.50,1004,0
ADANIENT,20190808,13:53,125.50,125.65,125.50,125.65,4334,0
ADANIENT,20190808,13:54,125.70,125.70,125.55,125.60,1446,0
ADANIENT,20190808,13:55,125.55,125.55,125.40,125.40,1679,0
ADANIENT,20190808,13:56,125.65,125.70,125.60,125.60,738,0
ADANIENT,20190808,13:57,125.75,125.80,125.65,125.65,3933,0
ADANIENT,20190808,13:58,125.65,125.75,125.65,125.65,116,0
ADANIENT,20190808,13:59,125.65,125.75,125.65,125.70,2573,0
ADANIENT,20190808,14:00,125.80,125.80,125.70,125.75,4065,0
ADANIENT,20190808,14:01,125.70,125.80,125.70,125.70,1021,0
ADANIENT,20190808,14:02,125.70,125.80,125.60,125.60,2248,0
ADANIENT,20190808,14:03,125.70,125.70,125.55,125.70,1392,0
ADANIENT,20190808,14:04,125.70,125.80,125.70,125.80,1734,0
ADANIENT,20190808,14:05,125.70,126.00,125.70,125.85,5342,0
ADANIENT,20190808,14:06,126.00,126.20,125.85,125.95,9977,0
ADANIENT,20190808,14:07,125.95,126.10,125.90,125.90,1256,0
ADANIENT,20190808,14:08,126.00,126.05,125.70,125.70,3124,0
ADANIENT,20190808,14:09,125.70,125.95,125.70,125.95,884,0
ADANIENT,20190808,14:10,125.90,125.95,125.80,125.90,2503,0
ADANIENT,20190808,14:11,125.90,125.95,125.65,125.70,4439,0
ADANIENT,20190808,14:12,125.70,125.85,125.70,125.75,430,0
ADANIENT,20190808,14:13,125.65,125.80,125.65,125.80,2295,0
ADANIENT,20190808,14:14,125.65,125.80,125.50,125.60,3308,0
ADANIENT,20190808,14:15,125.70,125.70,125.45,125.65,3595,0
ADANIENT,20190808,14:16,125.60,125.65,125.35,125.50,1604,0
ADANIENT,20190808,14:17,125.50,125.50,125.25,125.50,4356,0
ADANIENT,20190808,14:18,125.40,125.55,125.40,125.50,506,0
ADANIENT,20190808,14:19,125.35,125.35,125.30,125.30,1345,0
ADANIENT,20190808,14:20,125.25,125.60,125.25,125.60,9968,0
ADANIENT,20190808,14:21,125.45,125.65,125.40,125.40,1994,0
ADANIENT,20190808,14:22,125.55,125.60,125.45,125.60,1080,0
ADANIENT,20190808,14:23,125.45,125.60,125.45,125.60,621,0
ADANIENT,20190808,14:24,125.45,125.50,125.40,125.40,4936,0
ADANIENT,20190808,14:25,125.50,125.60,125.45,125.45,616,0
ADANIENT,20190808,14:26,125.65,126.05,125.65,126.00,17381,0
ADANIENT,20190808,14:27,126.00,126.45,126.00,126.15,11038,0
ADANIENT,20190808,14:28,126.40,126.75,126.20,126.60,19771,0
ADANIENT,20190808,14:29,126.65,126.75,126.35,126.35,8494,0
ADANIENT,20190808,14:30,126.50,126.60,126.40,126.55,22364,0
ADANIENT,20190808,14:31,126.40,127.10,126.40,127.10,46028,0
ADANIENT,20190808,14:32,127.15,127.30,126.90,126.90,23000,0
ADANIENT,20190808,14:33,127.00,127.00,126.50,126.50,9596,0
ADANIENT,20190808,14:34,126.65,127.05,126.60,126.65,14384,0
ADANIENT,20190808,14:35,126.75,126.85,126.60,126.80,5534,0
ADANIENT,20190808,14:36,126.80,126.85,126.70,126.85,1495,0
ADANIENT,20190808,14:37,126.75,126.95,126.65,126.75,6837,0
ADANIENT,20190808,14:38,126.60,126.75,126.60,126.65,3490,0
ADANIENT,20190808,14:39,126.60,126.95,126.60,126.80,3534,0
ADANIENT,20190808,14:40,126.80,126.80,126.45,126.55,6044,0
ADANIENT,20190808,14:41,126.70,126.95,126.65,126.90,4773,0
ADANIENT,20190808,14:42,127.05,127.25,126.80,126.80,11572,0
ADANIENT,20190808,14:43,126.95,126.95,126.65,126.65,6809,0
ADANIENT,20190808,14:44,126.75,127.00,126.55,126.80,13509,0
ADANIENT,20190808,14:45,126.80,127.00,126.65,126.65,10872,0
ADANIENT,20190808,14:46,126.75,126.90,126.75,126.80,2428,0
ADANIENT,20190808,14:47,126.80,126.95,126.65,126.90,6945,0
ADANIENT,20190808,14:48,126.75,126.90,126.70,126.70,3200,0
ADANIENT,20190808,14:49,126.70,126.90,126.65,126.75,3708,0
ADANIENT,20190808,14:50,126.75,129.25,126.70,129.00,190791,0
ADANIENT,20190808,14:51,129.00,129.50,128.30,128.60,175098,0
ADANIENT,20190808,14:52,129.00,131.25,128.80,131.10,590354,0
ADANIENT,20190808,14:53,130.85,130.85,129.25,130.00,525219,0
ADANIENT,20190808,14:54,129.85,130.30,129.50,130.15,220215,0
ADANIENT,20190808,14:55,130.00,130.15,129.65,129.80,177380,0
ADANIENT,20190808,14:56,129.70,129.85,128.40,128.80,278430,0
ADANIENT,20190808,14:57,128.85,129.40,128.75,129.25,97819,0
ADANIENT,20190808,14:58,129.20,129.20,128.55,128.60,73971,0
ADANIENT,20190808,14:59,128.70,129.00,128.45,129.00,74975,0
ADANIENT,20190808,15:00,129.00,129.15,128.70,129.00,30324,0
ADANIENT,20190808,15:01,129.20,129.85,129.10,129.85,42837,0
ADANIENT,20190808,15:02,129.75,129.90,129.55,129.55,47445,0
ADANIENT,20190808,15:03,129.65,129.75,129.35,129.75,32220,0
ADANIENT,20190808,15:04,129.70,130.15,129.65,129.90,81103,0
ADANIENT,20190808,15:05,129.90,129.95,129.55,129.85,35125,0
ADANIENT,20190808,15:06,129.75,129.75,129.50,129.70,25389,0
ADANIENT,20190808,15:07,129.60,129.90,129.60,129.70,19657,0
ADANIENT,20190808,15:08,129.75,129.90,129.60,129.75,14741,0
ADANIENT,20190808,15:09,129.60,129.80,129.60,129.75,20484,0
ADANIENT,20190808,15:10,129.65,129.80,129.60,129.70,19881,0
ADANIENT,20190808,15:11,129.70,129.70,129.40,129.50,35418,0
ADANIENT,20190808,15:12,129.50,130.00,129.45,130.00,76021,0
ADANIENT,20190808,15:13,129.90,130.25,129.70,129.75,55037,0
ADANIENT,20190808,15:14,129.65,130.15,129.60,130.10,68268,0
ADANIENT,20190808,15:15,130.20,130.55,130.05,130.35,95697,0
ADANIENT,20190808,15:16,130.35,130.35,129.95,130.05,67524,0
ADANIENT,20190808,15:17,130.10,131.05,129.90,131.00,138346,0
ADANIENT,20190808,15:18,130.90,131.85,130.65,131.80,128437,0
ADANIENT,20190808,15:19,131.80,132.30,131.60,131.90,188754,0
ADANIENT,20190808,15:20,131.85,131.95,131.00,131.20,103581,0
ADANIENT,20190808,15:21,131.25,131.80,131.15,131.65,114137,0
ADANIENT,20190808,15:22,131.70,131.80,131.35,131.50,85036,0
ADANIENT,20190808,15:23,131.60,131.70,131.15,131.20,44989,0
ADANIENT,20190808,15:24,131.15,131.55,131.15,131.50,25388,0
ADANIENT,20190808,15:25,131.35,131.55,131.25,131.30,22772,0
ADANIENT,20190808,15:26,131.35,131.35,131.10,131.20,35810,0
ADANIENT,20190808,15:27,131.05,131.30,131.00,131.20,48807,0
ADANIENT,20190808,15:28,131.20,131.40,131.00,131.35,43312,0
ADANIENT,20190808,15:29,131.40,131.65,131.30,131.50,44932,0
ADANIENT,20190808,15:30,131.55,134.00,131.50,132.50,147944,0
ADANIENT,20190808,15:32,130.90,130.90,130.90,130.90,0,0
ADANIENT,20190808,15:41,130.90,130.90,130.90,130.90,50,0
