PEL_F1,20230110,09:16,813.15,814.25,812.05,814.25,4950,5559950
PEL_F1,20230110,09:17,814.25,815.25,813.95,814.90,21450,5559950
PEL_F1,20230110,09:18,815.05,817.15,815.05,816.40,11000,5563800
PEL_F1,20230110,09:19,817.20,817.20,816.55,816.55,4400,5563800
PEL_F1,20230110,09:20,816.35,817.65,815.40,817.65,9900,5563800
PEL_F1,20230110,09:21,817.75,819.00,817.45,818.80,20350,5563800
PEL_F1,20230110,09:22,818.00,820.00,818.00,820.00,8250,5564350
PEL_F1,20230110,09:23,821.05,822.65,820.00,822.50,7700,5564350
PEL_F1,20230110,09:24,822.50,822.50,820.65,821.00,4950,5566550
PEL_F1,20230110,09:25,821.00,821.00,820.05,820.10,10450,5566550
PEL_F1,20230110,09:26,820.10,821.00,820.10,821.00,6050,5566550
PEL_F1,20230110,09:27,821.10,823.00,821.10,822.55,13200,5566550
PEL_F1,20230110,09:28,822.40,822.40,822.00,822.20,8800,5566550
PEL_F1,20230110,09:29,822.30,823.10,822.00,823.10,18150,5566550
PEL_F1,20230110,09:30,823.05,823.05,822.35,822.35,8800,5562150
PEL_F1,20230110,09:31,822.35,823.20,822.20,823.00,12650,5562150
PEL_F1,20230110,09:32,824.35,824.35,824.00,824.00,7700,5562150
PEL_F1,20230110,09:33,824.25,824.50,821.70,821.70,47850,5555000
PEL_F1,20230110,09:34,820.95,822.00,819.20,819.20,20900,5555000
PEL_F1,20230110,09:35,818.30,818.30,817.25,817.45,18150,5555000
PEL_F1,20230110,09:36,817.00,818.00,816.50,818.00,9900,5562700
PEL_F1,20230110,09:37,819.10,819.50,818.85,818.85,2200,5562700
PEL_F1,20230110,09:38,818.95,819.50,818.95,819.50,1100,5562700
PEL_F1,20230110,09:39,818.50,818.50,818.50,818.50,2200,5562700
PEL_F1,20230110,09:40,817.80,817.80,817.70,817.70,1650,5562700
PEL_F1,20230110,09:41,817.25,817.25,817.25,817.25,1100,5562700
PEL_F1,20230110,09:42,817.25,817.25,816.65,816.65,4400,5561050
PEL_F1,20230110,09:43,816.45,816.45,816.45,816.45,1100,5561050
PEL_F1,20230110,09:44,815.95,815.95,815.95,815.95,12100,5561050
PEL_F1,20230110,09:45,816.15,816.15,815.85,815.85,2200,5561050
PEL_F1,20230110,09:46,814.00,815.10,814.00,815.10,57200,5555550
PEL_F1,20230110,09:47,815.35,815.85,815.00,815.00,20350,5555550
PEL_F1,20230110,09:48,816.15,817.55,816.15,817.55,4950,5555550
PEL_F1,20230110,09:50,817.80,817.85,816.00,816.00,18700,5559950
PEL_F1,20230110,09:51,815.00,815.40,814.60,815.00,6600,5571500
PEL_F1,20230110,09:52,814.00,814.65,814.00,814.65,2750,5571500
PEL_F1,20230110,09:54,814.50,814.50,813.60,813.60,9350,5575350
PEL_F1,20230110,09:55,814.00,815.20,814.00,814.75,6050,5575350
PEL_F1,20230110,09:56,815.40,815.40,815.00,815.00,4950,5575350
PEL_F1,20230110,09:57,815.85,815.85,815.50,815.50,3300,5575350
PEL_F1,20230110,09:58,815.55,815.55,815.50,815.50,4950,5578100
PEL_F1,20230110,10:00,815.50,815.50,815.50,815.50,1100,5578100
PEL_F1,20230110,10:01,816.00,816.35,815.50,815.50,4950,5579750
PEL_F1,20230110,10:02,814.50,814.95,814.45,814.95,20900,5579750
PEL_F1,20230110,10:03,815.45,815.45,814.15,814.15,6600,5580850
PEL_F1,20230110,10:04,814.75,814.75,814.75,814.75,550,5580850
PEL_F1,20230110,10:06,815.05,815.05,815.05,815.05,550,5580850
PEL_F1,20230110,10:09,816.10,816.50,816.10,816.50,1650,5581950
PEL_F1,20230110,10:10,816.50,816.80,816.50,816.80,1650,5580300
PEL_F1,20230110,10:12,816.60,816.60,815.55,815.55,1100,5580300
PEL_F1,20230110,10:14,816.45,816.80,816.25,816.75,4400,5581400
PEL_F1,20230110,10:15,816.75,816.75,816.75,816.75,1650,5581400
PEL_F1,20230110,10:16,817.20,817.20,817.15,817.15,2750,5579200
PEL_F1,20230110,10:17,817.45,817.45,817.45,817.45,550,5579200
PEL_F1,20230110,10:18,817.75,817.75,817.75,817.75,550,5579200
PEL_F1,20230110,10:19,818.15,818.20,818.05,818.20,2200,5578100
PEL_F1,20230110,10:20,818.25,818.25,818.20,818.20,1100,5578100
PEL_F1,20230110,10:21,817.85,817.85,817.85,817.85,550,5578100
PEL_F1,20230110,10:22,817.95,817.95,817.95,817.95,550,5579200
PEL_F1,20230110,10:23,818.40,818.40,818.40,818.40,550,5579200
PEL_F1,20230110,10:24,817.85,817.85,817.60,817.60,1650,5579200
PEL_F1,20230110,10:25,817.55,817.55,817.50,817.50,1650,5580300
PEL_F1,20230110,10:26,816.65,817.55,816.65,817.55,2750,5580300
PEL_F1,20230110,10:27,817.20,817.20,817.20,817.20,550,5580300
PEL_F1,20230110,10:28,817.40,817.40,817.40,817.40,550,5581950
PEL_F1,20230110,10:29,817.60,817.60,817.60,817.60,550,5581950
PEL_F1,20230110,10:30,817.40,817.40,817.40,817.40,1100,5581950
PEL_F1,20230110,10:31,817.75,817.75,817.30,817.30,1100,5583600
PEL_F1,20230110,10:32,816.60,817.30,815.50,815.50,6050,5583600
PEL_F1,20230110,10:33,816.50,816.55,815.75,816.55,2750,5583600
PEL_F1,20230110,10:34,816.55,816.55,815.40,815.40,2750,5580850
PEL_F1,20230110,10:36,815.40,815.40,814.55,814.55,3300,5582500
PEL_F1,20230110,10:37,815.35,815.65,815.35,815.65,1650,5582500
PEL_F1,20230110,10:38,815.65,815.65,815.65,815.65,550,5582500
PEL_F1,20230110,10:39,815.75,815.85,815.75,815.85,1100,5584150
PEL_F1,20230110,10:41,815.25,815.25,815.25,815.25,550,5584150
PEL_F1,20230110,10:42,815.05,815.05,815.05,815.05,550,5584150
PEL_F1,20230110,10:43,815.15,815.15,815.15,815.15,550,5585250
PEL_F1,20230110,10:44,814.75,814.75,814.40,814.40,2200,5585250
PEL_F1,20230110,10:45,814.00,814.00,813.55,813.60,2750,5585250
PEL_F1,20230110,10:46,813.75,814.40,813.05,813.05,2200,5586350
PEL_F1,20230110,10:47,813.00,813.50,813.00,813.05,3850,5586350
PEL_F1,20230110,10:48,813.10,814.00,813.10,814.00,1100,5588550
PEL_F1,20230110,10:49,813.35,813.35,813.35,813.35,550,5588550
PEL_F1,20230110,10:50,813.00,814.00,813.00,813.00,4950,5588550
PEL_F1,20230110,10:51,813.40,814.00,813.40,814.00,1650,5588550
PEL_F1,20230110,10:52,813.40,813.40,813.40,813.40,1650,5592400
PEL_F1,20230110,10:53,813.15,813.15,813.15,813.15,550,5592400
PEL_F1,20230110,10:54,813.30,813.85,813.05,813.85,2200,5592400
PEL_F1,20230110,10:55,813.15,813.15,813.15,813.15,550,5595150
PEL_F1,20230110,10:56,813.40,813.40,813.40,813.40,550,5595150
PEL_F1,20230110,10:58,814.00,814.20,814.00,814.20,1100,5596250
PEL_F1,20230110,11:00,814.10,814.10,814.10,814.10,550,5596250
PEL_F1,20230110,11:01,814.80,815.05,814.80,815.05,2750,5595700
PEL_F1,20230110,11:02,813.45,813.45,813.45,813.45,3300,5595700
PEL_F1,20230110,11:03,813.50,813.50,813.50,813.50,1650,5595700
PEL_F1,20230110,11:11,813.60,814.75,813.60,814.75,2200,5597350
PEL_F1,20230110,11:13,814.10,814.10,813.45,813.45,1650,5597350
PEL_F1,20230110,11:14,813.05,814.00,813.05,813.95,4950,5597350
PEL_F1,20230110,11:15,813.85,814.40,813.85,814.40,2200,5597350
PEL_F1,20230110,11:16,813.25,813.60,812.90,813.60,1650,5597900
PEL_F1,20230110,11:18,814.05,814.30,814.05,814.30,1100,5597900
PEL_F1,20230110,11:19,815.15,815.15,815.15,815.15,1650,5597900
PEL_F1,20230110,11:20,815.00,815.00,815.00,815.00,1100,5597900
PEL_F1,20230110,11:21,814.25,814.25,814.25,814.25,1650,5597900
PEL_F1,20230110,11:22,813.95,813.95,813.95,813.95,550,5597350
PEL_F1,20230110,11:23,813.55,813.55,813.55,813.55,550,5597350
PEL_F1,20230110,11:24,813.50,813.50,813.50,813.50,550,5597350
PEL_F1,20230110,11:25,814.10,814.10,814.10,814.10,550,5598450
PEL_F1,20230110,11:29,812.85,812.85,812.85,812.85,11000,5595700
PEL_F1,20230110,11:30,813.40,813.40,813.35,813.35,2750,5595700
PEL_F1,20230110,11:31,813.20,813.35,812.75,812.75,2750,5601200
PEL_F1,20230110,11:32,811.05,812.50,811.05,812.45,18150,5601200
PEL_F1,20230110,11:33,811.55,811.55,811.55,811.55,1100,5601200
PEL_F1,20230110,11:34,811.80,812.50,811.50,812.50,4400,5603400
PEL_F1,20230110,11:37,812.00,812.45,811.90,812.45,2750,5601750
PEL_F1,20230110,11:38,812.75,813.15,812.45,813.15,1650,5601750
PEL_F1,20230110,11:40,812.95,813.15,812.55,813.15,2200,5603950
PEL_F1,20230110,11:42,811.75,812.65,811.75,812.65,2200,5603950
PEL_F1,20230110,11:43,811.90,812.20,811.90,812.20,1100,5606700
PEL_F1,20230110,11:44,812.55,813.35,812.55,813.35,1100,5606700
PEL_F1,20230110,11:45,812.75,812.75,811.95,811.95,8250,5606700
PEL_F1,20230110,11:46,811.55,812.35,811.55,812.00,2200,5609450
PEL_F1,20230110,11:47,812.00,812.55,812.00,812.55,1100,5609450
PEL_F1,20230110,11:48,812.10,812.10,812.10,812.10,550,5609450
PEL_F1,20230110,11:49,812.50,812.50,812.15,812.15,1650,5611650
PEL_F1,20230110,11:50,812.15,812.15,811.50,811.50,2200,5611650
PEL_F1,20230110,11:55,812.15,812.15,812.15,812.15,550,5607800
PEL_F1,20230110,11:57,812.70,812.70,812.70,812.70,1100,5607800
PEL_F1,20230110,11:58,813.00,813.00,813.00,813.00,1100,5608350
PEL_F1,20230110,11:59,813.35,813.35,813.35,813.35,550,5608350
PEL_F1,20230110,12:00,812.60,812.60,811.45,811.45,1100,5608350
PEL_F1,20230110,12:03,811.45,811.45,811.45,811.45,550,5607800
PEL_F1,20230110,12:06,812.90,812.90,812.90,812.90,550,5607800
PEL_F1,20230110,12:08,814.65,814.65,814.50,814.50,2750,5607800
PEL_F1,20230110,12:09,814.50,814.80,814.50,814.80,2200,5607800
PEL_F1,20230110,12:10,814.85,814.85,814.85,814.85,550,5607800
PEL_F1,20230110,12:11,814.35,815.00,814.35,815.00,2200,5608350
PEL_F1,20230110,12:13,815.55,815.55,815.55,815.55,550,5608350
PEL_F1,20230110,12:17,816.00,816.80,816.00,816.80,5500,5608350
PEL_F1,20230110,12:18,816.80,816.80,816.20,816.50,2200,5608350
PEL_F1,20230110,12:19,816.50,817.30,816.50,817.30,2200,5608900
PEL_F1,20230110,12:20,816.80,816.80,816.15,816.15,3300,5608900
PEL_F1,20230110,12:21,816.50,816.50,816.25,816.25,1100,5608900
PEL_F1,20230110,12:23,816.25,816.25,816.25,816.25,550,5608350
PEL_F1,20230110,12:24,816.50,816.50,816.50,816.50,1100,5608350
PEL_F1,20230110,12:25,816.55,816.90,816.55,816.90,1650,5608350
PEL_F1,20230110,12:27,817.20,817.20,817.20,817.20,2200,5608350
PEL_F1,20230110,12:28,817.20,817.95,817.20,817.95,1650,5607800
PEL_F1,20230110,12:29,818.10,818.10,818.10,818.10,550,5607800
PEL_F1,20230110,12:30,818.10,819.00,818.10,819.00,7700,5607800
PEL_F1,20230110,12:31,819.00,819.00,819.00,819.00,7150,5607800
PEL_F1,20230110,12:32,819.35,820.25,819.35,820.25,9900,5607800
PEL_F1,20230110,12:33,820.40,820.40,820.00,820.00,1100,5607800
PEL_F1,20230110,12:34,820.00,820.00,819.65,819.65,1100,5607800
PEL_F1,20230110,12:35,818.75,819.00,818.15,819.00,3850,5613850
PEL_F1,20230110,12:36,819.00,819.00,818.80,818.80,2750,5613850
PEL_F1,20230110,12:37,818.90,818.90,818.90,818.90,1650,5612750
PEL_F1,20230110,12:38,819.00,819.00,819.00,819.00,1100,5612750
PEL_F1,20230110,12:39,818.85,819.00,818.65,819.00,3300,5612750
PEL_F1,20230110,12:40,818.50,818.50,818.50,818.50,2200,5614950
PEL_F1,20230110,12:41,818.35,818.35,817.00,817.00,4950,5614950
PEL_F1,20230110,12:42,817.00,817.00,816.50,816.50,6600,5614950
PEL_F1,20230110,12:43,816.50,816.50,816.50,816.50,550,5614950
PEL_F1,20230110,12:44,816.30,816.30,815.00,815.00,8800,5611650
PEL_F1,20230110,12:45,816.40,816.90,816.40,816.90,3850,5611650
PEL_F1,20230110,12:46,817.00,817.00,817.00,817.00,550,5611650
PEL_F1,20230110,12:47,815.45,815.45,814.95,814.95,7150,5612200
PEL_F1,20230110,12:48,815.05,815.50,815.05,815.50,1650,5612200
PEL_F1,20230110,12:49,816.05,816.05,815.00,815.00,9900,5613850
PEL_F1,20230110,12:50,814.90,814.90,814.35,814.35,1650,5613850
PEL_F1,20230110,12:51,814.50,814.50,814.50,814.50,550,5613850
PEL_F1,20230110,12:52,813.95,813.95,813.60,813.80,1650,5617150
PEL_F1,20230110,12:53,813.10,813.60,813.00,813.45,4400,5617150
PEL_F1,20230110,12:55,812.90,812.90,812.90,812.90,550,5619350
PEL_F1,20230110,12:56,812.80,813.80,812.80,813.80,3850,5619350
PEL_F1,20230110,12:57,812.90,812.90,812.90,812.90,550,5619350
PEL_F1,20230110,12:59,812.95,812.95,812.95,812.95,550,5619350
PEL_F1,20230110,13:00,812.90,813.50,812.65,812.65,4400,5618800
PEL_F1,20230110,13:01,813.90,814.30,813.35,813.35,4400,5618800
PEL_F1,20230110,13:03,814.20,814.70,814.20,814.70,2200,5618800
PEL_F1,20230110,13:04,814.30,814.30,814.30,814.30,550,5618800
PEL_F1,20230110,13:05,814.30,815.50,814.30,815.50,2200,5618800
PEL_F1,20230110,13:06,815.05,815.05,815.05,815.05,550,5618800
PEL_F1,20230110,13:07,814.70,814.70,814.70,814.70,6050,5618800
PEL_F1,20230110,13:10,815.40,815.40,815.40,815.40,550,5618800
PEL_F1,20230110,13:11,816.30,816.30,816.30,816.30,550,5617700
PEL_F1,20230110,13:12,816.30,816.30,816.30,816.30,550,5617700
PEL_F1,20230110,13:13,816.00,816.00,815.45,815.45,7150,5611100
PEL_F1,20230110,13:17,816.35,817.80,816.35,817.80,2200,5613850
PEL_F1,20230110,13:19,816.80,816.80,816.80,816.80,550,5613850
PEL_F1,20230110,13:20,816.55,816.55,816.15,816.15,2200,5612750
PEL_F1,20230110,13:21,816.15,816.15,816.15,816.15,550,5612750
PEL_F1,20230110,13:22,815.85,815.85,815.85,815.85,550,5612750
PEL_F1,20230110,13:23,815.35,816.65,815.35,815.65,7150,5614950
PEL_F1,20230110,13:25,815.55,816.00,815.05,816.00,2750,5616600
PEL_F1,20230110,13:27,815.60,815.60,815.60,815.60,550,5616600
PEL_F1,20230110,13:28,815.95,815.95,815.95,815.95,550,5616050
PEL_F1,20230110,13:29,815.50,815.50,815.30,815.30,1100,5616050
PEL_F1,20230110,13:30,815.05,815.05,815.05,815.05,1100,5616050
PEL_F1,20230110,13:31,816.70,816.70,816.45,816.45,3850,5616050
PEL_F1,20230110,13:32,816.20,816.20,816.20,816.20,2750,5618800
PEL_F1,20230110,13:33,816.15,816.15,816.15,816.15,550,5618800
PEL_F1,20230110,13:34,815.90,815.90,815.90,815.90,550,5620450
PEL_F1,20230110,13:35,815.85,815.85,815.05,815.05,3850,5620450
PEL_F1,20230110,13:36,815.15,815.15,815.15,815.15,550,5620450
PEL_F1,20230110,13:38,815.65,815.65,815.60,815.60,1100,5620450
PEL_F1,20230110,13:39,815.45,815.45,815.10,815.10,1100,5623200
PEL_F1,20230110,13:40,815.05,815.05,815.05,815.05,550,5623750
PEL_F1,20230110,13:41,815.00,815.00,814.95,814.95,2750,5623750
PEL_F1,20230110,13:42,815.15,815.15,815.15,815.15,550,5623750
PEL_F1,20230110,13:43,814.05,814.15,814.05,814.15,1100,5623750
PEL_F1,20230110,13:46,815.20,815.20,814.15,814.15,1100,5625950
PEL_F1,20230110,13:47,815.80,815.80,815.00,815.00,1650,5625950
PEL_F1,20230110,13:48,815.15,815.15,815.15,815.15,1100,5625950
PEL_F1,20230110,13:49,816.15,816.15,816.15,816.15,550,5625400
PEL_F1,20230110,13:50,816.15,816.15,816.15,816.15,550,5625400
PEL_F1,20230110,13:53,816.00,816.00,816.00,816.00,550,5625400
PEL_F1,20230110,13:54,816.60,816.60,816.60,816.60,550,5625950
PEL_F1,20230110,13:55,817.10,817.10,817.00,817.00,3850,5625950
PEL_F1,20230110,13:58,818.00,818.00,818.00,818.00,1650,5625950
PEL_F1,20230110,13:59,818.00,818.00,818.00,818.00,1650,5623750
PEL_F1,20230110,14:00,818.00,818.05,818.00,818.05,1100,5623750
PEL_F1,20230110,14:01,818.00,818.00,817.60,817.60,1650,5623750
PEL_F1,20230110,14:02,817.70,817.70,817.70,817.70,550,5624300
PEL_F1,20230110,14:04,817.80,817.80,817.80,817.80,1650,5625400
PEL_F1,20230110,14:05,818.30,818.30,818.30,818.30,550,5625400
PEL_F1,20230110,14:06,818.40,818.40,818.40,818.40,1100,5625400
PEL_F1,20230110,14:08,818.70,818.70,818.70,818.70,550,5624300
PEL_F1,20230110,14:09,818.20,818.20,818.20,818.20,1650,5624300
PEL_F1,20230110,14:10,818.20,818.20,818.05,818.05,1100,5625400
PEL_F1,20230110,14:12,818.05,818.05,818.05,818.05,550,5625400
PEL_F1,20230110,14:13,818.00,818.00,818.00,818.00,1100,5625400
PEL_F1,20230110,14:14,818.30,818.30,818.30,818.30,550,5626500
PEL_F1,20230110,14:16,818.00,818.00,818.00,818.00,550,5626500
PEL_F1,20230110,14:17,818.00,818.00,817.50,817.50,1100,5625950
PEL_F1,20230110,14:19,817.00,817.00,817.00,817.00,550,5625950
PEL_F1,20230110,14:23,816.50,816.50,816.50,816.50,550,5625950
PEL_F1,20230110,14:24,816.85,817.40,816.85,817.40,1650,5624300
PEL_F1,20230110,14:25,817.45,817.45,817.45,817.45,550,5624300
PEL_F1,20230110,14:26,818.00,818.00,818.00,818.00,550,5624300
PEL_F1,20230110,14:27,817.90,818.35,817.90,818.35,1650,5624300
PEL_F1,20230110,14:28,817.75,817.75,817.65,817.65,1650,5624300
PEL_F1,20230110,14:29,818.00,818.00,818.00,818.00,550,5623750
PEL_F1,20230110,14:30,817.90,818.00,817.90,818.00,1100,5623750
PEL_F1,20230110,14:31,817.55,817.55,816.55,816.55,2750,5624300
PEL_F1,20230110,14:32,815.95,816.80,815.95,816.80,22550,5624300
PEL_F1,20230110,14:34,816.90,816.90,816.45,816.45,1650,5613300
PEL_F1,20230110,14:35,816.15,816.15,815.50,815.50,3300,5613300
PEL_F1,20230110,14:36,814.60,816.30,814.60,816.30,3300,5613300
PEL_F1,20230110,14:38,815.85,815.85,815.40,815.40,1100,5613850
PEL_F1,20230110,14:39,814.90,815.05,814.90,815.05,1650,5613850
PEL_F1,20230110,14:40,814.60,814.60,814.60,814.60,550,5613300
PEL_F1,20230110,14:41,815.00,815.00,815.00,815.00,550,5613300
PEL_F1,20230110,14:42,815.20,815.50,815.20,815.50,1100,5613300
PEL_F1,20230110,14:43,815.30,815.75,815.25,815.75,1650,5613300
PEL_F1,20230110,14:44,815.55,815.55,815.30,815.30,3300,5613300
PEL_F1,20230110,14:45,815.00,815.00,814.65,814.65,2750,5613300
PEL_F1,20230110,14:46,814.20,815.05,814.20,814.35,3850,5616600
PEL_F1,20230110,14:47,815.00,815.65,814.45,815.20,6050,5616600
PEL_F1,20230110,14:48,815.60,815.65,815.30,815.30,2200,5616600
PEL_F1,20230110,14:49,815.15,815.40,815.15,815.20,3300,5618800
PEL_F1,20230110,14:50,815.25,815.25,814.70,815.15,4950,5618800
PEL_F1,20230110,14:51,815.60,815.85,814.50,815.15,4400,5618800
PEL_F1,20230110,14:52,815.05,815.05,814.95,815.00,2750,5618800
PEL_F1,20230110,14:53,814.60,815.10,814.00,814.25,5500,5625950
PEL_F1,20230110,14:54,814.20,814.90,813.90,814.25,3300,5625950
PEL_F1,20230110,14:55,814.30,814.45,814.30,814.45,2200,5633650
PEL_F1,20230110,14:56,815.10,815.30,814.00,815.30,6050,5633650
PEL_F1,20230110,14:57,815.25,815.80,815.10,815.15,3300,5633650
PEL_F1,20230110,14:58,814.80,815.55,814.80,814.90,2750,5638600
PEL_F1,20230110,14:59,814.95,815.10,814.90,814.90,2750,5638600
PEL_F1,20230110,15:00,814.90,815.10,814.20,814.20,4400,5638600
PEL_F1,20230110,15:01,815.00,815.60,815.00,815.60,3850,5638600
PEL_F1,20230110,15:02,815.75,817.20,815.75,815.90,9350,5645200
PEL_F1,20230110,15:03,815.55,816.35,815.35,815.35,3300,5645200
PEL_F1,20230110,15:04,815.10,815.35,814.70,815.05,2750,5650700
PEL_F1,20230110,15:05,815.25,816.25,815.05,815.05,4400,5650700
PEL_F1,20230110,15:06,816.50,816.50,816.35,816.35,1650,5650700
PEL_F1,20230110,15:07,816.80,818.00,816.80,817.90,7150,5650700
PEL_F1,20230110,15:08,817.85,817.85,817.85,817.85,1650,5653450
PEL_F1,20230110,15:09,816.75,816.75,816.75,816.75,1650,5653450
PEL_F1,20230110,15:10,818.25,819.30,818.25,819.30,15400,5653450
PEL_F1,20230110,15:11,819.95,820.20,819.70,819.95,12650,5655100
PEL_F1,20230110,15:12,820.20,820.75,819.45,820.50,6600,5655100
PEL_F1,20230110,15:13,820.70,820.70,820.50,820.50,5500,5654550
PEL_F1,20230110,15:14,820.50,820.50,819.80,820.35,7700,5654550
PEL_F1,20230110,15:15,820.60,820.65,820.50,820.50,7150,5654550
PEL_F1,20230110,15:16,820.80,820.90,820.50,820.90,9900,5655650
PEL_F1,20230110,15:17,820.95,821.40,820.30,821.30,9350,5655650
PEL_F1,20230110,15:18,821.35,821.60,820.70,820.70,8800,5655650
PEL_F1,20230110,15:19,820.65,821.80,820.65,821.25,8250,5656750
PEL_F1,20230110,15:20,821.80,822.00,821.70,822.00,10450,5656750
PEL_F1,20230110,15:21,822.40,822.50,821.80,822.00,11550,5656750
PEL_F1,20230110,15:22,822.20,822.45,821.25,821.25,8800,5658950
PEL_F1,20230110,15:23,822.05,822.05,821.35,821.55,8250,5658950
PEL_F1,20230110,15:24,821.90,822.00,821.90,822.00,5500,5658950
PEL_F1,20230110,15:25,822.00,822.20,821.45,822.15,10450,5664450
PEL_F1,20230110,15:26,822.15,822.30,821.00,822.10,9900,5664450
PEL_F1,20230110,15:27,822.15,822.25,821.50,821.50,9900,5664450
PEL_F1,20230110,15:28,822.10,822.50,821.95,822.50,10450,5666100
PEL_F1,20230110,15:29,822.50,822.50,821.95,822.40,7150,5666100
PEL_F1,20230110,15:30,822.40,822.40,821.20,821.20,6050,5666100
PEL_F1,20230110,18:23,820.45,820.45,820.45,820.45,1,5531900
