ASIANPAINT_F1,20200915,09:16,2042.00,2051.10,2042.00,2045.90,29100,3570300
ASIANPAINT_F1,20200915,09:17,2043.45,2051.55,2043.45,2048.75,34500,3570300
ASIANPAINT_F1,20200915,09:18,2049.85,2051.85,2048.50,2050.65,18300,3586800
ASIANPAINT_F1,20200915,09:19,2049.00,2049.00,2045.10,2045.45,11700,3586800
ASIANPAINT_F1,20200915,09:20,2045.55,2045.55,2042.25,2043.00,7800,3586800
ASIANPAINT_F1,20200915,09:21,2043.00,2047.45,2043.00,2044.80,13200,3594000
ASIANPAINT_F1,20200915,09:22,2042.60,2044.10,2042.00,2042.00,4800,3594000
ASIANPAINT_F1,20200915,09:23,2042.05,2044.10,2042.05,2043.50,3900,3594000
ASIANPAINT_F1,20200915,09:24,2043.30,2044.80,2043.15,2044.70,3300,3593400
ASIANPAINT_F1,20200915,09:25,2044.50,2045.30,2043.85,2045.10,9000,3593400
ASIANPAINT_F1,20200915,09:26,2045.00,2045.40,2042.50,2042.50,9000,3593400
ASIANPAINT_F1,20200915,09:27,2043.25,2043.25,2036.60,2036.60,12000,3595500
ASIANPAINT_F1,20200915,09:28,2038.60,2039.75,2036.00,2039.70,10800,3595500
ASIANPAINT_F1,20200915,09:29,2039.75,2040.40,2038.35,2038.35,1800,3595500
ASIANPAINT_F1,20200915,09:30,2038.85,2040.80,2038.40,2038.40,3300,3600000
ASIANPAINT_F1,20200915,09:31,2040.00,2040.00,2038.00,2038.00,5100,3600000
ASIANPAINT_F1,20200915,09:32,2038.85,2040.25,2038.15,2040.25,3000,3600000
ASIANPAINT_F1,20200915,09:33,2040.00,2043.45,2040.00,2042.95,3600,3601200
ASIANPAINT_F1,20200915,09:34,2042.95,2042.95,2037.50,2038.65,7500,3601200
ASIANPAINT_F1,20200915,09:35,2038.65,2038.65,2037.00,2037.85,3300,3601200
ASIANPAINT_F1,20200915,09:36,2037.60,2037.60,2036.25,2036.55,2100,3600000
ASIANPAINT_F1,20200915,09:37,2037.35,2037.35,2033.10,2035.50,14400,3600000
ASIANPAINT_F1,20200915,09:38,2037.00,2038.35,2036.05,2038.35,2100,3600000
ASIANPAINT_F1,20200915,09:39,2037.35,2039.40,2036.45,2038.95,4200,3599400
ASIANPAINT_F1,20200915,09:40,2039.00,2039.00,2036.00,2036.00,1800,3599400
ASIANPAINT_F1,20200915,09:41,2035.00,2036.35,2032.25,2032.25,3600,3599400
ASIANPAINT_F1,20200915,09:42,2031.00,2035.00,2030.60,2034.45,6600,3600300
ASIANPAINT_F1,20200915,09:43,2035.05,2040.70,2035.05,2038.00,8100,3600300
ASIANPAINT_F1,20200915,09:44,2037.35,2037.35,2035.00,2035.00,1800,3600300
ASIANPAINT_F1,20200915,09:45,2037.35,2037.35,2033.20,2033.20,5400,3604500
ASIANPAINT_F1,20200915,09:46,2034.05,2034.05,2032.35,2033.55,4200,3604500
ASIANPAINT_F1,20200915,09:47,2033.10,2034.00,2033.10,2033.30,1200,3604500
ASIANPAINT_F1,20200915,09:48,2033.30,2034.35,2032.65,2032.65,1500,3601500
ASIANPAINT_F1,20200915,09:49,2032.60,2033.40,2032.60,2033.40,1500,3601500
ASIANPAINT_F1,20200915,09:50,2033.45,2033.45,2029.20,2029.75,8700,3601500
ASIANPAINT_F1,20200915,09:51,2031.30,2032.10,2030.05,2032.10,3600,3604500
ASIANPAINT_F1,20200915,09:52,2032.00,2033.70,2031.00,2031.00,3900,3604500
ASIANPAINT_F1,20200915,09:53,2030.50,2031.75,2030.50,2031.00,900,3604500
ASIANPAINT_F1,20200915,09:54,2030.15,2030.65,2026.25,2026.80,7500,3607200
ASIANPAINT_F1,20200915,09:55,2027.75,2030.75,2026.40,2029.10,6000,3607200
ASIANPAINT_F1,20200915,09:56,2028.00,2029.00,2026.95,2028.15,4500,3607200
ASIANPAINT_F1,20200915,09:57,2028.60,2029.10,2027.15,2029.10,8100,3605400
ASIANPAINT_F1,20200915,09:58,2029.00,2031.00,2029.00,2031.00,3000,3605400
ASIANPAINT_F1,20200915,09:59,2030.25,2030.25,2028.00,2028.00,3900,3605400
ASIANPAINT_F1,20200915,10:00,2027.50,2029.75,2026.60,2029.00,4200,3605700
ASIANPAINT_F1,20200915,10:01,2029.55,2034.75,2029.55,2034.35,10500,3605700
ASIANPAINT_F1,20200915,10:02,2034.00,2038.55,2034.00,2037.85,7500,3605700
ASIANPAINT_F1,20200915,10:03,2037.50,2038.35,2035.00,2035.00,3300,3602400
ASIANPAINT_F1,20200915,10:04,2034.00,2036.75,2031.45,2036.75,5100,3602400
ASIANPAINT_F1,20200915,10:05,2035.00,2035.00,2033.70,2033.70,900,3602400
ASIANPAINT_F1,20200915,10:06,2031.15,2036.10,2031.15,2036.10,2100,3603600
ASIANPAINT_F1,20200915,10:07,2036.00,2036.00,2034.60,2035.35,3900,3603600
ASIANPAINT_F1,20200915,10:08,2034.30,2036.60,2034.30,2036.60,2100,3603600
ASIANPAINT_F1,20200915,10:09,2032.95,2032.95,2029.80,2029.80,2400,3601500
ASIANPAINT_F1,20200915,10:10,2029.80,2030.75,2029.00,2030.10,1500,3601500
ASIANPAINT_F1,20200915,10:11,2028.20,2030.80,2028.20,2030.80,2100,3601500
ASIANPAINT_F1,20200915,10:12,2032.15,2033.75,2032.15,2032.60,1800,3600300
ASIANPAINT_F1,20200915,10:13,2032.60,2032.60,2029.95,2029.95,2100,3600300
ASIANPAINT_F1,20200915,10:14,2029.95,2029.95,2028.00,2028.00,3000,3600300
ASIANPAINT_F1,20200915,10:15,2028.00,2029.05,2024.20,2024.90,15300,3603300
ASIANPAINT_F1,20200915,10:16,2025.80,2027.95,2024.50,2027.95,10800,3603300
ASIANPAINT_F1,20200915,10:17,2029.20,2030.00,2028.60,2030.00,1500,3603300
ASIANPAINT_F1,20200915,10:18,2027.80,2028.25,2026.75,2027.65,5100,3600600
ASIANPAINT_F1,20200915,10:19,2028.00,2028.40,2028.00,2028.40,1800,3600600
ASIANPAINT_F1,20200915,10:20,2028.30,2029.30,2028.30,2029.30,900,3600600
ASIANPAINT_F1,20200915,10:21,2029.30,2029.55,2028.15,2028.15,1200,3601200
ASIANPAINT_F1,20200915,10:22,2028.00,2028.20,2027.00,2027.00,2700,3601200
ASIANPAINT_F1,20200915,10:23,2027.55,2028.35,2027.55,2028.35,600,3601200
ASIANPAINT_F1,20200915,10:24,2028.00,2028.00,2028.00,2028.00,300,3600600
ASIANPAINT_F1,20200915,10:25,2028.65,2028.75,2028.20,2028.20,1800,3600600
ASIANPAINT_F1,20200915,10:26,2028.70,2029.00,2028.70,2029.00,900,3600600
ASIANPAINT_F1,20200915,10:27,2028.70,2028.70,2028.65,2028.65,2100,3600600
ASIANPAINT_F1,20200915,10:29,2028.50,2029.10,2028.50,2029.10,900,3600000
ASIANPAINT_F1,20200915,10:30,2030.00,2033.60,2030.00,2032.50,3600,3599700
ASIANPAINT_F1,20200915,10:31,2032.50,2033.00,2032.05,2032.05,1800,3599700
ASIANPAINT_F1,20200915,10:32,2033.00,2036.00,2033.00,2036.00,4500,3599700
ASIANPAINT_F1,20200915,10:33,2038.00,2038.00,2037.85,2037.85,2400,3599700
ASIANPAINT_F1,20200915,10:34,2036.00,2037.20,2035.30,2035.65,3900,3597000
ASIANPAINT_F1,20200915,10:35,2035.00,2035.00,2033.85,2033.85,1500,3597000
ASIANPAINT_F1,20200915,10:36,2033.75,2034.60,2033.10,2034.10,1500,3594900
ASIANPAINT_F1,20200915,10:37,2035.60,2037.50,2035.60,2036.25,2700,3594900
ASIANPAINT_F1,20200915,10:38,2035.85,2035.85,2035.85,2035.85,300,3594900
ASIANPAINT_F1,20200915,10:39,2034.95,2035.60,2034.25,2035.45,2100,3595200
ASIANPAINT_F1,20200915,10:40,2035.45,2035.45,2034.00,2034.00,1800,3595200
ASIANPAINT_F1,20200915,10:42,2033.45,2033.45,2030.75,2030.75,1500,3595800
ASIANPAINT_F1,20200915,10:43,2030.00,2030.60,2030.00,2030.60,1200,3595800
ASIANPAINT_F1,20200915,10:44,2030.85,2030.85,2030.00,2030.00,1800,3595800
ASIANPAINT_F1,20200915,10:45,2030.75,2031.45,2030.75,2031.45,600,3595800
ASIANPAINT_F1,20200915,10:47,2029.75,2030.10,2029.35,2030.10,3300,3589200
ASIANPAINT_F1,20200915,10:48,2030.15,2030.30,2028.95,2030.30,2100,3588300
ASIANPAINT_F1,20200915,10:49,2029.65,2029.65,2029.15,2029.40,2100,3588300
ASIANPAINT_F1,20200915,10:50,2030.00,2030.55,2029.20,2029.20,2700,3588300
ASIANPAINT_F1,20200915,10:51,2028.35,2028.70,2027.40,2028.70,2400,3585000
ASIANPAINT_F1,20200915,10:52,2029.00,2029.00,2028.40,2028.60,1800,3585000
ASIANPAINT_F1,20200915,10:53,2029.10,2029.35,2029.10,2029.35,1800,3585000
ASIANPAINT_F1,20200915,10:54,2030.45,2032.25,2030.25,2032.25,1500,3585000
ASIANPAINT_F1,20200915,10:55,2031.30,2031.30,2031.30,2031.30,300,3585000
ASIANPAINT_F1,20200915,10:56,2032.00,2032.00,2032.00,2032.00,300,3585000
ASIANPAINT_F1,20200915,10:57,2031.00,2031.00,2031.00,2031.00,300,3585000
ASIANPAINT_F1,20200915,10:58,2029.70,2029.75,2029.70,2029.75,1500,3585600
ASIANPAINT_F1,20200915,10:59,2029.55,2029.55,2028.70,2028.70,1200,3585600
ASIANPAINT_F1,20200915,11:01,2029.95,2030.45,2029.90,2030.10,1200,3585600
ASIANPAINT_F1,20200915,11:02,2030.65,2030.65,2026.40,2026.40,4200,3585600
ASIANPAINT_F1,20200915,11:03,2026.80,2027.70,2026.80,2027.70,600,3587700
ASIANPAINT_F1,20200915,11:04,2027.50,2028.85,2027.50,2028.65,900,3587700
ASIANPAINT_F1,20200915,11:05,2028.40,2028.40,2028.00,2028.00,600,3587700
ASIANPAINT_F1,20200915,11:06,2028.60,2028.60,2027.60,2027.80,1200,3587700
ASIANPAINT_F1,20200915,11:07,2027.80,2027.80,2027.80,2027.80,300,3589200
ASIANPAINT_F1,20200915,11:08,2027.50,2027.50,2026.55,2027.50,4200,3589200
ASIANPAINT_F1,20200915,11:09,2027.75,2029.75,2027.65,2029.05,2100,3589800
ASIANPAINT_F1,20200915,11:10,2029.80,2029.80,2029.25,2029.25,1500,3589800
ASIANPAINT_F1,20200915,11:11,2028.80,2029.70,2028.80,2029.70,600,3589800
ASIANPAINT_F1,20200915,11:12,2032.55,2032.55,2031.30,2031.30,2100,3589800
ASIANPAINT_F1,20200915,11:13,2032.95,2032.95,2032.00,2032.00,2400,3589200
ASIANPAINT_F1,20200915,11:14,2032.65,2032.80,2032.00,2032.00,1500,3589200
ASIANPAINT_F1,20200915,11:15,2031.50,2031.50,2031.50,2031.50,900,3590400
ASIANPAINT_F1,20200915,11:16,2030.75,2030.75,2030.75,2030.75,300,3590400
ASIANPAINT_F1,20200915,11:19,2030.75,2030.75,2030.75,2030.75,300,3590100
ASIANPAINT_F1,20200915,11:20,2030.75,2030.75,2030.75,2030.75,300,3590100
ASIANPAINT_F1,20200915,11:21,2029.70,2029.70,2029.70,2029.70,600,3590100
ASIANPAINT_F1,20200915,11:22,2028.80,2028.80,2028.80,2028.80,600,3589500
ASIANPAINT_F1,20200915,11:23,2028.80,2028.80,2028.80,2028.80,300,3589500
ASIANPAINT_F1,20200915,11:26,2027.55,2028.25,2026.35,2026.35,4200,3589200
ASIANPAINT_F1,20200915,11:27,2027.10,2027.10,2026.45,2027.00,1500,3589200
ASIANPAINT_F1,20200915,11:28,2026.50,2027.90,2026.50,2027.90,1200,3589800
ASIANPAINT_F1,20200915,11:32,2029.55,2030.00,2029.55,2030.00,900,3590100
ASIANPAINT_F1,20200915,11:33,2029.85,2032.00,2029.85,2032.00,2400,3590700
ASIANPAINT_F1,20200915,11:34,2032.00,2033.45,2032.00,2032.00,3300,3590700
ASIANPAINT_F1,20200915,11:35,2031.05,2032.00,2031.05,2032.00,600,3590700
ASIANPAINT_F1,20200915,11:36,2031.05,2031.05,2029.00,2029.00,4500,3590700
ASIANPAINT_F1,20200915,11:37,2029.00,2029.00,2029.00,2029.00,300,3590100
ASIANPAINT_F1,20200915,11:38,2029.05,2029.05,2029.05,2029.05,1200,3590100
ASIANPAINT_F1,20200915,11:39,2029.30,2030.20,2029.30,2030.20,900,3589800
ASIANPAINT_F1,20200915,11:40,2030.00,2030.00,2030.00,2030.00,300,3589800
ASIANPAINT_F1,20200915,11:41,2028.75,2028.75,2028.35,2028.35,1500,3589800
ASIANPAINT_F1,20200915,11:42,2029.70,2029.70,2029.70,2029.70,300,3589800
ASIANPAINT_F1,20200915,11:43,2029.50,2029.50,2029.50,2029.50,300,3591000
ASIANPAINT_F1,20200915,11:44,2029.50,2029.60,2029.00,2029.00,1500,3591000
ASIANPAINT_F1,20200915,11:45,2029.00,2029.70,2028.55,2029.70,900,3591000
ASIANPAINT_F1,20200915,11:47,2029.50,2031.75,2029.50,2031.75,1200,3591000
ASIANPAINT_F1,20200915,11:48,2030.65,2030.65,2030.65,2030.65,1800,3591000
ASIANPAINT_F1,20200915,11:49,2030.00,2030.00,2029.10,2029.10,4200,3591600
ASIANPAINT_F1,20200915,11:50,2030.00,2030.85,2030.00,2030.85,2100,3591600
ASIANPAINT_F1,20200915,11:51,2029.10,2029.10,2029.10,2029.10,1200,3591600
ASIANPAINT_F1,20200915,11:52,2027.25,2027.25,2027.25,2027.25,1200,3591000
ASIANPAINT_F1,20200915,11:53,2027.10,2027.10,2027.10,2027.10,900,3591000
ASIANPAINT_F1,20200915,11:54,2027.10,2027.15,2026.15,2026.50,2700,3591000
ASIANPAINT_F1,20200915,11:55,2026.55,2027.90,2026.50,2027.90,3600,3593100
ASIANPAINT_F1,20200915,11:56,2028.50,2028.50,2027.05,2027.05,900,3593100
ASIANPAINT_F1,20200915,11:57,2027.00,2027.00,2023.40,2025.70,14100,3594300
ASIANPAINT_F1,20200915,11:58,2024.70,2026.60,2024.70,2026.60,2400,3594300
ASIANPAINT_F1,20200915,11:59,2026.70,2026.70,2026.00,2026.25,1200,3594300
ASIANPAINT_F1,20200915,12:00,2026.10,2026.10,2026.00,2026.00,600,3594300
ASIANPAINT_F1,20200915,12:01,2025.95,2028.25,2025.95,2028.25,1800,3595200
ASIANPAINT_F1,20200915,12:02,2028.00,2028.25,2027.30,2028.25,1200,3595200
ASIANPAINT_F1,20200915,12:03,2027.45,2027.45,2027.45,2027.45,300,3595200
ASIANPAINT_F1,20200915,12:04,2027.45,2027.45,2025.20,2025.20,3300,3592500
ASIANPAINT_F1,20200915,12:05,2024.70,2026.15,2024.70,2026.15,2400,3592500
ASIANPAINT_F1,20200915,12:06,2024.55,2025.95,2024.55,2025.95,1500,3592500
ASIANPAINT_F1,20200915,12:07,2024.80,2025.60,2023.65,2024.65,5100,3596400
ASIANPAINT_F1,20200915,12:08,2025.70,2027.85,2025.70,2027.85,2400,3596400
ASIANPAINT_F1,20200915,12:09,2027.00,2027.00,2027.00,2027.00,300,3596400
ASIANPAINT_F1,20200915,12:10,2026.20,2026.20,2025.30,2025.30,1500,3598500
ASIANPAINT_F1,20200915,12:11,2025.40,2026.00,2024.50,2026.00,4800,3598500
ASIANPAINT_F1,20200915,12:12,2025.20,2026.70,2025.20,2026.25,1500,3598500
ASIANPAINT_F1,20200915,12:13,2027.35,2027.35,2026.90,2026.90,600,3598800
ASIANPAINT_F1,20200915,12:14,2026.65,2027.00,2024.45,2027.00,8700,3598800
ASIANPAINT_F1,20200915,12:15,2026.30,2027.05,2025.85,2026.00,1800,3598800
ASIANPAINT_F1,20200915,12:16,2025.15,2025.55,2024.85,2025.55,1500,3601800
ASIANPAINT_F1,20200915,12:17,2025.60,2026.20,2025.35,2026.20,2700,3601800
ASIANPAINT_F1,20200915,12:18,2025.55,2027.20,2025.55,2027.20,3600,3601800
ASIANPAINT_F1,20200915,12:19,2028.20,2028.20,2028.10,2028.20,3600,3601500
ASIANPAINT_F1,20200915,12:20,2027.45,2028.50,2027.45,2028.50,2700,3601500
ASIANPAINT_F1,20200915,12:21,2028.25,2028.30,2027.05,2027.50,4200,3601500
ASIANPAINT_F1,20200915,12:22,2026.50,2026.50,2025.95,2026.45,900,3601800
ASIANPAINT_F1,20200915,12:23,2026.40,2026.40,2026.40,2026.40,900,3601800
ASIANPAINT_F1,20200915,12:24,2025.35,2025.40,2024.90,2024.90,1800,3601800
ASIANPAINT_F1,20200915,12:25,2025.25,2026.55,2024.60,2026.55,5100,3603000
ASIANPAINT_F1,20200915,12:26,2027.10,2027.20,2025.75,2025.75,5100,3603000
ASIANPAINT_F1,20200915,12:27,2026.00,2026.40,2025.75,2025.75,2400,3603000
ASIANPAINT_F1,20200915,12:28,2025.40,2026.50,2025.40,2026.50,4500,3604800
ASIANPAINT_F1,20200915,12:29,2026.25,2026.70,2026.10,2026.70,1500,3604800
ASIANPAINT_F1,20200915,12:30,2026.25,2028.95,2026.25,2028.15,6300,3604800
ASIANPAINT_F1,20200915,12:31,2028.25,2028.30,2028.25,2028.30,900,3606900
ASIANPAINT_F1,20200915,12:32,2028.00,2028.25,2027.30,2028.00,1800,3606900
ASIANPAINT_F1,20200915,12:33,2028.00,2028.30,2028.00,2028.30,600,3606900
ASIANPAINT_F1,20200915,12:34,2028.00,2028.00,2025.50,2025.50,1800,3608400
ASIANPAINT_F1,20200915,12:35,2025.00,2025.95,2025.00,2025.00,1800,3608400
ASIANPAINT_F1,20200915,12:36,2025.00,2025.30,2024.55,2024.85,1500,3608400
ASIANPAINT_F1,20200915,12:37,2024.95,2025.30,2024.55,2024.60,2700,3609300
ASIANPAINT_F1,20200915,12:38,2024.00,2024.00,2022.80,2023.20,6300,3609300
ASIANPAINT_F1,20200915,12:39,2023.50,2023.50,2023.00,2023.50,1800,3609300
ASIANPAINT_F1,20200915,12:40,2023.25,2025.55,2023.25,2025.55,2400,3610800
ASIANPAINT_F1,20200915,12:41,2026.15,2026.15,2025.85,2026.00,1800,3610800
ASIANPAINT_F1,20200915,12:42,2025.00,2025.25,2024.10,2024.20,1800,3610800
ASIANPAINT_F1,20200915,12:43,2024.20,2024.25,2024.20,2024.25,2100,3612300
ASIANPAINT_F1,20200915,12:44,2024.10,2024.10,2023.55,2023.65,1200,3612300
ASIANPAINT_F1,20200915,12:45,2023.65,2023.65,2023.65,2023.65,600,3612300
ASIANPAINT_F1,20200915,12:46,2023.25,2025.90,2023.00,2025.90,4800,3612900
ASIANPAINT_F1,20200915,12:47,2024.40,2024.40,2024.35,2024.35,600,3612900
ASIANPAINT_F1,20200915,12:48,2025.00,2025.00,2024.00,2024.00,3300,3612900
ASIANPAINT_F1,20200915,12:49,2022.90,2022.90,2022.50,2022.85,2700,3613500
ASIANPAINT_F1,20200915,12:50,2022.90,2023.50,2022.85,2023.50,3600,3613500
ASIANPAINT_F1,20200915,12:51,2023.90,2023.90,2023.90,2023.90,600,3613500
ASIANPAINT_F1,20200915,12:52,2023.20,2023.20,2020.50,2020.80,6600,3615900
ASIANPAINT_F1,20200915,12:53,2020.40,2022.30,2020.35,2022.30,3300,3615900
ASIANPAINT_F1,20200915,12:54,2022.00,2022.00,2021.05,2021.05,3600,3615900
ASIANPAINT_F1,20200915,12:55,2021.05,2021.05,2020.50,2020.70,4500,3615600
ASIANPAINT_F1,20200915,12:56,2021.40,2022.00,2021.20,2021.95,3000,3615600
ASIANPAINT_F1,20200915,12:57,2022.75,2023.40,2022.75,2023.00,12000,3615600
ASIANPAINT_F1,20200915,12:58,2023.70,2023.70,2023.25,2023.45,2100,3622200
ASIANPAINT_F1,20200915,12:59,2023.45,2025.00,2023.45,2025.00,1800,3622200
ASIANPAINT_F1,20200915,13:00,2025.45,2026.00,2024.70,2025.90,3900,3622200
ASIANPAINT_F1,20200915,13:01,2025.55,2025.55,2025.10,2025.10,1200,3624000
ASIANPAINT_F1,20200915,13:02,2024.80,2024.80,2024.00,2024.00,2700,3624000
ASIANPAINT_F1,20200915,13:03,2024.80,2024.80,2024.80,2024.80,300,3624000
ASIANPAINT_F1,20200915,13:04,2024.80,2024.80,2023.00,2023.50,1500,3623700
ASIANPAINT_F1,20200915,13:05,2024.80,2024.80,2024.00,2024.00,900,3623700
ASIANPAINT_F1,20200915,13:06,2023.20,2024.30,2023.00,2024.30,1500,3623700
ASIANPAINT_F1,20200915,13:07,2024.30,2024.70,2024.20,2024.70,2400,3624000
ASIANPAINT_F1,20200915,13:08,2024.20,2024.80,2023.70,2023.75,3000,3624000
ASIANPAINT_F1,20200915,13:09,2023.10,2023.10,2021.20,2022.65,4500,3624000
ASIANPAINT_F1,20200915,13:10,2023.50,2023.50,2023.20,2023.20,900,3627600
ASIANPAINT_F1,20200915,13:11,2022.00,2022.00,2021.30,2021.70,6300,3627600
ASIANPAINT_F1,20200915,13:12,2021.50,2022.00,2021.05,2021.05,4200,3627600
ASIANPAINT_F1,20200915,13:13,2021.55,2021.85,2021.55,2021.85,2100,3633600
ASIANPAINT_F1,20200915,13:14,2022.45,2023.00,2022.45,2023.00,1500,3633600
ASIANPAINT_F1,20200915,13:15,2023.60,2024.85,2023.40,2023.50,3900,3633600
ASIANPAINT_F1,20200915,13:16,2023.65,2023.65,2022.95,2022.95,900,3636000
ASIANPAINT_F1,20200915,13:17,2022.80,2022.95,2021.50,2021.90,3000,3636000
ASIANPAINT_F1,20200915,13:18,2022.25,2023.80,2022.25,2023.80,2400,3636000
ASIANPAINT_F1,20200915,13:19,2023.20,2025.20,2023.20,2025.20,2100,3639600
ASIANPAINT_F1,20200915,13:20,2025.00,2025.40,2025.00,2025.40,2100,3639600
ASIANPAINT_F1,20200915,13:21,2026.50,2026.50,2025.40,2025.40,1800,3639600
ASIANPAINT_F1,20200915,13:22,2023.40,2023.40,2022.80,2023.25,1200,3640200
ASIANPAINT_F1,20200915,13:23,2022.50,2023.30,2022.05,2023.00,3600,3640200
ASIANPAINT_F1,20200915,13:24,2023.55,2024.95,2023.55,2024.95,600,3640200
ASIANPAINT_F1,20200915,13:25,2024.10,2024.15,2024.10,2024.15,1200,3641700
ASIANPAINT_F1,20200915,13:26,2023.80,2025.00,2023.80,2024.90,1500,3641700
ASIANPAINT_F1,20200915,13:27,2025.80,2025.80,2025.80,2025.80,300,3641700
ASIANPAINT_F1,20200915,13:28,2025.00,2025.35,2024.90,2025.35,3000,3641700
ASIANPAINT_F1,20200915,13:29,2025.50,2026.50,2024.75,2026.50,3000,3641700
ASIANPAINT_F1,20200915,13:30,2026.75,2026.75,2025.55,2025.90,4200,3641700
ASIANPAINT_F1,20200915,13:31,2026.50,2026.50,2025.70,2025.70,1200,3642900
ASIANPAINT_F1,20200915,13:32,2025.70,2025.70,2024.70,2025.35,2400,3642900
ASIANPAINT_F1,20200915,13:33,2025.00,2025.00,2025.00,2025.00,1500,3642900
ASIANPAINT_F1,20200915,13:34,2024.50,2026.10,2024.40,2026.10,3600,3644400
ASIANPAINT_F1,20200915,13:35,2026.00,2026.00,2025.10,2025.10,900,3644400
ASIANPAINT_F1,20200915,13:36,2025.00,2026.10,2024.85,2026.10,2400,3644400
ASIANPAINT_F1,20200915,13:37,2027.35,2027.45,2026.50,2027.45,1500,3648600
ASIANPAINT_F1,20200915,13:38,2027.00,2028.40,2027.00,2027.45,3600,3648600
ASIANPAINT_F1,20200915,13:39,2028.00,2028.00,2027.25,2027.35,1500,3648600
ASIANPAINT_F1,20200915,13:40,2026.40,2028.00,2026.40,2028.00,4800,3648600
ASIANPAINT_F1,20200915,13:41,2027.95,2028.00,2026.80,2026.80,1800,3648600
ASIANPAINT_F1,20200915,13:42,2027.00,2027.60,2027.00,2027.50,3600,3648600
ASIANPAINT_F1,20200915,13:43,2028.05,2028.05,2027.40,2027.65,3000,3647400
ASIANPAINT_F1,20200915,13:44,2028.30,2028.30,2027.00,2027.00,2700,3647400
ASIANPAINT_F1,20200915,13:45,2026.85,2027.95,2026.85,2027.00,5400,3647400
ASIANPAINT_F1,20200915,13:46,2027.40,2027.50,2027.40,2027.50,900,3649200
ASIANPAINT_F1,20200915,13:47,2027.20,2028.55,2027.15,2028.40,6600,3649200
ASIANPAINT_F1,20200915,13:48,2028.75,2028.75,2028.00,2028.45,6000,3649200
ASIANPAINT_F1,20200915,13:49,2028.55,2031.70,2028.55,2031.70,19200,3653400
ASIANPAINT_F1,20200915,13:50,2031.00,2031.00,2029.25,2029.60,5100,3653400
ASIANPAINT_F1,20200915,13:51,2029.10,2029.80,2028.35,2029.55,4200,3653400
ASIANPAINT_F1,20200915,13:52,2029.25,2029.55,2029.20,2029.20,900,3653400
ASIANPAINT_F1,20200915,13:53,2029.00,2029.45,2028.45,2029.45,4800,3659100
ASIANPAINT_F1,20200915,13:54,2029.00,2029.00,2028.10,2028.35,900,3659100
ASIANPAINT_F1,20200915,13:55,2028.60,2028.60,2026.00,2026.00,2400,3660000
ASIANPAINT_F1,20200915,13:56,2026.00,2026.00,2025.15,2025.80,2100,3660000
ASIANPAINT_F1,20200915,13:58,2025.80,2025.80,2025.05,2025.05,1200,3661500
ASIANPAINT_F1,20200915,13:59,2024.60,2024.60,2024.00,2024.50,2100,3661500
ASIANPAINT_F1,20200915,14:00,2023.25,2023.25,2023.25,2023.25,1200,3661500
ASIANPAINT_F1,20200915,14:01,2023.50,2023.50,2022.95,2022.95,2700,3661500
ASIANPAINT_F1,20200915,14:02,2023.00,2024.00,2023.00,2024.00,1500,3661500
ASIANPAINT_F1,20200915,14:03,2025.00,2025.25,2025.00,2025.25,1200,3661500
ASIANPAINT_F1,20200915,14:04,2025.95,2027.25,2025.95,2027.25,3300,3661500
ASIANPAINT_F1,20200915,14:05,2027.55,2027.55,2025.20,2025.20,4200,3665100
ASIANPAINT_F1,20200915,14:06,2025.00,2025.10,2024.20,2024.20,2100,3665100
ASIANPAINT_F1,20200915,14:07,2024.50,2026.00,2024.10,2026.00,4500,3666900
ASIANPAINT_F1,20200915,14:08,2025.50,2025.50,2025.50,2025.50,900,3666900
ASIANPAINT_F1,20200915,14:09,2025.30,2025.30,2025.30,2025.30,300,3666900
ASIANPAINT_F1,20200915,14:10,2025.00,2025.00,2024.00,2024.00,900,3667200
ASIANPAINT_F1,20200915,14:11,2023.55,2024.55,2023.55,2024.55,1800,3667200
ASIANPAINT_F1,20200915,14:12,2025.00,2026.50,2025.00,2025.60,3300,3667200
ASIANPAINT_F1,20200915,14:13,2026.05,2026.05,2025.10,2025.65,1500,3669300
ASIANPAINT_F1,20200915,14:14,2025.50,2025.75,2025.00,2025.75,3000,3669300
ASIANPAINT_F1,20200915,14:15,2025.30,2025.30,2024.60,2024.60,900,3669300
ASIANPAINT_F1,20200915,14:16,2026.20,2027.35,2025.00,2025.70,4500,3671400
ASIANPAINT_F1,20200915,14:17,2026.50,2026.50,2026.50,2026.50,900,3671400
ASIANPAINT_F1,20200915,14:18,2026.50,2026.50,2026.50,2026.50,300,3671400
ASIANPAINT_F1,20200915,14:19,2025.80,2025.80,2024.75,2024.75,2700,3673200
ASIANPAINT_F1,20200915,14:20,2026.35,2026.35,2025.50,2025.50,900,3673200
ASIANPAINT_F1,20200915,14:21,2024.45,2024.45,2024.00,2024.00,1200,3673200
ASIANPAINT_F1,20200915,14:22,2023.60,2024.05,2023.10,2023.10,5100,3675000
ASIANPAINT_F1,20200915,14:23,2024.25,2024.25,2023.30,2023.30,1200,3675000
ASIANPAINT_F1,20200915,14:24,2023.15,2023.45,2020.70,2020.70,9300,3675000
ASIANPAINT_F1,20200915,14:25,2021.20,2023.15,2021.20,2021.95,3600,3679200
ASIANPAINT_F1,20200915,14:26,2022.00,2022.00,2021.30,2022.00,1200,3679200
ASIANPAINT_F1,20200915,14:27,2022.00,2022.25,2021.15,2021.85,1500,3679200
ASIANPAINT_F1,20200915,14:28,2021.40,2023.05,2021.15,2023.05,3600,3678300
ASIANPAINT_F1,20200915,14:29,2023.00,2023.00,2022.35,2023.00,3000,3678300
ASIANPAINT_F1,20200915,14:30,2023.00,2023.35,2021.00,2023.35,5400,3678300
ASIANPAINT_F1,20200915,14:31,2024.10,2024.20,2022.70,2022.70,2700,3678900
ASIANPAINT_F1,20200915,14:32,2022.00,2023.25,2021.90,2022.90,4500,3678900
ASIANPAINT_F1,20200915,14:33,2022.20,2022.20,2021.30,2022.00,2100,3678900
ASIANPAINT_F1,20200915,14:34,2021.65,2022.65,2021.50,2022.65,3000,3682200
ASIANPAINT_F1,20200915,14:35,2022.20,2022.90,2022.00,2022.00,1500,3682200
ASIANPAINT_F1,20200915,14:36,2022.60,2023.25,2021.80,2021.80,3600,3682200
ASIANPAINT_F1,20200915,14:37,2022.35,2022.35,2021.55,2021.55,2100,3684300
ASIANPAINT_F1,20200915,14:38,2021.90,2021.90,2021.85,2021.90,1500,3684300
ASIANPAINT_F1,20200915,14:39,2021.50,2022.60,2021.50,2022.00,4200,3684300
ASIANPAINT_F1,20200915,14:40,2022.00,2022.00,2020.40,2020.40,4800,3676200
ASIANPAINT_F1,20200915,14:41,2021.05,2021.05,2020.40,2020.40,3000,3676200
ASIANPAINT_F1,20200915,14:42,2020.35,2021.65,2020.15,2021.65,5100,3676200
ASIANPAINT_F1,20200915,14:43,2021.00,2021.00,2017.75,2018.55,14400,3680400
ASIANPAINT_F1,20200915,14:44,2018.35,2020.15,2018.00,2019.40,6000,3680400
ASIANPAINT_F1,20200915,14:45,2020.35,2021.05,2020.15,2021.00,2400,3680400
ASIANPAINT_F1,20200915,14:46,2021.00,2022.70,2021.00,2022.70,2700,3679500
ASIANPAINT_F1,20200915,14:47,2023.55,2024.95,2023.50,2023.50,4200,3679500
ASIANPAINT_F1,20200915,14:48,2022.00,2024.80,2022.00,2024.80,2700,3679500
ASIANPAINT_F1,20200915,14:49,2023.95,2023.95,2023.30,2023.30,3000,3679500
ASIANPAINT_F1,20200915,14:50,2023.50,2023.50,2023.50,2023.50,1200,3678300
ASIANPAINT_F1,20200915,14:51,2024.00,2025.60,2024.00,2025.35,3900,3678300
ASIANPAINT_F1,20200915,14:52,2025.00,2025.00,2024.30,2025.00,1800,3644400
ASIANPAINT_F1,20200915,14:53,2025.00,2026.90,2024.70,2026.00,5100,3644400
ASIANPAINT_F1,20200915,14:54,2027.00,2027.95,2027.00,2027.25,2700,3644400
ASIANPAINT_F1,20200915,14:55,2027.85,2027.85,2025.05,2025.05,4200,3643500
ASIANPAINT_F1,20200915,14:56,2024.30,2024.30,2024.30,2024.30,900,3643500
ASIANPAINT_F1,20200915,14:58,2024.90,2025.00,2024.90,2025.00,1800,3643500
ASIANPAINT_F1,20200915,14:59,2026.75,2026.95,2026.75,2026.95,1800,3642000
ASIANPAINT_F1,20200915,15:00,2026.05,2027.90,2026.05,2027.75,3600,3642000
ASIANPAINT_F1,20200915,15:01,2027.00,2027.00,2026.50,2026.50,1800,3638400
ASIANPAINT_F1,20200915,15:02,2027.00,2027.40,2027.00,2027.40,4200,3638400
ASIANPAINT_F1,20200915,15:03,2027.40,2027.70,2027.40,2027.70,2400,3638400
ASIANPAINT_F1,20200915,15:04,2028.10,2028.10,2026.00,2026.00,1200,3638400
ASIANPAINT_F1,20200915,15:05,2026.60,2026.85,2026.60,2026.85,600,3634800
ASIANPAINT_F1,20200915,15:06,2026.60,2028.40,2026.55,2028.40,4200,3634800
ASIANPAINT_F1,20200915,15:07,2028.90,2028.90,2026.55,2026.55,2400,3634200
ASIANPAINT_F1,20200915,15:08,2027.15,2027.70,2026.60,2026.95,2400,3634200
ASIANPAINT_F1,20200915,15:09,2027.00,2027.60,2025.20,2025.20,3000,3634200
ASIANPAINT_F1,20200915,15:10,2025.20,2025.65,2023.10,2025.65,11400,3635100
ASIANPAINT_F1,20200915,15:11,2025.90,2026.25,2025.15,2025.35,5100,3635100
ASIANPAINT_F1,20200915,15:12,2025.70,2026.50,2025.25,2026.50,2400,3635100
ASIANPAINT_F1,20200915,15:13,2026.70,2026.80,2025.95,2026.80,1500,3635100
ASIANPAINT_F1,20200915,15:14,2027.30,2027.50,2026.60,2026.60,1800,3636000
ASIANPAINT_F1,20200915,15:15,2026.60,2026.75,2025.85,2026.00,3900,3636000
ASIANPAINT_F1,20200915,15:16,2025.70,2026.35,2025.50,2025.50,4500,3633900
ASIANPAINT_F1,20200915,15:17,2025.50,2025.60,2023.40,2024.40,7200,3633900
ASIANPAINT_F1,20200915,15:18,2023.40,2023.45,2023.00,2023.00,3300,3633900
ASIANPAINT_F1,20200915,15:19,2023.00,2023.90,2022.35,2023.00,16500,3635400
ASIANPAINT_F1,20200915,15:20,2023.50,2024.80,2023.50,2024.40,5100,3635400
ASIANPAINT_F1,20200915,15:21,2024.40,2025.20,2023.25,2023.25,5100,3635400
ASIANPAINT_F1,20200915,15:22,2023.40,2025.70,2022.80,2022.80,11100,3636900
ASIANPAINT_F1,20200915,15:23,2023.85,2024.55,2023.45,2024.55,4500,3636900
ASIANPAINT_F1,20200915,15:24,2023.35,2024.00,2021.30,2021.30,8400,3636900
ASIANPAINT_F1,20200915,15:25,2021.40,2021.80,2020.45,2021.20,9300,3638100
ASIANPAINT_F1,20200915,15:26,2022.15,2023.00,2021.80,2022.75,7500,3638100
ASIANPAINT_F1,20200915,15:27,2022.75,2024.60,2022.75,2024.60,7200,3638100
ASIANPAINT_F1,20200915,15:28,2024.70,2026.65,2024.45,2026.65,6900,3639900
ASIANPAINT_F1,20200915,15:29,2026.60,2026.60,2024.10,2024.10,6600,3639900
ASIANPAINT_F1,20200915,15:30,2024.50,2025.95,2024.10,2025.80,5100,3639900
ASIANPAINT_F1,20200915,17:43,2024.50,2024.50,2024.50,2024.50,1,3578400
