ZEEL_F1,20200915,09:16,218.40,219.00,217.40,217.65,225000,27204000
ZEEL_F1,20200915,09:17,218.00,218.20,217.20,218.10,171000,27204000
ZEEL_F1,20200915,09:18,218.30,218.30,217.20,217.70,75000,27309000
ZEEL_F1,20200915,09:19,217.60,218.30,217.15,218.30,117000,27309000
ZEEL_F1,20200915,09:20,218.15,218.90,218.15,218.45,126000,27309000
ZEEL_F1,20200915,09:21,218.25,219.00,218.25,219.00,78000,27366000
ZEEL_F1,20200915,09:22,218.85,219.15,217.60,217.60,165000,27366000
ZEEL_F1,20200915,09:23,217.50,218.00,217.50,217.95,33000,27366000
ZEEL_F1,20200915,09:24,217.75,217.80,217.50,217.80,81000,27396000
ZEEL_F1,20200915,09:25,217.80,217.90,217.70,217.70,18000,27396000
ZEEL_F1,20200915,09:26,217.90,217.90,216.70,216.75,213000,27396000
ZEEL_F1,20200915,09:27,217.00,217.45,217.00,217.35,72000,27495000
ZEEL_F1,20200915,09:28,217.45,217.85,217.45,217.80,33000,27495000
ZEEL_F1,20200915,09:29,217.95,218.25,217.95,218.15,45000,27495000
ZEEL_F1,20200915,09:30,218.05,218.15,218.05,218.15,12000,27501000
ZEEL_F1,20200915,09:31,218.35,218.65,218.30,218.60,42000,27501000
ZEEL_F1,20200915,09:32,218.80,219.90,218.80,218.85,165000,27501000
ZEEL_F1,20200915,09:33,218.75,219.40,218.75,219.25,42000,27504000
ZEEL_F1,20200915,09:34,219.40,219.55,218.90,218.90,33000,27504000
ZEEL_F1,20200915,09:35,218.85,218.85,218.40,218.40,57000,27504000
ZEEL_F1,20200915,09:36,218.60,219.00,218.60,219.00,54000,27498000
ZEEL_F1,20200915,09:37,218.85,219.00,218.85,218.90,36000,27498000
ZEEL_F1,20200915,09:38,219.00,219.35,219.00,219.35,33000,27498000
ZEEL_F1,20200915,09:39,219.55,219.55,218.90,218.90,78000,27495000
ZEEL_F1,20200915,09:40,218.65,219.25,218.65,219.15,108000,27495000
ZEEL_F1,20200915,09:41,219.35,219.60,219.35,219.50,99000,27495000
ZEEL_F1,20200915,09:42,219.70,220.35,219.70,220.10,294000,27591000
ZEEL_F1,20200915,09:43,220.00,220.60,219.55,219.60,198000,27591000
ZEEL_F1,20200915,09:44,219.70,220.20,219.55,220.20,105000,27591000
ZEEL_F1,20200915,09:45,220.00,220.30,219.75,219.75,78000,27594000
ZEEL_F1,20200915,09:46,219.80,219.95,219.65,219.65,54000,27594000
ZEEL_F1,20200915,09:47,219.65,219.95,219.65,219.70,66000,27594000
ZEEL_F1,20200915,09:48,219.50,219.60,219.20,219.20,69000,27609000
ZEEL_F1,20200915,09:49,219.15,219.20,219.00,219.00,51000,27609000
ZEEL_F1,20200915,09:50,219.10,219.10,218.70,218.80,105000,27609000
ZEEL_F1,20200915,09:51,218.80,218.80,218.35,218.55,144000,27468000
ZEEL_F1,20200915,09:52,218.75,219.15,218.75,218.75,87000,27468000
ZEEL_F1,20200915,09:53,218.90,218.90,218.65,218.65,117000,27468000
ZEEL_F1,20200915,09:54,218.65,218.65,217.95,218.25,102000,27474000
ZEEL_F1,20200915,09:55,218.35,218.65,218.35,218.65,9000,27474000
ZEEL_F1,20200915,09:56,218.50,218.55,218.50,218.55,9000,27474000
ZEEL_F1,20200915,09:57,218.45,218.45,218.10,218.10,30000,27474000
ZEEL_F1,20200915,09:58,218.15,218.75,218.15,218.45,24000,27474000
ZEEL_F1,20200915,09:59,218.10,218.20,218.05,218.15,21000,27474000
ZEEL_F1,20200915,10:00,218.30,218.30,218.15,218.20,9000,27459000
ZEEL_F1,20200915,10:01,218.20,218.20,217.75,218.05,87000,27459000
ZEEL_F1,20200915,10:02,218.00,218.25,218.00,218.25,24000,27459000
ZEEL_F1,20200915,10:03,218.20,218.35,218.20,218.25,48000,27465000
ZEEL_F1,20200915,10:04,218.25,218.25,217.80,217.95,27000,27465000
ZEEL_F1,20200915,10:05,218.05,218.25,218.05,218.25,18000,27465000
ZEEL_F1,20200915,10:06,218.30,218.40,218.30,218.40,9000,27465000
ZEEL_F1,20200915,10:07,218.30,218.65,218.30,218.65,24000,27456000
ZEEL_F1,20200915,10:08,218.60,218.65,218.60,218.65,9000,27456000
ZEEL_F1,20200915,10:09,218.65,218.80,218.65,218.80,12000,27456000
ZEEL_F1,20200915,10:10,218.80,219.40,218.80,218.95,240000,27456000
ZEEL_F1,20200915,10:11,219.00,219.85,219.00,219.55,81000,27456000
ZEEL_F1,20200915,10:12,219.65,219.80,219.55,219.80,33000,27447000
ZEEL_F1,20200915,10:13,219.65,219.65,219.25,219.25,84000,27447000
ZEEL_F1,20200915,10:14,219.45,219.55,219.25,219.25,21000,27447000
ZEEL_F1,20200915,10:15,219.00,219.20,219.00,219.15,15000,27405000
ZEEL_F1,20200915,10:16,219.25,219.30,219.25,219.30,9000,27405000
ZEEL_F1,20200915,10:17,219.40,219.45,219.40,219.45,12000,27405000
ZEEL_F1,20200915,10:18,219.50,219.50,219.00,219.00,39000,27411000
ZEEL_F1,20200915,10:20,218.85,218.85,218.85,218.85,21000,27411000
ZEEL_F1,20200915,10:21,218.90,218.90,218.35,218.60,54000,27384000
ZEEL_F1,20200915,10:22,218.60,218.80,218.55,218.80,21000,27384000
ZEEL_F1,20200915,10:23,219.00,219.00,218.90,218.95,27000,27384000
ZEEL_F1,20200915,10:24,218.75,218.90,218.75,218.90,6000,27396000
ZEEL_F1,20200915,10:25,218.75,218.80,218.60,218.80,27000,27396000
ZEEL_F1,20200915,10:26,218.70,219.00,218.70,219.00,27000,27396000
ZEEL_F1,20200915,10:27,219.15,219.20,219.00,219.00,12000,27396000
ZEEL_F1,20200915,10:28,218.85,218.85,218.85,218.85,3000,27396000
ZEEL_F1,20200915,10:29,218.95,218.95,218.95,218.95,15000,27396000
ZEEL_F1,20200915,10:30,219.10,219.30,219.10,219.30,18000,27399000
ZEEL_F1,20200915,10:31,219.20,219.20,219.00,219.10,15000,27399000
ZEEL_F1,20200915,10:32,219.20,219.20,219.20,219.20,15000,27399000
ZEEL_F1,20200915,10:33,219.30,219.40,219.10,219.30,42000,27426000
ZEEL_F1,20200915,10:34,219.20,219.55,219.20,219.30,42000,27426000
ZEEL_F1,20200915,10:35,219.45,219.45,219.10,219.10,21000,27426000
ZEEL_F1,20200915,10:36,219.15,219.15,219.15,219.15,3000,27426000
ZEEL_F1,20200915,10:37,219.15,219.15,218.90,219.10,60000,27408000
ZEEL_F1,20200915,10:39,218.70,218.70,218.65,218.70,24000,27399000
ZEEL_F1,20200915,10:40,218.85,219.10,218.85,219.10,6000,27399000
ZEEL_F1,20200915,10:41,219.10,219.10,219.00,219.00,9000,27399000
ZEEL_F1,20200915,10:42,219.05,219.15,219.05,219.15,18000,27399000
ZEEL_F1,20200915,10:43,219.20,219.20,219.20,219.20,24000,27408000
ZEEL_F1,20200915,10:44,219.20,219.20,218.70,218.80,48000,27408000
ZEEL_F1,20200915,10:45,218.75,218.90,218.60,218.90,63000,27342000
ZEEL_F1,20200915,10:46,218.85,218.85,218.70,218.70,21000,27342000
ZEEL_F1,20200915,10:47,218.55,218.65,218.40,218.50,96000,27342000
ZEEL_F1,20200915,10:48,218.25,218.25,218.10,218.25,42000,27324000
ZEEL_F1,20200915,10:49,218.20,218.50,218.15,218.50,21000,27324000
ZEEL_F1,20200915,10:50,218.50,218.65,218.40,218.40,33000,27324000
ZEEL_F1,20200915,10:52,218.50,218.50,218.20,218.25,39000,27291000
ZEEL_F1,20200915,10:53,218.35,218.35,218.20,218.35,24000,27291000
ZEEL_F1,20200915,10:54,218.35,218.75,218.35,218.75,15000,27291000
ZEEL_F1,20200915,10:55,218.65,218.95,218.65,218.70,15000,27282000
ZEEL_F1,20200915,10:56,218.80,218.95,218.75,218.75,39000,27282000
ZEEL_F1,20200915,10:57,218.85,218.85,218.85,218.85,15000,27282000
ZEEL_F1,20200915,10:58,218.90,219.65,218.90,219.50,117000,27288000
ZEEL_F1,20200915,10:59,219.50,219.55,219.30,219.40,48000,27288000
ZEEL_F1,20200915,11:00,219.20,219.65,219.20,219.65,51000,27324000
ZEEL_F1,20200915,11:01,219.65,219.85,219.55,219.75,36000,27324000
ZEEL_F1,20200915,11:02,219.80,220.05,219.80,220.05,72000,27324000
ZEEL_F1,20200915,11:03,220.00,220.00,219.65,219.65,39000,27324000
ZEEL_F1,20200915,11:04,219.70,219.85,219.70,219.70,36000,27339000
ZEEL_F1,20200915,11:05,219.55,219.55,219.40,219.40,66000,27339000
ZEEL_F1,20200915,11:06,219.55,219.65,219.55,219.65,9000,27339000
ZEEL_F1,20200915,11:07,219.55,219.70,219.55,219.70,39000,27330000
ZEEL_F1,20200915,11:08,219.80,219.80,219.65,219.75,18000,27330000
ZEEL_F1,20200915,11:09,219.60,219.60,219.60,219.60,6000,27330000
ZEEL_F1,20200915,11:10,219.65,219.80,219.65,219.80,21000,27333000
ZEEL_F1,20200915,11:11,219.75,219.75,219.40,219.40,111000,27333000
ZEEL_F1,20200915,11:12,219.40,219.40,219.40,219.40,3000,27333000
ZEEL_F1,20200915,11:13,219.35,219.35,219.25,219.25,6000,27339000
ZEEL_F1,20200915,11:15,219.40,219.40,219.40,219.40,9000,27306000
ZEEL_F1,20200915,11:16,218.95,219.05,218.95,219.05,15000,27306000
ZEEL_F1,20200915,11:18,219.25,219.35,219.15,219.35,15000,27306000
ZEEL_F1,20200915,11:19,219.40,219.45,219.30,219.30,18000,27294000
ZEEL_F1,20200915,11:20,219.40,219.40,219.40,219.40,9000,27294000
ZEEL_F1,20200915,11:23,219.20,219.20,219.20,219.20,3000,27300000
ZEEL_F1,20200915,11:24,219.25,219.25,219.25,219.25,9000,27300000
ZEEL_F1,20200915,11:25,219.25,219.25,219.25,219.25,6000,27300000
ZEEL_F1,20200915,11:26,219.25,219.25,219.25,219.25,3000,27303000
ZEEL_F1,20200915,11:27,219.40,219.40,219.40,219.40,6000,27306000
ZEEL_F1,20200915,11:28,219.50,219.80,219.50,219.80,36000,27306000
ZEEL_F1,20200915,11:29,219.75,220.25,219.70,220.15,225000,27306000
ZEEL_F1,20200915,11:30,219.85,220.10,219.80,220.05,54000,27303000
ZEEL_F1,20200915,11:31,219.85,220.05,219.80,219.80,21000,27303000
ZEEL_F1,20200915,11:32,219.70,219.70,219.60,219.60,15000,27303000
ZEEL_F1,20200915,11:33,219.85,219.85,219.85,219.85,15000,27303000
ZEEL_F1,20200915,11:34,219.95,219.95,219.95,219.95,18000,27324000
ZEEL_F1,20200915,11:35,219.80,219.95,219.65,219.95,39000,27324000
ZEEL_F1,20200915,11:36,219.75,219.85,219.75,219.85,9000,27324000
ZEEL_F1,20200915,11:37,219.90,219.90,219.70,219.70,9000,27348000
ZEEL_F1,20200915,11:38,219.60,219.60,219.60,219.60,18000,27348000
ZEEL_F1,20200915,11:39,219.60,219.60,219.50,219.55,30000,27348000
ZEEL_F1,20200915,11:40,219.60,219.60,219.30,219.30,69000,27309000
ZEEL_F1,20200915,11:41,219.45,219.45,219.20,219.20,42000,27309000
ZEEL_F1,20200915,11:43,219.40,219.40,219.40,219.40,9000,27261000
ZEEL_F1,20200915,11:44,219.30,219.30,219.25,219.25,6000,27261000
ZEEL_F1,20200915,11:45,219.25,219.25,219.20,219.20,6000,27261000
ZEEL_F1,20200915,11:46,219.35,219.35,219.35,219.35,9000,27243000
ZEEL_F1,20200915,11:47,219.40,219.40,219.40,219.40,3000,27243000
ZEEL_F1,20200915,11:48,219.25,219.25,219.20,219.20,15000,27243000
ZEEL_F1,20200915,11:49,219.25,219.25,219.25,219.25,3000,27246000
ZEEL_F1,20200915,11:50,219.15,219.15,219.00,219.00,33000,27246000
ZEEL_F1,20200915,11:51,219.15,219.15,218.85,218.85,87000,27246000
ZEEL_F1,20200915,11:52,218.95,218.95,218.90,218.90,9000,27216000
ZEEL_F1,20200915,11:53,218.85,219.20,218.85,219.20,27000,27216000
ZEEL_F1,20200915,11:54,219.20,219.45,219.15,219.35,15000,27216000
ZEEL_F1,20200915,11:55,219.25,219.25,219.25,219.25,3000,27219000
ZEEL_F1,20200915,11:57,219.25,219.30,219.25,219.30,12000,27219000
ZEEL_F1,20200915,11:58,219.40,219.40,219.40,219.40,36000,27216000
ZEEL_F1,20200915,11:59,219.30,219.30,219.30,219.30,3000,27216000
ZEEL_F1,20200915,12:00,219.20,219.60,219.20,219.60,18000,27216000
ZEEL_F1,20200915,12:01,219.30,219.30,219.15,219.15,12000,27183000
ZEEL_F1,20200915,12:02,219.15,219.15,218.95,219.00,27000,27183000
ZEEL_F1,20200915,12:03,219.10,219.10,219.00,219.00,9000,27183000
ZEEL_F1,20200915,12:04,219.10,219.10,219.10,219.10,6000,27183000
ZEEL_F1,20200915,12:05,219.20,219.20,219.00,219.00,6000,27183000
ZEEL_F1,20200915,12:06,219.05,219.05,219.05,219.05,9000,27183000
ZEEL_F1,20200915,12:07,218.95,218.95,218.95,218.95,6000,27186000
ZEEL_F1,20200915,12:08,218.90,218.90,218.70,218.70,36000,27186000
ZEEL_F1,20200915,12:09,218.45,218.50,218.45,218.50,45000,27186000
ZEEL_F1,20200915,12:10,218.75,218.75,218.65,218.70,18000,27192000
ZEEL_F1,20200915,12:11,218.70,218.70,218.55,218.55,24000,27192000
ZEEL_F1,20200915,12:12,218.75,218.85,218.65,218.85,12000,27192000
ZEEL_F1,20200915,12:13,218.75,218.80,218.75,218.75,15000,27183000
ZEEL_F1,20200915,12:14,218.75,219.00,218.70,219.00,27000,27183000
ZEEL_F1,20200915,12:15,219.15,219.25,219.15,219.25,12000,27183000
ZEEL_F1,20200915,12:16,219.20,219.25,219.20,219.25,6000,27171000
ZEEL_F1,20200915,12:17,219.30,219.30,219.30,219.30,6000,27171000
ZEEL_F1,20200915,12:18,219.20,219.35,219.20,219.35,12000,27171000
ZEEL_F1,20200915,12:20,219.10,219.20,219.10,219.20,6000,27168000
ZEEL_F1,20200915,12:21,219.30,219.30,219.30,219.30,6000,27168000
ZEEL_F1,20200915,12:22,219.25,219.30,219.20,219.30,12000,27171000
ZEEL_F1,20200915,12:23,219.20,219.25,219.20,219.20,9000,27171000
ZEEL_F1,20200915,12:24,219.20,219.30,219.15,219.15,12000,27171000
ZEEL_F1,20200915,12:25,219.15,219.15,219.15,219.15,9000,27180000
ZEEL_F1,20200915,12:26,219.10,219.10,219.10,219.10,3000,27180000
ZEEL_F1,20200915,12:27,219.10,219.10,219.10,219.10,6000,27180000
ZEEL_F1,20200915,12:28,219.15,219.20,219.15,219.20,6000,27174000
ZEEL_F1,20200915,12:29,219.20,219.30,219.20,219.30,6000,27174000
ZEEL_F1,20200915,12:30,219.40,219.40,219.10,219.15,45000,27174000
ZEEL_F1,20200915,12:31,219.30,219.40,219.30,219.40,6000,27174000
ZEEL_F1,20200915,12:32,219.40,219.55,219.40,219.55,6000,27183000
ZEEL_F1,20200915,12:33,219.65,219.65,219.60,219.65,12000,27183000
ZEEL_F1,20200915,12:34,219.55,219.65,219.30,219.65,75000,27180000
ZEEL_F1,20200915,12:35,219.60,219.65,219.55,219.65,9000,27180000
ZEEL_F1,20200915,12:36,219.60,219.60,219.35,219.35,75000,27180000
ZEEL_F1,20200915,12:37,219.35,219.35,219.35,219.35,3000,27237000
ZEEL_F1,20200915,12:38,219.00,219.00,218.80,218.90,15000,27237000
ZEEL_F1,20200915,12:39,219.00,219.00,219.00,219.00,15000,27237000
ZEEL_F1,20200915,12:41,219.30,219.30,219.25,219.25,12000,27234000
ZEEL_F1,20200915,12:42,219.25,219.35,219.25,219.30,9000,27234000
ZEEL_F1,20200915,12:43,219.20,219.20,219.15,219.15,6000,27240000
ZEEL_F1,20200915,12:45,219.50,219.50,219.50,219.50,6000,27240000
ZEEL_F1,20200915,12:46,219.60,219.70,219.50,219.50,84000,27237000
ZEEL_F1,20200915,12:47,219.65,219.65,219.50,219.65,30000,27237000
ZEEL_F1,20200915,12:48,219.75,220.45,219.75,220.30,228000,27237000
ZEEL_F1,20200915,12:49,220.15,220.30,220.05,220.20,108000,27357000
ZEEL_F1,20200915,12:50,220.30,220.85,220.25,220.75,246000,27357000
ZEEL_F1,20200915,12:51,220.70,221.25,220.50,220.85,333000,27357000
ZEEL_F1,20200915,12:52,220.65,220.75,220.35,220.65,162000,27645000
ZEEL_F1,20200915,12:53,220.65,220.75,220.25,220.25,84000,27645000
ZEEL_F1,20200915,12:54,220.25,220.30,219.65,219.65,69000,27645000
ZEEL_F1,20200915,12:55,219.70,219.90,219.70,219.90,36000,27678000
ZEEL_F1,20200915,12:56,219.95,219.95,219.75,219.75,54000,27678000
ZEEL_F1,20200915,12:57,219.90,220.25,219.90,220.15,123000,27678000
ZEEL_F1,20200915,12:58,220.00,220.00,219.90,219.90,27000,27564000
ZEEL_F1,20200915,12:59,219.90,219.95,219.80,219.90,27000,27564000
ZEEL_F1,20200915,13:00,219.80,219.85,219.75,219.85,15000,27564000
ZEEL_F1,20200915,13:01,219.75,219.80,219.75,219.80,18000,27522000
ZEEL_F1,20200915,13:02,219.85,219.85,219.85,219.85,3000,27522000
ZEEL_F1,20200915,13:03,220.05,220.05,220.05,220.05,6000,27522000
ZEEL_F1,20200915,13:04,220.00,220.00,220.00,220.00,3000,27522000
ZEEL_F1,20200915,13:05,220.00,220.00,220.00,220.00,15000,27507000
ZEEL_F1,20200915,13:06,220.10,220.30,220.05,220.30,42000,27507000
ZEEL_F1,20200915,13:07,220.35,220.50,220.25,220.25,18000,27480000
ZEEL_F1,20200915,13:08,220.20,220.25,220.20,220.25,6000,27480000
ZEEL_F1,20200915,13:09,220.10,220.15,220.10,220.15,15000,27480000
ZEEL_F1,20200915,13:10,220.15,220.15,220.05,220.10,24000,27444000
ZEEL_F1,20200915,13:11,220.00,220.00,219.30,219.50,69000,27444000
ZEEL_F1,20200915,13:12,219.40,219.45,219.20,219.30,75000,27444000
ZEEL_F1,20200915,13:13,219.15,219.60,219.10,219.45,108000,27390000
ZEEL_F1,20200915,13:14,219.45,219.50,219.35,219.40,27000,27390000
ZEEL_F1,20200915,13:15,219.50,219.85,219.50,219.85,9000,27390000
ZEEL_F1,20200915,13:16,219.65,219.65,219.50,219.55,12000,27372000
ZEEL_F1,20200915,13:18,219.55,219.55,219.55,219.55,3000,27372000
ZEEL_F1,20200915,13:19,219.50,219.50,219.45,219.45,6000,27369000
ZEEL_F1,20200915,13:20,219.60,219.60,219.55,219.55,9000,27369000
ZEEL_F1,20200915,13:21,219.50,219.65,219.50,219.65,9000,27369000
ZEEL_F1,20200915,13:22,219.40,219.40,219.30,219.40,75000,27360000
ZEEL_F1,20200915,13:23,219.50,219.50,219.50,219.50,3000,27360000
ZEEL_F1,20200915,13:26,219.50,219.70,219.50,219.70,18000,27318000
ZEEL_F1,20200915,13:27,219.70,219.85,219.70,219.85,6000,27318000
ZEEL_F1,20200915,13:28,219.75,219.75,219.75,219.75,6000,27330000
ZEEL_F1,20200915,13:30,219.85,219.85,219.85,219.85,3000,27330000
ZEEL_F1,20200915,13:31,219.85,219.85,219.80,219.80,6000,27324000
ZEEL_F1,20200915,13:32,219.75,219.75,219.75,219.75,9000,27324000
ZEEL_F1,20200915,13:33,219.75,219.75,219.75,219.75,3000,27324000
ZEEL_F1,20200915,13:34,219.75,219.80,219.75,219.80,9000,27315000
ZEEL_F1,20200915,13:35,219.95,219.95,219.95,219.95,18000,27315000
ZEEL_F1,20200915,13:36,219.60,219.60,219.60,219.60,9000,27315000
ZEEL_F1,20200915,13:37,219.95,219.95,219.65,219.90,21000,27312000
ZEEL_F1,20200915,13:38,219.90,219.90,219.90,219.90,6000,27312000
ZEEL_F1,20200915,13:39,219.70,219.70,219.65,219.65,6000,27312000
ZEEL_F1,20200915,13:40,219.75,219.75,219.55,219.55,21000,27309000
ZEEL_F1,20200915,13:41,219.50,219.50,219.40,219.40,45000,27309000
ZEEL_F1,20200915,13:42,219.45,219.55,219.40,219.40,21000,27309000
ZEEL_F1,20200915,13:43,219.40,219.45,219.40,219.45,12000,27267000
ZEEL_F1,20200915,13:44,219.40,219.50,219.40,219.45,27000,27267000
ZEEL_F1,20200915,13:45,219.40,219.45,219.40,219.45,6000,27267000
ZEEL_F1,20200915,13:46,219.55,219.70,219.55,219.70,15000,27249000
ZEEL_F1,20200915,13:47,219.85,219.95,219.85,219.95,24000,27249000
ZEEL_F1,20200915,13:48,219.70,219.80,219.70,219.80,6000,27249000
ZEEL_F1,20200915,13:50,219.50,219.50,219.40,219.40,18000,27243000
ZEEL_F1,20200915,13:51,219.50,219.50,219.50,219.50,12000,27243000
ZEEL_F1,20200915,13:52,219.70,219.70,219.70,219.70,3000,27243000
ZEEL_F1,20200915,13:53,219.70,219.70,219.60,219.60,12000,27237000
ZEEL_F1,20200915,13:54,219.75,219.75,219.60,219.65,12000,27237000
ZEEL_F1,20200915,13:56,219.65,219.65,219.65,219.65,3000,27234000
ZEEL_F1,20200915,13:58,219.50,219.75,219.50,219.75,12000,27234000
ZEEL_F1,20200915,13:59,219.55,219.55,219.40,219.40,12000,27237000
ZEEL_F1,20200915,14:00,219.35,219.35,219.30,219.30,21000,27237000
ZEEL_F1,20200915,14:01,219.15,219.15,218.90,219.10,39000,27234000
ZEEL_F1,20200915,14:02,218.90,219.00,218.90,219.00,9000,27234000
ZEEL_F1,20200915,14:03,219.20,219.40,219.20,219.40,9000,27234000
ZEEL_F1,20200915,14:04,219.30,219.30,219.20,219.20,18000,27234000
ZEEL_F1,20200915,14:05,219.15,219.20,219.10,219.10,12000,27234000
ZEEL_F1,20200915,14:06,219.10,219.30,219.10,219.30,18000,27234000
ZEEL_F1,20200915,14:07,219.50,219.50,219.50,219.50,6000,27243000
ZEEL_F1,20200915,14:08,219.45,219.60,219.40,219.40,12000,27243000
ZEEL_F1,20200915,14:09,219.30,219.30,219.30,219.30,3000,27243000
ZEEL_F1,20200915,14:10,219.35,219.35,219.30,219.30,6000,27252000
ZEEL_F1,20200915,14:13,219.45,219.45,219.30,219.30,6000,27252000
ZEEL_F1,20200915,14:14,219.10,219.10,219.10,219.10,15000,27252000
ZEEL_F1,20200915,14:15,219.10,219.10,218.90,219.00,12000,27252000
ZEEL_F1,20200915,14:16,219.35,219.35,219.35,219.35,12000,27264000
ZEEL_F1,20200915,14:17,219.20,219.20,219.20,219.20,3000,27264000
ZEEL_F1,20200915,14:18,219.00,219.05,218.80,218.80,54000,27264000
ZEEL_F1,20200915,14:19,218.70,218.90,218.70,218.90,27000,27225000
ZEEL_F1,20200915,14:20,218.90,218.95,218.80,218.95,9000,27225000
ZEEL_F1,20200915,14:21,218.95,218.95,218.75,218.75,27000,27225000
ZEEL_F1,20200915,14:22,218.75,218.75,218.55,218.55,42000,27210000
ZEEL_F1,20200915,14:23,218.60,218.65,218.30,218.30,69000,27210000
ZEEL_F1,20200915,14:24,218.35,218.85,218.35,218.85,69000,27210000
ZEEL_F1,20200915,14:25,218.80,218.80,218.65,218.65,6000,27210000
ZEEL_F1,20200915,14:26,218.70,218.75,218.65,218.65,9000,27192000
ZEEL_F1,20200915,14:27,218.75,219.00,218.75,219.00,36000,27192000
ZEEL_F1,20200915,14:28,219.00,219.00,219.00,219.00,6000,27192000
ZEEL_F1,20200915,14:29,219.10,219.15,219.00,219.00,15000,27195000
ZEEL_F1,20200915,14:30,219.10,219.20,219.10,219.15,12000,27195000
ZEEL_F1,20200915,14:31,219.45,219.45,219.25,219.35,18000,27177000
ZEEL_F1,20200915,14:32,219.35,219.35,219.30,219.30,9000,27177000
ZEEL_F1,20200915,14:33,219.45,219.45,219.30,219.45,21000,27177000
ZEEL_F1,20200915,14:34,219.30,219.40,219.20,219.20,21000,27177000
ZEEL_F1,20200915,14:35,219.30,219.50,219.30,219.50,27000,27177000
ZEEL_F1,20200915,14:36,219.15,219.25,219.15,219.25,6000,27177000
ZEEL_F1,20200915,14:37,219.15,219.25,219.15,219.25,6000,27156000
ZEEL_F1,20200915,14:38,219.25,219.25,219.25,219.25,6000,27156000
ZEEL_F1,20200915,14:39,219.45,219.85,219.45,219.70,144000,27156000
ZEEL_F1,20200915,14:40,219.75,220.25,219.75,220.15,177000,27069000
ZEEL_F1,20200915,14:41,220.15,220.15,219.85,219.95,117000,27069000
ZEEL_F1,20200915,14:42,220.15,220.15,220.00,220.00,21000,27069000
ZEEL_F1,20200915,14:43,220.00,220.00,219.50,219.55,141000,26982000
ZEEL_F1,20200915,14:44,219.55,219.90,219.55,219.90,57000,26982000
ZEEL_F1,20200915,14:45,219.55,219.55,219.55,219.55,3000,26982000
ZEEL_F1,20200915,14:46,219.60,219.65,219.60,219.60,33000,26967000
ZEEL_F1,20200915,14:47,219.60,219.60,219.30,219.30,27000,26967000
ZEEL_F1,20200915,14:48,219.45,219.55,219.45,219.50,15000,26967000
ZEEL_F1,20200915,14:49,219.50,219.50,219.10,219.20,36000,26943000
ZEEL_F1,20200915,14:50,219.10,219.10,218.90,218.90,24000,26943000
ZEEL_F1,20200915,14:51,218.95,219.05,218.90,218.95,21000,26943000
ZEEL_F1,20200915,14:52,219.20,219.25,218.95,218.95,18000,26943000
ZEEL_F1,20200915,14:53,218.95,218.95,218.60,218.75,48000,26901000
ZEEL_F1,20200915,14:54,218.60,218.80,218.60,218.75,21000,26901000
ZEEL_F1,20200915,14:55,219.00,219.10,218.95,219.10,39000,26826000
ZEEL_F1,20200915,14:56,219.05,219.05,219.05,219.05,3000,26826000
ZEEL_F1,20200915,14:57,219.10,219.10,218.95,219.05,9000,26826000
ZEEL_F1,20200915,14:59,218.85,218.85,218.85,218.85,3000,26826000
ZEEL_F1,20200915,15:00,218.85,218.95,218.85,218.95,15000,26826000
ZEEL_F1,20200915,15:01,218.95,218.95,218.80,218.95,21000,26820000
ZEEL_F1,20200915,15:02,219.10,219.35,219.10,219.25,30000,26820000
ZEEL_F1,20200915,15:03,218.95,219.15,218.85,219.15,48000,26820000
ZEEL_F1,20200915,15:04,219.25,219.30,219.25,219.30,21000,26820000
ZEEL_F1,20200915,15:05,219.20,219.20,219.10,219.10,6000,26820000
ZEEL_F1,20200915,15:06,219.30,219.75,219.30,219.50,81000,26820000
ZEEL_F1,20200915,15:07,219.50,219.50,218.95,218.95,45000,26796000
ZEEL_F1,20200915,15:08,219.00,219.30,219.00,219.10,27000,26796000
ZEEL_F1,20200915,15:09,219.30,219.30,218.75,218.75,36000,26796000
ZEEL_F1,20200915,15:10,218.95,218.95,218.75,218.85,30000,26772000
ZEEL_F1,20200915,15:11,218.85,218.95,218.05,218.15,387000,26772000
ZEEL_F1,20200915,15:12,218.15,218.45,218.05,218.40,78000,26772000
ZEEL_F1,20200915,15:13,218.50,218.50,218.20,218.40,33000,26772000
ZEEL_F1,20200915,15:14,218.25,218.25,217.80,217.95,42000,26772000
ZEEL_F1,20200915,15:15,218.00,218.00,217.90,217.90,27000,26772000
ZEEL_F1,20200915,15:16,217.95,218.20,217.65,217.70,96000,26784000
ZEEL_F1,20200915,15:17,217.65,217.85,217.30,217.75,48000,26784000
ZEEL_F1,20200915,15:18,217.85,218.00,217.70,217.90,63000,26784000
ZEEL_F1,20200915,15:19,217.90,218.05,217.80,218.05,63000,26760000
ZEEL_F1,20200915,15:20,218.10,218.25,217.85,218.25,42000,26760000
ZEEL_F1,20200915,15:21,218.00,218.00,217.85,217.95,45000,26760000
ZEEL_F1,20200915,15:22,217.85,218.30,217.80,218.00,102000,26745000
ZEEL_F1,20200915,15:23,217.70,218.30,217.65,218.05,90000,26745000
ZEEL_F1,20200915,15:24,218.00,218.20,218.00,218.20,12000,26745000
ZEEL_F1,20200915,15:25,218.30,218.35,218.10,218.35,18000,26769000
ZEEL_F1,20200915,15:26,218.25,218.25,218.00,218.05,75000,26769000
ZEEL_F1,20200915,15:27,218.20,218.20,217.70,217.70,111000,26769000
ZEEL_F1,20200915,15:28,217.85,218.05,217.80,217.95,99000,26769000
ZEEL_F1,20200915,15:29,217.65,217.80,217.60,217.60,45000,26727000
ZEEL_F1,20200915,15:30,217.65,217.90,217.65,217.85,30000,26727000
ZEEL_F1,20200915,17:43,218.30,218.30,218.30,218.30,1,26469000
