AUROPHARMA,20201114,18:08,862.00,862.00,862.00,862.00,3913,0
AUROPHARMA,20201114,18:16,862.00,863.85,860.00,862.95,24645,0
AUROPHARMA,20201114,18:17,862.95,863.15,860.40,861.55,22705,0
AUROPHARMA,20201114,18:18,861.50,862.00,860.40,860.60,13245,0
AUROPHARMA,20201114,18:19,860.40,860.90,857.50,858.00,20256,0
AUROPHARMA,20201114,18:20,858.00,860.00,858.00,859.90,8723,0
AUROPHARMA,20201114,18:21,859.80,859.85,858.00,858.80,9989,0
AUROPHARMA,20201114,18:22,858.75,859.00,858.15,859.00,8454,0
AUROPHARMA,20201114,18:23,858.60,859.05,858.60,858.60,5122,0
AUROPHARMA,20201114,18:24,858.80,859.40,858.60,859.30,7674,0
AUROPHARMA,20201114,18:25,859.90,860.00,859.10,859.80,6044,0
AUROPHARMA,20201114,18:26,860.00,860.00,859.00,859.50,6583,0
AUROPHARMA,20201114,18:27,859.50,859.50,858.60,858.95,9897,0
AUROPHARMA,20201114,18:28,858.65,858.65,858.00,858.40,12382,0
AUROPHARMA,20201114,18:29,858.75,858.85,856.05,857.00,11863,0
AUROPHARMA,20201114,18:30,857.00,857.05,855.05,855.60,25036,0
AUROPHARMA,20201114,18:31,856.00,857.80,855.60,857.60,9908,0
AUROPHARMA,20201114,18:32,857.15,857.60,857.00,857.60,5368,0
AUROPHARMA,20201114,18:33,857.15,858.00,857.10,857.80,2975,0
AUROPHARMA,20201114,18:34,857.80,858.00,857.10,857.60,4075,0
AUROPHARMA,20201114,18:35,857.60,857.85,857.00,857.05,8265,0
AUROPHARMA,20201114,18:36,857.00,857.25,856.55,857.00,1369,0
AUROPHARMA,20201114,18:37,856.65,857.60,856.50,856.50,4778,0
AUROPHARMA,20201114,18:38,856.50,856.90,856.05,856.25,3746,0
AUROPHARMA,20201114,18:39,856.25,857.00,856.20,856.90,4881,0
AUROPHARMA,20201114,18:40,856.60,856.95,856.60,856.65,2382,0
AUROPHARMA,20201114,18:41,856.95,856.95,856.35,856.60,3476,0
AUROPHARMA,20201114,18:42,856.35,856.70,856.30,856.45,1872,0
AUROPHARMA,20201114,18:43,856.35,856.60,856.30,856.45,2802,0
AUROPHARMA,20201114,18:44,856.45,856.75,856.30,856.30,2994,0
AUROPHARMA,20201114,18:45,856.30,856.45,856.00,856.40,5427,0
AUROPHARMA,20201114,18:46,856.30,856.50,856.00,856.30,3510,0
AUROPHARMA,20201114,18:47,856.30,856.50,856.05,856.10,2795,0
AUROPHARMA,20201114,18:48,856.10,856.50,856.05,856.10,3169,0
AUROPHARMA,20201114,18:49,856.40,856.95,856.10,856.75,2664,0
AUROPHARMA,20201114,18:50,856.80,856.95,856.35,856.60,2498,0
AUROPHARMA,20201114,18:51,856.70,856.70,856.20,856.50,2455,0
AUROPHARMA,20201114,18:52,856.25,856.70,856.20,856.50,2140,0
AUROPHARMA,20201114,18:53,856.10,856.50,856.05,856.10,2687,0
AUROPHARMA,20201114,18:54,856.10,856.50,856.00,856.50,3273,0
AUROPHARMA,20201114,18:55,856.15,856.50,856.10,856.50,1911,0
AUROPHARMA,20201114,18:56,856.50,856.70,856.15,856.60,3763,0
AUROPHARMA,20201114,18:57,856.60,856.70,856.50,856.50,2334,0
AUROPHARMA,20201114,18:58,856.70,856.70,856.50,856.65,1390,0
AUROPHARMA,20201114,18:59,856.50,856.95,856.35,856.50,4591,0
AUROPHARMA,20201114,19:00,856.80,856.90,856.40,856.55,4383,0
AUROPHARMA,20201114,19:01,856.55,856.85,856.00,856.05,5510,0
AUROPHARMA,20201114,19:02,856.00,856.05,853.15,853.15,30079,0
AUROPHARMA,20201114,19:03,853.65,853.65,852.05,852.05,13756,0
AUROPHARMA,20201114,19:04,852.85,853.55,852.40,853.55,6457,0
AUROPHARMA,20201114,19:05,853.05,853.95,852.10,853.95,5767,0
AUROPHARMA,20201114,19:06,854.00,854.00,851.60,852.00,8250,0
AUROPHARMA,20201114,19:07,851.95,852.00,850.10,850.25,18478,0
AUROPHARMA,20201114,19:08,850.80,852.00,850.30,851.00,8209,0
AUROPHARMA,20201114,19:09,851.00,851.00,846.65,849.45,33234,0
AUROPHARMA,20201114,19:10,848.85,849.95,848.30,848.90,16729,0
AUROPHARMA,20201114,19:11,848.90,849.45,848.50,849.20,9126,0
AUROPHARMA,20201114,19:12,849.30,849.40,848.50,848.50,3830,0
AUROPHARMA,20201114,19:13,848.50,849.75,848.50,849.35,8093,0
AUROPHARMA,20201114,19:14,849.40,849.50,848.00,849.50,7960,0
AUROPHARMA,20201114,19:15,849.00,851.50,849.00,851.50,10028,0
AUROPHARMA,20201114,19:16,850.00,850.00,850.00,850.00,33,0
AUROPHARMA,20201114,19:19,852.15,852.15,852.15,852.15,0,0
AUROPHARMA,20201114,19:26,852.15,852.15,852.15,852.15,3,0
