HCLTECH,20190320,09:08,1042.00,1042.00,1042.00,1042.00,2250,0
HCLTECH,20190320,09:16,1041.60,1041.90,1035.30,1036.40,36651,0
HCLTECH,20190320,09:17,1036.40,1037.70,1035.00,1035.25,32719,0
HCLTECH,20190320,09:18,1035.55,1036.10,1032.00,1032.00,28198,0
HCLTECH,20190320,09:19,1031.65,1033.70,1031.65,1032.50,32706,0
HCLTECH,20190320,09:20,1032.30,1032.90,1031.50,1032.20,15946,0
HCLTECH,20190320,09:21,1032.15,1033.40,1032.05,1033.40,11034,0
HCLTECH,20190320,09:22,1033.55,1035.10,1033.10,1034.40,23750,0
HCLTECH,20190320,09:23,1033.80,1037.05,1033.80,1036.65,40670,0
HCLTECH,20190320,09:24,1037.15,1038.60,1035.80,1038.60,24948,0
HCLTECH,20190320,09:25,1038.05,1039.95,1037.55,1039.65,10922,0
HCLTECH,20190320,09:26,1039.10,1040.50,1039.10,1039.90,13364,0
HCLTECH,20190320,09:27,1039.65,1039.85,1038.00,1038.85,11842,0
HCLTECH,20190320,09:28,1039.25,1039.45,1038.40,1039.30,7317,0
HCLTECH,20190320,09:29,1038.90,1039.30,1038.20,1038.90,4377,0
HCLTECH,20190320,09:30,1038.60,1038.60,1036.50,1036.50,11221,0
HCLTECH,20190320,09:31,1036.70,1036.70,1035.90,1035.90,5435,0
HCLTECH,20190320,09:32,1035.90,1036.00,1035.55,1035.75,6526,0
HCLTECH,20190320,09:33,1036.35,1036.55,1035.85,1036.45,5877,0
HCLTECH,20190320,09:34,1036.50,1038.80,1036.05,1038.80,6108,0
HCLTECH,20190320,09:35,1038.20,1039.75,1038.20,1039.25,4979,0
HCLTECH,20190320,09:36,1039.55,1040.00,1039.40,1039.50,5593,0
HCLTECH,20190320,09:37,1039.75,1045.60,1039.75,1043.50,31916,0
HCLTECH,20190320,09:38,1045.30,1045.30,1043.10,1043.45,14276,0
HCLTECH,20190320,09:39,1043.25,1043.60,1042.60,1043.20,9891,0
HCLTECH,20190320,09:40,1043.25,1045.95,1043.25,1045.25,14763,0
HCLTECH,20190320,09:41,1045.60,1049.00,1045.20,1048.25,33901,0
HCLTECH,20190320,09:42,1048.00,1048.25,1046.75,1047.55,13450,0
HCLTECH,20190320,09:43,1047.40,1047.50,1046.75,1047.30,8367,0
HCLTECH,20190320,09:44,1047.30,1048.40,1046.40,1048.35,12739,0
HCLTECH,20190320,09:45,1048.35,1049.50,1048.00,1049.00,19977,0
HCLTECH,20190320,09:46,1049.10,1050.00,1049.00,1049.45,16657,0
HCLTECH,20190320,09:47,1049.90,1049.90,1048.45,1048.80,18305,0
HCLTECH,20190320,09:48,1049.00,1049.00,1048.00,1048.90,9257,0
HCLTECH,20190320,09:49,1048.60,1048.90,1047.30,1047.30,13336,0
HCLTECH,20190320,09:50,1047.00,1047.10,1045.20,1045.20,13401,0
HCLTECH,20190320,09:51,1045.70,1046.65,1045.20,1046.05,8232,0
HCLTECH,20190320,09:52,1046.00,1047.00,1045.70,1047.00,4135,0
HCLTECH,20190320,09:53,1047.05,1048.00,1047.05,1048.00,5140,0
HCLTECH,20190320,09:54,1048.00,1048.15,1047.60,1047.85,6359,0
HCLTECH,20190320,09:55,1047.80,1047.85,1047.00,1047.00,3751,0
HCLTECH,20190320,09:56,1046.20,1047.00,1046.00,1046.00,3642,0
HCLTECH,20190320,09:57,1046.00,1046.75,1046.00,1046.75,2660,0
HCLTECH,20190320,09:58,1046.65,1047.90,1046.35,1047.20,4747,0
HCLTECH,20190320,09:59,1047.70,1048.35,1047.50,1048.10,9544,0
HCLTECH,20190320,10:00,1048.60,1048.60,1048.00,1048.15,3330,0
HCLTECH,20190320,10:01,1048.15,1048.15,1046.30,1046.45,4242,0
HCLTECH,20190320,10:02,1046.00,1046.30,1045.50,1046.00,8763,0
HCLTECH,20190320,10:03,1046.00,1047.00,1046.00,1046.45,3970,0
HCLTECH,20190320,10:04,1046.70,1047.05,1046.00,1046.45,4498,0
HCLTECH,20190320,10:05,1046.45,1046.65,1046.30,1046.55,1801,0
HCLTECH,20190320,10:06,1046.55,1046.65,1046.00,1046.00,3396,0
HCLTECH,20190320,10:07,1046.00,1046.30,1045.00,1045.00,5801,0
HCLTECH,20190320,10:08,1045.00,1045.25,1042.25,1043.30,17757,0
HCLTECH,20190320,10:09,1044.00,1044.65,1043.55,1044.65,7592,0
HCLTECH,20190320,10:10,1044.15,1044.55,1043.50,1044.55,6854,0
HCLTECH,20190320,10:11,1044.55,1046.50,1044.55,1046.50,4543,0
HCLTECH,20190320,10:12,1046.60,1048.05,1046.55,1047.60,10113,0
HCLTECH,20190320,10:13,1047.55,1048.70,1046.20,1048.70,9022,0
HCLTECH,20190320,10:14,1049.40,1049.40,1048.45,1048.50,4667,0
HCLTECH,20190320,10:15,1048.45,1048.50,1048.00,1048.00,4045,0
HCLTECH,20190320,10:16,1047.80,1048.00,1046.80,1047.00,2931,0
HCLTECH,20190320,10:17,1047.00,1047.10,1046.45,1046.95,2285,0
HCLTECH,20190320,10:18,1046.45,1046.60,1046.45,1046.60,2349,0
HCLTECH,20190320,10:19,1046.50,1047.10,1046.50,1046.75,3312,0
HCLTECH,20190320,10:20,1047.20,1047.25,1047.00,1047.00,3144,0
HCLTECH,20190320,10:21,1046.95,1046.95,1046.60,1046.75,2925,0
HCLTECH,20190320,10:22,1046.70,1046.70,1044.55,1045.25,6686,0
HCLTECH,20190320,10:23,1045.25,1045.65,1045.25,1045.65,1377,0
HCLTECH,20190320,10:24,1045.70,1046.25,1045.65,1046.00,3674,0
HCLTECH,20190320,10:25,1046.00,1046.25,1045.30,1046.25,4004,0
HCLTECH,20190320,10:26,1046.20,1046.60,1046.10,1046.35,6502,0
HCLTECH,20190320,10:27,1046.15,1046.30,1045.75,1046.20,3520,0
HCLTECH,20190320,10:28,1046.25,1046.35,1044.70,1045.60,4466,0
HCLTECH,20190320,10:29,1045.50,1046.00,1045.00,1046.00,2038,0
HCLTECH,20190320,10:30,1046.10,1046.55,1045.20,1046.20,4390,0
HCLTECH,20190320,10:31,1046.15,1046.15,1044.50,1046.00,4028,0
HCLTECH,20190320,10:32,1045.95,1046.00,1045.25,1045.85,2386,0
HCLTECH,20190320,10:33,1045.75,1046.00,1045.50,1045.75,3388,0
HCLTECH,20190320,10:34,1045.95,1046.95,1045.95,1046.90,4137,0
HCLTECH,20190320,10:35,1047.00,1047.20,1046.80,1047.15,1731,0
HCLTECH,20190320,10:36,1047.10,1048.55,1047.10,1048.00,4101,0
HCLTECH,20190320,10:37,1048.00,1048.00,1046.90,1047.35,3600,0
HCLTECH,20190320,10:38,1047.35,1047.50,1046.95,1047.50,3032,0
HCLTECH,20190320,10:39,1047.35,1047.95,1047.35,1047.90,2683,0
HCLTECH,20190320,10:40,1047.90,1047.90,1047.60,1047.60,4121,0
HCLTECH,20190320,10:41,1047.55,1047.60,1047.35,1047.50,3471,0
HCLTECH,20190320,10:42,1047.35,1047.50,1046.10,1046.25,2985,0
HCLTECH,20190320,10:43,1046.25,1047.50,1046.25,1047.00,2944,0
HCLTECH,20190320,10:44,1047.30,1047.55,1047.05,1047.55,2264,0
HCLTECH,20190320,10:45,1047.50,1047.60,1047.50,1047.60,1065,0
HCLTECH,20190320,10:46,1047.60,1047.60,1047.40,1047.40,1823,0
HCLTECH,20190320,10:47,1047.40,1047.40,1046.40,1046.40,2899,0
HCLTECH,20190320,10:48,1046.55,1046.65,1046.45,1046.65,3050,0
HCLTECH,20190320,10:49,1046.65,1046.90,1046.60,1046.90,1445,0
HCLTECH,20190320,10:50,1046.95,1048.75,1046.85,1048.65,5266,0
HCLTECH,20190320,10:51,1048.85,1049.00,1048.85,1048.95,2698,0
HCLTECH,20190320,10:52,1048.95,1049.00,1048.90,1048.95,7242,0
HCLTECH,20190320,10:53,1048.95,1050.00,1048.90,1049.85,17978,0
HCLTECH,20190320,10:54,1049.85,1049.85,1048.85,1048.85,3380,0
HCLTECH,20190320,10:55,1048.85,1048.85,1046.80,1046.80,5411,0
HCLTECH,20190320,10:56,1047.00,1047.05,1046.95,1047.00,1245,0
HCLTECH,20190320,10:57,1047.00,1047.10,1046.15,1046.70,2751,0
HCLTECH,20190320,10:58,1046.70,1047.45,1046.70,1047.45,3211,0
HCLTECH,20190320,10:59,1047.00,1047.55,1047.00,1047.05,1839,0
HCLTECH,20190320,11:00,1047.05,1047.10,1047.00,1047.00,2122,0
HCLTECH,20190320,11:01,1047.00,1047.60,1047.00,1047.55,3957,0
HCLTECH,20190320,11:02,1047.45,1047.75,1047.45,1047.75,1842,0
HCLTECH,20190320,11:03,1047.75,1048.80,1047.70,1048.65,3517,0
HCLTECH,20190320,11:04,1048.70,1049.65,1048.65,1049.35,6038,0
HCLTECH,20190320,11:05,1049.05,1049.75,1049.05,1049.65,2722,0
HCLTECH,20190320,11:06,1049.65,1051.95,1049.65,1051.90,28026,0
HCLTECH,20190320,11:07,1051.65,1053.00,1051.15,1052.60,15185,0
HCLTECH,20190320,11:08,1052.60,1052.95,1052.00,1052.50,6918,0
HCLTECH,20190320,11:09,1052.70,1052.90,1052.00,1052.75,4287,0
HCLTECH,20190320,11:10,1052.75,1054.50,1052.75,1053.50,22463,0
HCLTECH,20190320,11:11,1053.55,1053.80,1053.10,1053.20,3938,0
HCLTECH,20190320,11:12,1053.10,1053.40,1053.00,1053.25,7815,0
HCLTECH,20190320,11:13,1053.50,1053.50,1052.10,1052.40,3470,0
HCLTECH,20190320,11:14,1052.80,1052.85,1052.10,1052.40,4104,0
HCLTECH,20190320,11:15,1052.75,1052.75,1052.15,1052.30,3301,0
HCLTECH,20190320,11:16,1052.30,1052.30,1048.30,1048.30,10904,0
HCLTECH,20190320,11:17,1048.40,1049.50,1048.35,1049.00,5449,0
HCLTECH,20190320,11:18,1048.90,1049.40,1048.80,1048.90,2396,0
HCLTECH,20190320,11:19,1048.75,1050.00,1048.50,1049.95,3861,0
HCLTECH,20190320,11:20,1049.95,1049.95,1049.00,1049.00,2036,0
HCLTECH,20190320,11:21,1049.40,1049.40,1048.75,1048.75,2162,0
HCLTECH,20190320,11:22,1048.65,1048.75,1046.55,1046.55,11522,0
HCLTECH,20190320,11:23,1046.50,1047.55,1046.50,1047.55,2128,0
HCLTECH,20190320,11:24,1048.00,1048.15,1047.60,1047.90,796,0
HCLTECH,20190320,11:25,1047.95,1048.60,1046.55,1046.55,14226,0
HCLTECH,20190320,11:26,1047.10,1048.00,1046.95,1047.50,16668,0
HCLTECH,20190320,11:27,1047.45,1047.45,1046.20,1046.25,3568,0
HCLTECH,20190320,11:28,1046.25,1047.05,1046.25,1046.25,3068,0
HCLTECH,20190320,11:29,1046.25,1046.50,1045.00,1045.85,19977,0
HCLTECH,20190320,11:30,1045.90,1046.50,1045.85,1046.40,3858,0
HCLTECH,20190320,11:31,1046.45,1046.70,1046.15,1046.70,3904,0
HCLTECH,20190320,11:32,1046.65,1046.65,1046.00,1046.45,3781,0
HCLTECH,20190320,11:33,1046.50,1046.50,1046.25,1046.45,2097,0
HCLTECH,20190320,11:34,1046.45,1047.00,1046.10,1046.95,5674,0
HCLTECH,20190320,11:35,1046.70,1047.50,1046.50,1046.65,11300,0
HCLTECH,20190320,11:36,1046.50,1046.70,1046.00,1046.35,4059,0
HCLTECH,20190320,11:37,1046.20,1046.50,1046.20,1046.50,1896,0
HCLTECH,20190320,11:38,1046.45,1046.50,1046.35,1046.40,1607,0
HCLTECH,20190320,11:39,1046.35,1047.00,1046.35,1046.70,2867,0
HCLTECH,20190320,11:40,1046.80,1047.00,1046.70,1047.00,2179,0
HCLTECH,20190320,11:41,1047.00,1047.00,1046.90,1046.90,1984,0
HCLTECH,20190320,11:42,1046.90,1046.90,1046.45,1046.50,1404,0
HCLTECH,20190320,11:43,1046.50,1046.70,1046.45,1046.50,2701,0
HCLTECH,20190320,11:44,1046.70,1046.80,1046.50,1046.80,3972,0
HCLTECH,20190320,11:45,1046.75,1046.80,1046.05,1046.05,2776,0
HCLTECH,20190320,11:46,1046.05,1046.30,1045.55,1045.70,2207,0
HCLTECH,20190320,11:47,1045.70,1045.70,1045.25,1045.60,2665,0
HCLTECH,20190320,11:48,1045.60,1045.70,1045.35,1045.60,1412,0
HCLTECH,20190320,11:49,1045.60,1046.40,1045.55,1046.40,4557,0
HCLTECH,20190320,11:50,1046.40,1047.15,1046.00,1046.00,3051,0
HCLTECH,20190320,11:51,1046.05,1046.45,1046.00,1046.45,554,0
HCLTECH,20190320,11:52,1046.35,1046.50,1046.35,1046.50,1662,0
HCLTECH,20190320,11:53,1046.45,1046.90,1046.45,1046.90,3858,0
HCLTECH,20190320,11:54,1046.80,1047.50,1046.75,1047.00,7345,0
HCLTECH,20190320,11:55,1046.90,1046.90,1046.70,1046.70,2809,0
HCLTECH,20190320,11:56,1046.85,1046.85,1046.55,1046.75,1044,0
HCLTECH,20190320,11:57,1046.70,1046.75,1046.40,1046.45,1478,0
HCLTECH,20190320,11:58,1046.40,1046.45,1046.30,1046.35,1638,0
HCLTECH,20190320,11:59,1046.40,1046.55,1046.35,1046.55,2563,0
HCLTECH,20190320,12:00,1046.60,1046.65,1046.50,1046.65,1778,0
HCLTECH,20190320,12:01,1046.65,1047.20,1046.60,1046.80,5103,0
HCLTECH,20190320,12:02,1046.80,1047.00,1046.75,1046.75,2411,0
HCLTECH,20190320,12:03,1046.70,1046.75,1046.30,1046.35,3537,0
HCLTECH,20190320,12:04,1046.35,1046.35,1046.25,1046.35,1090,0
HCLTECH,20190320,12:05,1046.35,1046.50,1046.30,1046.45,2640,0
HCLTECH,20190320,12:06,1046.45,1046.95,1046.45,1046.45,7162,0
HCLTECH,20190320,12:07,1046.45,1046.50,1045.55,1045.55,3654,0
HCLTECH,20190320,12:08,1045.75,1045.80,1045.25,1045.25,2573,0
HCLTECH,20190320,12:09,1045.20,1046.15,1045.20,1046.15,4266,0
HCLTECH,20190320,12:10,1046.15,1046.15,1045.05,1045.40,2580,0
HCLTECH,20190320,12:11,1045.00,1045.00,1042.00,1043.15,13309,0
HCLTECH,20190320,12:12,1043.05,1044.55,1043.05,1044.30,2227,0
HCLTECH,20190320,12:13,1044.40,1044.50,1044.30,1044.45,2675,0
HCLTECH,20190320,12:14,1044.45,1044.45,1043.40,1043.70,2048,0
HCLTECH,20190320,12:15,1043.50,1043.60,1043.15,1043.20,3575,0
HCLTECH,20190320,12:16,1043.20,1043.35,1042.20,1042.25,6617,0
HCLTECH,20190320,12:17,1042.40,1043.00,1042.00,1042.90,9916,0
HCLTECH,20190320,12:18,1042.90,1043.65,1042.20,1043.20,5335,0
HCLTECH,20190320,12:19,1043.65,1044.90,1043.65,1044.75,2305,0
HCLTECH,20190320,12:20,1044.75,1045.60,1044.75,1045.60,3625,0
HCLTECH,20190320,12:21,1045.60,1046.45,1045.60,1046.35,2642,0
HCLTECH,20190320,12:22,1046.25,1046.60,1046.15,1046.40,9068,0
HCLTECH,20190320,12:23,1046.40,1046.60,1046.40,1046.50,4919,0
HCLTECH,20190320,12:24,1046.50,1046.50,1043.65,1044.25,3770,0
HCLTECH,20190320,12:25,1043.65,1044.55,1043.40,1044.40,5245,0
HCLTECH,20190320,12:26,1044.05,1044.40,1044.00,1044.30,1755,0
HCLTECH,20190320,12:27,1044.20,1044.90,1044.20,1044.65,2119,0
HCLTECH,20190320,12:28,1044.60,1044.60,1043.00,1043.40,2959,0
HCLTECH,20190320,12:29,1043.40,1043.40,1041.60,1041.90,6873,0
HCLTECH,20190320,12:30,1041.50,1043.65,1041.50,1042.50,6144,0
HCLTECH,20190320,12:31,1042.70,1043.85,1042.70,1043.65,2051,0
HCLTECH,20190320,12:32,1043.55,1044.35,1043.55,1044.20,2369,0
HCLTECH,20190320,12:33,1044.30,1044.35,1044.10,1044.30,2469,0
HCLTECH,20190320,12:34,1044.65,1045.95,1044.65,1045.10,3668,0
HCLTECH,20190320,12:35,1044.90,1044.90,1044.30,1044.30,1758,0
HCLTECH,20190320,12:36,1044.40,1044.40,1044.20,1044.40,1404,0
HCLTECH,20190320,12:37,1044.35,1044.35,1043.95,1043.95,3327,0
HCLTECH,20190320,12:38,1043.35,1044.00,1043.25,1043.45,1201,0
HCLTECH,20190320,12:39,1043.45,1044.45,1043.45,1044.35,2549,0
HCLTECH,20190320,12:40,1044.45,1044.50,1044.40,1044.50,1610,0
HCLTECH,20190320,12:41,1044.00,1044.05,1043.55,1044.00,3763,0
HCLTECH,20190320,12:42,1043.95,1044.30,1043.95,1044.30,1095,0
HCLTECH,20190320,12:43,1044.30,1044.35,1044.10,1044.15,1079,0
HCLTECH,20190320,12:44,1044.10,1045.30,1044.10,1045.25,5145,0
HCLTECH,20190320,12:45,1045.30,1045.80,1045.30,1045.80,1938,0
HCLTECH,20190320,12:46,1045.75,1045.95,1044.45,1044.50,8557,0
HCLTECH,20190320,12:47,1044.45,1044.45,1044.40,1044.45,407,0
HCLTECH,20190320,12:48,1044.40,1044.60,1044.40,1044.60,1539,0
HCLTECH,20190320,12:49,1044.60,1044.95,1044.55,1044.95,1958,0
HCLTECH,20190320,12:50,1044.95,1044.95,1044.80,1044.85,6809,0
HCLTECH,20190320,12:51,1044.90,1044.95,1044.85,1044.90,1433,0
HCLTECH,20190320,12:52,1044.90,1045.00,1044.90,1045.00,5040,0
HCLTECH,20190320,12:53,1044.95,1045.00,1044.80,1044.95,3186,0
HCLTECH,20190320,12:54,1044.80,1044.95,1044.40,1044.50,1694,0
HCLTECH,20190320,12:55,1044.50,1044.55,1044.50,1044.50,764,0
HCLTECH,20190320,12:56,1044.50,1044.55,1044.25,1044.50,3429,0
HCLTECH,20190320,12:57,1044.50,1044.50,1044.00,1044.05,1159,0
HCLTECH,20190320,12:58,1044.05,1044.45,1044.05,1044.45,3732,0
HCLTECH,20190320,12:59,1044.45,1044.95,1044.45,1044.95,1327,0
HCLTECH,20190320,13:00,1044.85,1045.00,1044.85,1045.00,3655,0
HCLTECH,20190320,13:01,1045.00,1045.00,1044.25,1044.55,3185,0
HCLTECH,20190320,13:02,1044.55,1044.55,1044.00,1044.15,1464,0
HCLTECH,20190320,13:03,1044.00,1044.05,1043.20,1043.35,3547,0
HCLTECH,20190320,13:04,1043.40,1043.40,1042.10,1042.15,1935,0
HCLTECH,20190320,13:05,1042.10,1042.10,1041.50,1041.55,2771,0
HCLTECH,20190320,13:06,1041.50,1043.00,1041.50,1042.80,4346,0
HCLTECH,20190320,13:07,1042.75,1043.80,1042.75,1043.80,2120,0
HCLTECH,20190320,13:08,1043.75,1045.00,1043.75,1044.55,2789,0
HCLTECH,20190320,13:09,1044.80,1045.00,1044.55,1044.60,3631,0
HCLTECH,20190320,13:10,1044.60,1044.60,1044.50,1044.55,624,0
HCLTECH,20190320,13:11,1044.60,1044.65,1044.55,1044.65,920,0
HCLTECH,20190320,13:12,1044.60,1044.65,1044.50,1044.50,1159,0
HCLTECH,20190320,13:13,1044.55,1044.55,1043.15,1043.15,2367,0
HCLTECH,20190320,13:14,1043.15,1043.55,1043.10,1043.20,1686,0
HCLTECH,20190320,13:15,1043.20,1043.25,1042.55,1043.00,3992,0
HCLTECH,20190320,13:16,1043.00,1043.90,1043.00,1043.90,3120,0
HCLTECH,20190320,13:17,1043.90,1045.00,1043.90,1044.30,3677,0
HCLTECH,20190320,13:18,1043.75,1043.75,1042.85,1043.00,1728,0
HCLTECH,20190320,13:19,1043.00,1043.10,1042.50,1043.00,1003,0
HCLTECH,20190320,13:20,1043.00,1043.00,1042.50,1042.50,3342,0
HCLTECH,20190320,13:21,1042.50,1043.40,1042.50,1043.00,3498,0
HCLTECH,20190320,13:22,1042.90,1042.95,1042.30,1042.30,2807,0
HCLTECH,20190320,13:23,1042.55,1042.60,1042.20,1042.50,3019,0
HCLTECH,20190320,13:24,1042.45,1042.50,1042.35,1042.50,1360,0
HCLTECH,20190320,13:25,1042.70,1042.70,1042.10,1042.40,1121,0
HCLTECH,20190320,13:26,1042.50,1042.55,1042.40,1042.50,891,0
HCLTECH,20190320,13:27,1042.55,1042.95,1042.55,1042.60,2955,0
HCLTECH,20190320,13:28,1042.75,1042.80,1042.40,1042.50,825,0
HCLTECH,20190320,13:29,1042.40,1042.40,1041.55,1041.55,2619,0
HCLTECH,20190320,13:30,1041.65,1041.80,1040.20,1040.40,5790,0
HCLTECH,20190320,13:31,1040.40,1042.65,1040.40,1042.65,4443,0
HCLTECH,20190320,13:32,1042.85,1043.00,1042.00,1042.00,2078,0
HCLTECH,20190320,13:33,1042.15,1043.50,1042.00,1043.45,5755,0
HCLTECH,20190320,13:34,1043.55,1044.60,1043.45,1044.05,2865,0
HCLTECH,20190320,13:35,1044.15,1044.90,1044.00,1044.50,6787,0
HCLTECH,20190320,13:36,1044.50,1044.50,1044.20,1044.20,1333,0
HCLTECH,20190320,13:37,1044.25,1044.25,1043.70,1043.70,2580,0
HCLTECH,20190320,13:38,1043.25,1043.60,1043.00,1043.05,1164,0
HCLTECH,20190320,13:39,1043.00,1043.55,1042.20,1043.55,2173,0
HCLTECH,20190320,13:40,1043.55,1044.45,1043.40,1044.45,1632,0
HCLTECH,20190320,13:41,1044.45,1044.45,1043.45,1043.45,1429,0
HCLTECH,20190320,13:42,1043.25,1043.35,1042.80,1043.05,985,0
HCLTECH,20190320,13:43,1043.05,1043.80,1043.05,1043.80,2540,0
HCLTECH,20190320,13:44,1043.80,1043.85,1043.75,1043.85,1011,0
HCLTECH,20190320,13:45,1043.85,1043.90,1043.80,1043.90,2016,0
HCLTECH,20190320,13:46,1043.85,1043.90,1043.85,1043.85,662,0
HCLTECH,20190320,13:47,1043.85,1044.80,1043.85,1044.45,4316,0
HCLTECH,20190320,13:48,1044.75,1044.80,1044.50,1044.50,7074,0
HCLTECH,20190320,13:49,1044.05,1044.20,1043.35,1043.50,3728,0
HCLTECH,20190320,13:50,1042.95,1043.75,1042.95,1043.75,1764,0
HCLTECH,20190320,13:51,1043.75,1043.75,1043.50,1043.75,4508,0
HCLTECH,20190320,13:52,1043.70,1043.70,1042.95,1042.95,2491,0
HCLTECH,20190320,13:53,1042.95,1043.45,1042.50,1043.45,5282,0
HCLTECH,20190320,13:54,1043.15,1043.25,1043.15,1043.25,676,0
HCLTECH,20190320,13:55,1043.25,1043.35,1043.25,1043.35,1720,0
HCLTECH,20190320,13:56,1043.35,1043.45,1043.35,1043.45,1528,0
HCLTECH,20190320,13:57,1043.50,1043.85,1043.35,1043.45,4440,0
HCLTECH,20190320,13:58,1043.35,1043.45,1042.85,1042.85,1915,0
HCLTECH,20190320,13:59,1042.85,1043.25,1042.85,1043.25,2609,0
HCLTECH,20190320,14:00,1043.25,1043.50,1043.20,1043.50,1477,0
HCLTECH,20190320,14:01,1043.50,1043.50,1043.45,1043.50,1803,0
HCLTECH,20190320,14:02,1043.45,1043.45,1043.00,1043.15,1828,0
HCLTECH,20190320,14:03,1043.10,1043.10,1042.70,1042.70,3954,0
HCLTECH,20190320,14:04,1042.60,1043.50,1042.50,1043.50,10814,0
HCLTECH,20190320,14:05,1043.60,1043.75,1043.05,1043.40,6587,0
HCLTECH,20190320,14:06,1043.40,1043.50,1043.35,1043.45,1352,0
HCLTECH,20190320,14:07,1043.45,1043.50,1043.25,1043.25,1501,0
HCLTECH,20190320,14:08,1043.30,1043.30,1042.75,1042.80,3453,0
HCLTECH,20190320,14:09,1042.95,1042.95,1042.75,1042.80,1184,0
HCLTECH,20190320,14:10,1042.75,1042.85,1042.75,1042.80,1417,0
HCLTECH,20190320,14:11,1042.80,1042.90,1042.80,1042.90,1777,0
HCLTECH,20190320,14:12,1042.90,1043.00,1042.90,1042.95,2434,0
HCLTECH,20190320,14:13,1043.00,1043.50,1042.95,1043.50,4727,0
HCLTECH,20190320,14:14,1043.50,1043.50,1043.45,1043.50,2773,0
HCLTECH,20190320,14:15,1043.50,1043.50,1043.45,1043.50,5738,0
HCLTECH,20190320,14:16,1043.45,1043.50,1043.35,1043.45,1948,0
HCLTECH,20190320,14:17,1043.40,1043.45,1043.35,1043.35,1971,0
HCLTECH,20190320,14:18,1043.45,1043.45,1042.05,1042.05,3886,0
HCLTECH,20190320,14:19,1042.05,1042.35,1041.00,1041.30,2247,0
HCLTECH,20190320,14:20,1041.30,1041.30,1040.40,1040.85,4801,0
HCLTECH,20190320,14:21,1040.85,1040.95,1040.30,1040.80,4626,0
HCLTECH,20190320,14:22,1040.90,1040.90,1036.55,1037.90,23011,0
HCLTECH,20190320,14:23,1036.80,1039.60,1036.80,1038.50,6681,0
HCLTECH,20190320,14:24,1038.55,1039.50,1038.50,1039.00,4597,0
HCLTECH,20190320,14:25,1038.40,1038.45,1037.55,1037.75,6772,0
HCLTECH,20190320,14:26,1037.65,1038.50,1037.50,1038.45,3725,0
HCLTECH,20190320,14:27,1038.50,1038.50,1037.00,1037.60,4192,0
HCLTECH,20190320,14:28,1037.95,1039.40,1037.95,1038.35,8213,0
HCLTECH,20190320,14:29,1039.00,1039.00,1038.25,1038.85,2772,0
HCLTECH,20190320,14:30,1038.85,1039.10,1038.80,1039.10,2360,0
HCLTECH,20190320,14:31,1039.10,1039.80,1039.10,1039.75,3034,0
HCLTECH,20190320,14:32,1039.80,1040.00,1039.00,1039.10,5197,0
HCLTECH,20190320,14:33,1039.45,1039.45,1039.00,1039.00,3293,0
HCLTECH,20190320,14:34,1039.00,1039.05,1037.50,1037.90,5068,0
HCLTECH,20190320,14:35,1037.55,1037.85,1037.30,1037.35,1695,0
HCLTECH,20190320,14:36,1037.35,1038.00,1037.00,1037.20,10281,0
HCLTECH,20190320,14:37,1037.70,1037.70,1036.95,1037.30,4401,0
HCLTECH,20190320,14:38,1037.35,1037.40,1035.00,1035.00,20658,0
HCLTECH,20190320,14:39,1035.45,1036.75,1035.00,1035.50,6934,0
HCLTECH,20190320,14:40,1035.50,1035.50,1032.90,1033.05,16397,0
HCLTECH,20190320,14:41,1033.30,1034.00,1033.00,1033.35,8217,0
HCLTECH,20190320,14:42,1033.50,1034.70,1033.30,1034.70,5473,0
HCLTECH,20190320,14:43,1035.00,1035.90,1034.65,1034.85,5141,0
HCLTECH,20190320,14:44,1034.85,1035.30,1034.80,1034.80,3992,0
HCLTECH,20190320,14:45,1034.80,1034.90,1033.30,1034.55,7361,0
HCLTECH,20190320,14:46,1034.55,1035.95,1034.15,1035.45,5224,0
HCLTECH,20190320,14:47,1035.45,1035.45,1035.00,1035.25,1694,0
HCLTECH,20190320,14:48,1035.05,1035.50,1035.00,1035.50,3018,0
HCLTECH,20190320,14:49,1035.50,1035.50,1033.20,1034.35,10315,0
HCLTECH,20190320,14:50,1034.05,1034.35,1034.05,1034.05,4479,0
HCLTECH,20190320,14:51,1034.35,1034.35,1033.50,1033.55,5728,0
HCLTECH,20190320,14:52,1033.55,1033.60,1032.20,1032.20,4767,0
HCLTECH,20190320,14:53,1032.85,1033.45,1032.70,1033.20,6128,0
HCLTECH,20190320,14:54,1033.40,1033.85,1033.00,1033.45,4432,0
HCLTECH,20190320,14:55,1033.65,1034.00,1033.45,1033.45,3384,0
HCLTECH,20190320,14:56,1033.70,1035.75,1033.45,1035.75,7451,0
HCLTECH,20190320,14:57,1035.80,1035.85,1035.65,1035.65,3028,0
HCLTECH,20190320,14:58,1035.75,1036.90,1035.70,1036.75,3451,0
HCLTECH,20190320,14:59,1036.80,1036.90,1036.10,1036.45,3473,0
HCLTECH,20190320,15:00,1036.35,1037.40,1036.35,1037.35,10236,0
HCLTECH,20190320,15:01,1037.00,1037.85,1036.90,1036.90,11897,0
HCLTECH,20190320,15:02,1036.95,1038.10,1036.60,1038.10,10648,0
HCLTECH,20190320,15:03,1038.10,1038.10,1036.65,1036.95,9032,0
HCLTECH,20190320,15:04,1036.95,1037.50,1036.85,1037.15,7630,0
HCLTECH,20190320,15:05,1037.25,1037.25,1035.20,1036.15,9875,0
HCLTECH,20190320,15:06,1036.15,1037.05,1036.15,1037.05,8161,0
HCLTECH,20190320,15:07,1036.95,1036.95,1035.00,1035.20,9016,0
HCLTECH,20190320,15:08,1035.20,1035.45,1034.50,1034.50,13255,0
HCLTECH,20190320,15:09,1034.70,1036.20,1034.70,1036.10,7083,0
HCLTECH,20190320,15:10,1036.20,1037.60,1036.20,1037.00,12424,0
HCLTECH,20190320,15:11,1037.60,1037.60,1035.50,1035.50,9369,0
HCLTECH,20190320,15:12,1036.20,1036.35,1035.00,1036.35,9729,0
HCLTECH,20190320,15:13,1035.80,1038.00,1035.80,1037.20,16482,0
HCLTECH,20190320,15:14,1037.20,1037.55,1035.65,1035.65,11399,0
HCLTECH,20190320,15:15,1037.30,1039.45,1037.10,1039.15,14102,0
HCLTECH,20190320,15:16,1039.25,1041.00,1039.00,1040.20,18004,0
HCLTECH,20190320,15:17,1040.80,1041.65,1039.55,1039.55,13878,0
HCLTECH,20190320,15:18,1040.15,1041.05,1039.80,1040.80,9460,0
HCLTECH,20190320,15:19,1040.85,1041.45,1040.50,1040.65,9102,0
HCLTECH,20190320,15:20,1040.65,1041.50,1040.55,1041.20,7235,0
HCLTECH,20190320,15:21,1041.45,1041.50,1040.05,1041.00,11703,0
HCLTECH,20190320,15:22,1040.95,1041.00,1039.40,1039.90,7262,0
HCLTECH,20190320,15:23,1039.80,1039.90,1038.10,1038.70,18288,0
HCLTECH,20190320,15:24,1038.25,1038.70,1036.00,1037.35,22267,0
HCLTECH,20190320,15:25,1037.40,1038.70,1037.40,1038.45,9228,0
HCLTECH,20190320,15:26,1038.50,1038.50,1036.80,1037.40,8613,0
HCLTECH,20190320,15:27,1036.50,1037.70,1036.50,1037.00,12811,0
HCLTECH,20190320,15:28,1037.00,1037.95,1036.85,1037.35,6566,0
HCLTECH,20190320,15:29,1037.35,1037.90,1037.15,1037.15,3832,0
HCLTECH,20190320,15:30,1037.45,1037.50,1036.05,1036.40,4757,0
HCLTECH,20190320,15:32,1037.95,1037.95,1037.95,1037.95,0,0
HCLTECH,20190320,15:41,1037.95,1037.95,1037.95,1037.95,7,0
HCLTECH,20190320,15:44,1037.95,1037.95,1037.95,1037.95,43,0
HCLTECH,20190320,15:56,1037.95,1037.95,1037.95,1037.95,1,0
HCLTECH,20190320,16:36,1037.95,1037.95,1037.95,1037.95,0,0
