HINDUNILVR_F1,20180313,09:16,1321.15,1333.7,1321.15,1332.9,15600
HINDUNILVR_F1,20180313,09:17,1333.4,1334.6,1332,1334.6,11400
HINDUNILVR_F1,20180313,09:18,1333.75,1334.75,1333.7,1333.7,7200
HINDUNILVR_F1,20180313,09:19,1334.25,1335.65,1334.1,1334.65,11400
HINDUNILVR_F1,20180313,09:20,1334.5,1335.65,1334.5,1335.1,3000
HINDUNILVR_F1,20180313,09:21,1335,1335,1334.75,1334.75,4800
HINDUNILVR_F1,20180313,09:22,1334.45,1334.55,1334.05,1334.05,2400
HINDUNILVR_F1,20180313,09:23,1334.4,1334.75,1334.4,1334.75,1800
HINDUNILVR_F1,20180313,09:24,1334.55,1335.2,1333.6,1333.6,4800
HINDUNILVR_F1,20180313,09:25,1333.35,1334.25,1333.35,1334,4800
HINDUNILVR_F1,20180313,09:26,1333.3,1333.3,1332.35,1332.75,6000
HINDUNILVR_F1,20180313,09:27,1332.25,1332.25,1331.7,1331.7,4200
HINDUNILVR_F1,20180313,09:28,1330.9,1331.1,1330.9,1331.1,5400
HINDUNILVR_F1,20180313,09:29,1330.9,1330.9,1330.15,1330.15,7200
HINDUNILVR_F1,20180313,09:30,1330,1330,1329.6,1329.6,1800
HINDUNILVR_F1,20180313,09:31,1329.35,1329.35,1328,1329,9000
HINDUNILVR_F1,20180313,09:32,1329,1329,1328.9,1328.9,1800
HINDUNILVR_F1,20180313,09:33,1328.95,1328.95,1328,1328,3000
HINDUNILVR_F1,20180313,09:34,1327.7,1329.5,1327.7,1328.6,10800
HINDUNILVR_F1,20180313,09:35,1328.4,1330.25,1328,1330.25,6600
HINDUNILVR_F1,20180313,09:36,1330,1330,1329.45,1329.45,1200
HINDUNILVR_F1,20180313,09:37,1328.7,1329.5,1327.2,1327.2,6000
HINDUNILVR_F1,20180313,09:38,1327,1327.3,1326,1326,4200
HINDUNILVR_F1,20180313,09:39,1326,1327.4,1326,1326,6600
HINDUNILVR_F1,20180313,09:40,1326.4,1326.4,1326.4,1326.4,600
HINDUNILVR_F1,20180313,09:41,1325.6,1325.75,1324.9,1324.9,5400
HINDUNILVR_F1,20180313,09:42,1324.85,1327.25,1324.85,1326.4,4200
HINDUNILVR_F1,20180313,09:43,1327,1327,1327,1327,600
HINDUNILVR_F1,20180313,09:44,1327.5,1327.5,1326.55,1326.9,1800
HINDUNILVR_F1,20180313,09:45,1326,1326,1326,1326,2400
HINDUNILVR_F1,20180313,09:46,1325.45,1325.5,1325.45,1325.5,1200
HINDUNILVR_F1,20180313,09:47,1325.95,1326,1325.95,1326,1800
HINDUNILVR_F1,20180313,09:48,1325.6,1325.6,1325.5,1325.5,1800
HINDUNILVR_F1,20180313,09:49,1326.1,1326.1,1325.35,1325.35,3600
HINDUNILVR_F1,20180313,09:50,1326.15,1326.95,1326.15,1326.95,5400
HINDUNILVR_F1,20180313,09:51,1325.9,1326,1325.3,1325.3,4800
HINDUNILVR_F1,20180313,09:52,1326.1,1326.1,1326,1326,1800
HINDUNILVR_F1,20180313,09:53,1328.3,1328.3,1327.65,1327.65,3000
HINDUNILVR_F1,20180313,09:54,1326.05,1326.05,1326.05,1326.05,600
HINDUNILVR_F1,20180313,09:55,1326.7,1327.05,1326.7,1327.05,1800
HINDUNILVR_F1,20180313,09:57,1327.5,1327.5,1327.5,1327.5,1800
HINDUNILVR_F1,20180313,09:58,1329.1,1329.1,1328.9,1328.9,1200
HINDUNILVR_F1,20180313,09:59,1328.5,1328.5,1328.5,1328.5,1200
HINDUNILVR_F1,20180313,10:00,1328.9,1329.45,1328.9,1329.45,1200
HINDUNILVR_F1,20180313,10:01,1328.7,1328.7,1328.7,1328.7,600
HINDUNILVR_F1,20180313,10:02,1329.5,1329.5,1329,1329,1800
HINDUNILVR_F1,20180313,10:03,1328.55,1329.95,1328.45,1329.95,4800
HINDUNILVR_F1,20180313,10:04,1329,1329.65,1327.95,1329.65,7800
HINDUNILVR_F1,20180313,10:05,1329.4,1329.45,1329,1329,2400
HINDUNILVR_F1,20180313,10:06,1328.7,1328.7,1328.7,1328.7,600
HINDUNILVR_F1,20180313,10:07,1330,1330,1329.35,1329.35,1200
HINDUNILVR_F1,20180313,10:09,1329.45,1330.1,1329.25,1330.1,3600
HINDUNILVR_F1,20180313,10:10,1331,1331,1330.6,1330.6,2400
HINDUNILVR_F1,20180313,10:11,1331.95,1331.95,1330.9,1330.9,2400
HINDUNILVR_F1,20180313,10:12,1331,1331,1331,1331,1200
HINDUNILVR_F1,20180313,10:13,1331,1331,1331,1331,2400
HINDUNILVR_F1,20180313,10:14,1330.6,1331.5,1330.6,1331.5,1200
HINDUNILVR_F1,20180313,10:15,1331,1332,1331,1332,5400
HINDUNILVR_F1,20180313,10:16,1331.75,1332,1331.75,1332,1200
HINDUNILVR_F1,20180313,10:17,1332.25,1332.45,1332,1332.45,4800
HINDUNILVR_F1,20180313,10:18,1332.15,1332.15,1332.15,1332.15,600
HINDUNILVR_F1,20180313,10:19,1332,1332,1331.35,1331.35,2400
HINDUNILVR_F1,20180313,10:20,1331.5,1331.5,1331,1331,1800
HINDUNILVR_F1,20180313,10:21,1331.45,1331.45,1331.35,1331.35,1200
HINDUNILVR_F1,20180313,10:23,1330.65,1330.65,1330.65,1330.65,600
HINDUNILVR_F1,20180313,10:24,1330.75,1330.75,1330,1330,1200
HINDUNILVR_F1,20180313,10:25,1330.25,1330.25,1330.25,1330.25,600
HINDUNILVR_F1,20180313,10:26,1331.55,1331.55,1331.55,1331.55,600
HINDUNILVR_F1,20180313,10:27,1331.55,1331.6,1331.3,1331.6,1800
HINDUNILVR_F1,20180313,10:28,1333.1,1333.85,1333.1,1333.45,6000
HINDUNILVR_F1,20180313,10:29,1333.5,1333.6,1333.05,1333.6,7800
HINDUNILVR_F1,20180313,10:30,1333.75,1333.85,1333.25,1333.85,2400
HINDUNILVR_F1,20180313,10:31,1334,1334,1332.55,1332.7,5400
HINDUNILVR_F1,20180313,10:32,1333.45,1333.45,1333.45,1333.45,1800
HINDUNILVR_F1,20180313,10:34,1332.85,1334.2,1332.85,1333.8,3600
HINDUNILVR_F1,20180313,10:35,1334.7,1334.7,1334.7,1334.7,600
HINDUNILVR_F1,20180313,10:36,1334,1334.75,1334,1334.75,1200
HINDUNILVR_F1,20180313,10:37,1333.75,1333.75,1333.75,1333.75,1200
HINDUNILVR_F1,20180313,10:38,1333.05,1333.05,1333.05,1333.05,600
HINDUNILVR_F1,20180313,10:40,1333,1333.5,1333,1333.5,1200
HINDUNILVR_F1,20180313,10:41,1333.55,1333.55,1333.4,1333.4,3600
HINDUNILVR_F1,20180313,10:42,1333.2,1333.2,1333.05,1333.05,1200
HINDUNILVR_F1,20180313,10:43,1333.1,1334,1333.1,1334,1800
HINDUNILVR_F1,20180313,10:44,1333.55,1333.55,1333.55,1333.55,600
HINDUNILVR_F1,20180313,10:45,1332.95,1332.95,1332.95,1332.95,600
HINDUNILVR_F1,20180313,10:47,1332.35,1332.35,1332.35,1332.35,600
HINDUNILVR_F1,20180313,10:48,1332.4,1332.95,1332.35,1332.35,4200
HINDUNILVR_F1,20180313,10:49,1333.25,1333.55,1333.25,1333.55,4200
HINDUNILVR_F1,20180313,10:50,1332.3,1332.3,1332.3,1332.3,600
HINDUNILVR_F1,20180313,10:51,1332.45,1332.8,1332.45,1332.8,1800
HINDUNILVR_F1,20180313,10:52,1332.9,1333.9,1332.9,1332.95,2400
HINDUNILVR_F1,20180313,10:53,1333.55,1333.55,1333.55,1333.55,600
HINDUNILVR_F1,20180313,10:54,1333.2,1333.2,1333.2,1333.2,600
HINDUNILVR_F1,20180313,10:55,1334,1334.65,1334,1334.65,3000
HINDUNILVR_F1,20180313,10:56,1334.75,1334.75,1334.75,1334.75,600
HINDUNILVR_F1,20180313,10:58,1333.7,1333.7,1333.7,1333.7,1800
HINDUNILVR_F1,20180313,11:00,1333.25,1333.25,1332.55,1332.55,1800
HINDUNILVR_F1,20180313,11:01,1332.3,1332.3,1332.3,1332.3,600
HINDUNILVR_F1,20180313,11:02,1332.6,1333.05,1332.6,1333.05,3000
HINDUNILVR_F1,20180313,11:04,1333,1333,1333,1333,600
HINDUNILVR_F1,20180313,11:05,1331.35,1331.6,1331.35,1331.6,4200
HINDUNILVR_F1,20180313,11:07,1332.5,1332.5,1331.9,1331.9,1200
HINDUNILVR_F1,20180313,11:10,1331.7,1331.7,1331.7,1331.7,600
HINDUNILVR_F1,20180313,11:11,1331.5,1331.5,1331.5,1331.5,1200
HINDUNILVR_F1,20180313,11:12,1331.3,1331.8,1331.3,1331.3,2400
HINDUNILVR_F1,20180313,11:13,1331.95,1332.15,1331.75,1332.15,4200
HINDUNILVR_F1,20180313,11:17,1332.05,1332.05,1331.85,1331.85,3600
HINDUNILVR_F1,20180313,11:18,1331.05,1331.05,1330.65,1330.65,3000
HINDUNILVR_F1,20180313,11:19,1330.5,1330.5,1330.5,1330.5,600
HINDUNILVR_F1,20180313,11:20,1330.5,1332.25,1330.5,1332.25,5400
HINDUNILVR_F1,20180313,11:21,1329.1,1329.1,1329.1,1329.1,600
HINDUNILVR_F1,20180313,11:22,1329,1330.25,1329,1330.25,4800
HINDUNILVR_F1,20180313,11:23,1329.8,1329.85,1329.8,1329.85,2400
HINDUNILVR_F1,20180313,11:24,1330.4,1330.4,1330.4,1330.4,600
HINDUNILVR_F1,20180313,11:25,1330,1330,1330,1330,600
HINDUNILVR_F1,20180313,11:26,1330.35,1330.35,1330.35,1330.35,600
HINDUNILVR_F1,20180313,11:27,1329.6,1329.6,1329.6,1329.6,600
HINDUNILVR_F1,20180313,11:28,1329.05,1329.05,1329.05,1329.05,600
HINDUNILVR_F1,20180313,11:29,1329.75,1329.75,1329.75,1329.75,600
HINDUNILVR_F1,20180313,11:31,1329.15,1329.15,1329.15,1329.15,600
HINDUNILVR_F1,20180313,11:32,1329.2,1329.2,1329.2,1329.2,1200
HINDUNILVR_F1,20180313,11:33,1329.8,1330,1329.7,1330,1800
HINDUNILVR_F1,20180313,11:34,1329.75,1329.9,1329.75,1329.9,5400
HINDUNILVR_F1,20180313,11:35,1329.8,1330.2,1329.8,1330.2,1800
HINDUNILVR_F1,20180313,11:36,1330.4,1330.4,1330.1,1330.1,2400
HINDUNILVR_F1,20180313,11:39,1330.4,1330.4,1330.4,1330.4,4800
HINDUNILVR_F1,20180313,11:40,1330,1330,1329.1,1329.45,5400
HINDUNILVR_F1,20180313,11:41,1328.9,1331.4,1328.9,1329.85,34200
HINDUNILVR_F1,20180313,11:42,1330,1331.25,1330,1330.95,8400
HINDUNILVR_F1,20180313,11:43,1330.8,1331.85,1330.8,1331.2,16800
HINDUNILVR_F1,20180313,11:44,1331.4,1331.4,1330.5,1330.65,32400
HINDUNILVR_F1,20180313,11:45,1331,1331.1,1331,1331.1,1200
HINDUNILVR_F1,20180313,11:46,1331.15,1331.6,1330.65,1331.6,3000
HINDUNILVR_F1,20180313,11:47,1331.1,1331.1,1331.05,1331.05,1800
HINDUNILVR_F1,20180313,11:48,1331.15,1331.25,1331.15,1331.25,3600
HINDUNILVR_F1,20180313,11:49,1330.8,1331.45,1330.8,1331.45,2400
HINDUNILVR_F1,20180313,11:51,1331.45,1331.45,1331,1331,1800
HINDUNILVR_F1,20180313,11:52,1331,1331.55,1331,1331.2,2400
HINDUNILVR_F1,20180313,11:53,1331.15,1331.15,1331.15,1331.15,1200
HINDUNILVR_F1,20180313,11:54,1331.1,1331.1,1330.15,1330.15,6600
HINDUNILVR_F1,20180313,11:55,1330,1330,1329.6,1329.65,6000
HINDUNILVR_F1,20180313,11:56,1330.35,1330.35,1330.35,1330.35,600
HINDUNILVR_F1,20180313,11:57,1330.85,1330.85,1330.85,1330.85,600
HINDUNILVR_F1,20180313,11:58,1330.45,1330.45,1329.5,1329.5,2400
HINDUNILVR_F1,20180313,11:59,1328.2,1328.95,1328.2,1328.95,3000
HINDUNILVR_F1,20180313,12:01,1329.5,1329.5,1329.5,1329.5,600
HINDUNILVR_F1,20180313,12:02,1329.05,1329.05,1329,1329,1200
HINDUNILVR_F1,20180313,12:05,1329.6,1329.6,1329.6,1329.6,4200
HINDUNILVR_F1,20180313,12:06,1330.05,1330.05,1330.05,1330.05,600
HINDUNILVR_F1,20180313,12:08,1330.4,1330.4,1330.4,1330.4,1200
HINDUNILVR_F1,20180313,12:09,1330.05,1330.05,1330.05,1330.05,600
HINDUNILVR_F1,20180313,12:11,1329.9,1329.9,1329.9,1329.9,1200
HINDUNILVR_F1,20180313,12:14,1328.6,1328.6,1328.6,1328.6,600
HINDUNILVR_F1,20180313,12:15,1328.55,1328.55,1328.55,1328.55,1200
HINDUNILVR_F1,20180313,12:16,1328.1,1328.6,1328.1,1328.6,1200
HINDUNILVR_F1,20180313,12:18,1328.1,1328.1,1328.1,1328.1,1200
HINDUNILVR_F1,20180313,12:19,1328,1328,1327.55,1327.6,1800
HINDUNILVR_F1,20180313,12:20,1327.5,1327.5,1326,1326,6600
HINDUNILVR_F1,20180313,12:21,1326.5,1327,1326.45,1327,4200
HINDUNILVR_F1,20180313,12:22,1327.15,1327.15,1327.15,1327.15,600
HINDUNILVR_F1,20180313,12:23,1327,1327,1326.7,1326.7,1200
HINDUNILVR_F1,20180313,12:24,1326.95,1326.95,1326.5,1326.5,1800
HINDUNILVR_F1,20180313,12:25,1326.5,1326.5,1326.15,1326.15,1200
HINDUNILVR_F1,20180313,12:26,1326.5,1326.5,1326.5,1326.5,600
HINDUNILVR_F1,20180313,12:27,1326.6,1327,1326.3,1326.3,6000
HINDUNILVR_F1,20180313,12:28,1326.3,1327.05,1326.3,1327.05,16200
HINDUNILVR_F1,20180313,12:29,1327.05,1327.55,1327.05,1327.55,3000
HINDUNILVR_F1,20180313,12:30,1328.25,1328.25,1328.25,1328.25,600
HINDUNILVR_F1,20180313,12:33,1328,1328.1,1328,1328.1,1800
HINDUNILVR_F1,20180313,12:35,1327.5,1327.65,1327.5,1327.65,2400
HINDUNILVR_F1,20180313,12:38,1328.7,1328.7,1328.7,1328.7,600
HINDUNILVR_F1,20180313,12:39,1328.5,1328.55,1328.1,1328.55,1800
HINDUNILVR_F1,20180313,12:40,1328.7,1328.7,1328.7,1328.7,600
HINDUNILVR_F1,20180313,12:41,1329.45,1330,1329.45,1330,1800
HINDUNILVR_F1,20180313,12:43,1329.3,1329.3,1329.1,1329.1,1800
HINDUNILVR_F1,20180313,12:45,1329,1329,1328.65,1328.65,1200
HINDUNILVR_F1,20180313,12:46,1328.55,1328.55,1328.55,1328.55,600
HINDUNILVR_F1,20180313,12:47,1328.1,1328.25,1328.1,1328.25,1800
HINDUNILVR_F1,20180313,12:48,1328.3,1329,1328.3,1329,3600
HINDUNILVR_F1,20180313,12:50,1328.1,1328.1,1328.1,1328.1,1200
HINDUNILVR_F1,20180313,12:51,1328.3,1328.3,1328.3,1328.3,600
HINDUNILVR_F1,20180313,12:53,1327.65,1327.65,1327,1327,3000
HINDUNILVR_F1,20180313,12:54,1327.75,1327.75,1327.75,1327.75,4800
HINDUNILVR_F1,20180313,12:55,1328.6,1328.6,1328.6,1328.6,600
HINDUNILVR_F1,20180313,12:57,1328.9,1328.9,1328.9,1328.9,1200
HINDUNILVR_F1,20180313,12:58,1328.95,1328.95,1328.95,1328.95,1200
HINDUNILVR_F1,20180313,12:59,1329.5,1329.5,1329.5,1329.5,600
HINDUNILVR_F1,20180313,13:00,1329.5,1329.5,1329.5,1329.5,600
HINDUNILVR_F1,20180313,13:01,1329.55,1329.55,1329,1329,7200
HINDUNILVR_F1,20180313,13:02,1329.6,1330.8,1329.6,1330.5,3600
HINDUNILVR_F1,20180313,13:04,1330.65,1330.65,1330.05,1330.05,1800
HINDUNILVR_F1,20180313,13:06,1330,1330,1329.85,1329.85,2400
HINDUNILVR_F1,20180313,13:07,1330.05,1330.05,1330.05,1330.05,600
HINDUNILVR_F1,20180313,13:08,1329.55,1329.55,1329.55,1329.55,600
HINDUNILVR_F1,20180313,13:10,1329.4,1329.75,1329.2,1329.75,3600
HINDUNILVR_F1,20180313,13:11,1329.3,1330,1329.3,1330,4200
HINDUNILVR_F1,20180313,13:12,1330.65,1330.9,1330.65,1330.9,1800
HINDUNILVR_F1,20180313,13:13,1329.9,1331.9,1329.9,1330.65,4800
HINDUNILVR_F1,20180313,13:14,1330,1330,1329.35,1329.35,2400
HINDUNILVR_F1,20180313,13:15,1330.05,1330.05,1330.05,1330.05,600
HINDUNILVR_F1,20180313,13:16,1329.95,1330.15,1329.95,1330.15,1800
HINDUNILVR_F1,20180313,13:17,1329.75,1329.75,1329.75,1329.75,3000
HINDUNILVR_F1,20180313,13:18,1329.2,1329.2,1329.2,1329.2,600
HINDUNILVR_F1,20180313,13:20,1328.5,1328.5,1328.5,1328.5,1200
HINDUNILVR_F1,20180313,13:21,1328.7,1328.7,1328.55,1328.55,2400
HINDUNILVR_F1,20180313,13:23,1329.95,1330,1329.95,1330,2400
HINDUNILVR_F1,20180313,13:24,1329.5,1329.5,1328.9,1328.9,1200
HINDUNILVR_F1,20180313,13:25,1329.2,1329.2,1329.2,1329.2,1200
HINDUNILVR_F1,20180313,13:27,1329,1329.45,1329,1329.45,1800
HINDUNILVR_F1,20180313,13:28,1328.25,1328.65,1328.15,1328.15,17400
HINDUNILVR_F1,20180313,13:30,1328,1328,1328,1328,7200
HINDUNILVR_F1,20180313,13:31,1327,1327.65,1327,1327.65,6600
HINDUNILVR_F1,20180313,13:32,1327,1327,1326.25,1326.25,6000
HINDUNILVR_F1,20180313,13:34,1326,1326,1325.85,1325.85,4800
HINDUNILVR_F1,20180313,13:35,1325.85,1326,1325.85,1326,1200
HINDUNILVR_F1,20180313,13:36,1326.95,1327.2,1326.2,1326.2,9600
HINDUNILVR_F1,20180313,13:37,1326,1326.5,1326,1326.5,1800
HINDUNILVR_F1,20180313,13:38,1326.95,1328.35,1326.95,1328,6000
HINDUNILVR_F1,20180313,13:39,1328.4,1328.4,1328.05,1328.05,2400
HINDUNILVR_F1,20180313,13:41,1329.1,1329.1,1328.45,1328.45,1200
HINDUNILVR_F1,20180313,13:42,1328.75,1328.75,1328.25,1328.7,1800
HINDUNILVR_F1,20180313,13:43,1327.75,1327.75,1327.75,1327.75,600
HINDUNILVR_F1,20180313,13:44,1327.8,1328.15,1327.55,1327.55,9000
HINDUNILVR_F1,20180313,13:45,1327.2,1327.2,1327.2,1327.2,3000
HINDUNILVR_F1,20180313,13:47,1328,1328,1328,1328,600
HINDUNILVR_F1,20180313,13:48,1328.15,1329,1328.15,1329,2400
HINDUNILVR_F1,20180313,13:49,1329.3,1329.3,1328.6,1328.6,1800
HINDUNILVR_F1,20180313,13:50,1328.5,1328.5,1328.5,1328.5,600
HINDUNILVR_F1,20180313,13:52,1327.3,1328.9,1326.8,1327.05,12000
HINDUNILVR_F1,20180313,13:53,1327.1,1327.1,1326,1326.2,4800
HINDUNILVR_F1,20180313,13:55,1326.75,1327.2,1326.75,1327.2,4200
HINDUNILVR_F1,20180313,13:56,1327,1327,1325.95,1326,4200
HINDUNILVR_F1,20180313,13:57,1325.45,1325.45,1324.4,1324.4,9600
HINDUNILVR_F1,20180313,13:58,1325.3,1325.95,1325.3,1325.75,1800
HINDUNILVR_F1,20180313,13:59,1325.15,1326.1,1324.2,1325,20400
HINDUNILVR_F1,20180313,14:00,1325.6,1325.9,1325.2,1325.25,10800
HINDUNILVR_F1,20180313,14:01,1325.3,1326.85,1325.3,1326.6,5400
HINDUNILVR_F1,20180313,14:02,1325.6,1326.45,1325.6,1326.35,6000
HINDUNILVR_F1,20180313,14:03,1325.15,1325.35,1324.85,1325.15,3000
HINDUNILVR_F1,20180313,14:04,1325.9,1326,1325.6,1326,3000
HINDUNILVR_F1,20180313,14:05,1325.5,1326.55,1324.75,1326.55,4800
HINDUNILVR_F1,20180313,14:06,1326,1326.1,1324.3,1324.3,12600
HINDUNILVR_F1,20180313,14:07,1325.15,1325.35,1323.35,1323.85,18000
HINDUNILVR_F1,20180313,14:08,1324.4,1325.7,1324.4,1325.7,3000
HINDUNILVR_F1,20180313,14:09,1325.85,1326.15,1325.85,1326.15,1800
HINDUNILVR_F1,20180313,14:10,1325.05,1325.05,1324.7,1325,3000
HINDUNILVR_F1,20180313,14:11,1325,1325,1323,1324.75,12600
HINDUNILVR_F1,20180313,14:12,1324.1,1324.5,1323.05,1323.15,11400
HINDUNILVR_F1,20180313,14:13,1322.9,1322.9,1322.9,1322.9,2400
HINDUNILVR_F1,20180313,14:14,1322.45,1323.85,1322.45,1323.85,3600
HINDUNILVR_F1,20180313,14:15,1323.95,1323.95,1323.3,1323.3,1800
HINDUNILVR_F1,20180313,14:16,1323.25,1324.3,1323.25,1324.3,1800
HINDUNILVR_F1,20180313,14:17,1325.1,1325.2,1323.05,1323.85,5400
HINDUNILVR_F1,20180313,14:18,1324.95,1325.95,1324.95,1325.55,11400
HINDUNILVR_F1,20180313,14:19,1326,1326.05,1325.7,1326.05,4200
HINDUNILVR_F1,20180313,14:20,1326.2,1326.2,1325.6,1326.05,6000
HINDUNILVR_F1,20180313,14:21,1325.2,1325.9,1325.2,1325.75,2400
HINDUNILVR_F1,20180313,14:22,1326,1326.45,1325.65,1325.65,3600
HINDUNILVR_F1,20180313,14:23,1325.65,1326,1324.2,1324.8,17400
HINDUNILVR_F1,20180313,14:24,1324.45,1324.95,1324.3,1324.3,2400
HINDUNILVR_F1,20180313,14:25,1324.1,1324.3,1323.85,1323.85,7800
HINDUNILVR_F1,20180313,14:26,1324.15,1324.5,1323.6,1323.6,9000
HINDUNILVR_F1,20180313,14:27,1322.8,1323.3,1322.55,1322.55,5400
HINDUNILVR_F1,20180313,14:28,1322.25,1322.8,1321.2,1322.45,10200
HINDUNILVR_F1,20180313,14:29,1322.6,1323.8,1322.6,1323,3600
HINDUNILVR_F1,20180313,14:30,1322.95,1323.1,1322.95,1323.1,3600
HINDUNILVR_F1,20180313,14:31,1324,1324,1324,1324,600
HINDUNILVR_F1,20180313,14:32,1323.5,1323.5,1323.5,1323.5,600
HINDUNILVR_F1,20180313,14:33,1323.65,1323.65,1322.9,1322.9,4200
HINDUNILVR_F1,20180313,14:34,1321.65,1321.9,1321.4,1321.9,3000
HINDUNILVR_F1,20180313,14:35,1322.65,1322.65,1322.25,1322.25,1800
HINDUNILVR_F1,20180313,14:36,1322.1,1322.1,1322,1322,3600
HINDUNILVR_F1,20180313,14:37,1322.75,1322.75,1322,1322.55,1800
HINDUNILVR_F1,20180313,14:38,1323.05,1323.05,1322.9,1322.9,1800
HINDUNILVR_F1,20180313,14:39,1322,1322,1321.3,1322,4800
HINDUNILVR_F1,20180313,14:40,1322.1,1322.1,1321.5,1321.5,2400
HINDUNILVR_F1,20180313,14:41,1321,1321,1319.05,1320,19800
HINDUNILVR_F1,20180313,14:42,1320.2,1320.2,1317.65,1318.3,14400
HINDUNILVR_F1,20180313,14:43,1318.25,1318.55,1317.1,1317.35,4200
HINDUNILVR_F1,20180313,14:44,1316.8,1317.65,1316.15,1316.65,11400
HINDUNILVR_F1,20180313,14:45,1317.25,1317.25,1316.6,1316.6,4800
HINDUNILVR_F1,20180313,14:46,1317.25,1317.25,1316.6,1316.95,8400
HINDUNILVR_F1,20180313,14:47,1316.95,1318.75,1316.95,1318.15,4800
HINDUNILVR_F1,20180313,14:48,1318.15,1320.95,1318.15,1320.7,12000
HINDUNILVR_F1,20180313,14:49,1320.35,1321.65,1320.15,1321.55,6600
HINDUNILVR_F1,20180313,14:50,1321.95,1322.3,1320.4,1320.6,4200
HINDUNILVR_F1,20180313,14:51,1321.05,1322,1320.4,1321.95,4800
HINDUNILVR_F1,20180313,14:52,1321.7,1322.5,1321.7,1322.5,3000
HINDUNILVR_F1,20180313,14:53,1322.5,1323,1322.5,1323,3000
HINDUNILVR_F1,20180313,14:54,1323.6,1323.6,1322.15,1322.3,3600
HINDUNILVR_F1,20180313,14:55,1321.7,1323.85,1321.7,1323.85,3600
HINDUNILVR_F1,20180313,14:56,1323.9,1324,1323.5,1324,4200
HINDUNILVR_F1,20180313,14:57,1325.45,1326.65,1325.45,1326.45,10200
HINDUNILVR_F1,20180313,14:58,1326.8,1326.8,1325.55,1326.1,6000
HINDUNILVR_F1,20180313,14:59,1326.85,1326.85,1326.6,1326.6,4200
HINDUNILVR_F1,20180313,15:00,1324.4,1325.3,1324.4,1325.2,7200
HINDUNILVR_F1,20180313,15:01,1326.25,1326.35,1324.35,1325.55,7200
HINDUNILVR_F1,20180313,15:02,1325.8,1325.8,1324.55,1325.1,4800
HINDUNILVR_F1,20180313,15:03,1325.4,1325.4,1324.65,1324.65,3000
HINDUNILVR_F1,20180313,15:04,1325.05,1325.55,1323.95,1325.55,8400
HINDUNILVR_F1,20180313,15:05,1324.5,1324.5,1324.35,1324.35,1800
HINDUNILVR_F1,20180313,15:06,1324.55,1325.4,1323.15,1323.2,15600
HINDUNILVR_F1,20180313,15:07,1323.85,1324.15,1323.85,1324.15,4200
HINDUNILVR_F1,20180313,15:08,1324.35,1324.35,1323.15,1323.15,7200
HINDUNILVR_F1,20180313,15:09,1322.95,1323.8,1322.3,1322.3,12000
HINDUNILVR_F1,20180313,15:10,1323,1323,1320.85,1320.85,54000
HINDUNILVR_F1,20180313,15:11,1321.45,1323.15,1321.45,1322.4,21000
HINDUNILVR_F1,20180313,15:12,1322.8,1322.8,1320,1320.9,17400
HINDUNILVR_F1,20180313,15:13,1320.8,1320.8,1317.4,1317.4,10200
HINDUNILVR_F1,20180313,15:14,1318,1319.7,1317.55,1318.1,13800
HINDUNILVR_F1,20180313,15:15,1318.8,1320.1,1318,1318,8400
HINDUNILVR_F1,20180313,15:16,1318.5,1320.85,1318.25,1320.85,10200
HINDUNILVR_F1,20180313,15:17,1320.85,1320.85,1319.3,1319.65,9600
HINDUNILVR_F1,20180313,15:18,1319.6,1320.7,1319.6,1320.25,4200
HINDUNILVR_F1,20180313,15:19,1319.75,1321.75,1319.75,1321.05,8400
HINDUNILVR_F1,20180313,15:20,1319.95,1319.95,1317.8,1317.8,9600
HINDUNILVR_F1,20180313,15:21,1318.15,1319.7,1317.85,1318.9,7800
HINDUNILVR_F1,20180313,15:22,1320.25,1321,1319.8,1320.85,8400
HINDUNILVR_F1,20180313,15:23,1321.65,1321.95,1320.95,1321.95,6000
HINDUNILVR_F1,20180313,15:24,1322,1323.25,1322,1322.6,15000
HINDUNILVR_F1,20180313,15:25,1323.3,1324,1323.05,1324,6600
HINDUNILVR_F1,20180313,15:26,1324.35,1324.35,1323.65,1323.65,5400
HINDUNILVR_F1,20180313,15:27,1323.75,1324.3,1322.1,1322.3,11400
HINDUNILVR_F1,20180313,15:28,1322.8,1324.25,1321.45,1321.45,12600
HINDUNILVR_F1,20180313,15:29,1320.5,1320.85,1319.1,1320.15,7800
HINDUNILVR_F1,20180313,15:30,1321.35,1321.35,1318.35,1318.35,10800
HINDUNILVR_F1,20180313,16:36,1321.75,1321.75,1321.75,1321.75,1
