WIPRO,20180403,09:08,287.3,287.3,287.3,287.3,2716
WIPRO,20180403,09:16,287.05,287.35,285.95,286.05,14956
WIPRO,20180403,09:17,286.05,286.5,286,286.4,16536
WIPRO,20180403,09:18,286.2,286.2,285,285.2,9828
WIPRO,20180403,09:19,285.2,285.65,284.65,285.5,25533
WIPRO,20180403,09:20,285.5,285.6,285.4,285.5,10997
WIPRO,20180403,09:21,285.75,286.1,285.55,285.8,10009
WIPRO,20180403,09:22,285.8,285.9,285.7,285.75,9024
WIPRO,20180403,09:23,285.7,285.85,285.7,285.7,16834
WIPRO,20180403,09:24,285.7,285.75,285.15,285.15,8668
WIPRO,20180403,09:25,285.15,285.25,285.1,285.1,3109
WIPRO,20180403,09:26,285.1,285.25,285.05,285.1,6397
WIPRO,20180403,09:27,285.1,285.25,285.1,285.15,4058
WIPRO,20180403,09:28,285.1,285.4,285.1,285.1,12842
WIPRO,20180403,09:29,285.1,285.2,285.1,285.1,13244
WIPRO,20180403,09:30,285.1,285.1,284.3,284.4,22513
WIPRO,20180403,09:31,284.35,284.6,284.35,284.4,11670
WIPRO,20180403,09:32,284.4,284.4,284.05,284.25,8644
WIPRO,20180403,09:33,284.1,284.15,283.55,283.6,15089
WIPRO,20180403,09:34,283.6,284.2,283.55,284.1,20212
WIPRO,20180403,09:35,284.1,284.2,283.95,284.15,5167
WIPRO,20180403,09:36,284.1,284.8,284.05,284.65,10449
WIPRO,20180403,09:37,284.65,285.25,284.65,285.05,14796
WIPRO,20180403,09:38,284.9,285,284.8,284.95,4800
WIPRO,20180403,09:39,284.8,284.95,284.7,284.8,4105
WIPRO,20180403,09:40,284.75,284.8,284.55,284.6,3259
WIPRO,20180403,09:41,284.55,284.55,284.15,284.2,5095
WIPRO,20180403,09:42,284.2,284.4,284.05,284.2,2295
WIPRO,20180403,09:43,284.2,284.2,284.05,284.15,1938
WIPRO,20180403,09:44,284.15,284.15,284.05,284.15,3108
WIPRO,20180403,09:45,284.1,284.5,284,284.45,7045
WIPRO,20180403,09:46,284.45,284.5,284.1,284.5,8238
WIPRO,20180403,09:47,284.45,284.5,284.35,284.45,2829
WIPRO,20180403,09:48,284.45,284.65,284.45,284.55,16028
WIPRO,20180403,09:49,284.55,284.6,284.25,284.25,4398
WIPRO,20180403,09:50,284.25,284.35,284.2,284.2,2940
WIPRO,20180403,09:51,284.2,284.45,284.05,284.25,6479
WIPRO,20180403,09:52,284.1,284.2,283.65,283.75,19050
WIPRO,20180403,09:53,283.75,284,283.6,284,10402
WIPRO,20180403,09:54,283.9,284,283.65,283.9,3839
WIPRO,20180403,09:55,283.8,283.85,283.55,283.55,6852
WIPRO,20180403,09:56,283.75,283.85,283.6,283.8,7950
WIPRO,20180403,09:57,283.7,284.15,283.6,284.1,15159
WIPRO,20180403,09:58,284,284.6,284,284.3,17504
WIPRO,20180403,09:59,284.35,284.5,284.1,284.25,3603
WIPRO,20180403,10:00,284.25,284.45,284.1,284.35,9213
WIPRO,20180403,10:01,284.35,284.35,284.1,284.25,5687
WIPRO,20180403,10:02,284.15,284.25,284.15,284.25,8349
WIPRO,20180403,10:03,284.2,284.35,284.2,284.3,4239
WIPRO,20180403,10:04,284.3,284.5,284.25,284.4,8620
WIPRO,20180403,10:05,284.5,284.65,284.4,284.6,5014
WIPRO,20180403,10:06,284.5,284.95,284.5,284.7,17199
WIPRO,20180403,10:07,284.7,284.85,284.6,284.6,3910
WIPRO,20180403,10:08,284.55,284.8,284.55,284.75,4053
WIPRO,20180403,10:09,284.75,285.1,284.75,285.1,11733
WIPRO,20180403,10:10,285,285.1,284.75,284.9,8434
WIPRO,20180403,10:11,284.7,284.95,284.6,284.85,7085
WIPRO,20180403,10:12,284.7,284.85,284.6,284.65,4183
WIPRO,20180403,10:13,284.6,284.7,284.3,284.35,5067
WIPRO,20180403,10:14,284.5,284.5,284.2,284.2,5900
WIPRO,20180403,10:15,284.25,284.5,284.2,284.45,1769
WIPRO,20180403,10:16,284.45,284.6,284.4,284.6,1169
WIPRO,20180403,10:17,284.55,284.6,284.3,284.3,1327
WIPRO,20180403,10:18,284.3,284.5,284.3,284.45,1081
WIPRO,20180403,10:19,284.3,284.5,284.2,284.3,4690
WIPRO,20180403,10:20,284.3,284.45,284.3,284.45,1641
WIPRO,20180403,10:21,284.4,284.5,284.35,284.4,1888
WIPRO,20180403,10:22,284.35,284.4,284.3,284.3,2071
WIPRO,20180403,10:23,284.3,284.55,284.3,284.45,1469
WIPRO,20180403,10:24,284.4,284.5,284.35,284.45,1032
WIPRO,20180403,10:25,284.4,284.5,284.4,284.5,855
WIPRO,20180403,10:26,284.45,284.5,284.35,284.4,2906
WIPRO,20180403,10:27,284.35,284.5,284.3,284.45,4118
WIPRO,20180403,10:28,284.35,284.35,284.15,284.2,1680
WIPRO,20180403,10:29,284.15,284.3,283.9,283.9,6037
WIPRO,20180403,10:30,283.9,284.05,283.7,283.95,3038
WIPRO,20180403,10:31,283.95,284.1,283.9,283.95,2509
WIPRO,20180403,10:32,283.95,284.25,283.9,283.9,4696
WIPRO,20180403,10:33,283.9,284.05,283.9,284.05,1536
WIPRO,20180403,10:34,284,284.2,283.95,284.1,1956
WIPRO,20180403,10:35,284.1,284.2,284,284,2813
WIPRO,20180403,10:36,284,284.05,283.8,283.8,6847
WIPRO,20180403,10:37,283.8,283.9,283.7,283.8,3645
WIPRO,20180403,10:38,283.8,283.8,283.2,283.2,13753
WIPRO,20180403,10:39,283.35,283.4,283.05,283.1,12806
WIPRO,20180403,10:40,283.1,283.4,283.05,283.25,5083
WIPRO,20180403,10:41,283.15,283.25,283.15,283.25,2920
WIPRO,20180403,10:42,283.15,283.5,283.15,283.4,3733
WIPRO,20180403,10:43,283.4,283.6,283.4,283.6,6189
WIPRO,20180403,10:44,283.45,283.6,283.35,283.45,1367
WIPRO,20180403,10:45,283.4,283.45,283.35,283.4,1916
WIPRO,20180403,10:46,283.35,283.4,283.35,283.4,2366
WIPRO,20180403,10:47,283.35,283.4,283.2,283.3,3344
WIPRO,20180403,10:48,283.3,283.45,283.2,283.45,4301
WIPRO,20180403,10:49,283.45,283.45,283.2,283.3,2192
WIPRO,20180403,10:50,283.3,283.45,283.2,283.2,4410
WIPRO,20180403,10:51,283.25,283.4,283.2,283.3,1266
WIPRO,20180403,10:52,283.25,283.5,283.25,283.35,3509
WIPRO,20180403,10:53,283.3,283.5,283.25,283.3,3768
WIPRO,20180403,10:54,283.25,283.35,283.25,283.35,2742
WIPRO,20180403,10:55,283.35,283.5,283.3,283.4,2249
WIPRO,20180403,10:56,283.4,283.4,283.3,283.4,2297
WIPRO,20180403,10:57,283.35,283.5,283.35,283.35,1820
WIPRO,20180403,10:58,283.35,283.35,283.2,283.25,8015
WIPRO,20180403,10:59,283.2,283.3,283.2,283.3,2407
WIPRO,20180403,11:00,283.25,283.3,283.2,283.3,3098
WIPRO,20180403,11:01,283.2,283.55,283.2,283.4,8346
WIPRO,20180403,11:02,283.4,283.7,283.35,283.45,1554
WIPRO,20180403,11:03,283.4,283.55,283.4,283.55,2364
WIPRO,20180403,11:04,283.55,283.75,283.4,283.75,3762
WIPRO,20180403,11:05,283.65,283.95,283.6,283.75,4309
WIPRO,20180403,11:06,283.8,283.8,283.65,283.7,1847
WIPRO,20180403,11:07,283.7,283.95,283.6,283.8,3185
WIPRO,20180403,11:08,283.8,283.95,283.7,283.9,1473
WIPRO,20180403,11:09,283.75,283.8,283.65,283.65,2413
WIPRO,20180403,11:10,283.6,283.65,283.5,283.55,4426
WIPRO,20180403,11:11,283.45,283.55,283.4,283.45,1338
WIPRO,20180403,11:12,283.4,283.45,283.25,283.3,3286
WIPRO,20180403,11:13,283.25,283.3,283.2,283.3,2274
WIPRO,20180403,11:14,283.25,283.4,283.2,283.35,2358
WIPRO,20180403,11:15,283.3,283.65,283.25,283.6,1674
WIPRO,20180403,11:16,283.5,283.55,283.4,283.4,1747
WIPRO,20180403,11:17,283.4,283.5,283.2,283.3,6332
WIPRO,20180403,11:18,283.3,283.4,283.3,283.4,3321
WIPRO,20180403,11:19,283.3,283.5,283.3,283.5,2081
WIPRO,20180403,11:20,283.5,283.5,283.4,283.5,1692
WIPRO,20180403,11:21,283.45,283.55,283.45,283.5,1175
WIPRO,20180403,11:22,283.45,283.65,283.45,283.65,2242
WIPRO,20180403,11:23,283.65,283.65,283.4,283.55,5891
WIPRO,20180403,11:24,283.5,283.55,283.4,283.4,1110
WIPRO,20180403,11:25,283.4,283.5,283.35,283.45,3945
WIPRO,20180403,11:26,283.4,283.55,283.35,283.4,4109
WIPRO,20180403,11:27,283.4,283.5,283.3,283.45,1035
WIPRO,20180403,11:28,283.35,283.5,283.35,283.5,1056
WIPRO,20180403,11:29,283.45,283.45,283.4,283.4,2162
WIPRO,20180403,11:30,283.4,283.5,283.3,283.3,1046
WIPRO,20180403,11:31,283.3,283.4,283.3,283.35,3678
WIPRO,20180403,11:32,283.3,283.45,283.25,283.3,8866
WIPRO,20180403,11:33,283.25,283.45,283.2,283.25,1777
WIPRO,20180403,11:34,283.25,283.45,283.2,283.45,2956
WIPRO,20180403,11:35,283.25,283.45,283.25,283.45,1924
WIPRO,20180403,11:36,283.25,283.55,283.25,283.45,2514
WIPRO,20180403,11:37,283.25,283.35,283.2,283.25,999
WIPRO,20180403,11:38,283.3,283.5,283.2,283.3,1915
WIPRO,20180403,11:39,283.2,283.35,283.2,283.3,2782
WIPRO,20180403,11:40,283.35,283.45,283.2,283.4,1570
WIPRO,20180403,11:41,283.3,283.45,283.2,283.45,2403
WIPRO,20180403,11:42,283.3,283.4,283.2,283.35,1241
WIPRO,20180403,11:43,283.25,283.25,283.1,283.15,7676
WIPRO,20180403,11:44,283.2,283.5,283.15,283.45,2760
WIPRO,20180403,11:45,283.45,283.5,283.35,283.5,2366
WIPRO,20180403,11:46,283.4,283.45,283.2,283.4,1002
WIPRO,20180403,11:47,283.4,283.4,283.1,283.4,2896
WIPRO,20180403,11:48,283.3,283.5,283.25,283.5,1339
WIPRO,20180403,11:49,283.4,283.55,283.3,283.55,2467
WIPRO,20180403,11:50,283.5,283.75,283.35,283.55,2836
WIPRO,20180403,11:51,283.55,283.8,283.4,283.75,2550
WIPRO,20180403,11:52,283.6,283.8,283.6,283.8,2212
WIPRO,20180403,11:53,283.75,284.5,283.75,284.5,16018
WIPRO,20180403,11:54,284.25,284.45,284.15,284.15,2105
WIPRO,20180403,11:55,284.15,284.15,284,284.05,2596
WIPRO,20180403,11:56,284.15,284.2,284,284.1,4682
WIPRO,20180403,11:57,284,284.1,283.9,284,6480
WIPRO,20180403,11:58,283.9,284,283.85,283.95,2935
WIPRO,20180403,11:59,283.95,284,283.85,283.85,2446
WIPRO,20180403,12:00,283.85,284,283.85,283.95,1810
WIPRO,20180403,12:01,283.95,284,283.9,283.95,1716
WIPRO,20180403,12:02,283.95,284,283.55,283.6,2546
WIPRO,20180403,12:03,283.8,283.8,283.35,283.65,3577
WIPRO,20180403,12:04,283.55,283.55,283.25,283.25,9873
WIPRO,20180403,12:05,283.25,283.35,283.1,283.1,1893
WIPRO,20180403,12:06,283.15,283.3,283.1,283.3,5135
WIPRO,20180403,12:07,283.15,283.3,283.05,283.1,3216
WIPRO,20180403,12:08,283.1,283.4,283.1,283.3,2735
WIPRO,20180403,12:09,283.25,283.4,283.1,283.2,1737
WIPRO,20180403,12:10,283.15,283.25,283.1,283.2,1855
WIPRO,20180403,12:11,283.2,283.25,283.1,283.1,1544
WIPRO,20180403,12:12,283.1,283.45,283.1,283.2,6025
WIPRO,20180403,12:13,283.25,283.5,283.15,283.4,2620
WIPRO,20180403,12:14,283.35,283.35,283.15,283.25,2628
WIPRO,20180403,12:15,283.2,283.5,283.2,283.3,1799
WIPRO,20180403,12:16,283.3,283.5,283.2,283.35,2937
WIPRO,20180403,12:17,283.3,283.45,283.25,283.25,1524
WIPRO,20180403,12:18,283.25,283.3,283.2,283.25,1487
WIPRO,20180403,12:19,283.2,283.6,283.2,283.55,6485
WIPRO,20180403,12:20,283.6,283.65,283.45,283.6,2324
WIPRO,20180403,12:21,283.5,283.75,283.45,283.75,2643
WIPRO,20180403,12:22,283.55,283.9,283.5,283.6,1492
WIPRO,20180403,12:23,283.55,283.7,283.5,283.55,1314
WIPRO,20180403,12:24,283.6,283.6,283.4,283.6,2185
WIPRO,20180403,12:25,283.6,283.7,283.5,283.5,1323
WIPRO,20180403,12:26,283.5,283.6,283.5,283.5,2105
WIPRO,20180403,12:27,283.5,283.5,283.3,283.3,1946
WIPRO,20180403,12:28,283.3,283.5,283.3,283.35,1436
WIPRO,20180403,12:29,283.45,283.65,283.35,283.55,2348
WIPRO,20180403,12:30,283.55,283.6,283.4,283.45,752
WIPRO,20180403,12:31,283.45,283.65,283.35,283.6,2617
WIPRO,20180403,12:32,283.4,283.6,283.35,283.6,1113
WIPRO,20180403,12:33,283.45,283.75,283.4,283.75,1380
WIPRO,20180403,12:34,283.7,283.9,283.65,283.75,1560
WIPRO,20180403,12:35,283.75,283.8,283.55,283.55,2850
WIPRO,20180403,12:36,283.55,283.8,283.5,283.7,1537
WIPRO,20180403,12:37,283.7,284,283.7,283.75,1508
WIPRO,20180403,12:38,283.75,283.9,283.7,283.85,1273
WIPRO,20180403,12:39,283.8,283.85,283.8,283.85,1665
WIPRO,20180403,12:40,283.85,284.1,283.85,284.05,6136
WIPRO,20180403,12:41,284,284.2,284,284.15,3479
WIPRO,20180403,12:42,284.1,284.5,284.1,284.35,7857
WIPRO,20180403,12:43,284.25,284.45,284.2,284.25,4178
WIPRO,20180403,12:44,284.25,284.3,284.1,284.1,4241
WIPRO,20180403,12:45,284.05,284.35,284,284.05,3138
WIPRO,20180403,12:46,284.05,284.4,283.9,284.05,3106
WIPRO,20180403,12:47,283.85,284,283.65,283.7,5219
WIPRO,20180403,12:48,283.7,283.75,283.65,283.7,1365
WIPRO,20180403,12:49,283.65,283.7,283.55,283.65,2391
WIPRO,20180403,12:50,283.6,283.75,283.6,283.65,1475
WIPRO,20180403,12:51,283.6,283.75,283.6,283.7,2965
WIPRO,20180403,12:52,283.7,283.75,283.7,283.7,731
WIPRO,20180403,12:53,283.75,283.8,283.7,283.75,2521
WIPRO,20180403,12:54,283.75,283.85,283.7,283.7,516
WIPRO,20180403,12:55,283.7,283.85,283.7,283.85,1223
WIPRO,20180403,12:56,283.7,284,283.6,283.7,1913
WIPRO,20180403,12:57,283.7,283.95,283.7,283.8,886
WIPRO,20180403,12:58,283.8,283.95,283.8,283.95,741
WIPRO,20180403,12:59,283.9,284,283.85,283.9,3201
WIPRO,20180403,13:00,283.9,284.4,283.9,284.1,3203
WIPRO,20180403,13:01,284.1,284.25,284.05,284.2,1244
WIPRO,20180403,13:02,284.2,284.45,284.1,284.2,3172
WIPRO,20180403,13:03,284.25,284.3,284,284,4212
WIPRO,20180403,13:04,284,284.1,283.85,284.05,3105
WIPRO,20180403,13:05,284,284.2,284,284.15,663
WIPRO,20180403,13:06,284.15,284.15,284,284.05,411
WIPRO,20180403,13:07,284.05,284.2,284,284,966
WIPRO,20180403,13:08,284,284.05,284,284.05,1185
WIPRO,20180403,13:09,284.05,284.1,284,284,638
WIPRO,20180403,13:10,284,284.05,283.9,284.05,1087
WIPRO,20180403,13:11,283.9,284.05,283.85,283.85,1656
WIPRO,20180403,13:12,283.9,284.05,283.85,283.95,1096
WIPRO,20180403,13:13,284,284.05,283.95,284.05,758
WIPRO,20180403,13:14,284.05,284.1,283.85,283.9,9788
WIPRO,20180403,13:15,283.85,283.95,283.85,283.95,2083
WIPRO,20180403,13:16,283.85,283.85,283.6,283.6,4549
WIPRO,20180403,13:17,283.6,283.7,283.25,283.4,6756
WIPRO,20180403,13:18,283.45,283.5,283.35,283.35,1504
WIPRO,20180403,13:19,283.35,283.7,283.35,283.55,2867
WIPRO,20180403,13:20,283.35,283.4,283.25,283.3,2902
WIPRO,20180403,13:21,283.25,283.4,283.25,283.25,1563
WIPRO,20180403,13:22,283.3,283.4,283.3,283.3,766
WIPRO,20180403,13:23,283.3,283.4,283.3,283.3,1934
WIPRO,20180403,13:24,283.3,283.7,283.3,283.7,3959
WIPRO,20180403,13:25,283.6,283.6,283.35,283.55,968
WIPRO,20180403,13:26,283.4,283.6,283.4,283.45,1691
WIPRO,20180403,13:27,283.4,283.45,283.4,283.45,783
WIPRO,20180403,13:28,283.4,283.65,283.4,283.5,1402
WIPRO,20180403,13:29,283.45,283.6,283.45,283.45,920
WIPRO,20180403,13:30,283.45,283.55,283.4,283.45,669
WIPRO,20180403,13:31,283.45,283.6,283.4,283.55,1161
WIPRO,20180403,13:32,283.4,283.6,283.4,283.55,513
WIPRO,20180403,13:33,283.5,283.55,283.5,283.55,521
WIPRO,20180403,13:34,283.5,283.9,283.5,283.6,2146
WIPRO,20180403,13:35,283.6,283.6,283.5,283.6,1122
WIPRO,20180403,13:36,283.6,283.85,283.6,283.65,1354
WIPRO,20180403,13:37,283.6,283.85,283.6,283.6,1573
WIPRO,20180403,13:38,283.6,283.8,283.6,283.65,776
WIPRO,20180403,13:39,283.65,283.65,283.55,283.55,611
WIPRO,20180403,13:40,283.55,283.55,283.3,283.3,4403
WIPRO,20180403,13:41,283.3,283.4,283.3,283.4,954
WIPRO,20180403,13:42,283.4,283.45,283.3,283.4,774
WIPRO,20180403,13:43,283.35,283.55,283.35,283.45,1665
WIPRO,20180403,13:44,283.45,283.65,283.35,283.45,983
WIPRO,20180403,13:45,283.4,283.45,283.35,283.35,1265
WIPRO,20180403,13:46,283.35,283.35,283.25,283.3,3349
WIPRO,20180403,13:47,283.25,283.3,283.25,283.25,1641
WIPRO,20180403,13:48,283.3,283.3,283.25,283.3,697
WIPRO,20180403,13:49,283.25,283.4,283.25,283.4,3659
WIPRO,20180403,13:50,283.35,283.65,283.3,283.4,4969
WIPRO,20180403,13:51,283.4,283.55,283.35,283.5,1763
WIPRO,20180403,13:52,283.5,283.55,283.45,283.45,585
WIPRO,20180403,13:53,283.45,283.7,283.45,283.55,1770
WIPRO,20180403,13:54,283.55,283.9,283.45,283.55,2421
WIPRO,20180403,13:55,283.45,283.75,283.45,283.45,1675
WIPRO,20180403,13:56,283.45,283.75,283.45,283.5,776
WIPRO,20180403,13:57,283.55,283.75,283.5,283.75,1049
WIPRO,20180403,13:58,283.6,283.7,283.5,283.5,481
WIPRO,20180403,13:59,283.55,283.6,283.5,283.55,932
WIPRO,20180403,14:00,283.55,283.85,283.55,283.6,2294
WIPRO,20180403,14:01,283.55,283.75,283.55,283.7,713
WIPRO,20180403,14:02,283.7,283.7,283.55,283.6,1447
WIPRO,20180403,14:03,283.6,283.65,283.55,283.65,1190
WIPRO,20180403,14:04,283.6,283.65,283.3,283.5,6868
WIPRO,20180403,14:05,283.4,283.55,283.3,283.55,1445
WIPRO,20180403,14:06,283.35,283.45,283.3,283.3,1015
WIPRO,20180403,14:07,283.35,283.4,283.3,283.4,1215
WIPRO,20180403,14:08,283.3,283.4,283.3,283.4,398
WIPRO,20180403,14:09,283.35,283.35,283.3,283.35,743
WIPRO,20180403,14:10,283.3,283.4,283.3,283.4,8602
WIPRO,20180403,14:11,283.4,283.55,283.4,283.5,567
WIPRO,20180403,14:12,283.4,283.5,283.4,283.5,665
WIPRO,20180403,14:13,283.4,283.55,283.4,283.55,489
WIPRO,20180403,14:14,283.5,283.75,283.5,283.75,5244
WIPRO,20180403,14:15,283.7,283.9,283.7,283.8,1585
WIPRO,20180403,14:16,283.8,283.85,283.65,283.7,1405
WIPRO,20180403,14:17,283.7,283.85,283.7,283.8,1502
WIPRO,20180403,14:18,283.7,283.75,283.6,283.6,3951
WIPRO,20180403,14:19,283.5,283.5,283.4,283.5,3651
WIPRO,20180403,14:20,283.4,283.5,283.4,283.4,401
WIPRO,20180403,14:21,283.4,283.5,283.4,283.5,730
WIPRO,20180403,14:22,283.45,283.5,283.45,283.5,1112
WIPRO,20180403,14:23,283.5,283.5,283.5,283.5,374
WIPRO,20180403,14:24,283.45,283.5,283.4,283.5,362
WIPRO,20180403,14:25,283.4,283.5,283.4,283.5,673
WIPRO,20180403,14:26,283.45,283.75,283.4,283.55,3974
WIPRO,20180403,14:27,283.55,283.7,283.45,283.6,568
WIPRO,20180403,14:28,283.6,283.7,283.3,283.35,5715
WIPRO,20180403,14:29,283.35,283.7,283.35,283.7,1845
WIPRO,20180403,14:30,283.6,283.6,283.4,283.5,653
WIPRO,20180403,14:31,283.4,283.5,283.4,283.5,327
WIPRO,20180403,14:32,283.45,283.5,283.35,283.5,1965
WIPRO,20180403,14:33,283.4,283.5,283.35,283.45,314
WIPRO,20180403,14:34,283.35,283.5,283.35,283.5,569
WIPRO,20180403,14:35,283.4,283.55,283.4,283.55,1135
WIPRO,20180403,14:36,283.5,283.6,283.5,283.6,1096
WIPRO,20180403,14:37,283.55,283.65,283.35,283.5,2650
WIPRO,20180403,14:38,283.35,283.5,283.35,283.5,2932
WIPRO,20180403,14:39,283.4,283.7,283.4,283.7,3084
WIPRO,20180403,14:40,283.6,283.9,283.55,283.75,4238
WIPRO,20180403,14:41,283.65,283.75,283.5,283.5,574
WIPRO,20180403,14:42,283.5,283.8,283.5,283.8,1352
WIPRO,20180403,14:43,283.7,283.85,283.7,283.7,1131
WIPRO,20180403,14:44,283.6,283.8,283.5,283.55,6309
WIPRO,20180403,14:45,283.55,283.6,283.5,283.55,4790
WIPRO,20180403,14:46,283.5,283.6,283.5,283.55,3126
WIPRO,20180403,14:47,283.6,283.6,283.5,283.6,1828
WIPRO,20180403,14:48,283.55,283.6,283.5,283.55,579
WIPRO,20180403,14:49,283.5,283.75,283.5,283.55,3502
WIPRO,20180403,14:50,283.55,283.7,283.5,283.7,11330
WIPRO,20180403,14:51,283.7,283.95,283.7,283.9,4208
WIPRO,20180403,14:52,283.9,284.2,283.85,284.05,10163
WIPRO,20180403,14:53,283.85,284.15,283.65,283.9,5298
WIPRO,20180403,14:54,283.9,284.05,283.85,283.95,778
WIPRO,20180403,14:55,283.85,284.05,283.85,283.95,1750
WIPRO,20180403,14:56,283.9,284.2,283.85,284,3682
WIPRO,20180403,14:57,283.95,284.15,283.95,284,1997
WIPRO,20180403,14:58,283.95,284.15,283.6,283.65,4322
WIPRO,20180403,14:59,283.65,283.9,283.6,283.6,2105
WIPRO,20180403,15:00,283.65,283.95,283.6,283.7,2671
WIPRO,20180403,15:01,283.85,284.15,283.8,284.15,6884
WIPRO,20180403,15:02,284.1,284.15,283.9,284,8793
WIPRO,20180403,15:03,284.05,284.05,283.95,284,5149
WIPRO,20180403,15:04,284,284,283.75,283.75,4698
WIPRO,20180403,15:05,283.8,283.85,283.75,283.75,5550
WIPRO,20180403,15:06,283.8,283.8,283.7,283.8,6520
WIPRO,20180403,15:07,283.7,284,283.7,284,10304
WIPRO,20180403,15:08,283.8,284,283.8,283.95,4438
WIPRO,20180403,15:09,283.85,284,283.85,283.95,6439
WIPRO,20180403,15:10,283.95,284.15,283.9,283.95,9669
WIPRO,20180403,15:11,284.05,284.2,283.75,284,21392
WIPRO,20180403,15:12,283.9,283.95,283.7,283.85,7004
WIPRO,20180403,15:13,283.85,284,283.65,283.8,9386
WIPRO,20180403,15:14,283.7,284,283.65,284,9672
WIPRO,20180403,15:15,283.95,284.1,283.95,284,7860
WIPRO,20180403,15:16,284.1,284.1,283.65,283.9,29950
WIPRO,20180403,15:17,283.85,284,283.7,283.7,15853
WIPRO,20180403,15:18,283.7,283.9,283.7,283.8,5790
WIPRO,20180403,15:19,283.9,284,283.75,283.9,12927
WIPRO,20180403,15:20,283.85,283.95,283.7,283.75,6611
WIPRO,20180403,15:21,283.7,283.9,283.7,283.8,6756
WIPRO,20180403,15:22,283.8,283.95,283.75,283.85,7683
WIPRO,20180403,15:23,283.9,284.05,283.65,283.75,28046
WIPRO,20180403,15:24,283.75,284.05,283.65,284,18096
WIPRO,20180403,15:25,283.95,284.05,283.75,283.75,7432
WIPRO,20180403,15:26,283.85,283.95,283.75,283.95,10333
WIPRO,20180403,15:27,283.95,284.15,283.95,284.15,9472
WIPRO,20180403,15:28,284.15,284.25,284.15,284.2,10786
WIPRO,20180403,15:29,284.15,284.2,284.05,284.1,8991
WIPRO,20180403,15:30,284.2,284.3,284.1,284.25,11104
WIPRO,20180403,15:32,283.9,283.9,283.9,283.9,1
WIPRO,20180403,15:41,283.9,284.25,283.9,284.25,87
WIPRO,20180403,15:42,283.9,283.9,283.9,283.9,48
WIPRO,20180403,15:44,283.9,283.9,283.9,283.9,15
WIPRO,20180403,15:45,283.9,283.9,283.9,283.9,100
WIPRO,20180403,15:46,283.9,283.9,283.9,283.9,1
WIPRO,20180403,15:47,283.9,283.9,283.9,283.9,5
WIPRO,20180403,15:48,284.25,284.25,284.25,284.25,5
WIPRO,20180403,15:49,283.9,283.9,283.9,283.9,1
WIPRO,20180403,15:50,283.9,283.9,283.9,283.9,4
WIPRO,20180403,15:51,283.9,283.9,283.9,283.9,26
WIPRO,20180403,15:52,283.9,283.9,283.9,283.9,25
WIPRO,20180403,15:53,283.9,283.9,283.9,283.9,3
WIPRO,20180403,15:55,283.9,283.9,283.9,283.9,5
WIPRO,20180403,15:56,283.9,283.9,283.9,283.9,359
WIPRO,20180403,15:57,283.9,283.9,283.9,283.9,50
WIPRO,20180403,15:59,283.9,283.9,283.9,283.9,11
WIPRO,20180403,16:00,283.9,283.9,283.9,283.9,96
WIPRO,20180403,16:36,283.9,283.9,283.9,283.9,1
