VOLTAS_F1,20170605,09:16,502.3,503.95,502,503.95,18000
VOLTAS_F1,20170605,09:17,503.35,504,503.35,503.85,14000
VOLTAS_F1,20170605,09:18,503.35,503.35,502.55,502.65,18000
VOLTAS_F1,20170605,09:19,502.75,502.75,500.95,500.95,52000
VOLTAS_F1,20170605,09:20,500.5,500.7,499.25,499.25,38000
VOLTAS_F1,20170605,09:21,499.1,499.7,498.15,498.7,54000
VOLTAS_F1,20170605,09:22,498.15,498.55,497.75,498.55,46000
VOLTAS_F1,20170605,09:23,498.6,498.6,498.1,498.35,40000
VOLTAS_F1,20170605,09:24,498.35,498.8,498.35,498.5,18000
VOLTAS_F1,20170605,09:25,498.5,498.65,498.25,498.25,44000
VOLTAS_F1,20170605,09:26,498.1,498.2,497.05,497.3,66000
VOLTAS_F1,20170605,09:27,497.35,497.65,497,497.2,50000
VOLTAS_F1,20170605,09:28,497.4,497.4,496.3,496.65,62000
VOLTAS_F1,20170605,09:29,496.6,496.9,496.5,496.85,24000
VOLTAS_F1,20170605,09:30,497.2,497.25,496.85,496.85,30000
VOLTAS_F1,20170605,09:31,496.65,497,496.65,496.7,46000
VOLTAS_F1,20170605,09:32,496.95,497,496.8,496.9,12000
VOLTAS_F1,20170605,09:33,496.8,496.95,496.8,496.9,6000
VOLTAS_F1,20170605,09:34,496.8,497.25,496.8,497.1,28000
VOLTAS_F1,20170605,09:35,497.1,497.65,497.1,497.65,22000
VOLTAS_F1,20170605,09:36,497.75,498.45,497.75,497.8,26000
VOLTAS_F1,20170605,09:37,497.5,497.5,497,497,12000
VOLTAS_F1,20170605,09:38,496.85,497,496.75,497,32000
VOLTAS_F1,20170605,09:39,496.75,496.75,496.75,496.75,4000
VOLTAS_F1,20170605,09:40,496.8,497.5,496.8,497.25,24000
VOLTAS_F1,20170605,09:41,497.1,497.5,497.1,497.5,6000
VOLTAS_F1,20170605,09:42,497.9,498,497.7,497.7,8000
VOLTAS_F1,20170605,09:43,497.8,498.25,497.8,498.25,12000
VOLTAS_F1,20170605,09:44,498.15,498.5,498.15,498.35,16000
VOLTAS_F1,20170605,09:45,498.2,498.95,498.2,498.8,38000
VOLTAS_F1,20170605,09:46,499,499.4,499,499.4,18000
VOLTAS_F1,20170605,09:47,499.2,499.7,499.2,499.45,20000
VOLTAS_F1,20170605,09:48,499.45,499.45,499.4,499.4,4000
VOLTAS_F1,20170605,09:49,499.65,499.65,499.25,499.5,12000
VOLTAS_F1,20170605,09:50,499.25,500.15,499.25,500.15,36000
VOLTAS_F1,20170605,09:51,500.4,501.15,500.35,500.7,74000
VOLTAS_F1,20170605,09:52,501.3,501.3,500.9,501,30000
VOLTAS_F1,20170605,09:53,501.05,501.05,499.65,499.8,30000
VOLTAS_F1,20170605,09:54,499.95,500.2,499.9,499.9,12000
VOLTAS_F1,20170605,09:55,500,500.4,500,500.35,26000
VOLTAS_F1,20170605,09:56,499.95,500.2,499.7,499.7,10000
VOLTAS_F1,20170605,09:57,499.7,500,499.6,499.95,14000
VOLTAS_F1,20170605,09:58,499.95,500.2,499.85,499.85,20000
VOLTAS_F1,20170605,09:59,499.5,499.5,499.5,499.5,4000
VOLTAS_F1,20170605,10:00,499.15,499.85,499.15,499.85,8000
VOLTAS_F1,20170605,10:01,499.45,499.75,499.45,499.6,6000
VOLTAS_F1,20170605,10:02,499.75,500.2,499.75,500.2,16000
VOLTAS_F1,20170605,10:03,500,500.25,499.75,500.25,10000
VOLTAS_F1,20170605,10:04,500.2,500.2,500.2,500.2,2000
VOLTAS_F1,20170605,10:07,500.1,500.15,500,500,8000
VOLTAS_F1,20170605,10:08,500.4,500.5,500.4,500.45,20000
VOLTAS_F1,20170605,10:09,500.45,500.45,500.45,500.45,2000
VOLTAS_F1,20170605,10:10,500.35,500.35,500.35,500.35,4000
VOLTAS_F1,20170605,10:11,500.9,501.9,500.85,501.9,128000
VOLTAS_F1,20170605,10:12,502.05,504.95,502.05,502.4,306000
VOLTAS_F1,20170605,10:13,502.45,503.25,502.25,503,70000
VOLTAS_F1,20170605,10:14,502.95,502.95,502.2,502.5,66000
VOLTAS_F1,20170605,10:15,502.75,502.75,502.3,502.3,26000
VOLTAS_F1,20170605,10:16,502.55,502.8,502.55,502.65,24000
VOLTAS_F1,20170605,10:17,502.8,502.95,502.55,502.8,22000
VOLTAS_F1,20170605,10:18,503,503,503,503,18000
VOLTAS_F1,20170605,10:19,503.1,503.4,502.9,502.9,18000
VOLTAS_F1,20170605,10:20,502.8,503,502.8,503,14000
VOLTAS_F1,20170605,10:21,502.75,503,502.7,503,14000
VOLTAS_F1,20170605,10:22,502.8,502.8,502.5,502.5,16000
VOLTAS_F1,20170605,10:23,502.5,502.55,502.3,502.3,24000
VOLTAS_F1,20170605,10:24,502.35,502.35,501.5,501.5,32000
VOLTAS_F1,20170605,10:25,501.1,501.55,501.1,501.45,18000
VOLTAS_F1,20170605,10:26,501.45,501.45,501.45,501.45,6000
VOLTAS_F1,20170605,10:27,501.5,501.7,501.5,501.7,8000
VOLTAS_F1,20170605,10:28,501.65,501.65,501.5,501.5,6000
VOLTAS_F1,20170605,10:29,501.65,501.9,501.5,501.5,8000
VOLTAS_F1,20170605,10:30,501.45,501.45,501.35,501.35,6000
VOLTAS_F1,20170605,10:31,501.3,501.7,501.3,501.7,14000
VOLTAS_F1,20170605,10:34,501.5,501.5,501.5,501.5,4000
VOLTAS_F1,20170605,10:35,501.5,501.5,500.05,500.05,36000
VOLTAS_F1,20170605,10:36,499.9,500.5,499.85,500.2,30000
VOLTAS_F1,20170605,10:37,500.1,500.1,499.9,499.9,6000
VOLTAS_F1,20170605,10:38,500,500,499.1,499.1,48000
VOLTAS_F1,20170605,10:39,499.1,499.3,499.05,499.25,24000
VOLTAS_F1,20170605,10:40,499.15,499.35,498.65,498.7,28000
VOLTAS_F1,20170605,10:41,498.85,498.85,498.3,498.5,16000
VOLTAS_F1,20170605,10:42,498.7,498.7,498.3,498.3,12000
VOLTAS_F1,20170605,10:43,498.25,498.6,498.15,498.6,14000
VOLTAS_F1,20170605,10:44,498.4,498.7,498.4,498.6,8000
VOLTAS_F1,20170605,10:45,498.95,499.2,498.95,499.2,4000
VOLTAS_F1,20170605,10:46,499.85,499.85,499.5,499.5,10000
VOLTAS_F1,20170605,10:47,499.65,499.8,499.65,499.8,4000
VOLTAS_F1,20170605,10:48,499.7,499.7,499.4,499.4,4000
VOLTAS_F1,20170605,10:50,499.5,499.5,499.35,499.35,4000
VOLTAS_F1,20170605,10:51,499.4,499.4,499.4,499.4,4000
VOLTAS_F1,20170605,10:52,499.45,499.45,499.45,499.45,2000
VOLTAS_F1,20170605,10:54,499.5,499.6,499.5,499.6,4000
VOLTAS_F1,20170605,10:55,499.6,499.6,499.6,499.6,2000
VOLTAS_F1,20170605,10:57,499.85,499.9,499.85,499.9,6000
VOLTAS_F1,20170605,10:58,499.55,499.55,499.55,499.55,2000
VOLTAS_F1,20170605,10:59,499.6,499.65,499.6,499.65,4000
VOLTAS_F1,20170605,11:00,499.75,499.75,499.75,499.75,2000
VOLTAS_F1,20170605,11:01,499.9,499.9,499.9,499.9,8000
VOLTAS_F1,20170605,11:02,499.9,499.9,499,499,18000
VOLTAS_F1,20170605,11:03,499,499.2,499,499.05,12000
VOLTAS_F1,20170605,11:05,499.3,499.3,499.3,499.3,2000
VOLTAS_F1,20170605,11:06,499.3,499.3,499.25,499.25,6000
VOLTAS_F1,20170605,11:07,499.1,499.1,499,499,10000
VOLTAS_F1,20170605,11:08,499,499,499,499,8000
VOLTAS_F1,20170605,11:09,498.6,498.6,498.55,498.55,4000
VOLTAS_F1,20170605,11:10,498.55,498.6,498.5,498.5,12000
VOLTAS_F1,20170605,11:11,498.5,498.5,498.5,498.5,2000
VOLTAS_F1,20170605,11:12,498.7,498.8,498.6,498.6,10000
VOLTAS_F1,20170605,11:13,498.85,498.9,498.85,498.9,8000
VOLTAS_F1,20170605,11:14,499.05,499.05,499.05,499.05,4000
VOLTAS_F1,20170605,11:15,499.15,499.15,499,499,8000
VOLTAS_F1,20170605,11:16,499,499,499,499,2000
VOLTAS_F1,20170605,11:17,498.9,498.9,498.9,498.9,4000
VOLTAS_F1,20170605,11:18,498.55,498.55,498.55,498.55,4000
VOLTAS_F1,20170605,11:19,498.55,498.55,498.5,498.5,4000
VOLTAS_F1,20170605,11:22,498.5,498.5,498.5,498.5,2000
VOLTAS_F1,20170605,11:23,498.5,498.5,498.5,498.5,2000
VOLTAS_F1,20170605,11:24,498.5,498.55,498.4,498.4,8000
VOLTAS_F1,20170605,11:25,498.6,498.95,498.6,498.95,12000
VOLTAS_F1,20170605,11:26,499,499,499,499,2000
VOLTAS_F1,20170605,11:27,499,499,499,499,2000
VOLTAS_F1,20170605,11:29,498.65,498.65,498.5,498.5,4000
VOLTAS_F1,20170605,11:30,498.45,498.55,498.3,498.55,14000
VOLTAS_F1,20170605,11:31,498.7,499,498.7,499,12000
VOLTAS_F1,20170605,11:32,498.7,499.2,498.5,498.9,32000
VOLTAS_F1,20170605,11:33,499.15,499.15,498.85,498.85,6000
VOLTAS_F1,20170605,11:34,499.2,499.25,499.05,499.05,10000
VOLTAS_F1,20170605,11:35,499,499,499,499,4000
VOLTAS_F1,20170605,11:36,499,499.2,499,499.05,10000
VOLTAS_F1,20170605,11:37,499.05,499.35,499.05,499.1,8000
VOLTAS_F1,20170605,11:38,499.3,499.3,499.3,499.3,2000
VOLTAS_F1,20170605,11:39,499.1,499.1,499.1,499.1,2000
VOLTAS_F1,20170605,11:40,499.05,499.05,498.9,498.9,16000
VOLTAS_F1,20170605,11:41,499.2,499.2,499.2,499.2,4000
VOLTAS_F1,20170605,11:42,499.2,499.2,499.2,499.2,2000
VOLTAS_F1,20170605,11:43,499.25,499.25,499.25,499.25,2000
VOLTAS_F1,20170605,11:45,499.4,499.4,499.4,499.4,2000
VOLTAS_F1,20170605,11:46,499.45,499.5,499.45,499.5,8000
VOLTAS_F1,20170605,11:47,499.6,499.85,499.6,499.85,14000
VOLTAS_F1,20170605,11:48,500,500,499.75,499.95,10000
VOLTAS_F1,20170605,11:49,500,500,499.75,499.75,6000
VOLTAS_F1,20170605,11:51,499.9,499.9,499.9,499.9,2000
VOLTAS_F1,20170605,11:53,499.85,499.85,499.85,499.85,2000
VOLTAS_F1,20170605,11:54,499.8,499.8,499.8,499.8,2000
VOLTAS_F1,20170605,11:55,499.75,499.75,499.5,499.5,10000
VOLTAS_F1,20170605,11:56,499.45,499.45,499.45,499.45,2000
VOLTAS_F1,20170605,11:57,499,499.3,499,499.3,16000
VOLTAS_F1,20170605,11:58,499.1,499.15,498.9,498.9,8000
VOLTAS_F1,20170605,11:59,498.9,498.9,498.9,498.9,2000
VOLTAS_F1,20170605,12:00,499,499,499,499,2000
VOLTAS_F1,20170605,12:01,499.3,499.3,499.3,499.3,2000
VOLTAS_F1,20170605,12:02,499.4,499.4,499.4,499.4,2000
VOLTAS_F1,20170605,12:04,499.6,499.6,499.6,499.6,12000
VOLTAS_F1,20170605,12:05,499.85,499.95,499.85,499.85,8000
VOLTAS_F1,20170605,12:06,499.85,500.4,499.85,500.4,16000
VOLTAS_F1,20170605,12:07,500.4,500.4,500.2,500.35,6000
VOLTAS_F1,20170605,12:08,500.4,501,500,500,28000
VOLTAS_F1,20170605,12:09,500,500,499.7,499.7,8000
VOLTAS_F1,20170605,12:10,499.55,499.6,499.5,499.5,6000
VOLTAS_F1,20170605,12:11,499.65,499.65,499.65,499.65,4000
VOLTAS_F1,20170605,12:13,499.8,499.8,499.7,499.7,6000
VOLTAS_F1,20170605,12:15,500,500.45,500,500.45,4000
VOLTAS_F1,20170605,12:16,500.4,500.4,499.35,499.5,18000
VOLTAS_F1,20170605,12:17,499.35,500,499.35,500,20000
VOLTAS_F1,20170605,12:18,499.6,499.6,499.6,499.6,2000
VOLTAS_F1,20170605,12:19,499.85,499.85,499.45,499.45,8000
VOLTAS_F1,20170605,12:21,499.35,499.35,499.35,499.35,2000
VOLTAS_F1,20170605,12:23,499.55,499.55,499.55,499.55,2000
VOLTAS_F1,20170605,12:24,499.35,499.35,499.35,499.35,2000
VOLTAS_F1,20170605,12:26,499.65,499.65,499.05,499.05,8000
VOLTAS_F1,20170605,12:27,499,499.2,498.9,498.9,16000
VOLTAS_F1,20170605,12:29,498.9,498.9,498.9,498.9,2000
VOLTAS_F1,20170605,12:31,498.85,498.85,498.85,498.85,2000
VOLTAS_F1,20170605,12:32,499.2,499.55,499.2,499.55,8000
VOLTAS_F1,20170605,12:33,499.55,499.55,499.55,499.55,2000
VOLTAS_F1,20170605,12:34,499.9,499.9,499.65,499.65,4000
VOLTAS_F1,20170605,12:35,499.65,500.15,499.65,500.15,14000
VOLTAS_F1,20170605,12:37,499.7,499.95,499.7,499.95,6000
VOLTAS_F1,20170605,12:38,499.8,499.8,499.8,499.8,2000
VOLTAS_F1,20170605,12:39,499.8,499.8,499.8,499.8,2000
VOLTAS_F1,20170605,12:40,499.8,499.8,499.8,499.8,2000
VOLTAS_F1,20170605,12:41,499.8,499.8,499.8,499.8,4000
VOLTAS_F1,20170605,12:42,499.75,499.75,499.75,499.75,2000
VOLTAS_F1,20170605,12:43,500.15,501.1,500.15,500.55,42000
VOLTAS_F1,20170605,12:44,500.8,500.8,500.1,500.1,16000
VOLTAS_F1,20170605,12:45,499.75,499.75,499.75,499.75,2000
VOLTAS_F1,20170605,12:47,500.3,500.3,500.3,500.3,2000
VOLTAS_F1,20170605,12:48,500,500,500,500,6000
VOLTAS_F1,20170605,12:49,499.75,500,499.75,500,4000
VOLTAS_F1,20170605,12:50,500,500,500,500,2000
VOLTAS_F1,20170605,12:51,500.2,500.2,500.2,500.2,2000
VOLTAS_F1,20170605,12:52,500.2,500.2,499.95,499.95,6000
VOLTAS_F1,20170605,12:54,499.85,499.85,499.5,499.5,6000
VOLTAS_F1,20170605,12:55,499.3,499.5,499.3,499.5,4000
VOLTAS_F1,20170605,12:56,499.25,499.25,499.25,499.25,2000
VOLTAS_F1,20170605,12:57,499.35,499.35,499.35,499.35,2000
VOLTAS_F1,20170605,12:58,499.35,499.35,499.35,499.35,2000
VOLTAS_F1,20170605,13:01,499.2,499.45,499.2,499.45,6000
VOLTAS_F1,20170605,13:02,499.2,499.2,499.05,499.05,6000
VOLTAS_F1,20170605,13:03,499,499,499,499,4000
VOLTAS_F1,20170605,13:04,498.85,498.85,498.85,498.85,2000
VOLTAS_F1,20170605,13:05,498.7,498.85,498.55,498.65,8000
VOLTAS_F1,20170605,13:06,498.45,498.5,498.45,498.5,16000
VOLTAS_F1,20170605,13:07,498.45,498.65,498.45,498.65,6000
VOLTAS_F1,20170605,13:08,499,499,499,499,2000
VOLTAS_F1,20170605,13:09,498.8,498.8,498.8,498.8,2000
VOLTAS_F1,20170605,13:10,498.6,498.6,497,497,82000
VOLTAS_F1,20170605,13:11,497,497.7,497,497.4,46000
VOLTAS_F1,20170605,13:12,497.3,497.95,497,497.65,26000
VOLTAS_F1,20170605,13:13,497.3,498.3,497.3,497.9,50000
VOLTAS_F1,20170605,13:14,497.8,497.85,497.55,497.85,6000
VOLTAS_F1,20170605,13:15,497.75,498.3,497.75,498.3,8000
VOLTAS_F1,20170605,13:16,498,498.1,497.5,497.5,12000
VOLTAS_F1,20170605,13:17,497.5,497.5,497.5,497.5,2000
VOLTAS_F1,20170605,13:18,497.35,497.6,497.35,497.5,6000
VOLTAS_F1,20170605,13:19,497.35,497.55,497.35,497.55,8000
VOLTAS_F1,20170605,13:20,497.7,497.7,497.4,497.45,10000
VOLTAS_F1,20170605,13:21,497.25,497.25,496.8,497,30000
VOLTAS_F1,20170605,13:22,497,497,496.7,496.7,18000
VOLTAS_F1,20170605,13:23,496.6,497,496.6,496.65,26000
VOLTAS_F1,20170605,13:24,497,497.1,497,497.1,4000
VOLTAS_F1,20170605,13:25,497,497,497,497,2000
VOLTAS_F1,20170605,13:26,497.3,497.35,497.3,497.35,6000
VOLTAS_F1,20170605,13:27,497.5,497.7,497.5,497.7,6000
VOLTAS_F1,20170605,13:28,497.4,497.5,497.4,497.5,4000
VOLTAS_F1,20170605,13:29,497.6,497.75,497.6,497.75,16000
VOLTAS_F1,20170605,13:31,497.75,497.75,497.6,497.6,4000
VOLTAS_F1,20170605,13:32,497.8,497.8,497.8,497.8,2000
VOLTAS_F1,20170605,13:33,497.7,498,497.7,497.9,10000
VOLTAS_F1,20170605,13:34,497.55,497.55,497.5,497.5,12000
VOLTAS_F1,20170605,13:35,497.5,497.5,497.5,497.5,4000
VOLTAS_F1,20170605,13:36,497.5,497.5,497.5,497.5,2000
VOLTAS_F1,20170605,13:37,497.3,497.5,497.3,497.5,12000
VOLTAS_F1,20170605,13:38,497,497,496.9,496.9,34000
VOLTAS_F1,20170605,13:39,496.95,497.05,496.95,497,12000
VOLTAS_F1,20170605,13:40,497,497,497,497,2000
VOLTAS_F1,20170605,13:42,497,497,497,497,14000
VOLTAS_F1,20170605,13:43,497.2,497.75,497.2,497.6,18000
VOLTAS_F1,20170605,13:44,497.95,497.95,497.7,497.7,6000
VOLTAS_F1,20170605,13:45,497.5,497.5,497.5,497.5,2000
VOLTAS_F1,20170605,13:46,497.45,497.45,497.2,497.2,8000
VOLTAS_F1,20170605,13:47,497.2,497.5,497.2,497.5,8000
VOLTAS_F1,20170605,13:48,497.6,497.6,497.6,497.6,4000
VOLTAS_F1,20170605,13:49,497.7,497.7,497.55,497.55,4000
VOLTAS_F1,20170605,13:50,497.75,497.9,497.75,497.9,6000
VOLTAS_F1,20170605,13:51,497.95,498,497.95,498,6000
VOLTAS_F1,20170605,13:52,498,498,498,498,4000
VOLTAS_F1,20170605,13:54,498.2,498.2,498.2,498.2,8000
VOLTAS_F1,20170605,13:55,498.2,498.5,498.2,498.5,10000
VOLTAS_F1,20170605,13:57,498.7,498.7,498.6,498.6,6000
VOLTAS_F1,20170605,13:58,498.5,498.5,498.3,498.3,4000
VOLTAS_F1,20170605,13:59,498.5,498.5,498.5,498.5,2000
VOLTAS_F1,20170605,14:00,498.25,498.25,498.25,498.25,2000
VOLTAS_F1,20170605,14:01,498.6,498.8,498.6,498.8,10000
VOLTAS_F1,20170605,14:02,498.8,498.8,498.8,498.8,2000
VOLTAS_F1,20170605,14:03,498.75,498.75,498.55,498.55,4000
VOLTAS_F1,20170605,14:04,498.2,498.2,498.2,498.2,6000
VOLTAS_F1,20170605,14:05,498.2,498.2,498.2,498.2,6000
VOLTAS_F1,20170605,14:08,498.3,498.3,498.3,498.3,2000
VOLTAS_F1,20170605,14:09,498.35,498.35,498.35,498.35,2000
VOLTAS_F1,20170605,14:11,498.35,498.35,498.35,498.35,2000
VOLTAS_F1,20170605,14:12,498.5,498.6,498.5,498.6,6000
VOLTAS_F1,20170605,14:13,498.5,498.5,498.5,498.5,2000
VOLTAS_F1,20170605,14:14,498.7,498.7,498.7,498.7,2000
VOLTAS_F1,20170605,14:16,498.7,498.7,498.7,498.7,2000
VOLTAS_F1,20170605,14:17,498.4,498.4,498.4,498.4,2000
VOLTAS_F1,20170605,14:19,498.35,498.35,498.3,498.3,8000
VOLTAS_F1,20170605,14:20,498.25,498.25,498.1,498.1,6000
VOLTAS_F1,20170605,14:21,498.45,498.45,498.45,498.45,2000
VOLTAS_F1,20170605,14:24,498.55,498.55,498.55,498.55,2000
VOLTAS_F1,20170605,14:25,498.35,498.35,498.1,498.1,6000
VOLTAS_F1,20170605,14:27,498.5,498.5,498.5,498.5,2000
VOLTAS_F1,20170605,14:28,498.45,498.45,498.45,498.45,4000
VOLTAS_F1,20170605,14:29,498.45,498.45,498.45,498.45,2000
VOLTAS_F1,20170605,14:30,498.2,498.2,498.2,498.2,2000
VOLTAS_F1,20170605,14:33,498.5,498.5,498.5,498.5,4000
VOLTAS_F1,20170605,14:35,498.6,498.65,498.6,498.65,4000
VOLTAS_F1,20170605,14:37,498.15,498.15,498.15,498.15,4000
VOLTAS_F1,20170605,14:39,498.2,498.2,498.2,498.2,2000
VOLTAS_F1,20170605,14:41,498.4,498.4,498.4,498.4,6000
VOLTAS_F1,20170605,14:43,498.3,498.3,498.1,498.1,16000
VOLTAS_F1,20170605,14:44,498,498,497.15,497.4,12000
VOLTAS_F1,20170605,14:45,497.45,497.45,497.35,497.35,4000
VOLTAS_F1,20170605,14:46,497.15,497.15,497.15,497.15,2000
VOLTAS_F1,20170605,14:48,497.4,497.45,497.3,497.3,8000
VOLTAS_F1,20170605,14:50,497.5,497.5,497.5,497.5,2000
VOLTAS_F1,20170605,14:51,497.5,497.5,497.15,497.15,8000
VOLTAS_F1,20170605,14:52,497.5,497.5,497.5,497.5,2000
VOLTAS_F1,20170605,14:53,497.15,497.15,496.85,496.85,30000
VOLTAS_F1,20170605,14:54,496.8,497.2,496.8,497.2,10000
VOLTAS_F1,20170605,14:55,497.45,497.5,497.15,497.25,12000
VOLTAS_F1,20170605,14:57,497.35,497.55,497.3,497.55,8000
VOLTAS_F1,20170605,14:59,497.4,497.65,497.4,497.65,6000
VOLTAS_F1,20170605,15:00,497.3,497.3,497.3,497.3,2000
VOLTAS_F1,20170605,15:01,498,498,498,498,4000
VOLTAS_F1,20170605,15:02,497.6,497.8,497.6,497.8,8000
VOLTAS_F1,20170605,15:03,497.45,497.45,497.45,497.45,2000
VOLTAS_F1,20170605,15:04,497.75,497.75,497.75,497.75,2000
VOLTAS_F1,20170605,15:05,497.8,497.85,497.8,497.8,12000
VOLTAS_F1,20170605,15:06,497.95,498,497.95,498,8000
VOLTAS_F1,20170605,15:07,498.15,498.2,498,498.2,10000
VOLTAS_F1,20170605,15:08,498.05,498.05,497.85,497.85,16000
VOLTAS_F1,20170605,15:09,497.95,498,497.95,498,6000
VOLTAS_F1,20170605,15:10,498,498,497.75,497.75,4000
VOLTAS_F1,20170605,15:11,497.6,497.6,497.6,497.6,4000
VOLTAS_F1,20170605,15:12,497.75,497.75,497.45,497.6,20000
VOLTAS_F1,20170605,15:13,497.5,497.75,497.5,497.75,14000
VOLTAS_F1,20170605,15:14,497.75,497.75,497.75,497.75,2000
VOLTAS_F1,20170605,15:15,497.75,497.75,497.75,497.75,2000
VOLTAS_F1,20170605,15:16,497.7,497.9,497.5,497.75,36000
VOLTAS_F1,20170605,15:17,497.8,497.8,497.2,497.2,14000
VOLTAS_F1,20170605,15:18,497.2,497.4,497.15,497.4,38000
VOLTAS_F1,20170605,15:19,497.2,497.4,497.2,497.35,16000
VOLTAS_F1,20170605,15:20,497.35,497.4,497.05,497.4,36000
VOLTAS_F1,20170605,15:21,497.4,497.4,497.05,497.05,46000
VOLTAS_F1,20170605,15:22,497.1,497.1,496.75,496.85,60000
VOLTAS_F1,20170605,15:23,496.8,497.85,496.8,497.5,50000
VOLTAS_F1,20170605,15:24,497.85,497.95,497.85,497.95,8000
VOLTAS_F1,20170605,15:25,497.9,497.95,497.65,497.65,22000
VOLTAS_F1,20170605,15:26,497.8,497.95,497.75,497.75,14000
VOLTAS_F1,20170605,15:27,497.75,497.9,497.6,497.6,18000
VOLTAS_F1,20170605,15:28,497.65,497.75,497.55,497.65,12000
VOLTAS_F1,20170605,15:29,497.4,497.7,497.4,497.6,24000
VOLTAS_F1,20170605,15:30,497.55,497.65,497.1,497.1,30000
VOLTAS_F1,20170605,16:37,497.5,497.5,497.5,497.5,1
