CENTURYTEX,20190221,09:08,737.00,737.00,737.00,737.00,570,0
CENTURYTEX,20190221,09:16,740.05,741.50,739.05,739.05,4214,0
CENTURYTEX,20190221,09:17,740.00,744.20,740.00,744.20,4673,0
CENTURYTEX,20190221,09:18,743.20,743.75,739.00,739.15,4481,0
CENTURYTEX,20190221,09:19,739.55,741.00,739.55,740.75,1781,0
CENTURYTEX,20190221,09:20,740.70,742.85,740.70,742.50,2131,0
CENTURYTEX,20190221,09:21,742.80,743.20,742.00,742.90,3781,0
CENTURYTEX,20190221,09:22,742.90,744.00,742.75,744.00,8522,0
CENTURYTEX,20190221,09:23,744.00,744.00,742.05,743.90,6318,0
CENTURYTEX,20190221,09:24,744.05,745.00,743.00,745.00,3180,0
CENTURYTEX,20190221,09:25,744.65,745.95,744.65,745.70,3480,0
CENTURYTEX,20190221,09:26,745.65,745.65,744.45,745.20,2159,0
CENTURYTEX,20190221,09:27,745.50,746.00,745.05,745.15,1432,0
CENTURYTEX,20190221,09:28,745.15,745.35,744.00,744.00,819,0
CENTURYTEX,20190221,09:29,744.00,744.00,742.50,743.15,1210,0
CENTURYTEX,20190221,09:30,743.50,743.90,743.00,743.30,571,0
CENTURYTEX,20190221,09:31,743.80,744.90,743.80,744.35,2049,0
CENTURYTEX,20190221,09:32,744.50,744.80,744.00,744.20,1805,0
CENTURYTEX,20190221,09:33,745.00,745.00,744.50,745.00,2093,0
CENTURYTEX,20190221,09:34,745.10,745.25,744.50,745.25,2853,0
CENTURYTEX,20190221,09:35,745.30,745.40,744.65,745.40,1134,0
CENTURYTEX,20190221,09:36,745.95,746.65,745.50,745.60,6575,0
CENTURYTEX,20190221,09:37,745.50,745.50,744.20,744.85,1796,0
CENTURYTEX,20190221,09:38,744.95,745.70,744.95,745.70,452,0
CENTURYTEX,20190221,09:39,746.00,746.45,745.45,745.75,1731,0
CENTURYTEX,20190221,09:40,745.50,745.60,744.50,744.60,1190,0
CENTURYTEX,20190221,09:41,745.00,746.50,744.80,746.40,1873,0
CENTURYTEX,20190221,09:42,746.40,747.00,745.90,747.00,3105,0
CENTURYTEX,20190221,09:43,747.00,748.20,746.80,747.50,5747,0
CENTURYTEX,20190221,09:44,747.50,748.20,747.20,747.50,3372,0
CENTURYTEX,20190221,09:45,747.10,747.80,747.10,747.75,620,0
CENTURYTEX,20190221,09:46,747.50,747.90,747.30,747.30,1062,0
CENTURYTEX,20190221,09:47,747.30,747.30,746.00,746.05,2284,0
CENTURYTEX,20190221,09:48,746.50,747.00,746.15,747.00,932,0
CENTURYTEX,20190221,09:49,747.00,748.10,747.00,747.80,2237,0
CENTURYTEX,20190221,09:50,748.10,748.10,746.75,747.00,1100,0
CENTURYTEX,20190221,09:51,746.75,748.00,746.75,748.00,3161,0
CENTURYTEX,20190221,09:52,747.95,748.00,746.75,746.75,2560,0
CENTURYTEX,20190221,09:53,746.75,746.75,746.30,746.75,1339,0
CENTURYTEX,20190221,09:54,746.85,746.85,745.30,745.90,2973,0
CENTURYTEX,20190221,09:55,745.95,746.80,745.95,746.60,549,0
CENTURYTEX,20190221,09:56,746.60,746.60,745.25,745.25,1247,0
CENTURYTEX,20190221,09:57,745.60,746.70,745.60,746.70,2221,0
CENTURYTEX,20190221,09:58,747.50,747.90,747.15,747.50,2078,0
CENTURYTEX,20190221,09:59,747.50,749.80,747.50,749.75,7554,0
CENTURYTEX,20190221,10:00,749.10,749.45,747.95,747.95,2633,0
CENTURYTEX,20190221,10:01,748.05,749.15,748.05,748.95,1239,0
CENTURYTEX,20190221,10:02,748.90,750.05,748.90,749.90,5994,0
CENTURYTEX,20190221,10:03,749.90,749.90,748.90,748.90,1105,0
CENTURYTEX,20190221,10:04,749.00,749.00,748.20,748.90,1778,0
CENTURYTEX,20190221,10:05,748.90,749.00,748.60,749.00,1595,0
CENTURYTEX,20190221,10:06,749.00,749.00,748.05,748.90,1329,0
CENTURYTEX,20190221,10:07,748.75,748.80,748.00,748.15,624,0
CENTURYTEX,20190221,10:08,748.05,748.50,748.00,748.30,836,0
CENTURYTEX,20190221,10:09,748.30,748.85,748.00,748.45,722,0
CENTURYTEX,20190221,10:10,749.00,749.00,748.60,748.60,1633,0
CENTURYTEX,20190221,10:11,749.05,751.00,748.95,750.50,7491,0
CENTURYTEX,20190221,10:12,750.45,751.00,750.35,750.95,3808,0
CENTURYTEX,20190221,10:13,750.90,751.20,750.40,751.20,4579,0
CENTURYTEX,20190221,10:14,752.00,752.50,751.30,752.50,5282,0
CENTURYTEX,20190221,10:15,752.25,752.35,751.50,751.80,2886,0
CENTURYTEX,20190221,10:16,752.25,752.55,752.15,752.50,2718,0
CENTURYTEX,20190221,10:17,752.60,753.70,752.60,753.45,6194,0
CENTURYTEX,20190221,10:18,753.50,754.00,753.50,754.00,4908,0
CENTURYTEX,20190221,10:19,753.95,755.00,753.80,754.60,8952,0
CENTURYTEX,20190221,10:20,755.00,755.40,754.50,755.00,11784,0
CENTURYTEX,20190221,10:21,755.00,755.80,754.95,755.30,8657,0
CENTURYTEX,20190221,10:22,755.30,755.80,754.90,755.00,4981,0
CENTURYTEX,20190221,10:23,755.00,755.45,754.35,754.35,5229,0
CENTURYTEX,20190221,10:24,754.50,754.50,753.25,753.60,2806,0
CENTURYTEX,20190221,10:25,753.95,753.95,752.70,752.85,5594,0
CENTURYTEX,20190221,10:26,753.25,753.50,752.80,753.10,2313,0
CENTURYTEX,20190221,10:27,753.50,755.00,753.50,754.10,12861,0
CENTURYTEX,20190221,10:28,754.30,754.50,754.00,754.50,2327,0
CENTURYTEX,20190221,10:29,754.45,754.50,754.00,754.40,666,0
CENTURYTEX,20190221,10:30,754.05,754.35,753.90,754.00,1652,0
CENTURYTEX,20190221,10:31,753.90,754.00,753.60,753.60,635,0
CENTURYTEX,20190221,10:32,753.60,753.70,752.70,753.40,515,0
CENTURYTEX,20190221,10:33,752.75,752.95,752.30,752.80,2604,0
CENTURYTEX,20190221,10:34,752.85,752.85,752.00,752.05,2593,0
CENTURYTEX,20190221,10:35,752.05,753.00,752.05,753.00,228,0
CENTURYTEX,20190221,10:36,753.00,753.65,752.55,752.85,570,0
CENTURYTEX,20190221,10:37,752.85,753.00,752.00,752.00,1195,0
CENTURYTEX,20190221,10:38,752.00,752.35,751.25,752.10,2082,0
CENTURYTEX,20190221,10:39,751.80,751.80,751.00,751.65,1953,0
CENTURYTEX,20190221,10:40,751.85,751.90,751.60,751.60,667,0
CENTURYTEX,20190221,10:41,751.60,752.00,751.60,751.70,431,0
CENTURYTEX,20190221,10:42,752.00,752.55,751.75,752.10,1252,0
CENTURYTEX,20190221,10:43,752.10,752.70,752.10,752.40,1144,0
CENTURYTEX,20190221,10:44,752.70,753.00,752.65,753.00,965,0
CENTURYTEX,20190221,10:45,753.00,753.00,752.70,752.75,124,0
CENTURYTEX,20190221,10:46,752.75,753.40,752.60,753.30,1367,0
CENTURYTEX,20190221,10:47,753.35,753.40,752.90,753.00,324,0
CENTURYTEX,20190221,10:48,753.00,753.40,753.00,753.40,953,0
CENTURYTEX,20190221,10:49,753.40,753.40,753.05,753.05,961,0
CENTURYTEX,20190221,10:50,752.60,752.95,750.85,751.20,2519,0
CENTURYTEX,20190221,10:51,751.70,752.20,751.70,752.20,272,0
CENTURYTEX,20190221,10:52,752.20,752.40,752.00,752.40,246,0
CENTURYTEX,20190221,10:53,752.25,753.35,752.25,753.35,265,0
CENTURYTEX,20190221,10:54,752.50,753.00,752.50,752.50,183,0
CENTURYTEX,20190221,10:55,752.50,752.50,752.15,752.45,191,0
CENTURYTEX,20190221,10:56,752.00,752.25,752.00,752.25,208,0
CENTURYTEX,20190221,10:57,752.50,752.50,751.95,752.00,563,0
CENTURYTEX,20190221,10:58,752.00,752.00,751.90,751.90,557,0
CENTURYTEX,20190221,10:59,751.90,751.90,751.90,751.90,204,0
CENTURYTEX,20190221,11:00,751.90,752.50,751.80,752.50,1169,0
CENTURYTEX,20190221,11:01,752.70,753.85,752.70,753.35,168,0
CENTURYTEX,20190221,11:02,753.85,754.00,753.30,753.45,390,0
CENTURYTEX,20190221,11:03,753.50,753.80,753.35,753.80,155,0
CENTURYTEX,20190221,11:04,753.75,753.95,753.40,753.40,536,0
CENTURYTEX,20190221,11:05,753.90,754.05,753.75,753.75,1336,0
CENTURYTEX,20190221,11:06,753.85,754.45,753.85,754.00,941,0
CENTURYTEX,20190221,11:07,754.40,754.80,754.05,754.30,636,0
CENTURYTEX,20190221,11:08,754.30,754.85,754.30,754.85,158,0
CENTURYTEX,20190221,11:09,754.50,754.50,754.50,754.50,21,0
CENTURYTEX,20190221,11:10,754.50,755.60,754.50,755.50,7994,0
CENTURYTEX,20190221,11:11,755.50,755.50,754.85,755.25,1787,0
CENTURYTEX,20190221,11:12,754.85,757.50,754.85,756.60,10750,0
CENTURYTEX,20190221,11:13,756.60,757.50,756.60,757.25,5891,0
CENTURYTEX,20190221,11:14,757.25,757.40,756.60,757.00,2344,0
CENTURYTEX,20190221,11:15,756.75,757.90,756.60,757.50,2823,0
CENTURYTEX,20190221,11:16,757.50,757.50,756.05,756.20,4039,0
CENTURYTEX,20190221,11:17,756.25,756.25,756.00,756.00,531,0
CENTURYTEX,20190221,11:18,756.00,756.65,756.00,756.65,265,0
CENTURYTEX,20190221,11:19,756.95,757.50,756.95,757.45,1550,0
CENTURYTEX,20190221,11:20,757.15,757.50,756.30,756.70,635,0
CENTURYTEX,20190221,11:21,756.30,756.30,755.40,756.00,1633,0
CENTURYTEX,20190221,11:22,755.80,756.40,755.80,756.00,144,0
CENTURYTEX,20190221,11:23,756.10,757.15,756.10,757.00,349,0
CENTURYTEX,20190221,11:24,756.40,757.00,756.40,756.50,1317,0
CENTURYTEX,20190221,11:25,756.40,757.00,756.20,756.60,1928,0
CENTURYTEX,20190221,11:26,756.40,756.60,756.40,756.40,59,0
CENTURYTEX,20190221,11:27,756.40,756.55,755.55,755.55,1472,0
CENTURYTEX,20190221,11:28,755.50,755.60,754.65,755.45,2876,0
CENTURYTEX,20190221,11:29,755.60,756.05,755.60,755.70,523,0
CENTURYTEX,20190221,11:30,755.65,755.70,755.00,755.00,554,0
CENTURYTEX,20190221,11:31,755.10,755.60,755.10,755.15,99,0
CENTURYTEX,20190221,11:32,755.10,755.55,755.10,755.55,203,0
CENTURYTEX,20190221,11:33,755.60,756.25,755.55,755.55,1031,0
CENTURYTEX,20190221,11:34,755.85,756.20,755.85,756.00,376,0
CENTURYTEX,20190221,11:35,756.00,756.20,756.00,756.20,544,0
CENTURYTEX,20190221,11:36,755.00,756.00,755.00,755.90,2001,0
CENTURYTEX,20190221,11:37,755.90,755.95,755.70,755.95,651,0
CENTURYTEX,20190221,11:38,755.70,757.80,755.70,757.80,1952,0
CENTURYTEX,20190221,11:39,757.85,757.85,757.50,757.70,214,0
CENTURYTEX,20190221,11:40,757.85,757.85,757.40,757.45,910,0
CENTURYTEX,20190221,11:41,757.55,757.75,757.35,757.55,176,0
CENTURYTEX,20190221,11:42,757.55,757.55,756.00,756.00,803,0
CENTURYTEX,20190221,11:43,756.35,756.85,756.20,756.20,214,0
CENTURYTEX,20190221,11:44,756.05,756.95,756.05,756.65,1350,0
CENTURYTEX,20190221,11:45,756.20,757.35,756.05,757.35,851,0
CENTURYTEX,20190221,11:46,757.00,757.30,756.55,756.60,1681,0
CENTURYTEX,20190221,11:47,756.80,757.50,756.80,757.00,733,0
CENTURYTEX,20190221,11:48,757.00,757.00,756.00,756.00,1518,0
CENTURYTEX,20190221,11:49,756.00,756.00,756.00,756.00,145,0
CENTURYTEX,20190221,11:50,756.00,756.75,756.00,756.75,451,0
CENTURYTEX,20190221,11:51,756.15,756.15,755.85,755.95,1098,0
CENTURYTEX,20190221,11:52,756.00,756.20,756.00,756.00,253,0
CENTURYTEX,20190221,11:53,756.00,756.45,756.00,756.45,175,0
CENTURYTEX,20190221,11:54,756.45,757.20,756.20,757.20,1165,0
CENTURYTEX,20190221,11:55,757.00,757.50,756.85,757.20,832,0
CENTURYTEX,20190221,11:56,757.20,757.55,757.20,757.55,1479,0
CENTURYTEX,20190221,11:57,757.25,757.55,757.25,757.55,132,0
CENTURYTEX,20190221,11:58,757.25,757.50,756.65,757.25,1732,0
CENTURYTEX,20190221,11:59,756.80,756.85,756.80,756.85,95,0
CENTURYTEX,20190221,12:00,757.00,757.00,756.15,756.15,1515,0
CENTURYTEX,20190221,12:01,756.05,756.70,756.05,756.20,225,0
CENTURYTEX,20190221,12:02,756.20,756.20,755.60,755.65,1324,0
CENTURYTEX,20190221,12:03,755.60,756.45,755.50,756.00,1189,0
CENTURYTEX,20190221,12:04,755.00,756.25,755.00,755.65,770,0
CENTURYTEX,20190221,12:05,755.50,755.50,755.15,755.15,51,0
CENTURYTEX,20190221,12:06,755.65,756.10,755.65,755.75,135,0
CENTURYTEX,20190221,12:07,755.65,756.05,755.65,756.05,154,0
CENTURYTEX,20190221,12:08,755.65,756.40,755.65,756.40,154,0
CENTURYTEX,20190221,12:09,756.00,756.45,755.65,755.80,708,0
CENTURYTEX,20190221,12:10,755.80,755.90,755.80,755.80,39,0
CENTURYTEX,20190221,12:11,755.80,756.20,755.70,755.70,49,0
CENTURYTEX,20190221,12:12,755.70,755.70,754.10,754.35,15264,0
CENTURYTEX,20190221,12:13,754.35,756.35,754.00,754.95,2894,0
CENTURYTEX,20190221,12:14,754.90,755.35,754.55,755.05,108,0
CENTURYTEX,20190221,12:15,754.80,755.50,754.80,754.85,125,0
CENTURYTEX,20190221,12:16,755.45,755.55,754.95,755.15,280,0
CENTURYTEX,20190221,12:17,755.15,755.15,754.15,754.55,648,0
CENTURYTEX,20190221,12:18,755.00,755.00,754.20,755.00,796,0
CENTURYTEX,20190221,12:19,754.25,754.25,753.25,753.50,376,0
CENTURYTEX,20190221,12:20,753.20,754.25,753.20,754.05,664,0
CENTURYTEX,20190221,12:21,753.95,753.95,753.00,753.50,710,0
CENTURYTEX,20190221,12:22,753.50,753.90,753.25,753.80,51,0
CENTURYTEX,20190221,12:23,753.25,754.30,753.25,753.75,142,0
CENTURYTEX,20190221,12:24,754.75,755.00,754.10,754.25,729,0
CENTURYTEX,20190221,12:25,754.40,754.40,753.80,754.00,538,0
CENTURYTEX,20190221,12:26,754.00,754.00,753.75,753.75,121,0
CENTURYTEX,20190221,12:27,753.75,754.20,753.75,753.75,337,0
CENTURYTEX,20190221,12:28,753.75,754.20,753.50,754.15,588,0
CENTURYTEX,20190221,12:29,754.15,754.30,754.15,754.30,379,0
CENTURYTEX,20190221,12:30,753.70,754.65,753.70,754.65,121,0
CENTURYTEX,20190221,12:31,754.05,754.20,753.60,753.80,118,0
CENTURYTEX,20190221,12:32,753.80,754.30,753.80,754.30,263,0
CENTURYTEX,20190221,12:33,754.30,754.40,754.00,754.00,96,0
CENTURYTEX,20190221,12:34,754.05,754.65,754.05,754.65,139,0
CENTURYTEX,20190221,12:35,754.25,755.80,754.25,755.65,2062,0
CENTURYTEX,20190221,12:36,755.35,755.90,755.25,755.45,1044,0
CENTURYTEX,20190221,12:37,755.30,755.65,755.10,755.10,115,0
CENTURYTEX,20190221,12:38,755.10,755.65,755.10,755.65,130,0
CENTURYTEX,20190221,12:39,755.90,755.90,755.80,755.85,248,0
CENTURYTEX,20190221,12:40,755.85,756.40,755.85,756.40,741,0
CENTURYTEX,20190221,12:41,756.55,756.55,756.00,756.00,825,0
CENTURYTEX,20190221,12:42,756.45,757.25,756.45,757.25,665,0
CENTURYTEX,20190221,12:43,756.90,759.00,756.90,758.25,6933,0
CENTURYTEX,20190221,12:44,758.50,759.00,757.65,758.45,4043,0
CENTURYTEX,20190221,12:45,758.15,758.15,756.80,756.90,673,0
CENTURYTEX,20190221,12:46,756.85,756.85,756.75,756.75,52,0
CENTURYTEX,20190221,12:47,757.00,758.15,757.00,758.00,526,0
CENTURYTEX,20190221,12:48,757.70,757.95,757.45,757.45,55,0
CENTURYTEX,20190221,12:49,757.30,758.00,757.30,757.90,515,0
CENTURYTEX,20190221,12:50,757.40,758.45,757.40,758.45,1866,0
CENTURYTEX,20190221,12:51,758.50,758.80,758.20,758.20,1151,0
CENTURYTEX,20190221,12:52,758.55,758.55,757.90,758.05,598,0
CENTURYTEX,20190221,12:53,758.35,758.80,758.35,758.50,775,0
CENTURYTEX,20190221,12:54,758.50,758.80,758.00,758.40,615,0
CENTURYTEX,20190221,12:55,758.25,758.25,757.70,757.70,866,0
CENTURYTEX,20190221,12:56,757.75,758.80,757.75,758.35,528,0
CENTURYTEX,20190221,12:57,758.30,758.80,758.00,758.80,766,0
CENTURYTEX,20190221,12:58,758.80,759.90,758.80,759.90,4072,0
CENTURYTEX,20190221,12:59,759.90,761.45,759.80,760.50,12877,0
CENTURYTEX,20190221,13:00,760.05,761.30,760.05,761.30,1516,0
CENTURYTEX,20190221,13:01,760.80,761.00,760.00,760.75,2645,0
CENTURYTEX,20190221,13:02,760.35,761.00,760.35,761.00,1354,0
CENTURYTEX,20190221,13:03,760.95,761.00,760.65,760.80,2908,0
CENTURYTEX,20190221,13:04,760.75,760.75,760.00,760.45,476,0
CENTURYTEX,20190221,13:05,759.80,760.20,759.20,759.95,1790,0
CENTURYTEX,20190221,13:06,759.95,761.00,759.95,760.15,431,0
CENTURYTEX,20190221,13:07,760.10,760.95,760.10,760.95,1113,0
CENTURYTEX,20190221,13:08,760.95,761.00,760.60,760.60,1136,0
CENTURYTEX,20190221,13:09,760.30,762.00,760.30,761.40,4673,0
CENTURYTEX,20190221,13:10,760.90,762.50,760.90,762.00,3983,0
CENTURYTEX,20190221,13:11,761.85,761.95,761.50,761.50,477,0
CENTURYTEX,20190221,13:12,761.50,761.65,761.30,761.60,2072,0
CENTURYTEX,20190221,13:13,761.50,761.60,761.00,761.55,572,0
CENTURYTEX,20190221,13:14,761.05,761.35,761.00,761.25,451,0
CENTURYTEX,20190221,13:15,761.30,761.55,761.00,761.55,584,0
CENTURYTEX,20190221,13:16,761.60,763.00,761.60,763.00,4406,0
CENTURYTEX,20190221,13:17,762.90,764.00,762.90,763.65,12989,0
CENTURYTEX,20190221,13:18,763.60,763.85,762.60,763.40,3803,0
CENTURYTEX,20190221,13:19,763.35,763.55,761.50,762.00,3813,0
CENTURYTEX,20190221,13:20,761.30,763.00,761.20,763.00,4538,0
CENTURYTEX,20190221,13:21,763.00,763.45,763.00,763.30,673,0
CENTURYTEX,20190221,13:22,762.55,762.95,762.10,762.95,2323,0
CENTURYTEX,20190221,13:23,762.40,762.80,762.30,762.30,523,0
CENTURYTEX,20190221,13:24,762.60,762.90,762.25,762.25,2578,0
CENTURYTEX,20190221,13:25,762.35,762.45,762.20,762.20,131,0
CENTURYTEX,20190221,13:26,762.20,762.35,761.65,761.65,1180,0
CENTURYTEX,20190221,13:27,762.15,762.95,761.55,762.05,848,0
CENTURYTEX,20190221,13:28,762.00,762.35,761.90,762.35,722,0
CENTURYTEX,20190221,13:29,762.00,762.00,761.80,762.00,1118,0
CENTURYTEX,20190221,13:30,761.80,762.40,761.20,761.60,1306,0
CENTURYTEX,20190221,13:31,761.60,762.25,761.60,761.60,128,0
CENTURYTEX,20190221,13:32,762.40,762.50,761.60,762.10,580,0
CENTURYTEX,20190221,13:33,761.60,762.50,761.60,762.30,293,0
CENTURYTEX,20190221,13:34,762.00,762.00,761.50,761.95,256,0
CENTURYTEX,20190221,13:35,761.95,762.00,761.70,761.70,886,0
CENTURYTEX,20190221,13:36,761.70,761.95,761.65,761.80,942,0
CENTURYTEX,20190221,13:37,761.50,762.30,761.50,761.80,646,0
CENTURYTEX,20190221,13:38,761.85,761.85,761.85,761.85,2,0
CENTURYTEX,20190221,13:39,761.75,761.75,761.70,761.70,349,0
CENTURYTEX,20190221,13:40,761.70,762.20,761.50,761.50,1127,0
CENTURYTEX,20190221,13:41,761.50,761.90,761.30,761.90,87,0
CENTURYTEX,20190221,13:42,762.20,763.00,762.10,762.60,2266,0
CENTURYTEX,20190221,13:43,763.00,763.40,762.75,762.75,1894,0
CENTURYTEX,20190221,13:44,762.75,763.40,762.15,762.80,453,0
CENTURYTEX,20190221,13:45,763.25,763.40,762.80,762.85,365,0
CENTURYTEX,20190221,13:46,763.00,763.40,762.95,763.30,1599,0
CENTURYTEX,20190221,13:47,763.35,763.35,762.90,762.90,501,0
CENTURYTEX,20190221,13:48,763.00,763.00,762.00,762.30,699,0
CENTURYTEX,20190221,13:49,762.45,762.60,762.00,762.05,168,0
CENTURYTEX,20190221,13:50,762.55,762.55,761.30,762.50,1118,0
CENTURYTEX,20190221,13:51,762.00,762.40,761.50,761.50,155,0
CENTURYTEX,20190221,13:52,761.50,762.30,761.50,762.30,233,0
CENTURYTEX,20190221,13:53,762.00,762.00,761.40,761.40,290,0
CENTURYTEX,20190221,13:54,761.40,761.40,760.80,761.35,643,0
CENTURYTEX,20190221,13:55,760.70,761.25,760.70,761.25,60,0
CENTURYTEX,20190221,13:56,760.80,760.90,759.00,760.00,3883,0
CENTURYTEX,20190221,13:57,759.00,759.90,759.00,759.30,1382,0
CENTURYTEX,20190221,13:58,759.90,760.80,759.55,760.05,2654,0
CENTURYTEX,20190221,13:59,760.95,760.95,759.50,759.50,972,0
CENTURYTEX,20190221,14:00,759.60,760.00,759.40,760.00,568,0
CENTURYTEX,20190221,14:01,760.00,760.00,759.25,759.45,498,0
CENTURYTEX,20190221,14:02,759.45,759.65,759.15,759.65,72,0
CENTURYTEX,20190221,14:03,760.00,760.20,759.50,759.65,2292,0
CENTURYTEX,20190221,14:04,759.20,759.60,759.00,759.50,566,0
CENTURYTEX,20190221,14:05,759.15,761.40,758.80,761.20,6583,0
CENTURYTEX,20190221,14:06,760.95,760.95,760.25,760.65,651,0
CENTURYTEX,20190221,14:07,760.65,762.00,760.60,761.40,1601,0
CENTURYTEX,20190221,14:08,761.40,762.00,761.40,761.95,1163,0
CENTURYTEX,20190221,14:09,761.45,761.60,761.10,761.35,921,0
CENTURYTEX,20190221,14:10,761.50,763.80,761.50,763.65,3727,0
CENTURYTEX,20190221,14:11,764.00,766.65,763.60,766.30,15362,0
CENTURYTEX,20190221,14:12,766.20,767.40,765.50,766.40,5128,0
CENTURYTEX,20190221,14:13,766.85,768.60,766.70,768.00,6590,0
CENTURYTEX,20190221,14:14,768.75,769.45,767.15,767.80,5448,0
CENTURYTEX,20190221,14:15,767.00,769.00,767.00,768.45,4147,0
CENTURYTEX,20190221,14:16,768.95,769.50,768.10,768.50,7851,0
CENTURYTEX,20190221,14:17,768.15,768.15,766.35,766.80,3990,0
CENTURYTEX,20190221,14:18,766.40,766.90,766.25,766.85,1238,0
CENTURYTEX,20190221,14:19,766.50,767.00,766.10,767.00,664,0
CENTURYTEX,20190221,14:20,766.25,766.40,766.10,766.40,1074,0
CENTURYTEX,20190221,14:21,766.25,767.95,766.25,767.95,1090,0
CENTURYTEX,20190221,14:22,767.85,767.85,766.65,767.05,84,0
CENTURYTEX,20190221,14:23,766.50,767.15,766.15,767.15,765,0
CENTURYTEX,20190221,14:24,767.35,768.00,767.35,768.00,1120,0
CENTURYTEX,20190221,14:25,768.00,768.40,767.50,767.55,1691,0
CENTURYTEX,20190221,14:26,767.55,767.90,767.05,767.45,2605,0
CENTURYTEX,20190221,14:27,767.45,767.50,766.90,766.90,472,0
CENTURYTEX,20190221,14:28,767.40,768.10,766.50,766.50,1314,0
CENTURYTEX,20190221,14:29,767.05,767.05,765.80,766.25,2866,0
CENTURYTEX,20190221,14:30,766.25,766.50,765.70,766.00,1475,0
CENTURYTEX,20190221,14:31,766.00,766.95,766.00,766.30,503,0
CENTURYTEX,20190221,14:32,766.05,766.75,765.85,766.75,405,0
CENTURYTEX,20190221,14:33,766.00,766.45,765.50,766.05,1272,0
CENTURYTEX,20190221,14:34,766.05,766.40,764.70,764.70,1943,0
CENTURYTEX,20190221,14:35,763.20,764.95,763.20,764.65,1890,0
CENTURYTEX,20190221,14:36,764.75,765.50,764.75,765.50,1940,0
CENTURYTEX,20190221,14:37,765.50,765.50,764.00,764.95,932,0
CENTURYTEX,20190221,14:38,764.65,765.00,764.50,764.60,950,0
CENTURYTEX,20190221,14:39,764.60,764.60,763.40,763.40,2869,0
CENTURYTEX,20190221,14:40,763.20,763.55,762.30,763.50,1886,0
CENTURYTEX,20190221,14:41,763.60,763.65,762.90,763.00,1456,0
CENTURYTEX,20190221,14:42,763.00,764.00,763.00,764.00,1025,0
CENTURYTEX,20190221,14:43,763.65,764.00,763.30,764.00,583,0
CENTURYTEX,20190221,14:44,763.40,763.40,762.15,762.20,2615,0
CENTURYTEX,20190221,14:45,763.00,763.00,762.40,762.40,786,0
CENTURYTEX,20190221,14:46,762.75,763.20,762.00,763.20,2781,0
CENTURYTEX,20190221,14:47,762.10,764.50,762.10,764.50,814,0
CENTURYTEX,20190221,14:48,764.80,764.95,764.50,764.95,220,0
CENTURYTEX,20190221,14:49,764.50,764.50,763.45,763.80,2652,0
CENTURYTEX,20190221,14:50,764.25,765.50,763.80,764.85,1226,0
CENTURYTEX,20190221,14:51,764.75,766.05,764.75,766.05,1442,0
CENTURYTEX,20190221,14:52,766.00,766.60,765.90,765.95,1002,0
CENTURYTEX,20190221,14:53,765.90,766.20,765.55,765.90,388,0
CENTURYTEX,20190221,14:54,765.30,765.75,764.85,764.85,389,0
CENTURYTEX,20190221,14:55,764.35,765.00,764.20,765.00,515,0
CENTURYTEX,20190221,14:56,764.50,765.00,764.50,764.85,478,0
CENTURYTEX,20190221,14:57,764.85,764.85,763.30,763.70,489,0
CENTURYTEX,20190221,14:58,763.20,763.95,763.20,763.50,253,0
CENTURYTEX,20190221,14:59,763.25,764.90,763.15,764.85,1566,0
CENTURYTEX,20190221,15:00,764.20,765.75,764.15,765.60,2227,0
CENTURYTEX,20190221,15:01,765.60,765.90,764.50,765.55,1596,0
CENTURYTEX,20190221,15:02,765.95,765.95,765.50,765.80,1392,0
CENTURYTEX,20190221,15:03,765.35,765.70,765.00,765.00,1608,0
CENTURYTEX,20190221,15:04,765.65,765.65,764.80,765.00,1332,0
CENTURYTEX,20190221,15:05,765.50,766.45,765.30,766.45,1421,0
CENTURYTEX,20190221,15:06,766.40,766.40,764.00,764.00,2928,0
CENTURYTEX,20190221,15:07,764.40,765.40,763.20,765.15,11694,0
CENTURYTEX,20190221,15:08,763.85,764.85,763.50,764.85,3213,0
CENTURYTEX,20190221,15:09,764.75,765.60,764.75,765.05,640,0
CENTURYTEX,20190221,15:10,765.15,765.50,764.00,765.50,1582,0
CENTURYTEX,20190221,15:11,765.50,765.50,764.50,764.50,847,0
CENTURYTEX,20190221,15:12,765.35,765.85,765.00,765.70,2249,0
CENTURYTEX,20190221,15:13,765.10,767.00,765.00,767.00,5991,0
CENTURYTEX,20190221,15:14,767.00,767.65,766.25,767.65,1992,0
CENTURYTEX,20190221,15:15,767.85,768.50,766.80,767.50,3100,0
CENTURYTEX,20190221,15:16,767.10,768.50,767.00,768.50,6615,0
CENTURYTEX,20190221,15:17,768.45,772.35,767.60,768.95,19867,0
CENTURYTEX,20190221,15:18,768.00,768.75,768.00,768.00,1548,0
CENTURYTEX,20190221,15:19,767.90,767.90,765.50,765.50,5592,0
CENTURYTEX,20190221,15:20,765.50,766.60,765.50,766.00,1770,0
CENTURYTEX,20190221,15:21,766.40,766.60,766.00,766.25,4082,0
CENTURYTEX,20190221,15:22,766.30,766.35,766.15,766.30,1139,0
CENTURYTEX,20190221,15:23,766.30,767.35,766.00,767.35,2665,0
CENTURYTEX,20190221,15:24,767.40,769.75,767.00,769.50,6258,0
CENTURYTEX,20190221,15:25,769.30,769.50,768.20,768.20,3251,0
CENTURYTEX,20190221,15:26,768.85,769.75,768.60,769.75,1498,0
CENTURYTEX,20190221,15:27,769.75,769.80,768.80,769.00,2283,0
CENTURYTEX,20190221,15:28,769.00,769.50,769.00,769.10,551,0
CENTURYTEX,20190221,15:29,769.50,770.90,769.10,770.15,1970,0
CENTURYTEX,20190221,15:30,770.00,772.35,769.20,772.00,2568,0
CENTURYTEX,20190221,15:32,767.25,767.25,767.25,767.25,0,0
CENTURYTEX,20190221,15:43,767.25,767.25,767.25,767.25,10,0
CENTURYTEX,20190221,15:44,772.00,772.00,772.00,772.00,10,0
CENTURYTEX,20190221,15:53,767.25,767.25,767.25,767.25,1,0
CENTURYTEX,20190221,15:58,767.25,767.25,767.25,767.25,82,0
CENTURYTEX,20190221,16:36,767.25,767.25,767.25,767.25,0,0
