GAIL,20181004,09:08,379.8,379.8,379.8,379.8,2650
GAIL,20181004,09:16,379.75,379.75,374.75,376.25,30051
GAIL,20181004,09:17,376.15,376.25,375,375.55,12670
GAIL,20181004,09:18,375.35,375.95,373.3,375.05,25276
GAIL,20181004,09:19,375.4,375.65,374.05,375,27412
GAIL,20181004,09:20,375,375,374.15,375,19498
GAIL,20181004,09:21,374.55,375.05,374.1,375.05,34877
GAIL,20181004,09:22,374.85,375.15,373.6,374.55,70694
GAIL,20181004,09:23,374.85,374.85,374.2,374.7,16952
GAIL,20181004,09:24,374.75,375.4,374,374,49714
GAIL,20181004,09:25,374.25,375.5,374,374.5,35377
GAIL,20181004,09:26,374.5,374.75,374.2,374.7,15746
GAIL,20181004,09:27,374.65,374.85,374.2,374.85,15867
GAIL,20181004,09:28,374.85,375.15,374.5,375.15,25433
GAIL,20181004,09:29,375,375,373.4,373.8,23499
GAIL,20181004,09:30,373.7,373.75,372.5,372.65,35522
GAIL,20181004,09:31,372.65,372.7,372.15,372.2,23628
GAIL,20181004,09:32,372.5,372.65,372.1,372.3,21409
GAIL,20181004,09:33,372.3,372.6,372,372.55,18681
GAIL,20181004,09:34,372.55,373.65,372.55,373.6,15580
GAIL,20181004,09:35,373.6,373.9,373.05,373.9,15131
GAIL,20181004,09:36,373.9,374.5,373.35,373.35,18815
GAIL,20181004,09:37,373.55,373.6,373,373.25,11045
GAIL,20181004,09:38,373.25,373.35,373,373.1,13675
GAIL,20181004,09:39,373.05,373.2,372.7,373.05,13579
GAIL,20181004,09:40,373.1,373.15,372,372.5,25987
GAIL,20181004,09:41,372.55,372.55,371.6,371.6,17633
GAIL,20181004,09:42,371.5,371.9,371.45,371.75,21634
GAIL,20181004,09:43,371.55,371.75,370.6,371,20290
GAIL,20181004,09:44,371,372.8,370.9,372.35,36120
GAIL,20181004,09:45,372.35,372.35,371,371.1,17057
GAIL,20181004,09:46,371.2,371.5,371.1,371.45,10382
GAIL,20181004,09:47,371.3,372.6,371.3,372.3,23286
GAIL,20181004,09:48,372.3,372.4,372.05,372.4,8659
GAIL,20181004,09:49,372.1,372.4,372,372.1,9801
GAIL,20181004,09:50,372.05,372.6,372,372.45,10452
GAIL,20181004,09:51,372.45,372.8,372.35,372.65,11394
GAIL,20181004,09:52,372.65,373.35,372.35,373.3,14309
GAIL,20181004,09:53,373.3,374.65,373.1,374.1,32432
GAIL,20181004,09:54,374.05,374.25,373.35,373.5,16665
GAIL,20181004,09:55,373.5,373.7,373.15,373.35,11571
GAIL,20181004,09:56,373.35,373.35,372.5,372.6,8412
GAIL,20181004,09:57,372.6,372.8,372.5,372.65,5588
GAIL,20181004,09:58,372.65,372.95,372.5,372.65,12612
GAIL,20181004,09:59,372.6,372.6,372,372.1,13451
GAIL,20181004,10:00,372.1,372.4,371.5,371.65,17708
GAIL,20181004,10:01,371.65,371.65,371,371.05,21021
GAIL,20181004,10:02,371.05,371.05,370.25,370.7,35157
GAIL,20181004,10:03,370.7,370.95,370.5,370.55,20470
GAIL,20181004,10:04,370.5,370.55,369.75,370.1,39516
GAIL,20181004,10:05,370.15,371,370,370.25,25289
GAIL,20181004,10:06,370.45,371.2,370.25,371.05,15999
GAIL,20181004,10:07,371.1,371.15,370.5,370.55,9398
GAIL,20181004,10:08,370.55,371,370.4,370.85,11457
GAIL,20181004,10:09,370.9,370.9,370.35,370.75,13235
GAIL,20181004,10:10,370.8,371.25,370.6,371.2,9423
GAIL,20181004,10:11,371.2,371.9,371.15,371.6,8458
GAIL,20181004,10:12,371.7,371.7,371.05,371.05,12326
GAIL,20181004,10:13,371.1,371.3,371,371.05,5546
GAIL,20181004,10:14,371,371.25,370.75,371,11747
GAIL,20181004,10:15,371.05,371.35,371.05,371.35,5794
GAIL,20181004,10:16,371.4,371.5,370.8,371.25,10518
GAIL,20181004,10:17,371.15,371.25,370.8,370.9,6919
GAIL,20181004,10:18,371,371,370.5,370.95,9057
GAIL,20181004,10:19,370.95,371.8,370.95,371.6,9815
GAIL,20181004,10:20,371.6,371.7,371.2,371.45,3207
GAIL,20181004,10:21,371.45,371.85,371.15,371.85,15168
GAIL,20181004,10:22,371.8,371.8,371.2,371.65,7599
GAIL,20181004,10:23,371.55,371.65,371.35,371.6,6463
GAIL,20181004,10:24,371.65,371.8,371,371.3,7315
GAIL,20181004,10:25,371.3,371.5,370.55,370.55,9980
GAIL,20181004,10:26,370.7,371.4,370.7,371.15,8376
GAIL,20181004,10:27,371.1,371.1,370.8,370.95,6640
GAIL,20181004,10:28,370.9,371.2,370.55,371.2,13852
GAIL,20181004,10:29,371.2,371.3,370.8,371.3,7587
GAIL,20181004,10:30,371.25,371.8,371.25,371.75,5473
GAIL,20181004,10:31,371.75,371.75,371,371,12403
GAIL,20181004,10:32,371.15,371.35,370.8,371.25,6844
GAIL,20181004,10:33,371.2,372.65,371.15,372.65,24692
GAIL,20181004,10:34,372.75,372.8,372.2,372.2,12513
GAIL,20181004,10:35,372.2,372.5,372.2,372.35,10086
GAIL,20181004,10:36,372.45,373.3,372.45,373.3,9617
GAIL,20181004,10:37,373.25,373.45,372.65,373.35,25545
GAIL,20181004,10:38,373.45,374.5,373.45,374.1,38245
GAIL,20181004,10:39,374.1,374.5,374,374.35,11367
GAIL,20181004,10:40,374.4,377.15,374.35,376.95,95769
GAIL,20181004,10:41,376.8,377,376.25,376.25,28340
GAIL,20181004,10:42,376.25,376.3,375.7,375.75,24510
GAIL,20181004,10:43,375.75,376,375.2,375.25,8901
GAIL,20181004,10:44,375.2,375.3,374.6,375.2,27966
GAIL,20181004,10:45,375,375.2,374.1,374.4,11278
GAIL,20181004,10:46,374.4,374.45,374,374.05,6844
GAIL,20181004,10:47,374.05,375.35,374,375.15,13002
GAIL,20181004,10:48,375.15,375.75,375.05,375.05,14570
GAIL,20181004,10:49,375,375.15,374.7,374.7,7272
GAIL,20181004,10:50,374.8,374.85,374.5,374.8,4182
GAIL,20181004,10:51,374.8,375.1,374.35,374.4,10273
GAIL,20181004,10:52,374.45,374.45,374,374.3,6202
GAIL,20181004,10:53,374.2,374.5,374,374.3,18275
GAIL,20181004,10:54,374.5,374.5,373.2,373.4,8504
GAIL,20181004,10:55,373.4,373.9,373,373.8,8912
GAIL,20181004,10:56,373.85,374.1,373.5,373.6,5961
GAIL,20181004,10:57,373.6,373.85,373.45,373.75,4648
GAIL,20181004,10:58,373.75,373.9,373.25,373.25,7027
GAIL,20181004,10:59,373.15,373.5,373.15,373.4,4543
GAIL,20181004,11:00,373.6,373.6,373.35,373.4,3478
GAIL,20181004,11:01,373.4,373.6,373.4,373.45,3064
GAIL,20181004,11:02,373.4,373.4,373,373,6212
GAIL,20181004,11:03,373.1,373.5,373.1,373.5,4998
GAIL,20181004,11:04,373.5,373.5,372.65,372.75,8984
GAIL,20181004,11:05,372.7,373.05,372.65,372.9,8725
GAIL,20181004,11:06,373.05,373.2,372.7,372.9,8295
GAIL,20181004,11:07,372.75,373.15,372.45,372.8,14268
GAIL,20181004,11:08,372.95,372.95,372.5,372.6,10466
GAIL,20181004,11:09,372.7,373.5,372.7,373.35,5130
GAIL,20181004,11:10,373.35,373.55,373.2,373.3,2355
GAIL,20181004,11:11,373.3,373.45,373.2,373.4,2523
GAIL,20181004,11:12,373.3,373.35,373,373.05,5731
GAIL,20181004,11:13,373,373,372.85,372.85,4629
GAIL,20181004,11:14,373,374.7,372.95,374.7,14605
GAIL,20181004,11:15,374.55,375,374.55,375,9676
GAIL,20181004,11:16,374.95,375.6,374.9,375.5,18802
GAIL,20181004,11:17,375.5,375.5,374.9,375.05,10901
GAIL,20181004,11:18,375.2,375.2,374.65,374.65,4800
GAIL,20181004,11:19,374.8,375,374.65,374.85,5610
GAIL,20181004,11:20,374.85,375.4,374.85,374.85,7972
GAIL,20181004,11:21,374.9,375.15,374.65,374.85,4795
GAIL,20181004,11:22,375,375.2,374.75,375,3651
GAIL,20181004,11:23,374.85,375,374.8,374.95,2285
GAIL,20181004,11:24,374.85,375,374.8,374.9,1972
GAIL,20181004,11:25,374.65,374.95,374.35,374.7,3005
GAIL,20181004,11:26,374.9,374.9,374.5,374.65,1629
GAIL,20181004,11:27,374.8,374.95,374.65,374.9,1658
GAIL,20181004,11:28,374.9,374.9,374.2,374.35,4886
GAIL,20181004,11:29,374.45,374.9,374.2,374.35,5603
GAIL,20181004,11:30,374.35,374.45,374.05,374.05,2909
GAIL,20181004,11:31,374.05,374.45,374.05,374.2,4117
GAIL,20181004,11:32,374.1,374.2,373.05,373.15,28692
GAIL,20181004,11:33,373.35,373.35,371.8,371.95,43206
GAIL,20181004,11:34,371.9,372.1,371.55,371.9,32200
GAIL,20181004,11:35,372,372,371,371.25,28582
GAIL,20181004,11:36,371.4,371.6,371,371.3,9286
GAIL,20181004,11:37,371.1,371.4,371,371.35,7294
GAIL,20181004,11:38,371.5,371.5,370.8,370.9,23347
GAIL,20181004,11:39,370.95,370.95,370,370.65,53635
GAIL,20181004,11:40,370.6,371.25,370.5,371.1,9821
GAIL,20181004,11:41,371.2,371.4,371.1,371.3,2491
GAIL,20181004,11:42,371.45,371.5,370.55,370.65,8664
GAIL,20181004,11:43,370.65,371,370.5,370.75,6121
GAIL,20181004,11:44,370.65,370.75,370.2,370.2,4437
GAIL,20181004,11:45,370.3,371,370.3,370.95,5742
GAIL,20181004,11:46,371,371.3,370.35,370.75,13307
GAIL,20181004,11:47,370.7,371.25,370.7,371.1,5210
GAIL,20181004,11:48,371.4,371.45,371,371,7204
GAIL,20181004,11:49,371.15,371.7,370.9,371.6,4470
GAIL,20181004,11:50,371.45,371.65,370.65,371.1,11146
GAIL,20181004,11:51,371.15,371.4,370.65,370.95,3430
GAIL,20181004,11:52,370.75,371.4,370.65,371.15,4036
GAIL,20181004,11:53,371.15,371.4,371.1,371.1,3594
GAIL,20181004,11:54,371.15,371.4,371,371.3,2936
GAIL,20181004,11:55,371.3,371.85,371.15,371.85,6717
GAIL,20181004,11:56,371.8,371.9,371.6,371.75,2582
GAIL,20181004,11:57,371.85,371.85,371.4,371.75,2386
GAIL,20181004,11:58,371.7,371.8,371,371,3536
GAIL,20181004,11:59,371,371.25,370.75,371.1,4295
GAIL,20181004,12:00,371.1,371.75,371.1,371.7,9158
GAIL,20181004,12:01,371.7,371.85,371.5,371.75,3715
GAIL,20181004,12:02,371.75,371.95,371.65,371.8,5694
GAIL,20181004,12:03,371.8,372.95,371.8,372.85,24473
GAIL,20181004,12:04,372.6,373,372.55,373,6653
GAIL,20181004,12:05,373.1,373.9,373.1,373.65,6438
GAIL,20181004,12:06,373.6,373.95,373.4,373.75,15648
GAIL,20181004,12:07,373.7,373.75,372.55,373,14494
GAIL,20181004,12:08,372.9,373,372.1,372.3,10964
GAIL,20181004,12:09,372.3,372.3,371.5,371.85,40250
GAIL,20181004,12:10,371.85,372,371.7,372,155201
GAIL,20181004,12:11,372,372.7,371.8,372.7,77293
GAIL,20181004,12:12,372.7,373.35,372.7,373.25,2837
GAIL,20181004,12:13,373.2,373.25,372.55,372.6,5104
GAIL,20181004,12:14,372.4,372.95,372.15,372.6,2491
GAIL,20181004,12:15,372.7,372.85,372,372.2,6972
GAIL,20181004,12:16,372.3,372.45,372,372.35,2570
GAIL,20181004,12:17,372.35,372.6,372.2,372.2,3088
GAIL,20181004,12:18,372.3,372.6,372.25,372.55,1922
GAIL,20181004,12:19,372.55,372.75,372.4,372.45,2924
GAIL,20181004,12:20,372.55,373,372.55,372.75,2098
GAIL,20181004,12:21,372.75,373.25,372.6,373.25,4429
GAIL,20181004,12:22,373.25,373.25,372.9,372.95,18015
GAIL,20181004,12:23,372.95,373.35,372.9,373.3,27773
GAIL,20181004,12:24,373.35,373.35,373,373.2,4561
GAIL,20181004,12:25,373.3,374.3,373.2,374.3,11096
GAIL,20181004,12:26,374.4,374.9,374.3,374.65,8465
GAIL,20181004,12:27,374.65,374.65,373.95,374.15,6081
GAIL,20181004,12:28,374.4,374.4,373.45,373.6,4900
GAIL,20181004,12:29,373.7,374.3,373.5,373.9,12907
GAIL,20181004,12:30,374.1,374.15,373.5,374,6609
GAIL,20181004,12:31,373.85,374.4,373.85,374.3,7157
GAIL,20181004,12:32,374.35,374.4,373.75,374,6300
GAIL,20181004,12:33,374.1,374.45,374,374.35,3103
GAIL,20181004,12:34,374.45,374.45,373.7,373.85,6313
GAIL,20181004,12:35,373.9,374.3,373.8,374.15,4038
GAIL,20181004,12:36,374.2,374.3,373.85,374.1,7663
GAIL,20181004,12:37,374.1,374.35,373.8,374.1,5251
GAIL,20181004,12:38,374.15,374.9,374.1,374.9,11109
GAIL,20181004,12:39,374.9,375,374.45,374.7,8876
GAIL,20181004,12:40,374.45,374.8,374.1,374.7,3857
GAIL,20181004,12:41,374.75,374.95,374.3,374.3,7486
GAIL,20181004,12:42,374.3,374.6,374.1,374.1,7282
GAIL,20181004,12:43,374.2,374.3,373.65,373.75,5621
GAIL,20181004,12:44,373.85,373.85,373.45,373.65,4836
GAIL,20181004,12:45,373.55,374,373.5,373.5,7202
GAIL,20181004,12:46,373.7,373.7,373,373.05,23775
GAIL,20181004,12:47,373.1,373.95,373.1,373.9,7227
GAIL,20181004,12:48,373.8,373.9,373.25,373.55,5408
GAIL,20181004,12:49,373.55,374,373.5,374,5449
GAIL,20181004,12:50,374.15,374.2,373.8,373.9,14281
GAIL,20181004,12:51,373.9,374.3,373.9,374,2673
GAIL,20181004,12:52,373.95,374.2,373.65,374.15,16081
GAIL,20181004,12:53,374.15,374.2,374,374.05,5361
GAIL,20181004,12:54,374.05,374.2,373.4,373.6,7345
GAIL,20181004,12:55,373.8,374,373.8,373.95,2567
GAIL,20181004,12:56,374,374,373.85,374,5115
GAIL,20181004,12:57,373.95,374.2,373.8,373.9,5374
GAIL,20181004,12:58,373.9,374.15,373.85,374,6814
GAIL,20181004,12:59,374,374.15,374,374.05,2013
GAIL,20181004,13:00,374.05,374.1,374,374.1,4006
GAIL,20181004,13:01,374.1,374.15,374.05,374.1,3041
GAIL,20181004,13:02,374.2,374.5,373.85,374,8765
GAIL,20181004,13:03,374,374.15,373.8,373.95,3345
GAIL,20181004,13:04,374.1,374.3,373.8,373.95,7305
GAIL,20181004,13:05,373.95,374.15,373.85,373.85,2917
GAIL,20181004,13:06,373.95,374.3,373.9,374.05,3738
GAIL,20181004,13:07,374.15,374.5,374,374.4,7403
GAIL,20181004,13:08,374.45,374.5,374,374.3,7396
GAIL,20181004,13:09,374.4,374.4,374.05,374.25,2462
GAIL,20181004,13:10,374.25,374.3,374.1,374.1,2647
GAIL,20181004,13:11,374.25,374.4,374.1,374.15,2781
GAIL,20181004,13:12,374.5,374.5,374.1,374.15,3304
GAIL,20181004,13:13,374.4,374.4,374.1,374.25,2736
GAIL,20181004,13:14,374.3,374.3,374.1,374.25,2003
GAIL,20181004,13:15,374.4,374.5,374.2,374.45,3059
GAIL,20181004,13:16,374.5,374.5,374.1,374.25,7613
GAIL,20181004,13:17,374.3,374.7,374.3,374.65,9070
GAIL,20181004,13:18,374.7,374.85,374.4,374.55,5077
GAIL,20181004,13:19,374.55,374.6,374.15,374.3,5341
GAIL,20181004,13:20,374.2,374.6,374.1,374.45,11158
GAIL,20181004,13:21,374.45,374.5,374.1,374.45,8076
GAIL,20181004,13:22,374.45,374.8,374.4,374.4,4084
GAIL,20181004,13:23,374.65,374.8,374.3,374.4,4221
GAIL,20181004,13:24,374.45,374.7,374.15,374.3,2923
GAIL,20181004,13:25,374.35,374.9,374.25,374.9,3983
GAIL,20181004,13:26,374.9,374.9,374.4,374.7,3884
GAIL,20181004,13:27,374.7,374.7,374.45,374.5,3253
GAIL,20181004,13:28,374.45,374.75,374.25,374.7,4808
GAIL,20181004,13:29,374.75,374.9,374.5,374.75,4305
GAIL,20181004,13:30,374.8,374.85,374.5,374.65,5052
GAIL,20181004,13:31,374.75,374.85,374.5,374.55,3715
GAIL,20181004,13:32,374.6,374.8,374.5,374.65,3006
GAIL,20181004,13:33,374.7,374.7,374.5,374.55,4047
GAIL,20181004,13:34,374.55,374.8,374.5,374.7,3381
GAIL,20181004,13:35,374.7,374.9,374.6,374.6,3648
GAIL,20181004,13:36,374.6,375.15,374.55,375,19819
GAIL,20181004,13:37,375,375.05,374.5,374.5,14936
GAIL,20181004,13:38,374.55,375.2,374.5,374.75,14904
GAIL,20181004,13:39,374.7,374.85,374,374.4,11668
GAIL,20181004,13:40,374.2,374.2,373.75,373.75,13805
GAIL,20181004,13:41,373.85,373.85,373.1,373.3,8970
GAIL,20181004,13:42,373.35,374,373,373,25781
GAIL,20181004,13:43,373,373.35,372.85,373.05,25079
GAIL,20181004,13:44,373.25,373.25,372.9,373.1,20781
GAIL,20181004,13:45,373.05,373.05,372.05,372.2,125719
GAIL,20181004,13:46,372.2,372.6,372,372.05,15232
GAIL,20181004,13:47,372.05,372.05,371.7,371.75,8180
GAIL,20181004,13:48,371.75,372.5,371.3,372.4,9267
GAIL,20181004,13:49,372.55,372.75,372.5,372.55,7074
GAIL,20181004,13:50,372.55,372.9,372.35,372.55,8045
GAIL,20181004,13:51,372.5,373,372.45,372.9,7460
GAIL,20181004,13:52,373,373.1,372.5,372.7,7525
GAIL,20181004,13:53,372.85,372.9,372.65,372.85,7647
GAIL,20181004,13:54,372.85,372.95,372.6,372.9,4175
GAIL,20181004,13:55,372.95,373.15,372.75,373.05,19333
GAIL,20181004,13:56,373,373,372.8,372.85,12799
GAIL,20181004,13:57,373.15,373.15,371.7,371.7,9893
GAIL,20181004,13:58,371.85,372.4,371.8,372.2,5721
GAIL,20181004,13:59,372.2,372.3,371.85,371.9,6129
GAIL,20181004,14:00,371.9,372.15,371.7,371.9,8297
GAIL,20181004,14:01,372.15,372.9,371.85,372,16088
GAIL,20181004,14:02,372.05,372.45,371.9,372.2,13979
GAIL,20181004,14:03,372.2,372.5,372,372.45,7972
GAIL,20181004,14:04,372.45,372.45,371.9,372.15,7860
GAIL,20181004,14:05,372.4,372.45,371.9,371.95,6741
GAIL,20181004,14:06,371.95,372.3,371.9,372,7681
GAIL,20181004,14:07,372.05,372.25,371.85,372.2,5206
GAIL,20181004,14:08,372.3,372.6,372.2,372.5,6305
GAIL,20181004,14:09,372.5,372.6,372.4,372.4,9734
GAIL,20181004,14:10,372,372.2,371.7,371.9,8643
GAIL,20181004,14:11,371.95,372.3,371.55,371.55,11226
GAIL,20181004,14:12,371.65,372.2,371.65,371.9,6469
GAIL,20181004,14:13,372.1,372.3,371.9,371.95,6215
GAIL,20181004,14:14,372,372.3,371.55,371.9,13547
GAIL,20181004,14:15,372.1,372.3,371.85,372.15,6145
GAIL,20181004,14:16,372.2,372.35,371.9,372.35,19145
GAIL,20181004,14:17,372.3,372.45,372,372.05,8099
GAIL,20181004,14:18,372.05,372.5,372,372.05,6781
GAIL,20181004,14:19,372.5,372.5,372,372.2,8374
GAIL,20181004,14:20,372.3,372.85,372.2,372.6,6267
GAIL,20181004,14:21,372.6,372.95,372.45,372.55,10816
GAIL,20181004,14:22,372.75,372.75,372.45,372.6,8671
GAIL,20181004,14:23,372.6,373,372.3,372.8,8436
GAIL,20181004,14:24,372.9,372.9,372.35,372.4,8571
GAIL,20181004,14:25,372.4,372.5,372.15,372.25,7786
GAIL,20181004,14:26,372.35,372.5,372.1,372.2,5286
GAIL,20181004,14:27,372.3,372.55,371.6,371.6,48523
GAIL,20181004,14:28,371.55,371.55,371.15,371.25,19529
GAIL,20181004,14:29,371.25,371.9,371.05,371.75,10126
GAIL,20181004,14:30,371.8,372.15,371.75,372,7842
GAIL,20181004,14:31,372.05,372.1,371.65,371.9,8301
GAIL,20181004,14:32,371.9,372.25,371.75,371.8,10372
GAIL,20181004,14:33,371.7,372.4,371.7,371.85,9087
GAIL,20181004,14:34,371.9,372.15,371.8,371.95,12125
GAIL,20181004,14:35,371.95,372.35,371.9,372,5804
GAIL,20181004,14:36,372,372.65,372,372.35,7470
GAIL,20181004,14:37,372.35,372.6,371.8,371.8,8741
GAIL,20181004,14:38,371.8,372.35,371.75,372.05,7723
GAIL,20181004,14:39,372.1,372.4,371.95,372.05,8794
GAIL,20181004,14:40,372.15,372.65,372,372.5,35362
GAIL,20181004,14:41,372.5,372.8,372.5,372.65,15611
GAIL,20181004,14:42,372.7,372.8,372.5,372.65,7211
GAIL,20181004,14:43,372.7,372.85,372.5,372.5,10283
GAIL,20181004,14:44,372.55,372.75,372.3,372.45,67968
GAIL,20181004,14:45,372.55,372.65,372.2,372.2,86730
GAIL,20181004,14:46,372.3,372.3,372,372.05,6465
GAIL,20181004,14:47,372.1,372.45,372,372.25,7057
GAIL,20181004,14:48,372.4,372.65,372.2,372.65,7025
GAIL,20181004,14:49,372.6,373.4,372.4,372.75,54350
GAIL,20181004,14:50,372.8,372.8,372.5,372.55,12724
GAIL,20181004,14:51,372.55,372.6,372.25,372.3,20550
GAIL,20181004,14:52,372.3,372.6,372.15,372.3,10881
GAIL,20181004,14:53,372.45,372.45,371.3,371.3,30909
GAIL,20181004,14:54,371.5,371.6,371.2,371.4,19279
GAIL,20181004,14:55,371.35,371.95,371.35,371.65,12373
GAIL,20181004,14:56,371.65,371.75,370.55,370.7,29198
GAIL,20181004,14:57,370.7,371.25,370.6,371.05,17829
GAIL,20181004,14:58,371.05,371.1,370.85,370.9,13108
GAIL,20181004,14:59,371.1,372,371,371.9,21000
GAIL,20181004,15:00,372,372,371.7,371.7,19965
GAIL,20181004,15:01,371.9,372.25,371.9,371.95,26467
GAIL,20181004,15:02,372,372.25,371.95,372.2,25007
GAIL,20181004,15:03,372.2,372.4,371.8,372.15,31581
GAIL,20181004,15:04,371.9,372.1,371.55,372,19450
GAIL,20181004,15:05,372,372.2,371.9,372,24790
GAIL,20181004,15:06,372,372.75,372,372.75,29498
GAIL,20181004,15:07,372.8,372.9,372.45,372.45,21832
GAIL,20181004,15:08,372.45,372.55,372,372,35762
GAIL,20181004,15:09,371.9,372.4,371.9,372.05,18917
GAIL,20181004,15:10,372.1,372.5,371.85,371.9,26036
GAIL,20181004,15:11,371.85,372.4,371.8,372.2,23574
GAIL,20181004,15:12,372.15,372.35,371.25,371.4,41902
GAIL,20181004,15:13,371.45,372,371.4,371.85,22607
GAIL,20181004,15:14,371.85,372.15,371.8,371.95,23647
GAIL,20181004,15:15,372,372.2,371.9,372.1,21216
GAIL,20181004,15:16,371.85,372.05,371.4,371.75,62265
GAIL,20181004,15:17,371.7,371.8,371.3,371.5,30821
GAIL,20181004,15:18,371.5,371.8,371.25,371.5,27005
GAIL,20181004,15:19,371.5,371.75,371.4,371.45,19828
GAIL,20181004,15:20,371.5,371.7,371.2,371.5,22552
GAIL,20181004,15:21,371.4,371.5,370.6,370.9,14249
GAIL,20181004,15:22,371,371,370.7,371,18807
GAIL,20181004,15:23,370.95,371,370.15,370.6,27330
GAIL,20181004,15:24,370.7,370.8,368.5,368.75,34682
GAIL,20181004,15:25,369,370,368.9,368.95,22645
GAIL,20181004,15:26,368.8,368.8,366.25,366.5,53564
GAIL,20181004,15:27,366.45,366.45,360.1,361.35,83510
GAIL,20181004,15:28,361.3,365,360.3,363.2,38288
GAIL,20181004,15:29,362.9,365,360,360.2,47251
GAIL,20181004,15:30,361.75,362.25,359.9,360,36151
GAIL,20181004,15:31,356.85,356.85,355,356.85,114372
GAIL,20181004,15:32,367.95,367.95,367.95,367.95,1
GAIL,20181004,15:41,367.95,367.95,367.95,367.95,220
GAIL,20181004,15:46,367.95,367.95,367.95,367.95,5
GAIL,20181004,15:47,367.95,367.95,367.95,367.95,1
GAIL,20181004,16:36,367.95,367.95,367.95,367.95,1
