GOLDBEES,20211118,09:16,43.08,43.08,42.55,42.59,56241,0
GOLDBEES,20211118,09:17,42.59,42.61,42.59,42.60,4160,0
GOLDBEES,20211118,09:18,42.60,42.60,42.58,42.58,16280,0
GOLDBEES,20211118,09:19,42.58,42.59,42.57,42.59,4870,0
GOLDBEES,20211118,09:20,42.58,42.60,42.58,42.60,5297,0
GOLDBEES,20211118,09:21,42.59,42.61,42.59,42.61,3939,0
GOLDBEES,20211118,09:22,42.61,42.61,42.61,42.61,578,0
GOLDBEES,20211118,09:23,42.61,42.61,42.60,42.60,2133,0
GOLDBEES,20211118,09:24,42.60,42.61,42.60,42.60,881,0
GOLDBEES,20211118,09:25,42.61,42.61,42.60,42.60,1928,0
GOLDBEES,20211118,09:26,42.60,42.60,42.58,42.58,10930,0
GOLDBEES,20211118,09:27,42.60,42.60,42.58,42.60,3439,0
GOLDBEES,20211118,09:28,42.60,42.60,42.58,42.59,459,0
GOLDBEES,20211118,09:29,42.59,42.59,42.58,42.59,1369,0
GOLDBEES,20211118,09:30,42.59,42.59,42.58,42.58,690,0
GOLDBEES,20211118,09:31,42.59,42.60,42.58,42.60,2044,0
GOLDBEES,20211118,09:32,42.60,42.60,42.58,42.59,16367,0
GOLDBEES,20211118,09:33,42.59,42.59,42.57,42.58,6342,0
GOLDBEES,20211118,09:34,42.58,42.58,42.56,42.58,6233,0
GOLDBEES,20211118,09:35,42.58,42.58,42.57,42.58,1478,0
GOLDBEES,20211118,09:36,42.58,42.58,42.57,42.58,3922,0
GOLDBEES,20211118,09:37,42.58,42.58,42.57,42.58,3368,0
GOLDBEES,20211118,09:38,42.58,42.59,42.57,42.59,7636,0
GOLDBEES,20211118,09:39,42.59,42.59,42.57,42.58,885,0
GOLDBEES,20211118,09:40,42.58,42.59,42.58,42.59,1989,0
GOLDBEES,20211118,09:41,42.58,42.59,42.58,42.59,3469,0
GOLDBEES,20211118,09:42,42.59,42.59,42.58,42.58,844,0
GOLDBEES,20211118,09:43,42.59,42.59,42.58,42.59,2938,0
GOLDBEES,20211118,09:44,42.59,42.59,42.58,42.58,6324,0
GOLDBEES,20211118,09:45,42.58,42.59,42.58,42.59,2066,0
GOLDBEES,20211118,09:46,42.59,42.59,42.58,42.59,779,0
GOLDBEES,20211118,09:47,42.58,42.59,42.58,42.58,1497,0
GOLDBEES,20211118,09:48,42.59,42.59,42.58,42.59,2676,0
GOLDBEES,20211118,09:49,42.59,42.59,42.58,42.59,989,0
GOLDBEES,20211118,09:50,42.59,42.59,42.58,42.59,1476,0
GOLDBEES,20211118,09:51,42.59,42.59,42.58,42.59,5663,0
GOLDBEES,20211118,09:52,42.59,42.60,42.58,42.59,9744,0
GOLDBEES,20211118,09:53,42.59,42.61,42.59,42.61,14267,0
GOLDBEES,20211118,09:54,42.61,42.61,42.60,42.61,1600,0
GOLDBEES,20211118,09:55,42.61,42.61,42.60,42.61,1601,0
GOLDBEES,20211118,09:56,42.61,42.62,42.61,42.62,17477,0
GOLDBEES,20211118,09:57,42.62,42.62,42.61,42.61,2557,0
GOLDBEES,20211118,09:58,42.62,42.63,42.61,42.62,1368,0
GOLDBEES,20211118,09:59,42.62,42.62,42.61,42.62,2658,0
GOLDBEES,20211118,10:00,42.61,42.63,42.61,42.63,7740,0
GOLDBEES,20211118,10:01,42.63,42.63,42.62,42.62,16276,0
GOLDBEES,20211118,10:02,42.60,42.62,42.60,42.62,753,0
GOLDBEES,20211118,10:03,42.62,42.62,42.60,42.62,1638,0
GOLDBEES,20211118,10:04,42.60,42.62,42.60,42.60,6393,0
GOLDBEES,20211118,10:05,42.60,42.62,42.60,42.62,1667,0
GOLDBEES,20211118,10:06,42.62,42.62,42.60,42.62,5193,0
GOLDBEES,20211118,10:07,42.62,42.62,42.60,42.60,65709,0
GOLDBEES,20211118,10:08,42.60,42.65,42.59,42.62,38957,0
GOLDBEES,20211118,10:09,42.62,42.63,42.60,42.63,870,0
GOLDBEES,20211118,10:10,42.63,42.63,42.61,42.62,272,0
GOLDBEES,20211118,10:11,42.63,42.63,42.61,42.61,788,0
GOLDBEES,20211118,10:12,42.62,42.63,42.60,42.62,19967,0
GOLDBEES,20211118,10:13,42.62,42.62,42.60,42.61,2993,0
GOLDBEES,20211118,10:14,42.61,42.62,42.61,42.62,4535,0
GOLDBEES,20211118,10:15,42.62,42.63,42.62,42.63,5820,0
GOLDBEES,20211118,10:16,42.62,42.63,42.62,42.63,5099,0
GOLDBEES,20211118,10:17,42.63,42.63,42.60,42.60,3331,0
GOLDBEES,20211118,10:18,42.60,42.63,42.60,42.62,3596,0
GOLDBEES,20211118,10:19,42.62,42.63,42.60,42.60,6468,0
GOLDBEES,20211118,10:20,42.61,42.62,42.60,42.60,918,0
GOLDBEES,20211118,10:21,42.61,42.62,42.60,42.62,819,0
GOLDBEES,20211118,10:22,42.62,42.62,42.61,42.61,7914,0
GOLDBEES,20211118,10:23,42.62,42.62,42.60,42.61,6951,0
GOLDBEES,20211118,10:24,42.61,42.61,42.60,42.61,2135,0
GOLDBEES,20211118,10:25,42.60,42.62,42.60,42.62,3221,0
GOLDBEES,20211118,10:26,42.62,42.62,42.62,42.62,15691,0
GOLDBEES,20211118,10:27,42.60,42.62,42.60,42.62,2178,0
GOLDBEES,20211118,10:28,42.60,42.62,42.60,42.61,1786,0
GOLDBEES,20211118,10:29,42.61,42.61,42.60,42.60,8257,0
GOLDBEES,20211118,10:30,42.60,42.60,42.59,42.60,5417,0
GOLDBEES,20211118,10:31,42.60,42.60,42.59,42.60,5266,0
GOLDBEES,20211118,10:32,42.60,42.60,42.59,42.59,937,0
GOLDBEES,20211118,10:33,42.60,42.61,42.59,42.59,14790,0
GOLDBEES,20211118,10:34,42.60,42.61,42.60,42.61,6399,0
GOLDBEES,20211118,10:35,42.61,42.61,42.59,42.60,1452,0
GOLDBEES,20211118,10:36,42.60,42.61,42.59,42.60,1376,0
GOLDBEES,20211118,10:37,42.60,42.60,42.59,42.60,1287,0
GOLDBEES,20211118,10:38,42.59,42.60,42.58,42.58,1413,0
GOLDBEES,20211118,10:39,42.59,42.59,42.58,42.59,12913,0
GOLDBEES,20211118,10:40,42.58,42.60,42.58,42.59,3147,0
GOLDBEES,20211118,10:41,42.59,42.60,42.59,42.59,775,0
GOLDBEES,20211118,10:42,42.59,42.60,42.58,42.60,1861,0
GOLDBEES,20211118,10:43,42.60,42.60,42.58,42.59,1845,0
GOLDBEES,20211118,10:44,42.59,42.59,42.58,42.58,1133,0
GOLDBEES,20211118,10:45,42.58,42.59,42.58,42.58,2174,0
GOLDBEES,20211118,10:46,42.59,42.59,42.56,42.58,22734,0
GOLDBEES,20211118,10:47,42.58,42.58,42.57,42.58,316,0
GOLDBEES,20211118,10:48,42.58,42.59,42.57,42.57,3487,0
GOLDBEES,20211118,10:49,42.59,42.59,42.56,42.58,12346,0
GOLDBEES,20211118,10:50,42.58,42.58,42.55,42.58,702,0
GOLDBEES,20211118,10:51,42.55,42.58,42.55,42.57,923,0
GOLDBEES,20211118,10:52,42.55,42.58,42.55,42.57,1949,0
GOLDBEES,20211118,10:53,42.55,42.58,42.55,42.58,8809,0
GOLDBEES,20211118,10:54,42.58,42.58,42.56,42.58,6507,0
GOLDBEES,20211118,10:55,42.56,42.58,42.55,42.57,754,0
GOLDBEES,20211118,10:56,42.57,42.57,42.55,42.57,3483,0
GOLDBEES,20211118,10:57,42.57,42.57,42.56,42.57,6594,0
GOLDBEES,20211118,10:58,42.57,42.57,42.55,42.56,1708,0
GOLDBEES,20211118,10:59,42.55,42.56,42.55,42.56,4390,0
GOLDBEES,20211118,11:00,42.56,42.59,42.55,42.59,22698,0
GOLDBEES,20211118,11:01,42.59,42.59,42.57,42.58,1402,0
GOLDBEES,20211118,11:02,42.58,42.58,42.57,42.58,63184,0
GOLDBEES,20211118,11:03,42.57,42.58,42.57,42.58,3953,0
GOLDBEES,20211118,11:04,42.58,42.58,42.57,42.58,796,0
GOLDBEES,20211118,11:05,42.58,42.58,42.57,42.58,5801,0
GOLDBEES,20211118,11:06,42.58,42.58,42.57,42.58,3076,0
GOLDBEES,20211118,11:07,42.57,42.58,42.57,42.58,4028,0
GOLDBEES,20211118,11:08,42.58,42.58,42.57,42.58,3974,0
GOLDBEES,20211118,11:09,42.58,42.58,42.57,42.58,1407,0
GOLDBEES,20211118,11:10,42.58,42.59,42.57,42.59,4367,0
GOLDBEES,20211118,11:11,42.59,42.60,42.58,42.60,25948,0
GOLDBEES,20211118,11:12,42.59,42.59,42.57,42.58,60514,0
GOLDBEES,20211118,11:13,42.58,42.58,42.57,42.58,15755,0
GOLDBEES,20211118,11:14,42.58,42.58,42.57,42.58,5682,0
GOLDBEES,20211118,11:15,42.58,42.58,42.57,42.58,5049,0
GOLDBEES,20211118,11:16,42.57,42.58,42.57,42.58,1096,0
GOLDBEES,20211118,11:17,42.58,42.58,42.58,42.58,1925,0
GOLDBEES,20211118,11:18,42.58,42.58,42.57,42.58,2280,0
GOLDBEES,20211118,11:19,42.58,42.58,42.57,42.57,4354,0
GOLDBEES,20211118,11:20,42.58,42.58,42.57,42.58,4163,0
GOLDBEES,20211118,11:21,42.58,42.58,42.58,42.58,3552,0
GOLDBEES,20211118,11:22,42.59,42.59,42.57,42.59,2559,0
GOLDBEES,20211118,11:23,42.58,42.60,42.58,42.60,5256,0
GOLDBEES,20211118,11:24,42.60,42.60,42.58,42.60,577,0
GOLDBEES,20211118,11:25,42.60,42.60,42.58,42.60,3641,0
GOLDBEES,20211118,11:26,42.60,42.60,42.60,42.60,783,0
GOLDBEES,20211118,11:27,42.60,42.60,42.58,42.59,766,0
GOLDBEES,20211118,11:28,42.59,42.60,42.58,42.60,987,0
GOLDBEES,20211118,11:29,42.60,42.60,42.58,42.59,10360,0
GOLDBEES,20211118,11:30,42.59,42.60,42.58,42.58,6160,0
GOLDBEES,20211118,11:31,42.58,42.59,42.58,42.58,7248,0
GOLDBEES,20211118,11:32,42.59,42.59,42.58,42.58,17753,0
GOLDBEES,20211118,11:33,42.59,42.60,42.58,42.59,524,0
GOLDBEES,20211118,11:34,42.59,42.60,42.59,42.60,2730,0
GOLDBEES,20211118,11:35,42.60,42.60,42.58,42.58,622,0
GOLDBEES,20211118,11:36,42.58,42.59,42.58,42.59,1194,0
GOLDBEES,20211118,11:37,42.59,42.59,42.58,42.59,3170,0
GOLDBEES,20211118,11:38,42.59,42.59,42.58,42.58,916,0
GOLDBEES,20211118,11:39,42.59,42.59,42.59,42.59,654,0
GOLDBEES,20211118,11:40,42.59,42.59,42.58,42.59,797,0
GOLDBEES,20211118,11:41,42.58,42.59,42.58,42.59,1450,0
GOLDBEES,20211118,11:42,42.59,42.60,42.58,42.59,2002,0
GOLDBEES,20211118,11:43,42.59,42.59,42.58,42.58,1953,0
GOLDBEES,20211118,11:44,42.59,42.59,42.58,42.59,4369,0
GOLDBEES,20211118,11:45,42.59,42.59,42.58,42.59,1937,0
GOLDBEES,20211118,11:46,42.58,42.59,42.58,42.59,597,0
GOLDBEES,20211118,11:47,42.58,42.59,42.58,42.58,14724,0
GOLDBEES,20211118,11:48,42.59,42.59,42.58,42.58,8708,0
GOLDBEES,20211118,11:49,42.58,42.59,42.57,42.58,3239,0
GOLDBEES,20211118,11:50,42.58,42.58,42.58,42.58,11362,0
GOLDBEES,20211118,11:51,42.57,42.58,42.57,42.58,6444,0
GOLDBEES,20211118,11:52,42.57,42.58,42.57,42.58,483,0
GOLDBEES,20211118,11:53,42.57,42.60,42.57,42.59,17750,0
GOLDBEES,20211118,11:54,42.57,42.59,42.57,42.58,3951,0
GOLDBEES,20211118,11:55,42.58,42.59,42.57,42.57,1328,0
GOLDBEES,20211118,11:56,42.58,42.58,42.57,42.58,10870,0
GOLDBEES,20211118,11:57,42.58,42.58,42.57,42.58,2834,0
GOLDBEES,20211118,11:58,42.58,42.58,42.56,42.57,3065,0
GOLDBEES,20211118,11:59,42.57,42.57,42.55,42.56,4783,0
GOLDBEES,20211118,12:00,42.56,42.56,42.55,42.56,8137,0
GOLDBEES,20211118,12:01,42.55,42.56,42.54,42.56,2000,0
GOLDBEES,20211118,12:02,42.54,42.56,42.54,42.56,4041,0
GOLDBEES,20211118,12:03,42.56,42.56,42.55,42.56,414,0
GOLDBEES,20211118,12:04,42.55,42.57,42.55,42.57,1047,0
GOLDBEES,20211118,12:05,42.57,42.57,42.56,42.56,2537,0
GOLDBEES,20211118,12:06,42.57,42.57,42.56,42.57,4474,0
GOLDBEES,20211118,12:07,42.57,42.57,42.56,42.56,13175,0
GOLDBEES,20211118,12:08,42.57,42.58,42.56,42.57,8874,0
GOLDBEES,20211118,12:09,42.57,42.58,42.56,42.57,9578,0
GOLDBEES,20211118,12:10,42.57,42.57,42.56,42.57,438,0
GOLDBEES,20211118,12:11,42.58,42.58,42.56,42.56,4511,0
GOLDBEES,20211118,12:12,42.57,42.57,42.56,42.57,778,0
GOLDBEES,20211118,12:13,42.57,42.57,42.56,42.56,7401,0
GOLDBEES,20211118,12:14,42.56,42.56,42.55,42.56,11352,0
GOLDBEES,20211118,12:15,42.55,42.57,42.54,42.55,13597,0
GOLDBEES,20211118,12:16,42.56,42.56,42.54,42.56,10203,0
GOLDBEES,20211118,12:17,42.56,42.56,42.54,42.56,1035,0
GOLDBEES,20211118,12:18,42.56,42.56,42.54,42.55,635,0
GOLDBEES,20211118,12:19,42.55,42.55,42.54,42.55,1275,0
GOLDBEES,20211118,12:20,42.55,42.57,42.55,42.57,2915,0
GOLDBEES,20211118,12:21,42.57,42.57,42.56,42.56,10575,0
GOLDBEES,20211118,12:22,42.57,42.58,42.56,42.56,12744,0
GOLDBEES,20211118,12:23,42.56,42.57,42.55,42.56,602,0
GOLDBEES,20211118,12:24,42.55,42.56,42.55,42.55,906,0
GOLDBEES,20211118,12:25,42.56,42.56,42.55,42.56,651,0
GOLDBEES,20211118,12:26,42.55,42.55,42.54,42.55,14213,0
GOLDBEES,20211118,12:27,42.55,42.55,42.54,42.55,501,0
GOLDBEES,20211118,12:28,42.55,42.55,42.54,42.55,5458,0
GOLDBEES,20211118,12:29,42.55,42.55,42.54,42.55,1161,0
GOLDBEES,20211118,12:30,42.55,42.55,42.53,42.55,3960,0
GOLDBEES,20211118,12:31,42.55,42.55,42.53,42.53,1100,0
GOLDBEES,20211118,12:32,42.55,42.55,42.53,42.54,690,0
GOLDBEES,20211118,12:33,42.53,42.54,42.53,42.54,807,0
GOLDBEES,20211118,12:34,42.55,42.55,42.53,42.55,838,0
GOLDBEES,20211118,12:35,42.55,42.55,42.54,42.55,3246,0
GOLDBEES,20211118,12:36,42.54,42.55,42.53,42.53,6234,0
GOLDBEES,20211118,12:37,42.53,42.54,42.53,42.54,2118,0
GOLDBEES,20211118,12:38,42.54,42.55,42.53,42.55,1969,0
GOLDBEES,20211118,12:39,42.55,42.55,42.53,42.53,4418,0
GOLDBEES,20211118,12:40,42.55,42.55,42.53,42.55,939,0
GOLDBEES,20211118,12:41,42.55,42.56,42.55,42.56,43028,0
GOLDBEES,20211118,12:42,42.56,42.56,42.55,42.56,1475,0
GOLDBEES,20211118,12:43,42.55,42.55,42.54,42.55,4615,0
GOLDBEES,20211118,12:44,42.55,42.56,42.54,42.56,6843,0
GOLDBEES,20211118,12:45,42.55,42.56,42.55,42.56,6374,0
GOLDBEES,20211118,12:46,42.56,42.56,42.55,42.56,256,0
GOLDBEES,20211118,12:47,42.56,42.56,42.55,42.55,937,0
GOLDBEES,20211118,12:48,42.56,42.56,42.54,42.55,1597,0
GOLDBEES,20211118,12:49,42.54,42.56,42.54,42.56,2066,0
GOLDBEES,20211118,12:50,42.55,42.57,42.55,42.57,5282,0
GOLDBEES,20211118,12:51,42.56,42.57,42.56,42.57,10240,0
GOLDBEES,20211118,12:52,42.57,42.57,42.56,42.57,1513,0
GOLDBEES,20211118,12:53,42.57,42.57,42.56,42.57,19039,0
GOLDBEES,20211118,12:54,42.57,42.57,42.55,42.56,768,0
GOLDBEES,20211118,12:55,42.56,42.56,42.55,42.56,1001,0
GOLDBEES,20211118,12:56,42.56,42.56,42.54,42.55,5966,0
GOLDBEES,20211118,12:57,42.56,42.56,42.55,42.56,859,0
GOLDBEES,20211118,12:58,42.55,42.56,42.55,42.56,984,0
GOLDBEES,20211118,12:59,42.55,42.56,42.55,42.56,20117,0
GOLDBEES,20211118,13:00,42.56,42.56,42.55,42.56,76073,0
GOLDBEES,20211118,13:01,42.56,42.56,42.55,42.55,26432,0
GOLDBEES,20211118,13:02,42.55,42.56,42.55,42.56,76188,0
GOLDBEES,20211118,13:03,42.56,42.56,42.55,42.56,4840,0
GOLDBEES,20211118,13:04,42.56,42.56,42.53,42.54,16775,0
GOLDBEES,20211118,13:05,42.54,42.54,42.52,42.53,3043,0
GOLDBEES,20211118,13:06,42.53,42.53,42.51,42.52,2701,0
GOLDBEES,20211118,13:07,42.51,42.52,42.50,42.52,8981,0
GOLDBEES,20211118,13:08,42.53,42.53,42.52,42.52,7233,0
GOLDBEES,20211118,13:09,42.53,42.53,42.52,42.53,11741,0
GOLDBEES,20211118,13:10,42.52,42.53,42.52,42.53,4914,0
GOLDBEES,20211118,13:11,42.53,42.53,42.51,42.52,3380,0
GOLDBEES,20211118,13:12,42.52,42.53,42.50,42.52,8990,0
GOLDBEES,20211118,13:13,42.52,42.53,42.50,42.53,5411,0
GOLDBEES,20211118,13:14,42.53,42.53,42.51,42.52,272,0
GOLDBEES,20211118,13:15,42.52,42.53,42.51,42.53,4225,0
GOLDBEES,20211118,13:16,42.53,42.53,42.51,42.53,1742,0
GOLDBEES,20211118,13:17,42.51,42.53,42.51,42.51,1508,0
GOLDBEES,20211118,13:18,42.51,42.53,42.51,42.53,6099,0
GOLDBEES,20211118,13:19,42.53,42.53,42.50,42.50,5155,0
GOLDBEES,20211118,13:20,42.53,42.53,42.51,42.53,309,0
GOLDBEES,20211118,13:21,42.53,42.53,42.50,42.53,8260,0
GOLDBEES,20211118,13:22,42.52,42.53,42.52,42.52,114,0
GOLDBEES,20211118,13:23,42.53,42.53,42.52,42.53,5669,0
GOLDBEES,20211118,13:24,42.53,42.54,42.52,42.54,196,0
GOLDBEES,20211118,13:25,42.53,42.54,42.53,42.53,10810,0
GOLDBEES,20211118,13:26,42.54,42.56,42.54,42.56,13816,0
GOLDBEES,20211118,13:27,42.56,42.56,42.55,42.56,16707,0
GOLDBEES,20211118,13:28,42.56,42.57,42.55,42.56,1955,0
GOLDBEES,20211118,13:29,42.55,42.57,42.54,42.55,4419,0
GOLDBEES,20211118,13:30,42.55,42.55,42.54,42.55,2090,0
GOLDBEES,20211118,13:31,42.55,42.55,42.54,42.55,4486,0
GOLDBEES,20211118,13:32,42.56,42.56,42.55,42.56,10546,0
GOLDBEES,20211118,13:33,42.55,42.57,42.55,42.57,2898,0
GOLDBEES,20211118,13:34,42.56,42.56,42.55,42.55,2393,0
GOLDBEES,20211118,13:35,42.55,42.55,42.54,42.54,1206,0
GOLDBEES,20211118,13:36,42.55,42.55,42.53,42.55,3760,0
GOLDBEES,20211118,13:37,42.55,42.55,42.53,42.55,163,0
GOLDBEES,20211118,13:38,42.55,42.55,42.54,42.54,2499,0
GOLDBEES,20211118,13:39,42.54,42.55,42.53,42.55,339,0
GOLDBEES,20211118,13:40,42.53,42.57,42.53,42.57,6924,0
GOLDBEES,20211118,13:41,42.56,42.57,42.54,42.56,132,0
GOLDBEES,20211118,13:42,42.56,42.56,42.54,42.55,715,0
GOLDBEES,20211118,13:43,42.54,42.58,42.54,42.57,33927,0
GOLDBEES,20211118,13:44,42.58,42.59,42.57,42.58,19133,0
GOLDBEES,20211118,13:45,42.59,42.59,42.58,42.59,1689,0
GOLDBEES,20211118,13:46,42.59,42.59,42.58,42.59,1052,0
GOLDBEES,20211118,13:47,42.59,42.60,42.58,42.59,3280,0
GOLDBEES,20211118,13:48,42.59,42.60,42.58,42.58,1670,0
GOLDBEES,20211118,13:49,42.59,42.59,42.58,42.59,869,0
GOLDBEES,20211118,13:50,42.59,42.59,42.58,42.59,1094,0
GOLDBEES,20211118,13:51,42.58,42.59,42.58,42.59,1396,0
GOLDBEES,20211118,13:52,42.59,42.60,42.58,42.58,1679,0
GOLDBEES,20211118,13:53,42.59,42.61,42.58,42.61,14725,0
GOLDBEES,20211118,13:54,42.61,42.61,42.60,42.61,5784,0
GOLDBEES,20211118,13:55,42.60,42.61,42.59,42.61,8444,0
GOLDBEES,20211118,13:56,42.61,42.62,42.59,42.61,2193,0
GOLDBEES,20211118,13:57,42.61,42.61,42.59,42.60,790,0
GOLDBEES,20211118,13:58,42.60,42.60,42.59,42.60,1052,0
GOLDBEES,20211118,13:59,42.60,42.60,42.59,42.60,11313,0
GOLDBEES,20211118,14:00,42.59,42.61,42.59,42.60,21098,0
GOLDBEES,20211118,14:01,42.60,42.62,42.59,42.59,5178,0
GOLDBEES,20211118,14:02,42.60,42.61,42.59,42.61,6292,0
GOLDBEES,20211118,14:03,42.59,42.62,42.59,42.62,5026,0
GOLDBEES,20211118,14:04,42.62,42.62,42.59,42.60,2552,0
GOLDBEES,20211118,14:05,42.60,42.60,42.59,42.60,783,0
GOLDBEES,20211118,14:06,42.59,42.60,42.59,42.59,4016,0
GOLDBEES,20211118,14:07,42.59,42.60,42.59,42.60,1129,0
GOLDBEES,20211118,14:08,42.60,42.60,42.59,42.60,1040,0
GOLDBEES,20211118,14:09,42.60,42.61,42.60,42.61,1247,0
GOLDBEES,20211118,14:10,42.60,42.61,42.60,42.60,1370,0
GOLDBEES,20211118,14:11,42.60,42.60,42.60,42.60,68,0
GOLDBEES,20211118,14:12,42.60,42.60,42.59,42.60,160,0
GOLDBEES,20211118,14:13,42.60,42.60,42.58,42.59,4341,0
GOLDBEES,20211118,14:14,42.59,42.59,42.57,42.57,21076,0
GOLDBEES,20211118,14:15,42.58,42.59,42.57,42.57,3262,0
GOLDBEES,20211118,14:16,42.59,42.59,42.57,42.59,646,0
GOLDBEES,20211118,14:17,42.57,42.59,42.57,42.59,1956,0
GOLDBEES,20211118,14:18,42.59,42.60,42.57,42.59,6938,0
GOLDBEES,20211118,14:19,42.59,42.60,42.58,42.60,3601,0
GOLDBEES,20211118,14:20,42.60,42.60,42.57,42.59,18486,0
GOLDBEES,20211118,14:21,42.59,42.59,42.57,42.59,361,0
GOLDBEES,20211118,14:22,42.59,42.60,42.58,42.59,6457,0
GOLDBEES,20211118,14:23,42.58,42.59,42.58,42.59,2877,0
GOLDBEES,20211118,14:24,42.59,42.59,42.57,42.59,3231,0
GOLDBEES,20211118,14:25,42.59,42.59,42.57,42.59,1081,0
GOLDBEES,20211118,14:26,42.57,42.59,42.57,42.57,521,0
GOLDBEES,20211118,14:27,42.57,42.58,42.57,42.57,2259,0
GOLDBEES,20211118,14:28,42.57,42.58,42.56,42.58,5029,0
GOLDBEES,20211118,14:29,42.58,42.58,42.57,42.58,2301,0
GOLDBEES,20211118,14:30,42.56,42.58,42.56,42.57,1166,0
GOLDBEES,20211118,14:31,42.56,42.58,42.56,42.56,2342,0
GOLDBEES,20211118,14:32,42.58,42.59,42.57,42.58,7465,0
GOLDBEES,20211118,14:33,42.59,42.59,42.58,42.59,254,0
GOLDBEES,20211118,14:34,42.59,42.60,42.58,42.59,2926,0
GOLDBEES,20211118,14:35,42.59,42.60,42.59,42.60,767,0
GOLDBEES,20211118,14:36,42.58,42.60,42.57,42.60,567,0
GOLDBEES,20211118,14:37,42.59,42.60,42.57,42.60,1038,0
GOLDBEES,20211118,14:38,42.60,42.60,42.58,42.58,1020,0
GOLDBEES,20211118,14:39,42.59,42.59,42.58,42.59,410,0
GOLDBEES,20211118,14:40,42.59,42.59,42.58,42.58,5758,0
GOLDBEES,20211118,14:41,42.59,42.59,42.58,42.59,3864,0
GOLDBEES,20211118,14:42,42.59,42.59,42.59,42.59,3518,0
GOLDBEES,20211118,14:43,42.59,42.59,42.59,42.59,509,0
GOLDBEES,20211118,14:44,42.59,42.59,42.57,42.59,265,0
GOLDBEES,20211118,14:45,42.57,42.59,42.57,42.58,820,0
GOLDBEES,20211118,14:46,42.59,42.59,42.58,42.59,977,0
GOLDBEES,20211118,14:47,42.59,42.59,42.58,42.58,596,0
GOLDBEES,20211118,14:48,42.59,42.59,42.57,42.57,11091,0
GOLDBEES,20211118,14:49,42.59,42.59,42.57,42.59,3480,0
GOLDBEES,20211118,14:50,42.58,42.59,42.58,42.58,2758,0
GOLDBEES,20211118,14:51,42.58,42.59,42.57,42.57,4336,0
GOLDBEES,20211118,14:52,42.58,42.59,42.57,42.58,1598,0
GOLDBEES,20211118,14:53,42.58,42.59,42.57,42.58,37391,0
GOLDBEES,20211118,14:54,42.59,42.59,42.58,42.59,437,0
GOLDBEES,20211118,14:55,42.59,42.59,42.58,42.58,1148,0
GOLDBEES,20211118,14:56,42.59,42.59,42.58,42.58,11068,0
GOLDBEES,20211118,14:57,42.59,42.59,42.58,42.59,20660,0
GOLDBEES,20211118,14:58,42.59,42.59,42.58,42.58,1915,0
GOLDBEES,20211118,14:59,42.59,42.59,42.58,42.58,6830,0
GOLDBEES,20211118,15:00,42.58,42.59,42.58,42.58,3751,0
GOLDBEES,20211118,15:01,42.59,42.59,42.58,42.59,10411,0
GOLDBEES,20211118,15:02,42.59,42.59,42.57,42.58,25247,0
GOLDBEES,20211118,15:03,42.58,42.59,42.58,42.59,2090,0
GOLDBEES,20211118,15:04,42.59,42.59,42.58,42.59,2454,0
GOLDBEES,20211118,15:05,42.59,42.59,42.58,42.58,4732,0
GOLDBEES,20211118,15:06,42.58,42.59,42.58,42.59,1344,0
GOLDBEES,20211118,15:07,42.59,42.59,42.58,42.59,730,0
GOLDBEES,20211118,15:08,42.58,42.60,42.58,42.60,922,0
GOLDBEES,20211118,15:09,42.60,42.60,42.58,42.59,2622,0
GOLDBEES,20211118,15:10,42.59,42.59,42.58,42.59,1434,0
GOLDBEES,20211118,15:11,42.58,42.59,42.58,42.59,3565,0
GOLDBEES,20211118,15:12,42.59,42.60,42.58,42.59,4185,0
GOLDBEES,20211118,15:13,42.59,42.59,42.58,42.58,5631,0
GOLDBEES,20211118,15:14,42.59,42.60,42.58,42.59,4361,0
GOLDBEES,20211118,15:15,42.58,42.61,42.57,42.59,20303,0
GOLDBEES,20211118,15:16,42.58,42.59,42.57,42.59,3524,0
GOLDBEES,20211118,15:17,42.57,42.61,42.57,42.59,7339,0
GOLDBEES,20211118,15:18,42.59,42.59,42.57,42.59,1914,0
GOLDBEES,20211118,15:19,42.63,42.63,42.60,42.63,39249,0
GOLDBEES,20211118,15:20,42.64,42.64,42.61,42.62,20413,0
GOLDBEES,20211118,15:21,42.63,42.63,42.62,42.63,8969,0
GOLDBEES,20211118,15:22,42.62,42.63,42.61,42.63,18313,0
GOLDBEES,20211118,15:23,42.62,42.63,42.61,42.61,29068,0
GOLDBEES,20211118,15:24,42.60,42.61,42.59,42.61,46586,0
GOLDBEES,20211118,15:25,42.59,42.61,42.59,42.61,1411,0
GOLDBEES,20211118,15:26,42.61,42.61,42.60,42.61,8096,0
GOLDBEES,20211118,15:27,42.61,42.63,42.61,42.61,15754,0
GOLDBEES,20211118,15:28,42.61,42.62,42.60,42.62,12907,0
GOLDBEES,20211118,15:29,42.62,42.63,42.62,42.63,27653,0
GOLDBEES,20211118,15:30,42.64,42.65,42.63,42.64,42070,0
GOLDBEES,20211118,15:31,42.64,42.64,42.64,42.64,3702,0
GOLDBEES,20211118,15:32,42.61,42.61,42.61,42.61,0,0
GOLDBEES,20211118,15:43,42.61,42.61,42.61,42.61,1,0
GOLDBEES,20211118,16:56,42.61,42.61,42.61,42.61,0,0
