RELCAPITAL,20171228,09:08,522,522,522,522,9590
RELCAPITAL,20171228,09:16,522.25,524.25,522.25,522.5,75422
RELCAPITAL,20171228,09:17,522.35,523,521.5,521.5,66862
RELCAPITAL,20171228,09:18,521.8,524.45,521.55,524.3,67933
RELCAPITAL,20171228,09:19,524,524.1,523.1,523.9,49838
RELCAPITAL,20171228,09:20,524,526.05,524,525.95,64465
RELCAPITAL,20171228,09:21,526,526,524.55,524.55,51435
RELCAPITAL,20171228,09:22,524.55,525.15,523.5,525.15,37933
RELCAPITAL,20171228,09:23,525,525.6,524.9,525.3,39734
RELCAPITAL,20171228,09:24,525.3,525.4,525,525.25,25371
RELCAPITAL,20171228,09:25,525.15,525.6,524.65,524.7,31018
RELCAPITAL,20171228,09:26,524.55,524.55,522.85,524,51226
RELCAPITAL,20171228,09:27,524.15,524.5,523,524.4,31693
RELCAPITAL,20171228,09:28,524.2,524.9,524.2,524.7,29213
RELCAPITAL,20171228,09:29,524.7,524.8,523.1,523.65,22797
RELCAPITAL,20171228,09:30,523.65,523.85,523.15,523.2,18057
RELCAPITAL,20171228,09:31,523.2,523.3,522.1,523,40034
RELCAPITAL,20171228,09:32,523,523.5,523,523,15956
RELCAPITAL,20171228,09:33,523.2,523.3,522.6,523.15,17278
RELCAPITAL,20171228,09:34,522.95,523.1,522.45,522.9,21532
RELCAPITAL,20171228,09:35,522.9,523.5,522.5,523.1,22816
RELCAPITAL,20171228,09:36,523.2,524.7,523.1,524.55,24331
RELCAPITAL,20171228,09:37,524.7,525.5,524,524.05,38968
RELCAPITAL,20171228,09:38,524.05,525.65,524.05,525,23663
RELCAPITAL,20171228,09:39,525.75,525.75,524.3,524.75,33241
RELCAPITAL,20171228,09:40,524.75,525.7,524.5,524.5,22803
RELCAPITAL,20171228,09:41,524.6,525.15,524.45,524.6,13394
RELCAPITAL,20171228,09:42,524.5,525.15,524.25,525,17308
RELCAPITAL,20171228,09:43,525,527,524.9,526.35,88079
RELCAPITAL,20171228,09:44,526.7,527.8,526.35,526.4,76686
RELCAPITAL,20171228,09:45,526.35,527,525.8,525.8,38931
RELCAPITAL,20171228,09:46,525.8,526.45,525.8,526.2,21498
RELCAPITAL,20171228,09:47,526.2,526.35,525.35,525.7,17402
RELCAPITAL,20171228,09:48,525.5,526,525.3,525.95,15022
RELCAPITAL,20171228,09:49,525.8,526.8,525.8,526.8,21755
RELCAPITAL,20171228,09:50,526.4,526.8,525.85,526,26235
RELCAPITAL,20171228,09:51,525.85,526.15,525.3,525.6,19365
RELCAPITAL,20171228,09:52,526,526.4,525.6,526.2,17541
RELCAPITAL,20171228,09:53,526.2,526.3,525.85,525.85,13675
RELCAPITAL,20171228,09:54,525.85,526.3,525.6,525.8,9717
RELCAPITAL,20171228,09:55,525.8,525.85,525.05,525.3,20198
RELCAPITAL,20171228,09:56,525.35,526.2,524.6,526,29560
RELCAPITAL,20171228,09:57,526.3,527.9,526,527.55,51857
RELCAPITAL,20171228,09:58,528.4,534.8,528.25,534.45,378872
RELCAPITAL,20171228,09:59,534.35,535,532.25,532.45,237347
RELCAPITAL,20171228,10:00,532.5,532.5,530.7,531.8,70745
RELCAPITAL,20171228,10:01,531.5,533.25,531.35,532.05,108985
RELCAPITAL,20171228,10:02,532.2,532.2,531,531.6,42348
RELCAPITAL,20171228,10:03,531.7,531.75,531,531.05,36767
RELCAPITAL,20171228,10:04,531,531,529.3,529.35,84184
RELCAPITAL,20171228,10:05,529.35,530,529.05,529.8,39897
RELCAPITAL,20171228,10:06,529.4,529.4,528.1,528.95,63630
RELCAPITAL,20171228,10:07,528.7,529,528.3,528.6,28675
RELCAPITAL,20171228,10:08,528.65,528.65,527.5,527.7,60800
RELCAPITAL,20171228,10:09,527.7,528.1,526.7,528.1,67721
RELCAPITAL,20171228,10:10,528.65,528.85,527.6,528.35,50008
RELCAPITAL,20171228,10:11,528.25,528.9,528.15,528.75,22660
RELCAPITAL,20171228,10:12,528.8,529,528.3,528.5,22664
RELCAPITAL,20171228,10:13,528.7,529,528.55,528.6,11254
RELCAPITAL,20171228,10:14,528.55,528.85,528.35,528.35,16808
RELCAPITAL,20171228,10:15,528.35,529.8,528.3,529.8,24848
RELCAPITAL,20171228,10:16,529.6,529.95,529.45,529.6,18162
RELCAPITAL,20171228,10:17,529.6,530.7,529.35,530.05,37342
RELCAPITAL,20171228,10:18,530.45,530.6,530,530,26908
RELCAPITAL,20171228,10:19,530.15,530.35,529.8,529.8,18821
RELCAPITAL,20171228,10:20,529.8,530.1,529.6,529.85,19919
RELCAPITAL,20171228,10:21,529.85,530,529.55,530,12218
RELCAPITAL,20171228,10:22,529.95,530,529.5,529.6,6032
RELCAPITAL,20171228,10:23,529.6,530,529.6,529.95,14412
RELCAPITAL,20171228,10:24,529.95,530,529.85,530,12443
RELCAPITAL,20171228,10:25,529.95,530,529.5,529.65,6515
RELCAPITAL,20171228,10:26,529.65,529.9,529.6,529.75,5673
RELCAPITAL,20171228,10:27,529.75,529.95,529.7,529.75,6479
RELCAPITAL,20171228,10:28,529.9,530.3,529.75,530.3,9502
RELCAPITAL,20171228,10:29,530.4,530.75,530.15,530.5,9835
RELCAPITAL,20171228,10:30,530.3,530.5,530,530,5877
RELCAPITAL,20171228,10:31,530,530.3,529.9,530.15,7863
RELCAPITAL,20171228,10:32,529.9,530.3,529.85,530.05,8457
RELCAPITAL,20171228,10:33,530.1,530.15,529.75,529.8,11333
RELCAPITAL,20171228,10:34,529.8,530,529.8,529.8,5278
RELCAPITAL,20171228,10:35,529.55,529.8,529.25,529.25,11475
RELCAPITAL,20171228,10:36,529.35,529.8,529.25,529.5,8113
RELCAPITAL,20171228,10:37,529.5,530,529.35,529.8,10896
RELCAPITAL,20171228,10:38,530,530.15,529.85,529.9,4215
RELCAPITAL,20171228,10:39,529.9,530,529.55,529.85,10113
RELCAPITAL,20171228,10:40,529.85,530.1,529.85,530,6078
RELCAPITAL,20171228,10:41,530,530,529.65,529.8,4313
RELCAPITAL,20171228,10:42,529.7,530,529.6,529.7,10395
RELCAPITAL,20171228,10:43,529.65,529.85,529.5,529.65,9121
RELCAPITAL,20171228,10:44,529.65,529.65,529,529.2,6589
RELCAPITAL,20171228,10:45,529.4,529.65,529,529.35,3999
RELCAPITAL,20171228,10:46,529.35,529.65,529.1,529.35,2439
RELCAPITAL,20171228,10:47,529.35,529.9,529.3,529.9,7224
RELCAPITAL,20171228,10:48,529.55,530,529.35,529.5,5747
RELCAPITAL,20171228,10:49,529.5,530,529.5,529.8,17503
RELCAPITAL,20171228,10:50,529.85,530.5,529.85,530.1,13065
RELCAPITAL,20171228,10:51,530.35,530.4,530,530.35,6290
RELCAPITAL,20171228,10:52,530.4,530.8,530.1,530.5,7229
RELCAPITAL,20171228,10:53,530.3,530.5,529.95,530.05,10169
RELCAPITAL,20171228,10:54,530.15,530.3,529.75,530.05,3713
RELCAPITAL,20171228,10:55,530.05,530.25,529.75,529.8,4146
RELCAPITAL,20171228,10:56,529.75,530,529.75,529.85,3075
RELCAPITAL,20171228,10:57,529.95,530.5,529.95,530.4,18082
RELCAPITAL,20171228,10:58,530.35,530.7,530.15,530.7,12731
RELCAPITAL,20171228,10:59,530.7,530.7,529.8,529.8,8108
RELCAPITAL,20171228,11:00,529.9,530.5,529.65,529.85,6693
RELCAPITAL,20171228,11:01,530,530.3,529.75,529.75,5520
RELCAPITAL,20171228,11:02,529.75,530,529.65,529.95,8390
RELCAPITAL,20171228,11:03,529.65,530.35,529.65,530.15,6186
RELCAPITAL,20171228,11:04,530.15,530.5,530,530.25,6035
RELCAPITAL,20171228,11:05,530.3,530.8,530.25,530.8,5893
RELCAPITAL,20171228,11:06,530.8,530.8,530.2,530.65,11813
RELCAPITAL,20171228,11:07,530.7,530.75,530,530,7490
RELCAPITAL,20171228,11:08,530,530.5,530,530.35,2711
RELCAPITAL,20171228,11:09,530.1,530.25,530,530,2959
RELCAPITAL,20171228,11:10,530,530.65,530,530.25,5615
RELCAPITAL,20171228,11:11,530.3,530.7,530.25,530.25,10869
RELCAPITAL,20171228,11:12,530.25,530.8,530.1,530.5,4420
RELCAPITAL,20171228,11:13,530.3,530.3,530,530,6233
RELCAPITAL,20171228,11:14,530,530.25,530,530,2703
RELCAPITAL,20171228,11:15,530,530.2,529.85,530,4461
RELCAPITAL,20171228,11:16,530,530.4,529.85,530.1,6039
RELCAPITAL,20171228,11:17,529.85,529.85,529.7,529.75,4816
RELCAPITAL,20171228,11:18,529.75,529.8,529.5,529.5,3974
RELCAPITAL,20171228,11:19,529.5,529.5,529.3,529.3,12677
RELCAPITAL,20171228,11:20,529.3,529.3,528.3,528.3,15918
RELCAPITAL,20171228,11:21,528.3,528.85,528.3,528.7,8242
RELCAPITAL,20171228,11:22,528.65,529.2,528.45,529.2,18990
RELCAPITAL,20171228,11:23,529.2,529.25,528.6,529,4521
RELCAPITAL,20171228,11:24,528.8,529.25,528.75,529,2532
RELCAPITAL,20171228,11:25,529.15,529.8,529.05,529.45,9083
RELCAPITAL,20171228,11:26,529.5,531.6,529.5,531.2,45326
RELCAPITAL,20171228,11:27,531.15,531.25,530.25,531,9327
RELCAPITAL,20171228,11:28,530.4,531.5,530.4,531.5,13832
RELCAPITAL,20171228,11:29,531.35,534.3,531.05,534.2,140746
RELCAPITAL,20171228,11:30,534.4,535,533.95,534.15,156907
RELCAPITAL,20171228,11:31,534.1,539,534.05,538.6,323033
RELCAPITAL,20171228,11:32,538.4,538.7,536.05,536.35,128660
RELCAPITAL,20171228,11:33,536.3,536.4,535.1,535.6,75859
RELCAPITAL,20171228,11:34,535.25,536.4,535.2,536.4,50344
RELCAPITAL,20171228,11:35,536.25,536.55,535.2,535.45,41347
RELCAPITAL,20171228,11:36,535.45,536.15,534.2,534.8,44270
RELCAPITAL,20171228,11:37,534.9,535.3,533.25,533.75,37627
RELCAPITAL,20171228,11:38,533.7,534.5,533.7,533.95,27409
RELCAPITAL,20171228,11:39,534.35,534.4,533.7,533.9,10841
RELCAPITAL,20171228,11:40,533.9,534.95,533.6,534.65,11329
RELCAPITAL,20171228,11:41,534.8,535,534.5,534.85,18653
RELCAPITAL,20171228,11:42,534.9,534.9,533.15,533.9,31967
RELCAPITAL,20171228,11:43,533.9,534.15,533.65,533.9,8214
RELCAPITAL,20171228,11:44,534,534.75,533.9,534.45,10945
RELCAPITAL,20171228,11:45,534.05,534.2,533.8,534,17244
RELCAPITAL,20171228,11:46,533.95,534.75,533.75,534.65,10757
RELCAPITAL,20171228,11:47,534.8,534.8,534,534.35,11575
RELCAPITAL,20171228,11:48,534.35,534.9,534.35,534.7,6724
RELCAPITAL,20171228,11:49,534.55,534.9,534.35,534.6,7408
RELCAPITAL,20171228,11:50,534.35,535,534.35,534.9,7958
RELCAPITAL,20171228,11:51,534.9,534.95,534.3,534.3,22779
RELCAPITAL,20171228,11:52,534.7,535,534.3,534.85,8382
RELCAPITAL,20171228,11:53,534.8,534.85,534.5,534.55,8384
RELCAPITAL,20171228,11:54,534.55,534.8,534.5,534.75,6129
RELCAPITAL,20171228,11:55,534.65,535.7,534.5,535.1,36537
RELCAPITAL,20171228,11:56,535.1,535.6,534.6,535.2,24544
RELCAPITAL,20171228,11:57,535,535.6,535,535.5,17176
RELCAPITAL,20171228,11:58,535.45,537.6,535.45,536.6,102417
RELCAPITAL,20171228,11:59,536.6,536.9,536.25,536.8,32434
RELCAPITAL,20171228,12:00,536.8,537,536.65,536.9,28657
RELCAPITAL,20171228,12:01,536.85,539.75,536.85,539.05,126128
RELCAPITAL,20171228,12:02,539.05,539.45,538.1,538.1,65622
RELCAPITAL,20171228,12:03,538.3,538.5,537.6,537.6,44811
RELCAPITAL,20171228,12:04,537.5,538,537.25,537.45,36215
RELCAPITAL,20171228,12:05,537.6,538.35,537.1,537.1,30949
RELCAPITAL,20171228,12:06,537.2,537.7,536.4,536.7,37770
RELCAPITAL,20171228,12:07,536.7,537.6,536.5,537,25428
RELCAPITAL,20171228,12:08,537.05,537.75,537,537.05,15699
RELCAPITAL,20171228,12:09,537.05,537.3,536.75,537.15,14745
RELCAPITAL,20171228,12:10,537,537.5,536.75,537.05,15866
RELCAPITAL,20171228,12:11,537.3,537.35,536.4,536.5,27797
RELCAPITAL,20171228,12:12,536.6,536.7,536.15,536.3,15425
RELCAPITAL,20171228,12:13,536.25,536.5,536.2,536.4,7954
RELCAPITAL,20171228,12:14,536.3,536.35,535.95,536.25,20475
RELCAPITAL,20171228,12:15,536.25,536.8,536.25,536.75,7773
RELCAPITAL,20171228,12:16,536.5,536.9,536.4,536.7,7511
RELCAPITAL,20171228,12:17,536.65,536.95,536.25,536.4,12981
RELCAPITAL,20171228,12:18,536.6,538.05,536.6,538,37707
RELCAPITAL,20171228,12:19,537.9,538.1,537.45,537.45,12462
RELCAPITAL,20171228,12:20,537.55,537.7,537.25,537.3,8738
RELCAPITAL,20171228,12:21,537.25,537.5,536.95,537.5,5203
RELCAPITAL,20171228,12:22,537.45,537.75,537.25,537.7,6931
RELCAPITAL,20171228,12:23,537.6,537.65,537.3,537.45,7999
RELCAPITAL,20171228,12:24,537.4,537.5,537.25,537.4,5378
RELCAPITAL,20171228,12:25,537.25,537.5,537.1,537.25,6590
RELCAPITAL,20171228,12:26,537.2,537.75,537.15,537.15,7267
RELCAPITAL,20171228,12:27,537.2,537.65,537.1,537.65,8848
RELCAPITAL,20171228,12:28,537.3,537.7,537.1,537.55,8932
RELCAPITAL,20171228,12:29,537.2,537.7,537.15,537.35,4871
RELCAPITAL,20171228,12:30,537.25,537.5,537.1,537.45,6666
RELCAPITAL,20171228,12:31,537.15,537.25,536.8,537,20830
RELCAPITAL,20171228,12:32,537,537.5,537,537.35,8496
RELCAPITAL,20171228,12:33,537.35,537.35,536.65,536.9,8490
RELCAPITAL,20171228,12:34,536.75,537,536.7,536.7,3936
RELCAPITAL,20171228,12:35,536.7,537.25,536.7,537,11488
RELCAPITAL,20171228,12:36,537.1,537.2,537,537.15,3933
RELCAPITAL,20171228,12:37,537.05,537.2,536.85,536.95,7502
RELCAPITAL,20171228,12:38,536.9,537.15,536.75,536.75,2920
RELCAPITAL,20171228,12:39,536.65,537.4,536.65,537.3,10019
RELCAPITAL,20171228,12:40,537.3,537.6,537.1,537.6,9741
RELCAPITAL,20171228,12:41,537.3,537.5,537.1,537.25,4095
RELCAPITAL,20171228,12:42,537.4,538.75,537.3,538.7,39728
RELCAPITAL,20171228,12:43,538.6,539.5,538.4,539.5,53048
RELCAPITAL,20171228,12:44,539.55,539.6,538.4,538.45,33670
RELCAPITAL,20171228,12:45,538.5,538.9,538.4,538.7,9668
RELCAPITAL,20171228,12:46,538.7,538.95,538.4,538.7,18610
RELCAPITAL,20171228,12:47,538.7,539.45,538.7,539.4,25890
RELCAPITAL,20171228,12:48,539.4,542.5,539.05,541.5,256466
RELCAPITAL,20171228,12:49,541.55,542.35,541.55,542,72255
RELCAPITAL,20171228,12:50,542,542.1,541.5,541.5,47289
RELCAPITAL,20171228,12:51,541.4,541.95,540.8,541.8,44955
RELCAPITAL,20171228,12:52,541.65,541.75,541,541.35,33908
RELCAPITAL,20171228,12:53,541.1,541.35,540.85,540.85,27218
RELCAPITAL,20171228,12:54,540.75,541,540.6,540.7,21752
RELCAPITAL,20171228,12:55,540.7,541.8,540.7,541.2,31644
RELCAPITAL,20171228,12:56,541.25,544,541.25,543.9,127804
RELCAPITAL,20171228,12:57,544.7,546.3,544.7,545,271410
RELCAPITAL,20171228,12:58,545.15,545.75,544.35,545.5,100841
RELCAPITAL,20171228,12:59,545.45,547.4,545.4,547,154166
RELCAPITAL,20171228,13:00,547.2,548.45,546.5,547.3,179119
RELCAPITAL,20171228,13:01,547.3,547.7,546.65,547.7,79251
RELCAPITAL,20171228,13:02,547.8,548.4,546.35,546.65,84484
RELCAPITAL,20171228,13:03,546.75,548.2,546.55,546.65,68093
RELCAPITAL,20171228,13:04,546.65,547.05,546.3,546.3,46325
RELCAPITAL,20171228,13:05,546.6,546.7,545.05,545.15,69530
RELCAPITAL,20171228,13:06,545.2,545.95,545.2,545.25,35666
RELCAPITAL,20171228,13:07,545.5,545.7,545,545.7,28501
RELCAPITAL,20171228,13:08,545.75,546,545.5,545.95,16121
RELCAPITAL,20171228,13:09,545.9,548.2,545.8,547.85,108963
RELCAPITAL,20171228,13:10,548.35,548.4,547.5,548.05,62586
RELCAPITAL,20171228,13:11,548,548.8,547.95,548.25,55371
RELCAPITAL,20171228,13:12,548.2,549.85,548.15,549.75,111636
RELCAPITAL,20171228,13:13,549.5,551.5,549.4,551,217674
RELCAPITAL,20171228,13:14,551,553.8,551,553.15,199499
RELCAPITAL,20171228,13:15,553.25,554.5,553,553.45,179403
RELCAPITAL,20171228,13:16,553.4,554.2,552.8,553.7,124373
RELCAPITAL,20171228,13:17,553.75,558.4,553.7,557.85,393661
RELCAPITAL,20171228,13:18,557.55,558.5,556.9,558.1,204371
RELCAPITAL,20171228,13:19,558.3,558.3,556,556,168615
RELCAPITAL,20171228,13:20,555.95,556.2,554.15,555.3,144482
RELCAPITAL,20171228,13:21,555.2,558.3,555,557.35,102743
RELCAPITAL,20171228,13:22,557.1,558,556.1,557.4,80621
RELCAPITAL,20171228,13:23,557.5,558.25,556.6,557.4,127008
RELCAPITAL,20171228,13:24,557.7,558.8,557.5,558.4,104879
RELCAPITAL,20171228,13:25,558.35,558.9,557,557.25,89372
RELCAPITAL,20171228,13:26,557.4,558,555.3,555.95,78982
RELCAPITAL,20171228,13:27,555.7,556.45,553.9,554.75,128837
RELCAPITAL,20171228,13:28,554.75,555.1,554.45,554.45,55629
RELCAPITAL,20171228,13:29,554.55,554.75,553.45,553.45,81641
RELCAPITAL,20171228,13:30,553.45,554.85,553.4,554.7,43128
RELCAPITAL,20171228,13:31,554.7,554.9,554.4,554.7,21869
RELCAPITAL,20171228,13:32,554.75,557,554.75,557,88012
RELCAPITAL,20171228,13:33,557.25,557.85,557.05,557.55,75598
RELCAPITAL,20171228,13:34,557.45,561.9,557.45,561.35,408161
RELCAPITAL,20171228,13:35,561,562.8,560.4,562.15,174921
RELCAPITAL,20171228,13:36,561.8,564.9,561.8,564.05,296995
RELCAPITAL,20171228,13:37,564.4,566.9,564.4,565.8,373367
RELCAPITAL,20171228,13:38,565.1,565.4,561.35,562,257665
RELCAPITAL,20171228,13:39,562.4,562.8,561.55,562,123356
RELCAPITAL,20171228,13:40,561.95,566.5,561.4,566.5,178450
RELCAPITAL,20171228,13:41,566.15,566.7,563.7,563.7,134643
RELCAPITAL,20171228,13:42,563.9,566.15,563.7,566,91697
RELCAPITAL,20171228,13:43,565.8,566,563.7,563.7,105537
RELCAPITAL,20171228,13:44,563.5,565.2,563.5,564.55,102095
RELCAPITAL,20171228,13:45,564.3,566.4,564.3,564.8,117566
RELCAPITAL,20171228,13:46,564.55,568.5,564.55,567.6,236176
RELCAPITAL,20171228,13:47,568,571.9,567.75,571.9,408240
RELCAPITAL,20171228,13:48,571.9,577,571,576.55,468976
RELCAPITAL,20171228,13:49,576.55,578.5,575,578.1,576479
RELCAPITAL,20171228,13:50,578.1,578.35,575.1,575.9,367551
RELCAPITAL,20171228,13:51,576.2,579,576.1,577.65,293806
RELCAPITAL,20171228,13:52,578.2,582.5,578.05,581.9,513625
RELCAPITAL,20171228,13:53,581.6,583.55,581,581,354774
RELCAPITAL,20171228,13:54,581.4,582.15,577.25,581.4,314681
RELCAPITAL,20171228,13:55,581.35,587.75,581.25,586.5,497617
RELCAPITAL,20171228,13:56,586.8,591.5,586.2,589.05,624289
RELCAPITAL,20171228,13:57,588.4,589.4,582.4,582.4,470262
RELCAPITAL,20171228,13:58,583.6,584.8,582.5,583.45,300962
RELCAPITAL,20171228,13:59,583,583.65,581.35,583.05,215310
RELCAPITAL,20171228,14:00,583,583,575.6,577.8,475514
RELCAPITAL,20171228,14:01,578,579.75,577.55,578,230005
RELCAPITAL,20171228,14:02,577.1,577.5,575.25,577.25,209862
RELCAPITAL,20171228,14:03,577,577.4,572.5,574.9,215037
RELCAPITAL,20171228,14:04,574.95,575.4,574.3,574.6,84135
RELCAPITAL,20171228,14:05,574.7,574.7,572.35,572.85,158076
RELCAPITAL,20171228,14:06,572.35,572.35,566.75,570,395708
RELCAPITAL,20171228,14:07,570.45,575,569.65,574.65,177396
RELCAPITAL,20171228,14:08,574.8,575.8,573.25,573.25,221778
RELCAPITAL,20171228,14:09,573.45,573.45,569.5,571.75,156889
RELCAPITAL,20171228,14:10,571.7,573,571.05,571.05,75921
RELCAPITAL,20171228,14:11,571.35,571.95,570.1,571.7,69475
RELCAPITAL,20171228,14:12,571.8,573.25,570.65,572.65,71743
RELCAPITAL,20171228,14:13,572.8,573.45,568.4,570,145647
RELCAPITAL,20171228,14:14,570,570.8,569.25,569.25,91929
RELCAPITAL,20171228,14:15,569.25,569.4,568,568.9,115673
RELCAPITAL,20171228,14:16,568.95,571.5,568.55,570.2,94088
RELCAPITAL,20171228,14:17,570.5,570.9,568,568.3,88711
RELCAPITAL,20171228,14:18,567.7,569.55,566.75,567,120329
RELCAPITAL,20171228,14:19,567.45,569.5,567.3,569.2,75259
RELCAPITAL,20171228,14:20,569.25,569.95,568.4,568.5,52309
RELCAPITAL,20171228,14:21,568.75,569.6,567.1,568.5,58226
RELCAPITAL,20171228,14:22,568.85,569.3,568,568.6,44575
RELCAPITAL,20171228,14:23,568.5,568.9,567,567.95,58052
RELCAPITAL,20171228,14:24,567.5,569.45,567.45,569.4,64633
RELCAPITAL,20171228,14:25,569.05,569.9,567.1,567.85,108434
RELCAPITAL,20171228,14:26,567.55,568.4,567.5,567.5,35227
RELCAPITAL,20171228,14:27,567.55,568.5,567.55,567.7,39274
RELCAPITAL,20171228,14:28,568,569,568,569,36890
RELCAPITAL,20171228,14:29,569,569.75,568.75,569.35,57576
RELCAPITAL,20171228,14:30,569.6,573.2,569.55,572.5,255435
RELCAPITAL,20171228,14:31,571.9,574.5,571.9,573.75,159024
RELCAPITAL,20171228,14:32,573.75,576.7,573.25,576.4,194430
RELCAPITAL,20171228,14:33,576.55,578,574.7,575,216936
RELCAPITAL,20171228,14:34,575,576.4,574.8,575.25,87824
RELCAPITAL,20171228,14:35,575.3,577.45,575.3,576,124943
RELCAPITAL,20171228,14:36,575.6,576.85,575.6,576.35,44440
RELCAPITAL,20171228,14:37,576.35,579.4,576.35,579,167955
RELCAPITAL,20171228,14:38,578.9,579.9,578.05,579.9,148892
RELCAPITAL,20171228,14:39,580.7,580.7,578.65,578.9,201191
RELCAPITAL,20171228,14:40,578.85,579.7,578.05,578.65,94282
RELCAPITAL,20171228,14:41,578.9,578.9,575.25,575.9,113071
RELCAPITAL,20171228,14:42,575.8,577,575.8,576.8,87609
RELCAPITAL,20171228,14:43,577,578.55,577,578.3,56807
RELCAPITAL,20171228,14:44,578.7,579.5,578.25,579,80164
RELCAPITAL,20171228,14:45,579.25,579.25,577.4,577.9,62154
RELCAPITAL,20171228,14:46,577.9,578.4,576.4,576.9,57544
RELCAPITAL,20171228,14:47,576.8,576.95,575.9,576,68033
RELCAPITAL,20171228,14:48,576.05,576.05,572.5,574.7,182701
RELCAPITAL,20171228,14:49,574.75,574.75,573.4,574.05,83837
RELCAPITAL,20171228,14:50,574,576.1,573.85,575.7,64545
RELCAPITAL,20171228,14:51,576,576.4,575.55,576,41492
RELCAPITAL,20171228,14:52,576,576.4,574.65,575.25,37921
RELCAPITAL,20171228,14:53,575.15,575.25,574.4,574.4,31923
RELCAPITAL,20171228,14:54,574.4,575.25,574.4,574.7,28230
RELCAPITAL,20171228,14:55,574.45,574.65,571.4,572.1,107808
RELCAPITAL,20171228,14:56,572.6,573.6,572.3,573.45,46037
RELCAPITAL,20171228,14:57,573.3,573.5,571.45,571.7,74148
RELCAPITAL,20171228,14:58,571.5,571.9,571,571.25,62616
RELCAPITAL,20171228,14:59,571.25,571.5,567.6,567.6,185412
RELCAPITAL,20171228,15:00,567.8,567.8,564.7,567.1,321884
RELCAPITAL,20171228,15:01,566.95,567,563,563.3,193908
RELCAPITAL,20171228,15:02,563,566.3,562,565.5,229904
RELCAPITAL,20171228,15:03,565.55,567.8,565.55,567.25,132788
RELCAPITAL,20171228,15:04,567.75,567.85,565.2,566,108056
RELCAPITAL,20171228,15:05,566.05,567.2,565.95,566.5,54151
RELCAPITAL,20171228,15:06,566.45,566.95,566,566,53983
RELCAPITAL,20171228,15:07,566,566.35,564.45,565,100321
RELCAPITAL,20171228,15:08,564.9,566.95,564.7,566.25,68080
RELCAPITAL,20171228,15:09,566.9,568.85,566.35,568,194148
RELCAPITAL,20171228,15:10,568,568.9,567.3,568.9,107696
RELCAPITAL,20171228,15:11,568.65,571.6,568.65,570.9,143578
RELCAPITAL,20171228,15:12,570.95,573.5,570.25,573.35,114899
RELCAPITAL,20171228,15:13,573.25,573.5,572.3,572.7,160158
RELCAPITAL,20171228,15:14,572.9,573,571.15,572,108390
RELCAPITAL,20171228,15:15,571.95,572.3,570.2,570.7,77133
RELCAPITAL,20171228,15:16,570.7,572,569.05,571.7,141843
RELCAPITAL,20171228,15:17,571.75,572.5,570.8,572.25,168005
RELCAPITAL,20171228,15:18,572.2,572.2,571.35,572,48679
RELCAPITAL,20171228,15:19,571.75,572.5,571.35,571.45,102533
RELCAPITAL,20171228,15:20,571.6,572,571.35,571.8,50520
RELCAPITAL,20171228,15:21,571.8,572.65,571.3,572.6,93163
RELCAPITAL,20171228,15:22,572.5,572.6,571.4,571.7,72611
RELCAPITAL,20171228,15:23,571.8,571.85,570.2,570.85,142816
RELCAPITAL,20171228,15:24,571.15,571.4,570,571.05,84166
RELCAPITAL,20171228,15:25,571,572.45,571,572.1,134113
RELCAPITAL,20171228,15:26,572.1,573,572,573,80892
RELCAPITAL,20171228,15:27,573,574.2,572.5,574.1,104969
RELCAPITAL,20171228,15:28,574,575.9,574,575.5,128983
RELCAPITAL,20171228,15:29,575.5,575.95,575,575.6,122049
RELCAPITAL,20171228,15:30,575.3,576,574.65,575.1,107056
RELCAPITAL,20171228,15:32,569.95,569.95,569.95,569.95,1
RELCAPITAL,20171228,15:41,569.95,575.1,569.95,569.95,1436
RELCAPITAL,20171228,15:42,569.95,569.95,569.95,569.95,623
RELCAPITAL,20171228,15:43,569.95,569.95,569.95,569.95,378
RELCAPITAL,20171228,15:44,569.95,569.95,569.95,569.95,135
RELCAPITAL,20171228,15:45,569.95,569.95,569.95,569.95,125
RELCAPITAL,20171228,15:47,569.95,569.95,569.95,569.95,1500
RELCAPITAL,20171228,15:48,569.95,569.95,569.95,569.95,226
RELCAPITAL,20171228,15:49,569.95,569.95,569.95,569.95,5
RELCAPITAL,20171228,15:51,575.1,575.1,575.1,575.1,5
RELCAPITAL,20171228,15:52,569.95,575.1,569.95,575.1,2
RELCAPITAL,20171228,15:53,569.95,569.95,569.95,569.95,271
RELCAPITAL,20171228,15:58,569.95,569.95,569.95,569.95,10
RELCAPITAL,20171228,16:36,569.95,569.95,569.95,569.95,1
