LICHSGFIN,20200720,09:08,267.20,267.20,267.20,267.20,3285,0
LICHSGFIN,20200720,09:16,267.65,269.25,267.00,268.65,39179,0
LICHSGFIN,20200720,09:17,268.50,268.70,268.10,268.30,25743,0
LICHSGFIN,20200720,09:18,268.35,268.45,267.75,267.95,18030,0
LICHSGFIN,20200720,09:19,267.65,268.05,267.55,268.00,13611,0
LICHSGFIN,20200720,09:20,267.75,268.65,267.75,268.35,16811,0
LICHSGFIN,20200720,09:21,268.45,268.90,268.25,268.50,10991,0
LICHSGFIN,20200720,09:22,268.70,269.30,268.55,269.10,32016,0
LICHSGFIN,20200720,09:23,269.20,269.50,269.00,269.35,26444,0
LICHSGFIN,20200720,09:24,269.25,269.95,269.25,269.70,41848,0
LICHSGFIN,20200720,09:25,269.85,270.30,269.70,270.15,50545,0
LICHSGFIN,20200720,09:26,270.15,270.50,270.00,270.00,34434,0
LICHSGFIN,20200720,09:27,270.00,270.45,270.00,270.25,25472,0
LICHSGFIN,20200720,09:28,270.20,270.55,270.00,270.55,34114,0
LICHSGFIN,20200720,09:29,270.60,271.20,270.60,271.00,42130,0
LICHSGFIN,20200720,09:30,271.10,271.10,270.50,270.70,28998,0
LICHSGFIN,20200720,09:31,270.65,271.15,270.65,270.90,33362,0
LICHSGFIN,20200720,09:32,270.90,270.90,270.25,270.60,13112,0
LICHSGFIN,20200720,09:33,270.40,270.60,270.15,270.15,12887,0
LICHSGFIN,20200720,09:34,270.15,270.25,269.45,269.90,25017,0
LICHSGFIN,20200720,09:35,270.15,270.40,269.70,269.70,7720,0
LICHSGFIN,20200720,09:36,269.60,269.85,269.50,269.75,8513,0
LICHSGFIN,20200720,09:37,269.60,269.65,269.05,269.60,16883,0
LICHSGFIN,20200720,09:38,269.65,269.85,269.25,269.80,11655,0
LICHSGFIN,20200720,09:39,269.55,269.65,269.30,269.50,6762,0
LICHSGFIN,20200720,09:40,269.50,269.70,269.40,269.55,7522,0
LICHSGFIN,20200720,09:41,269.55,269.60,269.25,269.45,5008,0
LICHSGFIN,20200720,09:42,269.35,270.00,269.25,270.00,13591,0
LICHSGFIN,20200720,09:43,269.95,270.00,269.70,269.95,8077,0
LICHSGFIN,20200720,09:44,269.85,269.95,269.50,269.50,3437,0
LICHSGFIN,20200720,09:45,269.55,269.80,269.45,269.65,6390,0
LICHSGFIN,20200720,09:46,269.65,270.00,269.65,269.90,4138,0
LICHSGFIN,20200720,09:47,269.95,270.25,269.80,270.10,9845,0
LICHSGFIN,20200720,09:48,270.05,270.60,270.05,270.30,6658,0
LICHSGFIN,20200720,09:49,270.45,271.00,270.35,270.95,13137,0
LICHSGFIN,20200720,09:50,270.95,270.95,270.60,270.75,5358,0
LICHSGFIN,20200720,09:51,270.65,270.80,270.50,270.55,12744,0
LICHSGFIN,20200720,09:52,270.50,270.75,270.40,270.40,6863,0
LICHSGFIN,20200720,09:53,270.40,270.90,270.10,270.90,21821,0
LICHSGFIN,20200720,09:54,270.75,270.85,270.45,270.70,5223,0
LICHSGFIN,20200720,09:55,270.50,270.55,270.25,270.25,6955,0
LICHSGFIN,20200720,09:56,270.65,270.65,270.25,270.50,10137,0
LICHSGFIN,20200720,09:57,270.50,270.95,269.90,270.00,23100,0
LICHSGFIN,20200720,09:58,270.00,270.50,270.00,270.45,4584,0
LICHSGFIN,20200720,09:59,270.25,270.40,270.20,270.30,3442,0
LICHSGFIN,20200720,10:00,270.25,270.35,270.00,270.05,4613,0
LICHSGFIN,20200720,10:01,270.05,270.40,269.70,269.70,5132,0
LICHSGFIN,20200720,10:02,269.80,269.80,269.35,269.75,15919,0
LICHSGFIN,20200720,10:03,269.70,269.80,269.35,269.75,13303,0
LICHSGFIN,20200720,10:04,269.75,270.40,269.75,270.20,16303,0
LICHSGFIN,20200720,10:05,270.25,270.30,270.00,270.10,5104,0
LICHSGFIN,20200720,10:06,270.15,270.35,270.00,270.20,7643,0
LICHSGFIN,20200720,10:07,270.20,270.45,270.20,270.30,6078,0
LICHSGFIN,20200720,10:08,270.20,270.45,270.15,270.15,8646,0
LICHSGFIN,20200720,10:09,270.10,270.20,269.95,270.00,3040,0
LICHSGFIN,20200720,10:10,269.95,270.00,269.55,269.70,2698,0
LICHSGFIN,20200720,10:11,269.65,270.20,269.60,270.20,4892,0
LICHSGFIN,20200720,10:12,270.05,270.50,269.90,270.40,12548,0
LICHSGFIN,20200720,10:13,270.25,270.35,270.05,270.15,4608,0
LICHSGFIN,20200720,10:14,270.10,270.35,270.05,270.25,5327,0
LICHSGFIN,20200720,10:15,270.20,270.25,270.00,270.20,2150,0
LICHSGFIN,20200720,10:16,270.20,271.50,270.20,271.10,77787,0
LICHSGFIN,20200720,10:17,271.30,271.60,271.15,271.50,14633,0
LICHSGFIN,20200720,10:18,271.60,271.85,271.40,271.40,18676,0
LICHSGFIN,20200720,10:19,271.40,271.65,271.25,271.50,22025,0
LICHSGFIN,20200720,10:20,271.50,272.00,271.50,271.85,22031,0
LICHSGFIN,20200720,10:21,272.00,272.20,271.80,272.05,48766,0
LICHSGFIN,20200720,10:22,272.25,272.50,272.05,272.20,21052,0
LICHSGFIN,20200720,10:23,272.15,272.40,272.00,272.00,20192,0
LICHSGFIN,20200720,10:24,272.10,272.30,271.85,272.25,21522,0
LICHSGFIN,20200720,10:25,272.10,272.30,271.90,272.05,10072,0
LICHSGFIN,20200720,10:26,271.95,272.20,271.90,272.00,7692,0
LICHSGFIN,20200720,10:27,271.90,272.15,271.80,271.90,6570,0
LICHSGFIN,20200720,10:28,271.90,272.15,271.65,271.65,9312,0
LICHSGFIN,20200720,10:29,271.70,271.75,271.30,271.30,16577,0
LICHSGFIN,20200720,10:30,271.55,271.55,271.20,271.30,8393,0
LICHSGFIN,20200720,10:31,271.30,271.65,271.20,271.30,8927,0
LICHSGFIN,20200720,10:32,271.15,271.60,271.15,271.45,9814,0
LICHSGFIN,20200720,10:33,271.50,271.65,271.10,271.30,6670,0
LICHSGFIN,20200720,10:34,271.30,271.30,270.45,270.80,13962,0
LICHSGFIN,20200720,10:35,270.70,270.95,270.60,270.80,8497,0
LICHSGFIN,20200720,10:36,270.75,270.95,270.50,270.55,5225,0
LICHSGFIN,20200720,10:37,270.55,270.60,270.30,270.40,5261,0
LICHSGFIN,20200720,10:38,270.35,270.55,269.75,269.80,24935,0
LICHSGFIN,20200720,10:39,269.85,270.00,269.60,269.65,11156,0
LICHSGFIN,20200720,10:40,269.65,269.75,269.10,269.20,14983,0
LICHSGFIN,20200720,10:41,269.15,269.15,268.50,268.65,23707,0
LICHSGFIN,20200720,10:42,268.80,269.15,268.50,268.95,28097,0
LICHSGFIN,20200720,10:43,268.90,269.05,268.65,268.95,8019,0
LICHSGFIN,20200720,10:44,268.75,269.35,268.70,269.35,9526,0
LICHSGFIN,20200720,10:45,269.15,269.35,268.85,268.85,6570,0
LICHSGFIN,20200720,10:46,269.00,269.10,268.55,268.55,16404,0
LICHSGFIN,20200720,10:47,268.50,268.60,268.00,268.60,25087,0
LICHSGFIN,20200720,10:48,268.50,268.80,268.40,268.65,4747,0
LICHSGFIN,20200720,10:49,268.65,269.20,268.50,269.15,9954,0
LICHSGFIN,20200720,10:50,269.10,269.40,269.00,269.15,13101,0
LICHSGFIN,20200720,10:51,269.30,270.20,269.30,270.20,19466,0
LICHSGFIN,20200720,10:52,270.25,270.50,270.00,270.50,17629,0
LICHSGFIN,20200720,10:53,270.50,270.75,270.35,270.70,12754,0
LICHSGFIN,20200720,10:54,270.60,270.60,270.25,270.40,5600,0
LICHSGFIN,20200720,10:55,270.35,270.50,270.25,270.50,5789,0
LICHSGFIN,20200720,10:56,270.40,270.55,270.00,270.20,3016,0
LICHSGFIN,20200720,10:57,270.20,270.20,270.00,270.15,7501,0
LICHSGFIN,20200720,10:58,269.95,270.10,269.95,270.10,6417,0
LICHSGFIN,20200720,10:59,270.10,270.20,269.90,269.90,2668,0
LICHSGFIN,20200720,11:00,269.90,270.00,269.50,269.95,4752,0
LICHSGFIN,20200720,11:01,270.00,270.00,269.80,269.80,1481,0
LICHSGFIN,20200720,11:02,269.80,270.05,269.80,269.90,3031,0
LICHSGFIN,20200720,11:03,269.95,270.05,269.80,269.85,4548,0
LICHSGFIN,20200720,11:04,269.85,269.85,269.70,269.70,1656,0
LICHSGFIN,20200720,11:05,269.85,269.85,269.55,269.70,5081,0
LICHSGFIN,20200720,11:06,269.60,269.70,269.60,269.70,1620,0
LICHSGFIN,20200720,11:07,269.60,269.80,269.55,269.55,6400,0
LICHSGFIN,20200720,11:08,269.50,269.90,269.50,269.70,5180,0
LICHSGFIN,20200720,11:09,269.70,270.00,269.70,270.00,1834,0
LICHSGFIN,20200720,11:10,269.90,270.15,269.90,270.05,10043,0
LICHSGFIN,20200720,11:11,270.10,270.25,269.95,270.15,3104,0
LICHSGFIN,20200720,11:12,270.15,270.20,270.05,270.10,1688,0
LICHSGFIN,20200720,11:13,270.05,270.25,269.95,270.00,1756,0
LICHSGFIN,20200720,11:14,269.95,270.15,269.80,269.80,2016,0
LICHSGFIN,20200720,11:15,269.75,270.05,269.70,270.05,2646,0
LICHSGFIN,20200720,11:16,270.15,270.15,269.80,269.80,2219,0
LICHSGFIN,20200720,11:17,269.70,269.85,269.65,269.85,2324,0
LICHSGFIN,20200720,11:18,269.95,269.95,269.55,269.55,3344,0
LICHSGFIN,20200720,11:19,269.55,269.85,269.55,269.60,4113,0
LICHSGFIN,20200720,11:20,269.70,269.80,269.50,269.65,1060,0
LICHSGFIN,20200720,11:21,269.65,269.80,269.60,269.65,1885,0
LICHSGFIN,20200720,11:22,269.65,269.95,269.65,269.80,1674,0
LICHSGFIN,20200720,11:23,269.70,269.95,269.70,269.95,1241,0
LICHSGFIN,20200720,11:24,269.80,270.00,269.55,269.65,3798,0
LICHSGFIN,20200720,11:25,269.70,269.95,269.65,269.85,1953,0
LICHSGFIN,20200720,11:26,269.80,270.00,269.80,270.00,1003,0
LICHSGFIN,20200720,11:27,269.85,269.85,269.65,269.85,8574,0
LICHSGFIN,20200720,11:28,269.70,269.85,269.00,269.50,9059,0
LICHSGFIN,20200720,11:29,269.50,269.60,269.25,269.40,2580,0
LICHSGFIN,20200720,11:30,269.50,269.55,269.40,269.55,1809,0
LICHSGFIN,20200720,11:31,269.50,269.75,269.45,269.70,7652,0
LICHSGFIN,20200720,11:32,269.65,269.70,268.85,268.95,19187,0
LICHSGFIN,20200720,11:33,269.05,269.40,268.85,269.30,5178,0
LICHSGFIN,20200720,11:34,269.30,269.35,268.95,269.15,4601,0
LICHSGFIN,20200720,11:35,269.00,269.10,268.70,268.80,4318,0
LICHSGFIN,20200720,11:36,268.70,269.00,268.70,268.80,1730,0
LICHSGFIN,20200720,11:37,268.85,269.15,268.85,269.10,3022,0
LICHSGFIN,20200720,11:38,269.15,269.40,269.10,269.35,2301,0
LICHSGFIN,20200720,11:39,269.40,269.40,269.10,269.15,1213,0
LICHSGFIN,20200720,11:40,269.15,269.40,269.15,269.25,746,0
LICHSGFIN,20200720,11:41,269.30,269.50,269.30,269.50,1743,0
LICHSGFIN,20200720,11:42,269.50,269.55,269.35,269.35,910,0
LICHSGFIN,20200720,11:43,269.50,269.50,269.15,269.15,2377,0
LICHSGFIN,20200720,11:44,269.15,269.25,269.00,269.05,4914,0
LICHSGFIN,20200720,11:45,269.05,269.25,269.05,269.15,601,0
LICHSGFIN,20200720,11:46,269.25,269.25,268.95,269.05,4337,0
LICHSGFIN,20200720,11:47,268.95,269.05,268.85,268.85,1331,0
LICHSGFIN,20200720,11:48,269.00,269.00,268.70,268.80,1873,0
LICHSGFIN,20200720,11:49,268.70,269.05,268.70,269.00,3756,0
LICHSGFIN,20200720,11:50,269.00,269.05,268.75,268.75,3007,0
LICHSGFIN,20200720,11:51,268.80,268.95,268.70,268.95,1964,0
LICHSGFIN,20200720,11:52,269.00,269.40,269.00,269.20,3098,0
LICHSGFIN,20200720,11:53,269.40,269.50,269.25,269.40,1084,0
LICHSGFIN,20200720,11:54,269.35,269.70,269.30,269.70,5535,0
LICHSGFIN,20200720,11:55,269.50,270.30,269.50,270.30,19499,0
LICHSGFIN,20200720,11:56,270.25,270.70,270.15,270.20,12149,0
LICHSGFIN,20200720,11:57,270.25,270.45,270.00,270.10,6636,0
LICHSGFIN,20200720,11:58,270.00,270.30,270.00,270.10,6557,0
LICHSGFIN,20200720,11:59,270.15,270.20,269.80,269.85,5909,0
LICHSGFIN,20200720,12:00,269.95,270.00,269.75,270.00,1493,0
LICHSGFIN,20200720,12:01,269.80,270.10,269.80,269.95,2467,0
LICHSGFIN,20200720,12:02,269.95,270.10,269.65,269.70,5122,0
LICHSGFIN,20200720,12:03,269.75,270.00,269.75,269.75,1271,0
LICHSGFIN,20200720,12:04,269.75,269.95,269.75,269.80,1488,0
LICHSGFIN,20200720,12:05,270.15,270.20,269.75,269.75,12254,0
LICHSGFIN,20200720,12:06,269.75,270.00,269.65,269.85,22319,0
LICHSGFIN,20200720,12:07,269.85,269.85,269.35,269.65,10943,0
LICHSGFIN,20200720,12:08,269.85,269.90,269.50,269.55,1531,0
LICHSGFIN,20200720,12:09,269.50,269.65,269.45,269.45,1559,0
LICHSGFIN,20200720,12:10,269.50,269.70,269.50,269.70,565,0
LICHSGFIN,20200720,12:11,269.75,269.85,269.50,269.75,1255,0
LICHSGFIN,20200720,12:12,269.70,269.70,269.50,269.50,460,0
LICHSGFIN,20200720,12:13,269.55,269.65,269.50,269.65,2283,0
LICHSGFIN,20200720,12:14,269.50,269.70,269.50,269.50,324,0
LICHSGFIN,20200720,12:15,269.55,270.05,269.50,270.05,8309,0
LICHSGFIN,20200720,12:16,269.95,270.00,269.60,269.80,1382,0
LICHSGFIN,20200720,12:17,269.80,269.80,269.50,269.65,859,0
LICHSGFIN,20200720,12:18,269.60,269.75,269.55,269.75,575,0
LICHSGFIN,20200720,12:19,269.75,269.80,269.60,269.60,1546,0
LICHSGFIN,20200720,12:20,269.70,269.90,269.70,269.70,1594,0
LICHSGFIN,20200720,12:21,269.70,269.95,269.70,269.85,2100,0
LICHSGFIN,20200720,12:22,269.85,269.85,269.80,269.85,424,0
LICHSGFIN,20200720,12:23,269.85,269.85,269.65,269.80,1958,0
LICHSGFIN,20200720,12:24,269.65,269.85,269.65,269.80,822,0
LICHSGFIN,20200720,12:25,269.80,269.80,269.50,269.60,653,0
LICHSGFIN,20200720,12:26,269.60,269.75,269.50,269.60,1006,0
LICHSGFIN,20200720,12:27,269.70,269.70,269.40,269.55,2077,0
LICHSGFIN,20200720,12:28,269.55,269.75,269.40,269.60,3834,0
LICHSGFIN,20200720,12:29,269.75,269.75,269.60,269.60,440,0
LICHSGFIN,20200720,12:30,269.80,269.80,269.60,269.60,2426,0
LICHSGFIN,20200720,12:31,269.70,269.70,269.50,269.55,2236,0
LICHSGFIN,20200720,12:32,269.55,269.70,269.40,269.70,2975,0
LICHSGFIN,20200720,12:33,269.60,269.85,269.50,269.85,1633,0
LICHSGFIN,20200720,12:34,269.70,269.85,269.70,269.70,1754,0
LICHSGFIN,20200720,12:35,269.80,269.80,269.50,269.70,1588,0
LICHSGFIN,20200720,12:36,269.50,269.65,269.40,269.40,3547,0
LICHSGFIN,20200720,12:37,269.50,269.75,269.35,269.70,2768,0
LICHSGFIN,20200720,12:38,269.70,269.80,269.55,269.70,2228,0
LICHSGFIN,20200720,12:39,269.65,269.70,269.50,269.50,2659,0
LICHSGFIN,20200720,12:40,269.50,269.65,269.45,269.45,2823,0
LICHSGFIN,20200720,12:41,269.45,269.50,269.35,269.35,2769,0
LICHSGFIN,20200720,12:42,269.40,269.40,269.30,269.40,2560,0
LICHSGFIN,20200720,12:43,269.40,269.50,269.25,269.40,2325,0
LICHSGFIN,20200720,12:44,269.55,269.75,269.45,269.60,2026,0
LICHSGFIN,20200720,12:45,269.60,269.70,269.50,269.65,844,0
LICHSGFIN,20200720,12:46,269.50,269.60,269.35,269.60,969,0
LICHSGFIN,20200720,12:47,269.60,269.60,269.25,269.25,759,0
LICHSGFIN,20200720,12:48,269.25,269.35,269.20,269.20,1088,0
LICHSGFIN,20200720,12:49,269.25,269.25,269.10,269.25,1134,0
LICHSGFIN,20200720,12:50,269.25,269.35,269.10,269.30,991,0
LICHSGFIN,20200720,12:51,269.35,269.60,269.20,269.60,2503,0
LICHSGFIN,20200720,12:52,269.35,269.50,269.35,269.50,552,0
LICHSGFIN,20200720,12:53,269.50,269.60,269.40,269.50,866,0
LICHSGFIN,20200720,12:54,269.60,269.60,269.45,269.50,543,0
LICHSGFIN,20200720,12:55,269.60,269.60,269.40,269.40,879,0
LICHSGFIN,20200720,12:56,269.40,269.50,269.20,269.50,1619,0
LICHSGFIN,20200720,12:57,269.30,269.55,269.25,269.30,2243,0
LICHSGFIN,20200720,12:58,269.45,269.60,269.25,269.35,1386,0
LICHSGFIN,20200720,12:59,269.55,269.55,269.35,269.40,1479,0
LICHSGFIN,20200720,13:00,269.55,269.60,269.50,269.60,1020,0
LICHSGFIN,20200720,13:01,269.60,269.60,269.40,269.40,494,0
LICHSGFIN,20200720,13:02,269.40,269.50,268.90,269.00,19386,0
LICHSGFIN,20200720,13:03,269.00,269.05,268.75,268.90,7544,0
LICHSGFIN,20200720,13:04,268.90,269.00,268.65,268.85,6088,0
LICHSGFIN,20200720,13:05,268.85,269.20,268.85,269.20,4499,0
LICHSGFIN,20200720,13:06,269.00,269.20,269.00,269.10,458,0
LICHSGFIN,20200720,13:07,269.20,269.20,269.00,269.00,1541,0
LICHSGFIN,20200720,13:08,269.00,269.15,268.95,268.95,1045,0
LICHSGFIN,20200720,13:09,268.95,269.00,268.80,268.85,1212,0
LICHSGFIN,20200720,13:10,268.90,269.10,268.85,269.10,3299,0
LICHSGFIN,20200720,13:11,269.10,269.15,268.80,268.80,5669,0
LICHSGFIN,20200720,13:12,268.85,269.65,268.85,269.65,14472,0
LICHSGFIN,20200720,13:13,269.45,269.75,269.45,269.65,4235,0
LICHSGFIN,20200720,13:14,269.50,269.60,269.40,269.40,950,0
LICHSGFIN,20200720,13:15,269.35,269.35,269.10,269.20,2207,0
LICHSGFIN,20200720,13:16,269.15,269.25,269.15,269.20,477,0
LICHSGFIN,20200720,13:17,269.15,269.50,269.15,269.30,7454,0
LICHSGFIN,20200720,13:18,269.35,269.45,269.30,269.35,3014,0
LICHSGFIN,20200720,13:19,269.35,269.50,269.25,269.40,1568,0
LICHSGFIN,20200720,13:20,269.35,269.40,269.10,269.10,5898,0
LICHSGFIN,20200720,13:21,269.10,269.45,269.10,269.45,1493,0
LICHSGFIN,20200720,13:22,269.45,269.65,269.30,269.65,1514,0
LICHSGFIN,20200720,13:23,269.55,269.65,269.30,269.35,4304,0
LICHSGFIN,20200720,13:24,269.35,269.35,269.15,269.20,833,0
LICHSGFIN,20200720,13:25,269.30,269.50,269.30,269.40,963,0
LICHSGFIN,20200720,13:26,269.40,269.60,269.30,269.60,811,0
LICHSGFIN,20200720,13:27,269.55,269.70,269.45,269.45,5080,0
LICHSGFIN,20200720,13:28,269.45,269.55,269.25,269.50,2257,0
LICHSGFIN,20200720,13:29,269.40,269.50,268.80,269.05,8759,0
LICHSGFIN,20200720,13:30,269.05,269.75,269.00,269.45,7412,0
LICHSGFIN,20200720,13:31,269.30,269.80,269.10,269.60,20000,0
LICHSGFIN,20200720,13:32,269.60,269.75,269.20,269.25,1229,0
LICHSGFIN,20200720,13:33,269.10,269.15,268.00,268.10,37253,0
LICHSGFIN,20200720,13:34,267.80,268.30,267.75,268.05,13784,0
LICHSGFIN,20200720,13:35,268.00,268.05,267.50,267.50,13525,0
LICHSGFIN,20200720,13:36,267.50,268.10,267.45,268.00,8776,0
LICHSGFIN,20200720,13:37,268.00,268.15,267.75,268.00,5979,0
LICHSGFIN,20200720,13:38,268.10,268.10,267.80,268.10,6724,0
LICHSGFIN,20200720,13:39,268.10,268.15,267.85,268.10,5833,0
LICHSGFIN,20200720,13:40,268.10,268.20,268.00,268.15,3324,0
LICHSGFIN,20200720,13:41,268.20,268.25,267.75,268.05,13865,0
LICHSGFIN,20200720,13:42,268.05,268.35,268.00,268.35,3794,0
LICHSGFIN,20200720,13:43,268.15,268.30,267.90,267.90,2358,0
LICHSGFIN,20200720,13:44,267.95,268.00,267.75,267.95,3957,0
LICHSGFIN,20200720,13:45,267.95,268.20,267.85,268.00,6110,0
LICHSGFIN,20200720,13:46,267.95,267.95,267.30,267.40,9609,0
LICHSGFIN,20200720,13:47,267.30,267.55,267.30,267.50,7441,0
LICHSGFIN,20200720,13:48,267.45,268.00,267.45,267.80,8516,0
LICHSGFIN,20200720,13:49,267.90,268.00,267.55,267.60,4667,0
LICHSGFIN,20200720,13:50,267.55,267.75,267.20,267.65,16997,0
LICHSGFIN,20200720,13:51,267.70,268.10,267.45,267.50,14782,0
LICHSGFIN,20200720,13:52,267.60,268.15,267.50,267.70,9396,0
LICHSGFIN,20200720,13:53,268.00,268.00,267.55,267.65,9195,0
LICHSGFIN,20200720,13:54,267.60,267.75,267.40,267.75,26062,0
LICHSGFIN,20200720,13:55,267.65,268.05,267.60,267.60,7952,0
LICHSGFIN,20200720,13:56,267.80,268.00,267.55,267.65,3540,0
LICHSGFIN,20200720,13:57,267.75,267.90,267.60,267.85,3706,0
LICHSGFIN,20200720,13:58,267.85,267.85,267.70,267.70,2049,0
LICHSGFIN,20200720,13:59,267.70,267.95,267.70,267.95,5439,0
LICHSGFIN,20200720,14:00,267.95,268.00,267.85,267.90,1779,0
LICHSGFIN,20200720,14:01,267.85,268.00,267.80,267.90,8930,0
LICHSGFIN,20200720,14:02,267.90,268.95,267.90,268.70,18283,0
LICHSGFIN,20200720,14:03,268.80,269.40,268.80,269.40,15528,0
LICHSGFIN,20200720,14:04,269.20,269.60,269.15,269.40,6850,0
LICHSGFIN,20200720,14:05,269.40,269.40,269.05,269.15,5477,0
LICHSGFIN,20200720,14:06,269.25,269.30,269.00,269.05,3952,0
LICHSGFIN,20200720,14:07,269.05,269.50,269.00,269.25,6315,0
LICHSGFIN,20200720,14:08,269.25,269.30,269.05,269.05,1902,0
LICHSGFIN,20200720,14:09,269.05,269.35,269.05,269.15,3215,0
LICHSGFIN,20200720,14:10,269.15,269.35,269.05,269.15,875,0
LICHSGFIN,20200720,14:11,269.00,269.20,268.90,269.00,6670,0
LICHSGFIN,20200720,14:12,268.85,269.25,268.85,269.15,8246,0
LICHSGFIN,20200720,14:13,269.15,269.30,269.15,269.30,1625,0
LICHSGFIN,20200720,14:14,269.40,269.60,269.30,269.30,5893,0
LICHSGFIN,20200720,14:15,269.25,269.55,269.25,269.50,1445,0
LICHSGFIN,20200720,14:16,269.45,269.60,269.25,269.60,6709,0
LICHSGFIN,20200720,14:17,269.55,269.60,269.10,269.30,3333,0
LICHSGFIN,20200720,14:18,269.20,269.20,269.05,269.05,3081,0
LICHSGFIN,20200720,14:19,269.05,269.20,269.05,269.15,2628,0
LICHSGFIN,20200720,14:20,269.05,269.25,269.00,269.25,3520,0
LICHSGFIN,20200720,14:21,269.15,269.15,269.00,269.00,876,0
LICHSGFIN,20200720,14:22,269.20,269.20,268.30,268.30,4480,0
LICHSGFIN,20200720,14:23,268.20,268.45,268.00,268.45,5694,0
LICHSGFIN,20200720,14:24,268.55,268.65,268.30,268.40,1340,0
LICHSGFIN,20200720,14:25,268.50,268.50,268.35,268.35,228,0
LICHSGFIN,20200720,14:26,268.60,268.95,268.45,268.60,1552,0
LICHSGFIN,20200720,14:27,268.65,268.75,268.45,268.55,4910,0
LICHSGFIN,20200720,14:28,268.75,268.75,268.35,268.40,1720,0
LICHSGFIN,20200720,14:29,268.40,268.45,268.20,268.30,5656,0
LICHSGFIN,20200720,14:30,268.40,268.65,268.20,268.20,7035,0
LICHSGFIN,20200720,14:31,268.20,268.45,268.20,268.30,2852,0
LICHSGFIN,20200720,14:32,268.30,268.35,268.10,268.15,4861,0
LICHSGFIN,20200720,14:33,268.10,268.20,267.90,267.95,8907,0
LICHSGFIN,20200720,14:34,268.10,268.10,267.90,267.90,796,0
LICHSGFIN,20200720,14:35,267.95,268.05,267.80,267.80,5430,0
LICHSGFIN,20200720,14:36,267.80,267.95,267.75,267.75,3167,0
LICHSGFIN,20200720,14:37,267.80,268.10,267.80,267.90,2857,0
LICHSGFIN,20200720,14:38,267.95,268.05,267.90,268.05,906,0
LICHSGFIN,20200720,14:39,268.00,268.10,268.00,268.05,2401,0
LICHSGFIN,20200720,14:40,268.20,268.50,268.20,268.35,3447,0
LICHSGFIN,20200720,14:41,268.25,268.35,268.05,268.20,4050,0
LICHSGFIN,20200720,14:42,268.45,268.50,268.15,268.40,5920,0
LICHSGFIN,20200720,14:43,268.40,268.45,268.35,268.40,878,0
LICHSGFIN,20200720,14:44,268.40,268.40,268.00,268.00,4231,0
LICHSGFIN,20200720,14:45,268.20,268.40,268.10,268.25,4266,0
LICHSGFIN,20200720,14:46,268.20,268.50,268.15,268.15,3047,0
LICHSGFIN,20200720,14:47,268.20,268.35,268.15,268.25,1080,0
LICHSGFIN,20200720,14:48,268.15,268.30,267.80,267.85,12050,0
LICHSGFIN,20200720,14:49,268.10,268.25,268.00,268.10,3007,0
LICHSGFIN,20200720,14:50,268.00,268.15,268.00,268.00,8545,0
LICHSGFIN,20200720,14:51,268.00,268.20,268.00,268.00,4052,0
LICHSGFIN,20200720,14:52,268.00,268.15,267.85,268.00,7447,0
LICHSGFIN,20200720,14:53,268.00,268.00,267.65,267.90,6261,0
LICHSGFIN,20200720,14:54,267.80,268.00,267.65,268.00,9272,0
LICHSGFIN,20200720,14:55,268.00,268.10,267.85,268.00,2728,0
LICHSGFIN,20200720,14:56,267.95,268.10,267.80,268.00,1694,0
LICHSGFIN,20200720,14:57,268.00,268.05,267.90,268.00,1069,0
LICHSGFIN,20200720,14:58,268.00,268.25,267.85,268.25,1756,0
LICHSGFIN,20200720,14:59,268.10,268.30,268.00,268.15,4536,0
LICHSGFIN,20200720,15:00,268.00,268.20,268.00,268.05,2673,0
LICHSGFIN,20200720,15:01,268.05,268.20,268.00,268.15,8289,0
LICHSGFIN,20200720,15:02,268.15,268.30,268.00,268.30,12240,0
LICHSGFIN,20200720,15:03,268.35,268.35,267.75,267.85,8153,0
LICHSGFIN,20200720,15:04,267.80,268.25,267.80,268.15,9715,0
LICHSGFIN,20200720,15:05,268.05,268.15,267.85,267.90,5631,0
LICHSGFIN,20200720,15:06,267.85,268.20,267.80,268.00,8529,0
LICHSGFIN,20200720,15:07,268.20,268.25,267.95,268.00,3753,0
LICHSGFIN,20200720,15:08,268.05,268.05,267.85,267.85,8245,0
LICHSGFIN,20200720,15:09,267.95,268.10,267.90,268.00,4260,0
LICHSGFIN,20200720,15:10,268.05,268.45,268.00,268.10,9650,0
LICHSGFIN,20200720,15:11,268.00,268.20,267.90,267.90,14913,0
LICHSGFIN,20200720,15:12,267.90,268.10,267.75,267.75,14477,0
LICHSGFIN,20200720,15:13,267.90,267.90,267.70,267.80,5129,0
LICHSGFIN,20200720,15:14,267.80,268.00,267.70,267.95,7066,0
LICHSGFIN,20200720,15:15,267.75,268.25,267.75,268.00,14057,0
LICHSGFIN,20200720,15:16,268.25,268.25,267.95,268.00,9888,0
LICHSGFIN,20200720,15:17,268.00,268.05,267.60,267.80,34662,0
LICHSGFIN,20200720,15:18,267.80,267.90,267.65,267.75,6967,0
LICHSGFIN,20200720,15:19,267.80,267.80,267.60,267.60,10788,0
LICHSGFIN,20200720,15:20,267.60,267.85,267.55,267.80,8743,0
LICHSGFIN,20200720,15:21,267.80,267.85,267.60,267.75,19071,0
LICHSGFIN,20200720,15:22,267.80,268.00,267.65,267.75,19746,0
LICHSGFIN,20200720,15:23,267.75,268.00,267.75,267.80,4690,0
LICHSGFIN,20200720,15:24,267.90,267.90,267.75,267.75,3747,0
LICHSGFIN,20200720,15:25,267.75,267.75,267.60,267.70,25062,0
LICHSGFIN,20200720,15:26,267.80,267.85,267.55,267.70,11109,0
LICHSGFIN,20200720,15:27,267.65,267.90,267.65,267.75,8254,0
LICHSGFIN,20200720,15:28,267.95,267.95,267.70,267.80,12903,0
LICHSGFIN,20200720,15:29,267.80,268.10,267.70,268.00,19779,0
LICHSGFIN,20200720,15:30,268.00,268.50,267.75,267.75,16782,0
LICHSGFIN,20200720,15:31,267.80,267.80,267.80,267.80,500,0
LICHSGFIN,20200720,15:33,267.90,267.90,267.90,267.90,0,0
LICHSGFIN,20200720,15:41,267.90,267.90,267.90,267.90,100,0
LICHSGFIN,20200720,16:39,267.90,267.90,267.90,267.90,0,0
