HDFCBANK,20200507,09:08,940.50,940.50,940.50,940.50,26434,0
HDFCBANK,20200507,09:16,941.00,941.00,925.00,930.50,143056,0
HDFCBANK,20200507,09:17,930.45,931.25,927.80,927.80,127025,0
HDFCBANK,20200507,09:18,927.30,928.20,925.15,927.80,100151,0
HDFCBANK,20200507,09:19,927.60,928.50,926.60,927.50,84131,0
HDFCBANK,20200507,09:20,928.00,929.00,925.10,925.10,105688,0
HDFCBANK,20200507,09:21,925.30,927.45,925.20,925.50,85494,0
HDFCBANK,20200507,09:22,925.75,926.85,925.00,926.85,66561,0
HDFCBANK,20200507,09:23,926.75,931.55,926.75,931.15,89532,0
HDFCBANK,20200507,09:24,931.15,934.85,931.10,933.70,131341,0
HDFCBANK,20200507,09:25,933.60,935.00,932.30,934.05,68238,0
HDFCBANK,20200507,09:26,933.70,934.50,932.00,932.85,65883,0
HDFCBANK,20200507,09:27,932.45,932.55,930.80,930.95,50526,0
HDFCBANK,20200507,09:28,930.80,932.15,930.25,931.80,43190,0
HDFCBANK,20200507,09:29,932.00,932.45,930.80,931.15,33239,0
HDFCBANK,20200507,09:30,931.30,931.70,930.00,930.50,32303,0
HDFCBANK,20200507,09:31,931.00,931.55,931.00,931.15,77414,0
HDFCBANK,20200507,09:32,931.15,931.90,931.00,931.65,34333,0
HDFCBANK,20200507,09:33,931.70,934.45,931.00,934.45,56766,0
HDFCBANK,20200507,09:34,933.90,935.95,933.90,935.30,79519,0
HDFCBANK,20200507,09:35,935.05,935.60,934.10,935.50,37546,0
HDFCBANK,20200507,09:36,935.50,936.80,935.50,935.95,61916,0
HDFCBANK,20200507,09:37,936.10,937.50,935.95,937.00,54874,0
HDFCBANK,20200507,09:38,937.10,937.15,934.70,935.45,50070,0
HDFCBANK,20200507,09:39,935.60,935.60,933.45,933.90,56333,0
HDFCBANK,20200507,09:40,934.00,934.00,931.35,932.00,42077,0
HDFCBANK,20200507,09:41,931.80,935.00,931.80,935.00,40795,0
HDFCBANK,20200507,09:42,935.15,936.50,934.95,936.15,38788,0
HDFCBANK,20200507,09:43,935.95,936.00,934.45,935.95,29693,0
HDFCBANK,20200507,09:44,935.90,936.40,934.00,934.20,29043,0
HDFCBANK,20200507,09:45,934.50,935.50,933.65,934.60,40903,0
HDFCBANK,20200507,09:46,935.20,935.20,934.25,935.00,23509,0
HDFCBANK,20200507,09:47,934.70,935.00,934.00,934.80,25694,0
HDFCBANK,20200507,09:48,934.95,935.20,934.20,935.10,18371,0
HDFCBANK,20200507,09:49,935.40,938.40,935.00,937.60,70414,0
HDFCBANK,20200507,09:50,937.60,937.60,936.25,937.40,32055,0
HDFCBANK,20200507,09:51,937.10,939.00,937.00,938.25,57727,0
HDFCBANK,20200507,09:52,938.30,940.00,938.25,939.15,85669,0
HDFCBANK,20200507,09:53,939.30,940.00,938.00,938.30,58589,0
HDFCBANK,20200507,09:54,938.25,938.25,936.65,937.05,33286,0
HDFCBANK,20200507,09:55,936.40,937.55,936.10,937.30,29709,0
HDFCBANK,20200507,09:56,937.55,939.00,937.15,939.00,36459,0
HDFCBANK,20200507,09:57,939.05,939.65,937.95,939.00,28711,0
HDFCBANK,20200507,09:58,939.00,939.10,938.35,938.55,22450,0
HDFCBANK,20200507,09:59,938.95,938.95,938.10,938.40,15118,0
HDFCBANK,20200507,10:00,938.60,939.25,938.15,938.95,21590,0
HDFCBANK,20200507,10:01,938.95,942.45,938.80,940.85,78765,0
HDFCBANK,20200507,10:02,940.70,943.30,940.50,942.55,40045,0
HDFCBANK,20200507,10:03,942.60,942.70,941.00,941.00,59467,0
HDFCBANK,20200507,10:04,941.00,941.40,939.35,939.70,56074,0
HDFCBANK,20200507,10:05,939.75,940.15,938.10,938.70,43104,0
HDFCBANK,20200507,10:06,938.90,938.90,937.00,937.75,34077,0
HDFCBANK,20200507,10:07,937.30,937.60,936.55,937.25,44601,0
HDFCBANK,20200507,10:08,937.05,939.90,937.05,939.65,38350,0
HDFCBANK,20200507,10:09,939.65,940.45,938.85,939.05,27183,0
HDFCBANK,20200507,10:10,939.00,939.25,938.10,938.80,13126,0
HDFCBANK,20200507,10:11,938.25,940.65,938.25,939.50,22084,0
HDFCBANK,20200507,10:12,939.15,939.35,937.50,939.30,27920,0
HDFCBANK,20200507,10:13,938.90,940.00,938.30,939.55,19151,0
HDFCBANK,20200507,10:14,939.50,940.80,938.95,938.95,24330,0
HDFCBANK,20200507,10:15,938.90,940.00,938.25,938.65,12061,0
HDFCBANK,20200507,10:16,938.20,940.00,938.20,939.20,14092,0
HDFCBANK,20200507,10:17,939.50,939.95,938.50,939.35,22454,0
HDFCBANK,20200507,10:18,939.60,940.00,938.60,939.30,25975,0
HDFCBANK,20200507,10:19,939.20,940.00,938.75,938.75,15986,0
HDFCBANK,20200507,10:20,938.75,939.20,937.80,937.90,26353,0
HDFCBANK,20200507,10:21,937.50,938.05,937.00,937.50,28475,0
HDFCBANK,20200507,10:22,937.20,937.65,936.60,937.10,30445,0
HDFCBANK,20200507,10:23,937.10,938.50,937.00,938.40,23861,0
HDFCBANK,20200507,10:24,937.70,939.00,937.70,938.00,19501,0
HDFCBANK,20200507,10:25,938.10,938.10,936.95,937.00,23385,0
HDFCBANK,20200507,10:26,937.00,937.35,935.30,935.80,38452,0
HDFCBANK,20200507,10:27,935.70,936.65,935.35,936.60,24447,0
HDFCBANK,20200507,10:28,936.30,937.00,936.00,936.70,26467,0
HDFCBANK,20200507,10:29,936.60,936.85,936.15,936.40,12504,0
HDFCBANK,20200507,10:30,936.15,937.15,936.00,936.55,19406,0
HDFCBANK,20200507,10:31,937.00,937.10,936.05,936.80,16819,0
HDFCBANK,20200507,10:32,937.00,937.00,935.00,937.00,75106,0
HDFCBANK,20200507,10:33,936.60,937.20,936.25,936.40,16806,0
HDFCBANK,20200507,10:34,936.25,936.80,936.00,936.30,11184,0
HDFCBANK,20200507,10:35,936.50,937.15,936.30,936.60,11458,0
HDFCBANK,20200507,10:36,936.65,937.00,936.25,936.60,7161,0
HDFCBANK,20200507,10:37,936.60,937.35,936.40,936.60,18994,0
HDFCBANK,20200507,10:38,936.95,937.85,936.95,937.85,17205,0
HDFCBANK,20200507,10:39,937.85,938.15,937.30,937.40,16685,0
HDFCBANK,20200507,10:40,937.30,937.30,936.35,936.75,15268,0
HDFCBANK,20200507,10:41,936.75,937.00,935.40,935.40,22808,0
HDFCBANK,20200507,10:42,935.20,935.75,934.50,935.05,50327,0
HDFCBANK,20200507,10:43,935.50,935.95,934.60,934.75,30712,0
HDFCBANK,20200507,10:44,934.80,935.00,931.10,931.30,84320,0
HDFCBANK,20200507,10:45,931.00,931.90,930.70,931.00,46461,0
HDFCBANK,20200507,10:46,931.50,933.00,931.20,932.10,35939,0
HDFCBANK,20200507,10:47,932.50,932.50,931.10,932.00,24139,0
HDFCBANK,20200507,10:48,932.05,932.50,931.55,932.30,23477,0
HDFCBANK,20200507,10:49,932.45,932.50,930.45,930.70,39306,0
HDFCBANK,20200507,10:50,930.70,932.35,930.65,931.65,16804,0
HDFCBANK,20200507,10:51,931.70,932.30,930.90,931.70,27902,0
HDFCBANK,20200507,10:52,932.00,934.00,932.00,933.70,23604,0
HDFCBANK,20200507,10:53,933.80,934.95,933.70,933.70,22442,0
HDFCBANK,20200507,10:54,933.70,934.30,933.60,934.05,10331,0
HDFCBANK,20200507,10:55,933.90,934.00,933.20,933.50,13826,0
HDFCBANK,20200507,10:56,933.50,933.75,932.25,932.75,13072,0
HDFCBANK,20200507,10:57,933.25,933.65,932.50,933.60,9456,0
HDFCBANK,20200507,10:58,933.60,934.00,933.05,933.10,5376,0
HDFCBANK,20200507,10:59,933.05,934.20,933.05,933.90,9192,0
HDFCBANK,20200507,11:00,934.05,934.50,933.55,934.30,12350,0
HDFCBANK,20200507,11:01,934.25,936.60,934.25,936.60,41225,0
HDFCBANK,20200507,11:02,936.80,937.00,935.70,936.20,22064,0
HDFCBANK,20200507,11:03,936.20,936.75,935.20,935.45,9858,0
HDFCBANK,20200507,11:04,935.45,936.20,935.10,936.00,9969,0
HDFCBANK,20200507,11:05,936.15,936.20,935.00,935.25,9702,0
HDFCBANK,20200507,11:06,935.00,935.15,932.05,932.40,21226,0
HDFCBANK,20200507,11:07,932.45,933.10,932.00,932.35,14550,0
HDFCBANK,20200507,11:08,932.35,932.70,932.00,932.55,24916,0
HDFCBANK,20200507,11:09,932.55,933.80,932.45,933.15,9811,0
HDFCBANK,20200507,11:10,933.30,933.45,932.60,932.70,10022,0
HDFCBANK,20200507,11:11,932.95,933.70,932.70,933.60,6408,0
HDFCBANK,20200507,11:12,933.40,933.95,933.00,933.05,19093,0
HDFCBANK,20200507,11:13,933.30,934.60,933.00,934.05,8405,0
HDFCBANK,20200507,11:14,934.05,934.40,933.00,933.10,7828,0
HDFCBANK,20200507,11:15,933.00,933.50,932.40,932.85,22729,0
HDFCBANK,20200507,11:16,932.80,934.00,932.50,933.75,6081,0
HDFCBANK,20200507,11:17,933.75,934.65,933.75,934.20,9447,0
HDFCBANK,20200507,11:18,934.10,935.00,933.95,934.15,24056,0
HDFCBANK,20200507,11:19,934.15,935.30,933.80,934.30,15682,0
HDFCBANK,20200507,11:20,933.65,934.50,933.65,934.00,5192,0
HDFCBANK,20200507,11:21,934.30,934.35,933.65,934.00,7892,0
HDFCBANK,20200507,11:22,934.00,934.40,934.00,934.20,4363,0
HDFCBANK,20200507,11:23,934.30,934.95,934.05,934.05,10688,0
HDFCBANK,20200507,11:24,934.35,934.55,933.55,933.90,5423,0
HDFCBANK,20200507,11:25,933.90,934.45,933.55,934.10,3288,0
HDFCBANK,20200507,11:26,934.10,934.55,933.60,934.30,7253,0
HDFCBANK,20200507,11:27,934.15,935.50,934.15,934.95,17812,0
HDFCBANK,20200507,11:28,934.60,935.50,934.35,934.60,11101,0
HDFCBANK,20200507,11:29,934.50,935.00,933.50,933.95,9730,0
HDFCBANK,20200507,11:30,933.90,934.00,933.55,933.60,3500,0
HDFCBANK,20200507,11:31,933.65,935.05,933.65,934.90,7453,0
HDFCBANK,20200507,11:32,934.70,937.00,934.65,936.20,43820,0
HDFCBANK,20200507,11:33,936.50,936.60,935.50,936.00,12073,0
HDFCBANK,20200507,11:34,936.00,936.95,936.00,936.55,18526,0
HDFCBANK,20200507,11:35,936.80,936.80,936.05,936.50,7007,0
HDFCBANK,20200507,11:36,936.50,936.75,935.65,935.80,7772,0
HDFCBANK,20200507,11:37,935.90,936.00,935.00,935.55,6136,0
HDFCBANK,20200507,11:38,935.50,936.00,935.50,935.85,3210,0
HDFCBANK,20200507,11:39,936.00,936.55,936.00,936.50,10450,0
HDFCBANK,20200507,11:40,936.45,936.50,935.10,935.50,7621,0
HDFCBANK,20200507,11:41,936.00,936.00,935.00,935.50,6810,0
HDFCBANK,20200507,11:42,935.50,935.70,934.30,935.15,7383,0
HDFCBANK,20200507,11:43,935.15,935.45,934.05,935.25,15236,0
HDFCBANK,20200507,11:44,935.25,935.85,934.85,935.50,2844,0
HDFCBANK,20200507,11:45,935.50,936.00,935.25,935.25,8954,0
HDFCBANK,20200507,11:46,935.30,936.25,935.30,935.30,13499,0
HDFCBANK,20200507,11:47,935.10,935.60,934.80,935.50,8654,0
HDFCBANK,20200507,11:48,935.15,935.90,934.20,934.55,7423,0
HDFCBANK,20200507,11:49,934.25,934.25,932.55,933.35,56312,0
HDFCBANK,20200507,11:50,933.50,934.40,933.00,933.35,9603,0
HDFCBANK,20200507,11:51,933.10,933.95,931.20,931.50,42727,0
HDFCBANK,20200507,11:52,931.70,932.45,931.10,932.05,20456,0
HDFCBANK,20200507,11:53,932.05,933.20,931.70,931.95,12057,0
HDFCBANK,20200507,11:54,931.95,932.00,931.30,931.50,15061,0
HDFCBANK,20200507,11:55,932.15,932.30,931.50,931.80,13252,0
HDFCBANK,20200507,11:56,931.60,932.00,931.55,931.75,13153,0
HDFCBANK,20200507,11:57,931.80,932.00,930.70,930.85,39526,0
HDFCBANK,20200507,11:58,930.85,931.00,930.00,930.60,75894,0
HDFCBANK,20200507,11:59,930.40,931.00,930.40,930.90,11797,0
HDFCBANK,20200507,12:00,930.90,932.20,930.70,931.00,17946,0
HDFCBANK,20200507,12:01,931.10,932.50,931.10,932.25,18780,0
HDFCBANK,20200507,12:02,932.60,932.60,931.15,932.10,12467,0
HDFCBANK,20200507,12:03,931.95,932.30,930.75,930.75,17993,0
HDFCBANK,20200507,12:04,930.80,931.80,930.75,931.40,15771,0
HDFCBANK,20200507,12:05,931.35,932.10,931.00,931.30,14385,0
HDFCBANK,20200507,12:06,931.35,931.40,930.15,930.50,22216,0
HDFCBANK,20200507,12:07,930.50,930.90,930.00,930.15,39002,0
HDFCBANK,20200507,12:08,930.00,931.35,930.00,931.35,20895,0
HDFCBANK,20200507,12:09,931.00,931.30,930.70,931.00,7957,0
HDFCBANK,20200507,12:10,931.00,931.00,930.45,930.50,11826,0
HDFCBANK,20200507,12:11,930.50,931.35,930.40,930.55,11513,0
HDFCBANK,20200507,12:12,930.45,931.05,930.20,930.55,10987,0
HDFCBANK,20200507,12:13,930.95,931.50,930.55,931.30,14344,0
HDFCBANK,20200507,12:14,931.00,931.20,930.50,930.95,13949,0
HDFCBANK,20200507,12:15,930.90,931.50,930.65,930.65,10245,0
HDFCBANK,20200507,12:16,931.00,931.00,928.30,928.85,61414,0
HDFCBANK,20200507,12:17,928.85,928.95,928.00,928.50,38229,0
HDFCBANK,20200507,12:18,928.50,930.00,928.50,929.65,18144,0
HDFCBANK,20200507,12:19,929.85,930.40,929.25,929.70,19697,0
HDFCBANK,20200507,12:20,929.80,930.00,929.25,929.80,7719,0
HDFCBANK,20200507,12:21,929.80,931.00,929.75,930.65,27257,0
HDFCBANK,20200507,12:22,930.65,930.65,929.00,929.20,32017,0
HDFCBANK,20200507,12:23,929.30,929.70,928.60,929.70,20428,0
HDFCBANK,20200507,12:24,929.35,929.70,928.45,928.50,25346,0
HDFCBANK,20200507,12:25,928.50,929.40,928.20,928.70,11007,0
HDFCBANK,20200507,12:26,928.70,929.20,928.30,928.30,9711,0
HDFCBANK,20200507,12:27,928.35,929.10,927.50,928.00,31345,0
HDFCBANK,20200507,12:28,928.00,928.85,926.50,927.35,43400,0
HDFCBANK,20200507,12:29,926.85,928.00,926.85,927.65,25224,0
HDFCBANK,20200507,12:30,927.80,928.75,927.30,928.10,27196,0
HDFCBANK,20200507,12:31,928.00,928.85,927.80,928.60,23918,0
HDFCBANK,20200507,12:32,928.45,929.00,928.40,928.60,21366,0
HDFCBANK,20200507,12:33,928.35,928.85,926.95,927.05,23735,0
HDFCBANK,20200507,12:34,927.50,927.80,927.15,927.20,12294,0
HDFCBANK,20200507,12:35,927.10,927.90,926.60,927.60,26575,0
HDFCBANK,20200507,12:36,927.50,928.20,927.10,927.50,30977,0
HDFCBANK,20200507,12:37,927.60,928.95,927.50,928.90,53634,0
HDFCBANK,20200507,12:38,928.75,930.85,928.65,929.15,76103,0
HDFCBANK,20200507,12:39,929.80,930.70,928.70,929.15,66507,0
HDFCBANK,20200507,12:40,929.15,929.20,928.00,928.20,28406,0
HDFCBANK,20200507,12:41,928.20,929.00,928.00,929.00,35516,0
HDFCBANK,20200507,12:42,928.60,929.05,928.20,928.50,22300,0
HDFCBANK,20200507,12:43,928.80,929.00,928.35,928.50,16342,0
HDFCBANK,20200507,12:44,929.00,930.50,928.50,929.00,43508,0
HDFCBANK,20200507,12:45,928.95,930.85,928.95,929.15,45397,0
HDFCBANK,20200507,12:46,929.30,930.40,929.10,929.95,53411,0
HDFCBANK,20200507,12:47,930.25,930.70,929.50,930.00,53895,0
HDFCBANK,20200507,12:48,929.95,930.60,929.60,929.60,44438,0
HDFCBANK,20200507,12:49,929.65,929.85,928.65,929.70,32103,0
HDFCBANK,20200507,12:50,929.65,929.75,928.80,929.75,16904,0
HDFCBANK,20200507,12:51,929.50,929.50,928.00,928.00,18803,0
HDFCBANK,20200507,12:52,928.00,928.45,927.10,927.95,47282,0
HDFCBANK,20200507,12:53,928.10,928.90,927.90,928.00,12737,0
HDFCBANK,20200507,12:54,928.00,929.10,928.00,928.50,12139,0
HDFCBANK,20200507,12:55,928.50,929.10,928.30,929.05,13627,0
HDFCBANK,20200507,12:56,929.10,929.10,928.50,928.95,12402,0
HDFCBANK,20200507,12:57,928.95,929.45,928.75,929.15,20599,0
HDFCBANK,20200507,12:58,929.15,929.25,928.50,928.80,16062,0
HDFCBANK,20200507,12:59,928.85,929.00,928.20,928.25,15633,0
HDFCBANK,20200507,13:00,928.35,928.35,927.15,927.80,29977,0
HDFCBANK,20200507,13:01,927.55,928.30,927.55,927.85,6680,0
HDFCBANK,20200507,13:02,927.85,928.10,926.60,927.00,31410,0
HDFCBANK,20200507,13:03,926.80,927.50,926.80,927.25,13319,0
HDFCBANK,20200507,13:04,927.00,927.90,927.00,927.80,17413,0
HDFCBANK,20200507,13:05,927.40,928.50,927.40,928.00,15789,0
HDFCBANK,20200507,13:06,928.45,928.60,927.55,928.10,13748,0
HDFCBANK,20200507,13:07,928.45,928.50,928.00,928.50,4495,0
HDFCBANK,20200507,13:08,928.25,929.50,928.15,929.10,33480,0
HDFCBANK,20200507,13:09,929.00,930.00,928.90,929.75,31461,0
HDFCBANK,20200507,13:10,929.75,930.20,929.10,929.75,67136,0
HDFCBANK,20200507,13:11,930.00,930.00,929.30,929.70,17454,0
HDFCBANK,20200507,13:12,929.75,930.00,929.40,929.40,13174,0
HDFCBANK,20200507,13:13,929.30,929.30,928.20,928.75,9375,0
HDFCBANK,20200507,13:14,929.00,929.90,928.90,929.80,13820,0
HDFCBANK,20200507,13:15,929.80,929.80,929.10,929.10,13060,0
HDFCBANK,20200507,13:16,929.10,929.90,928.60,929.60,10710,0
HDFCBANK,20200507,13:17,929.60,931.65,929.55,930.90,72879,0
HDFCBANK,20200507,13:18,930.95,932.35,930.25,932.00,60419,0
HDFCBANK,20200507,13:19,932.40,932.45,931.50,931.50,30300,0
HDFCBANK,20200507,13:20,931.75,932.00,931.05,931.75,13900,0
HDFCBANK,20200507,13:21,931.75,932.00,930.75,930.75,17987,0
HDFCBANK,20200507,13:22,930.50,931.70,930.15,931.50,14385,0
HDFCBANK,20200507,13:23,931.50,931.80,931.10,931.30,10576,0
HDFCBANK,20200507,13:24,931.40,931.50,931.00,931.40,9454,0
HDFCBANK,20200507,13:25,931.30,931.40,930.50,930.55,5365,0
HDFCBANK,20200507,13:26,930.60,930.60,929.50,929.90,15740,0
HDFCBANK,20200507,13:27,929.60,929.90,929.55,929.85,8133,0
HDFCBANK,20200507,13:28,929.85,929.90,929.50,929.55,6975,0
HDFCBANK,20200507,13:29,929.80,930.20,929.50,930.20,9866,0
HDFCBANK,20200507,13:30,930.00,930.20,929.15,929.90,12869,0
HDFCBANK,20200507,13:31,929.80,930.20,929.35,930.00,12358,0
HDFCBANK,20200507,13:32,930.10,930.10,927.50,928.25,42927,0
HDFCBANK,20200507,13:33,928.30,929.20,928.20,928.85,7865,0
HDFCBANK,20200507,13:34,928.85,928.85,928.00,928.60,8325,0
HDFCBANK,20200507,13:35,928.35,928.60,928.00,928.10,14686,0
HDFCBANK,20200507,13:36,928.30,929.20,927.50,927.50,17841,0
HDFCBANK,20200507,13:37,927.65,928.00,927.05,927.95,16306,0
HDFCBANK,20200507,13:38,927.55,927.95,927.00,927.00,31753,0
HDFCBANK,20200507,13:39,927.10,927.90,927.00,927.70,11698,0
HDFCBANK,20200507,13:40,927.65,928.20,927.35,928.20,13508,0
HDFCBANK,20200507,13:41,928.40,928.40,925.90,926.00,61913,0
HDFCBANK,20200507,13:42,925.75,926.45,921.35,923.25,196148,0
HDFCBANK,20200507,13:43,923.65,924.75,923.05,924.40,45795,0
HDFCBANK,20200507,13:44,924.60,925.90,924.55,925.15,29372,0
HDFCBANK,20200507,13:45,925.15,925.90,924.65,925.80,26410,0
HDFCBANK,20200507,13:46,925.55,925.65,924.20,924.20,13749,0
HDFCBANK,20200507,13:47,924.15,925.00,924.15,924.80,19740,0
HDFCBANK,20200507,13:48,924.75,926.65,924.75,926.65,38286,0
HDFCBANK,20200507,13:49,926.65,928.00,926.10,927.75,42343,0
HDFCBANK,20200507,13:50,927.10,927.40,925.60,925.60,22530,0
HDFCBANK,20200507,13:51,926.30,926.40,925.00,925.15,18634,0
HDFCBANK,20200507,13:52,925.05,926.00,925.00,925.35,19928,0
HDFCBANK,20200507,13:53,925.55,926.55,925.40,925.40,13304,0
HDFCBANK,20200507,13:54,925.45,925.50,925.00,925.25,11316,0
HDFCBANK,20200507,13:55,925.30,926.00,925.25,925.60,10661,0
HDFCBANK,20200507,13:56,925.40,926.05,925.30,925.40,10870,0
HDFCBANK,20200507,13:57,925.40,925.50,924.65,924.70,22105,0
HDFCBANK,20200507,13:58,924.70,926.00,924.70,925.80,19436,0
HDFCBANK,20200507,13:59,925.80,927.00,925.75,926.90,20371,0
HDFCBANK,20200507,14:00,926.80,926.95,925.45,926.50,12299,0
HDFCBANK,20200507,14:01,926.90,928.80,926.60,928.25,38957,0
HDFCBANK,20200507,14:02,928.25,928.40,927.20,927.70,13078,0
HDFCBANK,20200507,14:03,928.00,928.00,927.05,927.80,9586,0
HDFCBANK,20200507,14:04,927.80,927.90,926.25,927.00,11235,0
HDFCBANK,20200507,14:05,927.00,927.00,926.00,926.10,6202,0
HDFCBANK,20200507,14:06,926.40,926.90,925.70,926.55,14606,0
HDFCBANK,20200507,14:07,926.55,926.75,925.10,925.80,12911,0
HDFCBANK,20200507,14:08,925.50,926.50,925.40,926.30,6008,0
HDFCBANK,20200507,14:09,926.40,927.70,926.10,927.05,12922,0
HDFCBANK,20200507,14:10,927.00,927.45,926.40,926.90,8083,0
HDFCBANK,20200507,14:11,926.95,927.00,926.40,926.80,5986,0
HDFCBANK,20200507,14:12,926.90,927.10,926.50,926.80,6554,0
HDFCBANK,20200507,14:13,926.85,927.00,926.50,926.90,3349,0
HDFCBANK,20200507,14:14,927.00,927.00,926.05,926.45,16555,0
HDFCBANK,20200507,14:15,926.05,926.35,925.60,925.60,13369,0
HDFCBANK,20200507,14:16,925.50,926.00,924.00,924.30,48323,0
HDFCBANK,20200507,14:17,924.30,924.80,923.50,924.30,40395,0
HDFCBANK,20200507,14:18,924.30,926.00,924.10,925.95,20857,0
HDFCBANK,20200507,14:19,925.80,927.00,925.65,926.75,28837,0
HDFCBANK,20200507,14:20,926.60,927.80,926.15,926.50,45969,0
HDFCBANK,20200507,14:21,926.50,926.95,926.40,926.65,8245,0
HDFCBANK,20200507,14:22,926.45,926.45,925.55,926.15,25821,0
HDFCBANK,20200507,14:23,926.15,926.30,925.10,925.10,18052,0
HDFCBANK,20200507,14:24,924.70,925.55,924.50,925.35,16191,0
HDFCBANK,20200507,14:25,925.40,925.45,924.20,924.90,14847,0
HDFCBANK,20200507,14:26,924.75,925.00,924.35,924.40,9713,0
HDFCBANK,20200507,14:27,924.60,925.80,924.35,925.80,14021,0
HDFCBANK,20200507,14:28,925.30,925.50,924.50,925.15,12200,0
HDFCBANK,20200507,14:29,925.50,925.75,924.65,925.25,10157,0
HDFCBANK,20200507,14:30,925.00,925.80,925.00,925.50,8987,0
HDFCBANK,20200507,14:31,925.30,927.30,925.30,926.85,48907,0
HDFCBANK,20200507,14:32,927.00,927.50,926.55,927.00,26521,0
HDFCBANK,20200507,14:33,927.05,927.20,926.20,927.00,16239,0
HDFCBANK,20200507,14:34,926.90,927.00,925.95,926.70,28563,0
HDFCBANK,20200507,14:35,926.35,926.35,925.45,925.60,9760,0
HDFCBANK,20200507,14:36,925.55,927.00,925.35,927.00,20599,0
HDFCBANK,20200507,14:37,926.80,927.00,926.00,926.00,21221,0
HDFCBANK,20200507,14:38,926.00,926.40,925.55,925.70,14409,0
HDFCBANK,20200507,14:39,925.50,925.80,925.00,925.00,34828,0
HDFCBANK,20200507,14:40,925.00,926.10,925.00,925.85,13713,0
HDFCBANK,20200507,14:41,925.70,926.50,925.55,925.95,10261,0
HDFCBANK,20200507,14:42,925.95,927.25,925.95,926.15,27409,0
HDFCBANK,20200507,14:43,926.10,926.90,925.45,925.90,23023,0
HDFCBANK,20200507,14:44,925.90,926.60,925.55,926.00,12377,0
HDFCBANK,20200507,14:45,926.00,926.50,925.55,925.65,15860,0
HDFCBANK,20200507,14:46,925.50,925.75,924.20,924.20,47143,0
HDFCBANK,20200507,14:47,924.40,924.90,924.15,924.35,14431,0
HDFCBANK,20200507,14:48,924.40,925.00,924.25,924.80,13744,0
HDFCBANK,20200507,14:49,925.00,925.20,924.30,924.65,12996,0
HDFCBANK,20200507,14:50,924.65,924.85,924.25,924.85,15110,0
HDFCBANK,20200507,14:51,924.85,925.00,924.25,924.80,12983,0
HDFCBANK,20200507,14:52,924.80,925.50,924.40,925.50,18940,0
HDFCBANK,20200507,14:53,925.15,927.00,925.15,927.00,68456,0
HDFCBANK,20200507,14:54,926.75,926.75,924.95,924.95,19587,0
HDFCBANK,20200507,14:55,924.95,925.85,924.80,925.45,19966,0
HDFCBANK,20200507,14:56,925.40,925.50,925.10,925.45,11506,0
HDFCBANK,20200507,14:57,925.25,925.80,925.20,925.35,17986,0
HDFCBANK,20200507,14:58,925.60,926.30,925.15,925.50,21396,0
HDFCBANK,20200507,14:59,925.90,926.20,925.50,925.90,16310,0
HDFCBANK,20200507,15:00,925.75,926.60,925.50,926.40,23158,0
HDFCBANK,20200507,15:01,926.40,926.50,925.65,926.00,22309,0
HDFCBANK,20200507,15:02,926.05,926.40,925.55,926.00,17823,0
HDFCBANK,20200507,15:03,925.95,925.95,925.05,925.05,24927,0
HDFCBANK,20200507,15:04,925.30,926.00,924.90,924.90,43461,0
HDFCBANK,20200507,15:05,925.00,926.00,924.90,925.05,40905,0
HDFCBANK,20200507,15:06,925.20,925.45,924.55,925.15,34770,0
HDFCBANK,20200507,15:07,925.20,925.65,925.00,925.50,37312,0
HDFCBANK,20200507,15:08,925.40,925.80,925.10,925.40,34042,0
HDFCBANK,20200507,15:09,925.45,925.45,925.00,925.10,40509,0
HDFCBANK,20200507,15:10,925.00,925.50,925.00,925.00,45049,0
HDFCBANK,20200507,15:11,925.25,925.55,925.00,925.50,49209,0
HDFCBANK,20200507,15:12,925.30,925.75,924.40,925.15,94926,0
HDFCBANK,20200507,15:13,925.10,925.30,924.55,924.70,36500,0
HDFCBANK,20200507,15:14,924.65,925.10,924.55,924.85,23216,0
HDFCBANK,20200507,15:15,924.90,925.15,924.75,924.80,54659,0
HDFCBANK,20200507,15:16,925.05,925.30,924.60,925.05,28636,0
HDFCBANK,20200507,15:17,925.20,925.70,925.00,925.10,67677,0
HDFCBANK,20200507,15:18,925.15,925.45,924.75,925.00,60307,0
HDFCBANK,20200507,15:19,924.50,925.05,924.20,924.20,47139,0
HDFCBANK,20200507,15:20,924.20,924.85,923.05,923.10,109697,0
HDFCBANK,20200507,15:21,923.10,923.60,922.80,923.00,42395,0
HDFCBANK,20200507,15:22,922.95,924.35,922.85,923.20,82031,0
HDFCBANK,20200507,15:23,923.45,924.95,922.85,924.25,65912,0
HDFCBANK,20200507,15:24,924.50,925.00,924.50,925.00,42163,0
HDFCBANK,20200507,15:25,925.00,925.00,924.75,924.90,52880,0
HDFCBANK,20200507,15:26,925.00,925.00,924.75,924.80,62246,0
HDFCBANK,20200507,15:27,924.85,925.00,924.70,925.00,64644,0
HDFCBANK,20200507,15:28,924.80,925.65,924.80,925.50,162807,0
HDFCBANK,20200507,15:29,925.90,926.55,925.45,926.00,139746,0
HDFCBANK,20200507,15:30,926.00,928.00,925.75,927.30,58824,0
HDFCBANK,20200507,15:31,927.30,927.30,927.30,927.30,143,0
HDFCBANK,20200507,15:34,925.00,925.00,925.00,925.00,0,0
HDFCBANK,20200507,15:41,925.00,925.00,925.00,925.00,20,0
HDFCBANK,20200507,16:37,925.00,925.00,925.00,925.00,0,0
