AMBUJACEM,20200728,09:08,206.75,206.75,206.75,206.75,7287,0
AMBUJACEM,20200728,09:16,206.75,206.95,205.80,206.90,51447,0
AMBUJACEM,20200728,09:17,206.80,207.90,206.80,207.55,40214,0
AMBUJACEM,20200728,09:18,207.70,208.25,207.35,208.10,26978,0
AMBUJACEM,20200728,09:19,208.10,208.55,208.05,208.15,24973,0
AMBUJACEM,20200728,09:20,208.15,209.45,208.10,208.50,214518,0
AMBUJACEM,20200728,09:21,208.55,209.30,208.20,208.20,81821,0
AMBUJACEM,20200728,09:22,208.50,208.50,208.10,208.45,118627,0
AMBUJACEM,20200728,09:23,208.35,208.80,208.30,208.65,28866,0
AMBUJACEM,20200728,09:24,208.80,208.90,208.60,208.70,17649,0
AMBUJACEM,20200728,09:25,208.70,208.70,208.55,208.60,10380,0
AMBUJACEM,20200728,09:26,208.55,208.70,208.40,208.60,38422,0
AMBUJACEM,20200728,09:27,208.60,209.20,208.55,209.20,124909,0
AMBUJACEM,20200728,09:28,209.20,209.25,208.75,208.75,39760,0
AMBUJACEM,20200728,09:29,208.70,209.05,208.70,209.00,19096,0
AMBUJACEM,20200728,09:30,209.10,209.15,208.85,208.90,14033,0
AMBUJACEM,20200728,09:31,208.90,209.05,208.85,208.90,6831,0
AMBUJACEM,20200728,09:32,208.90,209.10,208.85,209.05,25094,0
AMBUJACEM,20200728,09:33,209.00,209.10,208.90,209.00,6749,0
AMBUJACEM,20200728,09:34,209.00,209.10,208.95,208.95,14455,0
AMBUJACEM,20200728,09:35,208.95,208.95,208.70,208.80,21064,0
AMBUJACEM,20200728,09:36,208.80,208.80,208.25,208.30,14120,0
AMBUJACEM,20200728,09:37,208.25,208.40,208.20,208.35,8251,0
AMBUJACEM,20200728,09:38,208.30,208.35,208.20,208.25,2840,0
AMBUJACEM,20200728,09:39,208.25,208.25,207.80,207.90,18099,0
AMBUJACEM,20200728,09:40,207.90,208.25,207.90,208.25,16354,0
AMBUJACEM,20200728,09:41,208.20,208.80,208.20,208.70,3071,0
AMBUJACEM,20200728,09:42,208.55,208.70,208.40,208.65,9336,0
AMBUJACEM,20200728,09:43,208.65,208.75,208.55,208.70,8299,0
AMBUJACEM,20200728,09:44,208.75,208.80,208.65,208.65,8965,0
AMBUJACEM,20200728,09:45,208.80,208.80,208.60,208.70,8617,0
AMBUJACEM,20200728,09:46,208.70,208.90,208.70,208.75,6622,0
AMBUJACEM,20200728,09:47,208.90,208.90,208.75,208.75,8794,0
AMBUJACEM,20200728,09:48,208.75,208.95,208.65,208.80,11226,0
AMBUJACEM,20200728,09:49,208.80,208.90,208.60,208.60,5902,0
AMBUJACEM,20200728,09:50,208.65,208.65,208.15,208.15,12277,0
AMBUJACEM,20200728,09:51,208.15,208.20,207.55,207.65,23689,0
AMBUJACEM,20200728,09:52,207.60,207.85,207.25,207.40,22759,0
AMBUJACEM,20200728,09:53,207.25,207.65,207.25,207.65,26566,0
AMBUJACEM,20200728,09:54,207.60,207.70,207.45,207.45,13006,0
AMBUJACEM,20200728,09:55,207.45,208.00,207.45,208.00,20953,0
AMBUJACEM,20200728,09:56,207.90,208.00,207.85,207.90,5395,0
AMBUJACEM,20200728,09:57,208.00,208.30,207.70,208.30,27961,0
AMBUJACEM,20200728,09:58,208.20,208.20,208.05,208.05,6082,0
AMBUJACEM,20200728,09:59,208.05,208.20,208.00,208.00,6847,0
AMBUJACEM,20200728,10:00,208.00,208.10,207.90,208.00,19229,0
AMBUJACEM,20200728,10:01,208.00,208.15,207.95,208.10,5107,0
AMBUJACEM,20200728,10:02,208.10,208.20,208.00,208.05,2408,0
AMBUJACEM,20200728,10:03,208.05,208.15,208.00,208.10,6815,0
AMBUJACEM,20200728,10:04,208.10,208.15,208.00,208.10,3215,0
AMBUJACEM,20200728,10:05,208.15,208.15,208.00,208.00,5842,0
AMBUJACEM,20200728,10:06,208.00,208.15,207.95,207.95,11582,0
AMBUJACEM,20200728,10:07,207.95,208.05,207.85,208.00,6656,0
AMBUJACEM,20200728,10:08,208.00,208.10,207.90,208.10,18953,0
AMBUJACEM,20200728,10:09,208.05,208.15,208.05,208.10,3908,0
AMBUJACEM,20200728,10:10,208.15,208.25,208.15,208.15,4351,0
AMBUJACEM,20200728,10:11,208.20,208.20,208.00,208.05,3641,0
AMBUJACEM,20200728,10:12,208.00,208.15,208.00,208.05,4209,0
AMBUJACEM,20200728,10:13,208.05,208.15,208.00,208.15,2694,0
AMBUJACEM,20200728,10:14,208.10,208.20,208.10,208.10,4617,0
AMBUJACEM,20200728,10:15,208.05,208.10,208.00,208.00,5668,0
AMBUJACEM,20200728,10:16,207.90,208.05,207.85,207.95,13631,0
AMBUJACEM,20200728,10:17,207.95,208.20,207.95,208.15,5799,0
AMBUJACEM,20200728,10:18,208.15,208.15,208.05,208.15,4942,0
AMBUJACEM,20200728,10:19,208.10,208.15,208.10,208.10,2279,0
AMBUJACEM,20200728,10:20,208.15,208.65,208.10,208.65,19353,0
AMBUJACEM,20200728,10:21,208.65,208.95,208.60,208.85,20491,0
AMBUJACEM,20200728,10:22,208.85,209.20,208.85,209.05,35088,0
AMBUJACEM,20200728,10:23,209.05,209.25,209.00,209.20,28217,0
AMBUJACEM,20200728,10:24,209.20,209.50,209.20,209.35,32757,0
AMBUJACEM,20200728,10:25,209.35,209.50,209.20,209.20,28790,0
AMBUJACEM,20200728,10:26,209.30,209.35,209.20,209.25,12571,0
AMBUJACEM,20200728,10:27,209.25,209.30,209.00,209.15,23171,0
AMBUJACEM,20200728,10:28,209.05,209.20,209.00,209.10,14916,0
AMBUJACEM,20200728,10:29,209.15,209.25,209.15,209.25,3949,0
AMBUJACEM,20200728,10:30,209.15,209.30,209.15,209.30,9503,0
AMBUJACEM,20200728,10:31,209.20,209.30,209.15,209.20,8568,0
AMBUJACEM,20200728,10:32,209.20,209.25,209.15,209.15,9475,0
AMBUJACEM,20200728,10:33,209.15,209.50,209.10,209.50,21038,0
AMBUJACEM,20200728,10:34,209.50,210.20,209.50,210.00,124102,0
AMBUJACEM,20200728,10:35,209.95,210.10,209.90,210.00,24088,0
AMBUJACEM,20200728,10:36,210.05,210.20,209.90,210.00,29260,0
AMBUJACEM,20200728,10:37,209.95,210.10,209.90,210.00,15300,0
AMBUJACEM,20200728,10:38,210.00,210.30,209.90,210.30,28325,0
AMBUJACEM,20200728,10:39,210.30,210.30,210.00,210.00,13464,0
AMBUJACEM,20200728,10:40,210.10,210.10,210.00,210.05,6878,0
AMBUJACEM,20200728,10:41,210.00,210.10,210.00,210.05,8187,0
AMBUJACEM,20200728,10:42,210.00,210.05,209.90,209.90,8370,0
AMBUJACEM,20200728,10:43,209.90,210.35,209.90,210.20,25164,0
AMBUJACEM,20200728,10:44,210.40,210.45,210.20,210.30,10621,0
AMBUJACEM,20200728,10:45,210.30,210.40,210.25,210.30,13261,0
AMBUJACEM,20200728,10:46,210.40,210.40,210.20,210.20,10744,0
AMBUJACEM,20200728,10:47,210.20,210.30,210.05,210.20,12973,0
AMBUJACEM,20200728,10:48,210.20,210.25,209.95,209.95,17844,0
AMBUJACEM,20200728,10:49,209.95,210.00,209.85,210.00,7710,0
AMBUJACEM,20200728,10:50,209.90,210.00,209.60,209.70,49271,0
AMBUJACEM,20200728,10:51,209.70,209.70,209.55,209.55,6771,0
AMBUJACEM,20200728,10:52,209.60,209.60,209.20,209.20,23846,0
AMBUJACEM,20200728,10:53,209.35,209.40,209.20,209.20,4834,0
AMBUJACEM,20200728,10:54,209.25,209.40,209.20,209.40,8544,0
AMBUJACEM,20200728,10:55,209.40,209.40,209.35,209.40,4981,0
AMBUJACEM,20200728,10:56,209.40,209.40,209.30,209.35,19167,0
AMBUJACEM,20200728,10:57,209.35,209.50,209.30,209.50,8734,0
AMBUJACEM,20200728,10:58,209.50,209.80,209.40,209.70,18101,0
AMBUJACEM,20200728,10:59,209.75,209.90,209.70,209.75,7820,0
AMBUJACEM,20200728,11:00,209.75,209.85,209.65,209.65,10248,0
AMBUJACEM,20200728,11:01,209.65,209.65,209.40,209.65,12544,0
AMBUJACEM,20200728,11:02,209.55,209.60,209.50,209.50,2124,0
AMBUJACEM,20200728,11:03,209.50,209.55,209.40,209.40,3252,0
AMBUJACEM,20200728,11:04,209.40,209.50,209.35,209.40,3901,0
AMBUJACEM,20200728,11:05,209.40,209.50,209.40,209.40,2788,0
AMBUJACEM,20200728,11:06,209.40,209.75,209.40,209.65,17560,0
AMBUJACEM,20200728,11:07,209.65,209.80,209.65,209.80,11249,0
AMBUJACEM,20200728,11:08,209.80,210.10,209.75,209.95,19441,0
AMBUJACEM,20200728,11:09,210.00,210.35,210.00,210.20,15544,0
AMBUJACEM,20200728,11:10,210.20,210.35,210.15,210.20,8553,0
AMBUJACEM,20200728,11:11,210.25,210.25,210.10,210.10,5536,0
AMBUJACEM,20200728,11:12,210.10,210.20,209.95,209.95,5610,0
AMBUJACEM,20200728,11:13,210.00,210.05,209.80,209.85,4843,0
AMBUJACEM,20200728,11:14,209.85,210.00,209.75,209.95,7533,0
AMBUJACEM,20200728,11:15,209.85,209.95,209.75,209.85,6737,0
AMBUJACEM,20200728,11:16,209.85,210.00,209.85,209.85,1088,0
AMBUJACEM,20200728,11:17,209.90,210.00,209.85,209.90,2321,0
AMBUJACEM,20200728,11:18,210.00,210.20,209.95,210.00,17609,0
AMBUJACEM,20200728,11:19,210.10,210.20,210.00,210.10,4584,0
AMBUJACEM,20200728,11:20,210.10,210.20,210.10,210.15,5284,0
AMBUJACEM,20200728,11:21,210.10,210.25,210.10,210.15,13193,0
AMBUJACEM,20200728,11:22,210.15,210.40,210.15,210.35,20735,0
AMBUJACEM,20200728,11:23,210.45,210.75,210.40,210.50,36918,0
AMBUJACEM,20200728,11:24,210.50,211.05,210.45,210.75,98892,0
AMBUJACEM,20200728,11:25,211.00,211.00,210.60,210.75,18809,0
AMBUJACEM,20200728,11:26,210.70,211.25,210.70,211.00,61133,0
AMBUJACEM,20200728,11:27,211.00,211.00,210.60,210.70,17376,0
AMBUJACEM,20200728,11:28,210.70,210.75,210.55,210.60,6417,0
AMBUJACEM,20200728,11:29,210.70,210.80,210.55,210.55,7883,0
AMBUJACEM,20200728,11:30,210.60,210.65,210.30,210.40,13263,0
AMBUJACEM,20200728,11:31,210.35,210.40,210.20,210.30,15701,0
AMBUJACEM,20200728,11:32,210.25,210.30,210.20,210.20,4477,0
AMBUJACEM,20200728,11:33,210.30,210.35,210.15,210.35,6123,0
AMBUJACEM,20200728,11:34,210.30,210.45,210.25,210.45,5705,0
AMBUJACEM,20200728,11:35,210.40,210.60,210.40,210.60,3046,0
AMBUJACEM,20200728,11:36,210.60,210.60,210.50,210.60,1979,0
AMBUJACEM,20200728,11:37,210.55,210.85,210.50,210.85,46035,0
AMBUJACEM,20200728,11:38,210.80,211.20,210.80,211.05,33142,0
AMBUJACEM,20200728,11:39,211.05,211.20,210.90,210.90,15625,0
AMBUJACEM,20200728,11:40,210.95,210.95,210.60,210.65,10891,0
AMBUJACEM,20200728,11:41,210.70,210.70,210.55,210.60,6138,0
AMBUJACEM,20200728,11:42,210.60,210.95,210.60,210.80,10698,0
AMBUJACEM,20200728,11:43,210.90,210.90,210.75,210.85,2749,0
AMBUJACEM,20200728,11:44,210.85,211.10,210.75,211.00,26057,0
AMBUJACEM,20200728,11:45,211.05,211.05,210.90,210.90,4018,0
AMBUJACEM,20200728,11:46,210.95,210.95,210.85,210.95,6570,0
AMBUJACEM,20200728,11:47,210.85,210.85,210.75,210.75,2017,0
AMBUJACEM,20200728,11:48,210.75,210.90,210.75,210.90,6382,0
AMBUJACEM,20200728,11:49,210.80,210.95,210.80,210.90,3049,0
AMBUJACEM,20200728,11:50,210.85,210.90,210.60,210.70,10964,0
AMBUJACEM,20200728,11:51,210.65,210.80,210.65,210.70,4571,0
AMBUJACEM,20200728,11:52,210.70,210.80,210.60,210.75,4119,0
AMBUJACEM,20200728,11:53,210.65,210.75,210.65,210.65,22668,0
AMBUJACEM,20200728,11:54,210.65,210.75,210.55,210.55,4628,0
AMBUJACEM,20200728,11:55,210.70,210.70,210.55,210.55,2252,0
AMBUJACEM,20200728,11:56,210.65,210.70,210.55,210.70,2098,0
AMBUJACEM,20200728,11:57,210.70,210.70,210.60,210.65,2261,0
AMBUJACEM,20200728,11:58,210.60,210.60,210.55,210.55,1950,0
AMBUJACEM,20200728,11:59,210.55,210.60,210.50,210.55,1926,0
AMBUJACEM,20200728,12:00,210.50,210.55,210.15,210.30,22463,0
AMBUJACEM,20200728,12:01,210.30,210.30,210.20,210.25,7474,0
AMBUJACEM,20200728,12:02,210.30,210.45,210.30,210.30,4973,0
AMBUJACEM,20200728,12:03,210.30,210.45,210.30,210.40,2454,0
AMBUJACEM,20200728,12:04,210.40,210.55,210.40,210.45,4532,0
AMBUJACEM,20200728,12:05,210.50,210.50,210.45,210.50,4063,0
AMBUJACEM,20200728,12:06,210.55,210.65,210.45,210.45,6937,0
AMBUJACEM,20200728,12:07,210.40,210.50,210.40,210.45,3236,0
AMBUJACEM,20200728,12:08,210.40,210.65,210.40,210.50,1739,0
AMBUJACEM,20200728,12:09,210.60,210.80,210.50,210.80,12761,0
AMBUJACEM,20200728,12:10,210.85,210.85,210.75,210.75,2317,0
AMBUJACEM,20200728,12:11,210.85,211.00,210.80,211.00,24627,0
AMBUJACEM,20200728,12:12,211.00,211.00,210.90,210.90,2406,0
AMBUJACEM,20200728,12:13,211.00,211.00,210.70,210.80,5073,0
AMBUJACEM,20200728,12:14,210.70,210.80,210.70,210.70,3061,0
AMBUJACEM,20200728,12:15,210.80,211.10,210.80,211.00,14948,0
AMBUJACEM,20200728,12:16,211.00,211.10,210.95,211.10,7855,0
AMBUJACEM,20200728,12:17,211.00,211.05,210.80,210.95,9864,0
AMBUJACEM,20200728,12:18,210.90,210.95,210.85,210.85,1489,0
AMBUJACEM,20200728,12:19,210.85,211.00,210.85,211.00,11231,0
AMBUJACEM,20200728,12:20,211.00,211.05,210.90,211.00,6242,0
AMBUJACEM,20200728,12:21,211.00,211.10,210.95,211.00,5511,0
AMBUJACEM,20200728,12:22,211.10,211.30,211.00,211.20,28490,0
AMBUJACEM,20200728,12:23,211.15,211.20,211.05,211.10,4655,0
AMBUJACEM,20200728,12:24,211.10,211.20,211.00,211.00,5800,0
AMBUJACEM,20200728,12:25,211.15,211.15,211.00,211.15,9573,0
AMBUJACEM,20200728,12:26,211.15,211.15,211.05,211.05,2449,0
AMBUJACEM,20200728,12:27,211.10,211.10,210.90,210.90,3166,0
AMBUJACEM,20200728,12:28,210.90,211.00,210.85,211.00,5559,0
AMBUJACEM,20200728,12:29,211.00,211.40,210.95,211.15,45475,0
AMBUJACEM,20200728,12:30,211.15,211.50,211.10,211.50,30672,0
AMBUJACEM,20200728,12:31,211.35,211.50,211.35,211.35,19441,0
AMBUJACEM,20200728,12:32,211.50,211.65,211.35,211.50,21269,0
AMBUJACEM,20200728,12:33,211.55,211.55,211.35,211.45,13097,0
AMBUJACEM,20200728,12:34,211.50,211.60,211.40,211.60,11486,0
AMBUJACEM,20200728,12:35,211.45,211.60,211.35,211.45,9794,0
AMBUJACEM,20200728,12:36,211.40,211.55,211.40,211.55,8454,0
AMBUJACEM,20200728,12:37,211.60,211.90,211.45,211.80,42606,0
AMBUJACEM,20200728,12:38,211.75,212.20,211.70,211.90,71174,0
AMBUJACEM,20200728,12:39,212.00,212.10,211.90,212.05,23460,0
AMBUJACEM,20200728,12:40,212.00,212.10,211.85,211.95,27975,0
AMBUJACEM,20200728,12:41,211.85,211.95,211.75,211.75,12533,0
AMBUJACEM,20200728,12:42,211.75,211.80,211.55,211.75,13384,0
AMBUJACEM,20200728,12:43,211.75,211.85,211.70,211.80,5663,0
AMBUJACEM,20200728,12:44,211.80,211.85,211.75,211.75,5227,0
AMBUJACEM,20200728,12:45,211.80,211.85,211.75,211.85,4820,0
AMBUJACEM,20200728,12:46,211.80,212.15,211.75,212.05,24167,0
AMBUJACEM,20200728,12:47,212.05,212.30,212.00,212.15,37390,0
AMBUJACEM,20200728,12:48,212.05,212.30,212.00,212.15,28629,0
AMBUJACEM,20200728,12:49,212.15,212.30,211.85,211.85,24157,0
AMBUJACEM,20200728,12:50,212.05,212.10,211.80,211.90,11400,0
AMBUJACEM,20200728,12:51,212.00,212.00,211.80,211.90,6946,0
AMBUJACEM,20200728,12:52,211.90,211.95,211.80,211.90,3188,0
AMBUJACEM,20200728,12:53,211.90,212.00,211.80,212.00,3273,0
AMBUJACEM,20200728,12:54,212.00,212.00,211.85,211.85,2306,0
AMBUJACEM,20200728,12:55,211.90,211.95,211.75,211.80,17845,0
AMBUJACEM,20200728,12:56,211.85,211.95,211.80,211.80,3498,0
AMBUJACEM,20200728,12:57,211.75,211.85,211.70,211.70,18876,0
AMBUJACEM,20200728,12:58,211.75,211.80,211.70,211.70,5029,0
AMBUJACEM,20200728,12:59,211.70,212.00,211.70,211.90,8882,0
AMBUJACEM,20200728,13:00,211.90,211.95,211.80,211.80,2266,0
AMBUJACEM,20200728,13:01,211.90,211.90,211.80,211.80,5885,0
AMBUJACEM,20200728,13:02,211.90,211.90,211.75,211.85,7470,0
AMBUJACEM,20200728,13:03,211.75,211.90,211.75,211.75,2566,0
AMBUJACEM,20200728,13:04,211.75,211.80,211.55,211.55,12832,0
AMBUJACEM,20200728,13:05,211.55,211.70,211.55,211.65,3042,0
AMBUJACEM,20200728,13:06,211.65,211.75,211.60,211.75,5876,0
AMBUJACEM,20200728,13:07,211.75,211.75,211.65,211.65,2220,0
AMBUJACEM,20200728,13:08,211.65,211.75,211.60,211.60,13976,0
AMBUJACEM,20200728,13:09,211.60,211.70,211.60,211.60,11108,0
AMBUJACEM,20200728,13:10,211.60,211.85,211.60,211.70,13242,0
AMBUJACEM,20200728,13:11,211.60,211.60,211.50,211.50,3744,0
AMBUJACEM,20200728,13:12,211.55,211.75,211.50,211.70,9581,0
AMBUJACEM,20200728,13:13,211.70,211.80,211.60,211.70,5133,0
AMBUJACEM,20200728,13:14,211.70,211.70,211.65,211.65,1432,0
AMBUJACEM,20200728,13:15,211.70,211.75,211.65,211.70,3854,0
AMBUJACEM,20200728,13:16,211.70,211.85,211.65,211.75,3469,0
AMBUJACEM,20200728,13:17,211.75,211.85,211.70,211.70,2440,0
AMBUJACEM,20200728,13:18,211.85,211.85,211.70,211.85,2295,0
AMBUJACEM,20200728,13:19,211.85,211.85,211.70,211.70,1333,0
AMBUJACEM,20200728,13:20,211.70,211.85,211.70,211.80,2119,0
AMBUJACEM,20200728,13:21,211.80,211.85,211.80,211.80,793,0
AMBUJACEM,20200728,13:22,211.80,211.85,211.70,211.70,5276,0
AMBUJACEM,20200728,13:23,211.70,211.75,211.70,211.75,938,0
AMBUJACEM,20200728,13:24,211.70,211.75,211.70,211.70,1126,0
AMBUJACEM,20200728,13:25,211.75,211.80,211.70,211.75,8200,0
AMBUJACEM,20200728,13:26,211.70,211.75,211.60,211.60,3627,0
AMBUJACEM,20200728,13:27,211.65,211.70,211.60,211.60,3246,0
AMBUJACEM,20200728,13:28,211.70,211.85,211.65,211.80,15657,0
AMBUJACEM,20200728,13:29,211.85,211.85,211.65,211.70,8385,0
AMBUJACEM,20200728,13:30,211.80,211.85,211.70,211.70,3170,0
AMBUJACEM,20200728,13:31,211.70,211.85,211.70,211.75,1027,0
AMBUJACEM,20200728,13:32,211.85,211.85,211.75,211.85,2970,0
AMBUJACEM,20200728,13:33,211.80,211.80,211.65,211.65,1301,0
AMBUJACEM,20200728,13:34,211.65,211.75,211.60,211.65,5676,0
AMBUJACEM,20200728,13:35,211.65,211.70,211.60,211.65,2198,0
AMBUJACEM,20200728,13:36,211.70,211.75,211.65,211.70,3699,0
AMBUJACEM,20200728,13:37,211.75,211.75,211.70,211.70,3216,0
AMBUJACEM,20200728,13:38,211.75,211.80,211.70,211.75,10885,0
AMBUJACEM,20200728,13:39,211.75,211.80,211.75,211.75,908,0
AMBUJACEM,20200728,13:40,211.75,211.80,211.75,211.80,3142,0
AMBUJACEM,20200728,13:41,211.75,211.80,211.70,211.75,1133,0
AMBUJACEM,20200728,13:42,211.75,211.80,211.70,211.70,2729,0
AMBUJACEM,20200728,13:43,211.70,211.70,211.50,211.60,7205,0
AMBUJACEM,20200728,13:44,211.60,211.65,211.50,211.55,3308,0
AMBUJACEM,20200728,13:45,211.55,211.55,211.55,211.55,522,0
AMBUJACEM,20200728,13:46,211.55,211.60,211.25,211.25,18516,0
AMBUJACEM,20200728,13:47,211.25,211.45,211.20,211.20,9077,0
AMBUJACEM,20200728,13:48,211.20,211.20,210.85,210.95,26542,0
AMBUJACEM,20200728,13:49,210.95,211.60,210.95,211.60,32643,0
AMBUJACEM,20200728,13:50,211.50,211.60,211.25,211.35,5036,0
AMBUJACEM,20200728,13:51,211.35,211.60,211.35,211.60,6411,0
AMBUJACEM,20200728,13:52,211.60,211.70,211.60,211.65,3495,0
AMBUJACEM,20200728,13:53,211.60,211.60,211.50,211.50,7959,0
AMBUJACEM,20200728,13:54,211.45,211.55,211.35,211.45,3816,0
AMBUJACEM,20200728,13:55,211.30,211.45,211.25,211.45,4374,0
AMBUJACEM,20200728,13:56,211.45,211.60,211.35,211.60,19160,0
AMBUJACEM,20200728,13:57,211.60,212.20,211.55,211.95,56063,0
AMBUJACEM,20200728,13:58,212.10,212.10,211.85,212.05,14530,0
AMBUJACEM,20200728,13:59,212.05,212.20,211.90,212.20,12321,0
AMBUJACEM,20200728,14:00,212.25,212.75,212.20,212.55,50940,0
AMBUJACEM,20200728,14:01,212.50,212.60,212.45,212.60,16600,0
AMBUJACEM,20200728,14:02,212.60,212.65,212.55,212.55,8075,0
AMBUJACEM,20200728,14:03,212.60,212.80,212.30,212.75,33626,0
AMBUJACEM,20200728,14:04,212.85,212.95,212.60,212.80,36051,0
AMBUJACEM,20200728,14:05,212.80,212.80,212.45,212.50,10133,0
AMBUJACEM,20200728,14:06,212.45,212.55,212.15,212.20,15898,0
AMBUJACEM,20200728,14:07,212.20,212.20,211.90,211.90,16911,0
AMBUJACEM,20200728,14:08,211.90,212.00,211.90,211.95,9477,0
AMBUJACEM,20200728,14:09,211.95,212.00,211.80,211.85,5391,0
AMBUJACEM,20200728,14:10,211.85,212.00,211.80,211.80,4727,0
AMBUJACEM,20200728,14:11,211.80,212.00,211.80,212.00,3441,0
AMBUJACEM,20200728,14:12,212.00,212.35,211.90,212.35,8475,0
AMBUJACEM,20200728,14:13,212.35,212.40,212.25,212.25,4999,0
AMBUJACEM,20200728,14:14,212.25,212.35,212.20,212.35,5486,0
AMBUJACEM,20200728,14:15,212.20,212.45,212.20,212.35,9397,0
AMBUJACEM,20200728,14:16,212.30,212.65,212.30,212.55,9192,0
AMBUJACEM,20200728,14:17,212.60,213.00,212.55,213.00,61505,0
AMBUJACEM,20200728,14:18,212.95,212.95,212.20,212.30,32039,0
AMBUJACEM,20200728,14:19,212.45,212.45,212.10,212.25,7214,0
AMBUJACEM,20200728,14:20,212.20,212.30,212.05,212.20,18013,0
AMBUJACEM,20200728,14:21,212.40,212.75,212.30,212.65,7134,0
AMBUJACEM,20200728,14:22,212.70,212.80,212.50,212.50,2554,0
AMBUJACEM,20200728,14:23,212.55,212.85,212.55,212.85,14061,0
AMBUJACEM,20200728,14:24,212.85,212.90,212.65,212.80,14074,0
AMBUJACEM,20200728,14:25,212.85,213.20,212.75,213.10,31842,0
AMBUJACEM,20200728,14:26,213.15,213.15,212.70,212.90,11755,0
AMBUJACEM,20200728,14:27,212.90,213.20,212.90,213.15,11997,0
AMBUJACEM,20200728,14:28,213.15,213.15,212.80,212.95,15534,0
AMBUJACEM,20200728,14:29,213.00,213.10,212.90,213.00,19036,0
AMBUJACEM,20200728,14:30,212.95,213.10,212.95,212.95,3448,0
AMBUJACEM,20200728,14:31,212.95,213.15,212.95,212.95,21490,0
AMBUJACEM,20200728,14:32,213.10,213.15,212.85,212.85,18741,0
AMBUJACEM,20200728,14:33,213.15,213.25,213.00,213.15,22528,0
AMBUJACEM,20200728,14:34,213.00,213.35,213.00,213.30,30944,0
AMBUJACEM,20200728,14:35,213.35,213.70,213.35,213.65,40993,0
AMBUJACEM,20200728,14:36,213.65,213.75,213.55,213.70,24650,0
AMBUJACEM,20200728,14:37,213.70,214.20,213.65,214.05,61155,0
AMBUJACEM,20200728,14:38,214.00,214.30,214.00,214.20,37381,0
AMBUJACEM,20200728,14:39,214.35,214.40,214.10,214.40,32959,0
AMBUJACEM,20200728,14:40,214.30,214.45,214.00,214.15,47171,0
AMBUJACEM,20200728,14:41,214.05,214.20,213.95,214.00,32291,0
AMBUJACEM,20200728,14:42,214.00,214.30,213.90,214.25,52015,0
AMBUJACEM,20200728,14:43,214.25,214.45,214.20,214.45,22122,0
AMBUJACEM,20200728,14:44,214.45,216.40,214.35,215.65,283166,0
AMBUJACEM,20200728,14:45,215.55,215.65,215.15,215.30,43870,0
AMBUJACEM,20200728,14:46,215.30,215.65,215.20,215.50,51019,0
AMBUJACEM,20200728,14:47,215.70,217.95,215.70,216.60,302589,0
AMBUJACEM,20200728,14:48,216.60,216.80,215.85,215.90,157205,0
AMBUJACEM,20200728,14:49,215.90,216.35,215.45,215.50,98260,0
AMBUJACEM,20200728,14:50,215.45,215.75,215.30,215.50,42328,0
AMBUJACEM,20200728,14:51,215.55,215.60,215.30,215.60,28182,0
AMBUJACEM,20200728,14:52,215.70,216.00,215.60,215.90,32097,0
AMBUJACEM,20200728,14:53,216.00,216.20,215.90,216.10,58979,0
AMBUJACEM,20200728,14:54,216.10,216.20,215.80,216.20,44789,0
AMBUJACEM,20200728,14:55,216.10,216.25,216.05,216.15,31722,0
AMBUJACEM,20200728,14:56,216.00,216.40,215.75,216.20,68908,0
AMBUJACEM,20200728,14:57,216.25,216.70,216.15,216.20,54650,0
AMBUJACEM,20200728,14:58,216.00,216.20,215.95,216.10,34376,0
AMBUJACEM,20200728,14:59,216.10,216.20,215.80,216.20,35672,0
AMBUJACEM,20200728,15:00,216.20,216.50,216.05,216.50,33102,0
AMBUJACEM,20200728,15:01,216.50,216.60,216.10,216.10,32535,0
AMBUJACEM,20200728,15:02,216.25,216.30,216.00,216.00,30694,0
AMBUJACEM,20200728,15:03,215.90,216.10,215.80,216.00,128398,0
AMBUJACEM,20200728,15:04,216.05,216.20,215.85,216.10,58302,0
AMBUJACEM,20200728,15:05,216.00,216.15,215.90,216.15,34274,0
AMBUJACEM,20200728,15:06,216.15,216.20,216.00,216.10,32736,0
AMBUJACEM,20200728,15:07,216.10,216.15,215.90,215.90,27102,0
AMBUJACEM,20200728,15:08,216.05,216.10,215.90,216.05,38007,0
AMBUJACEM,20200728,15:09,216.05,216.15,215.90,216.05,26681,0
AMBUJACEM,20200728,15:10,216.10,216.10,215.90,216.05,50719,0
AMBUJACEM,20200728,15:11,216.10,216.60,215.90,216.55,127169,0
AMBUJACEM,20200728,15:12,216.65,217.10,216.45,217.10,196240,0
AMBUJACEM,20200728,15:13,216.80,217.05,216.70,216.75,50666,0
AMBUJACEM,20200728,15:14,216.80,216.80,216.55,216.70,23284,0
AMBUJACEM,20200728,15:15,216.80,216.90,216.60,216.75,41723,0
AMBUJACEM,20200728,15:16,216.80,218.85,216.70,217.00,256352,0
AMBUJACEM,20200728,15:17,217.00,217.15,216.80,217.05,104656,0
AMBUJACEM,20200728,15:18,216.95,216.95,216.70,216.70,55845,0
AMBUJACEM,20200728,15:19,216.80,216.90,216.60,216.75,50347,0
AMBUJACEM,20200728,15:20,216.75,216.95,216.70,216.90,38793,0
AMBUJACEM,20200728,15:21,216.80,216.90,216.80,216.80,45051,0
AMBUJACEM,20200728,15:22,216.85,217.30,216.70,216.90,165085,0
AMBUJACEM,20200728,15:23,217.00,217.05,216.85,216.90,42815,0
AMBUJACEM,20200728,15:24,217.00,217.00,216.75,216.75,33273,0
AMBUJACEM,20200728,15:25,216.85,216.85,216.65,216.75,24157,0
AMBUJACEM,20200728,15:26,216.80,217.00,216.80,217.00,33522,0
AMBUJACEM,20200728,15:27,217.00,217.10,217.00,217.05,14945,0
AMBUJACEM,20200728,15:28,217.10,217.10,216.90,216.90,37631,0
AMBUJACEM,20200728,15:29,216.90,216.95,216.25,216.35,38383,0
AMBUJACEM,20200728,15:30,216.30,216.50,216.20,216.40,10952,0
AMBUJACEM,20200728,15:33,216.70,216.70,216.70,216.70,0,0
AMBUJACEM,20200728,15:41,216.70,216.70,216.70,216.70,1,0
AMBUJACEM,20200728,16:37,216.70,216.70,216.70,216.70,0,0
