RCOM_F1,20180221,09:16,28.2,28.2,28.15,28.2,84000
RCOM_F1,20180221,09:17,28.25,28.25,28.15,28.15,616000
RCOM_F1,20180221,09:18,28.2,28.2,28.15,28.2,392000
RCOM_F1,20180221,09:19,28.15,28.15,28.1,28.15,364000
RCOM_F1,20180221,09:20,28.15,28.15,28.1,28.1,280000
RCOM_F1,20180221,09:21,28.1,28.1,28,28,504000
RCOM_F1,20180221,09:22,28,28,27.95,27.95,504000
RCOM_F1,20180221,09:23,27.9,28,27.9,28,448000
RCOM_F1,20180221,09:24,28.05,28.05,27.95,27.95,1008000
RCOM_F1,20180221,09:25,27.95,28.05,27.95,28,392000
RCOM_F1,20180221,09:26,28,28,27.85,27.9,1008000
RCOM_F1,20180221,09:27,27.95,27.95,27.85,27.85,784000
RCOM_F1,20180221,09:28,27.85,27.85,27.85,27.85,56000
RCOM_F1,20180221,09:29,27.85,27.85,27.85,27.85,140000
RCOM_F1,20180221,09:30,27.9,27.9,27.9,27.9,196000
RCOM_F1,20180221,09:31,27.9,27.9,27.85,27.85,112000
RCOM_F1,20180221,09:32,27.9,27.9,27.85,27.85,140000
RCOM_F1,20180221,09:33,27.85,27.9,27.85,27.85,168000
RCOM_F1,20180221,09:34,27.85,27.85,27.8,27.85,308000
RCOM_F1,20180221,09:35,27.8,27.8,27.75,27.75,336000
RCOM_F1,20180221,09:36,27.75,27.85,27.75,27.85,224000
RCOM_F1,20180221,09:37,27.8,27.85,27.8,27.85,84000
RCOM_F1,20180221,09:38,27.8,27.8,27.8,27.8,56000
RCOM_F1,20180221,09:39,27.85,27.85,27.85,27.85,196000
RCOM_F1,20180221,09:40,27.9,27.9,27.9,27.9,252000
RCOM_F1,20180221,09:41,27.9,27.9,27.9,27.9,84000
RCOM_F1,20180221,09:42,27.85,27.85,27.85,27.85,112000
RCOM_F1,20180221,09:43,27.85,27.85,27.8,27.8,140000
RCOM_F1,20180221,09:44,27.75,27.85,27.75,27.85,224000
RCOM_F1,20180221,09:45,27.8,27.8,27.8,27.8,168000
RCOM_F1,20180221,09:46,27.75,27.75,27.7,27.75,280000
RCOM_F1,20180221,09:47,27.75,27.75,27.75,27.75,56000
RCOM_F1,20180221,09:48,27.7,27.75,27.7,27.7,308000
RCOM_F1,20180221,09:49,27.7,27.75,27.7,27.75,196000
RCOM_F1,20180221,09:50,27.7,27.7,27.7,27.7,168000
RCOM_F1,20180221,09:51,27.7,27.75,27.7,27.75,140000
RCOM_F1,20180221,09:53,27.8,27.85,27.8,27.85,252000
RCOM_F1,20180221,09:54,27.85,27.9,27.85,27.9,336000
RCOM_F1,20180221,09:55,27.9,27.9,27.85,27.85,112000
RCOM_F1,20180221,09:56,27.85,27.85,27.85,27.85,196000
RCOM_F1,20180221,09:57,27.9,27.9,27.85,27.85,56000
RCOM_F1,20180221,09:58,27.85,27.85,27.85,27.85,112000
RCOM_F1,20180221,09:59,27.8,27.85,27.8,27.85,420000
RCOM_F1,20180221,10:00,27.85,27.85,27.85,27.85,28000
RCOM_F1,20180221,10:01,27.85,27.85,27.85,27.85,84000
RCOM_F1,20180221,10:02,27.85,27.85,27.85,27.85,28000
RCOM_F1,20180221,10:03,27.85,27.85,27.85,27.85,28000
RCOM_F1,20180221,10:04,27.85,27.9,27.85,27.9,56000
RCOM_F1,20180221,10:05,27.85,27.85,27.85,27.85,28000
RCOM_F1,20180221,10:07,27.85,27.85,27.85,27.85,28000
RCOM_F1,20180221,10:08,27.85,27.85,27.85,27.85,28000
RCOM_F1,20180221,10:09,27.8,27.8,27.75,27.75,168000
RCOM_F1,20180221,10:10,27.75,27.75,27.75,27.75,84000
RCOM_F1,20180221,10:12,27.75,27.75,27.65,27.7,840000
RCOM_F1,20180221,10:13,27.7,27.75,27.7,27.75,140000
RCOM_F1,20180221,10:14,27.75,27.75,27.75,27.75,84000
RCOM_F1,20180221,10:15,27.7,27.7,27.7,27.7,196000
RCOM_F1,20180221,10:17,27.7,27.75,27.7,27.75,84000
RCOM_F1,20180221,10:18,27.75,27.75,27.75,27.75,28000
RCOM_F1,20180221,10:19,27.75,27.75,27.7,27.7,56000
RCOM_F1,20180221,10:20,27.75,27.75,27.75,27.75,56000
RCOM_F1,20180221,10:21,27.7,27.7,27.7,27.7,28000
RCOM_F1,20180221,10:22,27.7,27.7,27.7,27.7,196000
RCOM_F1,20180221,10:23,27.7,27.7,27.7,27.7,84000
RCOM_F1,20180221,10:25,27.65,27.65,27.65,27.65,224000
RCOM_F1,20180221,10:26,27.6,27.6,27.6,27.6,308000
RCOM_F1,20180221,10:27,27.65,27.65,27.65,27.65,28000
RCOM_F1,20180221,10:28,27.65,27.65,27.65,27.65,84000
RCOM_F1,20180221,10:29,27.65,27.65,27.65,27.65,84000
RCOM_F1,20180221,10:30,27.6,27.6,27.6,27.6,56000
RCOM_F1,20180221,10:31,27.65,27.65,27.65,27.65,196000
RCOM_F1,20180221,10:32,27.7,27.7,27.7,27.7,308000
RCOM_F1,20180221,10:35,27.7,27.7,27.7,27.7,168000
RCOM_F1,20180221,10:37,27.7,27.7,27.7,27.7,224000
RCOM_F1,20180221,10:38,27.7,27.75,27.7,27.75,112000
RCOM_F1,20180221,10:39,27.7,27.7,27.65,27.7,112000
RCOM_F1,20180221,10:40,27.65,27.7,27.65,27.7,392000
RCOM_F1,20180221,10:41,27.7,27.7,27.7,27.7,56000
RCOM_F1,20180221,10:42,27.65,27.65,27.65,27.65,56000
RCOM_F1,20180221,10:43,27.7,27.7,27.7,27.7,224000
RCOM_F1,20180221,10:46,27.7,27.7,27.7,27.7,364000
RCOM_F1,20180221,10:49,27.7,27.7,27.7,27.7,84000
RCOM_F1,20180221,10:50,27.7,27.7,27.7,27.7,56000
RCOM_F1,20180221,10:51,27.7,27.7,27.7,27.7,56000
RCOM_F1,20180221,10:52,27.75,27.8,27.75,27.8,868000
RCOM_F1,20180221,10:53,27.8,27.8,27.8,27.8,56000
RCOM_F1,20180221,10:54,27.8,27.8,27.8,27.8,56000
RCOM_F1,20180221,10:55,27.8,27.8,27.8,27.8,56000
RCOM_F1,20180221,10:56,27.85,27.85,27.85,27.85,84000
RCOM_F1,20180221,10:57,27.85,27.85,27.85,27.85,84000
RCOM_F1,20180221,10:58,27.8,27.85,27.8,27.85,56000
RCOM_F1,20180221,11:00,27.8,27.8,27.8,27.8,224000
RCOM_F1,20180221,11:02,27.8,27.8,27.8,27.8,28000
RCOM_F1,20180221,11:03,27.8,27.8,27.7,27.7,336000
RCOM_F1,20180221,11:04,27.75,27.75,27.75,27.75,28000
RCOM_F1,20180221,11:05,27.75,27.75,27.75,27.75,56000
RCOM_F1,20180221,11:06,27.75,27.75,27.75,27.75,28000
RCOM_F1,20180221,11:08,27.75,27.75,27.75,27.75,56000
RCOM_F1,20180221,11:09,27.75,27.75,27.75,27.75,280000
RCOM_F1,20180221,11:10,27.75,27.8,27.75,27.8,308000
RCOM_F1,20180221,11:11,27.8,27.8,27.75,27.75,140000
RCOM_F1,20180221,11:12,27.75,27.75,27.75,27.75,28000
RCOM_F1,20180221,11:13,27.8,27.8,27.8,27.8,140000
RCOM_F1,20180221,11:14,27.8,27.8,27.8,27.8,252000
RCOM_F1,20180221,11:15,27.8,27.8,27.75,27.75,224000
RCOM_F1,20180221,11:16,27.75,27.8,27.75,27.8,196000
RCOM_F1,20180221,11:17,27.8,27.8,27.8,27.8,84000
RCOM_F1,20180221,11:18,27.75,27.75,27.75,27.75,84000
RCOM_F1,20180221,11:21,27.8,27.8,27.75,27.75,56000
RCOM_F1,20180221,11:22,27.75,27.75,27.75,27.75,28000
RCOM_F1,20180221,11:23,27.75,27.75,27.75,27.75,28000
RCOM_F1,20180221,11:24,27.75,27.75,27.75,27.75,28000
RCOM_F1,20180221,11:25,27.75,27.75,27.7,27.7,112000
RCOM_F1,20180221,11:26,27.7,27.7,27.7,27.7,28000
RCOM_F1,20180221,11:27,27.7,27.7,27.7,27.7,84000
RCOM_F1,20180221,11:28,27.7,27.7,27.7,27.7,28000
RCOM_F1,20180221,11:29,27.7,27.7,27.7,27.7,28000
RCOM_F1,20180221,11:30,27.7,27.75,27.7,27.75,196000
RCOM_F1,20180221,11:31,27.75,27.75,27.75,27.75,56000
RCOM_F1,20180221,11:32,27.75,27.75,27.75,27.75,28000
RCOM_F1,20180221,11:33,27.75,27.75,27.75,27.75,84000
RCOM_F1,20180221,11:34,27.7,27.75,27.7,27.75,168000
RCOM_F1,20180221,11:36,27.75,27.75,27.75,27.75,28000
RCOM_F1,20180221,11:37,27.75,27.75,27.7,27.7,420000
RCOM_F1,20180221,11:38,27.7,27.7,27.7,27.7,140000
RCOM_F1,20180221,11:44,27.7,27.7,27.7,27.7,84000
RCOM_F1,20180221,11:45,27.75,27.75,27.75,27.75,140000
RCOM_F1,20180221,11:46,27.75,27.75,27.75,27.75,140000
RCOM_F1,20180221,11:48,27.75,27.75,27.75,27.75,84000
RCOM_F1,20180221,11:49,27.75,27.75,27.75,27.75,112000
RCOM_F1,20180221,11:52,27.8,27.8,27.8,27.8,28000
RCOM_F1,20180221,11:54,27.8,27.8,27.8,27.8,168000
RCOM_F1,20180221,11:55,27.8,27.8,27.8,27.8,84000
RCOM_F1,20180221,11:56,27.8,27.85,27.8,27.85,112000
RCOM_F1,20180221,11:57,27.8,27.8,27.8,27.8,168000
RCOM_F1,20180221,11:58,27.8,27.8,27.8,27.8,28000
RCOM_F1,20180221,11:59,27.8,27.8,27.8,27.8,84000
RCOM_F1,20180221,12:00,27.8,27.8,27.8,27.8,28000
RCOM_F1,20180221,12:02,27.8,27.8,27.75,27.75,252000
RCOM_F1,20180221,12:03,27.8,27.8,27.75,27.75,140000
RCOM_F1,20180221,12:05,27.75,27.75,27.75,27.75,196000
RCOM_F1,20180221,12:06,27.75,27.75,27.75,27.75,28000
RCOM_F1,20180221,12:08,27.75,27.75,27.75,27.75,28000
RCOM_F1,20180221,12:09,27.75,27.75,27.75,27.75,28000
RCOM_F1,20180221,12:10,27.8,27.8,27.8,27.8,56000
RCOM_F1,20180221,12:12,27.75,27.8,27.75,27.8,56000
RCOM_F1,20180221,12:13,27.75,27.75,27.7,27.75,476000
RCOM_F1,20180221,12:15,27.7,27.7,27.7,27.7,56000
RCOM_F1,20180221,12:16,27.7,27.7,27.7,27.7,140000
RCOM_F1,20180221,12:17,27.65,27.65,27.55,27.6,588000
RCOM_F1,20180221,12:18,27.6,27.65,27.6,27.6,140000
RCOM_F1,20180221,12:19,27.6,27.65,27.6,27.65,84000
RCOM_F1,20180221,12:20,27.6,27.6,27.6,27.6,168000
RCOM_F1,20180221,12:21,27.6,27.6,27.6,27.6,28000
RCOM_F1,20180221,12:22,27.6,27.6,27.6,27.6,84000
RCOM_F1,20180221,12:23,27.6,27.6,27.6,27.6,56000
RCOM_F1,20180221,12:24,27.65,27.65,27.65,27.65,28000
RCOM_F1,20180221,12:25,27.6,27.6,27.6,27.6,56000
RCOM_F1,20180221,12:26,27.6,27.6,27.5,27.55,980000
RCOM_F1,20180221,12:27,27.5,27.55,27.5,27.55,168000
RCOM_F1,20180221,12:28,27.55,27.55,27.5,27.5,112000
RCOM_F1,20180221,12:29,27.5,27.55,27.5,27.55,56000
RCOM_F1,20180221,12:30,27.55,27.55,27.45,27.5,616000
RCOM_F1,20180221,12:31,27.55,27.6,27.55,27.6,756000
RCOM_F1,20180221,12:32,27.6,27.65,27.6,27.6,168000
RCOM_F1,20180221,12:33,27.65,27.65,27.65,27.65,224000
RCOM_F1,20180221,12:35,27.65,27.65,27.65,27.65,112000
RCOM_F1,20180221,12:36,27.6,27.6,27.6,27.6,196000
RCOM_F1,20180221,12:37,27.6,27.6,27.6,27.6,1036000
RCOM_F1,20180221,12:38,27.6,27.6,27.6,27.6,168000
RCOM_F1,20180221,12:39,27.6,27.6,27.6,27.6,28000
RCOM_F1,20180221,12:40,27.65,27.65,27.6,27.6,196000
RCOM_F1,20180221,12:41,27.6,27.6,27.6,27.6,28000
RCOM_F1,20180221,12:43,27.65,27.75,27.65,27.75,952000
RCOM_F1,20180221,12:44,27.7,27.75,27.7,27.75,476000
RCOM_F1,20180221,12:45,27.7,27.75,27.7,27.75,224000
RCOM_F1,20180221,12:46,27.75,27.85,27.75,27.8,644000
RCOM_F1,20180221,12:47,27.75,27.95,27.75,27.95,1092000
RCOM_F1,20180221,12:48,27.85,27.95,27.85,27.9,644000
RCOM_F1,20180221,12:49,27.95,28.05,27.95,27.95,868000
RCOM_F1,20180221,12:50,27.95,27.95,27.9,27.9,420000
RCOM_F1,20180221,12:51,27.9,27.9,27.9,27.9,224000
RCOM_F1,20180221,12:52,27.9,27.95,27.9,27.95,308000
RCOM_F1,20180221,12:53,27.95,28.05,27.95,28.05,448000
RCOM_F1,20180221,12:54,28,28,28,28,84000
RCOM_F1,20180221,12:55,28,28,27.95,28,252000
RCOM_F1,20180221,12:56,28,28,28,28,224000
RCOM_F1,20180221,12:57,28.05,28.05,28.05,28.05,504000
RCOM_F1,20180221,12:58,28,28.05,28,28,1148000
RCOM_F1,20180221,12:59,28.05,28.05,27.9,27.9,1428000
RCOM_F1,20180221,13:00,27.9,27.9,27.9,27.9,728000
RCOM_F1,20180221,13:01,27.9,27.95,27.9,27.95,308000
RCOM_F1,20180221,13:02,27.95,27.95,27.95,27.95,112000
RCOM_F1,20180221,13:03,27.95,27.95,27.9,27.9,224000
RCOM_F1,20180221,13:04,27.85,27.9,27.85,27.9,336000
RCOM_F1,20180221,13:05,27.9,27.9,27.9,27.9,28000
RCOM_F1,20180221,13:06,27.9,27.9,27.9,27.9,56000
RCOM_F1,20180221,13:07,27.9,27.9,27.85,27.85,84000
RCOM_F1,20180221,13:08,27.85,27.9,27.85,27.9,84000
RCOM_F1,20180221,13:09,27.9,27.9,27.9,27.9,84000
RCOM_F1,20180221,13:10,27.9,27.9,27.9,27.9,56000
RCOM_F1,20180221,13:11,27.95,28.05,27.95,28.05,364000
RCOM_F1,20180221,13:12,28,28,27.95,28,476000
RCOM_F1,20180221,13:13,28,28,28,28,112000
RCOM_F1,20180221,13:16,28,28,28,28,84000
RCOM_F1,20180221,13:17,28,28,28,28,28000
RCOM_F1,20180221,13:19,28,28,28,28,28000
RCOM_F1,20180221,13:21,28,28.05,28,28,280000
RCOM_F1,20180221,13:22,28,28,28,28,28000
RCOM_F1,20180221,13:23,27.95,28,27.95,28,3892000
RCOM_F1,20180221,13:24,28,28,27.95,28,252000
RCOM_F1,20180221,13:25,28,28,28,28,84000
RCOM_F1,20180221,13:26,28,28,27.95,27.95,1344000
RCOM_F1,20180221,13:27,27.9,27.9,27.9,27.9,56000
RCOM_F1,20180221,13:28,27.9,27.9,27.9,27.9,56000
RCOM_F1,20180221,13:30,27.95,27.95,27.9,27.9,7952000
RCOM_F1,20180221,13:31,27.9,27.9,27.9,27.9,112000
RCOM_F1,20180221,13:32,27.9,27.9,27.9,27.9,672000
RCOM_F1,20180221,13:34,27.95,28,27.95,27.95,336000
RCOM_F1,20180221,13:35,27.95,27.95,27.95,27.95,224000
RCOM_F1,20180221,13:37,27.95,27.95,27.95,27.95,84000
RCOM_F1,20180221,13:38,27.95,27.95,27.95,27.95,56000
RCOM_F1,20180221,13:40,27.95,27.95,27.95,27.95,364000
RCOM_F1,20180221,13:41,27.95,27.95,27.95,27.95,7616000
RCOM_F1,20180221,13:42,27.95,27.95,27.95,27.95,140000
RCOM_F1,20180221,13:43,27.95,27.95,27.95,27.95,28000
RCOM_F1,20180221,13:44,27.95,27.95,27.95,27.95,168000
RCOM_F1,20180221,13:45,27.95,27.95,27.95,27.95,56000
RCOM_F1,20180221,13:46,27.95,27.95,27.95,27.95,140000
RCOM_F1,20180221,13:47,27.95,27.95,27.95,27.95,56000
RCOM_F1,20180221,13:48,27.95,27.95,27.95,27.95,28000
RCOM_F1,20180221,13:49,27.95,27.95,27.95,27.95,84000
RCOM_F1,20180221,13:51,27.95,27.95,27.95,27.95,56000
RCOM_F1,20180221,13:52,27.95,28,27.95,28,252000
RCOM_F1,20180221,13:53,28.05,28.05,28.05,28.05,280000
RCOM_F1,20180221,13:54,28.05,28.05,28.05,28.05,56000
RCOM_F1,20180221,13:55,28.05,28.2,28.05,28.2,812000
RCOM_F1,20180221,13:56,28.2,28.35,28.2,28.35,2100000
RCOM_F1,20180221,13:57,28.3,28.3,28.25,28.25,532000
RCOM_F1,20180221,13:58,28.25,28.25,28.25,28.25,560000
RCOM_F1,20180221,13:59,28.25,28.25,28.2,28.2,756000
RCOM_F1,20180221,14:00,28.2,28.25,28.2,28.2,308000
RCOM_F1,20180221,14:01,28.15,28.2,28.15,28.2,392000
RCOM_F1,20180221,14:02,28.25,28.25,28.2,28.2,448000
RCOM_F1,20180221,14:03,28.25,28.25,28.2,28.2,196000
RCOM_F1,20180221,14:04,28.2,28.3,28.2,28.3,252000
RCOM_F1,20180221,14:05,28.3,28.3,28.3,28.3,168000
RCOM_F1,20180221,14:06,28.25,28.25,28.25,28.25,140000
RCOM_F1,20180221,14:07,28.2,28.2,28.2,28.2,28000
RCOM_F1,20180221,14:08,28.2,28.2,28.2,28.2,168000
RCOM_F1,20180221,14:09,28.25,28.25,28.25,28.25,364000
RCOM_F1,20180221,14:10,28.2,28.25,28.2,28.25,84000
RCOM_F1,20180221,14:11,28.25,28.25,28.25,28.25,28000
RCOM_F1,20180221,14:12,28.2,28.2,28.2,28.2,420000
RCOM_F1,20180221,14:13,28.2,28.2,28.2,28.2,140000
RCOM_F1,20180221,14:14,28.2,28.2,28.2,28.2,168000
RCOM_F1,20180221,14:15,28.2,28.2,28.2,28.2,56000
RCOM_F1,20180221,14:16,28.2,28.2,28.15,28.15,756000
RCOM_F1,20180221,14:17,28.2,28.2,28.2,28.2,112000
RCOM_F1,20180221,14:18,28.2,28.2,28.2,28.2,56000
RCOM_F1,20180221,14:19,28.15,28.15,28.15,28.15,140000
RCOM_F1,20180221,14:20,28.15,28.15,28.15,28.15,168000
RCOM_F1,20180221,14:21,28.15,28.15,28.15,28.15,112000
RCOM_F1,20180221,14:22,28.05,28.1,28.05,28.05,364000
RCOM_F1,20180221,14:23,28.05,28.05,28.05,28.05,112000
RCOM_F1,20180221,14:24,28.05,28.05,28.05,28.05,84000
RCOM_F1,20180221,14:25,28.1,28.1,28.1,28.1,28000
RCOM_F1,20180221,14:26,28.1,28.1,28.1,28.1,140000
RCOM_F1,20180221,14:27,28.1,28.1,28.1,28.1,28000
RCOM_F1,20180221,14:28,28.1,28.1,28.1,28.1,28000
RCOM_F1,20180221,14:30,28.05,28.05,28,28,196000
RCOM_F1,20180221,14:31,28.05,28.05,28.05,28.05,196000
RCOM_F1,20180221,14:32,28,28,28,28,112000
RCOM_F1,20180221,14:33,28.05,28.05,28.05,28.05,28000
RCOM_F1,20180221,14:34,28.05,28.05,28,28,196000
RCOM_F1,20180221,14:35,28,28.05,28,28.05,84000
RCOM_F1,20180221,14:36,28.05,28.05,28.05,28.05,28000
RCOM_F1,20180221,14:37,28.05,28.05,28.05,28.05,168000
RCOM_F1,20180221,14:38,28.05,28.05,28,28,112000
RCOM_F1,20180221,14:39,28,28.05,28,28,280000
RCOM_F1,20180221,14:41,28,28.05,28,28.05,112000
RCOM_F1,20180221,14:42,28,28,28,28,224000
RCOM_F1,20180221,14:43,27.95,28,27.95,28,532000
RCOM_F1,20180221,14:44,28,28,28,28,28000
RCOM_F1,20180221,14:45,28,28,28,28,84000
RCOM_F1,20180221,14:46,28,28,28,28,112000
RCOM_F1,20180221,14:47,28,28,28,28,168000
RCOM_F1,20180221,14:48,28,28,28,28,28000
RCOM_F1,20180221,14:49,28,28,27.95,28,140000
RCOM_F1,20180221,14:50,28,28,28,28,28000
RCOM_F1,20180221,14:51,28,28,28,28,140000
RCOM_F1,20180221,14:52,28.05,28.05,28,28,308000
RCOM_F1,20180221,14:53,28,28,28,28,84000
RCOM_F1,20180221,14:55,28,28,28,28,224000
RCOM_F1,20180221,14:56,28,28,28,28,56000
RCOM_F1,20180221,14:57,28,28,28,28,56000
RCOM_F1,20180221,14:58,28,28,28,28,168000
RCOM_F1,20180221,14:59,28,28,28,28,84000
RCOM_F1,20180221,15:01,28,28,28,28,84000
RCOM_F1,20180221,15:02,28,28,28,28,84000
RCOM_F1,20180221,15:03,27.95,27.95,27.95,27.95,56000
RCOM_F1,20180221,15:04,28,28,28,28,224000
RCOM_F1,20180221,15:05,28,28.05,28,28.05,224000
RCOM_F1,20180221,15:06,28.05,28.1,28.05,28.1,140000
RCOM_F1,20180221,15:07,28.1,28.1,28,28,196000
RCOM_F1,20180221,15:08,28.05,28.05,28,28.05,504000
RCOM_F1,20180221,15:09,28.1,28.1,28.05,28.05,420000
RCOM_F1,20180221,15:10,28.1,28.1,28.05,28.1,168000
RCOM_F1,20180221,15:11,28.1,28.1,28.05,28.05,420000
RCOM_F1,20180221,15:12,28.05,28.05,28.05,28.05,112000
RCOM_F1,20180221,15:13,28.05,28.05,28.05,28.05,56000
RCOM_F1,20180221,15:14,28,28,28,28,56000
RCOM_F1,20180221,15:15,28,28.05,28,28,84000
RCOM_F1,20180221,15:16,28.05,28.05,27.95,27.95,1820000
RCOM_F1,20180221,15:17,27.95,28.05,27.95,28.05,1288000
RCOM_F1,20180221,15:18,28.05,28.05,28.05,28.05,364000
RCOM_F1,20180221,15:19,28.05,28.1,28,28.05,140000
RCOM_F1,20180221,15:20,28.05,28.05,28,28.05,84000
RCOM_F1,20180221,15:21,28.05,28.15,28.05,28.15,1540000
RCOM_F1,20180221,15:22,28.15,28.15,28.1,28.1,280000
RCOM_F1,20180221,15:23,28.1,28.1,28.1,28.1,168000
RCOM_F1,20180221,15:24,28.15,28.15,28.1,28.1,224000
RCOM_F1,20180221,15:25,28.1,28.15,28.1,28.1,336000
RCOM_F1,20180221,15:26,28.1,28.1,28.1,28.1,56000
RCOM_F1,20180221,15:27,28.05,28.1,28.05,28.1,252000
RCOM_F1,20180221,15:28,28.1,28.1,28.05,28.1,168000
RCOM_F1,20180221,15:29,28.1,28.1,28.05,28.1,280000
RCOM_F1,20180221,15:30,28.1,28.15,28.05,28.05,672000
RCOM_F1,20180221,15:31,28.1,28.1,28.1,28.1,56000
RCOM_F1,20180221,16:36,28.1,28.1,28.1,28.1,1
