RBLBANK_F1,20200130,09:16,335.20,335.20,332.45,333.60,87000,4539000
RBLBANK_F1,20200130,09:17,332.70,333.25,332.20,333.05,105000,4539000
RBLBANK_F1,20200130,09:18,332.55,333.05,332.15,333.05,55500,4581000
RBLBANK_F1,20200130,09:19,332.85,333.25,332.80,333.25,37500,4581000
RBLBANK_F1,20200130,09:20,332.95,332.95,332.80,332.80,13500,4581000
RBLBANK_F1,20200130,09:21,332.75,332.75,332.55,332.55,12000,4569000
RBLBANK_F1,20200130,09:22,331.80,332.25,331.70,331.70,39000,4569000
RBLBANK_F1,20200130,09:23,331.60,331.60,330.90,331.25,58500,4569000
RBLBANK_F1,20200130,09:24,331.30,331.35,330.60,330.65,67500,4534500
RBLBANK_F1,20200130,09:25,330.55,330.80,330.20,330.75,42000,4534500
RBLBANK_F1,20200130,09:26,330.65,331.65,330.50,331.65,55500,4534500
RBLBANK_F1,20200130,09:27,331.80,332.00,331.20,331.40,78000,4519500
RBLBANK_F1,20200130,09:28,331.40,331.80,331.35,331.45,37500,4519500
RBLBANK_F1,20200130,09:29,331.45,331.45,331.30,331.45,21000,4519500
RBLBANK_F1,20200130,09:30,331.40,331.40,331.10,331.15,10500,4492500
RBLBANK_F1,20200130,09:31,331.20,331.20,331.05,331.05,10500,4492500
RBLBANK_F1,20200130,09:32,331.05,331.20,331.00,331.15,75000,4492500
RBLBANK_F1,20200130,09:33,331.00,331.00,330.65,330.65,46500,4485000
RBLBANK_F1,20200130,09:34,330.75,331.05,330.25,330.65,76500,4485000
RBLBANK_F1,20200130,09:35,330.25,330.45,330.10,330.30,24000,4485000
RBLBANK_F1,20200130,09:36,330.55,330.80,330.50,330.80,22500,4440000
RBLBANK_F1,20200130,09:37,330.80,330.80,330.25,330.45,52500,4440000
RBLBANK_F1,20200130,09:38,330.45,331.20,330.45,330.75,87000,4440000
RBLBANK_F1,20200130,09:39,330.65,331.00,330.65,330.75,12000,4371000
RBLBANK_F1,20200130,09:40,330.75,331.05,330.75,331.05,12000,4371000
RBLBANK_F1,20200130,09:41,330.95,330.95,328.50,328.50,121500,4371000
RBLBANK_F1,20200130,09:42,328.60,328.80,327.50,327.50,75000,4348500
RBLBANK_F1,20200130,09:43,327.70,327.70,326.20,326.35,79500,4348500
RBLBANK_F1,20200130,09:44,326.60,327.15,326.45,327.10,33000,4348500
RBLBANK_F1,20200130,09:45,327.45,327.45,327.45,327.45,13500,4321500
RBLBANK_F1,20200130,09:46,327.45,327.80,327.25,327.50,39000,4321500
RBLBANK_F1,20200130,09:47,327.80,328.00,327.10,327.10,148500,4321500
RBLBANK_F1,20200130,09:48,327.00,327.00,326.00,326.55,33000,4255500
RBLBANK_F1,20200130,09:49,326.20,326.55,325.65,325.65,37500,4255500
RBLBANK_F1,20200130,09:50,325.60,326.20,324.45,326.20,93000,4255500
RBLBANK_F1,20200130,09:51,326.20,326.40,325.65,325.90,34500,4245000
RBLBANK_F1,20200130,09:52,325.95,326.10,325.65,325.65,25500,4245000
RBLBANK_F1,20200130,09:53,325.50,326.00,325.40,325.40,31500,4245000
RBLBANK_F1,20200130,09:54,325.35,325.35,325.25,325.25,21000,4251000
RBLBANK_F1,20200130,09:55,325.05,325.35,325.05,325.35,16500,4251000
RBLBANK_F1,20200130,09:56,325.30,325.35,325.25,325.25,37500,4251000
RBLBANK_F1,20200130,09:57,325.25,326.80,325.25,326.55,55500,4233000
RBLBANK_F1,20200130,09:58,326.55,326.90,326.55,326.90,13500,4233000
RBLBANK_F1,20200130,09:59,326.90,327.15,326.65,326.65,27000,4233000
RBLBANK_F1,20200130,10:00,326.95,327.00,326.65,326.90,19500,4194000
RBLBANK_F1,20200130,10:01,326.90,327.10,326.85,327.05,22500,4194000
RBLBANK_F1,20200130,10:02,327.05,327.15,327.05,327.10,10500,4194000
RBLBANK_F1,20200130,10:03,327.00,327.00,326.55,326.55,28500,4174500
RBLBANK_F1,20200130,10:04,327.00,327.00,326.90,326.90,7500,4174500
RBLBANK_F1,20200130,10:05,326.80,326.80,326.60,326.60,16500,4174500
RBLBANK_F1,20200130,10:06,326.70,327.25,326.70,327.25,49500,4162500
RBLBANK_F1,20200130,10:07,327.25,327.55,326.95,327.55,43500,4162500
RBLBANK_F1,20200130,10:08,327.55,327.60,327.40,327.45,46500,4162500
RBLBANK_F1,20200130,10:09,327.20,327.50,327.10,327.30,24000,4120500
RBLBANK_F1,20200130,10:10,327.25,327.60,327.00,327.25,36000,4120500
RBLBANK_F1,20200130,10:11,326.70,326.70,326.70,326.70,16500,4120500
RBLBANK_F1,20200130,10:12,326.45,326.45,326.15,326.15,19500,4104000
RBLBANK_F1,20200130,10:13,326.40,326.40,326.00,326.15,18000,4104000
RBLBANK_F1,20200130,10:14,326.35,326.35,326.15,326.15,3000,4104000
RBLBANK_F1,20200130,10:15,326.20,326.80,326.20,326.80,10500,4104000
RBLBANK_F1,20200130,10:16,327.10,327.10,326.80,326.80,10500,4104000
RBLBANK_F1,20200130,10:17,326.80,327.10,326.60,327.10,28500,4104000
RBLBANK_F1,20200130,10:18,327.25,327.40,327.25,327.40,13500,4081500
RBLBANK_F1,20200130,10:19,327.40,327.40,327.00,327.00,15000,4081500
RBLBANK_F1,20200130,10:20,326.75,326.75,326.75,326.75,1500,4081500
RBLBANK_F1,20200130,10:21,326.80,326.90,326.80,326.90,10500,4069500
RBLBANK_F1,20200130,10:22,326.90,326.90,326.90,326.90,4500,4069500
RBLBANK_F1,20200130,10:23,326.90,326.90,326.50,326.55,15000,4069500
RBLBANK_F1,20200130,10:24,326.90,326.90,326.90,326.90,7500,4066500
RBLBANK_F1,20200130,10:25,326.90,326.90,326.60,326.90,6000,4066500
RBLBANK_F1,20200130,10:26,326.90,327.50,326.90,327.50,24000,4066500
RBLBANK_F1,20200130,10:27,327.50,327.80,327.25,327.80,12000,4053000
RBLBANK_F1,20200130,10:28,327.70,327.85,327.65,327.85,25500,4053000
RBLBANK_F1,20200130,10:29,327.85,328.20,327.65,328.20,36000,4053000
RBLBANK_F1,20200130,10:30,327.80,327.80,327.25,327.25,18000,4045500
RBLBANK_F1,20200130,10:31,327.25,327.25,326.75,327.10,42000,4045500
RBLBANK_F1,20200130,10:32,326.70,326.70,326.70,326.70,6000,4045500
RBLBANK_F1,20200130,10:33,326.70,327.05,326.65,327.05,30000,4045500
RBLBANK_F1,20200130,10:34,327.00,327.00,327.00,327.00,24000,4044000
RBLBANK_F1,20200130,10:35,327.00,327.00,327.00,327.00,4500,4044000
RBLBANK_F1,20200130,10:36,327.00,327.15,327.00,327.15,3000,4044000
RBLBANK_F1,20200130,10:37,327.15,327.15,327.15,327.15,4500,4044000
RBLBANK_F1,20200130,10:38,327.40,327.60,327.40,327.60,18000,4044000
RBLBANK_F1,20200130,10:39,327.50,327.50,327.30,327.30,36000,4024500
RBLBANK_F1,20200130,10:40,326.95,327.00,326.90,326.90,28500,4024500
RBLBANK_F1,20200130,10:41,326.65,326.90,326.50,326.50,12000,4024500
RBLBANK_F1,20200130,10:42,326.50,326.50,326.50,326.50,4500,4021500
RBLBANK_F1,20200130,10:43,326.50,326.50,326.50,326.50,19500,4021500
RBLBANK_F1,20200130,10:44,326.50,326.50,326.50,326.50,6000,4021500
RBLBANK_F1,20200130,10:46,326.50,326.85,326.50,326.85,7500,4005000
RBLBANK_F1,20200130,10:47,327.10,327.30,327.10,327.30,13500,4005000
RBLBANK_F1,20200130,10:48,327.30,327.35,327.30,327.35,9000,3999000
RBLBANK_F1,20200130,10:49,327.35,327.90,327.35,327.90,9000,3999000
RBLBANK_F1,20200130,10:50,328.00,328.00,327.70,327.70,10500,3999000
RBLBANK_F1,20200130,10:52,327.65,327.65,327.65,327.65,9000,3999000
RBLBANK_F1,20200130,10:53,327.25,327.45,327.25,327.45,13500,3999000
RBLBANK_F1,20200130,10:54,327.25,327.25,327.25,327.25,9000,3999000
RBLBANK_F1,20200130,10:55,327.50,327.50,327.50,327.50,4500,4003500
RBLBANK_F1,20200130,10:56,327.45,327.50,327.45,327.50,6000,4003500
RBLBANK_F1,20200130,10:57,327.25,327.35,327.25,327.35,21000,4003500
RBLBANK_F1,20200130,10:58,327.45,327.75,327.45,327.75,7500,3990000
RBLBANK_F1,20200130,10:59,327.75,327.80,327.50,327.50,6000,3990000
RBLBANK_F1,20200130,11:00,327.50,327.50,327.50,327.50,4500,3994500
RBLBANK_F1,20200130,11:01,327.50,327.50,327.25,327.25,18000,3994500
RBLBANK_F1,20200130,11:02,327.25,327.40,327.05,327.05,21000,3994500
RBLBANK_F1,20200130,11:03,327.05,327.05,327.05,327.05,3000,3982500
RBLBANK_F1,20200130,11:04,326.70,326.80,326.70,326.80,9000,3982500
RBLBANK_F1,20200130,11:05,326.70,326.70,326.55,326.55,9000,3982500
RBLBANK_F1,20200130,11:06,326.05,326.05,325.95,325.95,30000,3981000
RBLBANK_F1,20200130,11:07,325.95,325.95,325.75,325.85,15000,3981000
RBLBANK_F1,20200130,11:08,325.85,325.85,325.70,325.70,15000,3981000
RBLBANK_F1,20200130,11:09,325.85,325.85,325.85,325.85,6000,3981000
RBLBANK_F1,20200130,11:10,325.50,325.60,325.50,325.60,36000,3978000
RBLBANK_F1,20200130,11:11,325.70,325.85,325.70,325.85,9000,3978000
RBLBANK_F1,20200130,11:12,325.95,325.95,325.85,325.95,15000,3981000
RBLBANK_F1,20200130,11:13,325.90,325.95,325.80,325.95,12000,3981000
RBLBANK_F1,20200130,11:14,325.95,326.05,325.95,326.05,22500,3981000
RBLBANK_F1,20200130,11:15,326.30,326.30,326.30,326.30,13500,3979500
RBLBANK_F1,20200130,11:16,326.30,326.50,326.30,326.50,33000,3979500
RBLBANK_F1,20200130,11:17,326.50,326.50,326.50,326.50,13500,3979500
RBLBANK_F1,20200130,11:18,326.50,326.50,326.50,326.50,3000,3951000
RBLBANK_F1,20200130,11:19,326.15,326.15,326.15,326.15,10500,3951000
RBLBANK_F1,20200130,11:20,326.15,326.45,326.15,326.45,3000,3951000
RBLBANK_F1,20200130,11:21,326.35,326.35,326.35,326.35,1500,3943500
RBLBANK_F1,20200130,11:22,326.55,326.55,326.35,326.35,3000,3943500
RBLBANK_F1,20200130,11:23,326.00,326.00,325.95,326.00,28500,3943500
RBLBANK_F1,20200130,11:24,326.00,326.00,326.00,326.00,1500,3933000
RBLBANK_F1,20200130,11:25,326.25,326.25,326.25,326.25,1500,3933000
RBLBANK_F1,20200130,11:26,326.15,326.15,325.95,325.95,6000,3933000
RBLBANK_F1,20200130,11:27,325.95,325.95,325.50,325.75,52500,3906000
RBLBANK_F1,20200130,11:28,325.65,325.65,325.65,325.65,4500,3906000
RBLBANK_F1,20200130,11:29,325.65,325.65,325.65,325.65,1500,3906000
RBLBANK_F1,20200130,11:30,325.70,325.85,325.70,325.85,10500,3895500
RBLBANK_F1,20200130,11:31,325.95,325.95,325.75,325.75,13500,3895500
RBLBANK_F1,20200130,11:32,325.75,325.75,325.65,325.65,3000,3895500
RBLBANK_F1,20200130,11:33,325.65,325.90,325.65,325.90,15000,3889500
RBLBANK_F1,20200130,11:34,325.90,325.90,325.90,325.90,1500,3889500
RBLBANK_F1,20200130,11:35,325.65,325.65,325.50,325.65,16500,3889500
RBLBANK_F1,20200130,11:36,325.65,325.70,325.65,325.65,9000,3874500
RBLBANK_F1,20200130,11:37,325.65,325.65,325.65,325.65,7500,3874500
RBLBANK_F1,20200130,11:38,325.70,325.70,325.70,325.70,13500,3874500
RBLBANK_F1,20200130,11:39,325.60,325.60,325.40,325.40,6000,3858000
RBLBANK_F1,20200130,11:40,325.40,325.50,325.35,325.50,21000,3858000
RBLBANK_F1,20200130,11:41,325.50,325.60,325.50,325.50,27000,3858000
RBLBANK_F1,20200130,11:42,325.50,325.75,325.50,325.70,15000,3858000
RBLBANK_F1,20200130,11:43,325.70,325.80,325.70,325.80,15000,3832500
RBLBANK_F1,20200130,11:44,325.60,325.60,325.60,325.60,6000,3832500
RBLBANK_F1,20200130,11:45,325.60,325.90,325.60,325.75,21000,3802500
RBLBANK_F1,20200130,11:46,325.75,325.75,325.35,325.35,94500,3802500
RBLBANK_F1,20200130,11:47,325.55,325.55,325.55,325.55,19500,3802500
RBLBANK_F1,20200130,11:48,325.65,325.80,325.60,325.60,12000,3802500
RBLBANK_F1,20200130,11:49,325.60,325.60,325.55,325.55,3000,3724500
RBLBANK_F1,20200130,11:50,326.00,326.00,325.85,325.85,28500,3724500
RBLBANK_F1,20200130,11:51,325.85,326.00,325.80,325.85,24000,3703500
RBLBANK_F1,20200130,11:52,325.90,326.00,325.70,325.95,18000,3703500
RBLBANK_F1,20200130,11:53,326.00,326.00,325.60,325.60,15000,3703500
RBLBANK_F1,20200130,11:54,325.65,325.85,325.65,325.85,9000,3684000
RBLBANK_F1,20200130,11:55,325.80,325.90,325.70,325.70,6000,3684000
RBLBANK_F1,20200130,11:56,325.80,325.80,325.60,325.60,3000,3684000
RBLBANK_F1,20200130,11:57,325.90,325.90,325.60,325.60,39000,3684000
RBLBANK_F1,20200130,11:58,325.50,325.70,324.70,324.70,52500,3684000
RBLBANK_F1,20200130,11:59,324.70,324.85,324.60,324.60,25500,3684000
RBLBANK_F1,20200130,12:00,324.60,324.65,323.45,323.60,84000,3681000
RBLBANK_F1,20200130,12:01,323.50,323.70,323.20,323.20,88500,3681000
RBLBANK_F1,20200130,12:02,323.70,323.70,323.25,323.70,19500,3681000
RBLBANK_F1,20200130,12:03,323.70,323.70,323.40,323.40,28500,3687000
RBLBANK_F1,20200130,12:04,323.35,323.35,322.60,322.65,88500,3687000
RBLBANK_F1,20200130,12:05,322.80,322.85,322.40,322.60,48000,3687000
RBLBANK_F1,20200130,12:06,322.50,322.75,322.50,322.75,31500,3663000
RBLBANK_F1,20200130,12:07,322.80,323.45,322.80,323.45,24000,3663000
RBLBANK_F1,20200130,12:08,323.45,323.50,323.25,323.25,9000,3663000
RBLBANK_F1,20200130,12:09,323.25,323.75,323.25,323.75,82500,3657000
RBLBANK_F1,20200130,12:10,323.55,323.55,323.30,323.30,4500,3657000
RBLBANK_F1,20200130,12:11,323.30,323.30,323.05,323.05,4500,3657000
RBLBANK_F1,20200130,12:12,323.10,323.90,323.10,323.90,15000,3657000
RBLBANK_F1,20200130,12:13,323.70,324.00,323.70,324.00,7500,3657000
RBLBANK_F1,20200130,12:14,323.70,323.80,323.70,323.80,9000,3657000
RBLBANK_F1,20200130,12:15,323.80,323.80,323.60,323.60,7500,3657000
RBLBANK_F1,20200130,12:16,323.95,323.95,323.75,323.75,6000,3645000
RBLBANK_F1,20200130,12:17,324.00,324.00,323.45,323.70,39000,3645000
RBLBANK_F1,20200130,12:18,323.10,323.10,322.95,322.95,9000,3645000
RBLBANK_F1,20200130,12:19,323.20,323.20,322.95,322.95,4500,3634500
RBLBANK_F1,20200130,12:20,322.95,323.00,322.70,323.00,27000,3634500
RBLBANK_F1,20200130,12:21,322.85,322.85,322.85,322.85,12000,3634500
RBLBANK_F1,20200130,12:22,322.85,322.85,322.85,322.85,7500,3616500
RBLBANK_F1,20200130,12:23,322.65,322.80,322.55,322.55,7500,3616500
RBLBANK_F1,20200130,12:24,322.50,322.50,322.30,322.40,21000,3619500
RBLBANK_F1,20200130,12:25,322.40,322.65,322.40,322.65,10500,3619500
RBLBANK_F1,20200130,12:26,322.80,322.90,322.35,322.35,16500,3619500
RBLBANK_F1,20200130,12:27,322.60,322.80,322.60,322.80,7500,3619500
RBLBANK_F1,20200130,12:28,322.95,323.00,322.95,323.00,10500,3607500
RBLBANK_F1,20200130,12:29,323.40,323.50,323.40,323.50,7500,3607500
RBLBANK_F1,20200130,12:30,323.45,323.50,323.45,323.50,3000,3597000
RBLBANK_F1,20200130,12:31,323.50,323.50,323.15,323.15,10500,3597000
RBLBANK_F1,20200130,12:32,323.30,323.30,323.00,323.00,9000,3597000
RBLBANK_F1,20200130,12:33,323.05,323.05,322.95,323.00,7500,3594000
RBLBANK_F1,20200130,12:34,323.15,323.35,323.15,323.20,55500,3594000
RBLBANK_F1,20200130,12:35,323.20,323.20,323.20,323.20,1500,3594000
RBLBANK_F1,20200130,12:36,323.20,323.20,323.20,323.20,4500,3594000
RBLBANK_F1,20200130,12:37,323.15,323.15,323.15,323.15,4500,3550500
RBLBANK_F1,20200130,12:38,323.35,323.35,323.15,323.15,4500,3550500
RBLBANK_F1,20200130,12:40,323.15,323.50,323.15,323.50,75000,3549000
RBLBANK_F1,20200130,12:41,323.50,323.50,323.25,323.25,3000,3549000
RBLBANK_F1,20200130,12:42,323.15,323.15,323.15,323.15,3000,3549000
RBLBANK_F1,20200130,12:43,323.20,323.35,323.05,323.35,12000,3532500
RBLBANK_F1,20200130,12:44,323.35,323.40,323.35,323.40,6000,3532500
RBLBANK_F1,20200130,12:45,323.40,323.80,323.40,323.80,64500,3519000
RBLBANK_F1,20200130,12:46,323.80,324.50,323.80,324.25,67500,3519000
RBLBANK_F1,20200130,12:47,323.85,324.25,323.80,324.25,54000,3519000
RBLBANK_F1,20200130,12:48,324.25,324.25,323.70,324.00,66000,3519000
RBLBANK_F1,20200130,12:49,324.00,324.00,323.65,323.70,16500,3411000
RBLBANK_F1,20200130,12:50,323.45,323.45,323.25,323.40,15000,3411000
RBLBANK_F1,20200130,12:51,323.15,323.20,322.95,323.00,13500,3411000
RBLBANK_F1,20200130,12:52,322.90,323.40,322.90,323.10,54000,3408000
RBLBANK_F1,20200130,12:53,323.10,323.10,323.05,323.05,193500,3408000
RBLBANK_F1,20200130,12:54,322.90,322.95,322.85,322.95,4500,3408000
RBLBANK_F1,20200130,12:55,322.85,322.85,322.50,322.50,30000,3406500
RBLBANK_F1,20200130,12:56,322.85,322.85,322.20,322.70,87000,3406500
RBLBANK_F1,20200130,12:57,322.80,322.80,322.50,322.60,15000,3406500
RBLBANK_F1,20200130,12:58,322.50,322.55,322.00,322.00,60000,3393000
RBLBANK_F1,20200130,12:59,321.75,322.00,321.30,322.00,51000,3393000
RBLBANK_F1,20200130,13:00,321.85,321.85,321.40,321.65,31500,3393000
RBLBANK_F1,20200130,13:01,321.40,321.40,321.20,321.40,12000,3391500
RBLBANK_F1,20200130,13:02,321.60,321.85,321.30,321.85,61500,3391500
RBLBANK_F1,20200130,13:03,321.80,321.80,321.75,321.80,31500,3391500
RBLBANK_F1,20200130,13:04,321.75,321.75,321.40,321.65,25500,3390000
RBLBANK_F1,20200130,13:05,321.05,321.20,320.70,321.20,66000,3390000
RBLBANK_F1,20200130,13:06,321.00,321.00,320.50,320.95,18000,3390000
RBLBANK_F1,20200130,13:07,320.90,321.20,320.85,320.85,19500,3378000
RBLBANK_F1,20200130,13:08,321.05,321.20,320.95,321.00,33000,3378000
RBLBANK_F1,20200130,13:09,321.10,321.60,321.10,321.60,19500,3378000
RBLBANK_F1,20200130,13:10,321.65,321.65,321.65,321.65,25500,3339000
RBLBANK_F1,20200130,13:11,321.30,321.30,321.20,321.20,7500,3339000
RBLBANK_F1,20200130,13:12,321.20,321.20,320.70,320.70,43500,3339000
RBLBANK_F1,20200130,13:13,320.95,321.00,320.95,321.00,10500,3327000
RBLBANK_F1,20200130,13:14,321.30,321.30,321.30,321.30,1500,3327000
RBLBANK_F1,20200130,13:15,321.30,322.35,321.30,322.10,12000,3327000
RBLBANK_F1,20200130,13:16,322.35,322.35,322.00,322.00,4500,3325500
RBLBANK_F1,20200130,13:17,322.25,323.00,322.25,323.00,18000,3325500
RBLBANK_F1,20200130,13:18,323.00,323.00,321.90,321.90,1125000,3325500
RBLBANK_F1,20200130,13:19,321.90,322.00,321.90,322.00,21000,2964000
RBLBANK_F1,20200130,13:20,322.00,322.00,321.70,321.80,12000,2964000
RBLBANK_F1,20200130,13:21,322.00,322.00,321.45,321.45,25500,2964000
RBLBANK_F1,20200130,13:22,321.40,321.70,321.10,321.70,55500,2950500
RBLBANK_F1,20200130,13:23,321.20,321.65,321.20,321.55,19500,2950500
RBLBANK_F1,20200130,13:24,321.10,321.10,320.65,320.65,22500,2950500
RBLBANK_F1,20200130,13:25,321.00,321.60,321.00,321.60,9000,2905500
RBLBANK_F1,20200130,13:26,321.00,321.00,320.95,320.95,7500,2905500
RBLBANK_F1,20200130,13:27,321.05,321.15,320.95,321.15,15000,2905500
RBLBANK_F1,20200130,13:28,320.90,321.20,320.90,321.20,7500,2895000
RBLBANK_F1,20200130,13:29,321.20,321.45,321.20,321.45,96000,2895000
RBLBANK_F1,20200130,13:30,321.45,321.65,321.45,321.45,72000,2895000
RBLBANK_F1,20200130,13:31,321.40,321.40,321.40,321.40,4500,2799000
RBLBANK_F1,20200130,13:32,321.40,321.60,320.90,320.90,19500,2799000
RBLBANK_F1,20200130,13:33,321.00,321.05,320.85,320.85,13500,2799000
RBLBANK_F1,20200130,13:34,320.65,320.75,320.15,320.15,45000,2794500
RBLBANK_F1,20200130,13:35,320.10,320.30,320.10,320.15,13500,2794500
RBLBANK_F1,20200130,13:36,320.15,321.30,320.15,321.30,37500,2794500
RBLBANK_F1,20200130,13:37,321.10,321.60,321.10,321.60,10500,2766000
RBLBANK_F1,20200130,13:38,321.50,321.50,320.20,320.55,36000,2766000
RBLBANK_F1,20200130,13:39,320.45,320.75,320.35,320.35,25500,2766000
RBLBANK_F1,20200130,13:40,320.35,320.75,320.25,320.75,19500,2755500
RBLBANK_F1,20200130,13:41,320.60,321.00,320.60,320.70,16500,2755500
RBLBANK_F1,20200130,13:42,320.65,320.85,320.50,320.80,13500,2755500
RBLBANK_F1,20200130,13:43,320.70,320.70,320.40,320.40,12000,2734500
RBLBANK_F1,20200130,13:44,320.25,320.25,320.15,320.15,10500,2734500
RBLBANK_F1,20200130,13:45,319.90,320.45,319.90,320.45,28500,2734500
RBLBANK_F1,20200130,13:46,320.20,320.20,320.05,320.05,9000,2734500
RBLBANK_F1,20200130,13:47,320.05,320.30,320.00,320.30,22500,2734500
RBLBANK_F1,20200130,13:48,320.00,320.45,320.00,320.45,6000,2734500
RBLBANK_F1,20200130,13:49,320.45,320.60,320.45,320.60,10500,2722500
RBLBANK_F1,20200130,13:50,320.60,320.60,320.45,320.45,6000,2722500
RBLBANK_F1,20200130,13:51,320.70,320.70,320.55,320.55,6000,2722500
RBLBANK_F1,20200130,13:52,320.55,320.55,320.10,320.10,6000,2706000
RBLBANK_F1,20200130,13:53,320.20,320.20,320.15,320.15,7500,2706000
RBLBANK_F1,20200130,13:54,320.15,320.15,319.45,319.55,39000,2706000
RBLBANK_F1,20200130,13:55,319.55,319.55,319.55,319.55,1500,2692500
RBLBANK_F1,20200130,13:56,319.65,319.75,319.55,319.75,12000,2692500
RBLBANK_F1,20200130,13:57,319.70,319.70,319.50,319.50,13500,2692500
RBLBANK_F1,20200130,13:58,319.50,319.50,319.50,319.50,6000,2688000
RBLBANK_F1,20200130,13:59,319.85,320.10,319.85,320.05,7500,2688000
RBLBANK_F1,20200130,14:00,320.25,320.35,320.25,320.35,24000,2688000
RBLBANK_F1,20200130,14:01,320.00,320.15,320.00,320.15,9000,2673000
RBLBANK_F1,20200130,14:02,320.15,320.15,319.95,320.00,18000,2673000
RBLBANK_F1,20200130,14:03,320.00,320.00,320.00,320.00,3000,2673000
RBLBANK_F1,20200130,14:04,320.00,320.00,319.60,319.60,16500,2673000
RBLBANK_F1,20200130,14:06,319.60,320.35,319.60,320.10,13500,2673000
RBLBANK_F1,20200130,14:07,320.40,320.65,320.25,320.65,13500,2662500
RBLBANK_F1,20200130,14:08,320.80,321.05,320.80,321.05,6000,2662500
RBLBANK_F1,20200130,14:09,321.05,321.05,320.20,320.20,25500,2662500
RBLBANK_F1,20200130,14:10,320.10,320.55,320.10,320.55,4500,2644500
RBLBANK_F1,20200130,14:11,320.90,321.20,320.90,321.20,25500,2644500
RBLBANK_F1,20200130,14:12,320.80,321.00,320.80,320.80,31500,2644500
RBLBANK_F1,20200130,14:13,320.85,320.85,320.85,320.85,6000,2623500
RBLBANK_F1,20200130,14:14,320.70,320.85,320.70,320.85,4500,2623500
RBLBANK_F1,20200130,14:15,320.85,320.90,320.35,320.55,6000,2623500
RBLBANK_F1,20200130,14:16,320.75,320.75,320.40,320.40,4500,2616000
RBLBANK_F1,20200130,14:17,320.60,320.60,320.60,320.60,1500,2616000
RBLBANK_F1,20200130,14:19,321.20,321.20,320.85,320.85,6000,2610000
RBLBANK_F1,20200130,14:20,321.00,321.15,321.00,321.15,3000,2610000
RBLBANK_F1,20200130,14:21,321.00,321.15,320.80,320.80,13500,2610000
RBLBANK_F1,20200130,14:22,320.50,320.50,320.40,320.40,33000,2610000
RBLBANK_F1,20200130,14:23,320.40,320.40,319.90,319.90,15000,2625000
RBLBANK_F1,20200130,14:24,320.25,320.35,320.05,320.30,16500,2625000
RBLBANK_F1,20200130,14:25,320.30,320.30,320.30,320.30,1500,2625000
RBLBANK_F1,20200130,14:26,320.15,320.60,320.15,320.60,9000,2601000
RBLBANK_F1,20200130,14:27,320.85,320.85,320.75,320.75,3000,2601000
RBLBANK_F1,20200130,14:28,320.95,321.00,320.85,320.85,18000,2598000
RBLBANK_F1,20200130,14:29,320.85,320.85,320.50,320.50,6000,2598000
RBLBANK_F1,20200130,14:30,320.40,320.40,320.25,320.25,7500,2598000
RBLBANK_F1,20200130,14:31,320.50,320.50,320.50,320.50,1500,2590500
RBLBANK_F1,20200130,14:32,320.35,320.35,320.15,320.15,13500,2590500
RBLBANK_F1,20200130,14:33,320.00,320.25,320.00,320.25,6000,2590500
RBLBANK_F1,20200130,14:34,320.05,320.40,319.95,319.95,16500,2598000
RBLBANK_F1,20200130,14:35,319.80,319.80,319.15,319.30,12000,2598000
RBLBANK_F1,20200130,14:36,319.30,319.80,319.30,319.80,10500,2598000
RBLBANK_F1,20200130,14:37,319.50,320.00,319.50,320.00,16500,2604000
RBLBANK_F1,20200130,14:38,320.00,320.15,319.75,320.15,18000,2604000
RBLBANK_F1,20200130,14:39,320.35,320.60,320.30,320.60,13500,2604000
RBLBANK_F1,20200130,14:40,320.90,321.75,320.65,321.60,63000,2580000
RBLBANK_F1,20200130,14:41,321.60,322.85,321.60,322.40,105000,2580000
RBLBANK_F1,20200130,14:42,322.50,322.50,322.20,322.25,13500,2580000
RBLBANK_F1,20200130,14:43,322.25,322.40,322.00,322.00,36000,2517000
RBLBANK_F1,20200130,14:44,321.95,322.20,321.70,321.90,31500,2517000
RBLBANK_F1,20200130,14:45,321.75,322.30,321.75,322.30,15000,2517000
RBLBANK_F1,20200130,14:46,322.15,322.70,322.15,322.70,24000,2502000
RBLBANK_F1,20200130,14:47,322.00,322.30,322.00,322.05,18000,2502000
RBLBANK_F1,20200130,14:48,322.30,322.35,322.05,322.35,9000,2502000
RBLBANK_F1,20200130,14:49,322.05,322.65,322.05,322.65,19500,2490000
RBLBANK_F1,20200130,14:50,322.65,323.15,322.45,323.15,25500,2490000
RBLBANK_F1,20200130,14:51,323.15,323.50,322.95,323.40,39000,2490000
RBLBANK_F1,20200130,14:52,323.50,323.50,323.50,323.50,10500,2490000
RBLBANK_F1,20200130,14:53,322.95,323.60,322.95,323.60,18000,2442000
RBLBANK_F1,20200130,14:54,323.30,323.30,322.95,322.95,7500,2442000
RBLBANK_F1,20200130,14:55,322.95,322.95,322.95,322.95,1500,2442000
RBLBANK_F1,20200130,14:56,322.80,322.80,322.80,322.80,3000,2428500
RBLBANK_F1,20200130,14:57,322.80,322.80,322.80,322.80,3000,2428500
RBLBANK_F1,20200130,14:58,322.70,322.95,322.70,322.95,4500,2412000
RBLBANK_F1,20200130,14:59,322.80,322.80,322.60,322.60,16500,2412000
RBLBANK_F1,20200130,15:00,322.05,322.05,321.90,321.90,27000,2412000
RBLBANK_F1,20200130,15:01,322.50,322.75,322.50,322.65,19500,2412000
RBLBANK_F1,20200130,15:02,323.40,323.40,323.25,323.25,6000,2412000
RBLBANK_F1,20200130,15:03,323.25,323.25,323.00,323.00,13500,2412000
RBLBANK_F1,20200130,15:04,323.15,323.15,323.05,323.05,7500,2392500
RBLBANK_F1,20200130,15:05,323.30,323.85,323.30,323.70,27000,2392500
RBLBANK_F1,20200130,15:06,323.80,324.40,323.80,324.40,37500,2392500
RBLBANK_F1,20200130,15:07,324.25,324.35,323.50,323.50,16500,2362500
RBLBANK_F1,20200130,15:08,323.25,323.80,323.25,323.80,31500,2362500
RBLBANK_F1,20200130,15:09,323.70,324.30,323.55,323.65,76500,2362500
RBLBANK_F1,20200130,15:10,324.25,324.25,323.65,323.65,49500,2305500
RBLBANK_F1,20200130,15:11,323.60,323.60,322.30,322.45,67500,2305500
RBLBANK_F1,20200130,15:12,322.50,323.00,322.00,322.00,100500,2305500
RBLBANK_F1,20200130,15:13,322.00,322.80,321.90,321.90,123000,2262000
RBLBANK_F1,20200130,15:14,322.05,322.70,322.05,322.65,22500,2262000
RBLBANK_F1,20200130,15:15,322.65,322.95,321.40,321.40,157500,2262000
RBLBANK_F1,20200130,15:16,321.40,321.90,321.30,321.30,52500,2302500
RBLBANK_F1,20200130,15:17,321.15,321.30,320.75,320.75,43500,2302500
RBLBANK_F1,20200130,15:18,320.80,320.90,320.35,320.70,36000,2302500
RBLBANK_F1,20200130,15:19,320.45,321.00,320.45,321.00,33000,2296500
RBLBANK_F1,20200130,15:20,321.00,321.30,320.70,321.30,45000,2296500
RBLBANK_F1,20200130,15:21,321.35,321.45,321.35,321.45,3000,2296500
RBLBANK_F1,20200130,15:22,321.10,321.35,321.10,321.35,3000,2296500
RBLBANK_F1,20200130,15:23,321.05,321.35,321.05,321.35,18000,2296500
RBLBANK_F1,20200130,15:24,321.25,321.35,320.70,320.70,10500,2296500
RBLBANK_F1,20200130,15:25,320.60,320.70,320.45,320.70,15000,2283000
RBLBANK_F1,20200130,15:26,320.70,321.05,320.70,321.05,13500,2283000
RBLBANK_F1,20200130,15:27,321.50,322.00,321.50,322.00,39000,2283000
RBLBANK_F1,20200130,15:28,321.55,321.55,321.05,321.05,7500,2250000
RBLBANK_F1,20200130,15:29,321.35,321.50,321.35,321.50,13500,2250000
RBLBANK_F1,20200130,15:30,321.50,321.50,321.05,321.05,21000,2250000
RBLBANK_F1,20200130,19:11,322.35,322.35,322.35,322.35,1,1018500
