BHEL_F1,20171019,18:31,84.5,85.5,84.5,85.2,232501
BHEL_F1,20171019,18:32,85.2,85.3,85.2,85.3,120000
BHEL_F1,20171019,18:33,85.35,85.45,85.3,85.4,150000
BHEL_F1,20171019,18:34,85.4,85.4,85.25,85.25,30000
BHEL_F1,20171019,18:35,85.3,85.3,85,85,225000
BHEL_F1,20171019,18:36,84.9,85,84.9,85,307500
BHEL_F1,20171019,18:37,84.9,84.95,84.9,84.95,127500
BHEL_F1,20171019,18:38,84.95,84.95,84.85,84.95,82500
BHEL_F1,20171019,18:39,84.9,84.9,84.8,84.8,82500
BHEL_F1,20171019,18:40,84.8,84.8,84.6,84.65,67500
BHEL_F1,20171019,18:41,84.7,84.7,84.7,84.7,30000
BHEL_F1,20171019,18:42,84.75,84.75,84.75,84.75,7500
BHEL_F1,20171019,18:43,84.7,84.7,84.7,84.7,15000
BHEL_F1,20171019,18:44,84.7,84.7,84.55,84.6,60000
BHEL_F1,20171019,18:45,84.65,84.75,84.6,84.7,105000
BHEL_F1,20171019,18:47,84.65,84.65,84.65,84.65,7500
BHEL_F1,20171019,18:48,84.65,84.7,84.65,84.7,37500
BHEL_F1,20171019,18:49,84.7,84.7,84.7,84.7,30000
BHEL_F1,20171019,18:50,84.65,84.65,84.65,84.65,45000
BHEL_F1,20171019,18:51,84.6,84.6,84.6,84.6,7500
BHEL_F1,20171019,18:53,84.65,84.7,84.65,84.65,22500
BHEL_F1,20171019,18:54,84.7,84.7,84.7,84.7,7500
BHEL_F1,20171019,18:55,84.75,84.75,84.65,84.65,15000
BHEL_F1,20171019,18:56,84.6,84.6,84.6,84.6,7500
BHEL_F1,20171019,18:57,84.7,84.7,84.7,84.7,15000
BHEL_F1,20171019,18:58,84.75,84.75,84.7,84.7,15000
BHEL_F1,20171019,19:00,84.65,84.65,84.65,84.65,7500
BHEL_F1,20171019,19:01,84.6,84.6,84.55,84.55,30000
BHEL_F1,20171019,19:02,84.55,84.55,84.55,84.55,7500
BHEL_F1,20171019,19:03,84.6,84.6,84.6,84.6,15000
BHEL_F1,20171019,19:04,84.65,84.65,84.65,84.65,15000
BHEL_F1,20171019,19:05,84.6,84.6,84.55,84.55,45000
BHEL_F1,20171019,19:06,84.45,84.5,84.45,84.45,37500
BHEL_F1,20171019,19:07,84.5,84.65,84.5,84.65,82500
BHEL_F1,20171019,19:08,84.7,84.7,84.7,84.7,7500
BHEL_F1,20171019,19:09,84.65,84.65,84.65,84.65,15000
BHEL_F1,20171019,19:10,84.6,84.6,84.55,84.55,15000
BHEL_F1,20171019,19:11,84.5,84.6,84.5,84.5,22500
BHEL_F1,20171019,19:12,84.45,84.5,84.35,84.5,82500
BHEL_F1,20171019,19:13,84.35,84.35,84.3,84.3,45000
BHEL_F1,20171019,19:14,84.25,84.25,84.25,84.25,7500
BHEL_F1,20171019,19:15,84.3,84.4,84.3,84.4,37500
BHEL_F1,20171019,19:16,84.4,84.4,84.4,84.4,7500
BHEL_F1,20171019,19:17,84.35,84.35,84.3,84.3,52500
BHEL_F1,20171019,19:18,84.3,84.3,84.1,84.1,210000
BHEL_F1,20171019,19:19,84.2,84.2,84.2,84.2,15000
BHEL_F1,20171019,19:20,84.15,84.15,84,84,52500
BHEL_F1,20171019,19:21,84,84.05,84,84.05,37500
BHEL_F1,20171019,19:22,84.1,84.15,84.1,84.15,22500
BHEL_F1,20171019,19:23,84.1,84.1,84.1,84.1,7500
BHEL_F1,20171019,19:24,84.1,84.1,84.05,84.05,45000
BHEL_F1,20171019,19:25,84.15,84.2,84.1,84.1,22500
BHEL_F1,20171019,19:26,84.2,84.2,84,84,37500
BHEL_F1,20171019,19:27,84,84,84,84,15000
BHEL_F1,20171019,19:28,84.05,84.05,84.05,84.05,37500
BHEL_F1,20171019,19:29,84.05,84.05,84.05,84.05,37500
BHEL_F1,20171019,19:30,84.15,84.25,84.05,84.25,52500
BHEL_F1,20171019,19:31,84.3,84.3,84.3,84.3,7500
BHEL_F1,20171019,20:39,84.3,84.3,84.3,84.3,1
