TATAGLOBAL,20190821,09:08,266.00,266.00,266.00,266.00,1731,0
TATAGLOBAL,20190821,09:16,265.45,265.85,264.60,265.40,3524,0
TATAGLOBAL,20190821,09:17,265.90,265.90,265.20,265.55,5056,0
TATAGLOBAL,20190821,09:18,265.40,265.85,264.90,264.90,6051,0
TATAGLOBAL,20190821,09:19,265.05,265.60,265.05,265.25,2599,0
TATAGLOBAL,20190821,09:20,265.25,265.75,264.70,265.60,5454,0
TATAGLOBAL,20190821,09:21,265.60,265.95,265.55,265.55,1706,0
TATAGLOBAL,20190821,09:22,265.70,265.70,265.25,265.60,2562,0
TATAGLOBAL,20190821,09:23,265.35,265.55,265.35,265.45,1638,0
TATAGLOBAL,20190821,09:24,265.35,265.75,265.35,265.50,981,0
TATAGLOBAL,20190821,09:25,265.75,265.75,265.00,265.00,1287,0
TATAGLOBAL,20190821,09:26,265.00,265.00,264.60,264.60,2141,0
TATAGLOBAL,20190821,09:27,264.50,264.95,264.50,264.80,1718,0
TATAGLOBAL,20190821,09:28,264.80,264.80,264.60,264.70,682,0
TATAGLOBAL,20190821,09:29,265.00,265.00,264.40,264.55,3458,0
TATAGLOBAL,20190821,09:30,264.55,264.70,264.40,264.50,2909,0
TATAGLOBAL,20190821,09:31,264.35,264.40,264.30,264.40,1403,0
TATAGLOBAL,20190821,09:32,264.40,264.45,264.25,264.25,696,0
TATAGLOBAL,20190821,09:33,264.40,264.70,264.30,264.65,2961,0
TATAGLOBAL,20190821,09:34,264.60,264.85,264.55,264.55,3104,0
TATAGLOBAL,20190821,09:35,264.45,264.60,264.40,264.40,917,0
TATAGLOBAL,20190821,09:36,264.20,264.30,264.20,264.30,2269,0
TATAGLOBAL,20190821,09:37,264.30,264.50,264.20,264.45,5155,0
TATAGLOBAL,20190821,09:38,264.40,264.40,264.30,264.30,1643,0
TATAGLOBAL,20190821,09:39,264.25,264.60,264.25,264.50,3534,0
TATAGLOBAL,20190821,09:40,264.55,264.55,263.95,263.95,2943,0
TATAGLOBAL,20190821,09:41,264.05,264.40,264.00,264.40,2469,0
TATAGLOBAL,20190821,09:42,264.35,264.35,264.25,264.35,991,0
TATAGLOBAL,20190821,09:43,264.30,264.45,264.15,264.15,4632,0
TATAGLOBAL,20190821,09:44,264.20,264.30,263.60,263.60,8420,0
TATAGLOBAL,20190821,09:45,263.80,264.15,263.55,264.10,10646,0
TATAGLOBAL,20190821,09:46,264.10,264.15,263.75,264.05,4226,0
TATAGLOBAL,20190821,09:47,264.20,265.10,264.20,265.10,7364,0
TATAGLOBAL,20190821,09:48,264.85,265.10,264.80,265.10,1642,0
TATAGLOBAL,20190821,09:49,265.30,265.75,265.20,265.25,13456,0
TATAGLOBAL,20190821,09:50,265.20,265.40,264.95,265.20,5881,0
TATAGLOBAL,20190821,09:51,265.25,265.25,265.00,265.00,574,0
TATAGLOBAL,20190821,09:52,265.00,265.00,264.50,264.70,2485,0
TATAGLOBAL,20190821,09:53,264.65,264.85,264.35,264.50,978,0
TATAGLOBAL,20190821,09:54,264.55,264.70,264.45,264.70,976,0
TATAGLOBAL,20190821,09:55,264.70,264.70,264.30,264.60,2418,0
TATAGLOBAL,20190821,09:56,264.45,264.60,264.40,264.40,783,0
TATAGLOBAL,20190821,09:57,264.40,264.60,264.40,264.50,309,0
TATAGLOBAL,20190821,09:58,264.45,264.70,264.40,264.40,2853,0
TATAGLOBAL,20190821,09:59,264.35,264.50,264.25,264.40,732,0
TATAGLOBAL,20190821,10:00,264.30,264.40,264.20,264.25,838,0
TATAGLOBAL,20190821,10:01,264.25,264.50,264.25,264.50,452,0
TATAGLOBAL,20190821,10:02,264.40,264.50,264.30,264.40,1999,0
TATAGLOBAL,20190821,10:03,264.35,264.80,264.35,264.45,2638,0
TATAGLOBAL,20190821,10:04,264.60,264.65,264.30,264.45,1814,0
TATAGLOBAL,20190821,10:05,264.45,264.60,264.10,264.45,4158,0
TATAGLOBAL,20190821,10:06,264.55,264.55,264.25,264.40,301,0
TATAGLOBAL,20190821,10:07,264.20,264.35,264.05,264.35,412,0
TATAGLOBAL,20190821,10:08,264.40,264.40,264.15,264.15,258,0
TATAGLOBAL,20190821,10:09,264.15,264.15,263.95,264.10,5049,0
TATAGLOBAL,20190821,10:10,263.90,264.10,263.90,264.00,709,0
TATAGLOBAL,20190821,10:11,263.95,264.00,263.80,263.85,1484,0
TATAGLOBAL,20190821,10:12,263.75,263.80,263.70,263.75,513,0
TATAGLOBAL,20190821,10:13,263.75,263.80,263.50,263.60,5606,0
TATAGLOBAL,20190821,10:14,263.65,263.75,263.55,263.65,623,0
TATAGLOBAL,20190821,10:15,263.55,263.55,263.50,263.55,1842,0
TATAGLOBAL,20190821,10:16,263.50,263.50,263.10,263.25,10003,0
TATAGLOBAL,20190821,10:17,263.25,263.30,263.00,263.15,8200,0
TATAGLOBAL,20190821,10:18,263.10,263.35,263.00,263.35,501,0
TATAGLOBAL,20190821,10:19,263.25,263.35,262.85,262.95,3495,0
TATAGLOBAL,20190821,10:20,262.85,263.00,262.75,262.90,2181,0
TATAGLOBAL,20190821,10:21,262.90,262.95,262.70,262.95,2138,0
TATAGLOBAL,20190821,10:22,262.75,262.80,262.60,262.70,723,0
TATAGLOBAL,20190821,10:23,262.90,262.90,262.65,262.70,1954,0
TATAGLOBAL,20190821,10:24,262.75,262.80,262.70,262.75,898,0
TATAGLOBAL,20190821,10:25,262.70,262.85,262.65,262.75,2384,0
TATAGLOBAL,20190821,10:26,262.85,263.20,262.75,263.00,1727,0
TATAGLOBAL,20190821,10:27,262.90,263.10,262.90,263.10,590,0
TATAGLOBAL,20190821,10:28,262.90,263.40,262.90,263.15,4963,0
TATAGLOBAL,20190821,10:29,263.25,263.35,263.05,263.35,835,0
TATAGLOBAL,20190821,10:30,263.15,263.35,263.15,263.15,459,0
TATAGLOBAL,20190821,10:31,263.15,263.30,263.15,263.30,980,0
TATAGLOBAL,20190821,10:32,263.25,263.35,263.20,263.25,503,0
TATAGLOBAL,20190821,10:33,263.25,263.40,263.25,263.30,443,0
TATAGLOBAL,20190821,10:34,263.30,263.30,263.20,263.20,320,0
TATAGLOBAL,20190821,10:35,263.20,263.20,262.90,262.90,4415,0
TATAGLOBAL,20190821,10:36,262.90,262.95,262.90,262.90,682,0
TATAGLOBAL,20190821,10:37,262.90,262.95,262.70,262.70,4565,0
TATAGLOBAL,20190821,10:38,262.50,262.80,262.25,262.25,9455,0
TATAGLOBAL,20190821,10:39,262.25,262.30,261.75,261.95,12148,0
TATAGLOBAL,20190821,10:40,261.95,261.95,261.75,261.90,4759,0
TATAGLOBAL,20190821,10:41,261.90,262.25,261.85,262.00,5139,0
TATAGLOBAL,20190821,10:42,262.00,262.10,261.85,261.95,1997,0
TATAGLOBAL,20190821,10:43,261.95,262.00,261.75,261.80,2636,0
TATAGLOBAL,20190821,10:44,261.80,261.90,261.80,261.85,2135,0
TATAGLOBAL,20190821,10:45,261.95,262.00,261.50,261.50,7483,0
TATAGLOBAL,20190821,10:46,261.60,262.35,261.60,262.20,5561,0
TATAGLOBAL,20190821,10:47,262.10,262.50,262.00,262.40,2183,0
TATAGLOBAL,20190821,10:48,262.50,262.50,262.10,262.10,1826,0
TATAGLOBAL,20190821,10:49,262.00,262.00,261.80,261.95,3414,0
TATAGLOBAL,20190821,10:50,262.00,262.25,261.80,261.80,1589,0
TATAGLOBAL,20190821,10:51,261.80,261.95,261.80,261.90,691,0
TATAGLOBAL,20190821,10:52,261.80,262.00,261.80,261.90,1044,0
TATAGLOBAL,20190821,10:53,261.90,262.25,261.20,262.15,66537,0
TATAGLOBAL,20190821,10:54,262.15,262.25,262.00,262.05,1558,0
TATAGLOBAL,20190821,10:55,262.10,262.10,261.80,261.80,962,0
TATAGLOBAL,20190821,10:56,261.80,262.10,261.75,262.10,3135,0
TATAGLOBAL,20190821,10:57,261.75,261.75,261.35,261.65,88683,0
TATAGLOBAL,20190821,10:58,261.65,262.50,261.60,262.40,6561,0
TATAGLOBAL,20190821,10:59,262.25,262.50,262.15,262.20,1798,0
TATAGLOBAL,20190821,11:00,262.20,262.25,262.20,262.20,722,0
TATAGLOBAL,20190821,11:01,262.20,262.40,262.20,262.20,1626,0
TATAGLOBAL,20190821,11:02,262.20,262.35,262.20,262.35,775,0
TATAGLOBAL,20190821,11:03,262.25,262.50,262.25,262.25,1576,0
TATAGLOBAL,20190821,11:04,262.35,262.60,262.05,262.15,51128,0
TATAGLOBAL,20190821,11:05,262.15,262.25,261.90,262.00,2173,0
TATAGLOBAL,20190821,11:06,261.90,262.00,261.55,261.70,814,0
TATAGLOBAL,20190821,11:07,261.50,261.55,261.10,261.45,5924,0
TATAGLOBAL,20190821,11:08,261.35,261.45,261.30,261.35,962,0
TATAGLOBAL,20190821,11:09,261.35,261.40,261.00,261.20,4008,0
TATAGLOBAL,20190821,11:10,261.20,262.00,261.20,261.85,18753,0
TATAGLOBAL,20190821,11:11,261.85,261.85,261.55,261.65,14498,0
TATAGLOBAL,20190821,11:12,261.60,261.80,261.60,261.80,3400,0
TATAGLOBAL,20190821,11:13,261.80,261.80,261.45,261.45,10967,0
TATAGLOBAL,20190821,11:14,261.45,261.50,261.25,261.40,6042,0
TATAGLOBAL,20190821,11:15,261.35,261.40,261.20,261.30,3552,0
TATAGLOBAL,20190821,11:16,261.40,261.55,261.25,261.45,745,0
TATAGLOBAL,20190821,11:17,261.25,261.55,261.25,261.55,1504,0
TATAGLOBAL,20190821,11:18,261.40,261.50,261.25,261.50,2297,0
TATAGLOBAL,20190821,11:19,261.50,261.85,261.50,261.75,12057,0
TATAGLOBAL,20190821,11:20,261.75,262.40,261.75,262.40,4967,0
TATAGLOBAL,20190821,11:21,262.20,262.40,262.00,262.20,873,0
TATAGLOBAL,20190821,11:22,262.15,262.25,262.15,262.20,4028,0
TATAGLOBAL,20190821,11:23,262.20,262.40,262.20,262.40,6855,0
TATAGLOBAL,20190821,11:24,262.35,262.85,262.35,262.75,7638,0
TATAGLOBAL,20190821,11:25,262.75,262.90,262.60,262.60,2090,0
TATAGLOBAL,20190821,11:26,262.60,262.80,262.60,262.80,767,0
TATAGLOBAL,20190821,11:27,262.65,262.80,262.65,262.75,2509,0
TATAGLOBAL,20190821,11:28,262.80,262.90,262.65,262.80,2514,0
TATAGLOBAL,20190821,11:29,262.75,262.75,262.55,262.65,2784,0
TATAGLOBAL,20190821,11:30,262.65,262.75,262.40,262.40,1152,0
TATAGLOBAL,20190821,11:31,262.40,262.45,262.25,262.25,1273,0
TATAGLOBAL,20190821,11:32,262.20,262.20,262.15,262.15,798,0
TATAGLOBAL,20190821,11:33,262.15,262.25,262.15,262.20,713,0
TATAGLOBAL,20190821,11:34,262.15,262.25,261.95,262.15,3325,0
TATAGLOBAL,20190821,11:35,262.10,262.15,262.10,262.10,322,0
TATAGLOBAL,20190821,11:36,262.00,262.45,262.00,262.45,1016,0
TATAGLOBAL,20190821,11:37,262.40,262.45,262.05,262.30,1318,0
TATAGLOBAL,20190821,11:38,262.25,262.40,262.25,262.30,506,0
TATAGLOBAL,20190821,11:39,262.25,262.25,262.00,262.00,373,0
TATAGLOBAL,20190821,11:40,262.00,262.25,261.85,262.25,5405,0
TATAGLOBAL,20190821,11:41,262.25,262.25,262.15,262.20,315,0
TATAGLOBAL,20190821,11:42,262.20,262.20,262.15,262.20,296,0
TATAGLOBAL,20190821,11:43,262.20,262.20,262.05,262.05,270,0
TATAGLOBAL,20190821,11:44,262.00,262.10,261.95,261.95,300,0
TATAGLOBAL,20190821,11:45,262.00,262.05,261.95,261.95,550,0
TATAGLOBAL,20190821,11:46,261.95,262.20,261.95,262.20,465,0
TATAGLOBAL,20190821,11:47,262.15,262.15,262.05,262.05,329,0
TATAGLOBAL,20190821,11:48,262.05,262.20,262.05,262.10,771,0
TATAGLOBAL,20190821,11:49,262.15,262.35,262.05,262.35,1691,0
TATAGLOBAL,20190821,11:50,262.10,262.35,262.10,262.15,1600,0
TATAGLOBAL,20190821,11:51,262.10,262.20,262.00,262.00,527,0
TATAGLOBAL,20190821,11:52,262.00,262.20,262.00,262.05,515,0
TATAGLOBAL,20190821,11:53,262.05,262.35,262.00,262.35,858,0
TATAGLOBAL,20190821,11:54,262.15,262.25,262.15,262.20,342,0
TATAGLOBAL,20190821,11:55,262.20,262.40,262.20,262.30,1635,0
TATAGLOBAL,20190821,11:56,262.25,262.35,262.25,262.25,357,0
TATAGLOBAL,20190821,11:57,262.25,262.30,262.25,262.25,427,0
TATAGLOBAL,20190821,11:58,262.25,262.25,262.25,262.25,585,0
TATAGLOBAL,20190821,11:59,262.25,262.50,262.25,262.45,745,0
TATAGLOBAL,20190821,12:00,262.45,262.50,262.45,262.50,1085,0
TATAGLOBAL,20190821,12:01,262.50,262.50,262.05,262.15,4552,0
TATAGLOBAL,20190821,12:02,262.15,262.15,261.85,261.90,1715,0
TATAGLOBAL,20190821,12:03,261.85,262.00,261.80,262.00,422,0
TATAGLOBAL,20190821,12:04,261.80,262.00,261.70,261.90,751,0
TATAGLOBAL,20190821,12:05,261.70,261.90,261.60,261.85,1317,0
TATAGLOBAL,20190821,12:06,261.65,262.00,261.60,261.90,2424,0
TATAGLOBAL,20190821,12:07,262.00,262.00,261.85,261.85,269,0
TATAGLOBAL,20190821,12:08,261.85,262.00,261.85,262.00,3382,0
TATAGLOBAL,20190821,12:09,261.80,261.85,261.50,261.50,1074,0
TATAGLOBAL,20190821,12:10,261.35,261.55,261.20,261.40,7323,0
TATAGLOBAL,20190821,12:11,261.30,261.45,261.25,261.30,500,0
TATAGLOBAL,20190821,12:12,261.40,261.60,261.30,261.40,1239,0
TATAGLOBAL,20190821,12:13,261.35,261.75,261.35,261.55,1961,0
TATAGLOBAL,20190821,12:14,261.65,261.75,261.65,261.65,411,0
TATAGLOBAL,20190821,12:15,261.65,261.85,261.55,261.65,347,0
TATAGLOBAL,20190821,12:16,261.55,261.65,261.50,261.55,348,0
TATAGLOBAL,20190821,12:17,261.50,261.50,261.35,261.40,458,0
TATAGLOBAL,20190821,12:18,261.35,261.55,261.35,261.40,1843,0
TATAGLOBAL,20190821,12:19,261.35,261.55,261.15,261.30,9305,0
TATAGLOBAL,20190821,12:20,261.30,261.35,261.30,261.30,337,0
TATAGLOBAL,20190821,12:21,261.30,261.60,261.30,261.60,1904,0
TATAGLOBAL,20190821,12:22,261.55,261.75,261.55,261.60,542,0
TATAGLOBAL,20190821,12:23,261.65,261.65,261.65,261.65,542,0
TATAGLOBAL,20190821,12:24,261.70,261.70,261.65,261.70,396,0
TATAGLOBAL,20190821,12:25,261.70,262.00,261.70,261.95,3369,0
TATAGLOBAL,20190821,12:26,262.00,262.25,261.95,262.20,1143,0
TATAGLOBAL,20190821,12:27,262.25,262.40,262.05,262.40,16600,0
TATAGLOBAL,20190821,12:28,262.20,262.40,262.20,262.40,1162,0
TATAGLOBAL,20190821,12:29,262.40,262.45,262.15,262.35,1610,0
TATAGLOBAL,20190821,12:30,262.20,262.40,262.00,262.10,668,0
TATAGLOBAL,20190821,12:31,262.05,262.35,262.00,262.00,388,0
TATAGLOBAL,20190821,12:32,262.00,262.20,261.90,261.90,1218,0
TATAGLOBAL,20190821,12:33,262.00,262.00,261.90,261.90,4142,0
TATAGLOBAL,20190821,12:34,262.00,262.75,262.00,262.75,20068,0
TATAGLOBAL,20190821,12:35,262.80,263.05,262.80,262.95,8368,0
TATAGLOBAL,20190821,12:36,262.70,263.00,262.70,262.75,2268,0
TATAGLOBAL,20190821,12:37,262.85,262.85,262.70,262.75,3299,0
TATAGLOBAL,20190821,12:38,262.75,262.80,262.75,262.80,819,0
TATAGLOBAL,20190821,12:39,262.75,262.75,262.60,262.65,414,0
TATAGLOBAL,20190821,12:40,262.60,262.90,262.60,262.90,1813,0
TATAGLOBAL,20190821,12:41,262.80,262.85,262.65,262.80,620,0
TATAGLOBAL,20190821,12:42,262.80,262.90,262.75,262.75,635,0
TATAGLOBAL,20190821,12:43,262.85,263.00,262.80,262.80,1131,0
TATAGLOBAL,20190821,12:44,262.80,262.85,262.80,262.80,652,0
TATAGLOBAL,20190821,12:45,262.95,262.95,262.65,262.70,1558,0
TATAGLOBAL,20190821,12:46,262.65,262.80,262.65,262.75,503,0
TATAGLOBAL,20190821,12:47,262.75,263.25,262.70,263.20,10356,0
TATAGLOBAL,20190821,12:48,263.20,263.20,263.10,263.15,1413,0
TATAGLOBAL,20190821,12:49,263.15,263.15,262.85,262.85,640,0
TATAGLOBAL,20190821,12:50,262.90,263.00,262.80,262.80,1604,0
TATAGLOBAL,20190821,12:51,262.80,262.80,262.75,262.75,1929,0
TATAGLOBAL,20190821,12:52,262.75,262.75,262.75,262.75,2082,0
TATAGLOBAL,20190821,12:53,262.75,262.95,262.75,262.90,596,0
TATAGLOBAL,20190821,12:54,262.90,263.55,262.80,263.35,7892,0
TATAGLOBAL,20190821,12:55,263.35,263.70,263.20,263.50,4499,0
TATAGLOBAL,20190821,12:56,263.50,264.00,263.50,263.90,9075,0
TATAGLOBAL,20190821,12:57,263.70,263.70,263.50,263.50,1842,0
TATAGLOBAL,20190821,12:58,263.40,263.60,263.35,263.55,1160,0
TATAGLOBAL,20190821,12:59,263.70,263.90,263.60,263.60,1227,0
TATAGLOBAL,20190821,13:00,263.60,263.70,263.50,263.70,520,0
TATAGLOBAL,20190821,13:01,263.70,263.80,263.70,263.70,1274,0
TATAGLOBAL,20190821,13:02,263.70,263.75,263.50,263.60,862,0
TATAGLOBAL,20190821,13:03,263.60,263.75,263.50,263.75,1636,0
TATAGLOBAL,20190821,13:04,263.80,263.95,263.70,263.75,2216,0
TATAGLOBAL,20190821,13:05,263.75,263.80,263.65,263.70,486,0
TATAGLOBAL,20190821,13:06,263.70,263.70,263.45,263.65,2444,0
TATAGLOBAL,20190821,13:07,263.70,263.70,263.40,263.45,1061,0
TATAGLOBAL,20190821,13:08,263.45,263.60,263.30,263.60,1818,0
TATAGLOBAL,20190821,13:09,263.55,263.65,263.55,263.60,323,0
TATAGLOBAL,20190821,13:10,263.60,263.65,263.50,263.55,1171,0
TATAGLOBAL,20190821,13:11,263.50,263.50,263.40,263.50,429,0
TATAGLOBAL,20190821,13:12,263.45,263.75,263.35,263.60,754,0
TATAGLOBAL,20190821,13:13,263.50,263.60,263.30,263.60,1358,0
TATAGLOBAL,20190821,13:14,263.45,263.65,263.45,263.65,1071,0
TATAGLOBAL,20190821,13:15,263.70,263.70,263.60,263.65,702,0
TATAGLOBAL,20190821,13:16,263.65,263.70,263.65,263.70,978,0
TATAGLOBAL,20190821,13:17,263.65,263.95,263.65,263.80,1959,0
TATAGLOBAL,20190821,13:18,263.90,264.25,263.90,264.20,6935,0
TATAGLOBAL,20190821,13:19,264.20,264.25,263.95,264.00,5507,0
TATAGLOBAL,20190821,13:20,263.90,264.00,263.65,263.75,814,0
TATAGLOBAL,20190821,13:21,263.65,263.75,263.60,263.65,443,0
TATAGLOBAL,20190821,13:22,263.65,263.75,263.50,263.50,532,0
TATAGLOBAL,20190821,13:23,263.50,263.60,263.45,263.60,2211,0
TATAGLOBAL,20190821,13:24,263.65,263.80,263.45,263.50,2818,0
TATAGLOBAL,20190821,13:25,263.35,263.50,263.15,263.50,1850,0
TATAGLOBAL,20190821,13:26,263.20,263.25,263.00,263.05,1974,0
TATAGLOBAL,20190821,13:27,263.05,263.20,263.00,263.15,1671,0
TATAGLOBAL,20190821,13:28,263.15,263.35,263.00,263.05,1174,0
TATAGLOBAL,20190821,13:29,263.10,263.25,263.00,263.25,2690,0
TATAGLOBAL,20190821,13:30,263.15,263.25,263.00,263.15,1854,0
TATAGLOBAL,20190821,13:31,263.05,263.05,262.85,262.85,1973,0
TATAGLOBAL,20190821,13:32,262.85,263.00,262.85,263.00,805,0
TATAGLOBAL,20190821,13:33,262.95,263.10,262.75,263.10,569,0
TATAGLOBAL,20190821,13:34,262.75,262.85,262.70,262.80,394,0
TATAGLOBAL,20190821,13:35,262.75,263.00,262.75,262.80,463,0
TATAGLOBAL,20190821,13:36,262.80,262.80,262.50,262.50,3286,0
TATAGLOBAL,20190821,13:37,262.50,262.70,262.50,262.70,426,0
TATAGLOBAL,20190821,13:38,262.50,262.75,262.35,262.40,2187,0
TATAGLOBAL,20190821,13:39,262.25,262.45,262.20,262.20,510,0
TATAGLOBAL,20190821,13:40,262.20,262.30,262.20,262.25,392,0
TATAGLOBAL,20190821,13:41,262.25,262.25,262.15,262.15,551,0
TATAGLOBAL,20190821,13:42,262.10,262.30,262.00,262.25,2023,0
TATAGLOBAL,20190821,13:43,262.25,262.30,262.10,262.10,436,0
TATAGLOBAL,20190821,13:44,262.05,262.15,262.00,262.00,859,0
TATAGLOBAL,20190821,13:45,262.00,262.00,261.80,261.80,1535,0
TATAGLOBAL,20190821,13:46,261.85,261.95,261.75,261.75,1155,0
TATAGLOBAL,20190821,13:47,261.80,261.80,261.45,261.45,2023,0
TATAGLOBAL,20190821,13:48,261.50,261.75,261.30,261.70,2506,0
TATAGLOBAL,20190821,13:49,261.30,261.75,261.30,261.50,2364,0
TATAGLOBAL,20190821,13:50,261.50,261.65,261.50,261.65,350,0
TATAGLOBAL,20190821,13:51,261.75,262.25,261.75,262.10,2748,0
TATAGLOBAL,20190821,13:52,262.00,262.25,262.00,262.05,1442,0
TATAGLOBAL,20190821,13:53,262.00,262.00,261.85,261.85,1523,0
TATAGLOBAL,20190821,13:54,261.90,261.90,261.70,261.70,2224,0
TATAGLOBAL,20190821,13:55,261.70,261.90,261.70,261.80,597,0
TATAGLOBAL,20190821,13:56,261.80,261.85,261.60,261.60,413,0
TATAGLOBAL,20190821,13:57,261.60,261.75,261.55,261.70,400,0
TATAGLOBAL,20190821,13:58,261.60,261.70,261.50,261.55,3922,0
TATAGLOBAL,20190821,13:59,261.55,261.70,261.50,261.70,9297,0
TATAGLOBAL,20190821,14:00,261.70,262.10,261.70,262.05,1223,0
TATAGLOBAL,20190821,14:01,261.95,261.95,261.80,261.95,892,0
TATAGLOBAL,20190821,14:02,261.80,261.95,261.80,261.80,289,0
TATAGLOBAL,20190821,14:03,261.80,261.85,261.80,261.85,2138,0
TATAGLOBAL,20190821,14:04,261.85,261.85,261.80,261.80,359,0
TATAGLOBAL,20190821,14:05,261.80,261.85,261.80,261.80,335,0
TATAGLOBAL,20190821,14:06,261.80,262.00,261.80,261.90,2746,0
TATAGLOBAL,20190821,14:07,261.85,262.00,261.80,261.85,635,0
TATAGLOBAL,20190821,14:08,261.80,262.15,261.80,262.15,673,0
TATAGLOBAL,20190821,14:09,261.95,261.95,261.75,261.75,561,0
TATAGLOBAL,20190821,14:10,261.70,262.00,261.65,261.85,639,0
TATAGLOBAL,20190821,14:11,262.05,262.05,261.95,261.95,951,0
TATAGLOBAL,20190821,14:12,262.00,262.15,261.80,261.85,2525,0
TATAGLOBAL,20190821,14:13,261.80,262.00,261.80,261.80,913,0
TATAGLOBAL,20190821,14:14,262.00,262.00,261.70,261.75,430,0
TATAGLOBAL,20190821,14:15,261.70,261.75,261.60,261.75,399,0
TATAGLOBAL,20190821,14:16,261.75,261.80,261.60,261.75,470,0
TATAGLOBAL,20190821,14:17,261.65,261.80,261.50,261.50,357,0
TATAGLOBAL,20190821,14:18,261.70,261.90,261.45,261.55,1866,0
TATAGLOBAL,20190821,14:19,261.60,261.90,261.60,261.65,490,0
TATAGLOBAL,20190821,14:20,261.65,261.65,261.60,261.60,1224,0
TATAGLOBAL,20190821,14:21,261.60,261.90,261.60,261.75,332,0
TATAGLOBAL,20190821,14:22,261.75,263.20,261.75,263.05,10048,0
TATAGLOBAL,20190821,14:23,263.00,263.05,262.60,263.05,3639,0
TATAGLOBAL,20190821,14:24,262.95,263.00,262.70,262.80,2228,0
TATAGLOBAL,20190821,14:25,262.80,262.90,262.60,262.75,694,0
TATAGLOBAL,20190821,14:26,262.60,262.90,262.60,262.70,1405,0
TATAGLOBAL,20190821,14:27,262.75,263.10,262.65,263.05,2776,0
TATAGLOBAL,20190821,14:28,263.05,263.30,263.00,263.00,953,0
TATAGLOBAL,20190821,14:29,263.00,263.30,263.00,263.25,2557,0
TATAGLOBAL,20190821,14:30,263.20,263.30,262.95,262.95,3030,0
TATAGLOBAL,20190821,14:31,262.95,262.95,262.55,262.80,1285,0
TATAGLOBAL,20190821,14:32,262.75,262.75,262.05,262.15,2833,0
TATAGLOBAL,20190821,14:33,262.15,262.20,262.00,262.20,2212,0
TATAGLOBAL,20190821,14:34,262.40,262.50,262.15,262.50,633,0
TATAGLOBAL,20190821,14:35,262.25,262.50,262.10,262.35,399,0
TATAGLOBAL,20190821,14:36,262.15,262.50,262.15,262.50,1310,0
TATAGLOBAL,20190821,14:37,262.65,262.65,262.20,262.20,3873,0
TATAGLOBAL,20190821,14:38,262.20,262.35,262.20,262.35,288,0
TATAGLOBAL,20190821,14:39,262.25,262.50,262.25,262.35,425,0
TATAGLOBAL,20190821,14:40,262.30,262.30,262.25,262.25,763,0
TATAGLOBAL,20190821,14:41,262.30,262.50,262.20,262.50,1252,0
TATAGLOBAL,20190821,14:42,262.55,262.65,262.25,262.25,7714,0
TATAGLOBAL,20190821,14:43,262.20,262.55,262.20,262.55,1294,0
TATAGLOBAL,20190821,14:44,262.50,262.50,262.35,262.40,780,0
TATAGLOBAL,20190821,14:45,262.35,262.60,262.35,262.60,1315,0
TATAGLOBAL,20190821,14:46,262.60,262.60,262.45,262.50,1050,0
TATAGLOBAL,20190821,14:47,262.45,262.45,262.10,262.30,3450,0
TATAGLOBAL,20190821,14:48,262.25,262.25,262.10,262.20,643,0
TATAGLOBAL,20190821,14:49,262.10,262.35,262.10,262.30,1021,0
TATAGLOBAL,20190821,14:50,262.20,262.25,262.20,262.20,591,0
TATAGLOBAL,20190821,14:51,262.30,262.40,262.20,262.40,317,0
TATAGLOBAL,20190821,14:52,262.20,262.45,262.20,262.20,1084,0
TATAGLOBAL,20190821,14:53,262.20,262.50,262.20,262.45,2522,0
TATAGLOBAL,20190821,14:54,262.40,262.60,262.35,262.35,845,0
TATAGLOBAL,20190821,14:55,262.30,262.40,262.20,262.20,1755,0
TATAGLOBAL,20190821,14:56,262.20,262.25,262.20,262.25,1822,0
TATAGLOBAL,20190821,14:57,262.25,262.25,262.05,262.10,2479,0
TATAGLOBAL,20190821,14:58,262.20,262.20,261.95,261.95,2019,0
TATAGLOBAL,20190821,14:59,262.00,262.00,261.95,261.95,2253,0
TATAGLOBAL,20190821,15:00,261.95,261.95,261.70,261.75,3186,0
TATAGLOBAL,20190821,15:01,261.75,262.70,261.75,262.55,5736,0
TATAGLOBAL,20190821,15:02,262.50,262.55,262.15,262.15,2307,0
TATAGLOBAL,20190821,15:03,262.25,262.65,262.15,262.45,2638,0
TATAGLOBAL,20190821,15:04,262.50,262.55,262.15,262.15,2339,0
TATAGLOBAL,20190821,15:05,262.05,262.30,262.00,262.00,2561,0
TATAGLOBAL,20190821,15:06,262.10,262.60,262.10,262.25,3662,0
TATAGLOBAL,20190821,15:07,262.40,262.40,262.10,262.15,2541,0
TATAGLOBAL,20190821,15:08,262.20,262.55,262.20,262.25,4085,0
TATAGLOBAL,20190821,15:09,262.20,262.50,262.20,262.30,4639,0
TATAGLOBAL,20190821,15:10,262.35,262.60,262.15,262.30,4984,0
TATAGLOBAL,20190821,15:11,262.20,262.70,262.20,262.70,5239,0
TATAGLOBAL,20190821,15:12,262.50,262.50,262.10,262.10,4625,0
TATAGLOBAL,20190821,15:13,262.05,262.15,262.00,262.10,4447,0
TATAGLOBAL,20190821,15:14,262.05,262.10,261.95,262.00,4857,0
TATAGLOBAL,20190821,15:15,262.05,262.10,261.90,261.95,2571,0
TATAGLOBAL,20190821,15:16,261.90,262.45,261.80,262.35,16031,0
TATAGLOBAL,20190821,15:17,262.50,262.60,262.00,262.20,16200,0
TATAGLOBAL,20190821,15:18,262.20,262.25,262.00,262.05,4885,0
TATAGLOBAL,20190821,15:19,262.10,262.25,262.05,262.15,2628,0
TATAGLOBAL,20190821,15:20,262.15,262.25,261.95,262.10,5766,0
TATAGLOBAL,20190821,15:21,262.10,262.10,261.60,261.60,11735,0
TATAGLOBAL,20190821,15:22,261.60,261.60,261.20,261.25,8324,0
TATAGLOBAL,20190821,15:23,261.25,261.25,260.35,260.50,21034,0
TATAGLOBAL,20190821,15:24,260.45,260.95,260.30,260.35,9273,0
TATAGLOBAL,20190821,15:25,260.30,260.50,260.20,260.35,6457,0
TATAGLOBAL,20190821,15:26,260.45,260.50,260.25,260.50,9516,0
TATAGLOBAL,20190821,15:27,260.20,260.40,260.15,260.20,9007,0
TATAGLOBAL,20190821,15:28,260.30,260.45,260.00,260.25,8999,0
TATAGLOBAL,20190821,15:29,260.30,260.40,259.60,259.80,6971,0
TATAGLOBAL,20190821,15:30,260.40,260.45,259.70,260.45,8889,0
TATAGLOBAL,20190821,15:32,261.45,261.45,261.45,261.45,0,0
TATAGLOBAL,20190821,16:00,261.45,261.45,261.45,261.45,5,0
TATAGLOBAL,20190821,16:38,261.45,261.45,261.45,261.45,0,0
