SAIL_F1,20210930,09:16,115.50,116.15,115.05,115.85,693500,58890500
SAIL_F1,20210930,09:17,116.40,116.70,116.40,116.60,1149500,58890500
SAIL_F1,20210930,09:18,116.25,116.75,116.15,116.75,2137500,60173000
SAIL_F1,20210930,09:19,117.00,117.00,116.60,116.85,1643500,60173000
SAIL_F1,20210930,09:20,116.85,117.15,116.85,117.05,1216000,60173000
SAIL_F1,20210930,09:21,117.15,117.65,117.15,117.50,1700500,61028000
SAIL_F1,20210930,09:22,117.45,117.65,117.45,117.65,1358500,61028000
SAIL_F1,20210930,09:23,117.70,118.20,117.65,118.00,1339500,61028000
SAIL_F1,20210930,09:24,117.75,117.75,117.30,117.30,1738500,60667000
SAIL_F1,20210930,09:25,117.30,117.30,116.55,116.65,1225500,60667000
SAIL_F1,20210930,09:26,116.65,116.80,116.30,116.30,465500,60667000
SAIL_F1,20210930,09:27,116.15,116.35,116.15,116.35,1330000,60667000
SAIL_F1,20210930,09:28,116.30,116.40,116.30,116.40,1957000,60724000
SAIL_F1,20210930,09:29,116.25,116.40,116.15,116.15,836000,60724000
SAIL_F1,20210930,09:30,116.00,116.00,116.00,116.00,940500,60724000
SAIL_F1,20210930,09:31,116.00,116.00,115.90,115.90,456000,60391500
SAIL_F1,20210930,09:32,115.95,116.00,115.90,115.90,541500,60391500
SAIL_F1,20210930,09:33,115.90,115.90,115.55,115.60,190000,60391500
SAIL_F1,20210930,09:34,115.60,115.65,115.45,115.45,294500,60059000
SAIL_F1,20210930,09:35,115.55,115.55,115.25,115.35,627000,60059000
SAIL_F1,20210930,09:36,115.30,115.35,115.05,115.05,589000,60059000
SAIL_F1,20210930,09:37,115.10,115.25,115.10,115.20,247000,59888000
SAIL_F1,20210930,09:38,115.30,115.45,115.30,115.45,427500,59888000
SAIL_F1,20210930,09:39,115.55,115.55,114.90,115.00,750500,59888000
SAIL_F1,20210930,09:40,114.90,115.00,114.30,114.35,465500,59916500
SAIL_F1,20210930,09:41,114.55,115.00,114.55,115.00,209000,59916500
SAIL_F1,20210930,09:42,115.35,115.35,115.25,115.30,351500,59916500
SAIL_F1,20210930,09:43,115.20,115.40,115.05,115.40,285000,59821500
SAIL_F1,20210930,09:44,115.60,115.60,115.30,115.30,275500,59821500
SAIL_F1,20210930,09:45,115.30,115.30,115.15,115.15,285000,58482000
SAIL_F1,20210930,09:46,115.15,115.60,115.15,115.60,475000,58482000
SAIL_F1,20210930,09:47,115.60,115.80,115.60,115.80,636500,58482000
SAIL_F1,20210930,09:48,115.65,115.80,115.65,115.80,503500,58482000
SAIL_F1,20210930,09:49,115.80,115.80,115.40,115.40,456000,58339500
SAIL_F1,20210930,09:50,115.50,115.55,115.40,115.40,332500,58339500
SAIL_F1,20210930,09:51,115.10,115.10,114.80,114.80,256500,58339500
SAIL_F1,20210930,09:52,115.10,115.10,115.00,115.00,503500,58149500
SAIL_F1,20210930,09:53,115.35,115.55,115.35,115.55,665000,58149500
SAIL_F1,20210930,09:54,115.50,115.60,115.50,115.60,532000,58149500
SAIL_F1,20210930,09:55,115.60,115.60,115.25,115.25,294500,58244500
SAIL_F1,20210930,09:56,115.25,115.25,114.90,115.00,446500,58244500
SAIL_F1,20210930,09:57,115.00,115.00,114.75,114.95,560500,58244500
SAIL_F1,20210930,09:58,114.95,115.00,114.80,114.80,237500,57959500
SAIL_F1,20210930,09:59,114.95,115.15,114.90,114.90,247000,57959500
SAIL_F1,20210930,10:00,114.90,114.90,114.65,114.65,66500,57959500
SAIL_F1,20210930,10:01,114.65,114.80,114.65,114.80,209000,57940500
SAIL_F1,20210930,10:02,114.80,114.80,114.25,114.55,5519500,57940500
SAIL_F1,20210930,10:03,114.55,114.55,114.35,114.35,1662500,57940500
SAIL_F1,20210930,10:04,114.45,114.70,114.35,114.65,456000,57579500
SAIL_F1,20210930,10:05,114.55,114.75,114.55,114.75,142500,57579500
SAIL_F1,20210930,10:06,114.75,115.10,114.75,115.05,798000,57579500
SAIL_F1,20210930,10:07,115.10,115.25,115.10,115.10,313500,57503500
SAIL_F1,20210930,10:08,115.00,115.00,115.00,115.00,47500,57503500
SAIL_F1,20210930,10:09,115.20,115.20,115.20,115.20,19000,57503500
SAIL_F1,20210930,10:10,115.35,115.35,115.30,115.30,418000,57446500
SAIL_F1,20210930,10:11,115.30,115.30,115.00,115.00,142500,57446500
SAIL_F1,20210930,10:12,114.90,115.00,114.90,115.00,228000,57446500
SAIL_F1,20210930,10:13,115.00,115.00,114.90,114.90,294500,57237500
SAIL_F1,20210930,10:14,114.85,114.85,114.70,114.70,142500,57237500
SAIL_F1,20210930,10:15,114.70,114.90,114.70,114.90,66500,57237500
SAIL_F1,20210930,10:16,114.80,114.85,114.80,114.80,228000,57218500
SAIL_F1,20210930,10:17,114.75,114.80,114.70,114.80,76000,57218500
SAIL_F1,20210930,10:18,114.75,114.75,114.75,114.75,104500,57218500
SAIL_F1,20210930,10:19,114.90,114.95,114.80,114.95,323000,57076000
SAIL_F1,20210930,10:20,114.95,114.95,114.80,114.80,285000,57076000
SAIL_F1,20210930,10:21,114.75,114.95,114.75,114.80,161500,57076000
SAIL_F1,20210930,10:22,114.80,115.05,114.80,115.05,161500,57000000
SAIL_F1,20210930,10:23,115.05,115.05,115.05,115.05,47500,57000000
SAIL_F1,20210930,10:24,115.05,115.05,115.00,115.00,133000,57000000
SAIL_F1,20210930,10:25,114.95,114.95,114.85,114.85,342000,56962000
SAIL_F1,20210930,10:26,114.80,114.85,114.80,114.85,133000,56962000
SAIL_F1,20210930,10:27,114.90,114.90,114.85,114.90,978500,56962000
SAIL_F1,20210930,10:28,114.90,115.10,114.90,114.90,1216000,56705500
SAIL_F1,20210930,10:29,115.10,115.20,115.05,115.20,1035500,56705500
SAIL_F1,20210930,10:30,115.20,115.20,115.15,115.15,931000,56705500
SAIL_F1,20210930,10:31,114.55,114.60,114.50,114.50,380000,56838500
SAIL_F1,20210930,10:32,114.35,114.35,114.15,114.15,123500,56838500
SAIL_F1,20210930,10:33,114.20,114.20,114.20,114.20,123500,56838500
SAIL_F1,20210930,10:34,114.35,114.45,114.30,114.45,95000,56772000
SAIL_F1,20210930,10:35,114.40,114.40,114.30,114.30,190000,56772000
SAIL_F1,20210930,10:36,114.35,114.35,114.35,114.35,57000,56772000
SAIL_F1,20210930,10:37,114.35,114.35,114.30,114.30,85500,56506000
SAIL_F1,20210930,10:38,114.30,114.30,114.10,114.20,171000,56506000
SAIL_F1,20210930,10:39,114.10,114.10,114.05,114.05,19000,56506000
SAIL_F1,20210930,10:40,114.10,114.20,114.10,114.10,494000,56477500
SAIL_F1,20210930,10:41,114.20,114.25,114.20,114.25,475000,56477500
SAIL_F1,20210930,10:43,114.25,114.35,114.25,114.35,66500,55746000
SAIL_F1,20210930,10:44,114.30,114.40,114.15,114.15,199500,55746000
SAIL_F1,20210930,10:45,114.45,114.45,114.45,114.45,95000,55746000
SAIL_F1,20210930,10:46,114.55,114.55,114.45,114.45,190000,55489500
SAIL_F1,20210930,10:47,114.75,114.95,114.65,114.65,342000,55489500
SAIL_F1,20210930,10:48,114.75,114.75,114.65,114.65,47500,55489500
SAIL_F1,20210930,10:49,114.55,114.55,114.50,114.50,47500,55337500
SAIL_F1,20210930,10:50,114.50,114.50,114.50,114.50,532000,55337500
SAIL_F1,20210930,10:51,114.50,114.50,114.30,114.30,522500,55337500
SAIL_F1,20210930,10:52,114.30,114.45,114.30,114.45,76000,54824500
SAIL_F1,20210930,10:53,114.55,114.65,114.55,114.65,161500,54824500
SAIL_F1,20210930,10:54,114.50,114.50,114.40,114.40,142500,54824500
SAIL_F1,20210930,10:55,114.50,114.50,114.45,114.45,28500,54824500
SAIL_F1,20210930,10:56,114.45,114.50,114.40,114.50,85500,54824500
SAIL_F1,20210930,10:57,114.60,114.60,114.50,114.50,76000,54824500
SAIL_F1,20210930,10:58,114.45,114.55,114.45,114.50,408500,54710500
SAIL_F1,20210930,10:59,114.50,114.50,114.40,114.40,294500,54710500
SAIL_F1,20210930,11:00,114.40,114.60,114.40,114.60,171000,54710500
SAIL_F1,20210930,11:01,114.50,114.75,114.50,114.70,399000,54729500
SAIL_F1,20210930,11:02,114.75,114.75,114.65,114.75,85500,54729500
SAIL_F1,20210930,11:03,114.75,114.85,114.75,114.80,161500,54729500
SAIL_F1,20210930,11:04,114.80,114.95,114.80,114.95,199500,54368500
SAIL_F1,20210930,11:05,114.90,115.00,114.90,115.00,152000,54368500
SAIL_F1,20210930,11:06,115.00,115.00,114.90,114.90,28500,54368500
SAIL_F1,20210930,11:07,115.00,115.10,115.00,115.00,323000,54368500
SAIL_F1,20210930,11:08,115.00,115.00,115.00,115.00,95000,54368500
SAIL_F1,20210930,11:09,114.90,115.00,114.90,115.00,76000,54368500
SAIL_F1,20210930,11:10,115.00,115.05,114.90,115.05,95000,54226000
SAIL_F1,20210930,11:11,115.05,115.05,115.05,115.05,133000,54226000
SAIL_F1,20210930,11:12,115.00,115.00,114.90,114.90,47500,54226000
SAIL_F1,20210930,11:13,114.85,114.85,114.85,114.85,38000,54140500
SAIL_F1,20210930,11:14,114.85,114.90,114.80,114.80,104500,54140500
SAIL_F1,20210930,11:15,114.80,114.90,114.80,114.90,28500,54140500
SAIL_F1,20210930,11:16,114.80,114.80,114.80,114.80,19000,53846000
SAIL_F1,20210930,11:17,114.70,114.70,114.70,114.70,123500,53846000
SAIL_F1,20210930,11:18,114.80,114.80,114.70,114.75,142500,53846000
SAIL_F1,20210930,11:20,114.75,114.75,114.75,114.75,85500,53865000
SAIL_F1,20210930,11:21,114.85,114.95,114.85,114.90,209000,53865000
SAIL_F1,20210930,11:22,114.90,115.05,114.90,115.05,218500,53314000
SAIL_F1,20210930,11:23,115.05,115.10,115.00,115.10,446500,53314000
SAIL_F1,20210930,11:24,115.20,115.25,115.10,115.10,541500,53314000
SAIL_F1,20210930,11:25,115.10,115.10,115.10,115.10,456000,53219000
SAIL_F1,20210930,11:26,115.10,115.10,115.10,115.10,47500,53219000
SAIL_F1,20210930,11:27,115.10,115.30,115.10,115.15,228000,53219000
SAIL_F1,20210930,11:28,115.15,115.20,115.15,115.20,19000,53190500
SAIL_F1,20210930,11:29,115.35,115.35,115.25,115.25,256500,53190500
SAIL_F1,20210930,11:30,115.25,115.25,115.25,115.25,95000,53190500
SAIL_F1,20210930,11:31,115.30,115.30,115.20,115.20,57000,52953000
SAIL_F1,20210930,11:32,115.20,115.25,115.20,115.20,28500,52953000
SAIL_F1,20210930,11:33,115.15,115.20,115.15,115.20,190000,52953000
SAIL_F1,20210930,11:34,115.10,115.10,115.10,115.10,104500,52981500
SAIL_F1,20210930,11:35,115.20,115.20,115.20,115.20,237500,52981500
SAIL_F1,20210930,11:36,115.20,115.20,115.20,115.20,123500,52981500
SAIL_F1,20210930,11:37,115.20,115.25,115.20,115.20,57000,52810500
SAIL_F1,20210930,11:38,115.20,115.40,115.20,115.40,256500,52810500
SAIL_F1,20210930,11:39,115.25,115.35,115.25,115.35,47500,52810500
SAIL_F1,20210930,11:40,115.35,115.50,115.25,115.50,266000,52820000
SAIL_F1,20210930,11:41,115.60,115.60,115.55,115.55,114000,52820000
SAIL_F1,20210930,11:42,115.55,115.55,115.50,115.50,85500,52820000
SAIL_F1,20210930,11:43,115.45,115.45,115.45,115.45,57000,52725000
SAIL_F1,20210930,11:44,115.50,115.50,115.50,115.50,133000,52725000
SAIL_F1,20210930,11:45,115.50,115.60,115.40,115.40,408500,52725000
SAIL_F1,20210930,11:46,115.40,115.55,115.40,115.40,133000,52715500
SAIL_F1,20210930,11:47,115.55,115.55,115.50,115.50,76000,52715500
SAIL_F1,20210930,11:48,115.60,115.75,115.60,115.75,228000,52715500
SAIL_F1,20210930,11:49,115.85,115.90,115.80,115.90,161500,52715500
SAIL_F1,20210930,11:50,115.75,115.85,115.65,115.85,285000,52753500
SAIL_F1,20210930,11:51,115.75,115.85,115.75,115.85,28500,52753500
SAIL_F1,20210930,11:52,115.70,115.90,115.70,115.85,199500,52763000
SAIL_F1,20210930,11:53,115.90,115.95,115.90,115.95,76000,52763000
SAIL_F1,20210930,11:54,115.85,116.05,115.85,116.05,171000,52763000
SAIL_F1,20210930,11:55,116.10,116.10,116.05,116.10,152000,52763000
SAIL_F1,20210930,11:56,116.10,116.15,116.10,116.10,237500,52687000
SAIL_F1,20210930,11:57,116.00,116.00,116.00,116.00,171000,52687000
SAIL_F1,20210930,11:58,116.00,116.15,116.00,116.10,142500,52858000
SAIL_F1,20210930,11:59,116.10,116.15,116.05,116.05,85500,52858000
SAIL_F1,20210930,12:00,116.00,116.15,116.00,116.15,180500,52858000
SAIL_F1,20210930,12:01,116.05,116.10,116.05,116.10,76000,52915000
SAIL_F1,20210930,12:02,116.00,116.10,116.00,116.00,104500,52915000
SAIL_F1,20210930,12:03,116.05,116.05,116.00,116.00,28500,52915000
SAIL_F1,20210930,12:04,115.90,116.00,115.90,116.00,114000,52981500
SAIL_F1,20210930,12:05,115.95,115.95,115.90,115.95,47500,52981500
SAIL_F1,20210930,12:06,115.90,115.90,115.80,115.80,57000,52981500
SAIL_F1,20210930,12:07,115.75,115.75,115.70,115.70,123500,52981500
SAIL_F1,20210930,12:08,115.70,115.75,115.65,115.65,76000,52981500
SAIL_F1,20210930,12:09,115.75,115.80,115.75,115.80,57000,52981500
SAIL_F1,20210930,12:10,115.75,115.75,115.65,115.65,57000,52981500
SAIL_F1,20210930,12:11,115.50,115.55,115.50,115.55,19000,52981500
SAIL_F1,20210930,12:12,115.50,115.55,115.50,115.55,152000,52981500
SAIL_F1,20210930,12:13,115.55,115.60,115.55,115.60,38000,52962500
SAIL_F1,20210930,12:14,115.55,115.70,115.55,115.70,28500,52962500
SAIL_F1,20210930,12:15,115.85,115.85,115.80,115.80,85500,52962500
SAIL_F1,20210930,12:16,115.80,115.80,115.60,115.60,133000,52981500
SAIL_F1,20210930,12:18,115.50,115.60,115.50,115.60,28500,52981500
SAIL_F1,20210930,12:19,115.30,115.35,115.30,115.35,38000,52962500
SAIL_F1,20210930,12:20,115.25,115.35,115.25,115.35,85500,52962500
SAIL_F1,20210930,12:21,115.35,115.35,115.35,115.35,28500,52962500
SAIL_F1,20210930,12:22,115.35,115.50,115.35,115.50,38000,52962500
SAIL_F1,20210930,12:24,115.65,115.65,115.65,115.65,9500,52972000
SAIL_F1,20210930,12:25,115.65,115.70,115.60,115.70,38000,52972000
SAIL_F1,20210930,12:26,115.70,115.75,115.70,115.75,57000,52972000
SAIL_F1,20210930,12:27,115.75,115.80,115.75,115.80,57000,52972000
SAIL_F1,20210930,12:28,115.75,115.75,115.60,115.60,28500,52953000
SAIL_F1,20210930,12:29,115.80,115.80,115.80,115.80,38000,52953000
SAIL_F1,20210930,12:30,115.80,115.80,115.80,115.80,28500,52953000
SAIL_F1,20210930,12:31,115.75,115.75,115.55,115.60,85500,52924500
SAIL_F1,20210930,12:32,115.50,115.50,115.25,115.25,76000,52924500
SAIL_F1,20210930,12:33,115.25,115.30,115.20,115.20,66500,52924500
SAIL_F1,20210930,12:34,115.20,115.20,115.10,115.20,95000,52924500
SAIL_F1,20210930,12:35,115.15,115.15,115.15,115.15,57000,52953000
SAIL_F1,20210930,12:36,115.10,115.10,115.05,115.05,152000,52953000
SAIL_F1,20210930,12:37,115.05,115.10,115.05,115.10,57000,52953000
SAIL_F1,20210930,12:38,115.10,115.20,115.10,115.20,47500,52943500
SAIL_F1,20210930,12:40,115.15,115.15,115.15,115.15,19000,51841500
SAIL_F1,20210930,12:41,115.20,115.20,114.90,114.90,104500,51841500
SAIL_F1,20210930,12:42,114.90,115.00,114.90,114.95,85500,51841500
SAIL_F1,20210930,12:43,115.05,115.05,114.75,114.75,199500,51841500
SAIL_F1,20210930,12:44,114.65,114.85,114.65,114.85,38000,51756000
SAIL_F1,20210930,12:45,114.95,114.95,114.95,114.95,38000,51756000
SAIL_F1,20210930,12:46,114.95,114.95,114.90,114.90,57000,51756000
SAIL_F1,20210930,12:47,114.95,114.95,114.75,114.85,38000,51765500
SAIL_F1,20210930,12:48,114.95,114.95,114.95,114.95,9500,51765500
SAIL_F1,20210930,12:49,114.95,114.95,114.85,114.85,47500,51765500
SAIL_F1,20210930,12:51,114.90,114.90,114.90,114.90,28500,51746500
SAIL_F1,20210930,12:52,114.90,114.90,114.85,114.85,47500,51746500
SAIL_F1,20210930,12:53,115.00,115.05,115.00,115.05,142500,51746500
SAIL_F1,20210930,12:54,114.95,115.00,114.95,115.00,38000,51746500
SAIL_F1,20210930,12:56,115.00,115.00,114.95,114.95,38000,51746500
SAIL_F1,20210930,12:57,114.90,115.10,114.85,115.10,161500,51746500
SAIL_F1,20210930,12:58,115.10,115.10,115.00,115.00,38000,51680000
SAIL_F1,20210930,12:59,115.00,115.05,115.00,115.00,237500,51680000
SAIL_F1,20210930,13:00,114.95,115.10,114.95,115.10,38000,51680000
SAIL_F1,20210930,13:01,115.00,115.10,115.00,115.00,133000,51746500
SAIL_F1,20210930,13:02,115.00,115.00,115.00,115.00,180500,51746500
SAIL_F1,20210930,13:03,115.00,115.20,115.00,115.20,57000,51746500
SAIL_F1,20210930,13:04,115.25,115.40,115.25,115.40,85500,51746500
SAIL_F1,20210930,13:05,115.25,115.25,115.20,115.20,38000,51680000
SAIL_F1,20210930,13:06,115.20,115.25,115.20,115.25,19000,51680000
SAIL_F1,20210930,13:07,115.30,115.30,115.20,115.20,19000,51680000
SAIL_F1,20210930,13:08,115.10,115.10,115.10,115.10,76000,51661000
SAIL_F1,20210930,13:09,115.00,115.00,115.00,115.00,19000,51661000
SAIL_F1,20210930,13:10,115.00,115.00,115.00,115.00,19000,51528000
SAIL_F1,20210930,13:11,115.00,115.00,114.85,115.00,57000,51528000
SAIL_F1,20210930,13:12,115.00,115.20,115.00,115.20,19000,51528000
SAIL_F1,20210930,13:13,115.20,115.20,115.15,115.15,28500,51528000
SAIL_F1,20210930,13:14,115.00,115.20,115.00,115.20,114000,51528000
SAIL_F1,20210930,13:15,115.25,115.25,115.25,115.25,19000,51528000
SAIL_F1,20210930,13:16,115.10,115.10,115.10,115.10,9500,51528000
SAIL_F1,20210930,13:17,115.10,115.15,115.00,115.15,38000,51490000
SAIL_F1,20210930,13:18,115.15,115.15,115.00,115.00,28500,51490000
SAIL_F1,20210930,13:19,115.00,115.10,115.00,115.05,76000,51490000
SAIL_F1,20210930,13:20,115.05,115.05,115.05,115.05,9500,51471000
SAIL_F1,20210930,13:21,114.95,114.95,114.95,114.95,19000,51471000
SAIL_F1,20210930,13:22,114.95,114.95,114.80,114.80,85500,51461500
SAIL_F1,20210930,13:23,115.00,115.00,114.85,114.85,123500,51461500
SAIL_F1,20210930,13:24,114.95,115.05,114.90,115.05,47500,51461500
SAIL_F1,20210930,13:25,115.05,115.05,115.05,115.05,85500,51461500
SAIL_F1,20210930,13:26,114.95,114.95,114.75,114.75,114000,51471000
SAIL_F1,20210930,13:27,114.70,114.85,114.70,114.85,66500,51471000
SAIL_F1,20210930,13:28,114.85,114.85,114.85,114.85,19000,51471000
SAIL_F1,20210930,13:29,115.05,115.20,115.05,115.20,133000,51490000
SAIL_F1,20210930,13:30,115.10,115.10,115.00,115.00,66500,51490000
SAIL_F1,20210930,13:31,115.00,115.00,115.00,115.00,19000,51490000
SAIL_F1,20210930,13:32,115.00,115.00,115.00,115.00,28500,51509000
SAIL_F1,20210930,13:33,115.05,115.05,115.05,115.05,28500,51509000
SAIL_F1,20210930,13:35,114.85,114.90,114.85,114.85,256500,51509000
SAIL_F1,20210930,13:36,114.80,114.85,114.80,114.85,66500,51509000
SAIL_F1,20210930,13:37,114.85,114.95,114.85,114.90,38000,51509000
SAIL_F1,20210930,13:38,114.90,114.90,114.80,114.90,38000,51471000
SAIL_F1,20210930,13:39,114.90,114.90,114.85,114.85,114000,51471000
SAIL_F1,20210930,13:40,114.85,114.90,114.85,114.90,85500,51471000
SAIL_F1,20210930,13:41,114.80,114.90,114.80,114.90,57000,51480500
SAIL_F1,20210930,13:42,114.90,114.90,114.90,114.90,9500,51480500
SAIL_F1,20210930,13:43,114.80,114.80,114.75,114.75,47500,51480500
SAIL_F1,20210930,13:45,114.85,114.85,114.85,114.85,95000,51395000
SAIL_F1,20210930,13:47,114.80,114.80,114.80,114.80,9500,51395000
SAIL_F1,20210930,13:48,114.80,114.80,114.75,114.75,28500,51395000
SAIL_F1,20210930,13:49,114.70,114.85,114.70,114.85,19000,51395000
SAIL_F1,20210930,13:50,114.85,114.85,114.85,114.85,38000,51376000
SAIL_F1,20210930,13:51,114.75,114.75,114.75,114.75,47500,51376000
SAIL_F1,20210930,13:52,114.85,114.85,114.85,114.85,38000,51376000
SAIL_F1,20210930,13:53,114.85,114.90,114.85,114.90,38000,51376000
SAIL_F1,20210930,13:54,114.85,114.90,114.75,114.90,85500,51376000
SAIL_F1,20210930,13:55,114.90,114.90,114.90,114.90,9500,51376000
SAIL_F1,20210930,13:56,114.85,114.85,114.80,114.80,38000,51366500
SAIL_F1,20210930,13:57,114.80,114.90,114.80,114.80,76000,51366500
SAIL_F1,20210930,13:58,114.85,114.85,114.75,114.75,123500,51366500
SAIL_F1,20210930,13:59,114.75,114.75,114.75,114.75,57000,51357000
SAIL_F1,20210930,14:00,114.85,114.90,114.85,114.90,57000,51357000
SAIL_F1,20210930,14:01,114.90,114.90,114.75,114.75,104500,51357000
SAIL_F1,20210930,14:02,114.70,114.70,114.50,114.50,199500,50483000
SAIL_F1,20210930,14:03,114.60,114.60,114.55,114.55,19000,50483000
SAIL_F1,20210930,14:04,114.55,114.55,114.50,114.50,161500,50483000
SAIL_F1,20210930,14:05,114.60,114.65,114.55,114.55,95000,50454500
SAIL_F1,20210930,14:06,114.55,114.70,114.55,114.70,38000,50454500
SAIL_F1,20210930,14:07,114.55,114.60,114.55,114.60,123500,50454500
SAIL_F1,20210930,14:08,114.55,114.65,114.55,114.60,66500,50426000
SAIL_F1,20210930,14:10,114.60,114.70,114.60,114.65,76000,50426000
SAIL_F1,20210930,14:11,114.65,114.65,114.65,114.65,190000,50435500
SAIL_F1,20210930,14:12,114.50,114.50,114.50,114.50,95000,50435500
SAIL_F1,20210930,14:13,114.45,114.55,114.35,114.35,171000,50435500
SAIL_F1,20210930,14:14,114.55,114.55,114.40,114.50,133000,50464000
SAIL_F1,20210930,14:15,114.45,114.45,114.45,114.45,57000,50464000
SAIL_F1,20210930,14:16,114.45,114.60,114.40,114.60,66500,50464000
SAIL_F1,20210930,14:17,114.50,114.55,114.45,114.45,560500,50331000
SAIL_F1,20210930,14:18,114.60,114.70,114.50,114.70,152000,50331000
SAIL_F1,20210930,14:19,114.65,114.65,114.60,114.60,180500,50331000
SAIL_F1,20210930,14:20,114.85,114.85,114.70,114.70,123500,50036500
SAIL_F1,20210930,14:21,114.60,114.80,114.60,114.75,161500,50036500
SAIL_F1,20210930,14:22,114.70,114.70,114.50,114.50,57000,50036500
SAIL_F1,20210930,14:23,114.50,114.50,114.35,114.45,313500,49913000
SAIL_F1,20210930,14:24,114.50,114.50,114.35,114.35,85500,49913000
SAIL_F1,20210930,14:25,114.40,114.40,114.30,114.30,66500,49913000
SAIL_F1,20210930,14:26,114.35,114.45,114.20,114.45,104500,49818000
SAIL_F1,20210930,14:27,114.20,114.20,114.10,114.10,95000,49818000
SAIL_F1,20210930,14:28,114.00,114.05,114.00,114.00,342000,49818000
SAIL_F1,20210930,14:29,114.00,114.00,113.90,114.00,47500,49770500
SAIL_F1,20210930,14:30,114.00,114.05,113.95,114.00,142500,49770500
SAIL_F1,20210930,14:31,114.05,114.15,114.05,114.15,28500,49770500
SAIL_F1,20210930,14:32,113.95,114.05,113.95,114.05,104500,49780000
SAIL_F1,20210930,14:33,114.00,114.15,113.90,114.10,161500,49780000
SAIL_F1,20210930,14:34,114.00,114.10,114.00,114.10,47500,49780000
SAIL_F1,20210930,14:35,113.95,114.05,113.90,113.90,95000,49770500
SAIL_F1,20210930,14:36,113.90,114.00,113.90,113.95,57000,49770500
SAIL_F1,20210930,14:37,113.85,114.05,113.85,114.05,66500,49770500
SAIL_F1,20210930,14:38,114.10,114.10,114.00,114.00,171000,49761000
SAIL_F1,20210930,14:39,114.00,114.00,114.00,114.00,76000,49761000
SAIL_F1,20210930,14:40,113.95,113.95,113.95,113.95,47500,49761000
SAIL_F1,20210930,14:41,114.10,114.20,114.10,114.20,104500,49780000
SAIL_F1,20210930,14:42,114.20,114.30,114.20,114.30,19000,49780000
SAIL_F1,20210930,14:43,114.25,114.25,114.15,114.15,57000,49780000
SAIL_F1,20210930,14:44,114.15,114.15,114.15,114.15,28500,49770500
SAIL_F1,20210930,14:45,114.20,114.20,114.15,114.15,47500,49770500
SAIL_F1,20210930,14:46,114.10,114.15,114.10,114.15,66500,49770500
SAIL_F1,20210930,14:47,114.20,114.25,114.15,114.15,38000,49799000
SAIL_F1,20210930,14:48,114.30,114.30,114.20,114.25,161500,49799000
SAIL_F1,20210930,14:49,113.85,114.05,113.85,114.05,209000,49799000
SAIL_F1,20210930,14:50,114.15,114.15,114.00,114.00,76000,49751500
SAIL_F1,20210930,14:51,114.00,114.00,113.95,113.95,76000,49751500
SAIL_F1,20210930,14:52,113.95,114.00,113.95,114.00,66500,49751500
SAIL_F1,20210930,14:53,113.95,114.05,113.85,113.85,323000,49732500
SAIL_F1,20210930,14:54,113.85,114.10,113.85,114.10,570000,49732500
SAIL_F1,20210930,14:55,114.10,114.10,114.00,114.00,114000,49732500
SAIL_F1,20210930,14:56,114.00,114.00,114.00,114.00,28500,49732500
SAIL_F1,20210930,14:57,113.90,113.90,113.90,113.90,47500,49732500
SAIL_F1,20210930,14:58,113.95,114.05,113.95,114.00,152000,49732500
SAIL_F1,20210930,14:59,114.05,114.05,114.05,114.05,28500,49704000
SAIL_F1,20210930,15:00,114.05,114.05,113.95,113.95,47500,49704000
SAIL_F1,20210930,15:01,114.05,114.05,113.95,113.95,104500,49704000
SAIL_F1,20210930,15:02,113.95,114.05,113.95,114.00,313500,49694500
SAIL_F1,20210930,15:03,114.00,114.00,114.00,114.00,190000,49694500
SAIL_F1,20210930,15:04,113.95,113.95,113.95,113.95,275500,49694500
SAIL_F1,20210930,15:05,114.00,114.00,113.90,113.90,85500,49666000
SAIL_F1,20210930,15:06,114.00,114.00,113.90,114.00,247000,49666000
SAIL_F1,20210930,15:07,113.90,114.00,113.80,114.00,408500,49666000
SAIL_F1,20210930,15:08,114.00,114.00,113.95,114.00,247000,49599500
SAIL_F1,20210930,15:09,113.90,114.00,113.80,113.95,332500,49599500
SAIL_F1,20210930,15:10,114.00,114.10,114.00,114.10,323000,49599500
SAIL_F1,20210930,15:11,114.05,114.20,114.05,114.20,180500,49542500
SAIL_F1,20210930,15:12,114.15,114.25,114.10,114.10,199500,49542500
SAIL_F1,20210930,15:13,114.20,114.25,114.20,114.20,114000,49542500
SAIL_F1,20210930,15:14,114.20,114.20,114.10,114.10,28500,49523500
SAIL_F1,20210930,15:15,114.05,114.10,114.05,114.10,133000,49523500
SAIL_F1,20210930,15:16,114.15,114.15,114.10,114.10,180500,49523500
SAIL_F1,20210930,15:17,114.10,114.10,114.00,114.00,95000,49390500
SAIL_F1,20210930,15:18,114.00,114.00,113.90,113.90,237500,49390500
SAIL_F1,20210930,15:19,113.90,113.90,113.70,113.80,190000,49390500
SAIL_F1,20210930,15:20,113.55,113.70,113.45,113.55,693500,49248000
SAIL_F1,20210930,15:21,113.30,113.50,113.15,113.50,513000,49248000
SAIL_F1,20210930,15:22,113.50,113.60,113.45,113.60,133000,49248000
SAIL_F1,20210930,15:23,113.30,113.55,113.30,113.55,199500,49257500
SAIL_F1,20210930,15:24,113.60,113.60,113.30,113.30,323000,49257500
SAIL_F1,20210930,15:25,113.35,113.45,113.30,113.30,294500,49257500
SAIL_F1,20210930,15:26,113.30,113.40,113.30,113.40,142500,49267000
SAIL_F1,20210930,15:27,113.40,113.50,113.35,113.50,275500,49267000
SAIL_F1,20210930,15:28,113.40,113.45,113.40,113.45,142500,49267000
SAIL_F1,20210930,15:29,113.45,113.45,113.30,113.40,380000,49048500
SAIL_F1,20210930,15:30,113.30,113.65,113.30,113.65,247000,49048500
SAIL_F1,20210930,19:55,113.65,113.65,113.65,113.65,1,4807000
