VEDL,20190920,09:08,147.60,147.60,147.60,147.60,9565,0
VEDL,20190920,09:16,147.00,147.75,147.00,147.55,56382,0
VEDL,20190920,09:17,147.40,147.40,146.65,147.25,62219,0
VEDL,20190920,09:18,147.20,147.20,146.60,146.75,31978,0
VEDL,20190920,09:19,146.70,147.00,146.60,146.65,22046,0
VEDL,20190920,09:20,146.60,147.00,146.55,146.70,16611,0
VEDL,20190920,09:21,146.75,147.15,146.55,147.05,45643,0
VEDL,20190920,09:22,147.05,147.20,146.95,147.10,31380,0
VEDL,20190920,09:23,147.00,147.40,146.95,147.30,58048,0
VEDL,20190920,09:24,147.25,147.50,147.25,147.40,22231,0
VEDL,20190920,09:25,147.35,147.90,147.35,147.75,43178,0
VEDL,20190920,09:26,147.65,148.20,147.65,147.90,57159,0
VEDL,20190920,09:27,148.00,148.00,147.60,147.75,46481,0
VEDL,20190920,09:28,147.70,147.80,147.55,147.65,20298,0
VEDL,20190920,09:29,147.70,148.15,147.45,148.10,49180,0
VEDL,20190920,09:30,148.05,148.10,147.60,147.65,47646,0
VEDL,20190920,09:31,147.50,147.55,146.40,146.50,94985,0
VEDL,20190920,09:32,146.35,146.50,146.00,146.25,107083,0
VEDL,20190920,09:33,146.45,146.45,146.20,146.25,62959,0
VEDL,20190920,09:34,146.30,146.45,146.25,146.45,32390,0
VEDL,20190920,09:35,146.45,146.70,146.45,146.50,62176,0
VEDL,20190920,09:36,146.45,146.55,146.25,146.45,55768,0
VEDL,20190920,09:37,146.45,146.75,146.35,146.60,34142,0
VEDL,20190920,09:38,146.70,146.75,146.35,146.35,59656,0
VEDL,20190920,09:39,146.20,146.30,146.10,146.25,12944,0
VEDL,20190920,09:40,146.20,146.30,146.15,146.15,19608,0
VEDL,20190920,09:41,146.10,146.35,146.05,146.35,13284,0
VEDL,20190920,09:42,146.30,146.75,146.30,146.75,40867,0
VEDL,20190920,09:43,146.60,146.70,146.50,146.65,10701,0
VEDL,20190920,09:44,146.65,146.65,146.45,146.50,23928,0
VEDL,20190920,09:45,146.40,146.65,146.40,146.45,11780,0
VEDL,20190920,09:46,146.45,146.75,146.45,146.70,28324,0
VEDL,20190920,09:47,146.70,146.70,146.25,146.35,13192,0
VEDL,20190920,09:48,146.35,146.60,146.30,146.60,8899,0
VEDL,20190920,09:49,146.50,146.60,146.45,146.50,9532,0
VEDL,20190920,09:50,146.45,146.50,146.25,146.50,11301,0
VEDL,20190920,09:51,146.55,146.55,146.35,146.55,24373,0
VEDL,20190920,09:52,146.55,146.65,146.40,146.50,11476,0
VEDL,20190920,09:53,146.45,146.45,146.20,146.20,21248,0
VEDL,20190920,09:54,146.25,146.35,146.20,146.30,4826,0
VEDL,20190920,09:55,146.30,146.30,146.10,146.15,15901,0
VEDL,20190920,09:56,146.25,146.25,146.20,146.25,8495,0
VEDL,20190920,09:57,146.25,146.25,145.60,145.65,59777,0
VEDL,20190920,09:58,145.70,145.90,145.50,145.80,24031,0
VEDL,20190920,09:59,145.85,146.00,145.85,145.90,14564,0
VEDL,20190920,10:00,145.90,145.90,145.75,145.75,5790,0
VEDL,20190920,10:01,145.75,145.85,145.65,145.85,22808,0
VEDL,20190920,10:02,145.80,145.85,145.75,145.80,22383,0
VEDL,20190920,10:03,145.80,145.85,145.70,145.75,16481,0
VEDL,20190920,10:04,145.80,145.95,145.70,145.90,9896,0
VEDL,20190920,10:05,145.85,146.10,145.70,146.10,18438,0
VEDL,20190920,10:06,146.10,146.20,145.80,145.90,31560,0
VEDL,20190920,10:07,145.85,146.00,145.70,146.00,21304,0
VEDL,20190920,10:08,145.95,146.40,145.90,146.40,20957,0
VEDL,20190920,10:09,146.40,146.60,146.25,146.50,16135,0
VEDL,20190920,10:10,146.55,146.60,146.40,146.45,10144,0
VEDL,20190920,10:11,146.35,146.45,146.20,146.35,9141,0
VEDL,20190920,10:12,146.40,146.45,146.25,146.35,5740,0
VEDL,20190920,10:13,146.40,146.65,146.35,146.65,11274,0
VEDL,20190920,10:14,146.65,146.95,146.65,146.90,67885,0
VEDL,20190920,10:15,146.85,146.90,146.75,146.85,14652,0
VEDL,20190920,10:16,146.90,147.15,146.80,147.00,42233,0
VEDL,20190920,10:17,147.00,147.55,147.00,147.50,44550,0
VEDL,20190920,10:18,147.40,147.70,147.40,147.70,23407,0
VEDL,20190920,10:19,147.70,147.70,147.50,147.60,22984,0
VEDL,20190920,10:20,147.55,147.60,147.35,147.35,26523,0
VEDL,20190920,10:21,147.40,147.45,147.20,147.30,20867,0
VEDL,20190920,10:22,147.30,147.40,147.10,147.25,14780,0
VEDL,20190920,10:23,147.25,147.30,146.85,147.20,16496,0
VEDL,20190920,10:24,147.20,147.40,147.20,147.25,6589,0
VEDL,20190920,10:25,147.20,147.40,147.20,147.25,8957,0
VEDL,20190920,10:26,147.25,147.40,147.05,147.05,9415,0
VEDL,20190920,10:27,147.15,147.15,147.05,147.10,8992,0
VEDL,20190920,10:28,147.00,147.10,146.90,147.05,15610,0
VEDL,20190920,10:29,147.05,147.05,146.50,146.60,48584,0
VEDL,20190920,10:30,146.60,147.00,146.55,146.95,5728,0
VEDL,20190920,10:31,147.00,147.00,146.90,146.90,5850,0
VEDL,20190920,10:32,147.00,147.20,146.95,147.15,11322,0
VEDL,20190920,10:33,147.15,147.25,147.10,147.10,18433,0
VEDL,20190920,10:34,147.15,147.25,147.10,147.25,3612,0
VEDL,20190920,10:35,147.30,147.45,147.25,147.45,10544,0
VEDL,20190920,10:36,147.30,147.40,147.20,147.40,15810,0
VEDL,20190920,10:37,147.30,147.40,147.20,147.25,4629,0
VEDL,20190920,10:38,147.25,147.40,147.20,147.30,5654,0
VEDL,20190920,10:39,147.25,147.85,147.25,147.75,57003,0
VEDL,20190920,10:40,147.80,148.70,147.75,148.55,246050,0
VEDL,20190920,10:41,148.60,148.60,148.30,148.40,48567,0
VEDL,20190920,10:42,148.40,148.50,148.30,148.35,27687,0
VEDL,20190920,10:43,148.35,148.40,148.15,148.25,12931,0
VEDL,20190920,10:44,148.20,148.25,147.90,147.95,14793,0
VEDL,20190920,10:45,147.95,148.50,147.95,148.45,38512,0
VEDL,20190920,10:46,148.45,148.90,148.35,148.85,42735,0
VEDL,20190920,10:47,149.00,149.20,148.60,148.65,124320,0
VEDL,20190920,10:48,148.70,148.90,148.65,148.80,22611,0
VEDL,20190920,10:49,148.75,149.40,148.75,149.40,59386,0
VEDL,20190920,10:50,149.35,149.95,149.35,149.85,152974,0
VEDL,20190920,10:51,149.90,150.90,149.50,149.55,184538,0
VEDL,20190920,10:52,149.50,149.55,149.15,149.50,72197,0
VEDL,20190920,10:53,149.45,149.70,149.20,149.70,36129,0
VEDL,20190920,10:54,149.70,150.25,149.70,150.10,62115,0
VEDL,20190920,10:55,150.10,150.25,149.70,149.90,61522,0
VEDL,20190920,10:56,149.95,150.90,149.90,150.80,68961,0
VEDL,20190920,10:57,150.85,150.95,150.20,150.70,88710,0
VEDL,20190920,10:58,150.70,150.80,150.50,150.65,35073,0
VEDL,20190920,10:59,150.60,150.65,150.35,150.45,19213,0
VEDL,20190920,11:00,150.35,150.40,148.85,148.90,98520,0
VEDL,20190920,11:01,148.80,149.25,148.65,149.10,55330,0
VEDL,20190920,11:02,149.10,149.45,148.85,149.40,55010,0
VEDL,20190920,11:03,149.50,149.75,149.00,149.05,35816,0
VEDL,20190920,11:04,149.30,149.60,149.20,149.25,41516,0
VEDL,20190920,11:05,149.30,149.55,149.20,149.30,19812,0
VEDL,20190920,11:06,149.30,150.30,149.30,149.70,84689,0
VEDL,20190920,11:07,149.75,150.95,149.75,150.75,127729,0
VEDL,20190920,11:08,150.90,151.35,150.70,150.75,168477,0
VEDL,20190920,11:09,150.75,150.95,150.60,150.80,66085,0
VEDL,20190920,11:10,150.70,151.30,150.70,151.00,58345,0
VEDL,20190920,11:11,151.00,151.50,150.95,151.40,36508,0
VEDL,20190920,11:12,151.50,151.60,151.05,151.55,128942,0
VEDL,20190920,11:13,151.65,151.95,151.15,151.65,68575,0
VEDL,20190920,11:14,151.65,152.00,151.50,151.95,52551,0
VEDL,20190920,11:15,151.90,151.95,151.15,151.20,61103,0
VEDL,20190920,11:16,151.35,152.35,151.30,152.20,84198,0
VEDL,20190920,11:17,152.20,152.60,152.00,152.15,133986,0
VEDL,20190920,11:18,152.15,152.35,151.50,151.70,65317,0
VEDL,20190920,11:19,151.80,152.10,151.50,151.65,66446,0
VEDL,20190920,11:20,151.60,154.90,151.40,154.80,460873,0
VEDL,20190920,11:21,154.90,155.95,153.80,154.25,567674,0
VEDL,20190920,11:22,154.20,154.30,153.50,153.85,130182,0
VEDL,20190920,11:23,153.75,154.40,153.65,153.90,167158,0
VEDL,20190920,11:24,154.15,154.50,153.80,154.30,113098,0
VEDL,20190920,11:25,154.25,154.30,153.90,154.20,46158,0
VEDL,20190920,11:26,154.25,154.60,153.50,153.70,74101,0
VEDL,20190920,11:27,153.70,154.00,153.55,153.90,35573,0
VEDL,20190920,11:28,153.75,154.00,153.65,153.90,27429,0
VEDL,20190920,11:29,153.95,154.30,153.85,154.25,22534,0
VEDL,20190920,11:30,154.30,154.35,153.85,154.25,37797,0
VEDL,20190920,11:31,154.25,155.00,153.85,153.95,93561,0
VEDL,20190920,11:32,153.90,154.25,153.85,154.00,43642,0
VEDL,20190920,11:33,154.00,154.30,153.90,154.15,31568,0
VEDL,20190920,11:34,154.20,154.20,153.70,153.70,50115,0
VEDL,20190920,11:35,153.85,154.15,153.55,153.75,27493,0
VEDL,20190920,11:36,153.60,154.10,153.55,153.60,31995,0
VEDL,20190920,11:37,153.70,153.75,152.55,152.70,97883,0
VEDL,20190920,11:38,152.75,153.45,152.60,152.80,37304,0
VEDL,20190920,11:39,152.80,153.00,152.60,152.80,23143,0
VEDL,20190920,11:40,152.80,153.30,152.70,152.90,52138,0
VEDL,20190920,11:41,152.80,153.10,152.80,152.85,24162,0
VEDL,20190920,11:42,152.90,152.90,152.55,152.75,68377,0
VEDL,20190920,11:43,152.70,153.40,152.65,153.25,22237,0
VEDL,20190920,11:44,153.25,153.35,152.90,153.00,32066,0
VEDL,20190920,11:45,153.00,153.10,152.80,153.10,27658,0
VEDL,20190920,11:46,153.00,153.40,152.80,152.90,21078,0
VEDL,20190920,11:47,152.85,153.00,152.55,152.85,39662,0
VEDL,20190920,11:48,152.95,153.30,152.95,153.20,35585,0
VEDL,20190920,11:49,153.20,153.25,152.55,152.95,30031,0
VEDL,20190920,11:50,152.95,153.20,152.90,153.00,32200,0
VEDL,20190920,11:51,153.00,154.50,152.90,153.75,226088,0
VEDL,20190920,11:52,153.70,154.00,153.70,153.90,30435,0
VEDL,20190920,11:53,153.95,154.40,153.95,154.40,29336,0
VEDL,20190920,11:54,154.35,154.55,154.25,154.50,24773,0
VEDL,20190920,11:55,154.65,154.65,154.15,154.60,55318,0
VEDL,20190920,11:56,154.50,154.75,154.25,154.60,107874,0
VEDL,20190920,11:57,154.50,154.75,154.40,154.55,57678,0
VEDL,20190920,11:58,154.55,154.75,154.20,154.45,74304,0
VEDL,20190920,11:59,154.25,154.50,154.20,154.20,15025,0
VEDL,20190920,12:00,154.20,154.60,154.15,154.15,28846,0
VEDL,20190920,12:01,154.25,154.40,154.05,154.05,18892,0
VEDL,20190920,12:02,154.10,154.20,153.85,154.10,21734,0
VEDL,20190920,12:03,154.20,154.60,154.15,154.50,51608,0
VEDL,20190920,12:04,154.40,154.85,154.40,154.70,43168,0
VEDL,20190920,12:05,154.70,155.45,154.60,155.30,151441,0
VEDL,20190920,12:06,155.20,155.95,155.15,155.75,121609,0
VEDL,20190920,12:07,155.75,156.60,155.75,156.40,213071,0
VEDL,20190920,12:08,156.40,157.30,156.05,156.80,294073,0
VEDL,20190920,12:09,156.75,157.10,156.55,156.90,140868,0
VEDL,20190920,12:10,156.95,157.20,156.75,156.95,200719,0
VEDL,20190920,12:11,156.90,157.40,156.75,157.25,152679,0
VEDL,20190920,12:12,157.30,157.50,156.80,157.40,160846,0
VEDL,20190920,12:13,157.40,157.60,156.60,156.70,210998,0
VEDL,20190920,12:14,156.70,157.30,156.40,157.15,88711,0
VEDL,20190920,12:15,157.05,157.80,156.80,157.60,149383,0
VEDL,20190920,12:16,157.70,157.75,157.25,157.50,62090,0
VEDL,20190920,12:17,157.50,158.40,157.50,158.30,168156,0
VEDL,20190920,12:18,158.20,158.30,157.65,157.65,60956,0
VEDL,20190920,12:19,157.50,157.80,157.35,157.60,123923,0
VEDL,20190920,12:20,157.55,158.00,157.55,158.00,38533,0
VEDL,20190920,12:21,158.00,158.40,157.55,158.40,79620,0
VEDL,20190920,12:22,158.45,158.65,158.20,158.40,101821,0
VEDL,20190920,12:23,158.40,158.40,157.70,157.80,38149,0
VEDL,20190920,12:24,157.85,158.00,157.45,157.70,81943,0
VEDL,20190920,12:25,157.70,158.00,157.65,158.00,78033,0
VEDL,20190920,12:26,158.00,158.00,157.55,157.75,40747,0
VEDL,20190920,12:27,157.80,157.80,156.85,157.15,118234,0
VEDL,20190920,12:28,156.95,157.00,156.50,156.80,87267,0
VEDL,20190920,12:29,156.90,156.95,156.30,156.85,96130,0
VEDL,20190920,12:30,156.80,157.35,156.40,157.30,82424,0
VEDL,20190920,12:31,157.25,157.55,157.10,157.10,86063,0
VEDL,20190920,12:32,157.05,157.25,156.90,157.20,41700,0
VEDL,20190920,12:33,157.25,157.65,157.10,157.40,68591,0
VEDL,20190920,12:34,157.35,157.40,156.70,156.80,126906,0
VEDL,20190920,12:35,156.80,156.90,156.50,156.75,76907,0
VEDL,20190920,12:36,156.75,156.75,156.45,156.55,36190,0
VEDL,20190920,12:37,156.55,156.65,156.20,156.45,49372,0
VEDL,20190920,12:38,156.35,156.65,156.25,156.55,28229,0
VEDL,20190920,12:39,156.55,156.80,156.55,156.65,13838,0
VEDL,20190920,12:40,156.60,156.85,156.15,156.15,54616,0
VEDL,20190920,12:41,156.30,156.50,156.25,156.40,46479,0
VEDL,20190920,12:42,156.35,156.50,156.10,156.45,49934,0
VEDL,20190920,12:43,156.50,156.75,156.00,156.25,95916,0
VEDL,20190920,12:44,156.25,156.45,156.05,156.45,110584,0
VEDL,20190920,12:45,156.60,156.65,155.70,156.10,251452,0
VEDL,20190920,12:46,156.15,156.15,155.25,155.55,65164,0
VEDL,20190920,12:47,155.60,155.80,155.40,155.80,59779,0
VEDL,20190920,12:48,155.80,155.95,155.75,155.85,49317,0
VEDL,20190920,12:49,155.65,155.85,155.45,155.60,55811,0
VEDL,20190920,12:50,155.70,155.70,155.35,155.50,28352,0
VEDL,20190920,12:51,155.50,155.80,155.45,155.60,17330,0
VEDL,20190920,12:52,155.70,155.70,155.35,155.55,24237,0
VEDL,20190920,12:53,155.55,155.60,155.45,155.50,7129,0
VEDL,20190920,12:54,155.55,156.00,155.50,155.95,24378,0
VEDL,20190920,12:55,156.00,156.70,156.00,156.40,52436,0
VEDL,20190920,12:56,156.55,156.85,156.35,156.40,34290,0
VEDL,20190920,12:57,156.40,156.60,156.30,156.40,46608,0
VEDL,20190920,12:58,156.35,156.40,156.30,156.30,14788,0
VEDL,20190920,12:59,156.30,157.00,156.20,157.00,76944,0
VEDL,20190920,13:00,157.10,157.10,156.75,157.00,78428,0
VEDL,20190920,13:01,157.00,157.25,156.65,156.85,95451,0
VEDL,20190920,13:02,156.85,157.45,156.85,157.25,192367,0
VEDL,20190920,13:03,157.10,157.35,157.05,157.35,25988,0
VEDL,20190920,13:04,157.35,157.80,157.15,157.50,119205,0
VEDL,20190920,13:05,157.55,157.80,157.35,157.45,26990,0
VEDL,20190920,13:06,157.45,157.45,157.10,157.35,40252,0
VEDL,20190920,13:07,157.35,157.35,157.10,157.25,13046,0
VEDL,20190920,13:08,157.35,157.40,157.20,157.25,11097,0
VEDL,20190920,13:09,157.25,157.50,157.20,157.45,25253,0
VEDL,20190920,13:10,157.45,157.45,157.30,157.35,14166,0
VEDL,20190920,13:11,157.35,157.35,157.10,157.10,12498,0
VEDL,20190920,13:12,157.20,157.20,156.85,156.90,27742,0
VEDL,20190920,13:13,157.00,157.15,156.85,157.15,17881,0
VEDL,20190920,13:14,157.30,157.90,157.30,157.75,55886,0
VEDL,20190920,13:15,157.80,157.90,157.50,157.80,31537,0
VEDL,20190920,13:16,157.80,158.40,157.65,158.35,148643,0
VEDL,20190920,13:17,158.45,159.35,158.35,158.35,195823,0
VEDL,20190920,13:18,158.40,158.75,158.40,158.60,57759,0
VEDL,20190920,13:19,158.60,158.65,158.40,158.45,39565,0
VEDL,20190920,13:20,158.45,158.65,158.30,158.40,44049,0
VEDL,20190920,13:21,158.45,158.50,158.15,158.25,26574,0
VEDL,20190920,13:22,158.20,158.45,157.95,158.25,27608,0
VEDL,20190920,13:23,158.25,158.25,158.05,158.15,12908,0
VEDL,20190920,13:24,158.05,158.60,158.05,158.45,29508,0
VEDL,20190920,13:25,158.45,158.90,158.25,158.60,38651,0
VEDL,20190920,13:26,158.55,158.60,158.35,158.55,24772,0
VEDL,20190920,13:27,158.55,158.55,158.30,158.35,16025,0
VEDL,20190920,13:28,158.35,158.35,158.15,158.20,8055,0
VEDL,20190920,13:29,158.15,158.45,158.15,158.20,18207,0
VEDL,20190920,13:30,158.25,158.45,158.15,158.30,17841,0
VEDL,20190920,13:31,158.25,158.45,158.20,158.35,29452,0
VEDL,20190920,13:32,158.35,158.35,158.10,158.35,7425,0
VEDL,20190920,13:33,158.35,158.50,158.30,158.40,16193,0
VEDL,20190920,13:34,158.40,158.80,158.30,158.55,63828,0
VEDL,20190920,13:35,158.40,158.55,158.35,158.50,21438,0
VEDL,20190920,13:36,158.50,158.60,158.25,158.50,19231,0
VEDL,20190920,13:37,158.50,158.60,158.30,158.45,7292,0
VEDL,20190920,13:38,158.50,158.50,158.20,158.30,22572,0
VEDL,20190920,13:39,158.35,158.40,158.00,158.20,42538,0
VEDL,20190920,13:40,158.20,158.25,158.00,158.10,10728,0
VEDL,20190920,13:41,158.10,158.30,158.00,158.30,18512,0
VEDL,20190920,13:42,158.30,158.40,158.15,158.40,13153,0
VEDL,20190920,13:43,158.40,158.40,158.25,158.40,9478,0
VEDL,20190920,13:44,158.40,158.90,158.35,158.90,81499,0
VEDL,20190920,13:45,158.80,159.65,158.80,159.35,151221,0
VEDL,20190920,13:46,159.35,159.40,159.10,159.25,48080,0
VEDL,20190920,13:47,159.25,159.50,159.10,159.50,47794,0
VEDL,20190920,13:48,159.50,159.75,159.35,159.35,48124,0
VEDL,20190920,13:49,159.35,159.55,159.30,159.35,27296,0
VEDL,20190920,13:50,159.35,159.65,159.35,159.50,31685,0
VEDL,20190920,13:51,159.45,159.55,159.40,159.50,16043,0
VEDL,20190920,13:52,159.50,159.80,159.45,159.75,49916,0
VEDL,20190920,13:53,159.75,159.80,159.45,159.60,28644,0
VEDL,20190920,13:54,159.60,159.65,159.35,159.35,44007,0
VEDL,20190920,13:55,159.35,159.60,159.20,159.25,46778,0
VEDL,20190920,13:56,159.30,159.30,158.95,159.10,36470,0
VEDL,20190920,13:57,159.10,159.30,159.00,159.30,30222,0
VEDL,20190920,13:58,159.40,159.60,159.30,159.60,19005,0
VEDL,20190920,13:59,159.70,159.90,159.60,159.90,43109,0
VEDL,20190920,14:00,159.85,160.00,159.75,160.00,66483,0
VEDL,20190920,14:01,160.00,160.60,159.90,160.20,195609,0
VEDL,20190920,14:02,160.35,160.50,160.35,160.50,50255,0
VEDL,20190920,14:03,160.45,161.00,160.40,160.95,94324,0
VEDL,20190920,14:04,161.00,161.20,160.65,161.05,63744,0
VEDL,20190920,14:05,161.10,161.20,160.90,161.05,34084,0
VEDL,20190920,14:06,161.05,161.40,160.90,161.05,77671,0
VEDL,20190920,14:07,161.00,161.00,160.80,160.90,35151,0
VEDL,20190920,14:08,160.90,161.15,160.85,161.10,20750,0
VEDL,20190920,14:09,161.10,161.10,160.90,161.05,42514,0
VEDL,20190920,14:10,161.05,161.05,160.50,160.65,41221,0
VEDL,20190920,14:11,160.65,160.75,160.60,160.70,16353,0
VEDL,20190920,14:12,160.70,160.80,160.60,160.75,17469,0
VEDL,20190920,14:13,160.70,161.10,160.70,161.00,35605,0
VEDL,20190920,14:14,161.00,161.10,160.80,160.95,28110,0
VEDL,20190920,14:15,161.00,161.00,160.80,160.85,10149,0
VEDL,20190920,14:16,160.85,160.85,160.70,160.75,40184,0
VEDL,20190920,14:17,160.70,160.95,160.60,160.90,30072,0
VEDL,20190920,14:18,160.90,161.10,160.80,161.10,38786,0
VEDL,20190920,14:19,161.10,161.10,160.70,160.75,16681,0
VEDL,20190920,14:20,160.70,160.70,160.45,160.45,22935,0
VEDL,20190920,14:21,160.30,160.50,159.80,159.85,85559,0
VEDL,20190920,14:22,159.85,160.00,159.65,159.95,26888,0
VEDL,20190920,14:23,159.95,160.00,159.80,159.90,54114,0
VEDL,20190920,14:24,159.85,159.90,159.55,159.75,40721,0
VEDL,20190920,14:25,159.75,159.75,159.30,159.45,41404,0
VEDL,20190920,14:26,159.45,159.50,158.55,158.65,62191,0
VEDL,20190920,14:27,158.60,158.90,158.60,158.75,58435,0
VEDL,20190920,14:28,158.75,158.75,158.40,158.70,50484,0
VEDL,20190920,14:29,158.55,158.75,158.30,158.35,35742,0
VEDL,20190920,14:30,158.25,158.50,157.95,158.35,82863,0
VEDL,20190920,14:31,158.35,158.85,158.30,158.80,29467,0
VEDL,20190920,14:32,158.80,159.00,158.60,158.70,64582,0
VEDL,20190920,14:33,158.60,158.70,158.15,158.40,34744,0
VEDL,20190920,14:34,158.40,159.00,158.40,158.50,18700,0
VEDL,20190920,14:35,158.50,158.60,158.30,158.60,26518,0
VEDL,20190920,14:36,158.60,158.85,158.50,158.65,13980,0
VEDL,20190920,14:37,158.65,158.80,158.65,158.80,19959,0
VEDL,20190920,14:38,158.80,158.90,158.60,158.70,21081,0
VEDL,20190920,14:39,158.65,158.90,158.60,158.90,17031,0
VEDL,20190920,14:40,158.90,158.95,158.40,158.40,18680,0
VEDL,20190920,14:41,158.45,158.50,157.75,157.85,80686,0
VEDL,20190920,14:42,157.75,157.75,157.50,157.60,37043,0
VEDL,20190920,14:43,157.35,157.70,157.30,157.55,56195,0
VEDL,20190920,14:44,157.40,157.50,157.10,157.25,40429,0
VEDL,20190920,14:45,157.25,158.00,157.25,158.00,74705,0
VEDL,20190920,14:46,157.90,157.95,157.55,157.60,19598,0
VEDL,20190920,14:47,157.60,157.75,157.15,157.25,67245,0
VEDL,20190920,14:48,157.30,157.60,157.25,157.45,30804,0
VEDL,20190920,14:49,157.40,157.50,157.05,157.30,37975,0
VEDL,20190920,14:50,157.30,157.45,156.85,156.85,85340,0
VEDL,20190920,14:51,156.85,157.05,156.65,156.80,48581,0
VEDL,20190920,14:52,156.80,156.85,156.45,156.70,41418,0
VEDL,20190920,14:53,156.65,156.85,156.40,156.85,144320,0
VEDL,20190920,14:54,156.90,157.00,156.70,156.75,28712,0
VEDL,20190920,14:55,156.80,157.40,156.70,157.40,21800,0
VEDL,20190920,14:56,157.30,157.90,157.30,157.80,56074,0
VEDL,20190920,14:57,157.80,158.30,157.80,158.20,71636,0
VEDL,20190920,14:58,158.20,158.20,157.15,157.25,73646,0
VEDL,20190920,14:59,157.15,157.30,156.95,157.20,71960,0
VEDL,20190920,15:00,157.20,157.40,156.90,156.95,41736,0
VEDL,20190920,15:01,157.00,157.75,156.80,157.60,197649,0
VEDL,20190920,15:02,157.60,158.10,157.60,158.05,141679,0
VEDL,20190920,15:03,158.00,158.60,158.00,158.55,138528,0
VEDL,20190920,15:04,158.55,159.00,158.55,159.00,202633,0
VEDL,20190920,15:05,159.00,159.00,158.70,158.80,142294,0
VEDL,20190920,15:06,158.75,159.00,158.75,158.90,115846,0
VEDL,20190920,15:07,158.90,159.10,158.85,158.95,170849,0
VEDL,20190920,15:08,158.85,159.25,158.85,159.10,133371,0
VEDL,20190920,15:09,159.10,159.15,158.95,159.05,141449,0
VEDL,20190920,15:10,159.05,159.15,159.00,159.15,106074,0
VEDL,20190920,15:11,159.00,159.10,158.90,159.05,146510,0
VEDL,20190920,15:12,159.10,159.45,159.00,159.20,248264,0
VEDL,20190920,15:13,159.20,159.25,159.10,159.15,102236,0
VEDL,20190920,15:14,159.20,159.25,159.05,159.10,124165,0
VEDL,20190920,15:15,159.10,159.25,159.10,159.25,112766,0
VEDL,20190920,15:16,159.20,159.60,159.20,159.60,169795,0
VEDL,20190920,15:17,159.50,159.95,159.40,159.40,342800,0
VEDL,20190920,15:18,159.50,159.50,159.15,159.30,153672,0
VEDL,20190920,15:19,159.25,159.45,159.25,159.40,155482,0
VEDL,20190920,15:20,159.45,159.45,159.20,159.25,122419,0
VEDL,20190920,15:21,159.25,159.30,159.10,159.20,131817,0
VEDL,20190920,15:22,159.15,159.25,159.10,159.10,133635,0
VEDL,20190920,15:23,159.15,159.25,159.10,159.10,148737,0
VEDL,20190920,15:24,159.10,159.15,159.00,159.15,157130,0
VEDL,20190920,15:25,159.15,159.15,158.65,158.65,136442,0
VEDL,20190920,15:26,158.70,158.90,158.65,158.85,107335,0
VEDL,20190920,15:27,158.85,158.90,158.60,158.70,163339,0
VEDL,20190920,15:28,158.75,158.75,158.35,158.35,124444,0
VEDL,20190920,15:29,158.35,158.55,158.20,158.25,91838,0
VEDL,20190920,15:30,158.25,158.50,158.10,158.10,34836,0
VEDL,20190920,15:33,158.95,158.95,158.95,158.95,0,0
VEDL,20190920,15:41,158.95,158.95,158.95,158.95,50,0
VEDL,20190920,16:38,158.95,158.95,158.95,158.95,0,0
