CNX100,20190627,09:08,11941.90,11941.90,11941.90,11941.90,0,0
CNX100,20190627,09:16,11946.25,11954.80,11941.35,11950.80,0,0
CNX100,20190627,09:17,11950.90,11951.15,11946.80,11949.10,0,0
CNX100,20190627,09:18,11950.00,11951.20,11946.00,11947.70,0,0
CNX100,20190627,09:19,11947.95,11952.20,11947.95,11952.20,0,0
CNX100,20190627,09:20,11951.35,11964.00,11951.35,11963.75,0,0
CNX100,20190627,09:21,11964.25,11967.55,11962.15,11963.15,0,0
CNX100,20190627,09:22,11963.95,11966.95,11959.90,11961.90,0,0
CNX100,20190627,09:23,11961.45,11962.65,11956.50,11958.05,0,0
CNX100,20190627,09:24,11958.40,11963.35,11958.40,11963.35,0,0
CNX100,20190627,09:25,11962.10,11965.15,11955.25,11955.55,0,0
CNX100,20190627,09:26,11955.50,11955.80,11951.80,11951.85,0,0
CNX100,20190627,09:27,11951.95,11953.50,11947.90,11948.35,0,0
CNX100,20190627,09:28,11948.15,11950.30,11945.00,11950.30,0,0
CNX100,20190627,09:29,11949.55,11957.85,11949.55,11957.85,0,0
CNX100,20190627,09:30,11958.10,11959.30,11956.10,11958.30,0,0
CNX100,20190627,09:31,11957.95,11958.20,11951.50,11954.45,0,0
CNX100,20190627,09:32,11954.80,11959.40,11953.15,11953.15,0,0
CNX100,20190627,09:33,11953.75,11957.00,11953.70,11955.75,0,0
CNX100,20190627,09:34,11955.65,11958.20,11953.80,11957.20,0,0
CNX100,20190627,09:35,11957.00,11957.00,11953.80,11955.55,0,0
CNX100,20190627,09:36,11955.75,11955.80,11951.80,11953.75,0,0
CNX100,20190627,09:37,11953.40,11956.60,11952.70,11955.40,0,0
CNX100,20190627,09:38,11955.15,11955.95,11954.10,11955.20,0,0
CNX100,20190627,09:39,11954.65,11956.15,11953.70,11955.25,0,0
CNX100,20190627,09:40,11955.05,11955.25,11950.75,11952.45,0,0
CNX100,20190627,09:41,11952.30,11955.20,11951.30,11954.65,0,0
CNX100,20190627,09:42,11954.95,11954.95,11948.70,11949.00,0,0
CNX100,20190627,09:43,11949.25,11952.85,11949.25,11952.70,0,0
CNX100,20190627,09:44,11952.75,11953.55,11950.35,11951.35,0,0
CNX100,20190627,09:45,11952.10,11952.60,11947.90,11947.90,0,0
CNX100,20190627,09:46,11948.20,11950.50,11947.50,11948.10,0,0
CNX100,20190627,09:47,11948.40,11949.95,11944.60,11945.40,0,0
CNX100,20190627,09:48,11944.55,11946.95,11944.55,11945.55,0,0
CNX100,20190627,09:49,11944.15,11947.45,11944.15,11945.90,0,0
CNX100,20190627,09:50,11945.80,11949.80,11945.20,11949.40,0,0
CNX100,20190627,09:51,11949.05,11952.30,11949.05,11952.00,0,0
CNX100,20190627,09:52,11951.65,11952.55,11948.75,11948.75,0,0
CNX100,20190627,09:53,11949.10,11950.50,11946.95,11947.45,0,0
CNX100,20190627,09:54,11947.90,11948.60,11946.95,11947.95,0,0
CNX100,20190627,09:55,11947.90,11949.80,11947.55,11949.65,0,0
CNX100,20190627,09:56,11949.05,11949.65,11948.25,11948.80,0,0
CNX100,20190627,09:57,11948.50,11949.45,11947.25,11948.10,0,0
CNX100,20190627,09:58,11948.15,11949.40,11946.85,11948.30,0,0
CNX100,20190627,09:59,11948.25,11954.25,11948.25,11952.65,0,0
CNX100,20190627,10:00,11952.05,11953.30,11950.45,11950.45,0,0
CNX100,20190627,10:01,11950.65,11953.65,11950.20,11953.00,0,0
CNX100,20190627,10:02,11953.05,11953.65,11951.45,11952.60,0,0
CNX100,20190627,10:03,11952.75,11953.60,11951.10,11952.35,0,0
CNX100,20190627,10:04,11952.90,11953.70,11951.60,11952.20,0,0
CNX100,20190627,10:05,11952.15,11955.85,11951.70,11955.20,0,0
CNX100,20190627,10:06,11955.70,11959.65,11955.70,11958.75,0,0
CNX100,20190627,10:07,11958.60,11959.90,11954.90,11955.20,0,0
CNX100,20190627,10:08,11955.35,11957.60,11955.00,11956.55,0,0
CNX100,20190627,10:09,11956.65,11961.10,11956.65,11960.70,0,0
CNX100,20190627,10:10,11960.90,11964.55,11960.50,11963.65,0,0
CNX100,20190627,10:11,11963.15,11967.00,11963.15,11963.25,0,0
CNX100,20190627,10:12,11964.15,11964.65,11961.25,11961.90,0,0
CNX100,20190627,10:13,11961.25,11963.80,11961.25,11963.00,0,0
CNX100,20190627,10:14,11962.75,11963.15,11961.05,11961.60,0,0
CNX100,20190627,10:15,11961.75,11962.00,11959.70,11960.50,0,0
CNX100,20190627,10:16,11960.55,11960.70,11959.00,11960.45,0,0
CNX100,20190627,10:17,11960.30,11967.80,11960.30,11966.70,0,0
CNX100,20190627,10:18,11966.65,11969.15,11966.30,11968.25,0,0
CNX100,20190627,10:19,11968.20,11969.30,11964.95,11966.85,0,0
CNX100,20190627,10:20,11966.55,11967.60,11965.20,11965.20,0,0
CNX100,20190627,10:21,11965.25,11965.25,11960.80,11960.80,0,0
CNX100,20190627,10:22,11961.25,11963.55,11960.60,11961.25,0,0
CNX100,20190627,10:23,11961.35,11964.40,11961.25,11964.20,0,0
CNX100,20190627,10:24,11964.25,11967.40,11964.25,11967.25,0,0
CNX100,20190627,10:25,11967.85,11967.85,11965.80,11965.80,0,0
CNX100,20190627,10:26,11965.05,11965.50,11962.85,11965.30,0,0
CNX100,20190627,10:27,11965.20,11967.80,11964.85,11967.50,0,0
CNX100,20190627,10:28,11967.65,11968.30,11965.85,11966.60,0,0
CNX100,20190627,10:29,11966.25,11967.90,11966.25,11966.90,0,0
CNX100,20190627,10:30,11966.95,11967.65,11965.55,11965.80,0,0
CNX100,20190627,10:31,11965.55,11966.70,11965.10,11965.70,0,0
CNX100,20190627,10:32,11965.75,11967.80,11965.25,11967.35,0,0
CNX100,20190627,10:33,11967.45,11968.40,11967.20,11967.20,0,0
CNX100,20190627,10:34,11967.15,11967.45,11966.10,11966.60,0,0
CNX100,20190627,10:35,11966.75,11968.55,11966.75,11967.60,0,0
CNX100,20190627,10:36,11967.40,11968.40,11966.85,11967.95,0,0
CNX100,20190627,10:37,11967.80,11968.40,11966.80,11967.05,0,0
CNX100,20190627,10:38,11966.55,11969.05,11966.45,11968.90,0,0
CNX100,20190627,10:39,11969.05,11970.90,11968.45,11970.60,0,0
CNX100,20190627,10:40,11969.95,11976.10,11969.90,11972.40,0,0
CNX100,20190627,10:41,11971.95,11974.65,11971.25,11973.40,0,0
CNX100,20190627,10:42,11973.45,11974.05,11970.85,11971.30,0,0
CNX100,20190627,10:43,11971.00,11972.00,11968.80,11969.50,0,0
CNX100,20190627,10:44,11969.60,11970.60,11968.15,11968.15,0,0
CNX100,20190627,10:45,11968.05,11970.40,11967.70,11970.25,0,0
CNX100,20190627,10:46,11969.95,11970.25,11966.50,11968.65,0,0
CNX100,20190627,10:47,11968.10,11968.60,11964.80,11965.90,0,0
CNX100,20190627,10:48,11965.70,11967.70,11965.20,11967.10,0,0
CNX100,20190627,10:49,11966.90,11967.20,11961.65,11962.20,0,0
CNX100,20190627,10:50,11961.95,11965.85,11961.30,11964.30,0,0
CNX100,20190627,10:51,11964.70,11965.75,11964.55,11965.10,0,0
CNX100,20190627,10:52,11964.85,11968.35,11964.85,11967.60,0,0
CNX100,20190627,10:53,11967.30,11968.90,11966.25,11966.25,0,0
CNX100,20190627,10:54,11966.55,11968.35,11965.60,11966.65,0,0
CNX100,20190627,10:55,11966.75,11969.30,11966.70,11968.90,0,0
CNX100,20190627,10:56,11969.20,11971.10,11968.50,11969.40,0,0
CNX100,20190627,10:57,11969.30,11972.00,11969.30,11971.45,0,0
CNX100,20190627,10:58,11971.60,11973.80,11971.45,11972.70,0,0
CNX100,20190627,10:59,11972.25,11972.70,11969.95,11971.80,0,0
CNX100,20190627,11:00,11971.85,11974.55,11971.65,11973.45,0,0
CNX100,20190627,11:01,11973.50,11976.90,11973.35,11976.80,0,0
CNX100,20190627,11:02,11976.55,11976.90,11974.20,11974.95,0,0
CNX100,20190627,11:03,11974.65,11975.55,11972.70,11973.20,0,0
CNX100,20190627,11:04,11972.75,11974.00,11971.55,11972.65,0,0
CNX100,20190627,11:05,11972.95,11973.05,11970.90,11971.20,0,0
CNX100,20190627,11:06,11971.65,11972.65,11970.45,11972.40,0,0
CNX100,20190627,11:07,11972.45,11974.05,11971.80,11973.45,0,0
CNX100,20190627,11:08,11973.55,11973.55,11970.90,11971.75,0,0
CNX100,20190627,11:09,11971.20,11974.00,11970.75,11973.55,0,0
CNX100,20190627,11:10,11973.15,11974.15,11972.95,11973.35,0,0
CNX100,20190627,11:11,11973.40,11977.05,11971.90,11976.70,0,0
CNX100,20190627,11:12,11976.40,11978.70,11976.35,11976.65,0,0
CNX100,20190627,11:13,11977.20,11977.20,11974.85,11975.10,0,0
CNX100,20190627,11:14,11975.65,11976.45,11973.90,11974.80,0,0
CNX100,20190627,11:15,11975.00,11976.85,11975.00,11976.50,0,0
CNX100,20190627,11:16,11976.30,11976.60,11974.35,11974.35,0,0
CNX100,20190627,11:17,11975.20,11975.45,11974.35,11974.95,0,0
CNX100,20190627,11:18,11974.70,11977.30,11974.25,11976.95,0,0
CNX100,20190627,11:19,11976.80,11978.05,11976.15,11977.40,0,0
CNX100,20190627,11:20,11977.10,11977.90,11975.85,11976.95,0,0
CNX100,20190627,11:21,11976.55,11977.90,11975.20,11975.35,0,0
CNX100,20190627,11:22,11975.55,11976.35,11974.85,11975.05,0,0
CNX100,20190627,11:23,11975.55,11978.35,11975.40,11977.75,0,0
CNX100,20190627,11:24,11977.40,11978.45,11976.15,11976.55,0,0
CNX100,20190627,11:25,11976.30,11976.60,11974.80,11976.00,0,0
CNX100,20190627,11:26,11975.95,11976.50,11974.45,11974.55,0,0
CNX100,20190627,11:27,11974.80,11975.45,11972.50,11972.55,0,0
CNX100,20190627,11:28,11972.30,11973.50,11972.15,11972.40,0,0
CNX100,20190627,11:29,11972.70,11973.50,11971.60,11972.75,0,0
CNX100,20190627,11:30,11972.95,11973.55,11970.85,11971.50,0,0
CNX100,20190627,11:31,11971.95,11973.70,11971.45,11971.85,0,0
CNX100,20190627,11:32,11972.20,11972.25,11970.25,11970.25,0,0
CNX100,20190627,11:33,11970.35,11971.70,11968.75,11971.70,0,0
CNX100,20190627,11:34,11971.50,11972.55,11971.10,11971.55,0,0
CNX100,20190627,11:35,11971.75,11972.60,11970.75,11972.60,0,0
CNX100,20190627,11:36,11972.50,11973.60,11972.20,11972.20,0,0
CNX100,20190627,11:37,11972.60,11973.70,11971.80,11972.85,0,0
CNX100,20190627,11:38,11972.80,11974.40,11972.50,11973.30,0,0
CNX100,20190627,11:39,11973.90,11977.20,11973.10,11976.25,0,0
CNX100,20190627,11:40,11976.45,11977.35,11976.15,11976.75,0,0
CNX100,20190627,11:41,11976.70,11977.40,11976.15,11976.80,0,0
CNX100,20190627,11:42,11976.75,11978.20,11975.95,11977.10,0,0
CNX100,20190627,11:43,11976.85,11977.45,11975.00,11975.00,0,0
CNX100,20190627,11:44,11974.75,11976.75,11974.75,11975.75,0,0
CNX100,20190627,11:45,11975.95,11977.75,11974.95,11977.15,0,0
CNX100,20190627,11:46,11976.90,11977.90,11975.85,11976.35,0,0
CNX100,20190627,11:47,11976.65,11978.75,11976.65,11978.40,0,0
CNX100,20190627,11:48,11978.45,11979.45,11977.65,11978.15,0,0
CNX100,20190627,11:49,11978.65,11979.75,11978.35,11978.95,0,0
CNX100,20190627,11:50,11979.00,11979.30,11976.45,11976.85,0,0
CNX100,20190627,11:51,11977.15,11979.50,11976.90,11978.70,0,0
CNX100,20190627,11:52,11979.15,11980.65,11978.80,11980.50,0,0
CNX100,20190627,11:53,11980.30,11980.75,11978.55,11978.60,0,0
CNX100,20190627,11:54,11978.55,11979.40,11978.00,11978.55,0,0
CNX100,20190627,11:55,11978.75,11981.65,11978.35,11981.10,0,0
CNX100,20190627,11:56,11981.45,11981.70,11979.30,11979.30,0,0
CNX100,20190627,11:57,11979.50,11982.05,11979.50,11981.30,0,0
CNX100,20190627,11:58,11981.45,11982.60,11980.65,11981.95,0,0
CNX100,20190627,11:59,11981.90,11982.85,11981.25,11982.75,0,0
CNX100,20190627,12:00,11982.50,11985.30,11982.40,11984.30,0,0
CNX100,20190627,12:01,11983.85,11984.40,11979.35,11979.65,0,0
CNX100,20190627,12:02,11979.55,11980.10,11976.15,11976.35,0,0
CNX100,20190627,12:03,11976.50,11976.50,11972.80,11972.85,0,0
CNX100,20190627,12:04,11972.55,11973.65,11971.60,11972.70,0,0
CNX100,20190627,12:05,11971.90,11972.15,11968.50,11970.70,0,0
CNX100,20190627,12:06,11970.75,11971.10,11967.25,11967.95,0,0
CNX100,20190627,12:07,11968.15,11972.25,11968.10,11971.55,0,0
CNX100,20190627,12:08,11971.40,11972.05,11970.35,11971.85,0,0
CNX100,20190627,12:09,11972.00,11973.45,11971.75,11972.40,0,0
CNX100,20190627,12:10,11972.20,11972.85,11971.60,11972.10,0,0
CNX100,20190627,12:11,11972.20,11972.50,11967.40,11967.40,0,0
CNX100,20190627,12:12,11967.30,11967.80,11964.80,11964.80,0,0
CNX100,20190627,12:13,11965.20,11967.10,11963.00,11967.10,0,0
CNX100,20190627,12:14,11968.00,11969.40,11967.20,11969.00,0,0
CNX100,20190627,12:15,11969.15,11969.70,11968.20,11968.65,0,0
CNX100,20190627,12:16,11968.55,11969.35,11967.85,11968.95,0,0
CNX100,20190627,12:17,11968.90,11972.10,11968.90,11970.55,0,0
CNX100,20190627,12:18,11970.35,11972.35,11970.30,11971.85,0,0
CNX100,20190627,12:19,11971.80,11972.25,11970.25,11970.90,0,0
CNX100,20190627,12:20,11971.10,11971.15,11969.70,11970.30,0,0
CNX100,20190627,12:21,11970.35,11972.80,11970.35,11972.55,0,0
CNX100,20190627,12:22,11972.15,11972.25,11970.45,11971.95,0,0
CNX100,20190627,12:23,11972.10,11972.40,11970.70,11971.10,0,0
CNX100,20190627,12:24,11971.25,11971.55,11970.45,11970.60,0,0
CNX100,20190627,12:25,11970.75,11971.20,11968.90,11971.15,0,0
CNX100,20190627,12:26,11970.95,11975.95,11970.95,11975.95,0,0
CNX100,20190627,12:27,11975.70,11978.55,11975.70,11977.30,0,0
CNX100,20190627,12:28,11977.20,11978.35,11977.20,11978.10,0,0
CNX100,20190627,12:29,11978.30,11978.30,11975.60,11977.95,0,0
CNX100,20190627,12:30,11977.90,11981.05,11977.60,11980.30,0,0
CNX100,20190627,12:31,11980.35,11981.00,11978.75,11978.90,0,0
CNX100,20190627,12:32,11978.85,11980.10,11978.85,11979.95,0,0
CNX100,20190627,12:33,11979.85,11979.85,11977.70,11978.75,0,0
CNX100,20190627,12:34,11978.95,11980.20,11977.75,11978.65,0,0
CNX100,20190627,12:35,11978.50,11978.90,11977.25,11977.95,0,0
CNX100,20190627,12:36,11977.50,11978.50,11975.80,11978.00,0,0
CNX100,20190627,12:37,11978.10,11978.50,11975.75,11976.35,0,0
CNX100,20190627,12:38,11976.15,11977.15,11973.35,11973.95,0,0
CNX100,20190627,12:39,11973.65,11975.70,11972.45,11975.30,0,0
CNX100,20190627,12:40,11975.25,11977.95,11975.20,11977.75,0,0
CNX100,20190627,12:41,11977.65,11979.70,11977.50,11979.50,0,0
CNX100,20190627,12:42,11979.70,11981.50,11979.50,11980.65,0,0
CNX100,20190627,12:43,11981.10,11982.25,11980.60,11982.20,0,0
CNX100,20190627,12:44,11982.35,11982.90,11981.40,11982.75,0,0
CNX100,20190627,12:45,11983.20,11984.05,11981.40,11981.65,0,0
CNX100,20190627,12:46,11981.75,11983.55,11981.10,11981.10,0,0
CNX100,20190627,12:47,11981.30,11982.40,11980.45,11981.90,0,0
CNX100,20190627,12:48,11982.40,11982.75,11980.80,11981.65,0,0
CNX100,20190627,12:49,11981.85,11985.50,11981.45,11985.45,0,0
CNX100,20190627,12:50,11985.70,11987.80,11984.80,11987.30,0,0
CNX100,20190627,12:51,11988.25,11989.95,11987.05,11989.30,0,0
CNX100,20190627,12:52,11990.00,11990.10,11987.05,11988.05,0,0
CNX100,20190627,12:53,11988.40,11988.40,11986.30,11987.10,0,0
CNX100,20190627,12:54,11986.90,11987.45,11985.85,11987.05,0,0
CNX100,20190627,12:55,11987.15,11989.00,11986.85,11987.40,0,0
CNX100,20190627,12:56,11987.65,11988.05,11986.10,11986.60,0,0
CNX100,20190627,12:57,11987.30,11987.30,11982.30,11982.30,0,0
CNX100,20190627,12:58,11982.65,11984.30,11981.65,11982.05,0,0
CNX100,20190627,12:59,11982.00,11984.00,11981.80,11983.75,0,0
CNX100,20190627,13:00,11983.95,11983.95,11979.60,11979.60,0,0
CNX100,20190627,13:01,11979.90,11981.55,11979.40,11980.05,0,0
CNX100,20190627,13:02,11980.40,11980.40,11979.20,11979.55,0,0
CNX100,20190627,13:03,11980.15,11980.45,11979.45,11980.10,0,0
CNX100,20190627,13:04,11980.35,11981.70,11980.10,11981.55,0,0
CNX100,20190627,13:05,11981.80,11984.00,11981.40,11983.85,0,0
CNX100,20190627,13:06,11984.05,11985.75,11983.65,11985.50,0,0
CNX100,20190627,13:07,11986.10,11986.15,11982.70,11982.90,0,0
CNX100,20190627,13:08,11983.30,11985.55,11982.85,11985.55,0,0
CNX100,20190627,13:09,11985.65,11988.45,11985.65,11987.10,0,0
CNX100,20190627,13:10,11987.25,11987.60,11986.55,11987.60,0,0
CNX100,20190627,13:11,11988.25,11988.30,11986.45,11986.55,0,0
CNX100,20190627,13:12,11985.65,11987.35,11985.45,11986.20,0,0
CNX100,20190627,13:13,11986.60,11986.60,11983.25,11984.25,0,0
CNX100,20190627,13:14,11984.65,11985.15,11981.00,11981.70,0,0
CNX100,20190627,13:15,11982.65,11983.00,11980.30,11981.15,0,0
CNX100,20190627,13:16,11981.50,11984.70,11980.55,11984.65,0,0
CNX100,20190627,13:17,11984.35,11984.85,11983.05,11983.45,0,0
CNX100,20190627,13:18,11983.30,11983.95,11981.35,11983.95,0,0
CNX100,20190627,13:19,11984.20,11986.30,11982.85,11983.25,0,0
CNX100,20190627,13:20,11983.60,11984.55,11982.60,11983.25,0,0
CNX100,20190627,13:21,11983.75,11986.55,11982.70,11986.55,0,0
CNX100,20190627,13:22,11986.85,11987.30,11984.70,11985.95,0,0
CNX100,20190627,13:23,11986.30,11989.35,11985.80,11989.30,0,0
CNX100,20190627,13:24,11989.10,11989.65,11987.55,11989.60,0,0
CNX100,20190627,13:25,11990.15,11991.40,11987.95,11988.40,0,0
CNX100,20190627,13:26,11988.80,11991.60,11988.60,11991.60,0,0
CNX100,20190627,13:27,11991.75,11992.30,11988.05,11988.85,0,0
CNX100,20190627,13:28,11989.25,11991.10,11988.95,11989.25,0,0
CNX100,20190627,13:29,11989.60,11989.60,11987.15,11987.40,0,0
CNX100,20190627,13:30,11987.95,11990.15,11987.55,11989.15,0,0
CNX100,20190627,13:31,11989.55,11990.95,11989.00,11990.85,0,0
CNX100,20190627,13:32,11991.10,11992.60,11989.60,11990.50,0,0
CNX100,20190627,13:33,11991.10,11991.45,11989.90,11991.45,0,0
CNX100,20190627,13:34,11991.95,11992.25,11988.30,11988.70,0,0
CNX100,20190627,13:35,11989.45,11989.65,11987.85,11988.80,0,0
CNX100,20190627,13:36,11989.60,11990.00,11988.20,11989.10,0,0
CNX100,20190627,13:37,11989.80,11990.00,11986.25,11986.55,0,0
CNX100,20190627,13:38,11987.35,11987.35,11981.65,11982.40,0,0
CNX100,20190627,13:39,11982.45,11982.65,11967.15,11967.15,0,0
CNX100,20190627,13:40,11967.50,11967.50,11954.60,11959.35,0,0
CNX100,20190627,13:41,11960.50,11967.10,11960.50,11967.10,0,0
CNX100,20190627,13:42,11968.65,11968.65,11959.05,11959.05,0,0
CNX100,20190627,13:43,11959.10,11959.10,11948.85,11953.25,0,0
CNX100,20190627,13:44,11953.60,11958.80,11953.60,11958.30,0,0
CNX100,20190627,13:45,11958.55,11960.30,11957.35,11959.65,0,0
CNX100,20190627,13:46,11960.00,11960.00,11945.65,11952.25,0,0
CNX100,20190627,13:47,11952.55,11952.55,11948.65,11952.40,0,0
CNX100,20190627,13:48,11951.75,11956.80,11951.75,11955.40,0,0
CNX100,20190627,13:49,11952.80,11955.90,11951.55,11955.75,0,0
CNX100,20190627,13:50,11955.85,11956.70,11953.00,11954.15,0,0
CNX100,20190627,13:51,11953.50,11957.20,11952.75,11956.65,0,0
CNX100,20190627,13:52,11956.55,11963.45,11956.55,11963.45,0,0
CNX100,20190627,13:53,11963.55,11964.00,11958.80,11959.45,0,0
CNX100,20190627,13:54,11959.10,11963.85,11959.10,11963.85,0,0
CNX100,20190627,13:55,11964.35,11966.05,11963.25,11963.65,0,0
CNX100,20190627,13:56,11963.60,11965.30,11959.15,11959.60,0,0
CNX100,20190627,13:57,11959.50,11962.90,11959.50,11962.70,0,0
CNX100,20190627,13:58,11962.75,11965.35,11962.75,11965.05,0,0
CNX100,20190627,13:59,11965.35,11968.75,11965.10,11966.60,0,0
CNX100,20190627,14:00,11966.70,11968.50,11964.00,11965.60,0,0
CNX100,20190627,14:01,11965.80,11967.50,11964.15,11964.15,0,0
CNX100,20190627,14:02,11964.50,11966.30,11960.50,11960.65,0,0
CNX100,20190627,14:03,11960.75,11962.20,11957.50,11958.90,0,0
CNX100,20190627,14:04,11959.05,11959.05,11953.15,11953.15,0,0
CNX100,20190627,14:05,11953.00,11954.05,11946.95,11949.60,0,0
CNX100,20190627,14:06,11949.65,11950.50,11938.55,11941.20,0,0
CNX100,20190627,14:07,11941.15,11945.05,11940.45,11943.75,0,0
CNX100,20190627,14:08,11943.25,11946.50,11936.15,11936.25,0,0
CNX100,20190627,14:09,11936.35,11936.35,11924.80,11929.95,0,0
CNX100,20190627,14:10,11930.75,11930.75,11921.55,11923.70,0,0
CNX100,20190627,14:11,11923.75,11924.85,11916.85,11916.85,0,0
CNX100,20190627,14:12,11916.25,11921.90,11915.25,11919.40,0,0
CNX100,20190627,14:13,11920.85,11925.15,11919.20,11924.95,0,0
CNX100,20190627,14:14,11925.25,11935.65,11925.25,11935.45,0,0
CNX100,20190627,14:15,11935.20,11939.40,11935.15,11935.15,0,0
CNX100,20190627,14:16,11933.30,11934.80,11923.50,11923.60,0,0
CNX100,20190627,14:17,11924.40,11935.30,11924.40,11934.30,0,0
CNX100,20190627,14:18,11934.15,11935.90,11930.00,11934.00,0,0
CNX100,20190627,14:19,11933.95,11936.20,11928.65,11934.05,0,0
CNX100,20190627,14:20,11933.70,11935.10,11928.20,11931.60,0,0
CNX100,20190627,14:21,11932.95,11938.15,11932.75,11932.75,0,0
CNX100,20190627,14:22,11932.70,11940.15,11932.70,11939.30,0,0
CNX100,20190627,14:23,11939.10,11944.50,11936.80,11943.35,0,0
CNX100,20190627,14:24,11944.30,11950.35,11944.15,11949.75,0,0
CNX100,20190627,14:25,11950.05,11950.60,11948.25,11949.55,0,0
CNX100,20190627,14:26,11949.30,11954.75,11949.20,11954.40,0,0
CNX100,20190627,14:27,11955.00,11955.65,11952.25,11952.25,0,0
CNX100,20190627,14:28,11953.25,11957.50,11952.25,11955.55,0,0
CNX100,20190627,14:29,11955.95,11957.00,11953.35,11953.95,0,0
CNX100,20190627,14:30,11953.55,11956.35,11951.80,11955.80,0,0
CNX100,20190627,14:31,11956.75,11956.75,11953.25,11954.95,0,0
CNX100,20190627,14:32,11955.50,11956.30,11949.70,11949.70,0,0
CNX100,20190627,14:33,11949.60,11953.40,11948.85,11950.95,0,0
CNX100,20190627,14:34,11951.20,11952.90,11950.25,11950.90,0,0
CNX100,20190627,14:35,11951.60,11954.30,11950.90,11953.40,0,0
CNX100,20190627,14:36,11953.85,11956.90,11953.65,11956.40,0,0
CNX100,20190627,14:37,11956.65,11963.80,11956.50,11963.80,0,0
CNX100,20190627,14:38,11964.20,11971.20,11964.20,11969.40,0,0
CNX100,20190627,14:39,11969.10,11975.25,11969.10,11973.10,0,0
CNX100,20190627,14:40,11972.90,11974.90,11971.75,11972.00,0,0
CNX100,20190627,14:41,11971.95,11973.00,11963.75,11964.15,0,0
CNX100,20190627,14:42,11964.65,11970.20,11963.35,11968.10,0,0
CNX100,20190627,14:43,11968.15,11968.35,11966.15,11967.75,0,0
CNX100,20190627,14:44,11968.05,11968.10,11965.60,11966.60,0,0
CNX100,20190627,14:45,11967.25,11969.95,11966.05,11968.60,0,0
CNX100,20190627,14:46,11968.75,11970.30,11968.20,11969.25,0,0
CNX100,20190627,14:47,11969.50,11970.35,11967.05,11967.05,0,0
CNX100,20190627,14:48,11966.95,11967.45,11960.15,11963.45,0,0
CNX100,20190627,14:49,11962.80,11963.75,11957.80,11957.90,0,0
CNX100,20190627,14:50,11958.05,11962.00,11957.40,11959.10,0,0
CNX100,20190627,14:51,11959.40,11965.70,11958.55,11965.25,0,0
CNX100,20190627,14:52,11965.00,11965.00,11960.40,11961.15,0,0
CNX100,20190627,14:53,11961.10,11962.60,11960.80,11960.80,0,0
CNX100,20190627,14:54,11959.65,11961.80,11959.65,11961.25,0,0
CNX100,20190627,14:55,11961.05,11966.70,11961.05,11966.60,0,0
CNX100,20190627,14:56,11966.80,11968.95,11966.45,11966.95,0,0
CNX100,20190627,14:57,11967.60,11968.45,11958.65,11958.65,0,0
CNX100,20190627,14:58,11961.55,11964.45,11961.55,11962.95,0,0
CNX100,20190627,14:59,11963.45,11963.85,11961.25,11962.40,0,0
CNX100,20190627,15:00,11962.15,11963.20,11957.15,11957.45,0,0
CNX100,20190627,15:01,11957.85,11957.85,11932.60,11935.45,0,0
CNX100,20190627,15:02,11935.05,11935.05,11923.45,11926.90,0,0
CNX100,20190627,15:03,11926.75,11926.75,11915.85,11917.45,0,0
CNX100,20190627,15:04,11917.10,11918.05,11913.60,11915.20,0,0
CNX100,20190627,15:05,11915.35,11920.80,11912.10,11920.80,0,0
CNX100,20190627,15:06,11920.50,11921.60,11917.05,11919.75,0,0
CNX100,20190627,15:07,11919.85,11921.60,11916.00,11921.25,0,0
CNX100,20190627,15:08,11920.85,11920.85,11918.25,11920.10,0,0
CNX100,20190627,15:09,11920.50,11924.15,11919.75,11923.50,0,0
CNX100,20190627,15:10,11923.55,11929.35,11922.35,11928.90,0,0
CNX100,20190627,15:11,11929.55,11938.65,11929.15,11936.95,0,0
CNX100,20190627,15:12,11937.40,11942.95,11936.30,11939.25,0,0
CNX100,20190627,15:13,11938.40,11940.05,11937.10,11937.75,0,0
CNX100,20190627,15:14,11937.95,11937.95,11935.60,11937.00,0,0
CNX100,20190627,15:15,11937.70,11938.70,11935.35,11936.50,0,0
CNX100,20190627,15:16,11936.10,11936.10,11930.10,11931.05,0,0
CNX100,20190627,15:17,11930.70,11932.95,11930.70,11932.55,0,0
CNX100,20190627,15:18,11932.25,11936.75,11930.70,11935.15,0,0
CNX100,20190627,15:19,11935.90,11937.10,11934.15,11934.65,0,0
CNX100,20190627,15:20,11934.85,11935.05,11932.70,11934.05,0,0
CNX100,20190627,15:21,11934.30,11937.80,11932.55,11937.45,0,0
CNX100,20190627,15:22,11937.60,11937.60,11934.50,11936.00,0,0
CNX100,20190627,15:23,11936.40,11937.45,11934.70,11937.10,0,0
CNX100,20190627,15:24,11936.55,11937.85,11934.55,11937.30,0,0
CNX100,20190627,15:25,11937.10,11937.70,11934.35,11935.50,0,0
CNX100,20190627,15:26,11936.50,11936.55,11934.45,11935.90,0,0
CNX100,20190627,15:27,11936.10,11936.40,11933.85,11934.95,0,0
CNX100,20190627,15:28,11934.75,11935.20,11931.85,11932.70,0,0
CNX100,20190627,15:29,11932.60,11934.30,11930.20,11933.95,0,0
CNX100,20190627,15:30,11933.20,11935.25,11930.95,11933.55,0,0
CNX100,20190627,15:31,11933.80,11933.80,11933.80,11933.80,0,0
CNX100,20190627,15:32,11934.05,11934.05,11931.35,11931.35,0,0
