HEROMOTOCO_F1,20200923,09:16,3011.65,3012.65,2998.10,3005.30,7500,739800
HEROMOTOCO_F1,20200923,09:17,3006.25,3006.25,2985.35,2993.15,9300,739800
HEROMOTOCO_F1,20200923,09:18,2993.90,3000.10,2993.90,3000.10,9300,743400
HEROMOTOCO_F1,20200923,09:19,2999.75,3001.65,2996.10,3001.65,4500,743400
HEROMOTOCO_F1,20200923,09:20,3003.75,3006.55,3003.75,3006.55,900,743400
HEROMOTOCO_F1,20200923,09:21,3006.55,3009.80,2999.30,2999.30,4200,743100
HEROMOTOCO_F1,20200923,09:22,3002.50,3005.10,3001.70,3005.10,11400,743100
HEROMOTOCO_F1,20200923,09:23,3006.00,3008.45,3006.00,3008.45,900,743100
HEROMOTOCO_F1,20200923,09:24,3008.45,3010.10,3006.10,3006.10,1800,752400
HEROMOTOCO_F1,20200923,09:25,3009.80,3013.90,3006.85,3006.85,3300,752400
HEROMOTOCO_F1,20200923,09:26,3011.00,3014.75,3007.55,3007.55,2100,752400
HEROMOTOCO_F1,20200923,09:27,3007.40,3009.00,3007.40,3009.00,2400,753000
HEROMOTOCO_F1,20200923,09:28,3008.00,3016.00,3008.00,3016.00,3900,753000
HEROMOTOCO_F1,20200923,09:29,3017.90,3019.45,3016.00,3019.45,2400,753000
HEROMOTOCO_F1,20200923,09:30,3018.20,3018.85,3016.40,3016.40,2700,753600
HEROMOTOCO_F1,20200923,09:31,3016.40,3016.40,3006.70,3014.00,4500,753600
HEROMOTOCO_F1,20200923,09:32,3014.90,3015.00,3014.00,3014.80,3300,753600
HEROMOTOCO_F1,20200923,09:33,3013.15,3013.15,3007.00,3010.00,4200,755400
HEROMOTOCO_F1,20200923,09:34,3010.00,3017.45,3010.00,3015.75,2100,755400
HEROMOTOCO_F1,20200923,09:35,3017.00,3017.00,3011.65,3014.40,2700,755400
HEROMOTOCO_F1,20200923,09:36,3014.40,3015.90,3014.40,3015.90,2100,756300
HEROMOTOCO_F1,20200923,09:37,3013.65,3015.35,3010.55,3010.55,1500,756300
HEROMOTOCO_F1,20200923,09:38,3014.75,3014.75,3013.45,3013.45,1800,756300
HEROMOTOCO_F1,20200923,09:39,3017.55,3017.55,3015.00,3015.00,15600,756300
HEROMOTOCO_F1,20200923,09:40,3013.85,3015.00,3012.00,3012.00,1800,767700
HEROMOTOCO_F1,20200923,09:41,3012.40,3015.00,3012.40,3015.00,1500,767700
HEROMOTOCO_F1,20200923,09:42,3016.60,3017.50,3015.95,3017.50,1500,768300
HEROMOTOCO_F1,20200923,09:43,3017.80,3026.65,3016.05,3022.80,15300,768300
HEROMOTOCO_F1,20200923,09:44,3021.25,3024.10,3021.25,3023.50,2700,768300
HEROMOTOCO_F1,20200923,09:45,3025.00,3025.00,3025.00,3025.00,1800,774600
HEROMOTOCO_F1,20200923,09:46,3023.60,3023.60,3017.30,3018.60,4500,774600
HEROMOTOCO_F1,20200923,09:47,3023.30,3023.30,3022.95,3023.05,2400,774600
HEROMOTOCO_F1,20200923,09:48,3018.65,3018.65,3015.95,3015.95,4800,774900
HEROMOTOCO_F1,20200923,09:49,3015.65,3015.65,3010.75,3010.75,20100,774900
HEROMOTOCO_F1,20200923,09:50,3011.00,3011.00,3009.55,3009.55,2100,774900
HEROMOTOCO_F1,20200923,09:51,3009.55,3010.00,3009.55,3010.00,900,789900
HEROMOTOCO_F1,20200923,09:52,3010.00,3010.00,3009.00,3009.75,2400,789900
HEROMOTOCO_F1,20200923,09:53,3009.70,3011.85,3009.70,3011.85,900,789900
HEROMOTOCO_F1,20200923,09:54,3011.85,3011.85,3011.85,3011.85,300,791700
HEROMOTOCO_F1,20200923,09:55,3013.65,3013.65,3013.65,3013.65,300,791700
HEROMOTOCO_F1,20200923,09:56,3013.65,3013.90,3013.65,3013.90,600,791700
HEROMOTOCO_F1,20200923,09:57,3011.60,3016.00,3011.60,3016.00,5700,791700
HEROMOTOCO_F1,20200923,09:58,3013.25,3013.25,3012.45,3012.45,900,791700
HEROMOTOCO_F1,20200923,09:59,3009.30,3010.00,3009.30,3009.50,4500,791700
HEROMOTOCO_F1,20200923,10:00,3009.50,3010.25,3009.50,3010.25,3000,789900
HEROMOTOCO_F1,20200923,10:01,3009.10,3010.35,3004.55,3010.35,7200,789900
HEROMOTOCO_F1,20200923,10:02,3008.75,3008.75,3007.80,3007.80,1200,789900
HEROMOTOCO_F1,20200923,10:03,3007.80,3007.80,3007.80,3007.80,900,787500
HEROMOTOCO_F1,20200923,10:04,3010.00,3010.00,3010.00,3010.00,3300,787500
HEROMOTOCO_F1,20200923,10:05,3010.00,3013.00,3010.00,3013.00,7500,787500
HEROMOTOCO_F1,20200923,10:06,3013.00,3013.00,3011.85,3011.85,900,788700
HEROMOTOCO_F1,20200923,10:07,3012.70,3012.70,3012.70,3012.70,1200,788700
HEROMOTOCO_F1,20200923,10:08,3011.00,3011.00,3011.00,3011.00,600,788700
HEROMOTOCO_F1,20200923,10:09,3008.00,3008.00,3008.00,3008.00,300,788700
HEROMOTOCO_F1,20200923,10:10,3008.00,3008.05,3007.95,3007.95,900,789600
HEROMOTOCO_F1,20200923,10:11,3007.15,3007.15,3006.35,3006.60,2700,789600
HEROMOTOCO_F1,20200923,10:12,3005.00,3007.00,3005.00,3007.00,2700,791100
HEROMOTOCO_F1,20200923,10:13,3008.00,3008.00,3008.00,3008.00,1200,791100
HEROMOTOCO_F1,20200923,10:14,3008.00,3008.00,3006.75,3006.75,1800,791100
HEROMOTOCO_F1,20200923,10:15,3002.65,3002.65,3002.00,3002.00,1200,791700
HEROMOTOCO_F1,20200923,10:16,2999.00,3002.25,2999.00,3002.25,2400,791700
HEROMOTOCO_F1,20200923,10:17,3003.00,3004.75,3000.00,3000.00,9600,791700
HEROMOTOCO_F1,20200923,10:18,2999.00,3000.00,2998.50,2999.90,2100,791700
HEROMOTOCO_F1,20200923,10:19,2999.85,2999.85,2999.85,2999.85,1200,792000
HEROMOTOCO_F1,20200923,10:20,2998.00,2998.00,2995.00,2996.00,2700,792000
HEROMOTOCO_F1,20200923,10:21,2998.00,2999.00,2994.40,2994.40,1800,792600
HEROMOTOCO_F1,20200923,10:22,2994.70,2994.70,2991.15,2991.15,9600,792600
HEROMOTOCO_F1,20200923,10:23,2993.05,2995.95,2992.45,2995.95,5100,792600
HEROMOTOCO_F1,20200923,10:24,2995.95,2999.95,2995.95,2999.95,3300,793500
HEROMOTOCO_F1,20200923,10:25,2999.95,2999.95,2999.75,2999.75,1500,793500
HEROMOTOCO_F1,20200923,10:26,2999.75,2999.75,2999.75,2999.75,6000,793500
HEROMOTOCO_F1,20200923,10:27,2996.90,2996.90,2996.90,2996.90,600,793500
HEROMOTOCO_F1,20200923,10:28,2999.00,2999.30,2999.00,2999.30,600,793500
HEROMOTOCO_F1,20200923,10:30,2999.30,3002.40,2998.20,3002.40,1800,793500
HEROMOTOCO_F1,20200923,10:31,3002.40,3004.95,3002.40,3004.95,1800,792900
HEROMOTOCO_F1,20200923,10:32,3004.25,3010.90,3004.25,3010.90,5700,792900
HEROMOTOCO_F1,20200923,10:33,3011.00,3012.75,3009.15,3009.15,3900,791100
HEROMOTOCO_F1,20200923,10:34,3010.60,3011.60,3010.60,3011.60,1200,791100
HEROMOTOCO_F1,20200923,10:35,3010.00,3010.00,3009.70,3009.70,1500,791100
HEROMOTOCO_F1,20200923,10:36,3009.70,3009.70,3008.85,3008.85,4500,794100
HEROMOTOCO_F1,20200923,10:37,3011.00,3012.40,3008.85,3008.85,4800,794100
HEROMOTOCO_F1,20200923,10:38,3009.70,3010.00,3004.95,3004.95,12000,794100
HEROMOTOCO_F1,20200923,10:39,3004.95,3006.00,3001.85,3006.00,5700,794400
HEROMOTOCO_F1,20200923,10:40,3006.00,3008.85,3006.00,3007.00,8100,794400
HEROMOTOCO_F1,20200923,10:41,3006.00,3007.65,3006.00,3007.65,1200,794400
HEROMOTOCO_F1,20200923,10:42,3009.15,3009.15,3009.15,3009.15,600,794400
HEROMOTOCO_F1,20200923,10:43,3009.15,3009.15,3007.00,3007.00,900,792600
HEROMOTOCO_F1,20200923,10:44,3007.00,3009.00,3007.00,3009.00,1500,792600
HEROMOTOCO_F1,20200923,10:45,3010.35,3010.35,3010.35,3010.35,300,792600
HEROMOTOCO_F1,20200923,10:46,3010.35,3011.00,3009.65,3010.35,3000,791700
HEROMOTOCO_F1,20200923,10:47,3011.25,3013.20,3011.25,3012.50,2100,791700
HEROMOTOCO_F1,20200923,10:48,3012.90,3012.90,3012.90,3012.90,900,790500
HEROMOTOCO_F1,20200923,10:49,3012.85,3013.00,3012.20,3013.00,1500,790500
HEROMOTOCO_F1,20200923,10:50,3013.00,3013.00,3010.45,3010.45,1200,790500
HEROMOTOCO_F1,20200923,10:51,3011.00,3012.40,3011.00,3012.40,900,792000
HEROMOTOCO_F1,20200923,10:52,3013.00,3016.25,3013.00,3014.10,4200,792000
HEROMOTOCO_F1,20200923,10:53,3016.85,3017.00,3015.00,3017.00,2700,792000
HEROMOTOCO_F1,20200923,10:54,3017.00,3017.00,3017.00,3017.00,1800,792600
HEROMOTOCO_F1,20200923,10:55,3013.75,3013.75,3012.15,3012.15,2100,792600
HEROMOTOCO_F1,20200923,10:56,3017.95,3020.00,3016.15,3016.15,6000,792600
HEROMOTOCO_F1,20200923,10:57,3017.60,3017.60,3016.50,3016.50,1800,791700
HEROMOTOCO_F1,20200923,10:58,3020.30,3020.30,3020.00,3020.00,900,791700
HEROMOTOCO_F1,20200923,10:59,3018.65,3020.60,3018.20,3018.20,1500,791700
HEROMOTOCO_F1,20200923,11:00,3018.20,3018.20,3018.20,3018.20,600,791700
HEROMOTOCO_F1,20200923,11:01,3019.95,3019.95,3017.70,3017.70,2700,789300
HEROMOTOCO_F1,20200923,11:02,3018.00,3019.95,3018.00,3019.95,1500,789300
HEROMOTOCO_F1,20200923,11:03,3018.65,3019.65,3018.65,3019.65,3000,790800
HEROMOTOCO_F1,20200923,11:04,3020.00,3022.00,3019.05,3022.00,3600,790800
HEROMOTOCO_F1,20200923,11:05,3022.00,3022.00,3020.40,3021.15,5400,790800
HEROMOTOCO_F1,20200923,11:06,3024.00,3024.00,3016.30,3019.10,4500,794700
HEROMOTOCO_F1,20200923,11:07,3019.10,3023.10,3019.10,3021.30,3000,794700
HEROMOTOCO_F1,20200923,11:08,3021.45,3023.50,3021.45,3023.50,1800,794700
HEROMOTOCO_F1,20200923,11:09,3027.00,3030.00,3027.00,3027.40,7800,794700
HEROMOTOCO_F1,20200923,11:10,3028.75,3030.55,3027.55,3029.95,4200,796500
HEROMOTOCO_F1,20200923,11:11,3030.00,3031.00,3027.00,3027.00,6900,796500
HEROMOTOCO_F1,20200923,11:12,3027.00,3028.80,3022.25,3023.35,8400,796500
HEROMOTOCO_F1,20200923,11:13,3023.35,3029.70,3023.35,3028.90,1800,791700
HEROMOTOCO_F1,20200923,11:14,3029.80,3032.80,3028.50,3032.00,5100,791700
HEROMOTOCO_F1,20200923,11:15,3033.20,3033.55,3031.55,3032.00,7200,793800
HEROMOTOCO_F1,20200923,11:16,3031.40,3031.40,3028.20,3028.20,2400,793800
HEROMOTOCO_F1,20200923,11:17,3027.00,3028.70,3027.00,3028.70,2100,793800
HEROMOTOCO_F1,20200923,11:18,3028.90,3035.25,3028.90,3033.55,7500,795000
HEROMOTOCO_F1,20200923,11:19,3031.25,3033.55,3030.00,3033.55,3300,795000
HEROMOTOCO_F1,20200923,11:20,3035.80,3035.80,3026.30,3027.35,3900,795000
HEROMOTOCO_F1,20200923,11:21,3027.35,3027.50,3027.35,3027.50,1800,795000
HEROMOTOCO_F1,20200923,11:22,3027.90,3030.90,3027.90,3030.90,9600,795000
HEROMOTOCO_F1,20200923,11:23,3030.90,3030.90,3030.90,3030.90,5400,795000
HEROMOTOCO_F1,20200923,11:24,3027.75,3027.75,3025.90,3025.90,2700,795000
HEROMOTOCO_F1,20200923,11:25,3027.45,3027.45,3027.45,3027.45,900,803100
HEROMOTOCO_F1,20200923,11:26,3027.45,3031.30,3025.45,3025.45,12900,803100
HEROMOTOCO_F1,20200923,11:27,3025.40,3026.00,3024.40,3024.40,1800,803100
HEROMOTOCO_F1,20200923,11:28,3027.70,3030.20,3027.50,3028.00,1200,803700
HEROMOTOCO_F1,20200923,11:29,3028.00,3028.00,3028.00,3028.00,1500,803700
HEROMOTOCO_F1,20200923,11:30,3028.50,3028.50,3028.50,3028.50,900,803700
HEROMOTOCO_F1,20200923,11:31,3028.50,3034.80,3028.50,3034.35,5700,798900
HEROMOTOCO_F1,20200923,11:32,3034.35,3039.50,3034.35,3035.65,16200,798900
HEROMOTOCO_F1,20200923,11:33,3036.40,3041.00,3036.40,3038.00,6900,798900
HEROMOTOCO_F1,20200923,11:34,3040.00,3044.00,3039.05,3043.00,12000,804600
HEROMOTOCO_F1,20200923,11:35,3042.95,3045.45,3041.00,3041.00,13200,804600
HEROMOTOCO_F1,20200923,11:36,3041.00,3042.00,3040.55,3042.00,1500,804600
HEROMOTOCO_F1,20200923,11:37,3041.80,3048.05,3040.25,3046.50,5700,812100
HEROMOTOCO_F1,20200923,11:38,3048.30,3048.30,3042.70,3042.70,2700,812100
HEROMOTOCO_F1,20200923,11:39,3042.70,3044.75,3042.70,3044.75,2100,812100
HEROMOTOCO_F1,20200923,11:40,3043.95,3044.20,3043.35,3043.35,1800,811500
HEROMOTOCO_F1,20200923,11:41,3047.00,3051.00,3046.30,3046.30,9300,811500
HEROMOTOCO_F1,20200923,11:42,3045.65,3047.35,3045.25,3046.05,2400,811500
HEROMOTOCO_F1,20200923,11:43,3046.05,3046.05,3039.35,3041.30,6900,808800
HEROMOTOCO_F1,20200923,11:44,3040.20,3040.30,3038.10,3040.00,5400,808800
HEROMOTOCO_F1,20200923,11:46,3038.10,3038.10,3036.05,3037.80,3000,806400
HEROMOTOCO_F1,20200923,11:47,3031.60,3035.60,3031.35,3035.60,9600,806400
HEROMOTOCO_F1,20200923,11:48,3036.20,3038.90,3036.20,3038.90,1500,806400
HEROMOTOCO_F1,20200923,11:49,3038.00,3040.40,3035.50,3035.50,3600,805800
HEROMOTOCO_F1,20200923,11:50,3035.50,3035.50,3031.30,3031.55,2100,805800
HEROMOTOCO_F1,20200923,11:51,3033.25,3033.75,3032.55,3033.75,2100,805800
HEROMOTOCO_F1,20200923,11:52,3033.75,3034.90,3027.15,3030.00,9900,807900
HEROMOTOCO_F1,20200923,11:53,3030.40,3031.95,3029.00,3031.90,4800,807900
HEROMOTOCO_F1,20200923,11:54,3032.20,3033.55,3029.95,3029.95,4200,807900
HEROMOTOCO_F1,20200923,11:55,3030.65,3032.20,3027.10,3032.20,2400,811200
HEROMOTOCO_F1,20200923,11:56,3030.60,3030.60,3025.00,3025.05,5400,811200
HEROMOTOCO_F1,20200923,11:57,3025.00,3031.40,3024.45,3031.40,10200,811200
HEROMOTOCO_F1,20200923,11:58,3031.30,3031.30,3024.95,3024.95,2700,810000
HEROMOTOCO_F1,20200923,11:59,3024.95,3028.95,3024.95,3028.95,2100,810000
HEROMOTOCO_F1,20200923,12:00,3029.45,3030.25,3029.45,3029.50,1800,810000
HEROMOTOCO_F1,20200923,12:01,3027.40,3027.40,3020.20,3022.45,5400,809400
HEROMOTOCO_F1,20200923,12:02,3022.70,3025.00,3020.95,3025.00,1200,809400
HEROMOTOCO_F1,20200923,12:03,3020.90,3021.30,3020.90,3021.30,3000,809400
HEROMOTOCO_F1,20200923,12:04,3020.60,3020.60,3015.85,3019.75,7500,812400
HEROMOTOCO_F1,20200923,12:05,3019.90,3025.05,3019.30,3025.00,7200,812400
HEROMOTOCO_F1,20200923,12:06,3025.65,3025.65,3022.50,3022.50,3900,812400
HEROMOTOCO_F1,20200923,12:07,3021.00,3021.05,3016.85,3017.05,8400,813900
HEROMOTOCO_F1,20200923,12:08,3018.65,3018.65,3017.70,3017.70,1800,813900
HEROMOTOCO_F1,20200923,12:09,3022.00,3022.00,3022.00,3022.00,600,813900
HEROMOTOCO_F1,20200923,12:10,3021.60,3021.95,3021.60,3021.95,1200,818100
HEROMOTOCO_F1,20200923,12:11,3018.60,3020.50,3018.35,3020.50,1800,818100
HEROMOTOCO_F1,20200923,12:12,3020.50,3024.45,3020.50,3022.50,5400,818100
HEROMOTOCO_F1,20200923,12:13,3024.40,3025.75,3024.40,3025.75,1800,819900
HEROMOTOCO_F1,20200923,12:14,3025.00,3025.30,3023.75,3023.75,1800,819900
HEROMOTOCO_F1,20200923,12:15,3022.75,3022.75,3018.00,3018.00,3900,819900
HEROMOTOCO_F1,20200923,12:16,3018.65,3020.45,3018.25,3020.30,5100,820200
HEROMOTOCO_F1,20200923,12:17,3021.00,3022.30,3021.00,3022.00,1800,820200
HEROMOTOCO_F1,20200923,12:18,3022.00,3022.00,3021.00,3021.00,1800,820200
HEROMOTOCO_F1,20200923,12:19,3022.35,3022.35,3022.35,3022.35,300,822600
HEROMOTOCO_F1,20200923,12:20,3025.65,3032.05,3025.65,3032.05,3000,822600
HEROMOTOCO_F1,20200923,12:21,3031.05,3033.45,3031.05,3031.25,3600,822600
HEROMOTOCO_F1,20200923,12:22,3027.15,3027.15,3023.75,3023.75,4200,824700
HEROMOTOCO_F1,20200923,12:23,3023.90,3026.50,3022.25,3026.50,9300,824700
HEROMOTOCO_F1,20200923,12:24,3026.45,3027.75,3024.05,3027.75,2700,824700
HEROMOTOCO_F1,20200923,12:25,3027.75,3027.75,3026.35,3026.35,900,834600
HEROMOTOCO_F1,20200923,12:26,3028.25,3028.25,3027.95,3027.95,600,834600
HEROMOTOCO_F1,20200923,12:28,3029.70,3030.05,3028.05,3028.05,3300,835800
HEROMOTOCO_F1,20200923,12:29,3028.05,3028.05,3028.05,3028.05,300,835800
HEROMOTOCO_F1,20200923,12:31,3028.05,3031.20,3028.05,3029.75,3600,836700
HEROMOTOCO_F1,20200923,12:32,3028.15,3028.15,3028.15,3028.15,4500,836700
HEROMOTOCO_F1,20200923,12:33,3028.15,3028.15,3025.65,3026.00,1800,836700
HEROMOTOCO_F1,20200923,12:34,3026.00,3026.00,3021.65,3021.65,3000,841800
HEROMOTOCO_F1,20200923,12:35,3024.00,3024.00,3022.60,3022.60,1500,841800
HEROMOTOCO_F1,20200923,12:36,3021.60,3021.90,3017.00,3018.80,3300,841800
HEROMOTOCO_F1,20200923,12:37,3018.65,3024.80,3018.65,3024.60,1500,841800
HEROMOTOCO_F1,20200923,12:38,3024.60,3024.60,3023.40,3024.35,2400,841800
HEROMOTOCO_F1,20200923,12:39,3024.20,3024.20,3021.25,3021.25,1800,841800
HEROMOTOCO_F1,20200923,12:40,3024.15,3025.10,3024.15,3024.90,1200,842700
HEROMOTOCO_F1,20200923,12:41,3024.00,3024.00,3023.25,3023.25,600,842700
HEROMOTOCO_F1,20200923,12:42,3022.00,3023.95,3021.30,3023.95,1800,842700
HEROMOTOCO_F1,20200923,12:43,3022.50,3022.60,3021.45,3021.45,4500,843000
HEROMOTOCO_F1,20200923,12:44,3021.40,3021.40,3012.95,3015.85,5700,843000
HEROMOTOCO_F1,20200923,12:45,3015.85,3022.90,3015.85,3022.90,2100,843000
HEROMOTOCO_F1,20200923,12:46,3017.45,3017.45,3016.50,3017.20,2100,840600
HEROMOTOCO_F1,20200923,12:47,3017.00,3017.20,3017.00,3017.00,1800,840600
HEROMOTOCO_F1,20200923,12:48,3014.70,3016.00,3014.70,3016.00,600,840600
HEROMOTOCO_F1,20200923,12:49,3018.50,3018.80,3016.90,3018.80,2700,839700
HEROMOTOCO_F1,20200923,12:50,3018.75,3020.40,3017.65,3020.40,1500,839700
HEROMOTOCO_F1,20200923,12:51,3020.30,3020.30,3009.30,3009.75,16800,839700
HEROMOTOCO_F1,20200923,12:52,3008.10,3011.80,3007.20,3009.60,6000,841800
HEROMOTOCO_F1,20200923,12:53,3010.85,3013.35,3010.85,3012.30,1500,841800
HEROMOTOCO_F1,20200923,12:54,3012.00,3012.00,2995.55,2995.55,26100,841800
HEROMOTOCO_F1,20200923,12:55,2993.70,2997.10,2993.65,2995.90,9300,843600
HEROMOTOCO_F1,20200923,12:56,2996.20,2998.60,2995.05,2998.60,4500,843600
HEROMOTOCO_F1,20200923,12:57,2996.60,2996.60,2993.90,2994.25,2700,843600
HEROMOTOCO_F1,20200923,12:58,2992.25,2992.25,2982.40,2987.40,9600,838800
HEROMOTOCO_F1,20200923,12:59,2987.80,2991.60,2987.80,2991.60,3300,838800
HEROMOTOCO_F1,20200923,13:00,2991.60,2991.75,2989.00,2989.00,3000,838800
HEROMOTOCO_F1,20200923,13:01,2991.95,2991.95,2987.70,2987.70,2100,842100
HEROMOTOCO_F1,20200923,13:02,2990.75,2993.25,2990.75,2993.25,1800,842100
HEROMOTOCO_F1,20200923,13:03,2994.75,2997.65,2993.90,2997.65,2700,842100
HEROMOTOCO_F1,20200923,13:04,2997.55,2997.55,2991.80,2993.00,2400,836700
HEROMOTOCO_F1,20200923,13:05,2996.45,2996.45,2996.20,2996.20,600,836700
HEROMOTOCO_F1,20200923,13:06,2999.15,2999.15,2999.15,2999.15,900,836700
HEROMOTOCO_F1,20200923,13:07,2999.00,3002.60,2999.00,3000.45,3000,836400
HEROMOTOCO_F1,20200923,13:08,3001.95,3001.95,3001.95,3001.95,300,836400
HEROMOTOCO_F1,20200923,13:10,3001.95,3001.95,3001.95,3001.95,1200,836400
HEROMOTOCO_F1,20200923,13:11,2998.00,3007.25,2998.00,3007.25,3600,836400
HEROMOTOCO_F1,20200923,13:13,3000.80,3003.75,3000.80,3003.75,900,835500
HEROMOTOCO_F1,20200923,13:14,3003.65,3003.65,3001.50,3001.50,1800,835500
HEROMOTOCO_F1,20200923,13:15,3001.50,3002.00,3001.50,3002.00,1200,835500
HEROMOTOCO_F1,20200923,13:16,3004.70,3004.70,3004.70,3004.70,300,835500
HEROMOTOCO_F1,20200923,13:17,3002.70,3002.70,3002.70,3002.70,1500,835200
HEROMOTOCO_F1,20200923,13:18,3005.00,3005.00,3000.75,3000.75,900,835200
HEROMOTOCO_F1,20200923,13:19,3003.05,3003.30,3003.05,3003.30,1200,835200
HEROMOTOCO_F1,20200923,13:20,3002.50,3002.50,3002.50,3002.50,600,835200
HEROMOTOCO_F1,20200923,13:21,3002.50,3002.50,3002.50,3002.50,1500,835200
HEROMOTOCO_F1,20200923,13:22,3002.70,3005.35,3002.70,3005.35,600,835200
HEROMOTOCO_F1,20200923,13:23,3007.80,3007.80,3007.80,3007.80,2400,835200
HEROMOTOCO_F1,20200923,13:24,3007.80,3007.80,3006.00,3006.00,900,835200
HEROMOTOCO_F1,20200923,13:25,3001.00,3001.00,3001.00,3001.00,2100,835200
HEROMOTOCO_F1,20200923,13:26,3001.00,3004.30,3001.00,3004.30,1200,832500
HEROMOTOCO_F1,20200923,13:27,3004.30,3004.30,3000.90,3000.90,4200,832500
HEROMOTOCO_F1,20200923,13:28,3000.90,3004.05,2998.85,3004.05,5100,832500
HEROMOTOCO_F1,20200923,13:29,3004.05,3005.50,3004.05,3005.50,900,832500
HEROMOTOCO_F1,20200923,13:30,3005.00,3005.00,3002.00,3002.00,1200,832500
HEROMOTOCO_F1,20200923,13:31,3002.00,3002.00,3000.60,3000.60,1200,836100
HEROMOTOCO_F1,20200923,13:32,3000.60,3005.00,3000.60,3005.00,600,836100
HEROMOTOCO_F1,20200923,13:33,3005.35,3005.35,3003.65,3003.65,2400,836100
HEROMOTOCO_F1,20200923,13:34,3001.00,3001.00,3000.00,3001.00,2400,833400
HEROMOTOCO_F1,20200923,13:35,2998.10,2998.45,2998.00,2998.00,1800,833400
HEROMOTOCO_F1,20200923,13:36,2998.00,2999.55,2996.60,2996.60,2100,833400
HEROMOTOCO_F1,20200923,13:37,2999.00,2999.00,2997.50,2997.50,900,833400
HEROMOTOCO_F1,20200923,13:38,2997.50,2997.50,2997.50,2997.50,600,833100
HEROMOTOCO_F1,20200923,13:39,2997.50,2997.50,2995.05,2995.05,600,833100
HEROMOTOCO_F1,20200923,13:40,2995.50,2995.50,2993.50,2993.75,900,833100
HEROMOTOCO_F1,20200923,13:41,2996.15,2996.15,2996.10,2996.10,900,833100
HEROMOTOCO_F1,20200923,13:42,2995.05,2995.70,2994.60,2995.70,3300,833100
HEROMOTOCO_F1,20200923,13:43,2995.70,2998.00,2990.05,2990.05,9900,835800
HEROMOTOCO_F1,20200923,13:44,2989.00,2989.00,2989.00,2989.00,600,835800
HEROMOTOCO_F1,20200923,13:45,2991.35,2992.30,2990.90,2992.30,2400,835800
HEROMOTOCO_F1,20200923,13:46,2989.55,2990.00,2989.55,2990.00,900,836700
HEROMOTOCO_F1,20200923,13:47,2989.00,2989.00,2989.00,2989.00,1500,836700
HEROMOTOCO_F1,20200923,13:48,2989.00,2989.00,2988.00,2988.00,1500,836700
HEROMOTOCO_F1,20200923,13:49,2988.00,2989.95,2988.00,2989.95,1200,837000
HEROMOTOCO_F1,20200923,13:50,2989.95,2990.40,2989.95,2990.40,600,837000
HEROMOTOCO_F1,20200923,13:51,2989.25,2989.25,2983.70,2986.55,4200,837000
HEROMOTOCO_F1,20200923,13:52,2986.80,2986.80,2986.80,2986.80,900,838800
HEROMOTOCO_F1,20200923,13:53,2986.50,2988.15,2986.50,2988.05,3000,838800
HEROMOTOCO_F1,20200923,13:54,2986.05,2986.05,2985.50,2986.00,2100,838800
HEROMOTOCO_F1,20200923,13:55,2985.15,2985.15,2980.65,2980.65,5400,839700
HEROMOTOCO_F1,20200923,13:56,2978.00,2978.00,2971.45,2971.45,6600,839700
HEROMOTOCO_F1,20200923,13:57,2974.70,2983.35,2974.70,2983.35,3600,839700
HEROMOTOCO_F1,20200923,13:58,2980.85,2981.75,2980.30,2981.75,1800,839700
HEROMOTOCO_F1,20200923,13:59,2982.50,2982.50,2977.00,2977.00,1800,839700
HEROMOTOCO_F1,20200923,14:00,2980.10,2983.65,2980.10,2981.00,3300,839700
HEROMOTOCO_F1,20200923,14:01,2983.05,2983.20,2977.00,2977.00,1200,842400
HEROMOTOCO_F1,20200923,14:02,2979.05,2979.05,2979.00,2979.00,3600,842400
HEROMOTOCO_F1,20200923,14:03,2981.25,2982.95,2972.35,2972.35,4200,842400
HEROMOTOCO_F1,20200923,14:04,2972.35,2972.50,2967.90,2967.90,9900,841800
HEROMOTOCO_F1,20200923,14:05,2967.15,2968.55,2965.90,2968.20,5400,841800
HEROMOTOCO_F1,20200923,14:06,2966.00,2966.70,2963.60,2966.70,2400,841800
HEROMOTOCO_F1,20200923,14:07,2968.00,2971.45,2966.90,2966.90,6300,848700
HEROMOTOCO_F1,20200923,14:08,2971.00,2972.95,2968.30,2968.70,1800,848700
HEROMOTOCO_F1,20200923,14:09,2969.75,2969.75,2965.70,2965.70,1200,848700
HEROMOTOCO_F1,20200923,14:10,2967.65,2967.65,2967.65,2967.65,900,848700
HEROMOTOCO_F1,20200923,14:11,2967.65,2970.00,2966.25,2966.85,3600,848400
HEROMOTOCO_F1,20200923,14:12,2967.70,2968.55,2967.70,2967.80,1800,848400
HEROMOTOCO_F1,20200923,14:13,2970.15,2970.15,2970.15,2970.15,600,848400
HEROMOTOCO_F1,20200923,14:14,2973.75,2976.00,2973.75,2976.00,3000,850500
HEROMOTOCO_F1,20200923,14:15,2973.60,2973.60,2973.20,2973.20,1800,850500
HEROMOTOCO_F1,20200923,14:16,2973.20,2973.20,2970.35,2970.35,5100,852900
HEROMOTOCO_F1,20200923,14:17,2970.35,2971.15,2969.25,2971.15,1200,852900
HEROMOTOCO_F1,20200923,14:18,2974.85,2975.90,2974.00,2975.90,2400,852900
HEROMOTOCO_F1,20200923,14:19,2975.80,2975.80,2974.00,2974.45,3000,852300
HEROMOTOCO_F1,20200923,14:20,2973.00,2973.00,2972.45,2972.45,1800,852300
HEROMOTOCO_F1,20200923,14:21,2968.50,2968.50,2968.50,2968.50,900,852300
HEROMOTOCO_F1,20200923,14:22,2973.95,2973.95,2971.10,2971.10,2700,853800
HEROMOTOCO_F1,20200923,14:23,2972.50,2972.50,2969.05,2969.50,1800,853800
HEROMOTOCO_F1,20200923,14:24,2969.50,2971.80,2967.45,2971.80,1800,853800
HEROMOTOCO_F1,20200923,14:25,2971.80,2971.80,2971.00,2971.00,1200,853800
HEROMOTOCO_F1,20200923,14:27,2974.80,2979.00,2974.80,2975.80,2700,855900
HEROMOTOCO_F1,20200923,14:28,2978.00,2979.60,2976.60,2976.60,2400,854400
HEROMOTOCO_F1,20200923,14:29,2976.60,2976.60,2972.70,2972.70,2400,854400
HEROMOTOCO_F1,20200923,14:30,2973.05,2973.05,2973.05,2973.05,600,854400
HEROMOTOCO_F1,20200923,14:31,2976.35,2976.35,2969.95,2969.95,1500,854400
HEROMOTOCO_F1,20200923,14:32,2970.00,2974.30,2970.00,2972.50,3000,856500
HEROMOTOCO_F1,20200923,14:33,2970.60,2972.90,2970.60,2972.90,900,856500
HEROMOTOCO_F1,20200923,14:34,2972.90,2976.00,2972.90,2976.00,3600,857100
HEROMOTOCO_F1,20200923,14:35,2974.75,2975.55,2974.75,2975.55,1200,857100
HEROMOTOCO_F1,20200923,14:36,2974.65,2974.65,2974.65,2974.65,300,857100
HEROMOTOCO_F1,20200923,14:37,2977.45,2977.50,2975.30,2976.10,2100,856200
HEROMOTOCO_F1,20200923,14:38,2978.00,2979.00,2978.00,2978.20,3600,856200
HEROMOTOCO_F1,20200923,14:39,2975.00,2975.00,2972.00,2972.00,1500,856200
HEROMOTOCO_F1,20200923,14:40,2968.25,2970.00,2967.50,2967.50,3000,855300
HEROMOTOCO_F1,20200923,14:41,2967.50,2967.85,2967.50,2967.85,900,855300
HEROMOTOCO_F1,20200923,14:42,2967.50,2967.50,2966.50,2966.50,7200,855300
HEROMOTOCO_F1,20200923,14:43,2968.90,2968.90,2968.85,2968.85,2100,855300
HEROMOTOCO_F1,20200923,14:44,2968.85,2968.85,2968.85,2968.85,1800,859200
HEROMOTOCO_F1,20200923,14:45,2970.65,2970.65,2970.65,2970.65,300,859200
HEROMOTOCO_F1,20200923,14:46,2969.75,2972.40,2969.75,2972.40,1800,859200
HEROMOTOCO_F1,20200923,14:47,2973.00,2973.00,2972.00,2973.00,900,860700
HEROMOTOCO_F1,20200923,14:48,2970.15,2971.75,2970.10,2971.75,900,860700
HEROMOTOCO_F1,20200923,14:49,2971.75,2971.75,2970.70,2970.70,1500,860700
HEROMOTOCO_F1,20200923,14:50,2970.50,2973.80,2970.50,2973.80,1500,860700
HEROMOTOCO_F1,20200923,14:51,2973.80,2975.10,2973.80,2975.10,1200,860700
HEROMOTOCO_F1,20200923,14:52,2975.10,2980.00,2975.10,2980.00,3300,718500
HEROMOTOCO_F1,20200923,14:53,2980.00,2982.60,2980.00,2981.25,4200,718500
HEROMOTOCO_F1,20200923,14:54,2979.60,2980.00,2976.75,2980.00,3000,718500
HEROMOTOCO_F1,20200923,14:55,2976.40,2982.60,2975.65,2980.00,16200,712200
HEROMOTOCO_F1,20200923,14:56,2979.30,2979.30,2978.65,2978.65,8100,712200
HEROMOTOCO_F1,20200923,14:58,2978.65,2978.65,2974.10,2976.00,4500,716400
HEROMOTOCO_F1,20200923,14:59,2977.05,2977.05,2974.00,2974.00,1200,716400
HEROMOTOCO_F1,20200923,15:00,2975.00,2977.20,2974.65,2977.20,4200,716400
HEROMOTOCO_F1,20200923,15:01,2978.45,2982.00,2978.00,2979.65,10800,713700
HEROMOTOCO_F1,20200923,15:02,2979.70,2979.70,2978.00,2978.00,5700,713700
HEROMOTOCO_F1,20200923,15:03,2975.15,2975.90,2974.35,2975.30,2700,713700
HEROMOTOCO_F1,20200923,15:04,2974.65,2974.65,2972.60,2972.60,2400,713700
HEROMOTOCO_F1,20200923,15:05,2974.15,2974.15,2972.75,2973.70,3000,711000
HEROMOTOCO_F1,20200923,15:06,2972.60,2977.35,2972.60,2975.00,4500,711000
HEROMOTOCO_F1,20200923,15:08,2972.65,2975.35,2972.65,2975.35,6600,711900
HEROMOTOCO_F1,20200923,15:09,2976.15,2977.10,2975.70,2976.80,4500,711900
HEROMOTOCO_F1,20200923,15:10,2977.70,2977.90,2975.85,2975.85,3000,711600
HEROMOTOCO_F1,20200923,15:11,2977.80,2977.80,2977.00,2977.00,1500,711600
HEROMOTOCO_F1,20200923,15:12,2976.85,2978.05,2976.80,2976.80,1200,711600
HEROMOTOCO_F1,20200923,15:14,2977.90,2978.90,2976.60,2976.60,7200,711000
HEROMOTOCO_F1,20200923,15:15,2976.00,2976.00,2974.10,2974.20,3900,711000
HEROMOTOCO_F1,20200923,15:16,2971.60,2975.20,2971.60,2974.00,4200,711000
HEROMOTOCO_F1,20200923,15:17,2973.35,2974.35,2971.20,2972.70,2700,711600
HEROMOTOCO_F1,20200923,15:18,2971.50,2972.90,2970.25,2970.25,5400,711600
HEROMOTOCO_F1,20200923,15:19,2971.05,2971.40,2966.75,2967.75,4200,711600
HEROMOTOCO_F1,20200923,15:20,2966.70,2968.95,2966.15,2966.15,12300,713100
HEROMOTOCO_F1,20200923,15:21,2966.15,2968.70,2965.60,2965.60,14700,713100
HEROMOTOCO_F1,20200923,15:22,2965.50,2967.85,2962.60,2963.40,6300,713100
HEROMOTOCO_F1,20200923,15:23,2961.05,2962.00,2960.00,2960.35,5100,733200
HEROMOTOCO_F1,20200923,15:24,2960.35,2962.00,2956.25,2956.30,13200,733200
HEROMOTOCO_F1,20200923,15:25,2955.00,2957.85,2955.00,2956.95,3000,733200
HEROMOTOCO_F1,20200923,15:26,2957.20,2958.55,2955.15,2955.15,10200,735300
HEROMOTOCO_F1,20200923,15:27,2955.10,2957.15,2947.00,2947.00,11700,735300
HEROMOTOCO_F1,20200923,15:28,2942.60,2944.75,2935.60,2941.10,18900,735300
HEROMOTOCO_F1,20200923,15:29,2941.30,2955.75,2940.35,2954.45,17100,741000
HEROMOTOCO_F1,20200923,15:30,2959.10,2959.60,2949.60,2951.05,17400,741000
HEROMOTOCO_F1,20200923,17:55,2962.90,2962.90,2962.90,2962.90,1,306900
