HCLTECH,20181227,09:08,949.00,949.00,949.00,949.00,1783,0
HCLTECH,20181227,09:16,949.10,951.05,946.05,948.70,20626,0
HCLTECH,20181227,09:17,948.55,952.90,948.55,951.85,12568,0
HCLTECH,20181227,09:18,951.85,952.50,951.00,951.95,12546,0
HCLTECH,20181227,09:19,951.45,953.00,949.55,951.00,16872,0
HCLTECH,20181227,09:20,950.05,951.90,950.05,950.50,5338,0
HCLTECH,20181227,09:21,950.65,951.00,950.00,950.00,4425,0
HCLTECH,20181227,09:22,950.00,950.60,949.00,950.40,8543,0
HCLTECH,20181227,09:23,950.40,950.65,949.20,949.95,2289,0
HCLTECH,20181227,09:24,949.60,950.50,949.15,950.00,3906,0
HCLTECH,20181227,09:25,950.25,950.50,950.00,950.00,3140,0
HCLTECH,20181227,09:26,950.35,950.50,950.00,950.10,3397,0
HCLTECH,20181227,09:27,950.15,950.50,949.95,950.15,5732,0
HCLTECH,20181227,09:28,950.20,951.50,950.15,950.30,6544,0
HCLTECH,20181227,09:29,950.20,951.35,950.20,951.20,1527,0
HCLTECH,20181227,09:30,951.20,951.45,951.00,951.05,3731,0
HCLTECH,20181227,09:31,951.35,951.75,951.35,951.45,1199,0
HCLTECH,20181227,09:32,951.45,951.60,950.55,951.20,5975,0
HCLTECH,20181227,09:33,950.80,952.00,950.55,951.05,2448,0
HCLTECH,20181227,09:34,951.00,951.85,951.00,951.05,2389,0
HCLTECH,20181227,09:35,951.10,951.10,950.05,950.10,4570,0
HCLTECH,20181227,09:36,950.30,950.45,949.80,950.05,5677,0
HCLTECH,20181227,09:37,950.00,950.15,949.80,949.90,5086,0
HCLTECH,20181227,09:38,949.90,950.85,948.00,948.05,4850,0
HCLTECH,20181227,09:39,948.05,949.40,948.05,948.70,4095,0
HCLTECH,20181227,09:40,948.70,950.00,948.70,949.50,3998,0
HCLTECH,20181227,09:41,949.25,950.00,949.00,949.50,3280,0
HCLTECH,20181227,09:42,949.50,949.75,949.00,949.05,2359,0
HCLTECH,20181227,09:43,949.15,949.45,948.05,949.00,4664,0
HCLTECH,20181227,09:44,949.00,949.50,949.00,949.25,3191,0
HCLTECH,20181227,09:45,949.40,950.00,949.25,949.55,2789,0
HCLTECH,20181227,09:46,949.55,949.55,949.10,949.50,2026,0
HCLTECH,20181227,09:47,949.50,949.50,949.05,949.30,1468,0
HCLTECH,20181227,09:48,949.05,949.20,949.05,949.10,3336,0
HCLTECH,20181227,09:49,949.10,949.15,948.15,948.80,11696,0
HCLTECH,20181227,09:50,948.80,949.00,948.00,948.00,1208,0
HCLTECH,20181227,09:51,948.00,948.55,948.00,948.15,1196,0
HCLTECH,20181227,09:52,948.15,948.25,947.00,947.05,2114,0
HCLTECH,20181227,09:53,947.05,947.35,945.00,945.50,6625,0
HCLTECH,20181227,09:54,946.00,947.10,945.45,946.05,8100,0
HCLTECH,20181227,09:55,946.20,946.90,945.00,945.75,24463,0
HCLTECH,20181227,09:56,946.00,946.55,945.55,946.10,13840,0
HCLTECH,20181227,09:57,946.25,947.85,946.05,947.85,1743,0
HCLTECH,20181227,09:58,947.20,948.45,947.15,947.65,2926,0
HCLTECH,20181227,09:59,948.45,948.45,947.50,948.05,738,0
HCLTECH,20181227,10:00,948.20,948.60,948.20,948.60,951,0
HCLTECH,20181227,10:01,948.55,949.55,948.55,949.55,4969,0
HCLTECH,20181227,10:02,949.10,949.60,949.10,949.40,3954,0
HCLTECH,20181227,10:03,949.60,949.60,948.25,948.85,2634,0
HCLTECH,20181227,10:04,948.40,948.40,947.40,947.90,4777,0
HCLTECH,20181227,10:05,948.30,948.60,947.25,947.30,1585,0
HCLTECH,20181227,10:06,947.30,948.75,947.25,948.30,2769,0
HCLTECH,20181227,10:07,948.75,949.60,948.70,949.45,6063,0
HCLTECH,20181227,10:08,949.45,949.70,949.25,949.35,3942,0
HCLTECH,20181227,10:09,949.35,949.95,949.20,949.80,2192,0
HCLTECH,20181227,10:10,949.80,950.65,949.50,949.65,3246,0
HCLTECH,20181227,10:11,949.65,950.45,949.35,950.00,2670,0
HCLTECH,20181227,10:12,950.05,951.00,950.00,950.65,8683,0
HCLTECH,20181227,10:13,950.65,951.60,949.70,951.05,16675,0
HCLTECH,20181227,10:14,951.05,952.00,950.80,951.25,10484,0
HCLTECH,20181227,10:15,951.40,951.55,950.05,950.05,4146,0
HCLTECH,20181227,10:16,950.00,951.15,949.65,950.10,5314,0
HCLTECH,20181227,10:17,950.30,951.40,950.20,951.20,1594,0
HCLTECH,20181227,10:18,951.00,951.50,950.20,950.20,2030,0
HCLTECH,20181227,10:19,950.30,951.50,950.30,951.20,5050,0
HCLTECH,20181227,10:20,951.30,951.50,950.50,951.20,7499,0
HCLTECH,20181227,10:21,951.20,951.50,950.65,951.25,3515,0
HCLTECH,20181227,10:22,951.25,951.50,951.00,951.10,1391,0
HCLTECH,20181227,10:23,951.00,952.00,950.80,952.00,4259,0
HCLTECH,20181227,10:24,951.50,954.95,951.50,953.55,18151,0
HCLTECH,20181227,10:25,954.30,954.30,953.50,953.95,5553,0
HCLTECH,20181227,10:26,953.90,954.30,953.45,954.00,5338,0
HCLTECH,20181227,10:27,954.00,954.45,953.65,954.00,5881,0
HCLTECH,20181227,10:28,953.95,954.00,953.30,953.75,1935,0
HCLTECH,20181227,10:29,953.75,954.40,953.55,954.00,5415,0
HCLTECH,20181227,10:30,954.70,956.60,954.35,956.00,18389,0
HCLTECH,20181227,10:31,956.00,956.60,955.50,955.70,8195,0
HCLTECH,20181227,10:32,955.85,956.50,955.70,956.35,4246,0
HCLTECH,20181227,10:33,955.75,958.05,955.70,957.20,29114,0
HCLTECH,20181227,10:34,957.20,958.50,957.20,958.00,20967,0
HCLTECH,20181227,10:35,957.60,958.55,957.50,958.30,10082,0
HCLTECH,20181227,10:36,958.15,958.80,958.15,958.80,12236,0
HCLTECH,20181227,10:37,958.65,958.85,958.40,958.80,8180,0
HCLTECH,20181227,10:38,958.80,958.80,958.40,958.50,7799,0
HCLTECH,20181227,10:39,958.40,958.45,957.30,957.30,10976,0
HCLTECH,20181227,10:40,957.10,957.50,956.50,956.50,5239,0
HCLTECH,20181227,10:41,956.50,957.25,956.50,956.50,10833,0
HCLTECH,20181227,10:42,956.50,957.10,956.15,956.15,2682,0
HCLTECH,20181227,10:43,956.15,956.75,955.55,956.50,9164,0
HCLTECH,20181227,10:44,956.10,957.00,956.00,956.10,7675,0
HCLTECH,20181227,10:45,956.30,957.55,956.30,956.75,1902,0
HCLTECH,20181227,10:46,956.75,956.95,956.15,956.25,1870,0
HCLTECH,20181227,10:47,956.25,957.00,956.25,956.55,3561,0
HCLTECH,20181227,10:48,956.55,957.70,956.55,957.45,2269,0
HCLTECH,20181227,10:49,957.15,957.25,956.45,956.80,4488,0
HCLTECH,20181227,10:50,956.50,957.00,956.30,956.35,4786,0
HCLTECH,20181227,10:51,956.35,956.40,956.00,956.05,5965,0
HCLTECH,20181227,10:52,956.05,956.40,955.45,955.85,2621,0
HCLTECH,20181227,10:53,955.70,956.70,955.45,955.70,7305,0
HCLTECH,20181227,10:54,955.70,956.60,955.55,955.80,9743,0
HCLTECH,20181227,10:55,955.80,956.90,955.65,956.40,1151,0
HCLTECH,20181227,10:56,956.00,956.40,955.55,955.65,1672,0
HCLTECH,20181227,10:57,956.00,956.00,955.40,955.60,2417,0
HCLTECH,20181227,10:58,955.60,956.00,955.40,955.60,1931,0
HCLTECH,20181227,10:59,955.95,955.95,955.45,955.85,1560,0
HCLTECH,20181227,11:00,955.85,955.85,954.95,954.95,3886,0
HCLTECH,20181227,11:01,953.90,954.20,952.50,954.20,14691,0
HCLTECH,20181227,11:02,954.00,954.95,954.00,954.95,7110,0
HCLTECH,20181227,11:03,954.90,956.00,954.85,955.50,5484,0
HCLTECH,20181227,11:04,955.50,956.00,955.35,955.80,3538,0
HCLTECH,20181227,11:05,956.00,956.00,955.35,955.85,1774,0
HCLTECH,20181227,11:06,956.00,956.00,955.00,955.05,4966,0
HCLTECH,20181227,11:07,955.45,956.00,955.05,955.05,7924,0
HCLTECH,20181227,11:08,955.05,955.05,954.60,955.00,2542,0
HCLTECH,20181227,11:09,954.80,955.35,954.50,955.00,1528,0
HCLTECH,20181227,11:10,955.00,955.80,955.00,955.00,983,0
HCLTECH,20181227,11:11,955.00,955.85,955.00,955.50,575,0
HCLTECH,20181227,11:12,955.55,956.00,955.40,955.60,842,0
HCLTECH,20181227,11:13,955.95,955.95,955.15,955.20,2674,0
HCLTECH,20181227,11:14,955.50,955.80,955.10,955.65,818,0
HCLTECH,20181227,11:15,955.65,955.95,955.20,955.85,2237,0
HCLTECH,20181227,11:16,955.35,955.60,955.10,955.10,575,0
HCLTECH,20181227,11:17,955.30,955.30,955.00,955.10,3699,0
HCLTECH,20181227,11:18,955.15,955.15,954.60,955.10,6447,0
HCLTECH,20181227,11:19,954.65,954.65,954.10,954.15,1159,0
HCLTECH,20181227,11:20,954.10,954.15,953.30,953.55,2146,0
HCLTECH,20181227,11:21,953.60,953.60,952.65,953.45,3630,0
HCLTECH,20181227,11:22,953.50,954.00,953.45,953.60,1443,0
HCLTECH,20181227,11:23,953.95,954.70,953.65,954.70,3564,0
HCLTECH,20181227,11:24,954.75,954.80,954.20,954.70,935,0
HCLTECH,20181227,11:25,954.70,955.30,954.30,954.85,2171,0
HCLTECH,20181227,11:26,954.45,955.10,954.45,955.10,609,0
HCLTECH,20181227,11:27,954.65,955.25,954.65,955.15,1580,0
HCLTECH,20181227,11:28,955.35,955.50,954.50,955.50,1374,0
HCLTECH,20181227,11:29,955.10,955.70,955.00,955.00,1244,0
HCLTECH,20181227,11:30,955.00,955.00,954.45,954.85,463,0
HCLTECH,20181227,11:31,954.85,955.50,954.45,954.45,1165,0
HCLTECH,20181227,11:32,954.45,954.90,954.40,954.45,1639,0
HCLTECH,20181227,11:33,954.45,954.65,954.30,954.30,1545,0
HCLTECH,20181227,11:34,954.35,954.35,954.00,954.05,604,0
HCLTECH,20181227,11:35,954.15,954.55,954.00,954.55,1567,0
HCLTECH,20181227,11:36,954.10,954.85,954.00,954.05,1055,0
HCLTECH,20181227,11:37,954.00,954.00,953.60,953.95,1709,0
HCLTECH,20181227,11:38,954.00,954.55,953.85,953.95,498,0
HCLTECH,20181227,11:39,954.05,954.30,953.90,953.90,648,0
HCLTECH,20181227,11:40,953.90,954.15,953.90,954.10,433,0
HCLTECH,20181227,11:41,954.10,954.10,954.00,954.00,2118,0
HCLTECH,20181227,11:42,954.00,954.10,954.00,954.00,2834,0
HCLTECH,20181227,11:43,954.10,954.35,954.05,954.30,514,0
HCLTECH,20181227,11:44,954.45,955.20,954.45,955.20,2326,0
HCLTECH,20181227,11:45,955.20,955.75,955.20,955.75,1666,0
HCLTECH,20181227,11:46,955.85,956.00,955.70,955.90,9854,0
HCLTECH,20181227,11:47,955.90,956.00,955.60,955.60,4030,0
HCLTECH,20181227,11:48,955.20,956.00,955.20,955.85,1153,0
HCLTECH,20181227,11:49,956.00,956.00,955.35,955.85,3892,0
HCLTECH,20181227,11:50,956.00,956.00,955.60,955.80,1797,0
HCLTECH,20181227,11:51,955.80,956.00,955.55,956.00,3052,0
HCLTECH,20181227,11:52,955.80,956.00,955.55,955.65,1805,0
HCLTECH,20181227,11:53,955.65,956.00,955.55,955.65,1256,0
HCLTECH,20181227,11:54,955.60,956.45,955.60,956.45,1265,0
HCLTECH,20181227,11:55,956.20,957.20,956.20,956.70,2477,0
HCLTECH,20181227,11:56,956.70,957.40,956.70,957.40,1990,0
HCLTECH,20181227,11:57,957.40,958.00,957.25,957.95,6407,0
HCLTECH,20181227,11:58,957.55,958.40,957.50,958.25,11197,0
HCLTECH,20181227,11:59,958.35,958.90,957.55,958.40,6100,0
HCLTECH,20181227,12:00,958.05,958.90,958.05,958.30,4885,0
HCLTECH,20181227,12:01,958.30,958.90,958.10,958.55,6324,0
HCLTECH,20181227,12:02,958.55,958.80,958.10,958.10,2417,0
HCLTECH,20181227,12:03,958.20,958.35,957.70,958.05,2440,0
HCLTECH,20181227,12:04,958.00,958.10,957.55,958.10,2375,0
HCLTECH,20181227,12:05,958.10,958.85,957.00,958.45,8674,0
HCLTECH,20181227,12:06,958.50,958.50,957.70,958.00,1542,0
HCLTECH,20181227,12:07,958.40,958.50,958.00,958.05,1623,0
HCLTECH,20181227,12:08,958.25,958.50,958.25,958.45,1520,0
HCLTECH,20181227,12:09,958.50,958.50,958.00,958.10,2306,0
HCLTECH,20181227,12:10,958.10,958.20,957.90,958.15,2092,0
HCLTECH,20181227,12:11,958.05,958.85,958.05,958.70,6133,0
HCLTECH,20181227,12:12,958.80,958.85,958.10,958.65,2598,0
HCLTECH,20181227,12:13,958.20,958.85,958.15,958.30,1776,0
HCLTECH,20181227,12:14,958.30,958.80,958.25,958.50,3397,0
HCLTECH,20181227,12:15,958.70,958.80,958.25,958.70,2588,0
HCLTECH,20181227,12:16,958.35,959.00,958.35,959.00,11585,0
HCLTECH,20181227,12:17,959.00,959.00,958.35,958.75,5641,0
HCLTECH,20181227,12:18,958.35,958.85,958.20,958.20,5330,0
HCLTECH,20181227,12:19,958.20,958.25,957.55,957.95,2683,0
HCLTECH,20181227,12:20,957.85,957.95,957.70,957.95,3589,0
HCLTECH,20181227,12:21,957.80,957.95,957.10,957.30,2452,0
HCLTECH,20181227,12:22,957.30,958.00,957.20,957.20,2782,0
HCLTECH,20181227,12:23,957.10,957.95,957.10,957.95,3358,0
HCLTECH,20181227,12:24,957.20,957.90,957.15,957.35,1205,0
HCLTECH,20181227,12:25,957.35,957.95,957.35,957.60,3436,0
HCLTECH,20181227,12:26,957.60,958.00,957.60,957.80,1034,0
HCLTECH,20181227,12:27,957.80,958.00,957.65,958.00,4142,0
HCLTECH,20181227,12:28,958.00,958.00,957.40,958.00,5402,0
HCLTECH,20181227,12:29,957.80,958.70,957.80,958.05,3225,0
HCLTECH,20181227,12:30,957.95,958.50,957.95,958.05,2330,0
HCLTECH,20181227,12:31,958.05,958.50,957.95,958.30,3597,0
HCLTECH,20181227,12:32,958.05,959.00,958.05,958.75,3240,0
HCLTECH,20181227,12:33,958.75,959.00,958.65,958.80,1713,0
HCLTECH,20181227,12:34,958.90,958.95,958.15,958.30,1714,0
HCLTECH,20181227,12:35,958.70,958.70,957.95,958.50,1179,0
HCLTECH,20181227,12:36,958.00,958.50,957.90,958.20,1944,0
HCLTECH,20181227,12:37,958.20,959.40,957.35,957.90,28200,0
HCLTECH,20181227,12:38,957.65,958.10,957.40,957.40,2625,0
HCLTECH,20181227,12:39,957.50,958.70,957.50,957.95,4182,0
HCLTECH,20181227,12:40,958.35,958.65,957.55,957.75,1411,0
HCLTECH,20181227,12:41,957.90,958.20,957.55,958.20,3474,0
HCLTECH,20181227,12:42,958.30,959.00,958.00,959.00,11175,0
HCLTECH,20181227,12:43,958.40,958.90,958.05,958.90,2266,0
HCLTECH,20181227,12:44,958.90,958.95,958.60,958.60,2307,0
HCLTECH,20181227,12:45,958.60,959.75,958.60,958.85,9118,0
HCLTECH,20181227,12:46,959.15,959.70,958.85,959.40,3556,0
HCLTECH,20181227,12:47,959.55,959.55,958.85,959.40,1706,0
HCLTECH,20181227,12:48,959.10,959.50,958.85,959.00,2299,0
HCLTECH,20181227,12:49,959.00,959.45,958.70,958.80,1577,0
HCLTECH,20181227,12:50,958.75,959.30,958.75,958.90,1331,0
HCLTECH,20181227,12:51,959.05,959.20,958.65,958.90,1121,0
HCLTECH,20181227,12:52,958.90,959.20,958.15,958.85,3230,0
HCLTECH,20181227,12:53,958.45,959.20,958.25,958.95,2190,0
HCLTECH,20181227,12:54,959.40,959.85,959.00,959.65,10196,0
HCLTECH,20181227,12:55,959.30,960.00,959.25,959.85,6328,0
HCLTECH,20181227,12:56,960.00,960.00,959.00,959.00,2642,0
HCLTECH,20181227,12:57,959.35,959.35,958.35,958.50,2524,0
HCLTECH,20181227,12:58,958.55,960.00,958.35,959.25,3505,0
HCLTECH,20181227,12:59,959.50,959.50,959.00,959.30,2600,0
HCLTECH,20181227,13:00,959.30,959.45,959.00,959.45,1196,0
HCLTECH,20181227,13:01,959.45,959.85,959.25,959.85,2013,0
HCLTECH,20181227,13:02,959.90,960.00,959.10,959.15,2411,0
HCLTECH,20181227,13:03,959.55,959.90,959.00,959.15,2420,0
HCLTECH,20181227,13:04,959.15,959.60,959.15,959.55,1917,0
HCLTECH,20181227,13:05,959.55,959.90,959.00,959.30,2196,0
HCLTECH,20181227,13:06,959.50,959.75,958.55,959.45,2853,0
HCLTECH,20181227,13:07,959.40,959.75,959.40,959.70,2118,0
HCLTECH,20181227,13:08,959.55,959.80,959.50,959.50,2037,0
HCLTECH,20181227,13:09,959.85,959.90,959.00,959.00,1982,0
HCLTECH,20181227,13:10,959.00,960.00,959.00,959.95,2292,0
HCLTECH,20181227,13:11,959.30,960.00,959.30,959.60,2398,0
HCLTECH,20181227,13:12,959.90,959.90,959.00,959.85,4005,0
HCLTECH,20181227,13:13,959.25,959.80,958.75,958.85,3900,0
HCLTECH,20181227,13:14,958.75,959.50,958.45,958.70,3820,0
HCLTECH,20181227,13:15,958.60,959.10,958.00,958.00,4799,0
HCLTECH,20181227,13:16,958.00,958.60,957.20,957.40,6855,0
HCLTECH,20181227,13:17,957.45,958.20,957.30,957.40,4049,0
HCLTECH,20181227,13:18,957.60,958.15,957.40,958.15,3992,0
HCLTECH,20181227,13:19,958.00,958.00,957.15,957.85,3549,0
HCLTECH,20181227,13:20,957.40,957.80,956.35,957.10,8159,0
HCLTECH,20181227,13:21,957.55,957.55,956.30,957.15,4095,0
HCLTECH,20181227,13:22,956.55,957.35,956.05,956.20,3906,0
HCLTECH,20181227,13:23,956.30,956.90,955.85,955.90,7317,0
HCLTECH,20181227,13:24,956.45,956.55,955.15,955.15,4500,0
HCLTECH,20181227,13:25,955.25,956.00,955.00,956.00,6017,0
HCLTECH,20181227,13:26,955.55,955.65,955.00,955.00,5303,0
HCLTECH,20181227,13:27,955.05,956.00,955.05,955.50,4892,0
HCLTECH,20181227,13:28,955.75,956.50,955.25,955.80,4980,0
HCLTECH,20181227,13:29,955.70,956.65,955.70,956.20,3587,0
HCLTECH,20181227,13:30,956.20,956.40,955.00,955.05,4405,0
HCLTECH,20181227,13:31,955.00,955.95,955.00,955.95,4857,0
HCLTECH,20181227,13:32,955.50,955.70,955.00,955.35,3947,0
HCLTECH,20181227,13:33,955.00,955.50,955.00,955.10,4560,0
HCLTECH,20181227,13:34,955.20,955.95,955.15,955.20,4264,0
HCLTECH,20181227,13:35,955.85,955.90,955.10,955.20,3738,0
HCLTECH,20181227,13:36,955.15,955.80,955.05,955.75,5104,0
HCLTECH,20181227,13:37,955.20,955.90,955.10,955.60,5474,0
HCLTECH,20181227,13:38,955.40,956.25,955.30,955.45,6624,0
HCLTECH,20181227,13:39,956.30,956.50,955.40,955.55,4455,0
HCLTECH,20181227,13:40,955.40,956.15,955.05,955.40,3898,0
HCLTECH,20181227,13:41,955.05,955.75,955.00,955.20,5330,0
HCLTECH,20181227,13:42,955.20,955.70,955.00,955.00,3430,0
HCLTECH,20181227,13:43,955.00,955.70,955.00,955.05,3834,0
HCLTECH,20181227,13:44,955.55,955.60,955.00,955.00,3907,0
HCLTECH,20181227,13:45,955.00,955.50,954.60,955.10,3414,0
HCLTECH,20181227,13:46,954.60,955.30,954.35,954.50,4534,0
HCLTECH,20181227,13:47,954.50,954.90,953.60,953.60,7036,0
HCLTECH,20181227,13:48,953.05,953.45,951.05,951.20,13097,0
HCLTECH,20181227,13:49,951.50,952.70,951.20,951.55,7848,0
HCLTECH,20181227,13:50,951.55,952.95,951.20,952.95,6068,0
HCLTECH,20181227,13:51,952.20,952.50,951.55,951.65,5923,0
HCLTECH,20181227,13:52,951.60,952.25,951.30,952.15,5436,0
HCLTECH,20181227,13:53,951.60,952.40,951.20,952.40,5132,0
HCLTECH,20181227,13:54,951.70,952.40,951.60,952.35,5390,0
HCLTECH,20181227,13:55,952.45,953.05,952.05,952.70,4688,0
HCLTECH,20181227,13:56,952.45,954.55,952.45,954.45,4527,0
HCLTECH,20181227,13:57,954.45,955.15,953.40,954.70,6549,0
HCLTECH,20181227,13:58,954.50,954.90,953.70,953.75,4580,0
HCLTECH,20181227,13:59,953.75,954.70,953.00,954.40,6298,0
HCLTECH,20181227,14:00,954.05,954.90,953.70,954.55,4663,0
HCLTECH,20181227,14:01,954.50,954.90,953.50,953.90,5942,0
HCLTECH,20181227,14:02,954.45,954.60,953.90,954.50,4721,0
HCLTECH,20181227,14:03,953.80,954.45,953.50,953.60,4590,0
HCLTECH,20181227,14:04,953.50,954.25,953.00,953.30,5603,0
HCLTECH,20181227,14:05,953.20,953.90,953.20,953.85,4202,0
HCLTECH,20181227,14:06,953.90,954.55,953.55,954.05,6092,0
HCLTECH,20181227,14:07,954.50,954.90,953.80,954.05,4234,0
HCLTECH,20181227,14:08,954.05,954.70,953.50,954.00,4595,0
HCLTECH,20181227,14:09,954.35,954.65,954.00,954.50,5787,0
HCLTECH,20181227,14:10,954.60,955.00,954.05,954.55,4062,0
HCLTECH,20181227,14:11,954.90,955.00,954.25,954.85,4186,0
HCLTECH,20181227,14:12,954.85,954.95,954.15,954.40,5071,0
HCLTECH,20181227,14:13,954.95,954.95,954.20,954.30,3968,0
HCLTECH,20181227,14:14,954.90,955.50,954.50,955.00,6532,0
HCLTECH,20181227,14:15,955.35,955.60,954.90,955.05,5795,0
HCLTECH,20181227,14:16,955.50,955.55,954.90,954.90,5709,0
HCLTECH,20181227,14:17,955.45,955.50,954.10,954.10,3689,0
HCLTECH,20181227,14:18,954.60,954.95,954.00,954.10,5324,0
HCLTECH,20181227,14:19,954.30,954.40,953.50,953.50,3875,0
HCLTECH,20181227,14:20,954.20,955.00,953.55,954.50,7516,0
HCLTECH,20181227,14:21,955.00,955.50,954.15,954.30,4810,0
HCLTECH,20181227,14:22,954.80,954.90,953.60,954.70,4989,0
HCLTECH,20181227,14:23,954.15,954.80,953.75,954.00,3978,0
HCLTECH,20181227,14:24,954.60,954.70,954.00,954.10,4012,0
HCLTECH,20181227,14:25,954.65,954.95,954.05,954.10,4536,0
HCLTECH,20181227,14:26,954.60,954.70,954.00,954.45,4407,0
HCLTECH,20181227,14:27,954.00,954.45,953.40,953.65,5367,0
HCLTECH,20181227,14:28,953.00,953.00,951.50,951.85,14037,0
HCLTECH,20181227,14:29,952.80,952.80,951.10,951.40,12389,0
HCLTECH,20181227,14:30,952.00,952.40,951.15,951.15,7697,0
HCLTECH,20181227,14:31,951.45,951.95,950.20,950.80,13562,0
HCLTECH,20181227,14:32,951.40,951.70,950.50,951.25,5741,0
HCLTECH,20181227,14:33,951.25,951.35,950.50,950.70,7385,0
HCLTECH,20181227,14:34,950.70,951.40,950.50,950.50,6954,0
HCLTECH,20181227,14:35,951.00,951.00,950.30,950.30,5656,0
HCLTECH,20181227,14:36,950.65,950.80,950.00,950.00,9195,0
HCLTECH,20181227,14:37,950.40,950.40,949.30,949.70,6368,0
HCLTECH,20181227,14:38,949.20,950.20,947.90,948.35,13657,0
HCLTECH,20181227,14:39,948.65,948.70,947.20,947.55,8076,0
HCLTECH,20181227,14:40,947.35,949.70,947.35,949.35,6808,0
HCLTECH,20181227,14:41,949.15,949.70,948.55,949.00,5130,0
HCLTECH,20181227,14:42,949.50,949.85,948.55,949.60,5440,0
HCLTECH,20181227,14:43,950.00,950.40,949.45,950.00,4708,0
HCLTECH,20181227,14:44,950.35,951.00,949.60,950.55,5524,0
HCLTECH,20181227,14:45,950.90,951.00,950.00,950.05,4991,0
HCLTECH,20181227,14:46,950.05,950.70,949.05,949.05,4930,0
HCLTECH,20181227,14:47,949.80,950.00,949.00,949.55,4820,0
HCLTECH,20181227,14:48,949.65,950.05,949.00,949.75,5045,0
HCLTECH,20181227,14:49,949.80,949.80,948.70,948.75,4229,0
HCLTECH,20181227,14:50,949.40,949.70,948.50,949.40,4313,0
HCLTECH,20181227,14:51,949.40,949.50,948.65,948.75,3942,0
HCLTECH,20181227,14:52,948.75,950.25,948.50,949.55,4679,0
HCLTECH,20181227,14:53,950.45,950.45,949.55,950.30,5379,0
HCLTECH,20181227,14:54,950.50,950.55,949.35,949.35,5079,0
HCLTECH,20181227,14:55,949.55,949.80,949.10,949.10,4307,0
HCLTECH,20181227,14:56,949.35,949.70,948.45,949.10,4097,0
HCLTECH,20181227,14:57,949.60,949.70,948.80,948.80,4590,0
HCLTECH,20181227,14:58,949.45,949.65,948.70,948.75,3638,0
HCLTECH,20181227,14:59,948.90,949.60,948.55,949.05,4217,0
HCLTECH,20181227,15:00,949.40,949.85,948.40,949.10,4287,0
HCLTECH,20181227,15:01,949.10,952.85,949.10,952.85,31174,0
HCLTECH,20181227,15:02,952.00,953.35,951.25,952.55,28860,0
HCLTECH,20181227,15:03,952.85,953.90,952.55,953.30,26624,0
HCLTECH,20181227,15:04,952.95,953.50,952.50,953.50,26262,0
HCLTECH,20181227,15:05,952.15,952.75,951.20,951.55,30449,0
HCLTECH,20181227,15:06,952.20,952.40,950.40,952.30,27511,0
HCLTECH,20181227,15:07,952.35,952.35,950.00,950.70,28540,0
HCLTECH,20181227,15:08,950.50,950.75,948.55,949.10,20068,0
HCLTECH,20181227,15:09,948.85,949.00,947.25,947.55,31805,0
HCLTECH,20181227,15:10,946.80,947.85,944.15,946.45,36601,0
HCLTECH,20181227,15:11,947.00,948.00,942.65,945.45,52890,0
HCLTECH,20181227,15:12,946.80,946.80,943.55,943.85,34983,0
HCLTECH,20181227,15:13,944.85,944.90,943.10,944.15,24947,0
HCLTECH,20181227,15:14,943.85,944.70,943.10,944.70,32558,0
HCLTECH,20181227,15:15,944.65,945.75,944.60,945.35,21692,0
HCLTECH,20181227,15:16,945.15,948.15,945.05,947.40,29388,0
HCLTECH,20181227,15:17,947.40,948.70,946.95,947.75,26226,0
HCLTECH,20181227,15:18,947.65,948.90,947.00,947.75,30381,0
HCLTECH,20181227,15:19,947.55,948.95,947.20,948.20,25245,0
HCLTECH,20181227,15:20,948.80,948.95,947.30,948.25,35817,0
HCLTECH,20181227,15:21,948.20,948.90,947.30,948.00,27594,0
HCLTECH,20181227,15:22,947.90,948.80,947.25,948.10,27472,0
HCLTECH,20181227,15:23,948.05,948.90,948.05,948.75,27444,0
HCLTECH,20181227,15:24,948.75,950.85,948.20,949.50,35534,0
HCLTECH,20181227,15:25,949.55,950.20,948.80,949.85,27906,0
HCLTECH,20181227,15:26,950.45,950.85,948.90,949.30,31180,0
HCLTECH,20181227,15:27,949.30,949.90,948.10,949.60,34404,0
HCLTECH,20181227,15:28,949.60,951.65,948.70,949.90,28530,0
HCLTECH,20181227,15:29,950.25,951.00,949.15,950.10,28744,0
HCLTECH,20181227,15:30,951.00,955.90,950.15,952.10,30588,0
HCLTECH,20181227,15:32,948.80,948.80,948.80,948.80,0,0
HCLTECH,20181227,15:41,948.80,948.80,948.80,948.80,20,0
HCLTECH,20181227,15:42,948.80,948.80,948.80,948.80,101,0
HCLTECH,20181227,15:43,948.80,948.80,948.80,948.80,20,0
HCLTECH,20181227,15:44,948.80,952.10,948.80,948.80,12,0
HCLTECH,20181227,15:56,948.80,948.80,948.80,948.80,64,0
HCLTECH,20181227,16:36,948.80,948.80,948.80,948.80,0,0
