INFY,20210308,09:08,1324.80,1324.80,1324.80,1324.80,17400,0
INFY,20210308,09:16,1323.10,1328.45,1321.00,1327.20,170411,0
INFY,20210308,09:17,1327.20,1327.55,1324.80,1326.50,58443,0
INFY,20210308,09:18,1325.30,1326.10,1323.20,1325.80,57754,0
INFY,20210308,09:19,1325.80,1326.50,1324.85,1325.55,33004,0
INFY,20210308,09:20,1324.00,1325.75,1323.90,1324.95,40942,0
INFY,20210308,09:21,1324.95,1324.95,1322.50,1323.35,41279,0
INFY,20210308,09:22,1323.10,1323.40,1321.85,1322.30,28510,0
INFY,20210308,09:23,1322.10,1322.50,1321.15,1321.85,14645,0
INFY,20210308,09:24,1322.20,1322.35,1321.00,1322.30,12627,0
INFY,20210308,09:25,1321.90,1322.15,1320.50,1321.00,11421,0
INFY,20210308,09:26,1320.75,1321.25,1319.40,1319.85,25455,0
INFY,20210308,09:27,1319.40,1320.15,1318.45,1319.95,27476,0
INFY,20210308,09:28,1319.95,1320.95,1317.20,1320.90,30022,0
INFY,20210308,09:29,1320.75,1322.50,1320.00,1321.95,17889,0
INFY,20210308,09:30,1321.85,1321.95,1320.75,1320.75,7743,0
INFY,20210308,09:31,1320.65,1322.45,1320.00,1321.75,17129,0
INFY,20210308,09:32,1320.50,1321.40,1319.00,1320.15,8668,0
INFY,20210308,09:33,1320.00,1321.70,1319.50,1321.70,11096,0
INFY,20210308,09:34,1321.85,1324.00,1321.50,1323.55,14666,0
INFY,20210308,09:35,1323.30,1323.60,1321.40,1323.30,14492,0
INFY,20210308,09:36,1323.40,1323.60,1321.90,1323.10,11678,0
INFY,20210308,09:37,1323.20,1324.10,1321.90,1324.10,11331,0
INFY,20210308,09:38,1324.10,1324.40,1323.40,1323.55,9951,0
INFY,20210308,09:39,1323.85,1324.05,1323.45,1324.00,5720,0
INFY,20210308,09:40,1324.00,1324.50,1323.95,1324.25,6087,0
INFY,20210308,09:41,1324.50,1325.80,1324.50,1325.40,15117,0
INFY,20210308,09:42,1325.15,1325.90,1324.65,1325.90,9458,0
INFY,20210308,09:43,1325.90,1326.45,1325.10,1325.10,9449,0
INFY,20210308,09:44,1325.35,1325.50,1323.65,1324.70,14667,0
INFY,20210308,09:45,1324.50,1326.00,1324.15,1325.50,11189,0
INFY,20210308,09:46,1325.15,1327.25,1325.15,1327.20,10713,0
INFY,20210308,09:47,1327.25,1328.00,1326.10,1326.45,14914,0
INFY,20210308,09:48,1326.45,1328.00,1325.80,1327.95,13574,0
INFY,20210308,09:49,1328.05,1328.10,1327.20,1327.70,7399,0
INFY,20210308,09:50,1327.65,1328.00,1327.05,1327.40,13259,0
INFY,20210308,09:51,1327.90,1329.95,1327.90,1329.35,22089,0
INFY,20210308,09:52,1329.50,1333.80,1329.05,1332.80,52530,0
INFY,20210308,09:53,1333.00,1333.90,1331.85,1332.00,18290,0
INFY,20210308,09:54,1332.00,1333.00,1331.65,1332.80,11414,0
INFY,20210308,09:55,1333.00,1333.00,1331.50,1332.00,12572,0
INFY,20210308,09:56,1331.75,1332.70,1331.50,1331.95,10055,0
INFY,20210308,09:57,1332.00,1332.20,1330.40,1331.90,8979,0
INFY,20210308,09:58,1331.45,1334.45,1331.45,1334.40,30652,0
INFY,20210308,09:59,1334.45,1334.50,1334.00,1334.00,16251,0
INFY,20210308,10:00,1334.40,1335.55,1333.10,1334.60,30589,0
INFY,20210308,10:01,1335.05,1336.00,1334.50,1335.00,14596,0
INFY,20210308,10:02,1334.30,1336.90,1334.30,1336.25,42237,0
INFY,20210308,10:03,1337.00,1337.80,1336.80,1337.80,37594,0
INFY,20210308,10:04,1338.00,1338.00,1335.60,1336.50,27175,0
INFY,20210308,10:05,1336.70,1336.80,1335.00,1335.25,11662,0
INFY,20210308,10:06,1334.50,1335.25,1333.95,1335.00,15554,0
INFY,20210308,10:07,1335.50,1336.50,1335.50,1335.90,7599,0
INFY,20210308,10:08,1335.85,1336.50,1335.60,1336.05,6543,0
INFY,20210308,10:09,1336.25,1336.25,1334.50,1335.00,19364,0
INFY,20210308,10:10,1334.70,1335.00,1334.00,1334.65,6220,0
INFY,20210308,10:11,1335.30,1335.45,1334.05,1334.80,8526,0
INFY,20210308,10:12,1334.80,1334.95,1333.30,1333.55,15849,0
INFY,20210308,10:13,1334.30,1334.95,1333.75,1334.40,6157,0
INFY,20210308,10:14,1334.40,1334.60,1333.80,1334.15,5562,0
INFY,20210308,10:15,1334.30,1334.30,1333.00,1333.20,10109,0
INFY,20210308,10:16,1333.20,1333.20,1330.65,1331.35,19611,0
INFY,20210308,10:17,1330.85,1332.95,1330.40,1332.90,15916,0
INFY,20210308,10:18,1332.90,1332.90,1331.75,1332.10,10148,0
INFY,20210308,10:19,1332.10,1332.25,1330.85,1331.00,8518,0
INFY,20210308,10:20,1331.00,1331.95,1331.00,1331.75,7329,0
INFY,20210308,10:21,1331.75,1333.00,1331.75,1332.75,11685,0
INFY,20210308,10:22,1333.00,1333.00,1331.85,1332.45,18678,0
INFY,20210308,10:23,1332.00,1332.30,1331.30,1331.60,5898,0
INFY,20210308,10:24,1331.80,1331.90,1331.10,1331.50,6402,0
INFY,20210308,10:25,1331.00,1331.85,1330.50,1330.50,7260,0
INFY,20210308,10:26,1331.00,1331.00,1330.00,1330.65,6970,0
INFY,20210308,10:27,1330.10,1332.30,1330.10,1331.95,5795,0
INFY,20210308,10:28,1331.70,1332.00,1331.60,1331.75,4364,0
INFY,20210308,10:29,1331.60,1331.85,1331.25,1331.25,2008,0
INFY,20210308,10:30,1331.40,1331.60,1331.05,1331.45,3597,0
INFY,20210308,10:31,1331.85,1333.35,1331.50,1332.85,9077,0
INFY,20210308,10:32,1333.00,1333.00,1331.40,1331.60,6432,0
INFY,20210308,10:33,1331.50,1331.60,1330.00,1330.75,9351,0
INFY,20210308,10:34,1330.45,1331.00,1330.45,1331.00,22489,0
INFY,20210308,10:35,1330.90,1333.75,1330.90,1333.10,14201,0
INFY,20210308,10:36,1333.10,1334.50,1333.10,1333.95,9333,0
INFY,20210308,10:37,1333.95,1334.45,1333.95,1334.15,5635,0
INFY,20210308,10:38,1334.15,1335.70,1334.10,1335.55,29384,0
INFY,20210308,10:39,1335.55,1335.75,1335.30,1335.40,13293,0
INFY,20210308,10:40,1335.30,1336.00,1334.60,1336.00,15024,0
INFY,20210308,10:41,1336.00,1336.00,1335.10,1335.25,10974,0
INFY,20210308,10:42,1335.45,1335.60,1334.55,1334.85,4446,0
INFY,20210308,10:43,1334.70,1334.70,1331.15,1331.70,13846,0
INFY,20210308,10:44,1331.70,1332.50,1330.85,1331.55,14606,0
INFY,20210308,10:45,1331.90,1332.20,1329.10,1329.15,21284,0
INFY,20210308,10:46,1329.15,1330.00,1328.70,1329.80,16362,0
INFY,20210308,10:47,1329.30,1330.00,1328.25,1329.70,19375,0
INFY,20210308,10:48,1329.70,1332.00,1329.70,1331.95,12382,0
INFY,20210308,10:49,1332.00,1332.65,1331.95,1332.00,5176,0
INFY,20210308,10:50,1332.00,1332.30,1331.00,1331.05,3396,0
INFY,20210308,10:51,1331.40,1332.45,1331.05,1332.45,11577,0
INFY,20210308,10:52,1332.15,1334.60,1332.00,1332.00,27142,0
INFY,20210308,10:53,1331.75,1332.00,1331.05,1331.80,8343,0
INFY,20210308,10:54,1332.05,1333.30,1331.00,1331.85,7658,0
INFY,20210308,10:55,1332.50,1332.70,1331.15,1332.20,7126,0
INFY,20210308,10:56,1332.20,1332.25,1331.15,1331.90,5390,0
INFY,20210308,10:57,1331.35,1332.85,1331.35,1331.70,3616,0
INFY,20210308,10:58,1331.90,1332.25,1331.15,1331.20,1985,0
INFY,20210308,10:59,1331.55,1331.85,1331.15,1331.15,2001,0
INFY,20210308,11:00,1331.15,1331.55,1330.35,1330.40,10913,0
INFY,20210308,11:01,1330.40,1330.50,1329.95,1330.50,8166,0
INFY,20210308,11:02,1330.50,1330.50,1328.40,1329.25,13279,0
INFY,20210308,11:03,1329.00,1329.95,1328.70,1329.50,3399,0
INFY,20210308,11:04,1329.50,1330.50,1329.25,1329.65,12901,0
INFY,20210308,11:05,1329.65,1330.45,1329.30,1329.80,5111,0
INFY,20210308,11:06,1329.75,1329.75,1328.50,1329.15,5317,0
INFY,20210308,11:07,1329.15,1329.50,1328.50,1329.00,11972,0
INFY,20210308,11:08,1328.80,1328.80,1328.20,1328.65,6883,0
INFY,20210308,11:09,1328.45,1328.80,1328.20,1328.60,4871,0
INFY,20210308,11:10,1328.60,1328.85,1328.20,1328.85,3681,0
INFY,20210308,11:11,1328.90,1330.00,1328.40,1329.95,11982,0
INFY,20210308,11:12,1329.95,1331.55,1329.90,1331.05,9210,0
INFY,20210308,11:13,1330.60,1331.05,1330.25,1330.85,1908,0
INFY,20210308,11:14,1330.85,1333.40,1330.85,1333.40,14606,0
INFY,20210308,11:15,1333.40,1333.95,1331.80,1333.95,12552,0
INFY,20210308,11:16,1334.00,1334.00,1332.45,1333.35,7802,0
INFY,20210308,11:17,1333.50,1333.55,1332.05,1332.55,4656,0
INFY,20210308,11:18,1332.55,1332.90,1332.00,1332.90,5723,0
INFY,20210308,11:19,1332.90,1333.40,1332.45,1332.95,2538,0
INFY,20210308,11:20,1332.50,1333.00,1332.10,1332.65,3605,0
INFY,20210308,11:21,1332.65,1333.50,1332.60,1333.50,4936,0
INFY,20210308,11:22,1333.50,1333.55,1332.10,1332.85,15078,0
INFY,20210308,11:23,1332.90,1332.95,1332.00,1332.45,2802,0
INFY,20210308,11:24,1332.90,1332.90,1332.00,1332.90,1443,0
INFY,20210308,11:25,1332.70,1332.90,1332.10,1332.70,1485,0
INFY,20210308,11:26,1332.65,1332.75,1332.05,1332.35,2847,0
INFY,20210308,11:27,1332.65,1333.00,1332.35,1332.65,2346,0
INFY,20210308,11:28,1332.65,1333.00,1332.35,1332.90,2203,0
INFY,20210308,11:29,1332.90,1333.00,1332.10,1332.10,3221,0
INFY,20210308,11:30,1332.30,1332.30,1331.50,1331.75,2368,0
INFY,20210308,11:31,1331.75,1332.55,1331.75,1332.55,3872,0
INFY,20210308,11:32,1332.90,1333.00,1332.15,1332.95,2621,0
INFY,20210308,11:33,1332.95,1333.85,1332.95,1333.00,5230,0
INFY,20210308,11:34,1332.85,1333.80,1332.85,1333.35,1541,0
INFY,20210308,11:35,1333.50,1333.50,1332.30,1333.40,3189,0
INFY,20210308,11:36,1333.35,1333.40,1332.50,1332.70,3389,0
INFY,20210308,11:37,1333.30,1333.35,1332.25,1332.95,2516,0
INFY,20210308,11:38,1333.00,1333.25,1332.85,1333.25,7745,0
INFY,20210308,11:39,1333.25,1333.25,1332.00,1332.35,2122,0
INFY,20210308,11:40,1332.40,1332.95,1332.00,1332.25,1683,0
INFY,20210308,11:41,1332.25,1334.45,1332.20,1334.45,15798,0
INFY,20210308,11:42,1334.75,1336.10,1334.65,1336.10,21876,0
INFY,20210308,11:43,1336.40,1337.35,1336.10,1336.50,18206,0
INFY,20210308,11:44,1336.50,1336.50,1335.20,1335.85,6560,0
INFY,20210308,11:45,1335.65,1335.90,1333.70,1334.10,6961,0
INFY,20210308,11:46,1334.55,1334.95,1334.20,1334.95,4080,0
INFY,20210308,11:47,1334.60,1334.95,1333.20,1333.55,3284,0
INFY,20210308,11:48,1333.25,1333.80,1333.00,1333.30,5942,0
INFY,20210308,11:49,1333.30,1333.30,1332.15,1333.00,3009,0
INFY,20210308,11:50,1332.60,1333.00,1331.50,1332.30,9024,0
INFY,20210308,11:51,1332.45,1333.00,1331.55,1331.75,2761,0
INFY,20210308,11:52,1331.75,1331.95,1331.60,1331.80,2693,0
INFY,20210308,11:53,1331.95,1333.00,1331.80,1332.85,5190,0
INFY,20210308,11:54,1332.35,1333.00,1331.65,1332.30,2620,0
INFY,20210308,11:55,1332.25,1332.25,1331.00,1331.00,6124,0
INFY,20210308,11:56,1331.45,1332.65,1331.30,1332.20,3901,0
INFY,20210308,11:57,1332.10,1333.00,1332.10,1332.50,2387,0
INFY,20210308,11:58,1332.85,1333.30,1332.40,1332.65,3477,0
INFY,20210308,11:59,1333.10,1335.00,1333.05,1334.70,14138,0
INFY,20210308,12:00,1334.95,1334.95,1334.10,1334.30,2125,0
INFY,20210308,12:01,1334.15,1334.50,1333.70,1334.25,2371,0
INFY,20210308,12:02,1334.45,1334.45,1333.40,1333.80,4126,0
INFY,20210308,12:03,1333.40,1333.80,1332.50,1333.10,5438,0
INFY,20210308,12:04,1333.45,1333.45,1332.50,1332.55,3694,0
INFY,20210308,12:05,1332.50,1334.00,1332.00,1332.05,14995,0
INFY,20210308,12:06,1332.00,1332.00,1331.05,1331.35,6458,0
INFY,20210308,12:07,1331.45,1332.00,1330.65,1331.80,5717,0
INFY,20210308,12:08,1331.80,1332.00,1330.65,1331.00,1867,0
INFY,20210308,12:09,1331.00,1332.15,1330.60,1330.60,6457,0
INFY,20210308,12:10,1330.60,1331.00,1330.40,1330.80,3160,0
INFY,20210308,12:11,1330.80,1331.55,1330.00,1330.85,7873,0
INFY,20210308,12:12,1330.85,1331.00,1330.30,1330.80,2292,0
INFY,20210308,12:13,1330.55,1331.20,1330.10,1330.80,4595,0
INFY,20210308,12:14,1330.80,1331.20,1330.50,1331.05,2010,0
INFY,20210308,12:15,1331.20,1331.55,1331.00,1331.35,2957,0
INFY,20210308,12:16,1331.40,1331.40,1330.55,1330.60,2081,0
INFY,20210308,12:17,1330.95,1331.20,1330.55,1331.10,1723,0
INFY,20210308,12:18,1331.10,1331.30,1331.00,1331.05,3100,0
INFY,20210308,12:19,1331.20,1331.30,1330.05,1330.55,5103,0
INFY,20210308,12:20,1330.10,1331.00,1330.05,1330.05,1402,0
INFY,20210308,12:21,1330.05,1331.00,1330.00,1330.95,11085,0
INFY,20210308,12:22,1330.90,1331.25,1330.60,1331.20,2103,0
INFY,20210308,12:23,1331.05,1331.40,1330.30,1330.35,2912,0
INFY,20210308,12:24,1330.50,1331.45,1330.40,1331.15,1701,0
INFY,20210308,12:25,1330.80,1331.25,1330.35,1330.40,3506,0
INFY,20210308,12:26,1330.50,1330.70,1330.00,1330.70,2205,0
INFY,20210308,12:27,1330.35,1331.00,1330.25,1330.30,1924,0
INFY,20210308,12:28,1330.35,1331.45,1330.30,1331.00,3097,0
INFY,20210308,12:29,1331.05,1331.35,1330.45,1331.00,3110,0
INFY,20210308,12:30,1330.50,1331.25,1330.50,1331.15,3894,0
INFY,20210308,12:31,1331.15,1331.20,1330.00,1330.75,8716,0
INFY,20210308,12:32,1331.00,1333.00,1331.00,1332.95,5177,0
INFY,20210308,12:33,1332.60,1333.00,1331.65,1331.95,3295,0
INFY,20210308,12:34,1331.95,1332.30,1331.60,1332.30,1766,0
INFY,20210308,12:35,1332.30,1333.00,1332.25,1333.00,5431,0
INFY,20210308,12:36,1333.00,1333.55,1333.00,1333.30,3814,0
INFY,20210308,12:37,1333.35,1333.45,1332.50,1333.40,3193,0
INFY,20210308,12:38,1333.25,1333.40,1332.50,1333.00,7969,0
INFY,20210308,12:39,1332.95,1333.00,1332.30,1332.75,2782,0
INFY,20210308,12:40,1332.95,1332.95,1331.10,1332.00,3618,0
INFY,20210308,12:41,1332.00,1332.15,1331.15,1331.55,4095,0
INFY,20210308,12:42,1331.55,1333.00,1331.25,1331.25,10775,0
INFY,20210308,12:43,1331.90,1331.95,1330.00,1330.20,17036,0
INFY,20210308,12:44,1330.00,1332.00,1330.00,1331.70,12133,0
INFY,20210308,12:45,1331.50,1331.65,1330.20,1330.35,6844,0
INFY,20210308,12:46,1330.20,1331.00,1330.00,1331.00,13609,0
INFY,20210308,12:47,1330.60,1331.40,1330.35,1331.00,2119,0
INFY,20210308,12:48,1330.45,1330.85,1330.00,1330.30,10161,0
INFY,20210308,12:49,1330.30,1332.00,1330.30,1332.00,7195,0
INFY,20210308,12:50,1331.65,1332.00,1330.60,1330.60,3058,0
INFY,20210308,12:51,1331.00,1331.90,1330.50,1331.15,3262,0
INFY,20210308,12:52,1330.95,1331.90,1330.90,1331.10,4459,0
INFY,20210308,12:53,1331.40,1331.45,1330.00,1330.00,6120,0
INFY,20210308,12:54,1330.15,1330.60,1330.00,1330.05,20578,0
INFY,20210308,12:55,1330.00,1330.25,1329.25,1329.50,11258,0
INFY,20210308,12:56,1329.00,1329.85,1329.00,1329.00,9558,0
INFY,20210308,12:57,1329.05,1330.60,1329.05,1330.60,4976,0
INFY,20210308,12:58,1330.65,1330.80,1330.50,1330.70,2741,0
INFY,20210308,12:59,1330.55,1331.20,1329.30,1329.50,22011,0
INFY,20210308,13:00,1329.40,1330.30,1329.00,1329.50,12933,0
INFY,20210308,13:01,1329.40,1332.00,1329.00,1331.50,6179,0
INFY,20210308,13:02,1331.95,1332.00,1331.15,1331.75,5563,0
INFY,20210308,13:03,1331.80,1331.80,1330.65,1331.60,3816,0
INFY,20210308,13:04,1331.60,1332.50,1331.35,1332.50,4153,0
INFY,20210308,13:05,1332.50,1332.50,1332.00,1332.40,2975,0
INFY,20210308,13:06,1332.25,1332.50,1331.70,1331.85,5212,0
INFY,20210308,13:07,1331.30,1332.50,1331.25,1332.45,7249,0
INFY,20210308,13:08,1332.45,1333.00,1331.40,1331.45,7101,0
INFY,20210308,13:09,1331.45,1332.95,1331.45,1332.95,3619,0
INFY,20210308,13:10,1332.55,1332.95,1332.00,1332.00,3692,0
INFY,20210308,13:11,1331.85,1334.00,1331.85,1333.65,14546,0
INFY,20210308,13:12,1333.90,1336.00,1333.70,1336.00,29022,0
INFY,20210308,13:13,1335.95,1336.50,1334.65,1336.00,18778,0
INFY,20210308,13:14,1335.70,1336.35,1334.30,1335.00,9441,0
INFY,20210308,13:15,1334.90,1335.80,1334.35,1335.75,5511,0
INFY,20210308,13:16,1335.45,1335.80,1334.25,1335.00,6286,0
INFY,20210308,13:17,1335.00,1335.50,1334.15,1334.75,5652,0
INFY,20210308,13:18,1334.95,1336.00,1334.85,1336.00,7599,0
INFY,20210308,13:19,1336.00,1336.00,1335.00,1335.25,3888,0
INFY,20210308,13:20,1335.50,1335.75,1335.05,1335.75,2592,0
INFY,20210308,13:21,1335.70,1336.30,1335.35,1336.30,10637,0
INFY,20210308,13:22,1336.30,1336.35,1335.00,1335.45,10762,0
INFY,20210308,13:23,1335.45,1335.55,1334.00,1334.90,8313,0
INFY,20210308,13:24,1335.00,1335.40,1334.30,1335.40,9237,0
INFY,20210308,13:25,1335.45,1336.75,1335.40,1336.70,9625,0
INFY,20210308,13:26,1336.60,1336.80,1335.90,1336.00,8114,0
INFY,20210308,13:27,1336.00,1336.45,1335.90,1336.00,9942,0
INFY,20210308,13:28,1336.00,1336.20,1335.05,1335.45,9427,0
INFY,20210308,13:29,1335.45,1335.70,1335.40,1335.50,6057,0
INFY,20210308,13:30,1335.50,1335.50,1335.05,1335.45,4886,0
INFY,20210308,13:31,1335.50,1337.00,1335.10,1337.00,12355,0
INFY,20210308,13:32,1337.00,1339.80,1336.85,1339.75,52326,0
INFY,20210308,13:33,1339.75,1342.80,1339.75,1342.80,93518,0
INFY,20210308,13:34,1342.80,1343.15,1341.90,1343.15,44491,0
INFY,20210308,13:35,1343.45,1343.80,1342.00,1342.25,36643,0
INFY,20210308,13:36,1342.10,1342.75,1340.20,1341.45,36398,0
INFY,20210308,13:37,1342.00,1342.15,1340.10,1340.60,27592,0
INFY,20210308,13:38,1340.95,1341.70,1340.15,1340.15,18494,0
INFY,20210308,13:39,1340.15,1340.90,1339.35,1339.95,25205,0
INFY,20210308,13:40,1339.45,1340.00,1337.45,1337.45,31644,0
INFY,20210308,13:41,1337.75,1337.75,1334.35,1335.25,50038,0
INFY,20210308,13:42,1335.40,1337.55,1335.40,1337.10,14307,0
INFY,20210308,13:43,1337.20,1337.35,1336.15,1336.80,18044,0
INFY,20210308,13:44,1336.80,1338.75,1336.75,1338.10,8933,0
INFY,20210308,13:45,1338.40,1338.75,1337.65,1338.15,14495,0
INFY,20210308,13:46,1338.20,1339.70,1338.05,1339.40,10349,0
INFY,20210308,13:47,1339.60,1340.85,1339.40,1340.65,17798,0
INFY,20210308,13:48,1340.60,1341.00,1339.40,1339.40,15390,0
INFY,20210308,13:49,1339.50,1339.50,1338.60,1338.80,10321,0
INFY,20210308,13:50,1338.80,1338.85,1336.05,1337.00,18225,0
INFY,20210308,13:51,1337.00,1338.35,1337.00,1337.70,9224,0
INFY,20210308,13:52,1337.60,1337.65,1336.00,1336.00,12971,0
INFY,20210308,13:53,1336.40,1338.00,1336.05,1337.70,12325,0
INFY,20210308,13:54,1337.95,1338.05,1337.70,1337.70,10614,0
INFY,20210308,13:55,1337.50,1338.15,1337.50,1338.00,7888,0
INFY,20210308,13:56,1338.00,1338.00,1336.15,1336.75,12686,0
INFY,20210308,13:57,1336.75,1337.45,1336.10,1337.20,10521,0
INFY,20210308,13:58,1337.20,1338.15,1337.20,1338.10,9277,0
INFY,20210308,13:59,1337.95,1338.10,1337.25,1337.60,8319,0
INFY,20210308,14:00,1337.60,1338.55,1337.45,1337.95,5515,0
INFY,20210308,14:01,1338.25,1338.70,1336.25,1337.00,16316,0
INFY,20210308,14:02,1337.00,1337.55,1336.00,1337.00,11770,0
INFY,20210308,14:03,1336.95,1337.55,1336.00,1337.10,12357,0
INFY,20210308,14:04,1337.50,1338.30,1337.00,1338.30,6553,0
INFY,20210308,14:05,1338.50,1339.15,1338.00,1338.95,12776,0
INFY,20210308,14:06,1339.00,1339.50,1338.45,1338.80,12006,0
INFY,20210308,14:07,1338.50,1338.75,1337.40,1338.50,8847,0
INFY,20210308,14:08,1338.50,1338.70,1337.20,1338.05,12767,0
INFY,20210308,14:09,1338.35,1339.45,1338.05,1339.45,8813,0
INFY,20210308,14:10,1339.80,1340.00,1339.10,1339.90,9824,0
INFY,20210308,14:11,1339.90,1340.95,1339.80,1340.65,19569,0
INFY,20210308,14:12,1340.70,1340.75,1340.00,1340.45,10420,0
INFY,20210308,14:13,1340.50,1341.95,1340.45,1341.05,14903,0
INFY,20210308,14:14,1341.05,1341.90,1340.25,1341.45,18140,0
INFY,20210308,14:15,1341.45,1341.90,1341.45,1341.75,13452,0
INFY,20210308,14:16,1341.75,1342.00,1341.70,1342.00,12354,0
INFY,20210308,14:17,1341.95,1342.90,1341.70,1341.80,30945,0
INFY,20210308,14:18,1341.80,1342.30,1340.40,1340.50,18961,0
INFY,20210308,14:19,1340.85,1342.90,1340.65,1342.90,20073,0
INFY,20210308,14:20,1342.75,1344.95,1342.75,1344.80,42996,0
INFY,20210308,14:21,1344.50,1345.90,1344.50,1345.25,44872,0
INFY,20210308,14:22,1345.35,1346.10,1345.00,1345.10,29880,0
INFY,20210308,14:23,1345.50,1345.50,1343.60,1343.60,29993,0
INFY,20210308,14:24,1343.60,1344.00,1343.30,1343.85,17980,0
INFY,20210308,14:25,1343.95,1345.00,1343.85,1344.95,19921,0
INFY,20210308,14:26,1344.95,1345.00,1343.15,1344.40,14453,0
INFY,20210308,14:27,1344.40,1344.80,1343.50,1343.50,9638,0
INFY,20210308,14:28,1343.75,1343.75,1343.15,1343.35,8947,0
INFY,20210308,14:29,1343.50,1344.00,1343.15,1343.15,11557,0
INFY,20210308,14:30,1343.15,1344.00,1342.25,1343.50,14328,0
INFY,20210308,14:31,1343.75,1344.00,1342.50,1342.65,11340,0
INFY,20210308,14:32,1342.70,1343.70,1342.60,1343.05,8767,0
INFY,20210308,14:33,1343.15,1344.00,1343.15,1343.95,11975,0
INFY,20210308,14:34,1343.95,1344.00,1343.80,1343.80,13992,0
INFY,20210308,14:35,1343.85,1344.00,1341.80,1342.00,18049,0
INFY,20210308,14:36,1342.00,1342.95,1340.50,1341.00,13411,0
INFY,20210308,14:37,1341.50,1342.25,1340.90,1341.35,31188,0
INFY,20210308,14:38,1341.35,1342.95,1341.00,1341.00,14669,0
INFY,20210308,14:39,1340.50,1342.00,1340.50,1340.90,8853,0
INFY,20210308,14:40,1340.90,1341.70,1340.55,1340.85,7236,0
INFY,20210308,14:41,1340.75,1341.85,1340.50,1341.25,7374,0
INFY,20210308,14:42,1341.00,1342.00,1341.00,1341.50,11005,0
INFY,20210308,14:43,1341.50,1341.90,1341.05,1341.60,10108,0
INFY,20210308,14:44,1341.65,1341.80,1341.00,1341.55,6743,0
INFY,20210308,14:45,1341.80,1343.40,1341.80,1343.25,14367,0
INFY,20210308,14:46,1343.25,1343.30,1342.70,1342.95,7500,0
INFY,20210308,14:47,1343.00,1343.00,1342.00,1342.70,11488,0
INFY,20210308,14:48,1342.85,1342.90,1342.20,1342.45,7257,0
INFY,20210308,14:49,1342.50,1342.50,1342.10,1342.40,7706,0
INFY,20210308,14:50,1342.40,1342.70,1342.15,1342.15,8558,0
INFY,20210308,14:51,1342.30,1342.30,1340.50,1341.75,16624,0
INFY,20210308,14:52,1341.95,1341.95,1341.30,1341.70,11149,0
INFY,20210308,14:53,1341.70,1341.70,1340.50,1340.95,10400,0
INFY,20210308,14:54,1341.00,1341.20,1339.60,1339.60,20576,0
INFY,20210308,14:55,1339.55,1339.85,1338.50,1338.80,23774,0
INFY,20210308,14:56,1338.90,1339.90,1338.25,1338.30,19668,0
INFY,20210308,14:57,1338.30,1338.70,1337.75,1338.35,15619,0
INFY,20210308,14:58,1338.35,1339.30,1338.35,1339.10,10501,0
INFY,20210308,14:59,1339.10,1339.20,1338.55,1338.55,9173,0
INFY,20210308,15:00,1338.55,1338.90,1338.50,1338.70,14904,0
INFY,20210308,15:01,1338.60,1338.60,1335.25,1336.15,37788,0
INFY,20210308,15:02,1336.15,1337.00,1336.00,1336.70,26806,0
INFY,20210308,15:03,1336.50,1336.50,1333.85,1334.90,44677,0
INFY,20210308,15:04,1334.80,1334.85,1333.00,1333.05,23148,0
INFY,20210308,15:05,1333.05,1334.05,1332.95,1334.00,38491,0
INFY,20210308,15:06,1333.90,1333.95,1331.00,1331.00,46537,0
INFY,20210308,15:07,1331.00,1333.00,1331.00,1332.95,26774,0
INFY,20210308,15:08,1333.15,1334.90,1333.00,1334.75,24081,0
INFY,20210308,15:09,1334.70,1334.75,1333.90,1334.00,30464,0
INFY,20210308,15:10,1334.00,1334.60,1333.60,1333.60,27069,0
INFY,20210308,15:11,1333.50,1334.10,1332.10,1334.10,24882,0
INFY,20210308,15:12,1334.10,1334.70,1332.80,1334.70,26680,0
INFY,20210308,15:13,1334.40,1336.95,1334.40,1336.10,34478,0
INFY,20210308,15:14,1336.05,1338.60,1335.95,1338.60,24510,0
INFY,20210308,15:15,1338.65,1338.65,1335.80,1335.95,35976,0
INFY,20210308,15:16,1336.00,1337.90,1335.90,1337.85,25365,0
INFY,20210308,15:17,1337.90,1337.90,1336.95,1337.00,28539,0
INFY,20210308,15:18,1336.95,1337.00,1335.90,1336.30,20052,0
INFY,20210308,15:19,1336.25,1337.00,1336.20,1337.00,21820,0
INFY,20210308,15:20,1337.05,1339.35,1337.00,1339.30,30061,0
INFY,20210308,15:21,1339.30,1339.75,1337.55,1337.95,33412,0
INFY,20210308,15:22,1337.85,1339.00,1337.40,1337.40,45611,0
INFY,20210308,15:23,1337.50,1337.50,1337.35,1337.40,15349,0
INFY,20210308,15:24,1337.40,1337.40,1335.90,1336.05,35262,0
INFY,20210308,15:25,1336.10,1336.75,1335.55,1336.60,17110,0
INFY,20210308,15:26,1336.55,1336.75,1336.00,1336.45,23270,0
INFY,20210308,15:27,1336.50,1336.60,1335.70,1335.70,19878,0
INFY,20210308,15:28,1335.75,1336.00,1335.60,1335.85,21173,0
INFY,20210308,15:29,1335.85,1336.00,1335.85,1336.00,20051,0
INFY,20210308,15:30,1336.00,1337.45,1335.90,1336.05,26657,0
INFY,20210308,15:31,1336.05,1336.05,1336.05,1336.05,210,0
INFY,20210308,15:32,1335.75,1335.75,1335.75,1335.75,0,0
INFY,20210308,15:41,1335.75,1335.75,1335.75,1335.75,28,0
INFY,20210308,16:47,1335.75,1335.75,1335.75,1335.75,0,0
