ARVIND,20180117,09:08,460.75,460.75,460.75,460.75,926
ARVIND,20180117,09:16,461.65,461.65,458.45,458.5,16177
ARVIND,20180117,09:17,458.55,459.65,458.3,459.4,8342
ARVIND,20180117,09:18,459.3,463.35,459.3,463.2,18035
ARVIND,20180117,09:19,463.05,463.25,462,463.1,19833
ARVIND,20180117,09:20,463.15,463.15,461.6,461.6,13785
ARVIND,20180117,09:21,461.25,461.85,461,461.85,6804
ARVIND,20180117,09:22,462,462.2,461.5,461.9,11778
ARVIND,20180117,09:23,462.25,462.5,461.9,462.05,9998
ARVIND,20180117,09:24,462.05,462.2,461.8,462.15,4172
ARVIND,20180117,09:25,461.95,462.15,461.5,461.55,8072
ARVIND,20180117,09:26,461.55,461.65,460.15,460.15,16503
ARVIND,20180117,09:27,460.05,460.15,458,458,13285
ARVIND,20180117,09:28,457.65,457.7,455.85,456.35,25278
ARVIND,20180117,09:29,456.35,456.8,454.6,455.05,21566
ARVIND,20180117,09:30,455.05,455.05,453.75,453.95,10443
ARVIND,20180117,09:31,453.95,454.6,453.35,453.35,16079
ARVIND,20180117,09:32,453.4,454.15,453.3,453.75,9380
ARVIND,20180117,09:33,453.9,453.9,450.85,450.85,19783
ARVIND,20180117,09:34,452,452,443.6,447.95,95584
ARVIND,20180117,09:35,450.7,450.7,447.7,448.5,29650
ARVIND,20180117,09:36,448.65,448.65,438.1,444.6,130779
ARVIND,20180117,09:37,444.65,449.6,444.05,448.85,69091
ARVIND,20180117,09:38,448.8,448.8,445.85,448,15428
ARVIND,20180117,09:39,448.5,450,447.85,448.85,16855
ARVIND,20180117,09:40,448.9,449.65,448.9,449.5,13841
ARVIND,20180117,09:41,449.7,450.6,449.6,450.6,4365
ARVIND,20180117,09:42,450.65,452,450.4,451.9,13130
ARVIND,20180117,09:43,451.6,452.25,451.45,451.95,6545
ARVIND,20180117,09:44,452,452.3,451.7,451.8,16464
ARVIND,20180117,09:45,451.75,452.5,451.7,452.5,4098
ARVIND,20180117,09:46,452.5,453.15,452.5,453.1,4727
ARVIND,20180117,09:47,453.1,453.15,451.7,451.75,10235
ARVIND,20180117,09:48,451.8,452.65,451.45,451.6,14782
ARVIND,20180117,09:49,451.55,451.7,450.65,450.85,9052
ARVIND,20180117,09:50,450.5,450.7,450,450,5395
ARVIND,20180117,09:51,450,450,449.4,449.7,6162
ARVIND,20180117,09:52,449.6,450.95,449.6,450.95,5772
ARVIND,20180117,09:53,451,451.2,450.25,450.45,4187
ARVIND,20180117,09:54,450.45,450.45,449.95,450,2353
ARVIND,20180117,09:55,449.8,449.95,449.6,449.7,2008
ARVIND,20180117,09:56,449.7,449.7,449.2,449.35,4649
ARVIND,20180117,09:57,449.4,449.7,449.25,449.4,4899
ARVIND,20180117,09:58,449.4,450,449.4,449.45,3105
ARVIND,20180117,09:59,449.45,449.95,449.35,449.95,3116
ARVIND,20180117,10:00,450,450.3,450,450.3,3418
ARVIND,20180117,10:01,450.3,450.9,450.1,450.5,6627
ARVIND,20180117,10:02,450.6,450.95,450.5,450.95,3737
ARVIND,20180117,10:03,451,451.4,450.9,451.4,3799
ARVIND,20180117,10:04,451.4,451.4,451.05,451.05,3822
ARVIND,20180117,10:05,451.25,451.25,451.05,451.25,1654
ARVIND,20180117,10:06,451.2,451.2,449.55,449.55,13530
ARVIND,20180117,10:07,449.55,450,449.5,449.85,2089
ARVIND,20180117,10:08,449.85,450,448.55,448.55,8767
ARVIND,20180117,10:09,448.8,448.8,448.45,448.7,3078
ARVIND,20180117,10:10,448.45,448.65,448.1,448.4,1628
ARVIND,20180117,10:11,448.3,448.4,447.6,447.8,5224
ARVIND,20180117,10:12,447.5,447.6,446.95,446.95,9344
ARVIND,20180117,10:13,447.1,447.15,446.65,447.15,4066
ARVIND,20180117,10:14,447.2,447.45,446.8,446.8,3858
ARVIND,20180117,10:15,446.8,446.85,445.7,445.7,6930
ARVIND,20180117,10:16,445.5,446.1,445.5,446.1,4912
ARVIND,20180117,10:17,446,446.2,445.5,445.5,2627
ARVIND,20180117,10:18,445.6,445.85,445.55,445.7,1897
ARVIND,20180117,10:19,445.9,446.3,445.8,446.3,3595
ARVIND,20180117,10:20,446.15,447,446,446.15,3112
ARVIND,20180117,10:21,446.5,447.65,446.5,447.65,2530
ARVIND,20180117,10:22,447.65,447.7,447.2,447.35,2282
ARVIND,20180117,10:23,447.35,447.7,447.35,447.5,2837
ARVIND,20180117,10:24,447.5,447.55,447.35,447.55,1470
ARVIND,20180117,10:25,447.65,447.7,447.45,447.7,4187
ARVIND,20180117,10:26,447.7,447.85,447.6,447.65,3938
ARVIND,20180117,10:27,447.75,447.75,447.05,447.1,4716
ARVIND,20180117,10:28,447.15,447.7,446.75,447.2,2368
ARVIND,20180117,10:29,447.2,447.3,446.9,447,1251
ARVIND,20180117,10:30,447,447.45,447,447.45,1607
ARVIND,20180117,10:31,447.45,448.1,447.35,447.9,3838
ARVIND,20180117,10:32,447.85,448,447.65,447.75,940
ARVIND,20180117,10:33,447.75,447.8,447.5,447.55,358
ARVIND,20180117,10:34,447.6,447.75,447.5,447.5,2319
ARVIND,20180117,10:35,447.5,447.9,447.5,447.8,1495
ARVIND,20180117,10:36,447.75,447.75,447.35,447.4,1853
ARVIND,20180117,10:37,447.5,448.45,447.5,448.15,4945
ARVIND,20180117,10:38,448.2,448.4,448.2,448.25,1552
ARVIND,20180117,10:39,448.25,448.7,448,448.3,4050
ARVIND,20180117,10:40,447.95,448.75,447.95,448.65,1279
ARVIND,20180117,10:41,448.7,449.95,448.5,449.25,12827
ARVIND,20180117,10:42,449.4,449.4,449,449.3,3179
ARVIND,20180117,10:43,449.3,449.3,448.6,448.7,1449
ARVIND,20180117,10:44,448.5,449.5,448.5,449.5,3355
ARVIND,20180117,10:45,449,450,449,449.7,4812
ARVIND,20180117,10:46,449.75,449.9,449.5,449.55,2065
ARVIND,20180117,10:47,449.55,450,449.55,449.8,1734
ARVIND,20180117,10:48,449.65,449.65,448.95,449.3,4192
ARVIND,20180117,10:49,449.4,449.95,449.4,449.55,7271
ARVIND,20180117,10:50,449.45,449.45,448.55,448.8,6637
ARVIND,20180117,10:51,448.8,448.85,448.8,448.85,789
ARVIND,20180117,10:52,448.85,448.9,448.8,448.85,1804
ARVIND,20180117,10:53,448.85,448.85,448.7,448.7,1625
ARVIND,20180117,10:54,448.7,448.7,448.5,448.5,1137
ARVIND,20180117,10:55,448.4,448.55,447.4,447.8,2112
ARVIND,20180117,10:56,447.8,448,447.8,447.85,1038
ARVIND,20180117,10:57,447.85,448.1,447.85,448.1,695
ARVIND,20180117,10:58,448.1,448.15,447.7,447.7,693
ARVIND,20180117,10:59,447.5,447.8,447.25,447.5,2741
ARVIND,20180117,11:00,447.45,447.7,447.3,447.65,1273
ARVIND,20180117,11:01,447.7,447.8,447.7,447.75,2402
ARVIND,20180117,11:02,447.75,447.8,447.7,447.7,1644
ARVIND,20180117,11:03,447.8,447.8,447.5,447.6,911
ARVIND,20180117,11:04,447.65,447.8,447.4,447.8,4027
ARVIND,20180117,11:05,448.05,448.1,447.3,447.6,1895
ARVIND,20180117,11:06,447.6,447.7,447.6,447.7,257
ARVIND,20180117,11:07,447.7,448.2,447.65,448.2,355
ARVIND,20180117,11:08,447.9,448,447.75,447.75,894
ARVIND,20180117,11:09,447.4,447.7,447.2,447.4,1441
ARVIND,20180117,11:10,447.45,447.5,447.2,447.35,884
ARVIND,20180117,11:11,447.35,447.35,447.2,447.25,980
ARVIND,20180117,11:12,447.35,447.65,447.2,447.25,958
ARVIND,20180117,11:13,447.2,447.55,447.15,447.15,1438
ARVIND,20180117,11:14,447.15,447.6,447.05,447.55,3798
ARVIND,20180117,11:15,447.15,447.3,447.1,447.3,312
ARVIND,20180117,11:16,447.45,447.55,447.45,447.55,65
ARVIND,20180117,11:17,447.5,447.8,447.35,447.75,597
ARVIND,20180117,11:18,447.65,447.65,447.3,447.55,88
ARVIND,20180117,11:19,447.45,447.75,447.35,447.75,719
ARVIND,20180117,11:20,447.75,447.95,447.75,447.95,483
ARVIND,20180117,11:21,447.9,448.2,447.7,447.8,2738
ARVIND,20180117,11:22,447.75,448.2,447.7,448.05,437
ARVIND,20180117,11:23,448.05,448.15,448,448.1,886
ARVIND,20180117,11:24,448.05,448.45,448.05,448.05,1429
ARVIND,20180117,11:25,448.05,448.25,448.05,448.25,631
ARVIND,20180117,11:26,448,448,447.9,447.95,167
ARVIND,20180117,11:27,447.95,448,447.85,447.9,127
ARVIND,20180117,11:28,448,448.45,448,448.35,567
ARVIND,20180117,11:29,448.35,448.35,448.15,448.2,61
ARVIND,20180117,11:30,448.2,448.75,448.2,448.7,974
ARVIND,20180117,11:31,448.6,448.95,448.6,448.85,2247
ARVIND,20180117,11:32,448.8,449.35,448.8,449.2,2629
ARVIND,20180117,11:33,449.2,449.45,449.2,449.25,1306
ARVIND,20180117,11:34,449.2,449.25,448.8,448.8,5284
ARVIND,20180117,11:35,448.75,449,448.65,449,620
ARVIND,20180117,11:36,449.15,449.15,448.75,448.75,211
ARVIND,20180117,11:37,448.75,448.8,448.55,448.55,237
ARVIND,20180117,11:38,448.4,448.65,448,448.3,2147
ARVIND,20180117,11:39,448.3,449.15,448.3,449.15,1696
ARVIND,20180117,11:40,448.8,449.35,448.8,449.15,608
ARVIND,20180117,11:41,449.2,449.35,449.1,449.1,243
ARVIND,20180117,11:42,449.2,449.35,449.2,449.25,578
ARVIND,20180117,11:43,449.35,449.4,449.25,449.25,981
ARVIND,20180117,11:44,449.35,449.4,449.25,449.25,1448
ARVIND,20180117,11:45,449.25,449.25,449.1,449.1,1505
ARVIND,20180117,11:46,449.4,449.4,448.95,448.95,934
ARVIND,20180117,11:47,449.15,449.15,449.05,449.15,174
ARVIND,20180117,11:48,449.15,449.2,449.05,449.2,315
ARVIND,20180117,11:49,449.35,449.4,449.15,449.15,189
ARVIND,20180117,11:50,449.15,449.9,449.15,449.9,2251
ARVIND,20180117,11:51,449.9,450.3,449.75,450.3,6090
ARVIND,20180117,11:52,450.3,450.45,450.25,450.3,3992
ARVIND,20180117,11:53,450.3,450.45,450.3,450.4,554
ARVIND,20180117,11:54,450.45,450.6,450.4,450.45,1873
ARVIND,20180117,11:55,450.45,450.7,450.4,450.55,6519
ARVIND,20180117,11:56,450.5,450.65,450.25,450.65,2013
ARVIND,20180117,11:57,450.65,450.65,450.2,450.4,1268
ARVIND,20180117,11:58,450.25,450.25,449.15,449.55,4555
ARVIND,20180117,11:59,449.15,449.4,448.95,449.15,1205
ARVIND,20180117,12:00,448.95,449,448.6,448.6,2399
ARVIND,20180117,12:01,448.75,449.15,448.75,449,526
ARVIND,20180117,12:02,449.05,449.05,448.25,448.3,3327
ARVIND,20180117,12:03,448.25,449.45,448.25,449.45,3097
ARVIND,20180117,12:04,449.5,449.55,448.4,448.7,7228
ARVIND,20180117,12:05,448.75,449.3,448.4,449.1,8602
ARVIND,20180117,12:06,449.1,449.3,449,449,2642
ARVIND,20180117,12:07,449,449.4,448.7,449.2,3116
ARVIND,20180117,12:08,449.25,450.05,449.2,450.05,2217
ARVIND,20180117,12:09,450.2,450.25,450,450.2,2131
ARVIND,20180117,12:10,450.1,450.9,450.1,450.9,3768
ARVIND,20180117,12:11,451,451.45,451,451.4,5392
ARVIND,20180117,12:12,451.5,452,451.4,451.85,5247
ARVIND,20180117,12:13,451.8,452,451.5,451.9,4213
ARVIND,20180117,12:14,452.25,454.4,451.85,453.9,27069
ARVIND,20180117,12:15,453.6,453.6,452.85,453.15,4708
ARVIND,20180117,12:16,453.1,453.2,452.6,452.6,1784
ARVIND,20180117,12:17,452.3,452.6,452.3,452.5,3354
ARVIND,20180117,12:18,452.3,452.75,452.3,452.55,405
ARVIND,20180117,12:19,452.75,454.85,452.75,454.5,8376
ARVIND,20180117,12:20,454.3,454.3,453.4,453.4,4894
ARVIND,20180117,12:21,453.4,454.3,453.3,453.9,2921
ARVIND,20180117,12:22,453.9,454.5,453.9,454.1,1550
ARVIND,20180117,12:23,453.8,453.8,453.3,453.5,2736
ARVIND,20180117,12:24,453.4,454.1,453.4,453.8,1353
ARVIND,20180117,12:25,453.9,454,453.65,453.65,1235
ARVIND,20180117,12:26,453.6,453.6,453,453.1,3103
ARVIND,20180117,12:27,453.15,453.65,453.15,453.5,1108
ARVIND,20180117,12:28,453.5,453.8,453.45,453.7,459
ARVIND,20180117,12:29,453.55,453.9,453.5,453.9,1327
ARVIND,20180117,12:30,453.9,454.1,453.8,454.1,986
ARVIND,20180117,12:31,454.1,454.7,454.1,454.3,2987
ARVIND,20180117,12:32,454.15,454.15,454,454,612
ARVIND,20180117,12:33,454,454.05,453.7,453.7,6586
ARVIND,20180117,12:34,453.65,453.95,453.2,453.6,1560
ARVIND,20180117,12:35,453.95,453.95,453.6,453.9,2045
ARVIND,20180117,12:36,453.5,453.95,453.5,453.8,717
ARVIND,20180117,12:37,453.75,453.95,453.75,453.95,330
ARVIND,20180117,12:38,453.75,453.9,453.5,453.5,1619
ARVIND,20180117,12:39,453.5,453.8,453.45,453.45,3843
ARVIND,20180117,12:40,453.75,453.8,452.9,453.2,4812
ARVIND,20180117,12:41,453,453.1,452.5,452.5,832
ARVIND,20180117,12:42,452.65,452.9,452.4,452.5,1301
ARVIND,20180117,12:43,452.5,452.5,452.05,452.1,2983
ARVIND,20180117,12:44,452.1,452.3,452,452.2,2279
ARVIND,20180117,12:45,452.3,452.5,452.05,452.5,1178
ARVIND,20180117,12:46,452.75,453.65,452.6,453.4,3390
ARVIND,20180117,12:47,453.4,453.8,452.6,452.6,2667
ARVIND,20180117,12:48,452.6,453.3,452.1,453.3,2369
ARVIND,20180117,12:49,453.45,453.85,452.55,452.55,4347
ARVIND,20180117,12:50,452.4,452.75,452.1,452.65,2315
ARVIND,20180117,12:51,452.65,453,452.55,453,2076
ARVIND,20180117,12:52,453.05,453.7,452.9,453.1,3567
ARVIND,20180117,12:53,453,453,451.05,451.35,16724
ARVIND,20180117,12:54,451.1,451.5,451,451.1,1381
ARVIND,20180117,12:55,451.1,452,451,452,813
ARVIND,20180117,12:56,452.2,452.45,452,452.45,293
ARVIND,20180117,12:57,452.3,452.45,452.3,452.45,89
ARVIND,20180117,12:58,452.25,452.6,452.2,452.2,98
ARVIND,20180117,12:59,452.15,452.15,452.1,452.1,26
ARVIND,20180117,13:00,452.1,452.25,452.1,452.25,117
ARVIND,20180117,13:01,452.25,452.7,452.25,452.6,1821
ARVIND,20180117,13:02,452.6,452.7,452.4,452.4,799
ARVIND,20180117,13:03,452.45,452.45,452.3,452.3,120
ARVIND,20180117,13:04,452.35,452.6,452.35,452.6,204
ARVIND,20180117,13:05,452.4,452.5,452.3,452.3,300
ARVIND,20180117,13:06,452.3,452.3,451.85,452.3,4558
ARVIND,20180117,13:07,452.05,452.65,452.05,452.65,61
ARVIND,20180117,13:08,452.5,452.7,452.5,452.6,257
ARVIND,20180117,13:09,452.5,452.55,452.5,452.55,80
ARVIND,20180117,13:10,452.55,452.55,452.5,452.5,146
ARVIND,20180117,13:11,452.5,452.55,452.5,452.5,167
ARVIND,20180117,13:12,452.5,452.6,452.1,452.1,68
ARVIND,20180117,13:13,452.2,452.4,452.2,452.2,20
ARVIND,20180117,13:14,452.2,453.3,452.2,452.5,1319
ARVIND,20180117,13:15,452.55,452.8,452.55,452.6,89
ARVIND,20180117,13:16,452.6,452.65,452.35,452.6,282
ARVIND,20180117,13:17,452.3,452.6,452.3,452.5,245
ARVIND,20180117,13:18,452.5,452.55,452.5,452.5,38
ARVIND,20180117,13:19,452.35,452.5,452.35,452.5,340
ARVIND,20180117,13:20,452.5,452.55,452.5,452.5,75
ARVIND,20180117,13:21,452.5,452.5,452.4,452.4,594
ARVIND,20180117,13:22,452.4,452.9,452.4,452.6,1175
ARVIND,20180117,13:23,452.85,452.85,452.75,452.8,140
ARVIND,20180117,13:24,452.85,452.9,452.75,452.9,296
ARVIND,20180117,13:25,452.65,453.5,452.65,453.3,741
ARVIND,20180117,13:26,453.3,454.95,453.15,454.55,18688
ARVIND,20180117,13:27,454.55,454.95,454,454,2405
ARVIND,20180117,13:28,454.1,454.7,454.1,454.7,469
ARVIND,20180117,13:29,454.8,455.3,454.8,454.8,4524
ARVIND,20180117,13:30,454.55,454.85,454.45,454.6,933
ARVIND,20180117,13:31,454.45,454.6,454.3,454.35,729
ARVIND,20180117,13:32,454.35,454.45,454.15,454.15,765
ARVIND,20180117,13:33,454,454,453.5,453.55,1009
ARVIND,20180117,13:34,453.6,453.6,452.9,452.95,624
ARVIND,20180117,13:35,453.3,453.45,453,453.1,3868
ARVIND,20180117,13:36,453,453.65,452.8,453,1873
ARVIND,20180117,13:37,453.25,454,453.25,454,637
ARVIND,20180117,13:38,454,454.1,453.55,453.65,365
ARVIND,20180117,13:39,453.65,453.7,453.65,453.7,252
ARVIND,20180117,13:40,453.85,453.85,453.7,453.85,1556
ARVIND,20180117,13:41,453.85,453.85,453.6,453.8,1111
ARVIND,20180117,13:42,453.9,453.9,453.6,453.6,222
ARVIND,20180117,13:43,453.6,453.7,453.55,453.55,175
ARVIND,20180117,13:44,453.55,453.55,453.35,453.4,252
ARVIND,20180117,13:45,453.75,453.75,453.15,453.25,1696
ARVIND,20180117,13:46,453.15,453.25,453.15,453.25,554
ARVIND,20180117,13:47,453.25,453.35,453.25,453.35,62
ARVIND,20180117,13:48,453.35,453.35,453.2,453.25,232
ARVIND,20180117,13:49,453.25,453.25,453.2,453.2,577
ARVIND,20180117,13:50,453.2,456.7,453.2,456.7,17609
ARVIND,20180117,13:51,456.95,457,455.75,456.25,15278
ARVIND,20180117,13:52,455.75,456,455.05,455.05,2104
ARVIND,20180117,13:53,455.35,456.25,455,456.25,9400
ARVIND,20180117,13:54,456.1,456.1,455.45,455.75,4891
ARVIND,20180117,13:55,455.7,455.7,455.2,455.5,1021
ARVIND,20180117,13:56,455.5,455.5,455.15,455.25,861
ARVIND,20180117,13:57,455.15,455.15,454.5,454.75,1595
ARVIND,20180117,13:58,454.5,455,454.2,454.55,5554
ARVIND,20180117,13:59,454.55,454.55,452.3,454,22758
ARVIND,20180117,14:00,454,454,453.6,453.85,1423
ARVIND,20180117,14:01,453.9,453.9,453.3,453.3,1660
ARVIND,20180117,14:02,453.4,453.9,453.4,453.9,1110
ARVIND,20180117,14:03,454,454,453.55,453.8,429
ARVIND,20180117,14:04,453.8,453.95,453.35,453.6,178
ARVIND,20180117,14:05,453.6,453.6,453.35,453.55,164
ARVIND,20180117,14:06,453.55,453.55,453.25,453.5,198
ARVIND,20180117,14:07,453.3,453.5,453.3,453.5,125
ARVIND,20180117,14:08,453.2,453.85,453.2,453.75,354
ARVIND,20180117,14:09,453.75,453.9,453.75,453.75,652
ARVIND,20180117,14:10,453.6,453.9,453.5,453.5,333
ARVIND,20180117,14:11,453.6,453.9,453.55,453.6,88
ARVIND,20180117,14:12,453.6,453.8,453.6,453.8,70
ARVIND,20180117,14:13,453.8,453.8,453.5,453.7,395
ARVIND,20180117,14:14,453.75,453.75,453.2,453.2,341
ARVIND,20180117,14:15,453.25,453.3,452.8,452.8,1142
ARVIND,20180117,14:16,452.75,453.1,452.65,452.7,1490
ARVIND,20180117,14:17,452.7,453,452.6,452.65,418
ARVIND,20180117,14:18,452.85,453.6,452.85,453.6,217
ARVIND,20180117,14:19,453.6,454.45,453.35,454.45,1468
ARVIND,20180117,14:20,454.3,454.45,454.1,454.1,699
ARVIND,20180117,14:21,454.25,454.25,453.95,454,353
ARVIND,20180117,14:22,454,454.45,454,454.45,1975
ARVIND,20180117,14:23,454.45,454.65,454,454.65,5533
ARVIND,20180117,14:24,454.65,454.9,454.3,454.9,5143
ARVIND,20180117,14:25,454.95,455,454.45,455,6540
ARVIND,20180117,14:26,455,455.6,455,455.6,4243
ARVIND,20180117,14:27,455.65,455.9,455.45,455.85,2435
ARVIND,20180117,14:28,455.75,455.75,455.25,455.25,3499
ARVIND,20180117,14:29,455.2,455.5,455.15,455.4,2291
ARVIND,20180117,14:30,455.45,455.9,455.4,455.9,1546
ARVIND,20180117,14:31,455.9,456,455.75,455.85,1903
ARVIND,20180117,14:32,456.2,456.35,455.95,456.15,985
ARVIND,20180117,14:33,456.2,456.3,455.8,456.3,2028
ARVIND,20180117,14:34,456.15,456.2,455.85,455.85,712
ARVIND,20180117,14:35,455.9,455.9,455.25,455.7,5849
ARVIND,20180117,14:36,455.55,455.6,455,455.55,4175
ARVIND,20180117,14:37,455.25,455.9,455,455.9,1692
ARVIND,20180117,14:38,455.8,455.8,455,455.5,1707
ARVIND,20180117,14:39,455,455.65,455,455.55,1408
ARVIND,20180117,14:40,455.5,455.55,455,455.2,408
ARVIND,20180117,14:41,455.05,455.55,453.65,455,9678
ARVIND,20180117,14:42,455,455.5,454.85,455.25,4591
ARVIND,20180117,14:43,455,455.3,455,455.05,1967
ARVIND,20180117,14:44,455.2,455.3,455.2,455.3,517
ARVIND,20180117,14:45,455.2,455.45,455.2,455.45,719
ARVIND,20180117,14:46,455.45,456.65,455.4,456.65,8372
ARVIND,20180117,14:47,456.65,457.45,456.55,457.1,5190
ARVIND,20180117,14:48,457.1,457.45,456.25,456.8,2279
ARVIND,20180117,14:49,456.75,457.35,456.75,457.1,3516
ARVIND,20180117,14:50,457.1,457.1,456.7,457,809
ARVIND,20180117,14:51,457,457,456.55,456.8,1297
ARVIND,20180117,14:52,456.9,458.05,456.9,457.7,6920
ARVIND,20180117,14:53,457.65,457.85,457.6,457.75,1689
ARVIND,20180117,14:54,457.75,457.75,457.4,457.45,910
ARVIND,20180117,14:55,457.4,457.45,457.2,457.45,1472
ARVIND,20180117,14:56,457.15,457.65,457.15,457.55,2196
ARVIND,20180117,14:57,457.55,457.65,457.15,457.5,1879
ARVIND,20180117,14:58,457.55,457.65,457.2,457.5,1368
ARVIND,20180117,14:59,456.9,457.2,456.6,456.65,2463
ARVIND,20180117,15:00,456.9,457.4,456.6,457.4,4292
ARVIND,20180117,15:01,457.35,457.4,456.95,456.95,809
ARVIND,20180117,15:02,457,457.7,457,457.35,3132
ARVIND,20180117,15:03,457.6,457.6,456.95,457.4,6873
ARVIND,20180117,15:04,457.35,457.65,457.2,457.65,2771
ARVIND,20180117,15:05,457.45,457.65,456.9,456.9,1483
ARVIND,20180117,15:06,457,457.65,457,457.55,2708
ARVIND,20180117,15:07,457.25,458.25,457.2,457.9,8930
ARVIND,20180117,15:08,457.9,457.9,457.25,457.85,2441
ARVIND,20180117,15:09,457.85,458.4,457.5,457.55,7076
ARVIND,20180117,15:10,457.6,457.7,457.2,457.2,1032
ARVIND,20180117,15:11,457.35,457.35,456.95,457,2996
ARVIND,20180117,15:12,457,457.75,457,457.75,1677
ARVIND,20180117,15:13,457.65,457.85,456.8,456.8,2914
ARVIND,20180117,15:14,457,457.3,456.45,456.75,4675
ARVIND,20180117,15:15,457.5,457.6,457.25,457.5,6345
ARVIND,20180117,15:16,457.55,457.6,457.2,457.55,20376
ARVIND,20180117,15:17,457.55,457.9,457.45,457.45,3529
ARVIND,20180117,15:18,457.85,458,457.45,457.75,2895
ARVIND,20180117,15:19,457.85,458.05,457.8,458,5305
ARVIND,20180117,15:20,458,458.1,457.75,457.75,1295
ARVIND,20180117,15:21,458.15,458.6,457.85,458.35,10257
ARVIND,20180117,15:22,458.5,458.7,458.2,458.7,6280
ARVIND,20180117,15:23,458.7,459.15,458.7,459.1,7856
ARVIND,20180117,15:24,459,459.4,459,459.35,4244
ARVIND,20180117,15:25,459.35,459.7,459.1,459.1,8678
ARVIND,20180117,15:26,459.15,459.3,459,459.3,6530
ARVIND,20180117,15:27,459.05,459.6,458.25,458.7,9080
ARVIND,20180117,15:28,458.7,458.8,457.9,457.9,4888
ARVIND,20180117,15:29,457.15,458.7,456.95,457.8,9969
ARVIND,20180117,15:30,457.8,458.4,457.65,457.65,4717
ARVIND,20180117,15:31,457.3,457.3,457.3,457.3,177
ARVIND,20180117,15:32,458,458,458,458,1
ARVIND,20180117,15:41,458,458,458,458,133
ARVIND,20180117,15:42,458,458,458,458,494
ARVIND,20180117,15:45,458,458,458,458,10
ARVIND,20180117,15:58,457.3,457.3,457.3,457.3,10
ARVIND,20180117,16:36,458,458,458,458,1
