ULTRACEMCO,20220218,09:09,7049.00,7049.00,7049.00,7049.00,912,0
ULTRACEMCO,20220218,09:16,7048.00,7064.85,7025.00,7059.30,9335,0
ULTRACEMCO,20220218,09:17,7059.15,7062.85,7041.45,7046.15,5177,0
ULTRACEMCO,20220218,09:18,7045.15,7050.05,7032.50,7035.75,4759,0
ULTRACEMCO,20220218,09:19,7035.65,7035.65,7015.00,7019.95,3807,0
ULTRACEMCO,20220218,09:20,7019.90,7019.90,6985.55,6989.25,6195,0
ULTRACEMCO,20220218,09:21,6994.60,7002.75,6989.25,6998.70,2478,0
ULTRACEMCO,20220218,09:22,6998.70,6999.45,6994.00,6996.45,1369,0
ULTRACEMCO,20220218,09:23,6996.95,7000.10,6982.00,6988.20,4038,0
ULTRACEMCO,20220218,09:24,6987.00,6992.40,6985.70,6988.00,1375,0
ULTRACEMCO,20220218,09:25,6988.00,6988.00,6971.20,6981.50,4300,0
ULTRACEMCO,20220218,09:26,6977.00,6979.85,6969.00,6977.75,2460,0
ULTRACEMCO,20220218,09:27,6975.50,6981.20,6960.05,6965.50,3643,0
ULTRACEMCO,20220218,09:28,6965.50,6974.65,6965.00,6967.00,1963,0
ULTRACEMCO,20220218,09:29,6967.00,6967.10,6953.00,6955.25,3018,0
ULTRACEMCO,20220218,09:30,6940.95,6967.10,6940.95,6962.30,10128,0
ULTRACEMCO,20220218,09:31,6960.10,6968.85,6960.00,6960.45,3423,0
ULTRACEMCO,20220218,09:32,6960.45,6968.00,6960.45,6966.00,2372,0
ULTRACEMCO,20220218,09:33,6966.00,6985.00,6965.10,6985.00,4293,0
ULTRACEMCO,20220218,09:34,6985.00,7005.60,6985.00,6995.00,10116,0
ULTRACEMCO,20220218,09:35,6997.35,7004.90,6993.35,6999.40,4154,0
ULTRACEMCO,20220218,09:36,7003.20,7007.55,6993.90,6999.80,5208,0
ULTRACEMCO,20220218,09:37,6996.30,7004.00,6991.95,7000.90,4112,0
ULTRACEMCO,20220218,09:38,6999.00,7003.00,6990.65,6995.95,3112,0
ULTRACEMCO,20220218,09:39,6995.00,7000.00,6990.80,6995.45,2116,0
ULTRACEMCO,20220218,09:40,6995.45,7003.00,6995.00,7000.00,1798,0
ULTRACEMCO,20220218,09:41,7000.10,7004.65,7000.00,7001.85,1407,0
ULTRACEMCO,20220218,09:42,7001.50,7002.75,6996.45,7000.00,2937,0
ULTRACEMCO,20220218,09:43,7001.75,7001.75,6991.10,6999.65,2761,0
ULTRACEMCO,20220218,09:44,7000.00,7002.00,7000.00,7001.00,2594,0
ULTRACEMCO,20220218,09:45,7001.00,7002.00,6992.65,7000.00,3703,0
ULTRACEMCO,20220218,09:46,7000.05,7000.85,6996.15,7000.70,4490,0
ULTRACEMCO,20220218,09:47,7000.00,7001.90,6996.00,7000.00,2642,0
ULTRACEMCO,20220218,09:48,7000.00,7003.00,6999.95,7002.40,1560,0
ULTRACEMCO,20220218,09:49,7004.70,7025.00,7004.00,7013.25,4010,0
ULTRACEMCO,20220218,09:50,7015.10,7015.10,6993.50,7002.85,2529,0
ULTRACEMCO,20220218,09:51,7000.00,7002.45,6983.00,6983.00,640,0
ULTRACEMCO,20220218,09:52,6982.30,6987.40,6971.00,6981.50,3483,0
ULTRACEMCO,20220218,09:53,6981.25,6986.65,6976.95,6985.90,1323,0
ULTRACEMCO,20220218,09:54,6985.90,6990.00,6982.10,6985.80,1054,0
ULTRACEMCO,20220218,09:55,6988.00,6993.35,6983.90,6989.95,1191,0
ULTRACEMCO,20220218,09:56,6990.00,6994.95,6990.00,6993.95,474,0
ULTRACEMCO,20220218,09:57,6991.15,6993.95,6990.00,6993.80,1062,0
ULTRACEMCO,20220218,09:58,6993.70,6993.70,6990.00,6990.40,456,0
ULTRACEMCO,20220218,09:59,6990.40,6992.00,6985.00,6985.00,420,0
ULTRACEMCO,20220218,10:00,6985.05,6989.50,6985.00,6989.10,737,0
ULTRACEMCO,20220218,10:01,6986.20,6989.10,6985.00,6988.80,425,0
ULTRACEMCO,20220218,10:02,6985.55,6989.00,6985.55,6988.00,582,0
ULTRACEMCO,20220218,10:03,6989.95,6992.75,6988.00,6992.30,961,0
ULTRACEMCO,20220218,10:04,6989.35,6992.30,6986.15,6991.20,480,0
ULTRACEMCO,20220218,10:05,6991.20,6996.50,6988.35,6994.35,921,0
ULTRACEMCO,20220218,10:06,6994.60,6996.10,6991.05,6994.95,480,0
ULTRACEMCO,20220218,10:07,6996.05,6996.50,6994.95,6995.05,724,0
ULTRACEMCO,20220218,10:08,6995.05,6995.05,6988.50,6991.40,878,0
ULTRACEMCO,20220218,10:09,6991.45,6993.00,6988.00,6988.05,494,0
ULTRACEMCO,20220218,10:10,6988.00,6988.05,6985.00,6987.90,397,0
ULTRACEMCO,20220218,10:11,6985.05,6987.90,6980.05,6983.60,1368,0
ULTRACEMCO,20220218,10:12,6980.20,6985.00,6980.05,6982.00,425,0
ULTRACEMCO,20220218,10:13,6981.05,6983.95,6981.00,6982.00,761,0
ULTRACEMCO,20220218,10:14,6981.40,6986.65,6981.40,6983.05,644,0
ULTRACEMCO,20220218,10:15,6983.10,6987.00,6983.00,6984.85,560,0
ULTRACEMCO,20220218,10:16,6984.85,6987.40,6983.05,6983.95,609,0
ULTRACEMCO,20220218,10:17,6983.95,6986.95,6976.00,6979.10,1572,0
ULTRACEMCO,20220218,10:18,6977.00,6980.20,6971.20,6972.05,1195,0
ULTRACEMCO,20220218,10:19,6974.95,6974.95,6971.05,6971.10,738,0
ULTRACEMCO,20220218,10:20,6971.10,6974.70,6971.00,6972.45,792,0
ULTRACEMCO,20220218,10:21,6971.50,6979.45,6971.20,6975.95,686,0
ULTRACEMCO,20220218,10:22,6975.95,6979.35,6974.10,6975.20,520,0
ULTRACEMCO,20220218,10:23,6975.20,6979.95,6975.20,6978.85,603,0
ULTRACEMCO,20220218,10:24,6977.50,6983.00,6977.50,6981.80,566,0
ULTRACEMCO,20220218,10:25,6981.80,6985.00,6981.15,6983.35,677,0
ULTRACEMCO,20220218,10:26,6982.35,6984.35,6980.20,6983.05,486,0
ULTRACEMCO,20220218,10:27,6983.00,6987.65,6982.00,6987.45,778,0
ULTRACEMCO,20220218,10:28,6987.50,6987.50,6983.05,6983.75,534,0
ULTRACEMCO,20220218,10:29,6986.05,6989.95,6981.00,6986.30,734,0
ULTRACEMCO,20220218,10:30,6985.00,6992.85,6985.00,6992.85,732,0
ULTRACEMCO,20220218,10:31,6993.00,6995.00,6988.25,6988.65,690,0
ULTRACEMCO,20220218,10:32,6988.65,6993.05,6988.00,6990.00,7477,0
ULTRACEMCO,20220218,10:33,6990.00,6992.55,6988.00,6988.85,418,0
ULTRACEMCO,20220218,10:34,6988.85,6991.00,6988.00,6989.45,580,0
ULTRACEMCO,20220218,10:35,6992.45,6995.05,6990.45,6991.20,703,0
ULTRACEMCO,20220218,10:36,6991.15,6994.75,6991.15,6992.05,244,0
ULTRACEMCO,20220218,10:37,6991.05,6993.85,6988.00,6989.95,956,0
ULTRACEMCO,20220218,10:38,6988.00,6991.70,6988.00,6988.15,567,0
ULTRACEMCO,20220218,10:39,6988.70,6992.70,6988.15,6989.95,410,0
ULTRACEMCO,20220218,10:40,6988.35,6991.95,6988.25,6990.30,367,0
ULTRACEMCO,20220218,10:41,6988.25,6991.90,6988.00,6991.50,519,0
ULTRACEMCO,20220218,10:42,6988.80,6991.30,6975.85,6975.85,1257,0
ULTRACEMCO,20220218,10:43,6975.40,6979.70,6975.00,6976.85,1180,0
ULTRACEMCO,20220218,10:44,6976.85,6980.75,6976.05,6976.85,485,0
ULTRACEMCO,20220218,10:45,6976.80,6980.40,6976.80,6978.95,442,0
ULTRACEMCO,20220218,10:46,6976.85,6978.35,6971.90,6974.80,1800,0
ULTRACEMCO,20220218,10:47,6974.80,6975.95,6974.00,6974.05,469,0
ULTRACEMCO,20220218,10:48,6974.05,6978.25,6974.05,6977.05,343,0
ULTRACEMCO,20220218,10:49,6977.05,6977.05,6973.55,6973.60,345,0
ULTRACEMCO,20220218,10:50,6973.60,6977.40,6973.55,6974.00,558,0
ULTRACEMCO,20220218,10:51,6974.30,6975.45,6971.65,6974.60,31041,0
ULTRACEMCO,20220218,10:52,6972.05,6974.55,6960.00,6960.00,1922,0
ULTRACEMCO,20220218,10:53,6960.05,6962.25,6955.95,6956.95,3373,0
ULTRACEMCO,20220218,10:54,6956.95,6956.95,6954.35,6955.90,1802,0
ULTRACEMCO,20220218,10:55,6955.90,6955.90,6950.75,6950.95,1350,0
ULTRACEMCO,20220218,10:56,6950.95,6955.00,6950.90,6952.90,2033,0
ULTRACEMCO,20220218,10:57,6952.95,6956.50,6952.05,6953.95,407,0
ULTRACEMCO,20220218,10:58,6953.90,6962.30,6952.35,6961.05,1019,0
ULTRACEMCO,20220218,10:59,6961.05,6964.80,6953.75,6956.45,1298,0
ULTRACEMCO,20220218,11:00,6956.45,6962.00,6953.00,6961.90,1412,0
ULTRACEMCO,20220218,11:01,6959.35,6961.90,6955.00,6961.80,1002,0
ULTRACEMCO,20220218,11:02,6960.00,6969.95,6960.00,6969.55,853,0
ULTRACEMCO,20220218,11:03,6969.55,6969.55,6966.15,6966.20,439,0
ULTRACEMCO,20220218,11:04,6966.20,6968.50,6962.05,6967.95,580,0
ULTRACEMCO,20220218,11:05,6966.05,6968.80,6965.00,6965.95,368,0
ULTRACEMCO,20220218,11:06,6965.90,6969.00,6965.05,6966.15,672,0
ULTRACEMCO,20220218,11:07,6966.15,6969.25,6966.05,6969.25,394,0
ULTRACEMCO,20220218,11:08,6969.20,6969.20,6965.00,6966.15,462,0
ULTRACEMCO,20220218,11:09,6965.00,6966.15,6965.00,6965.85,320,0
ULTRACEMCO,20220218,11:10,6965.85,6968.35,6965.25,6966.50,394,0
ULTRACEMCO,20220218,11:11,6966.50,6967.25,6966.00,6966.55,430,0
ULTRACEMCO,20220218,11:12,6966.55,6967.00,6963.00,6964.80,480,0
ULTRACEMCO,20220218,11:13,6963.10,6964.80,6958.45,6960.05,1790,0
ULTRACEMCO,20220218,11:14,6960.05,6967.00,6960.00,6965.00,680,0
ULTRACEMCO,20220218,11:15,6964.95,6967.50,6964.95,6964.95,253,0
ULTRACEMCO,20220218,11:16,6965.00,6968.85,6965.00,6967.90,493,0
ULTRACEMCO,20220218,11:17,6966.10,6967.90,6966.00,6966.00,390,0
ULTRACEMCO,20220218,11:18,6966.05,6968.10,6966.00,6966.85,294,0
ULTRACEMCO,20220218,11:19,6966.85,6971.85,6966.85,6970.20,745,0
ULTRACEMCO,20220218,11:20,6969.70,6969.70,6966.00,6966.00,327,0
ULTRACEMCO,20220218,11:21,6966.00,6966.75,6960.00,6960.10,657,0
ULTRACEMCO,20220218,11:22,6959.60,6963.30,6955.00,6960.10,872,0
ULTRACEMCO,20220218,11:23,6958.75,6966.60,6958.75,6961.05,619,0
ULTRACEMCO,20220218,11:24,6962.20,6962.20,6948.25,6948.25,6050,0
ULTRACEMCO,20220218,11:25,6948.25,6953.55,6946.05,6951.10,1601,0
ULTRACEMCO,20220218,11:26,6951.00,6955.10,6951.00,6952.80,471,0
ULTRACEMCO,20220218,11:27,6952.80,6955.30,6952.80,6954.90,428,0
ULTRACEMCO,20220218,11:28,6954.85,6958.90,6954.00,6957.80,558,0
ULTRACEMCO,20220218,11:29,6956.05,6957.75,6955.50,6955.55,357,0
ULTRACEMCO,20220218,11:30,6955.55,6957.30,6955.00,6955.05,376,0
ULTRACEMCO,20220218,11:31,6955.00,6961.10,6955.00,6960.50,557,0
ULTRACEMCO,20220218,11:32,6960.00,6967.20,6958.35,6963.00,1294,0
ULTRACEMCO,20220218,11:33,6962.10,6963.05,6958.25,6959.45,464,0
ULTRACEMCO,20220218,11:34,6959.45,6961.70,6955.00,6958.90,1276,0
ULTRACEMCO,20220218,11:35,6956.60,6958.65,6955.00,6955.00,395,0
ULTRACEMCO,20220218,11:36,6955.00,6958.40,6955.00,6955.15,1297,0
ULTRACEMCO,20220218,11:37,6955.15,6959.70,6955.00,6956.50,792,0
ULTRACEMCO,20220218,11:38,6955.25,6956.55,6953.25,6953.45,1033,0
ULTRACEMCO,20220218,11:39,6953.25,6956.25,6953.00,6953.15,675,0
ULTRACEMCO,20220218,11:40,6953.05,6953.05,6951.60,6951.65,793,0
ULTRACEMCO,20220218,11:41,6951.65,6952.30,6950.25,6950.45,1041,0
ULTRACEMCO,20220218,11:42,6950.00,6950.40,6941.35,6943.45,5447,0
ULTRACEMCO,20220218,11:43,6943.40,6945.45,6942.05,6943.75,587,0
ULTRACEMCO,20220218,11:44,6945.00,6951.85,6945.00,6950.05,541,0
ULTRACEMCO,20220218,11:45,6950.05,6950.90,6948.85,6949.60,411,0
ULTRACEMCO,20220218,11:46,6949.60,6958.05,6949.60,6954.40,632,0
ULTRACEMCO,20220218,11:47,6954.40,6955.00,6947.55,6948.00,825,0
ULTRACEMCO,20220218,11:48,6948.00,6951.00,6947.55,6948.35,429,0
ULTRACEMCO,20220218,11:49,6948.35,6954.65,6948.35,6954.60,443,0
ULTRACEMCO,20220218,11:50,6952.30,6957.90,6952.30,6957.50,478,0
ULTRACEMCO,20220218,11:51,6957.50,6958.00,6955.65,6957.80,454,0
ULTRACEMCO,20220218,11:52,6956.05,6957.90,6955.00,6955.30,269,0
ULTRACEMCO,20220218,11:53,6955.40,6955.40,6948.00,6951.85,1918,0
ULTRACEMCO,20220218,11:54,6951.85,6954.50,6947.30,6953.80,718,0
ULTRACEMCO,20220218,11:55,6954.00,6955.00,6950.00,6951.80,588,0
ULTRACEMCO,20220218,11:56,6951.80,6953.60,6948.10,6948.15,1469,0
ULTRACEMCO,20220218,11:57,6948.10,6949.85,6948.10,6948.20,804,0
ULTRACEMCO,20220218,11:58,6948.20,6948.20,6945.00,6946.15,419,0
ULTRACEMCO,20220218,11:59,6946.15,6946.15,6932.00,6935.80,7340,0
ULTRACEMCO,20220218,12:00,6935.25,6940.00,6926.65,6940.00,3317,0
ULTRACEMCO,20220218,12:01,6940.95,6955.00,6940.20,6952.55,3012,0
ULTRACEMCO,20220218,12:02,6948.10,6948.10,6938.65,6943.15,1470,0
ULTRACEMCO,20220218,12:03,6943.15,6948.05,6942.05,6946.85,1598,0
ULTRACEMCO,20220218,12:04,6946.85,6950.95,6946.30,6948.85,1247,0
ULTRACEMCO,20220218,12:05,6949.00,6952.75,6945.00,6945.80,1076,0
ULTRACEMCO,20220218,12:06,6945.80,6952.00,6945.10,6951.90,885,0
ULTRACEMCO,20220218,12:07,6951.90,6954.90,6950.85,6952.25,512,0
ULTRACEMCO,20220218,12:08,6950.90,6952.00,6950.00,6951.00,536,0
ULTRACEMCO,20220218,12:09,6951.55,6953.05,6950.00,6953.05,308,0
ULTRACEMCO,20220218,12:10,6950.30,6953.05,6950.00,6950.90,508,0
ULTRACEMCO,20220218,12:11,6950.05,6953.80,6950.00,6953.10,1167,0
ULTRACEMCO,20220218,12:12,6953.05,6953.60,6950.00,6950.90,468,0
ULTRACEMCO,20220218,12:13,6950.95,6953.60,6950.00,6953.50,341,0
ULTRACEMCO,20220218,12:14,6953.60,6953.60,6950.00,6950.50,416,0
ULTRACEMCO,20220218,12:15,6950.60,6950.60,6950.00,6950.05,1390,0
ULTRACEMCO,20220218,12:16,6950.05,6952.55,6950.00,6951.55,751,0
ULTRACEMCO,20220218,12:17,6951.55,6951.55,6950.05,6950.05,387,0
ULTRACEMCO,20220218,12:18,6950.05,6953.60,6950.00,6953.30,510,0
ULTRACEMCO,20220218,12:19,6953.00,6957.00,6952.95,6955.15,810,0
ULTRACEMCO,20220218,12:20,6955.05,6957.00,6954.00,6955.65,379,0
ULTRACEMCO,20220218,12:21,6954.10,6957.90,6954.10,6956.15,492,0
ULTRACEMCO,20220218,12:22,6956.25,6961.90,6955.70,6961.65,914,0
ULTRACEMCO,20220218,12:23,6961.40,6961.40,6955.50,6955.80,659,0
ULTRACEMCO,20220218,12:24,6955.80,6957.85,6955.80,6957.20,278,0
ULTRACEMCO,20220218,12:25,6957.05,6957.25,6956.50,6957.00,219,0
ULTRACEMCO,20220218,12:26,6956.95,6956.95,6955.60,6955.60,255,0
ULTRACEMCO,20220218,12:27,6956.15,6956.30,6951.55,6953.45,499,0
ULTRACEMCO,20220218,12:28,6951.60,6952.95,6950.00,6951.90,846,0
ULTRACEMCO,20220218,12:29,6951.90,6951.90,6950.05,6950.65,330,0
ULTRACEMCO,20220218,12:30,6950.55,6954.80,6950.35,6953.85,603,0
ULTRACEMCO,20220218,12:31,6953.80,6955.45,6951.50,6955.40,728,0
ULTRACEMCO,20220218,12:32,6955.05,6960.85,6955.00,6956.45,1989,0
ULTRACEMCO,20220218,12:33,6957.45,6957.45,6951.40,6952.10,3419,0
ULTRACEMCO,20220218,12:34,6952.05,6952.25,6940.10,6941.90,2807,0
ULTRACEMCO,20220218,12:35,6940.30,6941.90,6940.05,6940.45,835,0
ULTRACEMCO,20220218,12:36,6941.70,6946.50,6941.70,6943.10,694,0
ULTRACEMCO,20220218,12:37,6943.10,6944.95,6943.05,6943.90,302,0
ULTRACEMCO,20220218,12:38,6943.90,6943.90,6940.00,6940.05,620,0
ULTRACEMCO,20220218,12:39,6940.05,6940.50,6940.00,6940.20,485,0
ULTRACEMCO,20220218,12:40,6940.30,6944.65,6940.00,6943.00,508,0
ULTRACEMCO,20220218,12:41,6941.60,6941.60,6940.10,6940.70,361,0
ULTRACEMCO,20220218,12:42,6941.10,6942.95,6941.00,6942.40,577,0
ULTRACEMCO,20220218,12:43,6942.05,6945.50,6942.05,6943.00,486,0
ULTRACEMCO,20220218,12:44,6942.95,6945.00,6942.95,6943.50,571,0
ULTRACEMCO,20220218,12:45,6943.50,6948.00,6943.10,6947.95,415,0
ULTRACEMCO,20220218,12:46,6946.80,6949.85,6943.25,6948.85,544,0
ULTRACEMCO,20220218,12:47,6947.20,6950.90,6947.15,6947.45,708,0
ULTRACEMCO,20220218,12:48,6947.40,6948.95,6947.15,6947.20,363,0
ULTRACEMCO,20220218,12:49,6947.20,6950.00,6947.20,6949.25,541,0
ULTRACEMCO,20220218,12:50,6949.25,6954.25,6948.05,6952.00,1332,0
ULTRACEMCO,20220218,12:51,6950.80,6955.00,6950.80,6951.15,696,0
ULTRACEMCO,20220218,12:52,6951.10,6952.90,6949.00,6949.00,396,0
ULTRACEMCO,20220218,12:53,6948.20,6949.00,6943.20,6943.20,655,0
ULTRACEMCO,20220218,12:54,6943.20,6948.00,6943.00,6943.25,550,0
ULTRACEMCO,20220218,12:55,6943.25,6946.20,6943.20,6944.95,341,0
ULTRACEMCO,20220218,12:56,6944.00,6944.05,6942.00,6943.10,1290,0
ULTRACEMCO,20220218,12:57,6943.00,6943.00,6942.00,6942.05,658,0
ULTRACEMCO,20220218,12:58,6942.05,6945.70,6942.00,6944.15,648,0
ULTRACEMCO,20220218,12:59,6944.15,6946.00,6942.20,6945.00,939,0
ULTRACEMCO,20220218,13:00,6945.00,6946.20,6942.20,6943.00,448,0
ULTRACEMCO,20220218,13:01,6942.95,6944.20,6942.10,6944.00,457,0
ULTRACEMCO,20220218,13:02,6943.95,6945.85,6942.05,6942.05,417,0
ULTRACEMCO,20220218,13:03,6942.05,6943.00,6942.05,6942.05,390,0
ULTRACEMCO,20220218,13:04,6942.05,6942.10,6940.00,6940.05,854,0
ULTRACEMCO,20220218,13:05,6940.05,6941.00,6940.00,6940.70,888,0
ULTRACEMCO,20220218,13:06,6940.65,6943.85,6940.10,6940.30,642,0
ULTRACEMCO,20220218,13:07,6940.40,6943.70,6940.40,6943.40,531,0
ULTRACEMCO,20220218,13:08,6940.95,6943.40,6940.90,6942.65,207,0
ULTRACEMCO,20220218,13:09,6941.55,6943.85,6940.00,6940.70,950,0
ULTRACEMCO,20220218,13:10,6940.00,6943.65,6940.00,6942.95,665,0
ULTRACEMCO,20220218,13:11,6942.95,6948.00,6941.75,6946.75,655,0
ULTRACEMCO,20220218,13:12,6947.90,6949.00,6946.85,6949.00,532,0
ULTRACEMCO,20220218,13:13,6949.00,6949.00,6948.00,6948.75,259,0
ULTRACEMCO,20220218,13:14,6948.75,6949.00,6944.00,6945.50,464,0
ULTRACEMCO,20220218,13:15,6945.05,6945.50,6944.00,6944.05,388,0
ULTRACEMCO,20220218,13:16,6944.05,6945.55,6944.00,6945.40,302,0
ULTRACEMCO,20220218,13:17,6945.40,6947.00,6944.65,6944.70,387,0
ULTRACEMCO,20220218,13:18,6944.65,6944.65,6944.00,6944.40,764,0
ULTRACEMCO,20220218,13:19,6944.40,6947.15,6940.45,6940.45,798,0
ULTRACEMCO,20220218,13:20,6940.75,6944.05,6940.00,6940.55,697,0
ULTRACEMCO,20220218,13:21,6940.55,6945.00,6940.50,6941.40,668,0
ULTRACEMCO,20220218,13:22,6941.35,6944.55,6941.00,6941.50,751,0
ULTRACEMCO,20220218,13:23,6943.75,6943.95,6940.65,6940.70,359,0
ULTRACEMCO,20220218,13:24,6940.65,6943.90,6940.05,6940.05,563,0
ULTRACEMCO,20220218,13:25,6940.10,6942.05,6940.05,6941.00,979,0
ULTRACEMCO,20220218,13:26,6941.60,6941.60,6940.10,6940.10,1060,0
ULTRACEMCO,20220218,13:27,6940.10,6941.00,6939.75,6940.25,1060,0
ULTRACEMCO,20220218,13:28,6940.90,6940.90,6939.05,6939.05,368,0
ULTRACEMCO,20220218,13:29,6939.20,6939.20,6933.05,6934.00,1625,0
ULTRACEMCO,20220218,13:30,6933.95,6935.75,6933.10,6933.80,997,0
ULTRACEMCO,20220218,13:31,6933.80,6938.40,6933.50,6937.90,614,0
ULTRACEMCO,20220218,13:32,6938.00,6938.50,6934.90,6935.10,500,0
ULTRACEMCO,20220218,13:33,6935.10,6938.50,6935.00,6938.50,686,0
ULTRACEMCO,20220218,13:34,6937.75,6939.85,6936.00,6939.85,655,0
ULTRACEMCO,20220218,13:35,6939.85,6944.10,6939.85,6942.85,751,0
ULTRACEMCO,20220218,13:36,6942.80,6945.00,6940.90,6944.50,592,0
ULTRACEMCO,20220218,13:37,6943.15,6944.40,6940.00,6942.30,454,0
ULTRACEMCO,20220218,13:38,6942.30,6942.30,6939.70,6940.00,298,0
ULTRACEMCO,20220218,13:39,6937.80,6939.95,6937.25,6937.40,510,0
ULTRACEMCO,20220218,13:40,6936.40,6939.55,6935.00,6936.20,889,0
ULTRACEMCO,20220218,13:41,6936.55,6943.40,6936.55,6941.95,522,0
ULTRACEMCO,20220218,13:42,6941.95,6941.95,6935.20,6935.20,747,0
ULTRACEMCO,20220218,13:43,6935.10,6937.00,6931.00,6932.85,1098,0
ULTRACEMCO,20220218,13:44,6932.85,6934.95,6931.00,6933.00,657,0
ULTRACEMCO,20220218,13:45,6933.15,6939.95,6933.00,6938.30,1048,0
ULTRACEMCO,20220218,13:46,6937.85,6937.85,6933.00,6933.00,389,0
ULTRACEMCO,20220218,13:47,6933.05,6937.45,6933.00,6937.40,726,0
ULTRACEMCO,20220218,13:48,6937.30,6937.35,6935.50,6936.40,418,0
ULTRACEMCO,20220218,13:49,6936.40,6936.40,6935.50,6935.50,351,0
ULTRACEMCO,20220218,13:50,6935.50,6935.80,6933.75,6933.75,808,0
ULTRACEMCO,20220218,13:51,6933.70,6935.80,6933.65,6933.95,575,0
ULTRACEMCO,20220218,13:52,6933.95,6935.80,6933.95,6934.20,487,0
ULTRACEMCO,20220218,13:53,6935.55,6935.80,6934.05,6934.70,381,0
ULTRACEMCO,20220218,13:54,6934.65,6935.80,6933.90,6935.80,574,0
ULTRACEMCO,20220218,13:55,6934.10,6935.80,6931.10,6932.00,1156,0
ULTRACEMCO,20220218,13:56,6931.95,6935.25,6931.10,6933.95,699,0
ULTRACEMCO,20220218,13:57,6933.95,6934.85,6932.00,6934.85,682,0
ULTRACEMCO,20220218,13:58,6934.85,6939.40,6933.60,6937.60,1214,0
ULTRACEMCO,20220218,13:59,6937.55,6939.60,6935.60,6937.70,526,0
ULTRACEMCO,20220218,14:00,6935.95,6939.00,6935.95,6938.30,459,0
ULTRACEMCO,20220218,14:01,6938.25,6941.50,6937.75,6941.10,751,0
ULTRACEMCO,20220218,14:02,6941.05,6941.50,6940.00,6940.95,415,0
ULTRACEMCO,20220218,14:03,6940.85,6940.85,6936.30,6938.30,767,0
ULTRACEMCO,20220218,14:04,6938.30,6938.35,6935.50,6936.90,335,0
ULTRACEMCO,20220218,14:05,6936.40,6938.15,6935.20,6936.60,603,0
ULTRACEMCO,20220218,14:06,6935.05,6936.50,6932.00,6932.10,478,0
ULTRACEMCO,20220218,14:07,6932.00,6936.70,6932.00,6933.55,896,0
ULTRACEMCO,20220218,14:08,6933.50,6938.00,6932.05,6934.75,816,0
ULTRACEMCO,20220218,14:09,6934.75,6935.85,6933.00,6934.95,590,0
ULTRACEMCO,20220218,14:10,6935.00,6938.85,6933.40,6935.85,399,0
ULTRACEMCO,20220218,14:11,6937.10,6937.10,6934.50,6935.00,308,0
ULTRACEMCO,20220218,14:12,6934.55,6934.95,6933.00,6933.00,492,0
ULTRACEMCO,20220218,14:13,6934.90,6934.90,6931.00,6931.05,1115,0
ULTRACEMCO,20220218,14:14,6931.05,6931.05,6930.00,6930.45,694,0
ULTRACEMCO,20220218,14:15,6929.20,6929.20,6912.25,6912.70,6225,0
ULTRACEMCO,20220218,14:16,6912.75,6917.15,6906.45,6910.65,3646,0
ULTRACEMCO,20220218,14:17,6910.60,6918.00,6910.05,6917.65,1335,0
ULTRACEMCO,20220218,14:18,6917.65,6918.80,6910.15,6913.60,1324,0
ULTRACEMCO,20220218,14:19,6911.40,6913.60,6910.00,6912.00,884,0
ULTRACEMCO,20220218,14:20,6912.00,6912.00,6901.00,6901.00,3314,0
ULTRACEMCO,20220218,14:21,6901.00,6902.80,6900.00,6900.85,4562,0
ULTRACEMCO,20220218,14:22,6902.00,6909.80,6900.25,6907.10,1269,0
ULTRACEMCO,20220218,14:23,6906.95,6910.00,6906.25,6906.70,738,0
ULTRACEMCO,20220218,14:24,6906.65,6908.50,6905.15,6907.05,696,0
ULTRACEMCO,20220218,14:25,6907.00,6907.00,6905.00,6905.25,577,0
ULTRACEMCO,20220218,14:26,6905.25,6905.25,6900.10,6904.85,1468,0
ULTRACEMCO,20220218,14:27,6904.85,6905.00,6901.00,6902.75,765,0
ULTRACEMCO,20220218,14:28,6902.75,6908.00,6902.75,6907.65,719,0
ULTRACEMCO,20220218,14:29,6907.60,6914.70,6907.15,6914.70,855,0
ULTRACEMCO,20220218,14:30,6915.00,6915.05,6910.40,6911.95,596,0
ULTRACEMCO,20220218,14:31,6911.95,6911.95,6911.20,6911.65,481,0
ULTRACEMCO,20220218,14:32,6911.60,6915.00,6908.05,6912.00,1144,0
ULTRACEMCO,20220218,14:33,6912.25,6917.00,6911.95,6916.95,1012,0
ULTRACEMCO,20220218,14:34,6916.95,6924.05,6916.25,6921.00,1355,0
ULTRACEMCO,20220218,14:35,6921.05,6923.95,6921.05,6922.40,1217,0
ULTRACEMCO,20220218,14:36,6922.00,6922.35,6919.25,6920.80,577,0
ULTRACEMCO,20220218,14:37,6920.75,6922.00,6918.00,6920.05,946,0
ULTRACEMCO,20220218,14:38,6920.05,6921.50,6918.00,6920.95,804,0
ULTRACEMCO,20220218,14:39,6920.95,6925.00,6918.05,6925.00,1233,0
ULTRACEMCO,20220218,14:40,6924.90,6924.95,6920.00,6921.45,635,0
ULTRACEMCO,20220218,14:41,6921.40,6921.40,6918.00,6918.55,578,0
ULTRACEMCO,20220218,14:42,6918.40,6918.40,6911.60,6916.00,2164,0
ULTRACEMCO,20220218,14:43,6916.00,6918.15,6915.10,6917.05,1405,0
ULTRACEMCO,20220218,14:44,6917.00,6919.70,6913.25,6919.50,2570,0
ULTRACEMCO,20220218,14:45,6918.30,6919.50,6914.75,6916.90,1001,0
ULTRACEMCO,20220218,14:46,6916.45,6918.95,6913.90,6918.90,1474,0
ULTRACEMCO,20220218,14:47,6918.85,6919.00,6914.35,6918.85,1245,0
ULTRACEMCO,20220218,14:48,6916.90,6918.80,6915.00,6917.45,819,0
ULTRACEMCO,20220218,14:49,6915.65,6924.00,6915.65,6920.80,3423,0
ULTRACEMCO,20220218,14:50,6920.05,6920.80,6919.00,6919.40,1257,0
ULTRACEMCO,20220218,14:51,6919.05,6919.95,6915.00,6918.90,1197,0
ULTRACEMCO,20220218,14:52,6919.75,6920.00,6916.55,6918.80,761,0
ULTRACEMCO,20220218,14:53,6918.45,6918.70,6916.40,6916.85,708,0
ULTRACEMCO,20220218,14:54,6917.10,6920.00,6917.10,6919.95,1251,0
ULTRACEMCO,20220218,14:55,6920.05,6924.80,6918.55,6922.00,3025,0
ULTRACEMCO,20220218,14:56,6922.85,6924.80,6919.70,6919.70,1437,0
ULTRACEMCO,20220218,14:57,6919.65,6919.65,6918.05,6919.00,1326,0
ULTRACEMCO,20220218,14:58,6919.00,6919.95,6918.80,6919.90,799,0
ULTRACEMCO,20220218,14:59,6919.90,6920.00,6918.85,6919.00,764,0
ULTRACEMCO,20220218,15:00,6918.90,6918.95,6918.00,6918.40,635,0
ULTRACEMCO,20220218,15:01,6918.05,6921.00,6916.00,6919.95,6300,0
ULTRACEMCO,20220218,15:02,6919.95,6922.50,6919.05,6921.35,2818,0
ULTRACEMCO,20220218,15:03,6921.30,6924.00,6920.85,6923.90,1118,0
ULTRACEMCO,20220218,15:04,6923.00,6923.00,6920.00,6920.30,1113,0
ULTRACEMCO,20220218,15:05,6920.30,6920.30,6919.50,6920.00,3989,0
ULTRACEMCO,20220218,15:06,6920.00,6920.00,6919.50,6919.55,1244,0
ULTRACEMCO,20220218,15:07,6919.60,6919.60,6915.00,6917.85,1679,0
ULTRACEMCO,20220218,15:08,6917.80,6920.00,6915.00,6916.80,1705,0
ULTRACEMCO,20220218,15:09,6917.10,6917.15,6916.00,6917.00,695,0
ULTRACEMCO,20220218,15:10,6917.00,6917.15,6916.65,6916.80,784,0
ULTRACEMCO,20220218,15:11,6916.85,6918.00,6916.65,6917.85,739,0
ULTRACEMCO,20220218,15:12,6917.75,6919.95,6917.65,6918.10,851,0
ULTRACEMCO,20220218,15:13,6919.90,6920.00,6916.50,6919.00,1585,0
ULTRACEMCO,20220218,15:14,6918.95,6926.35,6918.00,6922.15,2220,0
ULTRACEMCO,20220218,15:15,6922.20,6926.00,6917.00,6918.05,2370,0
ULTRACEMCO,20220218,15:16,6920.00,6920.00,6915.00,6918.10,2073,0
ULTRACEMCO,20220218,15:17,6915.50,6918.00,6915.50,6916.10,1140,0
ULTRACEMCO,20220218,15:18,6916.15,6919.95,6916.15,6919.40,1209,0
ULTRACEMCO,20220218,15:19,6919.70,6919.70,6912.10,6916.00,2702,0
ULTRACEMCO,20220218,15:20,6917.00,6918.00,6913.75,6916.05,1387,0
ULTRACEMCO,20220218,15:21,6916.05,6920.00,6914.00,6914.00,4404,0
ULTRACEMCO,20220218,15:22,6918.00,6919.00,6913.15,6917.35,1572,0
ULTRACEMCO,20220218,15:23,6917.25,6917.25,6915.15,6915.60,759,0
ULTRACEMCO,20220218,15:24,6915.60,6917.00,6915.00,6915.90,925,0
ULTRACEMCO,20220218,15:25,6915.95,6917.00,6912.80,6912.80,2065,0
ULTRACEMCO,20220218,15:26,6912.95,6912.95,6912.00,6912.00,1607,0
ULTRACEMCO,20220218,15:27,6912.85,6912.85,6905.15,6905.45,2234,0
ULTRACEMCO,20220218,15:28,6905.25,6905.25,6903.00,6903.00,1741,0
ULTRACEMCO,20220218,15:29,6905.10,6911.30,6901.05,6905.05,1868,0
ULTRACEMCO,20220218,15:30,6901.05,6905.00,6901.00,6902.00,1725,0
ULTRACEMCO,20220218,15:31,6903.00,6903.00,6903.00,6903.00,46,0
ULTRACEMCO,20220218,15:32,6916.60,6916.60,6916.60,6916.60,0,0
ULTRACEMCO,20220218,15:41,6916.60,6916.60,6916.60,6916.60,9,0
ULTRACEMCO,20220218,16:45,6916.60,6916.60,6916.60,6916.60,0,0
