INDUSINDBK_F1,20221228,09:16,1198.75,1201.05,1198.10,1198.50,17550,9519750
INDUSINDBK_F1,20221228,09:17,1198.75,1202.00,1197.20,1202.00,4050,9519750
INDUSINDBK_F1,20221228,09:18,1204.00,1206.35,1201.70,1204.65,25650,9517050
INDUSINDBK_F1,20221228,09:19,1203.00,1208.05,1203.00,1208.05,15750,9517050
INDUSINDBK_F1,20221228,09:20,1208.70,1208.70,1204.50,1204.50,24750,9517050
INDUSINDBK_F1,20221228,09:21,1204.25,1205.80,1202.00,1202.00,18450,9508500
INDUSINDBK_F1,20221228,09:22,1202.00,1202.00,1198.80,1198.80,22050,9508500
INDUSINDBK_F1,20221228,09:23,1197.55,1198.95,1196.30,1196.30,12150,9508500
INDUSINDBK_F1,20221228,09:24,1197.20,1198.45,1197.10,1198.45,11700,9514800
INDUSINDBK_F1,20221228,09:25,1198.60,1199.15,1198.60,1199.15,7650,9514800
INDUSINDBK_F1,20221228,09:26,1200.95,1202.25,1200.95,1201.05,6300,9514800
INDUSINDBK_F1,20221228,09:27,1198.90,1198.90,1197.70,1198.35,5850,9517050
INDUSINDBK_F1,20221228,09:28,1198.35,1198.95,1196.90,1197.05,7650,9517050
INDUSINDBK_F1,20221228,09:29,1196.70,1196.70,1195.40,1195.40,6750,9517050
INDUSINDBK_F1,20221228,09:30,1195.05,1197.50,1193.05,1197.50,32850,9515250
INDUSINDBK_F1,20221228,09:31,1197.50,1199.20,1197.05,1198.10,51750,9515250
INDUSINDBK_F1,20221228,09:32,1198.25,1200.80,1198.25,1198.40,19350,9515250
INDUSINDBK_F1,20221228,09:33,1198.40,1199.95,1198.40,1199.45,8550,9536850
INDUSINDBK_F1,20221228,09:34,1199.95,1204.00,1199.95,1204.00,13950,9536850
INDUSINDBK_F1,20221228,09:35,1204.00,1205.45,1203.75,1204.05,165600,9536850
INDUSINDBK_F1,20221228,09:36,1204.05,1204.05,1201.10,1201.70,11700,9609750
INDUSINDBK_F1,20221228,09:37,1200.35,1200.35,1199.45,1200.30,23400,9609750
INDUSINDBK_F1,20221228,09:38,1200.50,1200.50,1200.50,1200.50,2700,9609750
INDUSINDBK_F1,20221228,09:39,1200.50,1203.55,1200.50,1203.55,3150,9608850
INDUSINDBK_F1,20221228,09:40,1203.10,1204.60,1201.65,1203.05,220950,9608850
INDUSINDBK_F1,20221228,09:41,1203.05,1204.10,1201.85,1201.85,4500,9608850
INDUSINDBK_F1,20221228,09:42,1200.85,1200.85,1199.90,1200.20,4950,9814050
INDUSINDBK_F1,20221228,09:43,1200.05,1200.05,1199.05,1199.30,9450,9814050
INDUSINDBK_F1,20221228,09:44,1199.00,1200.30,1198.80,1199.40,7650,9814050
INDUSINDBK_F1,20221228,09:45,1199.55,1200.10,1198.35,1200.10,9000,9813600
INDUSINDBK_F1,20221228,09:46,1199.10,1199.10,1197.70,1198.15,7650,9813600
INDUSINDBK_F1,20221228,09:47,1197.50,1197.50,1196.70,1196.70,11700,9813600
INDUSINDBK_F1,20221228,09:48,1195.40,1198.65,1195.00,1198.65,15300,9718200
INDUSINDBK_F1,20221228,09:49,1199.15,1199.15,1197.95,1198.10,4500,9718200
INDUSINDBK_F1,20221228,09:50,1198.50,1198.50,1198.50,1198.50,2700,9718200
INDUSINDBK_F1,20221228,09:51,1198.85,1200.30,1198.55,1200.30,11250,9721350
INDUSINDBK_F1,20221228,09:52,1200.00,1200.00,1200.00,1200.00,3150,9721350
INDUSINDBK_F1,20221228,09:53,1200.00,1200.00,1199.00,1199.00,2700,9721350
INDUSINDBK_F1,20221228,09:54,1198.55,1199.80,1196.75,1199.80,32850,9748800
INDUSINDBK_F1,20221228,09:55,1199.55,1201.25,1199.55,1200.85,8550,9748800
INDUSINDBK_F1,20221228,09:56,1200.70,1201.55,1200.70,1201.30,7650,9748800
INDUSINDBK_F1,20221228,09:57,1201.30,1202.45,1200.70,1200.70,27000,9760050
INDUSINDBK_F1,20221228,09:58,1200.75,1200.75,1200.10,1200.10,3600,9760050
INDUSINDBK_F1,20221228,09:59,1200.05,1200.80,1200.05,1200.80,3600,9760050
INDUSINDBK_F1,20221228,10:00,1201.10,1201.80,1201.10,1201.60,7200,9764100
INDUSINDBK_F1,20221228,10:01,1201.60,1202.00,1201.60,1202.00,5400,9764100
INDUSINDBK_F1,20221228,10:02,1201.75,1202.00,1199.65,1201.75,289350,9764100
INDUSINDBK_F1,20221228,10:03,1201.75,1201.75,1201.75,1201.75,14400,10049400
INDUSINDBK_F1,20221228,10:04,1201.65,1202.15,1200.90,1201.95,9000,10049400
INDUSINDBK_F1,20221228,10:05,1201.95,1201.95,1200.05,1201.15,22950,10049400
INDUSINDBK_F1,20221228,10:06,1201.15,1201.15,1201.15,1201.15,13050,10066500
INDUSINDBK_F1,20221228,10:07,1201.15,1201.95,1201.15,1201.30,7200,10066500
INDUSINDBK_F1,20221228,10:08,1200.95,1203.35,1200.15,1203.35,20250,10066500
INDUSINDBK_F1,20221228,10:09,1204.00,1204.40,1203.25,1203.35,9000,10071900
INDUSINDBK_F1,20221228,10:10,1203.35,1205.40,1202.95,1205.40,19350,10071900
INDUSINDBK_F1,20221228,10:11,1205.40,1206.10,1204.60,1205.50,20700,10071900
INDUSINDBK_F1,20221228,10:12,1205.50,1205.50,1205.20,1205.20,2250,10071900
INDUSINDBK_F1,20221228,10:13,1205.60,1209.00,1205.60,1207.70,64800,10079550
INDUSINDBK_F1,20221228,10:14,1209.50,1211.00,1209.50,1210.10,64350,10079550
INDUSINDBK_F1,20221228,10:15,1210.10,1210.60,1209.45,1210.40,20700,10048950
INDUSINDBK_F1,20221228,10:16,1209.70,1210.00,1207.70,1207.90,34200,10048950
INDUSINDBK_F1,20221228,10:17,1208.40,1209.15,1208.05,1209.15,5850,10048950
INDUSINDBK_F1,20221228,10:18,1209.40,1211.90,1209.40,1211.15,18900,10048950
INDUSINDBK_F1,20221228,10:19,1211.55,1211.55,1210.75,1211.00,11700,10048950
INDUSINDBK_F1,20221228,10:20,1211.00,1211.00,1209.10,1209.20,42300,10048950
INDUSINDBK_F1,20221228,10:21,1209.35,1209.35,1206.85,1206.85,16200,10048950
INDUSINDBK_F1,20221228,10:22,1206.90,1206.90,1203.20,1204.65,27450,10047600
INDUSINDBK_F1,20221228,10:23,1204.10,1206.50,1204.10,1206.50,23400,10047600
INDUSINDBK_F1,20221228,10:24,1206.50,1207.75,1205.75,1207.45,17550,10047600
INDUSINDBK_F1,20221228,10:25,1207.45,1207.45,1206.20,1207.40,24300,10059300
INDUSINDBK_F1,20221228,10:26,1207.40,1209.15,1207.40,1208.00,23850,10059300
INDUSINDBK_F1,20221228,10:27,1208.00,1208.00,1205.25,1205.60,5400,10059300
INDUSINDBK_F1,20221228,10:28,1205.60,1206.20,1205.60,1206.20,3150,10063350
INDUSINDBK_F1,20221228,10:29,1206.20,1206.40,1205.45,1206.25,23850,10063350
INDUSINDBK_F1,20221228,10:30,1206.25,1207.95,1206.25,1207.80,13050,10063350
INDUSINDBK_F1,20221228,10:31,1207.80,1208.65,1207.25,1207.95,40050,10081350
INDUSINDBK_F1,20221228,10:32,1207.95,1209.10,1207.85,1209.10,4500,10081350
INDUSINDBK_F1,20221228,10:33,1208.40,1208.40,1206.25,1206.50,9000,10084050
INDUSINDBK_F1,20221228,10:34,1206.50,1207.45,1206.50,1207.45,5400,10084050
INDUSINDBK_F1,20221228,10:35,1207.45,1208.15,1207.45,1207.80,9000,10084050
INDUSINDBK_F1,20221228,10:36,1208.40,1208.55,1208.00,1208.55,5400,10086300
INDUSINDBK_F1,20221228,10:37,1208.55,1209.80,1208.55,1209.15,27000,10086300
INDUSINDBK_F1,20221228,10:38,1209.15,1209.30,1208.80,1209.05,5400,10086300
INDUSINDBK_F1,20221228,10:39,1209.60,1210.00,1209.00,1209.85,102600,10086300
INDUSINDBK_F1,20221228,10:40,1209.90,1210.25,1209.90,1210.25,1350,10089000
INDUSINDBK_F1,20221228,10:41,1209.85,1209.85,1209.85,1209.85,1350,10089000
INDUSINDBK_F1,20221228,10:42,1210.15,1210.55,1209.55,1210.45,18450,10092600
INDUSINDBK_F1,20221228,10:43,1210.45,1211.25,1210.45,1211.00,22950,10092600
INDUSINDBK_F1,20221228,10:44,1210.85,1210.85,1209.70,1209.70,1350,10092600
INDUSINDBK_F1,20221228,10:45,1209.70,1211.00,1209.70,1210.85,13050,10100250
INDUSINDBK_F1,20221228,10:46,1210.85,1211.60,1210.50,1210.50,18000,10100250
INDUSINDBK_F1,20221228,10:47,1210.60,1210.85,1210.55,1210.85,5850,10100250
INDUSINDBK_F1,20221228,10:48,1210.80,1211.60,1210.80,1211.50,18000,10102500
INDUSINDBK_F1,20221228,10:49,1211.60,1211.60,1210.90,1211.25,8550,10102500
INDUSINDBK_F1,20221228,10:50,1211.25,1211.50,1210.15,1210.45,12150,10102500
INDUSINDBK_F1,20221228,10:51,1210.05,1211.95,1210.05,1211.70,31050,10102500
INDUSINDBK_F1,20221228,10:52,1212.40,1212.80,1211.75,1212.45,163350,10107900
INDUSINDBK_F1,20221228,10:53,1212.45,1213.40,1211.15,1211.60,76950,10107900
INDUSINDBK_F1,20221228,10:54,1211.55,1213.00,1211.55,1212.95,35550,10107900
INDUSINDBK_F1,20221228,10:55,1212.90,1214.10,1212.60,1213.20,61650,10112400
INDUSINDBK_F1,20221228,10:56,1213.20,1213.20,1212.30,1212.85,7200,10112400
INDUSINDBK_F1,20221228,10:57,1212.90,1213.10,1212.90,1213.00,13950,10112400
INDUSINDBK_F1,20221228,10:58,1213.00,1213.25,1211.75,1211.75,12150,10120500
INDUSINDBK_F1,20221228,10:59,1211.95,1213.10,1211.95,1213.10,8550,10120500
INDUSINDBK_F1,20221228,11:00,1213.10,1213.10,1212.60,1212.95,2700,10120500
INDUSINDBK_F1,20221228,11:01,1212.95,1213.45,1212.50,1213.45,54900,10123200
INDUSINDBK_F1,20221228,11:02,1213.45,1213.50,1213.15,1213.50,50400,10123200
INDUSINDBK_F1,20221228,11:03,1213.35,1213.45,1212.80,1212.80,9450,10123200
INDUSINDBK_F1,20221228,11:04,1212.80,1212.85,1212.25,1212.80,12150,10192950
INDUSINDBK_F1,20221228,11:05,1212.80,1213.50,1212.80,1213.35,14850,10192950
INDUSINDBK_F1,20221228,11:06,1213.35,1213.65,1213.00,1213.35,20700,10192950
INDUSINDBK_F1,20221228,11:07,1213.60,1213.90,1213.45,1213.85,9000,10196100
INDUSINDBK_F1,20221228,11:08,1213.85,1214.00,1212.85,1212.85,13050,10196100
INDUSINDBK_F1,20221228,11:09,1212.85,1213.40,1212.10,1213.05,34200,10196100
INDUSINDBK_F1,20221228,11:10,1213.05,1213.60,1211.95,1213.60,40050,10199700
INDUSINDBK_F1,20221228,11:11,1213.30,1213.80,1212.20,1212.80,27900,10199700
INDUSINDBK_F1,20221228,11:12,1212.80,1213.40,1212.65,1213.20,19800,10199700
INDUSINDBK_F1,20221228,11:13,1213.50,1213.85,1213.00,1213.30,11250,10231650
INDUSINDBK_F1,20221228,11:14,1213.30,1214.00,1213.30,1214.00,10800,10231650
INDUSINDBK_F1,20221228,11:15,1214.00,1214.65,1213.85,1214.50,16650,10231650
INDUSINDBK_F1,20221228,11:16,1214.35,1214.60,1214.00,1214.00,9000,10235250
INDUSINDBK_F1,20221228,11:17,1214.00,1214.30,1214.00,1214.05,24300,10235250
INDUSINDBK_F1,20221228,11:18,1214.05,1214.05,1213.10,1213.10,4050,10235250
INDUSINDBK_F1,20221228,11:19,1213.45,1213.50,1212.90,1213.50,31500,10238400
INDUSINDBK_F1,20221228,11:20,1213.50,1215.50,1213.50,1215.20,83700,10238400
INDUSINDBK_F1,20221228,11:21,1215.20,1215.60,1214.10,1214.45,30600,10238400
INDUSINDBK_F1,20221228,11:22,1214.45,1214.85,1214.00,1214.00,9000,10300050
INDUSINDBK_F1,20221228,11:23,1214.00,1214.00,1214.00,1214.00,4500,10300050
INDUSINDBK_F1,20221228,11:24,1214.00,1214.00,1213.50,1213.50,5400,10300050
INDUSINDBK_F1,20221228,11:25,1213.50,1213.50,1213.35,1213.35,5400,10302300
INDUSINDBK_F1,20221228,11:26,1213.70,1213.70,1212.40,1212.85,13050,10302300
INDUSINDBK_F1,20221228,11:27,1212.85,1212.90,1212.25,1212.90,16650,10302300
INDUSINDBK_F1,20221228,11:28,1213.30,1213.35,1212.75,1212.75,11250,10312650
INDUSINDBK_F1,20221228,11:29,1212.75,1213.00,1212.70,1213.00,8100,10312650
INDUSINDBK_F1,20221228,11:30,1213.00,1214.15,1213.00,1214.05,7200,10312650
INDUSINDBK_F1,20221228,11:31,1214.05,1214.05,1213.75,1213.75,12600,10308600
INDUSINDBK_F1,20221228,11:32,1213.75,1213.90,1212.65,1212.65,9900,10308600
INDUSINDBK_F1,20221228,11:33,1212.65,1213.60,1212.65,1213.60,4500,10308600
INDUSINDBK_F1,20221228,11:34,1213.70,1215.30,1213.70,1214.50,18000,10311750
INDUSINDBK_F1,20221228,11:35,1214.50,1215.30,1214.35,1215.30,13050,10311750
INDUSINDBK_F1,20221228,11:36,1215.40,1215.40,1214.25,1214.25,14850,10311750
INDUSINDBK_F1,20221228,11:37,1214.30,1215.05,1214.30,1214.90,7650,10312650
INDUSINDBK_F1,20221228,11:38,1214.90,1215.10,1214.50,1215.00,13500,10312650
INDUSINDBK_F1,20221228,11:39,1215.00,1215.45,1214.45,1215.15,18450,10312650
INDUSINDBK_F1,20221228,11:40,1215.15,1216.30,1215.15,1215.45,15300,10304550
INDUSINDBK_F1,20221228,11:41,1215.55,1216.75,1215.55,1216.60,45900,10304550
INDUSINDBK_F1,20221228,11:42,1216.60,1217.55,1216.15,1216.50,30150,10304550
INDUSINDBK_F1,20221228,11:43,1216.75,1218.00,1216.60,1216.60,19800,10305450
INDUSINDBK_F1,20221228,11:44,1216.60,1217.45,1216.60,1216.85,24300,10305450
INDUSINDBK_F1,20221228,11:45,1216.85,1216.95,1215.70,1216.00,37350,10305450
INDUSINDBK_F1,20221228,11:46,1216.00,1216.15,1215.30,1215.30,26550,10300950
INDUSINDBK_F1,20221228,11:47,1214.50,1215.45,1214.30,1215.45,21150,10300950
INDUSINDBK_F1,20221228,11:48,1215.90,1216.40,1215.85,1215.85,318600,10300950
INDUSINDBK_F1,20221228,11:49,1215.85,1216.50,1215.85,1216.30,3150,10610100
INDUSINDBK_F1,20221228,11:50,1216.30,1216.70,1216.30,1216.70,3600,10610100
INDUSINDBK_F1,20221228,11:51,1216.70,1216.75,1216.35,1216.65,19350,10610100
INDUSINDBK_F1,20221228,11:52,1216.65,1216.85,1216.45,1216.45,11250,10631250
INDUSINDBK_F1,20221228,11:53,1216.45,1216.90,1216.45,1216.90,14850,10631250
INDUSINDBK_F1,20221228,11:54,1216.90,1217.70,1216.90,1217.20,11700,10631250
INDUSINDBK_F1,20221228,11:55,1217.90,1218.00,1217.90,1218.00,27900,10641600
INDUSINDBK_F1,20221228,11:56,1218.00,1218.95,1218.00,1218.55,66150,10641600
INDUSINDBK_F1,20221228,11:57,1218.90,1219.30,1218.35,1218.35,18450,10641600
INDUSINDBK_F1,20221228,11:58,1218.65,1220.20,1218.55,1218.85,20700,10633950
INDUSINDBK_F1,20221228,11:59,1218.85,1220.00,1218.55,1218.55,13950,10633950
INDUSINDBK_F1,20221228,12:00,1219.35,1219.35,1218.80,1218.80,14850,10633950
INDUSINDBK_F1,20221228,12:01,1219.70,1220.45,1219.45,1220.10,18000,10624500
INDUSINDBK_F1,20221228,12:02,1220.10,1220.25,1219.90,1219.95,6300,10624500
INDUSINDBK_F1,20221228,12:03,1219.95,1220.50,1219.95,1220.05,8100,10624500
INDUSINDBK_F1,20221228,12:04,1220.05,1220.35,1219.20,1219.40,16650,10631700
INDUSINDBK_F1,20221228,12:05,1219.90,1220.70,1219.90,1220.00,13950,10631700
INDUSINDBK_F1,20221228,12:06,1220.00,1221.55,1220.00,1220.35,19350,10631700
INDUSINDBK_F1,20221228,12:07,1220.35,1221.60,1220.35,1221.60,13050,10650600
INDUSINDBK_F1,20221228,12:08,1221.50,1222.40,1221.50,1221.75,22500,10650600
INDUSINDBK_F1,20221228,12:09,1221.75,1221.75,1221.25,1221.60,5400,10650600
INDUSINDBK_F1,20221228,12:10,1221.60,1221.95,1221.40,1221.40,5400,10655550
INDUSINDBK_F1,20221228,12:11,1221.40,1221.45,1221.40,1221.45,9450,10655550
INDUSINDBK_F1,20221228,12:12,1221.45,1221.45,1221.05,1221.10,6750,10655550
INDUSINDBK_F1,20221228,12:13,1221.10,1221.10,1220.00,1220.00,218250,10654200
INDUSINDBK_F1,20221228,12:14,1220.50,1220.50,1219.65,1219.65,9000,10654200
INDUSINDBK_F1,20221228,12:15,1219.65,1220.25,1219.65,1220.20,4500,10654200
INDUSINDBK_F1,20221228,12:16,1220.20,1220.25,1219.60,1219.60,11250,10851750
INDUSINDBK_F1,20221228,12:17,1220.00,1221.50,1220.00,1221.50,8550,10851750
INDUSINDBK_F1,20221228,12:18,1221.50,1224.10,1221.50,1223.90,26100,10851750
INDUSINDBK_F1,20221228,12:19,1223.90,1224.85,1223.75,1224.50,14400,10845900
INDUSINDBK_F1,20221228,12:20,1224.90,1225.95,1223.60,1224.00,26550,10845900
INDUSINDBK_F1,20221228,12:21,1223.75,1223.75,1223.25,1223.50,25200,10845900
INDUSINDBK_F1,20221228,12:22,1223.50,1224.10,1223.40,1223.90,21600,10850850
INDUSINDBK_F1,20221228,12:23,1223.90,1224.00,1221.60,1221.60,25650,10850850
INDUSINDBK_F1,20221228,12:24,1221.15,1221.85,1220.95,1221.75,25200,10850850
INDUSINDBK_F1,20221228,12:25,1221.75,1223.00,1221.50,1223.00,18900,10853100
INDUSINDBK_F1,20221228,12:26,1221.95,1223.30,1221.15,1222.20,32850,10853100
INDUSINDBK_F1,20221228,12:27,1222.20,1222.55,1222.15,1222.55,4050,10853100
INDUSINDBK_F1,20221228,12:28,1222.70,1222.70,1221.95,1221.95,5400,10866600
INDUSINDBK_F1,20221228,12:29,1221.05,1221.10,1219.25,1219.65,39150,10866600
INDUSINDBK_F1,20221228,12:30,1219.65,1220.40,1217.80,1218.35,50850,10866600
INDUSINDBK_F1,20221228,12:31,1217.95,1217.95,1217.65,1217.75,6300,10861200
INDUSINDBK_F1,20221228,12:32,1218.05,1219.00,1218.00,1219.00,16200,10861200
INDUSINDBK_F1,20221228,12:33,1219.25,1220.00,1219.25,1219.70,11700,10861200
INDUSINDBK_F1,20221228,12:34,1219.85,1221.30,1219.85,1219.95,24750,10868850
INDUSINDBK_F1,20221228,12:35,1220.10,1221.15,1220.05,1220.15,9450,10868850
INDUSINDBK_F1,20221228,12:36,1220.60,1220.60,1219.70,1219.70,4500,10868850
INDUSINDBK_F1,20221228,12:37,1219.70,1220.00,1219.70,1220.00,14400,10868400
INDUSINDBK_F1,20221228,12:38,1220.00,1221.65,1219.85,1221.65,25650,10868400
INDUSINDBK_F1,20221228,12:39,1221.65,1222.55,1221.65,1222.55,29250,10868400
INDUSINDBK_F1,20221228,12:40,1222.55,1222.90,1220.60,1220.60,23850,10885500
INDUSINDBK_F1,20221228,12:41,1220.80,1220.80,1220.25,1220.35,4950,10885500
INDUSINDBK_F1,20221228,12:42,1220.05,1220.05,1218.85,1219.80,23400,10885500
INDUSINDBK_F1,20221228,12:43,1219.45,1219.95,1219.40,1219.40,4950,10888650
INDUSINDBK_F1,20221228,12:44,1219.15,1219.80,1219.15,1219.80,3150,10888650
INDUSINDBK_F1,20221228,12:45,1219.90,1219.90,1219.15,1219.40,1800,10888650
INDUSINDBK_F1,20221228,12:46,1218.95,1219.40,1218.95,1219.20,4500,10890900
INDUSINDBK_F1,20221228,12:47,1219.00,1219.00,1218.15,1218.15,3150,10890900
INDUSINDBK_F1,20221228,12:48,1218.05,1218.05,1217.45,1217.55,26100,10890900
INDUSINDBK_F1,20221228,12:49,1217.45,1217.50,1215.90,1215.90,10800,10896750
INDUSINDBK_F1,20221228,12:50,1215.85,1217.55,1214.20,1217.55,52650,10896750
INDUSINDBK_F1,20221228,12:51,1217.50,1217.50,1215.55,1215.90,21150,10896750
INDUSINDBK_F1,20221228,12:52,1215.70,1215.70,1214.00,1214.00,23850,10914300
INDUSINDBK_F1,20221228,12:53,1214.05,1214.55,1213.40,1214.55,18450,10914300
INDUSINDBK_F1,20221228,12:54,1214.55,1214.55,1212.30,1212.75,18900,10914300
INDUSINDBK_F1,20221228,12:55,1213.35,1213.45,1213.10,1213.10,19350,10926000
INDUSINDBK_F1,20221228,12:56,1212.85,1213.30,1212.40,1213.30,17100,10926000
INDUSINDBK_F1,20221228,12:57,1213.00,1213.05,1211.60,1211.60,14400,10926000
INDUSINDBK_F1,20221228,12:58,1211.60,1211.85,1210.35,1211.40,27000,10930500
INDUSINDBK_F1,20221228,12:59,1211.45,1211.60,1211.10,1211.35,14850,10930500
INDUSINDBK_F1,20221228,13:00,1211.35,1211.35,1210.00,1210.00,11700,10930500
INDUSINDBK_F1,20221228,13:01,1210.00,1211.20,1210.00,1211.20,14400,10927350
INDUSINDBK_F1,20221228,13:02,1211.65,1212.25,1211.20,1211.85,11700,10927350
INDUSINDBK_F1,20221228,13:03,1211.85,1211.85,1210.80,1211.30,17100,10927350
INDUSINDBK_F1,20221228,13:04,1211.30,1211.90,1211.00,1211.15,19800,10930500
INDUSINDBK_F1,20221228,13:05,1211.15,1212.15,1211.15,1211.30,12150,10930500
INDUSINDBK_F1,20221228,13:06,1211.30,1211.50,1211.30,1211.45,5850,10930500
INDUSINDBK_F1,20221228,13:07,1211.45,1211.95,1211.45,1211.90,6300,10933650
INDUSINDBK_F1,20221228,13:08,1212.05,1212.25,1210.55,1211.75,17550,10933650
INDUSINDBK_F1,20221228,13:09,1211.75,1212.25,1210.60,1210.95,7650,10933650
INDUSINDBK_F1,20221228,13:10,1210.95,1210.95,1209.60,1210.25,9450,10931400
INDUSINDBK_F1,20221228,13:11,1210.25,1210.25,1208.75,1209.25,12150,10931400
INDUSINDBK_F1,20221228,13:12,1209.25,1209.75,1209.25,1209.55,5850,10931400
INDUSINDBK_F1,20221228,13:13,1209.55,1211.50,1209.55,1211.15,22050,10926900
INDUSINDBK_F1,20221228,13:14,1211.35,1212.40,1210.00,1210.00,31500,10926900
INDUSINDBK_F1,20221228,13:15,1210.00,1210.00,1209.20,1209.20,8100,10926900
INDUSINDBK_F1,20221228,13:16,1209.20,1209.20,1209.00,1209.20,16650,10932750
INDUSINDBK_F1,20221228,13:17,1209.20,1211.20,1209.20,1210.50,10800,10932750
INDUSINDBK_F1,20221228,13:18,1209.75,1210.40,1209.70,1210.25,7650,10932750
INDUSINDBK_F1,20221228,13:19,1209.80,1209.90,1208.10,1208.10,16200,10952550
INDUSINDBK_F1,20221228,13:20,1208.10,1208.20,1206.50,1206.85,38250,10952550
INDUSINDBK_F1,20221228,13:21,1206.55,1207.80,1206.55,1207.80,2700,10952550
INDUSINDBK_F1,20221228,13:22,1207.85,1208.80,1207.75,1208.40,4950,10946700
INDUSINDBK_F1,20221228,13:23,1208.55,1209.65,1208.55,1208.80,7650,10946700
INDUSINDBK_F1,20221228,13:24,1209.10,1209.40,1208.05,1209.40,13500,10946700
INDUSINDBK_F1,20221228,13:25,1208.75,1209.35,1208.75,1209.35,1800,10943550
INDUSINDBK_F1,20221228,13:26,1209.35,1210.00,1209.35,1210.00,1350,10943550
INDUSINDBK_F1,20221228,13:27,1209.35,1209.40,1208.55,1208.90,11700,10943550
INDUSINDBK_F1,20221228,13:28,1208.90,1209.65,1208.90,1209.05,4950,10940850
INDUSINDBK_F1,20221228,13:29,1209.30,1210.15,1209.30,1210.15,7650,10940850
INDUSINDBK_F1,20221228,13:30,1210.00,1210.00,1210.00,1210.00,2700,10940850
INDUSINDBK_F1,20221228,13:31,1210.00,1211.30,1210.00,1211.05,5400,10944000
INDUSINDBK_F1,20221228,13:32,1211.50,1211.55,1210.95,1210.95,10800,10944000
INDUSINDBK_F1,20221228,13:33,1211.90,1212.75,1211.70,1212.75,4500,10944000
INDUSINDBK_F1,20221228,13:34,1212.95,1213.10,1211.55,1212.45,27450,10948950
INDUSINDBK_F1,20221228,13:35,1212.50,1212.50,1211.55,1211.55,1800,10948950
INDUSINDBK_F1,20221228,13:36,1211.70,1211.90,1211.70,1211.90,2700,10948950
INDUSINDBK_F1,20221228,13:37,1212.30,1212.65,1211.90,1211.90,9000,10966950
INDUSINDBK_F1,20221228,13:38,1211.90,1212.45,1211.90,1211.95,1350,10966950
INDUSINDBK_F1,20221228,13:39,1212.55,1212.60,1212.55,1212.60,1800,10966950
INDUSINDBK_F1,20221228,13:40,1211.80,1212.10,1211.80,1212.10,10800,10965600
INDUSINDBK_F1,20221228,13:41,1211.60,1211.60,1210.10,1210.50,13050,10965600
INDUSINDBK_F1,20221228,13:42,1211.10,1212.05,1211.00,1211.00,6750,10965600
INDUSINDBK_F1,20221228,13:43,1210.75,1210.95,1210.75,1210.85,73350,10982250
INDUSINDBK_F1,20221228,13:44,1210.85,1210.85,1209.40,1209.40,19350,10982250
INDUSINDBK_F1,20221228,13:45,1209.15,1209.40,1208.90,1209.35,4950,10982250
INDUSINDBK_F1,20221228,13:46,1209.70,1209.70,1209.70,1209.70,1350,10985400
INDUSINDBK_F1,20221228,13:47,1210.65,1210.75,1210.00,1210.75,25650,10985400
INDUSINDBK_F1,20221228,13:48,1210.75,1211.75,1210.75,1211.75,3150,10985400
INDUSINDBK_F1,20221228,13:49,1212.10,1212.10,1212.00,1212.00,1800,10984950
INDUSINDBK_F1,20221228,13:50,1212.00,1213.15,1212.00,1213.15,1800,10984950
INDUSINDBK_F1,20221228,13:51,1212.75,1212.75,1211.40,1211.90,24300,10984950
INDUSINDBK_F1,20221228,13:52,1212.00,1212.20,1212.00,1212.00,3600,10981350
INDUSINDBK_F1,20221228,13:53,1211.65,1211.65,1211.65,1211.65,450,10981350
INDUSINDBK_F1,20221228,13:54,1212.05,1212.05,1210.00,1211.00,75150,10981350
INDUSINDBK_F1,20221228,13:55,1211.00,1211.65,1210.30,1210.75,42750,10976400
INDUSINDBK_F1,20221228,13:56,1211.55,1211.60,1211.15,1211.60,23850,10976400
INDUSINDBK_F1,20221228,13:57,1212.15,1212.90,1212.15,1212.90,13950,10976400
INDUSINDBK_F1,20221228,13:58,1212.90,1212.90,1212.20,1212.20,31500,10995750
INDUSINDBK_F1,20221228,13:59,1212.15,1212.45,1212.00,1212.00,1800,10995750
INDUSINDBK_F1,20221228,14:00,1211.75,1212.00,1211.55,1211.55,17100,10995750
INDUSINDBK_F1,20221228,14:01,1211.55,1211.55,1211.55,1211.55,1350,11011050
INDUSINDBK_F1,20221228,14:03,1211.50,1211.50,1211.50,1211.50,450,11011050
INDUSINDBK_F1,20221228,14:04,1211.50,1212.45,1211.50,1212.45,2700,11013300
INDUSINDBK_F1,20221228,14:05,1212.80,1213.30,1212.80,1213.30,44550,11013300
INDUSINDBK_F1,20221228,14:06,1213.50,1215.80,1213.50,1215.05,10350,11013300
INDUSINDBK_F1,20221228,14:07,1215.05,1216.70,1215.05,1216.70,2700,11056500
INDUSINDBK_F1,20221228,14:08,1217.00,1217.00,1216.50,1216.65,1800,11056500
INDUSINDBK_F1,20221228,14:09,1216.65,1218.00,1216.65,1218.00,6750,11056500
INDUSINDBK_F1,20221228,14:10,1218.00,1218.70,1218.00,1218.35,13050,11057400
INDUSINDBK_F1,20221228,14:11,1218.75,1218.85,1217.50,1217.50,5850,11057400
INDUSINDBK_F1,20221228,14:12,1218.10,1218.35,1217.15,1217.15,22050,11057400
INDUSINDBK_F1,20221228,14:13,1217.50,1217.50,1217.15,1217.15,2250,11056500
INDUSINDBK_F1,20221228,14:14,1216.60,1217.00,1216.00,1216.00,5850,11056500
INDUSINDBK_F1,20221228,14:15,1216.60,1216.60,1215.70,1215.70,4050,11056500
INDUSINDBK_F1,20221228,14:16,1215.70,1215.70,1215.65,1215.65,900,11057850
INDUSINDBK_F1,20221228,14:17,1215.30,1215.30,1215.30,1215.30,53100,11057850
INDUSINDBK_F1,20221228,14:18,1215.30,1216.00,1215.30,1216.00,56700,11057850
INDUSINDBK_F1,20221228,14:19,1217.45,1217.45,1216.25,1216.25,36000,11194650
INDUSINDBK_F1,20221228,14:20,1216.25,1217.25,1216.25,1216.70,81000,11194650
INDUSINDBK_F1,20221228,14:21,1216.30,1216.30,1215.60,1215.60,6300,11194650
INDUSINDBK_F1,20221228,14:22,1215.60,1216.30,1215.25,1216.30,1800,11269800
INDUSINDBK_F1,20221228,14:23,1216.25,1216.25,1215.95,1215.95,9450,11269800
INDUSINDBK_F1,20221228,14:24,1215.05,1215.80,1214.85,1215.80,3150,11269800
INDUSINDBK_F1,20221228,14:25,1215.80,1215.80,1215.55,1215.65,166050,11376450
INDUSINDBK_F1,20221228,14:26,1216.15,1216.90,1216.15,1216.90,9900,11376450
INDUSINDBK_F1,20221228,14:27,1216.90,1217.20,1216.90,1216.90,87750,11376450
INDUSINDBK_F1,20221228,14:28,1216.90,1217.70,1216.90,1217.05,3150,11527650
INDUSINDBK_F1,20221228,14:30,1216.35,1217.50,1216.35,1217.50,4050,11527650
INDUSINDBK_F1,20221228,14:31,1217.50,1217.50,1217.35,1217.35,7650,11531700
INDUSINDBK_F1,20221228,14:32,1217.35,1217.35,1217.35,1217.35,450,11531700
INDUSINDBK_F1,20221228,14:33,1217.15,1217.40,1216.05,1216.05,4050,11531700
INDUSINDBK_F1,20221228,14:34,1215.90,1216.50,1215.90,1216.50,2250,11530800
INDUSINDBK_F1,20221228,14:35,1216.50,1216.65,1215.90,1216.15,73350,11530800
INDUSINDBK_F1,20221228,14:36,1216.15,1216.15,1215.75,1215.75,13050,11530800
INDUSINDBK_F1,20221228,14:37,1215.40,1215.40,1215.10,1215.10,4500,11530800
INDUSINDBK_F1,20221228,14:38,1215.50,1215.80,1215.50,1215.80,2250,11601900
INDUSINDBK_F1,20221228,14:39,1216.40,1216.45,1216.15,1216.45,1800,11601900
INDUSINDBK_F1,20221228,14:40,1216.45,1217.20,1216.45,1216.70,27900,11601900
INDUSINDBK_F1,20221228,14:42,1216.70,1217.25,1215.70,1217.25,38700,11155050
INDUSINDBK_F1,20221228,14:43,1217.25,1217.25,1217.25,1217.25,1350,11155050
INDUSINDBK_F1,20221228,14:44,1217.50,1218.20,1217.50,1218.20,8550,11189700
INDUSINDBK_F1,20221228,14:45,1218.20,1218.55,1216.70,1216.70,12600,11189700
INDUSINDBK_F1,20221228,14:46,1216.70,1218.40,1216.70,1218.00,6300,11148750
INDUSINDBK_F1,20221228,14:47,1217.95,1217.95,1217.30,1217.30,4050,11148750
INDUSINDBK_F1,20221228,14:48,1217.50,1218.35,1217.50,1218.35,2250,11148750
INDUSINDBK_F1,20221228,14:49,1218.35,1218.35,1217.90,1217.90,6750,11153250
INDUSINDBK_F1,20221228,14:50,1218.10,1218.10,1218.10,1218.10,2700,11153250
INDUSINDBK_F1,20221228,14:51,1217.90,1218.00,1217.35,1217.35,19350,11153250
INDUSINDBK_F1,20221228,14:52,1217.45,1217.45,1216.65,1216.65,12600,11175300
INDUSINDBK_F1,20221228,14:53,1216.70,1217.30,1215.70,1215.70,3600,11175300
INDUSINDBK_F1,20221228,14:54,1215.70,1215.70,1213.20,1213.90,14850,11175300
INDUSINDBK_F1,20221228,14:55,1213.60,1213.60,1210.40,1211.25,10350,11168550
INDUSINDBK_F1,20221228,14:56,1210.65,1211.60,1210.65,1211.00,4950,11168550
INDUSINDBK_F1,20221228,14:57,1210.95,1211.25,1210.95,1211.25,4050,11168550
INDUSINDBK_F1,20221228,14:58,1211.00,1211.00,1210.00,1210.95,13500,11168550
INDUSINDBK_F1,20221228,14:59,1210.40,1211.40,1210.15,1210.90,9900,11164050
INDUSINDBK_F1,20221228,15:00,1210.90,1213.15,1210.75,1212.55,10350,11164050
INDUSINDBK_F1,20221228,15:01,1212.50,1214.40,1212.50,1214.40,4050,11161800
INDUSINDBK_F1,20221228,15:02,1214.65,1214.65,1213.10,1213.85,4500,11161800
INDUSINDBK_F1,20221228,15:03,1214.15,1215.15,1214.15,1214.45,9000,11161800
INDUSINDBK_F1,20221228,15:04,1214.90,1215.80,1214.60,1214.60,7650,11160450
INDUSINDBK_F1,20221228,15:05,1214.80,1215.35,1214.80,1215.05,4950,11160450
INDUSINDBK_F1,20221228,15:06,1214.95,1214.95,1214.00,1214.75,33750,11160450
INDUSINDBK_F1,20221228,15:07,1214.75,1215.00,1214.75,1214.75,26100,11197800
INDUSINDBK_F1,20221228,15:08,1214.75,1215.40,1214.05,1214.05,9450,11197800
INDUSINDBK_F1,20221228,15:09,1214.05,1215.70,1214.05,1215.55,15750,11197800
INDUSINDBK_F1,20221228,15:10,1215.70,1216.00,1214.90,1215.35,12150,11215800
INDUSINDBK_F1,20221228,15:11,1215.95,1215.95,1214.95,1214.95,12150,11215800
INDUSINDBK_F1,20221228,15:12,1215.10,1215.10,1214.00,1214.00,5850,11215800
INDUSINDBK_F1,20221228,15:13,1214.05,1214.05,1212.20,1212.20,7200,11222100
INDUSINDBK_F1,20221228,15:14,1212.05,1213.00,1212.00,1212.60,28350,11222100
INDUSINDBK_F1,20221228,15:15,1212.60,1212.95,1212.55,1212.95,46350,11222100
INDUSINDBK_F1,20221228,15:16,1213.40,1213.40,1212.55,1212.95,50400,11319300
INDUSINDBK_F1,20221228,15:17,1212.95,1213.20,1212.25,1212.25,55350,11319300
INDUSINDBK_F1,20221228,15:18,1212.35,1212.40,1211.30,1211.30,46800,11319300
INDUSINDBK_F1,20221228,15:19,1211.30,1211.60,1211.20,1211.50,10350,11379600
INDUSINDBK_F1,20221228,15:20,1211.30,1211.40,1210.45,1210.85,17100,11379600
INDUSINDBK_F1,20221228,15:21,1210.75,1211.35,1210.20,1210.95,16650,11379600
INDUSINDBK_F1,20221228,15:22,1210.90,1211.05,1210.60,1210.80,6750,11373750
INDUSINDBK_F1,20221228,15:23,1210.80,1211.00,1210.25,1210.35,35550,11373750
INDUSINDBK_F1,20221228,15:24,1210.15,1210.40,1209.35,1210.40,10350,11373750
INDUSINDBK_F1,20221228,15:25,1210.15,1211.00,1209.95,1210.30,9900,11397600
INDUSINDBK_F1,20221228,15:26,1210.65,1210.90,1209.90,1210.50,9900,11397600
INDUSINDBK_F1,20221228,15:27,1210.45,1210.70,1210.15,1210.45,4950,11397600
INDUSINDBK_F1,20221228,15:28,1210.25,1210.75,1210.25,1210.55,132750,11397600
INDUSINDBK_F1,20221228,15:29,1210.70,1210.75,1210.70,1210.75,125100,11398050
INDUSINDBK_F1,20221228,15:30,1211.70,1211.70,1211.10,1211.10,104850,11398050
INDUSINDBK_F1,20221228,18:36,1211.95,1211.95,1211.95,1211.95,1,3997800
