TATAPOWER_F1,20221228,09:16,206.80,207.55,206.70,207.55,77625,58330124
TATAPOWER_F1,20221228,09:17,207.65,207.70,207.40,207.50,108000,58330124
TATAPOWER_F1,20221228,09:18,207.70,207.80,207.10,207.10,84375,58306500
TATAPOWER_F1,20221228,09:19,207.00,207.00,206.85,206.85,27000,58306500
TATAPOWER_F1,20221228,09:20,207.15,207.40,207.15,207.20,124875,58306500
TATAPOWER_F1,20221228,09:21,207.65,207.65,207.35,207.50,118125,58272752
TATAPOWER_F1,20221228,09:22,207.50,207.50,207.25,207.45,50625,58272752
TATAPOWER_F1,20221228,09:23,207.40,207.60,207.25,207.25,81000,58272752
TATAPOWER_F1,20221228,09:24,207.25,207.95,207.25,207.90,195750,58282876
TATAPOWER_F1,20221228,09:25,208.00,208.25,207.85,208.25,165375,58282876
TATAPOWER_F1,20221228,09:26,208.20,208.65,208.15,208.15,114750,58282876
TATAPOWER_F1,20221228,09:27,208.25,208.55,208.20,208.55,67500,58313248
TATAPOWER_F1,20221228,09:28,208.50,208.70,208.40,208.65,226125,58313248
TATAPOWER_F1,20221228,09:29,208.65,208.90,208.65,208.75,185625,58313248
TATAPOWER_F1,20221228,09:30,208.70,208.70,208.30,208.55,104625,58390876
TATAPOWER_F1,20221228,09:31,208.55,208.75,208.55,208.65,84375,58390876
TATAPOWER_F1,20221228,09:32,208.60,208.60,208.20,208.35,94500,58390876
TATAPOWER_F1,20221228,09:33,208.20,208.45,208.20,208.40,114750,58390876
TATAPOWER_F1,20221228,09:34,208.50,208.85,208.40,208.75,216000,58370624
TATAPOWER_F1,20221228,09:35,208.85,209.00,208.60,208.70,158625,58370624
TATAPOWER_F1,20221228,09:36,208.70,208.80,208.65,208.65,77625,58340248
TATAPOWER_F1,20221228,09:37,208.65,208.70,208.60,208.65,67500,58340248
TATAPOWER_F1,20221228,09:38,208.85,209.05,208.85,209.00,84375,58340248
TATAPOWER_F1,20221228,09:39,209.10,209.10,209.00,209.10,37125,58313248
TATAPOWER_F1,20221228,09:40,209.10,209.30,209.10,209.25,101250,58313248
TATAPOWER_F1,20221228,09:41,209.25,209.50,209.25,209.50,138375,58313248
TATAPOWER_F1,20221228,09:42,209.40,209.40,209.15,209.15,54000,58286248
TATAPOWER_F1,20221228,09:43,209.15,209.20,208.95,209.10,77625,58286248
TATAPOWER_F1,20221228,09:44,209.05,209.25,208.95,209.00,317250,58286248
TATAPOWER_F1,20221228,09:45,209.00,209.15,208.95,209.15,1562625,58286248
TATAPOWER_F1,20221228,09:46,209.15,209.20,208.95,209.05,2723625,58286248
TATAPOWER_F1,20221228,09:47,209.05,209.05,208.80,208.85,1731375,58286248
TATAPOWER_F1,20221228,09:48,208.85,208.95,208.85,208.90,357750,58299752
TATAPOWER_F1,20221228,09:49,209.00,209.00,208.85,208.95,37125,58299752
TATAPOWER_F1,20221228,09:50,208.90,208.90,208.80,208.80,1518750,58299752
TATAPOWER_F1,20221228,09:51,208.80,208.85,208.70,208.80,850500,58303124
TATAPOWER_F1,20221228,09:52,208.90,209.00,208.90,208.90,40500,58303124
TATAPOWER_F1,20221228,09:53,208.85,209.05,208.85,209.00,50625,58303124
TATAPOWER_F1,20221228,09:54,209.10,209.35,209.10,209.25,91125,58259248
TATAPOWER_F1,20221228,09:55,209.40,209.50,209.35,209.50,74250,58259248
TATAPOWER_F1,20221228,09:56,209.50,209.65,209.25,209.40,104625,58259248
TATAPOWER_F1,20221228,09:57,209.30,209.30,209.10,209.10,87750,58232248
TATAPOWER_F1,20221228,09:58,209.10,209.40,209.10,209.40,57375,58232248
TATAPOWER_F1,20221228,09:59,209.40,209.40,209.30,209.30,37125,58232248
TATAPOWER_F1,20221228,10:00,209.30,209.50,209.30,209.50,354375,58232248
TATAPOWER_F1,20221228,10:01,209.45,209.55,209.30,209.30,239625,58299752
TATAPOWER_F1,20221228,10:02,209.30,209.40,209.25,209.40,459000,58299752
TATAPOWER_F1,20221228,10:03,209.40,209.40,209.40,209.40,10125,58299752
TATAPOWER_F1,20221228,10:04,209.50,209.75,209.45,209.60,121500,58370624
TATAPOWER_F1,20221228,10:05,209.75,209.80,209.55,209.75,111375,58370624
TATAPOWER_F1,20221228,10:06,209.70,209.85,209.70,209.75,87750,58397624
TATAPOWER_F1,20221228,10:07,209.75,209.75,209.45,209.45,50625,58397624
TATAPOWER_F1,20221228,10:08,209.50,209.65,209.45,209.55,64125,58397624
TATAPOWER_F1,20221228,10:09,209.60,209.60,209.60,209.60,33750,58397624
TATAPOWER_F1,20221228,10:10,209.60,209.60,209.60,209.60,20250,58431376
TATAPOWER_F1,20221228,10:11,209.60,209.60,209.60,209.60,84375,58431376
TATAPOWER_F1,20221228,10:12,209.60,209.70,209.50,209.65,54000,58448248
TATAPOWER_F1,20221228,10:13,209.80,209.80,209.70,209.70,67500,58448248
TATAPOWER_F1,20221228,10:14,209.65,210.00,209.65,209.75,178875,58448248
TATAPOWER_F1,20221228,10:15,209.60,209.75,209.60,209.70,54000,58428000
TATAPOWER_F1,20221228,10:16,209.85,209.85,209.75,209.75,47250,58428000
TATAPOWER_F1,20221228,10:17,209.70,209.80,209.65,209.80,97875,58428000
TATAPOWER_F1,20221228,10:18,209.80,209.80,209.80,209.80,70875,58428000
TATAPOWER_F1,20221228,10:19,209.80,209.80,209.70,209.75,60750,58532624
TATAPOWER_F1,20221228,10:20,209.85,209.85,209.75,209.75,91125,58532624
TATAPOWER_F1,20221228,10:21,209.70,209.75,209.55,209.55,101250,58532624
TATAPOWER_F1,20221228,10:22,209.50,209.50,209.10,209.20,70875,58600124
TATAPOWER_F1,20221228,10:23,209.15,209.15,208.90,208.90,141750,58600124
TATAPOWER_F1,20221228,10:24,208.90,209.00,208.80,208.90,141750,58600124
TATAPOWER_F1,20221228,10:25,209.00,209.05,208.90,209.00,259875,58590000
TATAPOWER_F1,20221228,10:26,209.00,209.20,208.95,209.05,70875,58590000
TATAPOWER_F1,20221228,10:27,209.05,209.05,208.75,208.75,77625,58590000
TATAPOWER_F1,20221228,10:28,208.70,208.75,208.55,208.70,131625,58731752
TATAPOWER_F1,20221228,10:29,208.70,208.95,208.70,208.95,91125,58731752
TATAPOWER_F1,20221228,10:30,208.95,209.05,208.90,209.05,43875,58731752
TATAPOWER_F1,20221228,10:31,209.15,209.20,209.10,209.10,54000,58741876
TATAPOWER_F1,20221228,10:32,209.10,209.40,209.10,209.25,57375,58741876
TATAPOWER_F1,20221228,10:33,209.30,209.30,209.10,209.10,47250,58741876
TATAPOWER_F1,20221228,10:34,209.10,209.20,209.10,209.20,16875,58775624
TATAPOWER_F1,20221228,10:35,209.20,209.20,209.10,209.10,64125,58775624
TATAPOWER_F1,20221228,10:36,209.05,209.05,209.00,209.00,43875,58775624
TATAPOWER_F1,20221228,10:37,209.00,209.00,209.00,209.00,47250,58822876
TATAPOWER_F1,20221228,10:38,208.90,209.00,208.90,209.00,128250,58822876
TATAPOWER_F1,20221228,10:39,209.00,209.10,209.00,209.10,20250,58822876
TATAPOWER_F1,20221228,10:40,209.10,209.30,209.10,209.30,1377000,58860000
TATAPOWER_F1,20221228,10:41,209.30,209.30,209.25,209.25,742500,58860000
TATAPOWER_F1,20221228,10:42,209.25,209.45,209.25,209.45,135000,58860000
TATAPOWER_F1,20221228,10:43,209.40,209.50,209.40,209.50,43875,58947752
TATAPOWER_F1,20221228,10:44,209.50,209.50,209.40,209.40,37125,58947752
TATAPOWER_F1,20221228,10:45,209.40,209.55,209.35,209.45,50625,58974752
TATAPOWER_F1,20221228,10:46,209.50,209.65,209.45,209.55,94500,58974752
TATAPOWER_F1,20221228,10:47,209.50,209.60,209.50,209.60,54000,58974752
TATAPOWER_F1,20221228,10:48,209.65,209.65,209.55,209.65,37125,58974752
TATAPOWER_F1,20221228,10:49,209.70,209.70,209.55,209.65,77625,59008500
TATAPOWER_F1,20221228,10:50,209.65,209.65,209.50,209.55,91125,59008500
TATAPOWER_F1,20221228,10:51,209.55,209.55,209.50,209.50,47250,59008500
TATAPOWER_F1,20221228,10:52,209.50,209.65,209.50,209.50,43875,59059124
TATAPOWER_F1,20221228,10:53,209.50,209.55,209.45,209.45,60750,59059124
TATAPOWER_F1,20221228,10:54,209.50,209.50,209.30,209.40,60750,59059124
TATAPOWER_F1,20221228,10:55,209.40,209.45,209.25,209.45,1096875,59123248
TATAPOWER_F1,20221228,10:56,209.45,209.50,209.45,209.45,81000,59123248
TATAPOWER_F1,20221228,10:57,209.40,209.50,209.35,209.35,47250,59123248
TATAPOWER_F1,20221228,10:58,209.40,209.40,209.10,209.10,37125,60004124
TATAPOWER_F1,20221228,10:59,209.15,209.25,209.15,209.15,54000,60004124
TATAPOWER_F1,20221228,11:00,209.15,209.25,209.10,209.20,84375,60004124
TATAPOWER_F1,20221228,11:01,209.20,209.20,209.15,209.15,30375,60058124
TATAPOWER_F1,20221228,11:02,209.25,209.25,209.10,209.25,50625,60058124
TATAPOWER_F1,20221228,11:03,209.10,209.15,209.10,209.10,43875,60058124
TATAPOWER_F1,20221228,11:04,208.95,208.95,208.90,208.90,33750,60105376
TATAPOWER_F1,20221228,11:05,208.90,208.90,208.85,208.90,135000,60105376
TATAPOWER_F1,20221228,11:06,208.90,209.05,208.90,209.00,101250,60105376
TATAPOWER_F1,20221228,11:07,209.10,209.10,209.10,209.10,20250,60284248
TATAPOWER_F1,20221228,11:08,209.10,209.10,209.00,209.00,64125,60284248
TATAPOWER_F1,20221228,11:09,209.20,209.20,209.10,209.10,43875,60284248
TATAPOWER_F1,20221228,11:10,209.10,209.20,209.10,209.10,84375,60307876
TATAPOWER_F1,20221228,11:11,209.25,209.35,209.25,209.35,60750,60307876
TATAPOWER_F1,20221228,11:12,209.35,209.40,209.35,209.35,57375,60307876
TATAPOWER_F1,20221228,11:13,209.35,209.35,209.35,209.35,40500,60338248
TATAPOWER_F1,20221228,11:14,209.35,209.40,209.35,209.35,37125,60338248
TATAPOWER_F1,20221228,11:15,209.35,209.55,209.35,209.45,54000,60338248
TATAPOWER_F1,20221228,11:16,209.45,209.55,209.45,209.55,33750,60358500
TATAPOWER_F1,20221228,11:17,209.55,209.55,209.40,209.50,70875,60358500
TATAPOWER_F1,20221228,11:18,209.40,209.40,209.35,209.35,67500,60358500
TATAPOWER_F1,20221228,11:19,209.25,209.25,209.25,209.25,16875,60429376
TATAPOWER_F1,20221228,11:20,209.35,209.35,209.30,209.30,23625,60429376
TATAPOWER_F1,20221228,11:21,209.30,209.30,209.25,209.25,37125,60429376
TATAPOWER_F1,20221228,11:22,209.25,209.25,209.15,209.15,16875,60456376
TATAPOWER_F1,20221228,11:23,209.15,209.15,209.15,209.15,47250,60456376
TATAPOWER_F1,20221228,11:24,209.15,209.15,209.05,209.05,43875,60456376
TATAPOWER_F1,20221228,11:25,209.05,209.05,208.95,208.95,121500,60493500
TATAPOWER_F1,20221228,11:26,208.95,209.00,208.85,208.85,101250,60493500
TATAPOWER_F1,20221228,11:27,208.90,208.90,208.85,208.85,40500,60493500
TATAPOWER_F1,20221228,11:28,208.95,208.95,208.90,208.90,23625,60247124
TATAPOWER_F1,20221228,11:29,208.90,208.95,208.90,208.90,57375,60247124
TATAPOWER_F1,20221228,11:30,208.95,208.95,208.95,208.95,10125,60247124
TATAPOWER_F1,20221228,11:31,208.95,208.95,208.95,208.95,23625,60233624
TATAPOWER_F1,20221228,11:32,208.95,208.95,208.80,208.85,64125,60233624
TATAPOWER_F1,20221228,11:33,208.85,208.95,208.85,208.85,74250,60233624
TATAPOWER_F1,20221228,11:34,208.85,208.90,208.80,208.90,108000,60284248
TATAPOWER_F1,20221228,11:35,208.85,208.90,208.70,208.90,70875,60284248
TATAPOWER_F1,20221228,11:36,208.95,208.95,208.90,208.95,94500,60284248
TATAPOWER_F1,20221228,11:37,208.90,209.00,208.90,209.00,54000,60321376
TATAPOWER_F1,20221228,11:38,209.00,209.00,208.90,208.90,43875,60321376
TATAPOWER_F1,20221228,11:39,208.90,208.95,208.80,208.80,47250,60321376
TATAPOWER_F1,20221228,11:40,208.80,209.00,208.80,208.90,64125,60355124
TATAPOWER_F1,20221228,11:41,208.90,208.95,208.90,208.95,54000,60355124
TATAPOWER_F1,20221228,11:42,208.90,208.90,208.90,208.90,16875,60355124
TATAPOWER_F1,20221228,11:43,208.90,209.00,208.85,209.00,40500,60378752
TATAPOWER_F1,20221228,11:44,209.00,209.00,209.00,209.00,10125,60378752
TATAPOWER_F1,20221228,11:45,209.00,209.00,208.75,208.75,27000,60378752
TATAPOWER_F1,20221228,11:46,208.70,208.75,208.65,208.75,101250,60388876
TATAPOWER_F1,20221228,11:47,208.75,208.80,208.75,208.75,158625,60388876
TATAPOWER_F1,20221228,11:48,208.75,208.80,208.75,208.80,23625,60388876
TATAPOWER_F1,20221228,11:49,208.80,208.85,208.80,208.85,94500,60503624
TATAPOWER_F1,20221228,11:50,208.85,209.10,208.85,209.05,168750,60503624
TATAPOWER_F1,20221228,11:51,209.00,209.00,208.95,208.95,33750,60503624
TATAPOWER_F1,20221228,11:52,208.95,208.95,208.95,208.95,50625,60486752
TATAPOWER_F1,20221228,11:53,208.95,209.05,208.90,208.90,47250,60486752
TATAPOWER_F1,20221228,11:54,208.90,209.05,208.90,209.05,290250,60486752
TATAPOWER_F1,20221228,11:55,209.05,209.05,209.05,209.05,121500,60523876
TATAPOWER_F1,20221228,11:56,209.10,209.15,209.05,209.05,43875,60523876
TATAPOWER_F1,20221228,11:57,209.05,209.10,209.05,209.10,30375,60523876
TATAPOWER_F1,20221228,11:58,209.10,209.30,209.10,209.25,101250,60554248
TATAPOWER_F1,20221228,11:59,209.25,209.25,209.10,209.10,37125,60554248
TATAPOWER_F1,20221228,12:00,209.10,209.10,209.10,209.10,3375,60554248
TATAPOWER_F1,20221228,12:01,209.10,209.20,209.10,209.15,27000,60645376
TATAPOWER_F1,20221228,12:02,209.15,209.30,209.15,209.30,74250,60645376
TATAPOWER_F1,20221228,12:03,209.30,209.30,209.20,209.20,118125,60645376
TATAPOWER_F1,20221228,12:04,209.20,209.30,209.15,209.15,168750,60709500
TATAPOWER_F1,20221228,12:05,209.30,209.30,209.20,209.20,40500,60709500
TATAPOWER_F1,20221228,12:06,209.20,209.25,209.20,209.20,168750,60709500
TATAPOWER_F1,20221228,12:07,209.20,209.20,209.15,209.15,37125,60739876
TATAPOWER_F1,20221228,12:08,209.15,209.15,209.10,209.15,47250,60739876
TATAPOWER_F1,20221228,12:09,209.15,209.15,209.05,209.05,54000,60739876
TATAPOWER_F1,20221228,12:10,209.05,209.05,209.00,209.00,20250,60739876
TATAPOWER_F1,20221228,12:11,209.00,209.00,209.00,209.00,13500,60739876
TATAPOWER_F1,20221228,12:12,209.00,209.00,209.00,209.00,20250,60739876
TATAPOWER_F1,20221228,12:13,209.00,209.00,208.85,208.85,27000,60773624
TATAPOWER_F1,20221228,12:14,208.85,208.90,208.85,208.85,43875,60773624
TATAPOWER_F1,20221228,12:15,208.85,208.95,208.80,208.80,57375,60773624
TATAPOWER_F1,20221228,12:16,208.80,208.80,208.80,208.80,70875,60804000
TATAPOWER_F1,20221228,12:17,208.80,208.80,208.70,208.80,70875,60804000
TATAPOWER_F1,20221228,12:18,208.80,208.80,208.75,208.75,30375,60804000
TATAPOWER_F1,20221228,12:19,208.75,208.80,208.70,208.70,23625,60820876
TATAPOWER_F1,20221228,12:20,208.70,208.80,208.65,208.70,70875,60820876
TATAPOWER_F1,20221228,12:21,208.75,208.75,208.75,208.75,212625,60820876
TATAPOWER_F1,20221228,12:22,208.70,208.70,208.65,208.70,33750,61050376
TATAPOWER_F1,20221228,12:23,208.70,208.70,208.60,208.60,27000,61050376
TATAPOWER_F1,20221228,12:24,208.65,208.65,208.50,208.60,47250,61050376
TATAPOWER_F1,20221228,12:25,208.50,208.60,208.50,208.55,50625,61057124
TATAPOWER_F1,20221228,12:26,208.55,208.75,208.55,208.75,378000,61057124
TATAPOWER_F1,20221228,12:27,208.75,208.85,208.75,208.75,219375,61057124
TATAPOWER_F1,20221228,12:28,208.75,208.80,208.70,208.80,23625,61074000
TATAPOWER_F1,20221228,12:29,208.70,208.70,208.60,208.60,50625,61074000
TATAPOWER_F1,20221228,12:30,208.60,208.60,208.35,208.35,33750,61074000
TATAPOWER_F1,20221228,12:31,208.40,208.50,208.40,208.50,27000,61114500
TATAPOWER_F1,20221228,12:32,208.50,208.50,208.50,208.50,30375,61114500
TATAPOWER_F1,20221228,12:33,208.50,208.55,208.50,208.55,54000,61114500
TATAPOWER_F1,20221228,12:34,208.70,208.70,208.50,208.50,74250,61141500
TATAPOWER_F1,20221228,12:35,208.60,208.60,208.60,208.60,13500,61141500
TATAPOWER_F1,20221228,12:36,208.80,208.85,208.80,208.85,50625,61141500
TATAPOWER_F1,20221228,12:37,208.90,208.90,208.65,208.65,27000,61202248
TATAPOWER_F1,20221228,12:38,208.60,208.60,208.45,208.45,50625,61202248
TATAPOWER_F1,20221228,12:39,208.45,208.70,208.45,208.70,47250,61202248
TATAPOWER_F1,20221228,12:40,208.70,208.75,208.60,208.75,23625,61155000
TATAPOWER_F1,20221228,12:41,208.80,208.80,208.80,208.80,20250,61155000
TATAPOWER_F1,20221228,12:42,208.80,208.80,208.60,208.60,57375,61155000
TATAPOWER_F1,20221228,12:43,208.60,208.60,208.50,208.60,16875,61192124
TATAPOWER_F1,20221228,12:44,208.60,208.65,208.60,208.65,27000,61192124
TATAPOWER_F1,20221228,12:45,208.65,208.65,208.65,208.65,16875,61192124
TATAPOWER_F1,20221228,12:46,208.65,208.65,208.65,208.65,20250,61215752
TATAPOWER_F1,20221228,12:47,208.65,208.65,208.60,208.60,54000,61215752
TATAPOWER_F1,20221228,12:48,208.65,208.70,208.65,208.70,23625,61215752
TATAPOWER_F1,20221228,12:49,208.70,208.70,208.60,208.70,30375,61246124
TATAPOWER_F1,20221228,12:50,208.65,208.70,208.55,208.70,40500,61246124
TATAPOWER_F1,20221228,12:51,208.75,208.75,208.60,208.75,50625,61246124
TATAPOWER_F1,20221228,12:52,208.65,208.65,208.60,208.60,30375,61283248
TATAPOWER_F1,20221228,12:53,208.60,208.60,208.50,208.55,33750,61283248
TATAPOWER_F1,20221228,12:54,208.55,208.65,208.50,208.55,43875,61283248
TATAPOWER_F1,20221228,12:55,208.60,208.60,208.50,208.50,27000,61300124
TATAPOWER_F1,20221228,12:56,208.50,208.60,208.50,208.50,40500,61300124
TATAPOWER_F1,20221228,12:57,208.50,208.55,208.40,208.40,30375,61300124
TATAPOWER_F1,20221228,12:58,208.35,208.35,208.25,208.30,60750,61333876
TATAPOWER_F1,20221228,12:59,208.30,208.50,208.30,208.45,33750,61333876
TATAPOWER_F1,20221228,13:00,208.50,208.55,208.30,208.30,74250,61333876
TATAPOWER_F1,20221228,13:01,208.30,208.60,208.30,208.60,33750,61367624
TATAPOWER_F1,20221228,13:02,208.60,208.65,208.60,208.65,54000,61367624
TATAPOWER_F1,20221228,13:03,208.55,208.55,208.35,208.35,33750,61367624
TATAPOWER_F1,20221228,13:04,208.50,208.50,208.30,208.30,77625,61374376
TATAPOWER_F1,20221228,13:05,208.50,208.50,208.45,208.50,16875,61374376
TATAPOWER_F1,20221228,13:06,208.50,208.50,208.50,208.50,23625,61374376
TATAPOWER_F1,20221228,13:07,208.50,208.65,208.50,208.60,70875,61414876
TATAPOWER_F1,20221228,13:08,208.60,208.60,208.55,208.55,60750,61414876
TATAPOWER_F1,20221228,13:09,208.55,208.55,208.55,208.55,16875,61414876
TATAPOWER_F1,20221228,13:10,208.60,208.60,208.35,208.45,23625,61425000
TATAPOWER_F1,20221228,13:11,208.40,208.50,208.40,208.45,124875,61425000
TATAPOWER_F1,20221228,13:12,208.45,208.45,208.45,208.45,101250,61425000
TATAPOWER_F1,20221228,13:13,208.45,208.70,208.45,208.60,33750,61452000
TATAPOWER_F1,20221228,13:14,208.70,208.90,208.70,208.75,118125,61452000
TATAPOWER_F1,20221228,13:15,208.75,208.80,208.40,208.40,57375,61452000
TATAPOWER_F1,20221228,13:16,208.40,208.55,208.40,208.55,13500,61492500
TATAPOWER_F1,20221228,13:17,208.55,208.55,208.55,208.55,23625,61492500
TATAPOWER_F1,20221228,13:18,208.50,208.50,208.40,208.40,27000,61492500
TATAPOWER_F1,20221228,13:19,208.35,208.40,208.30,208.30,30375,61522876
TATAPOWER_F1,20221228,13:20,208.25,208.35,208.25,208.35,43875,61522876
TATAPOWER_F1,20221228,13:21,208.30,208.35,208.25,208.30,27000,61522876
TATAPOWER_F1,20221228,13:22,208.30,208.40,208.30,208.30,20250,61560000
TATAPOWER_F1,20221228,13:23,208.25,208.30,208.25,208.30,20250,61560000
TATAPOWER_F1,20221228,13:24,208.40,208.45,208.40,208.45,50625,61560000
TATAPOWER_F1,20221228,13:25,208.30,208.40,208.30,208.30,40500,61573500
TATAPOWER_F1,20221228,13:26,208.30,208.40,208.30,208.40,16875,61573500
TATAPOWER_F1,20221228,13:27,208.40,208.40,208.15,208.15,60750,61573500
TATAPOWER_F1,20221228,13:28,208.10,208.20,208.10,208.20,23625,61624124
TATAPOWER_F1,20221228,13:29,208.10,208.25,208.10,208.20,64125,61624124
TATAPOWER_F1,20221228,13:30,208.15,208.20,208.10,208.10,40500,61624124
TATAPOWER_F1,20221228,13:31,208.10,208.20,208.10,208.15,20250,61614000
TATAPOWER_F1,20221228,13:32,208.10,208.15,208.10,208.15,37125,61614000
TATAPOWER_F1,20221228,13:33,208.15,208.15,208.10,208.10,13500,61614000
TATAPOWER_F1,20221228,13:34,208.20,208.30,208.15,208.30,64125,61644376
TATAPOWER_F1,20221228,13:35,208.25,208.30,208.10,208.10,16875,61644376
TATAPOWER_F1,20221228,13:36,208.10,208.25,208.10,208.15,70875,61644376
TATAPOWER_F1,20221228,13:37,208.20,208.20,208.00,208.00,87750,61651124
TATAPOWER_F1,20221228,13:38,208.00,208.05,208.00,208.00,57375,61651124
TATAPOWER_F1,20221228,13:39,208.00,208.15,208.00,208.10,87750,61651124
TATAPOWER_F1,20221228,13:40,208.10,208.15,208.05,208.05,20250,61671376
TATAPOWER_F1,20221228,13:41,208.05,208.05,207.90,208.00,54000,61671376
TATAPOWER_F1,20221228,13:42,208.05,208.10,208.00,208.00,33750,61671376
TATAPOWER_F1,20221228,13:43,208.00,208.00,208.00,208.00,20250,61684876
TATAPOWER_F1,20221228,13:44,208.00,208.00,208.00,208.00,47250,61684876
TATAPOWER_F1,20221228,13:45,207.90,207.90,207.90,207.90,40500,61684876
TATAPOWER_F1,20221228,13:46,207.90,207.90,207.85,207.90,27000,61718624
TATAPOWER_F1,20221228,13:47,207.90,208.05,207.90,208.05,70875,61718624
TATAPOWER_F1,20221228,13:48,208.05,208.10,208.05,208.10,40500,61718624
TATAPOWER_F1,20221228,13:49,208.10,208.40,208.05,208.40,108000,61725376
TATAPOWER_F1,20221228,13:50,208.35,208.35,208.30,208.30,13500,61725376
TATAPOWER_F1,20221228,13:51,208.30,208.45,208.30,208.40,54000,61725376
TATAPOWER_F1,20221228,13:52,208.40,208.40,208.40,208.40,47250,61735500
TATAPOWER_F1,20221228,13:53,208.40,208.60,208.40,208.60,64125,61735500
TATAPOWER_F1,20221228,13:54,208.60,208.60,208.55,208.55,33750,61735500
TATAPOWER_F1,20221228,13:55,208.60,208.60,208.45,208.55,47250,61813124
TATAPOWER_F1,20221228,13:56,208.55,208.55,208.45,208.45,185625,61813124
TATAPOWER_F1,20221228,13:57,208.45,208.60,208.45,208.55,111375,61813124
TATAPOWER_F1,20221228,13:58,208.55,208.55,208.50,208.50,30375,61863752
TATAPOWER_F1,20221228,13:59,208.40,208.40,208.35,208.35,54000,61863752
TATAPOWER_F1,20221228,14:00,208.35,208.35,208.35,208.35,13500,61863752
TATAPOWER_F1,20221228,14:01,208.35,208.40,208.30,208.30,27000,61921124
TATAPOWER_F1,20221228,14:02,208.40,208.50,208.40,208.50,33750,61921124
TATAPOWER_F1,20221228,14:03,208.50,208.55,208.45,208.45,47250,61921124
TATAPOWER_F1,20221228,14:04,208.45,208.55,208.45,208.55,27000,61951500
TATAPOWER_F1,20221228,14:05,208.55,208.65,208.55,208.55,30375,61951500
TATAPOWER_F1,20221228,14:06,208.55,208.65,208.50,208.65,27000,61951500
TATAPOWER_F1,20221228,14:07,208.65,208.80,208.60,208.75,60750,61971752
TATAPOWER_F1,20221228,14:08,208.75,208.80,208.65,208.70,84375,61971752
TATAPOWER_F1,20221228,14:09,208.75,208.95,208.75,208.95,37125,61971752
TATAPOWER_F1,20221228,14:10,208.95,208.95,208.85,208.85,27000,61971752
TATAPOWER_F1,20221228,14:11,208.85,208.90,208.85,208.85,40500,61998752
TATAPOWER_F1,20221228,14:12,208.85,208.90,208.85,208.90,40500,61998752
TATAPOWER_F1,20221228,14:13,208.90,208.90,208.75,208.75,81000,62029124
TATAPOWER_F1,20221228,14:14,208.65,208.75,208.65,208.75,43875,62029124
TATAPOWER_F1,20221228,14:15,208.75,208.85,208.75,208.75,50625,62029124
TATAPOWER_F1,20221228,14:16,208.75,208.75,208.75,208.75,20250,62049376
TATAPOWER_F1,20221228,14:17,208.75,208.75,208.70,208.70,23625,62049376
TATAPOWER_F1,20221228,14:18,208.80,208.80,208.75,208.75,23625,62049376
TATAPOWER_F1,20221228,14:19,208.75,208.85,208.70,208.70,77625,62073000
TATAPOWER_F1,20221228,14:20,208.75,208.80,208.70,208.70,43875,62073000
TATAPOWER_F1,20221228,14:21,208.70,208.70,208.55,208.60,94500,62073000
TATAPOWER_F1,20221228,14:22,208.55,208.70,208.55,208.65,27000,62170876
TATAPOWER_F1,20221228,14:23,208.60,208.60,208.50,208.55,47250,62170876
TATAPOWER_F1,20221228,14:24,208.55,208.55,208.55,208.55,37125,62170876
TATAPOWER_F1,20221228,14:25,208.55,208.55,208.55,208.55,20250,62191124
TATAPOWER_F1,20221228,14:26,208.65,208.75,208.65,208.65,33750,62191124
TATAPOWER_F1,20221228,14:27,208.65,208.65,208.60,208.60,43875,62191124
TATAPOWER_F1,20221228,14:28,208.60,208.65,208.60,208.60,23625,62191124
TATAPOWER_F1,20221228,14:29,208.60,208.75,208.60,208.70,33750,62191124
TATAPOWER_F1,20221228,14:30,208.70,208.70,208.70,208.70,6750,62191124
TATAPOWER_F1,20221228,14:31,208.70,208.70,208.65,208.65,23625,62211376
TATAPOWER_F1,20221228,14:32,208.65,208.80,208.65,208.70,30375,62211376
TATAPOWER_F1,20221228,14:33,208.70,208.70,208.65,208.65,50625,62211376
TATAPOWER_F1,20221228,14:34,208.65,208.65,208.65,208.65,33750,62211376
TATAPOWER_F1,20221228,14:35,208.60,208.60,208.50,208.50,50625,62228248
TATAPOWER_F1,20221228,14:36,208.60,208.65,208.60,208.65,37125,62228248
TATAPOWER_F1,20221228,14:37,208.65,208.65,208.65,208.65,10125,62248500
TATAPOWER_F1,20221228,14:38,208.60,208.85,208.55,208.75,64125,62248500
TATAPOWER_F1,20221228,14:39,208.75,208.75,208.65,208.65,111375,62248500
TATAPOWER_F1,20221228,14:40,208.60,208.60,208.55,208.55,172125,61192124
TATAPOWER_F1,20221228,14:41,208.50,208.60,208.50,208.50,37125,61192124
TATAPOWER_F1,20221228,14:42,208.50,208.65,208.50,208.65,70875,61192124
TATAPOWER_F1,20221228,14:43,208.65,208.65,208.60,208.65,23625,61144876
TATAPOWER_F1,20221228,14:44,208.65,208.70,208.60,208.60,50625,61144876
TATAPOWER_F1,20221228,14:45,208.65,208.65,208.55,208.55,40500,61144876
TATAPOWER_F1,20221228,14:46,208.55,208.60,208.55,208.60,6750,61084124
TATAPOWER_F1,20221228,14:47,208.60,208.60,208.55,208.55,43875,61084124
TATAPOWER_F1,20221228,14:48,208.50,208.50,208.45,208.45,20250,61084124
TATAPOWER_F1,20221228,14:49,208.45,208.55,208.40,208.50,74250,61107752
TATAPOWER_F1,20221228,14:50,208.50,208.55,208.45,208.55,50625,61107752
TATAPOWER_F1,20221228,14:51,208.55,208.60,208.55,208.60,23625,61107752
TATAPOWER_F1,20221228,14:52,208.55,208.55,208.50,208.55,57375,61128000
TATAPOWER_F1,20221228,14:53,208.55,208.60,208.45,208.45,57375,61128000
TATAPOWER_F1,20221228,14:54,208.40,208.40,208.30,208.30,64125,61128000
TATAPOWER_F1,20221228,14:55,208.30,208.30,208.05,208.15,489375,61539752
TATAPOWER_F1,20221228,14:56,208.05,208.10,208.00,208.10,54000,61539752
TATAPOWER_F1,20221228,14:57,208.10,208.10,208.10,208.10,6750,61539752
TATAPOWER_F1,20221228,14:58,208.05,208.05,207.70,207.75,121500,61539752
TATAPOWER_F1,20221228,14:59,207.75,207.90,207.75,207.80,67500,61533000
TATAPOWER_F1,20221228,15:00,207.80,208.10,207.80,208.10,67500,61533000
TATAPOWER_F1,20221228,15:01,208.10,208.35,208.10,208.35,371250,61533000
TATAPOWER_F1,20221228,15:02,208.40,208.40,208.35,208.40,47250,61624124
TATAPOWER_F1,20221228,15:03,208.35,208.40,208.35,208.40,114750,61624124
TATAPOWER_F1,20221228,15:04,208.35,208.40,208.35,208.40,30375,61624124
TATAPOWER_F1,20221228,15:05,208.45,208.45,208.35,208.35,60750,61725376
TATAPOWER_F1,20221228,15:06,208.35,208.35,208.15,208.25,47250,61725376
TATAPOWER_F1,20221228,15:07,208.20,208.20,208.20,208.20,57375,61738876
TATAPOWER_F1,20221228,15:08,208.30,208.30,208.25,208.25,195750,61738876
TATAPOWER_F1,20221228,15:09,208.50,208.50,208.40,208.40,415125,61738876
TATAPOWER_F1,20221228,15:10,208.40,208.40,208.35,208.35,23625,61738876
TATAPOWER_F1,20221228,15:11,208.25,208.40,208.25,208.25,192375,61762500
TATAPOWER_F1,20221228,15:12,208.25,208.25,208.20,208.20,50625,61762500
TATAPOWER_F1,20221228,15:13,208.05,208.05,208.05,208.05,118125,61762500
TATAPOWER_F1,20221228,15:14,208.00,208.00,208.00,208.00,13500,61745624
TATAPOWER_F1,20221228,15:15,208.10,208.10,208.10,208.10,84375,61745624
TATAPOWER_F1,20221228,15:16,208.20,208.25,208.20,208.25,67500,61776000
TATAPOWER_F1,20221228,15:17,208.20,208.20,208.20,208.20,47250,61776000
TATAPOWER_F1,20221228,15:18,208.25,208.25,208.05,208.05,135000,61776000
TATAPOWER_F1,20221228,15:19,208.15,208.15,208.05,208.10,675000,62046000
TATAPOWER_F1,20221228,15:20,208.05,208.10,208.05,208.05,23625,62046000
TATAPOWER_F1,20221228,15:21,208.10,208.10,207.95,207.95,145125,62046000
TATAPOWER_F1,20221228,15:22,207.90,207.90,207.80,207.80,70875,61948124
TATAPOWER_F1,20221228,15:23,207.80,207.90,207.80,207.90,57375,61948124
TATAPOWER_F1,20221228,15:24,207.90,207.90,207.75,207.75,60750,61948124
TATAPOWER_F1,20221228,15:25,207.70,207.80,207.70,207.80,64125,61924500
TATAPOWER_F1,20221228,15:26,207.75,207.75,207.75,207.75,101250,61924500
TATAPOWER_F1,20221228,15:27,207.85,207.85,207.75,207.80,50625,61924500
TATAPOWER_F1,20221228,15:28,207.80,207.90,207.80,207.90,60750,61921124
TATAPOWER_F1,20221228,15:29,207.85,207.85,207.80,207.80,67500,61921124
TATAPOWER_F1,20221228,15:30,207.90,207.95,207.70,207.70,91125,61921124
TATAPOWER_F1,20221228,15:31,207.75,207.75,207.75,207.75,6750,61921124
TATAPOWER_F1,20221228,18:37,208.15,208.15,208.15,208.15,1,27570376
