UPL_F1,20191118,09:16,531.85,532.80,530.75,531.30,29700,15872400
UPL_F1,20191118,09:17,532.25,532.60,531.15,532.00,27000,15872400
UPL_F1,20191118,09:18,532.10,532.10,531.20,531.20,40500,15895800
UPL_F1,20191118,09:19,530.30,530.95,530.05,530.15,36900,15895800
UPL_F1,20191118,09:20,530.15,532.00,529.10,530.40,46800,15895800
UPL_F1,20191118,09:21,530.15,532.05,530.15,531.40,23400,15914700
UPL_F1,20191118,09:22,531.70,534.50,531.70,534.00,38700,15914700
UPL_F1,20191118,09:23,534.50,535.45,534.35,534.85,31500,15914700
UPL_F1,20191118,09:24,534.90,535.00,534.30,534.70,13500,15939000
UPL_F1,20191118,09:25,535.00,535.80,534.65,535.80,23400,15939000
UPL_F1,20191118,09:26,535.50,535.50,535.00,535.00,31500,15939000
UPL_F1,20191118,09:27,535.05,535.35,535.00,535.25,19800,15940800
UPL_F1,20191118,09:28,535.20,535.20,534.50,534.75,7200,15940800
UPL_F1,20191118,09:29,534.25,535.20,534.25,535.20,9900,15940800
UPL_F1,20191118,09:30,535.25,535.25,534.85,534.85,6300,15936300
UPL_F1,20191118,09:31,534.95,534.95,534.50,534.50,13500,15936300
UPL_F1,20191118,09:32,534.95,535.40,534.95,535.20,14400,15936300
UPL_F1,20191118,09:33,535.50,537.85,535.25,536.45,75600,15948000
UPL_F1,20191118,09:34,536.95,537.15,536.35,536.75,21600,15948000
UPL_F1,20191118,09:35,536.85,537.40,535.00,535.00,40500,15948000
UPL_F1,20191118,09:36,536.05,536.05,534.65,535.35,71100,15964200
UPL_F1,20191118,09:37,535.25,535.25,534.85,535.00,8100,15964200
UPL_F1,20191118,09:38,534.75,537.00,534.75,537.00,25200,15964200
UPL_F1,20191118,09:39,536.70,536.70,535.35,535.35,18000,15993900
UPL_F1,20191118,09:40,535.65,535.65,535.10,535.10,7200,15993900
UPL_F1,20191118,09:41,535.45,535.50,535.45,535.45,6300,15993900
UPL_F1,20191118,09:42,535.25,535.25,534.85,534.85,13500,16010100
UPL_F1,20191118,09:43,534.60,534.80,534.50,534.50,11700,16010100
UPL_F1,20191118,09:44,534.65,535.35,534.60,535.35,6300,16010100
UPL_F1,20191118,09:45,535.60,537.20,535.60,536.85,23400,16018200
UPL_F1,20191118,09:46,536.85,538.60,536.85,538.25,77400,16018200
UPL_F1,20191118,09:47,538.60,539.50,538.55,538.95,81000,16018200
UPL_F1,20191118,09:48,538.85,539.35,538.65,539.00,35100,16063200
UPL_F1,20191118,09:49,539.05,539.75,539.00,539.75,22500,16063200
UPL_F1,20191118,09:50,539.50,540.00,539.05,539.15,27900,16063200
UPL_F1,20191118,09:51,539.30,541.75,539.30,540.95,108900,16063200
UPL_F1,20191118,09:52,540.95,541.65,540.15,541.20,53100,16063200
UPL_F1,20191118,09:53,541.30,542.00,541.15,541.25,36000,16063200
UPL_F1,20191118,09:54,541.00,541.15,540.20,541.00,55800,16079400
UPL_F1,20191118,09:55,541.00,541.00,539.15,540.80,46800,16079400
UPL_F1,20191118,09:56,540.80,540.85,540.00,540.85,33300,16079400
UPL_F1,20191118,09:57,541.15,541.35,540.80,541.35,26100,16102800
UPL_F1,20191118,09:58,541.15,541.80,541.15,541.80,21600,16102800
UPL_F1,20191118,09:59,541.80,542.20,541.50,542.20,59400,16102800
UPL_F1,20191118,10:00,542.35,542.45,541.55,542.00,41400,16116300
UPL_F1,20191118,10:01,541.85,541.85,541.00,541.60,16200,16116300
UPL_F1,20191118,10:02,540.80,541.90,540.80,541.35,18900,16116300
UPL_F1,20191118,10:03,541.10,541.10,540.10,540.10,23400,16102800
UPL_F1,20191118,10:04,540.10,540.40,539.70,540.00,19800,16102800
UPL_F1,20191118,10:05,539.90,540.00,538.55,539.20,55800,16102800
UPL_F1,20191118,10:06,538.95,540.50,538.95,539.90,22500,16084800
UPL_F1,20191118,10:07,539.85,540.30,539.10,539.45,21600,16084800
UPL_F1,20191118,10:08,539.50,540.20,539.50,539.80,14400,16084800
UPL_F1,20191118,10:09,539.50,539.50,538.30,538.55,24300,16071300
UPL_F1,20191118,10:10,538.20,538.40,537.20,537.70,45000,16071300
UPL_F1,20191118,10:11,537.25,538.45,537.20,538.45,22500,16071300
UPL_F1,20191118,10:12,538.05,538.55,538.00,538.55,7200,16051500
UPL_F1,20191118,10:13,538.50,538.85,538.50,538.85,4500,16051500
UPL_F1,20191118,10:14,538.65,538.80,538.00,538.20,15300,16051500
UPL_F1,20191118,10:15,537.90,538.95,537.90,538.95,11700,16058700
UPL_F1,20191118,10:16,538.50,539.25,538.50,538.70,10800,16058700
UPL_F1,20191118,10:17,538.75,539.00,538.70,539.00,5400,16058700
UPL_F1,20191118,10:18,538.80,538.90,538.30,538.30,5400,16057800
UPL_F1,20191118,10:19,538.30,538.45,538.20,538.45,8100,16057800
UPL_F1,20191118,10:20,538.20,538.20,538.05,538.20,5400,16057800
UPL_F1,20191118,10:21,538.30,538.45,538.30,538.45,6300,16061400
UPL_F1,20191118,10:22,538.30,538.35,537.30,537.30,15300,16061400
UPL_F1,20191118,10:23,537.30,537.95,537.20,537.25,13500,16061400
UPL_F1,20191118,10:24,537.15,537.50,537.15,537.50,2700,16065000
UPL_F1,20191118,10:25,537.25,537.30,537.25,537.30,2700,16065000
UPL_F1,20191118,10:26,537.15,537.15,537.15,537.15,900,16065000
UPL_F1,20191118,10:27,537.35,537.35,537.20,537.20,1800,16066800
UPL_F1,20191118,10:28,537.25,537.25,537.00,537.10,8100,16066800
UPL_F1,20191118,10:29,536.80,537.25,536.55,537.25,6300,16066800
UPL_F1,20191118,10:30,537.00,537.00,536.55,537.00,8100,16066800
UPL_F1,20191118,10:31,536.75,537.35,536.75,537.35,9000,16058700
UPL_F1,20191118,10:32,537.35,538.20,537.35,537.45,7200,16058700
UPL_F1,20191118,10:33,537.50,537.50,537.50,537.50,900,16064100
UPL_F1,20191118,10:34,537.00,537.35,537.00,537.35,6300,16064100
UPL_F1,20191118,10:35,537.35,537.35,537.25,537.25,1800,16064100
UPL_F1,20191118,10:36,537.30,537.55,537.30,537.55,1800,16064100
UPL_F1,20191118,10:38,537.50,537.50,537.40,537.40,2700,16047900
UPL_F1,20191118,10:40,536.65,536.75,536.65,536.70,6300,16050600
UPL_F1,20191118,10:41,536.15,536.20,535.35,535.35,39600,16050600
UPL_F1,20191118,10:42,535.40,536.45,535.40,535.85,17100,16045200
UPL_F1,20191118,10:43,536.25,536.25,536.05,536.05,3600,16045200
UPL_F1,20191118,10:44,536.35,536.90,536.35,536.90,9900,16045200
UPL_F1,20191118,10:45,536.70,536.75,536.65,536.75,5400,16052400
UPL_F1,20191118,10:46,536.55,537.00,536.55,537.00,7200,16052400
UPL_F1,20191118,10:47,536.90,537.80,536.90,537.70,8100,16052400
UPL_F1,20191118,10:48,537.75,537.75,537.75,537.75,1800,16058700
UPL_F1,20191118,10:49,538.00,538.00,537.75,537.95,3600,16058700
UPL_F1,20191118,10:50,537.80,537.85,537.75,537.85,9900,16058700
UPL_F1,20191118,10:51,537.85,538.00,537.85,538.00,3600,16056900
UPL_F1,20191118,10:52,538.25,538.25,538.00,538.00,3600,16056900
UPL_F1,20191118,10:53,537.90,538.25,537.90,538.25,4500,16056900
UPL_F1,20191118,10:54,538.25,538.25,537.95,537.95,3600,16054200
UPL_F1,20191118,10:55,538.15,538.15,537.70,537.70,3600,16054200
UPL_F1,20191118,10:56,537.70,537.70,537.15,537.50,8100,16054200
UPL_F1,20191118,10:57,537.70,537.70,537.70,537.70,1800,16054200
UPL_F1,20191118,10:59,537.45,537.70,537.45,537.70,4500,16049700
UPL_F1,20191118,11:02,537.90,537.90,537.90,537.90,900,16049700
UPL_F1,20191118,11:03,538.00,538.45,538.00,538.45,3600,16049700
UPL_F1,20191118,11:04,538.90,538.90,538.35,538.35,6300,16048800
UPL_F1,20191118,11:05,538.40,538.40,538.05,538.05,2700,16048800
UPL_F1,20191118,11:06,538.35,538.35,538.35,538.35,900,16045200
UPL_F1,20191118,11:07,538.60,539.20,538.60,539.20,11700,16045200
UPL_F1,20191118,11:08,539.00,539.10,538.90,539.10,5400,16045200
UPL_F1,20191118,11:09,539.30,539.30,539.00,539.00,2700,16038900
UPL_F1,20191118,11:10,538.95,539.95,538.95,539.95,8100,16038900
UPL_F1,20191118,11:11,539.95,540.70,539.70,540.70,36000,16038900
UPL_F1,20191118,11:12,540.40,540.40,539.75,539.80,8100,16040700
UPL_F1,20191118,11:13,539.65,539.65,539.20,539.20,2700,16040700
UPL_F1,20191118,11:14,539.50,539.55,539.10,539.55,8100,16040700
UPL_F1,20191118,11:15,539.60,539.60,539.25,539.25,5400,16042500
UPL_F1,20191118,11:16,538.90,538.90,538.90,538.90,2700,16042500
UPL_F1,20191118,11:17,538.85,539.10,538.85,539.10,2700,16042500
UPL_F1,20191118,11:18,539.40,539.60,539.40,539.60,1800,16042500
UPL_F1,20191118,11:19,539.60,539.60,539.60,539.60,900,16038000
UPL_F1,20191118,11:20,539.25,539.25,538.90,538.90,5400,16038000
UPL_F1,20191118,11:22,538.70,538.70,538.70,538.70,2700,16040700
UPL_F1,20191118,11:23,538.70,538.70,538.25,538.25,9000,16040700
UPL_F1,20191118,11:24,538.90,539.05,538.90,539.05,3600,16050600
UPL_F1,20191118,11:25,539.25,539.70,539.25,539.30,9000,16050600
UPL_F1,20191118,11:26,539.55,539.55,539.30,539.30,1800,16050600
UPL_F1,20191118,11:27,539.30,539.50,539.30,539.50,2700,16050600
UPL_F1,20191118,11:28,539.80,540.20,539.80,540.20,4500,16050600
UPL_F1,20191118,11:29,540.50,540.65,540.15,540.15,12600,16050600
UPL_F1,20191118,11:30,540.50,540.70,540.50,540.70,4500,16050600
UPL_F1,20191118,11:31,541.35,541.50,540.85,541.00,29700,16057800
UPL_F1,20191118,11:32,541.00,541.00,539.85,539.85,29700,16057800
UPL_F1,20191118,11:33,540.50,540.75,540.00,540.45,14400,16059600
UPL_F1,20191118,11:34,540.20,540.20,539.85,539.85,11700,16059600
UPL_F1,20191118,11:35,539.85,540.30,539.85,540.30,6300,16059600
UPL_F1,20191118,11:36,540.30,540.75,539.95,540.75,8100,16062300
UPL_F1,20191118,11:37,540.80,540.80,540.40,540.40,6300,16062300
UPL_F1,20191118,11:38,540.95,540.95,540.75,540.75,6300,16062300
UPL_F1,20191118,11:39,540.75,540.95,540.70,540.70,9000,16068600
UPL_F1,20191118,11:40,540.80,540.80,540.80,540.80,1800,16068600
UPL_F1,20191118,11:41,540.80,543.00,540.80,542.90,63000,16068600
UPL_F1,20191118,11:42,544.00,545.10,543.50,544.55,139500,16040700
UPL_F1,20191118,11:43,544.90,547.70,544.75,547.65,164700,16040700
UPL_F1,20191118,11:44,547.25,547.70,546.15,546.30,86400,16040700
UPL_F1,20191118,11:45,546.10,546.60,544.80,544.80,55800,16027200
UPL_F1,20191118,11:46,545.50,546.35,545.00,546.35,26100,16027200
UPL_F1,20191118,11:47,546.25,546.95,545.75,545.95,49500,16027200
UPL_F1,20191118,11:48,546.00,547.95,545.90,547.00,91800,16026300
UPL_F1,20191118,11:49,546.35,547.00,546.35,546.50,9900,16026300
UPL_F1,20191118,11:50,546.50,546.50,546.10,546.20,24300,16026300
UPL_F1,20191118,11:51,546.70,547.50,546.70,547.50,27900,16010100
UPL_F1,20191118,11:52,547.75,547.90,547.20,547.20,39600,16010100
UPL_F1,20191118,11:53,547.35,547.35,546.20,546.25,16200,16010100
UPL_F1,20191118,11:54,546.40,546.90,545.45,545.60,26100,16011900
UPL_F1,20191118,11:55,546.20,546.20,545.45,546.00,10800,16011900
UPL_F1,20191118,11:56,546.00,546.00,545.80,545.80,5400,16011900
UPL_F1,20191118,11:57,546.10,546.40,546.05,546.40,10800,16014600
UPL_F1,20191118,11:58,546.35,546.80,546.15,546.80,18900,16014600
UPL_F1,20191118,11:59,546.95,546.95,546.00,546.10,57600,16014600
UPL_F1,20191118,12:00,546.00,546.30,545.25,545.80,35100,16002900
UPL_F1,20191118,12:01,545.55,546.15,545.55,546.05,7200,16002900
UPL_F1,20191118,12:02,546.50,546.50,546.00,546.00,8100,16002900
UPL_F1,20191118,12:03,546.05,546.45,545.65,546.10,10800,16002900
UPL_F1,20191118,12:04,546.10,546.40,546.10,546.25,4500,16011000
UPL_F1,20191118,12:05,546.00,546.00,545.90,545.95,4500,16011000
UPL_F1,20191118,12:06,545.80,545.90,545.55,545.55,3600,16011900
UPL_F1,20191118,12:07,545.40,545.75,545.40,545.55,10800,16011900
UPL_F1,20191118,12:08,545.50,545.65,545.05,545.05,21600,16011900
UPL_F1,20191118,12:09,545.50,545.95,545.20,545.70,22500,16005600
UPL_F1,20191118,12:10,544.95,545.60,544.95,545.60,36000,16005600
UPL_F1,20191118,12:11,546.00,546.15,545.85,546.15,4500,16005600
UPL_F1,20191118,12:12,546.90,547.05,546.70,547.05,21600,16005600
UPL_F1,20191118,12:13,547.05,548.25,547.00,548.25,59400,15997500
UPL_F1,20191118,12:14,548.35,548.95,548.10,548.25,46800,15997500
UPL_F1,20191118,12:15,548.25,548.50,547.85,548.00,43200,15921000
UPL_F1,20191118,12:16,548.20,548.20,547.55,548.00,35100,15921000
UPL_F1,20191118,12:17,547.70,547.70,547.50,547.70,17100,15921000
UPL_F1,20191118,12:18,548.00,548.35,548.00,548.20,15300,15921000
UPL_F1,20191118,12:19,548.25,548.30,547.90,548.00,40500,15950700
UPL_F1,20191118,12:20,548.00,548.00,547.50,547.75,11700,15950700
UPL_F1,20191118,12:21,547.80,547.80,547.35,547.40,3600,15971400
UPL_F1,20191118,12:22,547.30,547.80,547.30,547.50,9900,15971400
UPL_F1,20191118,12:23,547.65,547.90,547.50,547.50,4500,15971400
UPL_F1,20191118,12:24,547.50,547.50,547.30,547.30,11700,15971400
UPL_F1,20191118,12:25,547.10,547.30,547.05,547.15,12600,15966000
UPL_F1,20191118,12:26,547.00,547.30,547.00,547.05,10800,15966000
UPL_F1,20191118,12:27,546.95,547.25,546.80,546.95,7200,15968700
UPL_F1,20191118,12:28,546.95,546.95,546.15,546.65,25200,15968700
UPL_F1,20191118,12:29,546.90,546.90,546.65,546.80,4500,15968700
UPL_F1,20191118,12:30,547.00,547.50,547.00,547.45,12600,15958800
UPL_F1,20191118,12:31,547.40,547.45,547.15,547.15,11700,15958800
UPL_F1,20191118,12:32,547.10,547.10,546.55,546.55,7200,15958800
UPL_F1,20191118,12:33,546.90,547.00,546.90,547.00,3600,15958800
UPL_F1,20191118,12:34,547.00,547.00,546.75,547.00,7200,15962400
UPL_F1,20191118,12:35,546.65,547.00,546.65,547.00,17100,15962400
UPL_F1,20191118,12:36,547.15,547.20,546.70,547.10,6300,15974100
UPL_F1,20191118,12:37,547.00,547.45,546.80,546.90,8100,15974100
UPL_F1,20191118,12:38,546.95,547.15,546.75,546.75,5400,15974100
UPL_F1,20191118,12:39,546.70,546.70,545.70,546.00,31500,15974100
UPL_F1,20191118,12:40,546.25,546.35,546.00,546.30,5400,15969600
UPL_F1,20191118,12:41,546.00,546.30,546.00,546.30,2700,15969600
UPL_F1,20191118,12:42,546.50,546.50,546.50,546.50,1800,15969600
UPL_F1,20191118,12:43,546.45,546.50,546.45,546.50,3600,15966000
UPL_F1,20191118,12:44,546.10,546.50,546.00,546.50,9000,15966000
UPL_F1,20191118,12:45,545.85,546.20,545.85,546.05,12600,15966000
UPL_F1,20191118,12:46,545.95,546.50,545.95,546.50,24300,15965100
UPL_F1,20191118,12:47,546.25,546.25,546.10,546.10,2700,15965100
UPL_F1,20191118,12:48,546.50,546.50,546.50,546.50,8100,15965100
UPL_F1,20191118,12:49,546.90,546.90,546.80,546.80,3600,15956100
UPL_F1,20191118,12:50,546.75,546.75,546.75,546.75,4500,15956100
UPL_F1,20191118,12:51,546.45,546.70,546.45,546.55,7200,15956100
UPL_F1,20191118,12:52,546.65,546.65,546.05,546.05,5400,15950700
UPL_F1,20191118,12:53,546.35,546.35,546.00,546.00,4500,15950700
UPL_F1,20191118,12:54,545.80,546.00,545.80,546.00,2700,15950700
UPL_F1,20191118,12:55,546.00,546.50,545.85,546.50,6300,15953400
UPL_F1,20191118,12:56,546.30,546.60,546.30,546.60,1800,15953400
UPL_F1,20191118,12:57,546.60,546.60,546.45,546.55,2700,15953400
UPL_F1,20191118,12:58,546.60,546.60,546.60,546.60,900,15941700
UPL_F1,20191118,12:59,546.45,546.45,546.45,546.45,7200,15941700
UPL_F1,20191118,13:00,546.40,546.40,546.40,546.40,900,15941700
UPL_F1,20191118,13:02,546.40,546.70,546.40,546.50,6300,15940800
UPL_F1,20191118,13:03,546.35,546.35,546.05,546.05,2700,15940800
UPL_F1,20191118,13:04,546.10,546.10,546.00,546.00,13500,15938100
UPL_F1,20191118,13:05,545.85,545.85,545.85,545.85,900,15938100
UPL_F1,20191118,13:06,545.95,545.95,545.80,545.80,1800,15938100
UPL_F1,20191118,13:07,545.80,546.05,545.80,546.05,17100,15937200
UPL_F1,20191118,13:08,546.30,546.50,546.30,546.50,2700,15937200
UPL_F1,20191118,13:09,546.75,547.20,546.75,547.20,8100,15937200
UPL_F1,20191118,13:10,547.15,547.40,547.15,547.40,5400,15937200
UPL_F1,20191118,13:11,547.05,547.45,547.05,547.45,2700,15937200
UPL_F1,20191118,13:12,547.65,548.10,547.60,547.65,24300,15937200
UPL_F1,20191118,13:13,548.00,548.55,548.00,548.35,36000,15941700
UPL_F1,20191118,13:14,548.40,548.40,548.15,548.40,8100,15941700
UPL_F1,20191118,13:15,548.05,548.15,548.05,548.05,11700,15941700
UPL_F1,20191118,13:16,548.05,548.60,548.05,548.60,7200,15942600
UPL_F1,20191118,13:17,548.60,548.60,548.30,548.30,17100,15942600
UPL_F1,20191118,13:18,548.35,548.35,547.75,547.75,9900,15942600
UPL_F1,20191118,13:19,547.15,547.55,547.00,547.55,19800,15948900
UPL_F1,20191118,13:20,547.55,548.00,547.40,547.80,15300,15948900
UPL_F1,20191118,13:21,547.75,548.55,547.75,548.55,17100,15948900
UPL_F1,20191118,13:22,548.75,549.00,548.65,548.75,26100,15936300
UPL_F1,20191118,13:23,548.80,549.30,548.80,549.20,18900,15936300
UPL_F1,20191118,13:24,549.30,549.30,548.70,548.80,10800,15936300
UPL_F1,20191118,13:25,549.00,549.75,549.00,549.25,34200,15974100
UPL_F1,20191118,13:26,549.20,550.80,549.20,550.20,124200,15974100
UPL_F1,20191118,13:27,550.00,550.75,549.55,550.25,45000,15974100
UPL_F1,20191118,13:28,550.40,550.40,550.00,550.00,9000,15938100
UPL_F1,20191118,13:29,550.05,550.50,549.65,550.50,30600,15938100
UPL_F1,20191118,13:30,550.40,550.45,550.00,550.00,12600,15938100
UPL_F1,20191118,13:31,550.05,550.30,550.00,550.20,22500,15946200
UPL_F1,20191118,13:32,550.30,550.30,549.85,549.85,23400,15946200
UPL_F1,20191118,13:33,549.80,549.80,549.40,549.50,6300,15946200
UPL_F1,20191118,13:34,549.60,550.35,549.60,550.15,14400,15956100
UPL_F1,20191118,13:35,549.75,549.80,549.75,549.80,1800,15956100
UPL_F1,20191118,13:36,549.50,549.65,549.40,549.40,5400,15956100
UPL_F1,20191118,13:37,549.70,549.70,549.55,549.55,3600,15948000
UPL_F1,20191118,13:38,549.55,549.95,549.50,549.95,15300,15948000
UPL_F1,20191118,13:39,550.00,550.60,550.00,550.20,22500,15948000
UPL_F1,20191118,13:40,550.20,550.60,550.20,550.60,8100,15926400
UPL_F1,20191118,13:41,550.30,550.50,550.30,550.45,2700,15926400
UPL_F1,20191118,13:42,550.35,550.35,550.20,550.25,9900,15926400
UPL_F1,20191118,13:43,550.25,550.50,550.15,550.50,12600,15933600
UPL_F1,20191118,13:44,550.35,550.35,550.35,550.35,4500,15933600
UPL_F1,20191118,13:45,550.40,550.40,550.35,550.35,3600,15933600
UPL_F1,20191118,13:46,550.25,550.40,550.25,550.30,7200,15935400
UPL_F1,20191118,13:47,550.20,550.60,550.20,550.60,7200,15935400
UPL_F1,20191118,13:48,550.65,552.00,550.65,551.60,123300,15935400
UPL_F1,20191118,13:49,551.60,551.70,550.95,551.25,13500,15923700
UPL_F1,20191118,13:50,551.30,551.50,551.10,551.15,9900,15923700
UPL_F1,20191118,13:51,551.45,551.45,551.15,551.15,6300,15923700
UPL_F1,20191118,13:52,551.15,551.15,550.95,550.95,5400,15933600
UPL_F1,20191118,13:53,550.80,551.10,550.80,550.80,10800,15933600
UPL_F1,20191118,13:54,550.90,550.90,550.65,550.65,6300,15933600
UPL_F1,20191118,13:55,550.95,551.25,550.95,551.25,9000,15939000
UPL_F1,20191118,13:56,551.25,551.25,551.00,551.00,10800,15939000
UPL_F1,20191118,13:57,550.80,551.00,550.80,551.00,4500,15939000
UPL_F1,20191118,13:58,551.15,551.40,550.90,550.90,8100,15942600
UPL_F1,20191118,13:59,551.00,551.00,550.65,550.95,8100,15942600
UPL_F1,20191118,14:00,551.00,551.20,550.90,551.15,9900,15942600
UPL_F1,20191118,14:01,551.05,551.05,551.00,551.00,4500,15950700
UPL_F1,20191118,14:02,551.00,551.00,550.75,550.75,4500,15950700
UPL_F1,20191118,14:03,550.95,550.95,550.65,550.90,8100,15950700
UPL_F1,20191118,14:04,550.25,550.95,549.40,550.55,31500,15953400
UPL_F1,20191118,14:05,550.50,550.75,550.50,550.70,7200,15953400
UPL_F1,20191118,14:06,550.25,550.25,549.40,549.40,27900,15953400
UPL_F1,20191118,14:07,549.65,549.95,549.35,549.70,9900,15954300
UPL_F1,20191118,14:08,549.70,550.00,549.55,550.00,18900,15954300
UPL_F1,20191118,14:09,550.40,550.60,550.10,550.10,9000,15954300
UPL_F1,20191118,14:10,550.50,550.50,550.00,550.00,11700,15950700
UPL_F1,20191118,14:11,550.25,550.25,550.15,550.15,3600,15950700
UPL_F1,20191118,14:12,550.50,550.50,550.15,550.15,2700,15950700
UPL_F1,20191118,14:13,550.35,550.35,550.05,550.05,5400,15946200
UPL_F1,20191118,14:14,550.00,550.00,549.55,549.55,3600,15946200
UPL_F1,20191118,14:15,549.30,550.00,549.30,549.75,7200,15946200
UPL_F1,20191118,14:16,549.90,550.00,549.90,550.00,4500,15950700
UPL_F1,20191118,14:17,550.25,550.25,550.00,550.00,2700,15950700
UPL_F1,20191118,14:18,549.50,549.60,549.30,549.40,9900,15950700
UPL_F1,20191118,14:19,549.50,549.50,548.50,549.00,21600,15950700
UPL_F1,20191118,14:20,549.15,549.50,549.05,549.30,5400,15950700
UPL_F1,20191118,14:21,549.15,549.45,549.15,549.45,6300,15950700
UPL_F1,20191118,14:23,549.40,549.40,549.40,549.40,1800,15954300
UPL_F1,20191118,14:24,549.30,549.40,549.00,549.00,6300,15954300
UPL_F1,20191118,14:25,549.15,549.20,548.75,549.20,6300,15956100
UPL_F1,20191118,14:26,548.90,549.05,548.80,548.95,3600,15956100
UPL_F1,20191118,14:27,548.95,549.00,548.95,548.95,3600,15956100
UPL_F1,20191118,14:28,548.70,548.85,548.65,548.85,9000,15960600
UPL_F1,20191118,14:29,548.75,548.85,548.55,548.55,6300,15960600
UPL_F1,20191118,14:30,548.55,548.55,548.55,548.55,900,15960600
UPL_F1,20191118,14:31,548.20,548.95,548.20,548.80,15300,15962400
UPL_F1,20191118,14:32,548.90,549.15,548.90,549.15,7200,15962400
UPL_F1,20191118,14:33,549.30,549.30,549.00,549.20,10800,15962400
UPL_F1,20191118,14:34,549.05,549.25,549.05,549.25,4500,15953400
UPL_F1,20191118,14:35,549.60,550.20,549.60,550.20,17100,15953400
UPL_F1,20191118,14:36,550.10,550.30,549.65,549.70,21600,15953400
UPL_F1,20191118,14:37,550.00,550.50,550.00,550.50,10800,15955200
UPL_F1,20191118,14:38,550.50,550.50,550.10,550.15,5400,15955200
UPL_F1,20191118,14:39,550.10,550.70,550.10,550.65,8100,15955200
UPL_F1,20191118,14:40,550.75,550.80,550.45,550.45,11700,15955200
UPL_F1,20191118,14:41,550.70,551.00,550.65,551.00,13500,15955200
UPL_F1,20191118,14:42,550.95,550.95,550.45,550.45,5400,15955200
UPL_F1,20191118,14:43,550.30,550.65,550.30,550.50,5400,15959700
UPL_F1,20191118,14:44,550.65,550.65,550.55,550.55,7200,15959700
UPL_F1,20191118,14:45,550.50,550.50,550.40,550.40,3600,15959700
UPL_F1,20191118,14:46,550.55,550.55,550.35,550.35,2700,15966000
UPL_F1,20191118,14:47,550.05,550.05,549.35,549.35,13500,15966000
UPL_F1,20191118,14:48,549.35,549.35,549.10,549.10,6300,15966000
UPL_F1,20191118,14:49,549.45,549.75,549.45,549.55,8100,15961500
UPL_F1,20191118,14:50,549.65,549.65,549.35,549.35,1800,15961500
UPL_F1,20191118,14:51,549.35,549.35,549.00,549.20,10800,15961500
UPL_F1,20191118,14:52,548.90,548.90,548.80,548.80,7200,15912000
UPL_F1,20191118,14:53,548.90,548.90,548.65,548.65,12600,15912000
UPL_F1,20191118,14:54,549.25,549.35,548.85,549.35,9900,15912000
UPL_F1,20191118,14:55,549.50,549.50,548.50,548.80,18000,15858900
UPL_F1,20191118,14:56,548.80,548.80,548.50,548.50,14400,15858900
UPL_F1,20191118,14:57,548.60,548.60,548.20,548.30,17100,15858900
UPL_F1,20191118,14:58,548.10,548.70,548.10,548.70,14400,15839100
UPL_F1,20191118,14:59,548.60,548.75,548.55,548.75,6300,15839100
UPL_F1,20191118,15:00,548.50,548.50,547.30,547.30,31500,15839100
UPL_F1,20191118,15:01,547.30,548.15,547.30,547.60,26100,15838200
UPL_F1,20191118,15:02,547.85,547.95,547.40,547.40,9900,15838200
UPL_F1,20191118,15:03,547.40,547.70,547.35,547.50,16200,15838200
UPL_F1,20191118,15:04,547.55,547.90,547.45,547.45,15300,15848100
UPL_F1,20191118,15:05,547.70,547.90,547.60,547.90,7200,15848100
UPL_F1,20191118,15:06,547.90,548.20,547.55,547.70,18900,15848100
UPL_F1,20191118,15:07,548.00,548.00,547.70,547.90,10800,15850800
UPL_F1,20191118,15:08,547.80,548.00,547.60,548.00,18900,15850800
UPL_F1,20191118,15:09,548.15,548.45,548.05,548.35,16200,15850800
UPL_F1,20191118,15:10,548.40,548.40,548.00,548.00,13500,15858900
UPL_F1,20191118,15:11,548.15,548.20,547.90,548.20,15300,15858900
UPL_F1,20191118,15:12,548.25,549.65,548.00,548.60,27000,15858900
UPL_F1,20191118,15:13,548.60,549.00,548.50,548.55,33300,15864300
UPL_F1,20191118,15:14,548.60,548.75,548.60,548.65,17100,15864300
UPL_F1,20191118,15:15,548.60,548.95,548.60,548.95,14400,15864300
UPL_F1,20191118,15:16,548.80,549.45,548.75,549.45,19800,15875100
UPL_F1,20191118,15:17,549.25,549.25,548.60,548.95,42300,15875100
UPL_F1,20191118,15:18,548.80,549.85,548.80,549.75,37800,15875100
UPL_F1,20191118,15:19,549.60,550.00,549.35,549.95,24300,15888600
UPL_F1,20191118,15:20,550.00,550.50,549.65,550.05,53100,15888600
UPL_F1,20191118,15:21,550.05,550.05,549.05,549.05,26100,15888600
UPL_F1,20191118,15:22,549.20,549.65,549.05,549.15,34200,15871500
UPL_F1,20191118,15:23,549.10,549.20,548.15,548.25,50400,15871500
UPL_F1,20191118,15:24,548.75,549.70,548.75,549.50,28800,15871500
UPL_F1,20191118,15:25,549.30,549.55,549.10,549.30,27900,15888600
UPL_F1,20191118,15:26,549.30,549.90,549.25,549.60,36900,15888600
UPL_F1,20191118,15:27,549.80,549.90,549.55,549.75,15300,15888600
UPL_F1,20191118,15:28,549.85,549.90,549.55,549.65,13500,15870600
UPL_F1,20191118,15:29,549.75,549.85,549.50,549.50,15300,15870600
UPL_F1,20191118,15:30,549.50,550.00,549.40,550.00,29700,15870600
UPL_F1,20191118,15:31,550.20,550.20,550.20,550.20,900,15870600
UPL_F1,20191118,17:45,549.00,549.00,549.00,549.00,1,15465600
