EICHERMOT_F1,20181204,09:16,23580.00,23689.00,23559.60,23629.45,1175,261775
EICHERMOT_F1,20181204,09:17,23665.55,23725.25,23533.85,23550.00,925,261900
EICHERMOT_F1,20181204,09:18,23615.95,23615.95,23499.95,23515.80,1100,261900
EICHERMOT_F1,20181204,09:19,23529.90,23555.55,23501.00,23550.00,1550,262875
EICHERMOT_F1,20181204,09:20,23550.00,23601.30,23485.60,23574.55,1750,262875
EICHERMOT_F1,20181204,09:21,23580.00,23615.40,23544.05,23610.80,1100,262875
EICHERMOT_F1,20181204,09:22,23570.00,23597.50,23570.00,23589.70,250,262875
EICHERMOT_F1,20181204,09:23,23589.75,23625.70,23589.75,23615.85,250,264300
EICHERMOT_F1,20181204,09:24,23588.20,23599.90,23583.70,23595.25,225,264300
EICHERMOT_F1,20181204,09:25,23587.60,23587.60,23480.00,23515.25,725,264300
EICHERMOT_F1,20181204,09:26,23490.55,23499.95,23430.00,23430.25,1075,264325
EICHERMOT_F1,20181204,09:27,23402.25,23425.00,23400.40,23425.00,400,264325
EICHERMOT_F1,20181204,09:28,23438.50,23452.35,23430.00,23452.35,300,264325
EICHERMOT_F1,20181204,09:29,23435.50,23441.10,23425.15,23428.60,100,264600
EICHERMOT_F1,20181204,09:30,23420.00,23420.00,23420.00,23420.00,75,264600
EICHERMOT_F1,20181204,09:31,23412.60,23429.65,23303.05,23341.30,2025,264600
EICHERMOT_F1,20181204,09:32,23341.30,23400.55,23325.85,23400.55,350,265150
EICHERMOT_F1,20181204,09:33,23399.35,23414.05,23399.35,23400.00,200,265150
EICHERMOT_F1,20181204,09:34,23400.00,23411.75,23400.00,23411.75,150,265150
EICHERMOT_F1,20181204,09:35,23418.05,23453.50,23418.05,23453.50,100,265200
EICHERMOT_F1,20181204,09:36,23457.30,23457.30,23452.20,23452.20,100,265200
EICHERMOT_F1,20181204,09:37,23483.70,23500.00,23480.00,23500.00,300,265200
EICHERMOT_F1,20181204,09:38,23526.65,23526.65,23526.65,23526.65,75,265225
EICHERMOT_F1,20181204,09:39,23479.90,23502.20,23475.05,23475.05,650,265225
EICHERMOT_F1,20181204,09:40,23475.00,23475.00,23456.70,23460.10,200,265650
EICHERMOT_F1,20181204,09:41,23450.10,23450.10,23431.20,23431.20,150,265650
EICHERMOT_F1,20181204,09:42,23443.40,23450.00,23443.40,23450.00,100,265650
EICHERMOT_F1,20181204,09:43,23453.80,23464.95,23453.80,23464.95,100,265650
EICHERMOT_F1,20181204,09:44,23458.05,23458.05,23458.05,23458.05,100,265700
EICHERMOT_F1,20181204,09:45,23454.00,23454.00,23454.00,23454.00,100,265700
EICHERMOT_F1,20181204,09:46,23437.65,23437.65,23437.65,23437.65,25,265700
EICHERMOT_F1,20181204,09:47,23442.00,23442.05,23437.65,23442.05,100,265625
EICHERMOT_F1,20181204,09:48,23455.00,23458.60,23441.80,23458.60,75,265625
EICHERMOT_F1,20181204,09:49,23459.90,23460.35,23442.10,23460.35,150,265625
EICHERMOT_F1,20181204,09:50,23440.00,23440.00,23400.00,23400.00,400,265600
EICHERMOT_F1,20181204,09:51,23375.10,23400.05,23375.10,23400.05,350,265600
EICHERMOT_F1,20181204,09:52,23419.05,23419.05,23398.15,23407.15,2050,265600
EICHERMOT_F1,20181204,09:53,23418.75,23430.65,23418.75,23430.65,125,264600
EICHERMOT_F1,20181204,09:54,23438.45,23438.45,23402.30,23402.30,175,264600
EICHERMOT_F1,20181204,09:55,23403.05,23403.05,23402.25,23402.25,50,264600
EICHERMOT_F1,20181204,09:56,23420.80,23430.95,23420.80,23430.60,125,264675
EICHERMOT_F1,20181204,09:57,23430.95,23438.00,23430.45,23430.45,100,264675
EICHERMOT_F1,20181204,09:58,23437.95,23437.95,23437.95,23437.95,25,264675
EICHERMOT_F1,20181204,09:59,23411.10,23411.10,23411.10,23411.10,25,264675
EICHERMOT_F1,20181204,10:00,23420.00,23437.80,23420.00,23437.80,50,264675
EICHERMOT_F1,20181204,10:01,23425.15,23437.75,23410.05,23420.00,125,264675
EICHERMOT_F1,20181204,10:02,23410.00,23410.00,23410.00,23410.00,75,264675
EICHERMOT_F1,20181204,10:03,23400.00,23400.00,23381.70,23399.15,125,264750
EICHERMOT_F1,20181204,10:04,23389.00,23400.00,23389.00,23400.00,100,264750
EICHERMOT_F1,20181204,10:05,23401.60,23401.60,23382.30,23382.30,175,264800
EICHERMOT_F1,20181204,10:06,23385.00,23385.00,23380.05,23380.05,150,264800
EICHERMOT_F1,20181204,10:07,23382.10,23382.10,23382.10,23382.10,75,264800
EICHERMOT_F1,20181204,10:08,23400.75,23415.00,23399.30,23399.30,150,264900
EICHERMOT_F1,20181204,10:10,23419.00,23419.00,23408.35,23408.35,75,264900
EICHERMOT_F1,20181204,10:11,23425.00,23435.95,23425.00,23425.00,100,264925
EICHERMOT_F1,20181204,10:12,23415.00,23436.00,23415.00,23436.00,125,264925
EICHERMOT_F1,20181204,10:13,23444.00,23444.00,23433.40,23433.40,125,264925
EICHERMOT_F1,20181204,10:14,23442.55,23442.55,23415.00,23415.00,150,264900
EICHERMOT_F1,20181204,10:15,23430.00,23430.00,23430.00,23430.00,100,264900
EICHERMOT_F1,20181204,10:17,23445.00,23445.00,23430.90,23430.90,125,265000
EICHERMOT_F1,20181204,10:18,23418.60,23418.60,23418.60,23418.60,50,265000
EICHERMOT_F1,20181204,10:19,23410.30,23421.55,23410.30,23421.55,50,265000
EICHERMOT_F1,20181204,10:21,23410.00,23420.00,23410.00,23420.00,100,265050
EICHERMOT_F1,20181204,10:22,23401.00,23419.80,23390.05,23419.80,175,265050
EICHERMOT_F1,20181204,10:23,23415.45,23415.45,23415.45,23415.45,75,265025
EICHERMOT_F1,20181204,10:25,23395.00,23395.00,23395.00,23395.00,200,265025
EICHERMOT_F1,20181204,10:26,23390.00,23395.00,23390.00,23395.00,275,265200
EICHERMOT_F1,20181204,10:28,23420.00,23420.00,23420.00,23420.00,150,265200
EICHERMOT_F1,20181204,10:29,23407.60,23407.60,23407.60,23407.60,75,265325
EICHERMOT_F1,20181204,10:30,23426.75,23426.75,23410.00,23410.00,75,265325
EICHERMOT_F1,20181204,10:31,23410.00,23410.00,23379.00,23379.00,100,265325
EICHERMOT_F1,20181204,10:32,23395.35,23406.90,23395.35,23400.00,75,265450
EICHERMOT_F1,20181204,10:33,23407.20,23407.20,23407.20,23407.20,250,265450
EICHERMOT_F1,20181204,10:34,23417.75,23417.75,23398.35,23398.35,50,265450
EICHERMOT_F1,20181204,10:35,23399.00,23399.00,23390.00,23390.00,75,265700
EICHERMOT_F1,20181204,10:36,23390.00,23390.00,23370.00,23384.80,350,265700
EICHERMOT_F1,20181204,10:37,23394.75,23394.75,23380.05,23380.05,50,265700
EICHERMOT_F1,20181204,10:38,23380.05,23396.95,23380.05,23396.95,75,265725
EICHERMOT_F1,20181204,10:39,23370.00,23370.00,23370.00,23370.00,75,265725
EICHERMOT_F1,20181204,10:40,23362.45,23362.45,23362.45,23362.45,25,265725
EICHERMOT_F1,20181204,10:41,23385.20,23385.20,23374.15,23380.00,150,265700
EICHERMOT_F1,20181204,10:42,23386.00,23397.35,23386.00,23397.35,75,265700
EICHERMOT_F1,20181204,10:43,23402.40,23402.40,23389.65,23389.65,75,265700
EICHERMOT_F1,20181204,10:44,23408.00,23408.00,23408.00,23408.00,25,265725
EICHERMOT_F1,20181204,10:45,23402.90,23414.15,23388.00,23388.00,200,265725
EICHERMOT_F1,20181204,10:47,23388.00,23408.60,23387.05,23387.05,100,265825
EICHERMOT_F1,20181204,10:48,23388.90,23397.55,23386.00,23397.55,225,265825
EICHERMOT_F1,20181204,10:50,23390.00,23390.00,23384.95,23384.95,50,265875
EICHERMOT_F1,20181204,10:51,23380.00,23380.00,23380.00,23380.00,25,265875
EICHERMOT_F1,20181204,10:54,23400.00,23400.00,23400.00,23400.00,25,265800
EICHERMOT_F1,20181204,10:55,23388.00,23388.00,23385.20,23385.20,50,265800
EICHERMOT_F1,20181204,10:56,23372.70,23372.70,23362.95,23362.95,175,265825
EICHERMOT_F1,20181204,10:57,23352.15,23352.15,23352.15,23352.15,50,265825
EICHERMOT_F1,20181204,10:58,23360.95,23386.00,23360.95,23382.80,125,265825
EICHERMOT_F1,20181204,11:00,23396.95,23396.95,23396.95,23396.95,25,265825
EICHERMOT_F1,20181204,11:01,23397.00,23407.00,23397.00,23407.00,100,265925
EICHERMOT_F1,20181204,11:02,23417.50,23417.50,23400.00,23400.00,125,265975
EICHERMOT_F1,20181204,11:03,23427.00,23529.00,23427.00,23512.70,950,265975
EICHERMOT_F1,20181204,11:04,23502.25,23510.00,23453.70,23453.70,825,265975
EICHERMOT_F1,20181204,11:05,23470.00,23476.30,23456.45,23456.45,175,266575
EICHERMOT_F1,20181204,11:06,23487.15,23487.15,23465.95,23466.65,125,266575
EICHERMOT_F1,20181204,11:08,23460.00,23460.00,23456.35,23456.35,75,266525
EICHERMOT_F1,20181204,11:09,23471.30,23497.75,23471.30,23497.75,50,266525
EICHERMOT_F1,20181204,11:10,23482.00,23482.00,23482.00,23482.00,25,266525
EICHERMOT_F1,20181204,11:11,23459.20,23459.20,23459.05,23459.05,50,266550
EICHERMOT_F1,20181204,11:12,23456.15,23456.15,23428.30,23428.30,125,266550
EICHERMOT_F1,20181204,11:14,23427.85,23427.85,23427.85,23427.85,25,266300
EICHERMOT_F1,20181204,11:15,23427.85,23427.85,23427.85,23427.85,25,266300
EICHERMOT_F1,20181204,11:21,23427.85,23455.95,23427.85,23455.95,50,266300
EICHERMOT_F1,20181204,11:22,23474.95,23474.95,23474.95,23474.95,75,266300
EICHERMOT_F1,20181204,11:23,23455.10,23455.10,23455.05,23455.05,50,266300
EICHERMOT_F1,20181204,11:27,23450.00,23458.00,23450.00,23458.00,50,266325
EICHERMOT_F1,20181204,11:29,23429.50,23429.50,23429.50,23429.50,25,266350
EICHERMOT_F1,20181204,11:30,23433.00,23433.00,23418.05,23418.05,100,266350
EICHERMOT_F1,20181204,11:32,23438.35,23438.35,23438.35,23438.35,75,266350
EICHERMOT_F1,20181204,11:33,23460.30,23460.30,23443.70,23443.70,75,266350
EICHERMOT_F1,20181204,11:34,23443.70,23443.70,23443.60,23443.60,75,266350
EICHERMOT_F1,20181204,11:36,23431.50,23431.50,23431.50,23431.50,50,266400
EICHERMOT_F1,20181204,11:38,23440.20,23440.20,23440.20,23440.20,25,266400
EICHERMOT_F1,20181204,11:39,23447.75,23447.75,23447.75,23447.75,25,266400
EICHERMOT_F1,20181204,11:40,23419.10,23419.10,23419.10,23419.10,25,266400
EICHERMOT_F1,20181204,11:43,23436.60,23456.65,23436.60,23456.65,100,266425
EICHERMOT_F1,20181204,11:44,23472.40,23472.40,23444.85,23444.85,100,266400
EICHERMOT_F1,20181204,11:45,23444.85,23457.90,23444.85,23457.90,50,266400
EICHERMOT_F1,20181204,11:46,23425.80,23425.80,23423.65,23423.65,75,266400
EICHERMOT_F1,20181204,11:48,23458.45,23458.45,23458.45,23458.45,50,266425
EICHERMOT_F1,20181204,11:50,23437.55,23437.55,23437.55,23437.55,50,266425
EICHERMOT_F1,20181204,11:51,23457.95,23457.95,23457.95,23457.95,25,266425
EICHERMOT_F1,20181204,11:52,23450.00,23459.00,23450.00,23459.00,75,266425
EICHERMOT_F1,20181204,11:53,23459.00,23465.35,23459.00,23465.35,75,266450
EICHERMOT_F1,20181204,11:55,23455.00,23455.00,23455.00,23455.00,25,266450
EICHERMOT_F1,20181204,11:56,23460.00,23485.00,23460.00,23485.00,150,266475
EICHERMOT_F1,20181204,11:57,23479.05,23484.00,23471.40,23484.00,125,266475
EICHERMOT_F1,20181204,11:59,23457.00,23457.00,23457.00,23457.00,50,266450
EICHERMOT_F1,20181204,12:01,23463.65,23463.65,23463.65,23463.65,25,266450
EICHERMOT_F1,20181204,12:05,23525.05,23530.85,23525.05,23530.85,325,266450
EICHERMOT_F1,20181204,12:06,23531.00,23579.30,23531.00,23577.35,1075,266450
EICHERMOT_F1,20181204,12:07,23527.25,23569.80,23527.25,23556.25,700,266450
EICHERMOT_F1,20181204,12:08,23552.95,23552.95,23552.50,23552.50,100,266775
EICHERMOT_F1,20181204,12:09,23552.50,23552.50,23540.30,23540.30,75,266775
EICHERMOT_F1,20181204,12:10,23530.10,23530.10,23530.10,23530.10,100,266775
EICHERMOT_F1,20181204,12:11,23541.60,23559.95,23541.60,23559.95,125,266725
EICHERMOT_F1,20181204,12:12,23560.00,23560.00,23546.00,23546.00,50,266725
EICHERMOT_F1,20181204,12:13,23568.00,23568.00,23546.50,23555.00,75,266725
EICHERMOT_F1,20181204,12:14,23545.25,23569.75,23545.25,23569.75,50,266750
EICHERMOT_F1,20181204,12:15,23570.00,23570.00,23570.00,23570.00,75,266750
EICHERMOT_F1,20181204,12:16,23593.55,23640.40,23593.55,23640.35,700,266750
EICHERMOT_F1,20181204,12:17,23630.00,23640.35,23630.00,23640.35,50,266450
EICHERMOT_F1,20181204,12:18,23625.00,23625.80,23600.40,23625.00,175,266450
EICHERMOT_F1,20181204,12:19,23604.80,23617.55,23586.45,23617.55,250,266450
EICHERMOT_F1,20181204,12:20,23589.80,23589.80,23588.00,23589.05,150,266425
EICHERMOT_F1,20181204,12:21,23590.85,23599.60,23590.85,23592.00,100,266425
EICHERMOT_F1,20181204,12:22,23591.75,23591.75,23575.10,23575.10,125,266425
EICHERMOT_F1,20181204,12:23,23575.05,23583.80,23575.00,23575.00,100,266525
EICHERMOT_F1,20181204,12:24,23570.65,23570.65,23570.65,23570.65,25,266525
EICHERMOT_F1,20181204,12:25,23583.35,23583.35,23583.35,23583.35,25,266525
EICHERMOT_F1,20181204,12:27,23570.70,23570.70,23554.95,23554.95,150,266550
EICHERMOT_F1,20181204,12:28,23554.95,23554.95,23554.95,23554.95,25,266550
EICHERMOT_F1,20181204,12:29,23573.60,23573.60,23573.60,23573.60,75,266550
EICHERMOT_F1,20181204,12:31,23561.45,23563.35,23561.20,23561.20,100,266550
EICHERMOT_F1,20181204,12:33,23553.75,23553.75,23540.00,23540.00,150,266650
EICHERMOT_F1,20181204,12:34,23524.45,23524.45,23524.45,23524.45,25,266650
EICHERMOT_F1,20181204,12:35,23528.85,23537.75,23528.85,23537.75,75,266675
EICHERMOT_F1,20181204,12:36,23545.50,23545.50,23525.60,23525.60,50,266675
EICHERMOT_F1,20181204,12:37,23523.15,23543.95,23521.35,23521.35,75,266675
EICHERMOT_F1,20181204,12:38,23502.15,23502.15,23467.10,23467.15,275,265875
EICHERMOT_F1,20181204,12:39,23496.45,23496.45,23496.45,23496.45,25,265875
EICHERMOT_F1,20181204,12:43,23490.00,23500.00,23490.00,23500.00,50,265975
EICHERMOT_F1,20181204,12:45,23489.55,23489.55,23489.55,23489.55,75,265950
EICHERMOT_F1,20181204,12:46,23473.35,23500.00,23473.35,23500.00,1350,265950
EICHERMOT_F1,20181204,12:48,23546.90,23558.70,23546.90,23558.70,50,266000
EICHERMOT_F1,20181204,12:49,23560.00,23560.00,23555.15,23555.15,50,266000
EICHERMOT_F1,20181204,12:50,23558.15,23558.15,23558.15,23558.15,25,266000
EICHERMOT_F1,20181204,12:51,23560.00,23568.80,23560.00,23568.80,150,266000
EICHERMOT_F1,20181204,12:52,23569.00,23573.00,23560.00,23560.00,75,266000
EICHERMOT_F1,20181204,12:53,23560.00,23560.00,23560.00,23560.00,75,265850
EICHERMOT_F1,20181204,12:54,23560.00,23573.95,23560.00,23573.95,50,265850
EICHERMOT_F1,20181204,12:55,23560.00,23560.00,23550.00,23550.00,150,265850
EICHERMOT_F1,20181204,12:56,23560.00,23560.00,23538.55,23538.55,75,265800
EICHERMOT_F1,20181204,12:58,23562.75,23562.75,23562.75,23562.75,25,265800
EICHERMOT_F1,20181204,12:59,23569.75,23569.75,23541.25,23541.25,75,265575
EICHERMOT_F1,20181204,13:00,23539.60,23539.60,23539.60,23539.60,25,265575
EICHERMOT_F1,20181204,13:01,23560.90,23560.90,23550.20,23550.20,50,265575
EICHERMOT_F1,20181204,13:03,23573.50,23573.50,23573.50,23573.50,25,265575
EICHERMOT_F1,20181204,13:08,23559.30,23559.30,23559.30,23559.30,50,265575
EICHERMOT_F1,20181204,13:11,23569.05,23569.05,23569.05,23569.05,50,265575
EICHERMOT_F1,20181204,13:12,23574.00,23574.00,23574.00,23574.00,50,265575
EICHERMOT_F1,20181204,13:13,23577.30,23577.35,23562.65,23562.65,275,265575
EICHERMOT_F1,20181204,13:16,23548.55,23548.55,23548.55,23548.55,175,265725
EICHERMOT_F1,20181204,13:18,23538.40,23538.40,23538.40,23538.40,25,265725
EICHERMOT_F1,20181204,13:19,23525.55,23525.55,23525.50,23525.50,50,265800
EICHERMOT_F1,20181204,13:20,23494.85,23494.85,23486.25,23486.25,125,265775
EICHERMOT_F1,20181204,13:21,23508.75,23508.75,23508.75,23508.75,25,265775
EICHERMOT_F1,20181204,13:23,23530.70,23530.70,23530.70,23530.70,150,265750
EICHERMOT_F1,20181204,13:24,23566.05,23566.05,23566.05,23566.05,25,265750
EICHERMOT_F1,20181204,13:26,23537.05,23537.05,23537.05,23537.05,25,265775
EICHERMOT_F1,20181204,13:27,23540.00,23540.00,23540.00,23540.00,25,265775
EICHERMOT_F1,20181204,13:28,23537.05,23537.05,23537.05,23537.05,50,265775
EICHERMOT_F1,20181204,13:29,23499.45,23499.45,23499.45,23499.45,50,265775
EICHERMOT_F1,20181204,13:31,23496.35,23515.70,23496.35,23515.70,75,265850
EICHERMOT_F1,20181204,13:38,23530.60,23530.60,23530.60,23530.60,50,265875
EICHERMOT_F1,20181204,13:39,23525.05,23525.05,23525.05,23525.05,25,265875
EICHERMOT_F1,20181204,13:41,23558.00,23558.00,23558.00,23558.00,75,265925
EICHERMOT_F1,20181204,13:44,23591.15,23600.05,23591.15,23600.05,325,266000
EICHERMOT_F1,20181204,13:45,23599.95,23599.95,23599.95,23599.95,25,266000
EICHERMOT_F1,20181204,13:46,23583.10,23627.40,23583.10,23619.40,275,266000
EICHERMOT_F1,20181204,13:47,23635.00,23638.75,23607.65,23607.65,100,266075
EICHERMOT_F1,20181204,13:48,23604.20,23604.20,23600.00,23600.00,175,266075
EICHERMOT_F1,20181204,13:49,23600.00,23613.55,23600.00,23613.55,75,266075
EICHERMOT_F1,20181204,13:50,23616.00,23616.00,23616.00,23616.00,25,266300
EICHERMOT_F1,20181204,13:52,23578.40,23578.40,23563.05,23565.50,200,266300
EICHERMOT_F1,20181204,13:53,23573.60,23580.90,23562.60,23580.90,125,266250
EICHERMOT_F1,20181204,13:55,23569.30,23569.30,23569.30,23569.30,25,266250
EICHERMOT_F1,20181204,13:56,23567.10,23567.10,23567.10,23567.10,25,266275
EICHERMOT_F1,20181204,13:57,23558.95,23576.90,23558.90,23576.90,150,266275
EICHERMOT_F1,20181204,14:00,23555.50,23555.50,23526.25,23526.25,225,266325
EICHERMOT_F1,20181204,14:01,23551.05,23551.05,23551.05,23551.05,25,266325
EICHERMOT_F1,20181204,14:02,23514.75,23514.75,23514.75,23514.75,25,266400
EICHERMOT_F1,20181204,14:03,23526.70,23526.70,23518.40,23518.40,50,266400
EICHERMOT_F1,20181204,14:04,23500.00,23500.00,23451.95,23473.90,750,266400
EICHERMOT_F1,20181204,14:06,23484.05,23484.05,23484.05,23484.05,25,266475
EICHERMOT_F1,20181204,14:07,23497.80,23497.80,23497.80,23497.80,25,266475
EICHERMOT_F1,20181204,14:08,23484.05,23484.05,23476.20,23476.20,50,266475
EICHERMOT_F1,20181204,14:09,23477.00,23477.00,23477.00,23477.00,50,266475
EICHERMOT_F1,20181204,14:10,23493.95,23493.95,23470.00,23470.00,150,266475
EICHERMOT_F1,20181204,14:11,23456.70,23456.70,23456.70,23456.70,50,266500
EICHERMOT_F1,20181204,14:12,23452.00,23470.00,23445.05,23470.00,125,266500
EICHERMOT_F1,20181204,14:13,23468.50,23468.50,23468.50,23468.50,25,266500
EICHERMOT_F1,20181204,14:20,23476.10,23476.10,23476.10,23476.10,125,266500
EICHERMOT_F1,20181204,14:21,23499.95,23503.95,23499.95,23503.95,100,266500
EICHERMOT_F1,20181204,14:22,23510.65,23510.65,23510.65,23510.65,50,266500
EICHERMOT_F1,20181204,14:28,23463.05,23469.00,23463.05,23469.00,300,266500
EICHERMOT_F1,20181204,14:31,23460.00,23460.00,23460.00,23460.00,50,266500
EICHERMOT_F1,20181204,14:32,23460.00,23462.10,23460.00,23462.10,50,266500
EICHERMOT_F1,20181204,14:33,23470.20,23470.20,23470.20,23470.20,100,266500
EICHERMOT_F1,20181204,14:34,23460.00,23460.00,23450.10,23450.10,200,266500
EICHERMOT_F1,20181204,14:35,23442.25,23442.35,23442.25,23442.35,125,266475
EICHERMOT_F1,20181204,14:38,23430.00,23430.00,23426.55,23426.55,300,266500
EICHERMOT_F1,20181204,14:39,23430.00,23430.00,23430.00,23430.00,125,266500
EICHERMOT_F1,20181204,14:40,23440.00,23450.35,23440.00,23450.35,125,266500
EICHERMOT_F1,20181204,14:41,23470.90,23470.90,23470.90,23470.90,100,266425
EICHERMOT_F1,20181204,14:42,23453.90,23453.90,23446.25,23446.25,150,266425
EICHERMOT_F1,20181204,14:44,23467.40,23467.40,23467.40,23467.40,50,266425
EICHERMOT_F1,20181204,14:45,23470.35,23470.35,23455.00,23455.00,50,266375
EICHERMOT_F1,20181204,14:46,23455.40,23455.40,23455.40,23455.40,25,266375
EICHERMOT_F1,20181204,14:47,23431.05,23431.20,23431.05,23431.20,150,266350
EICHERMOT_F1,20181204,14:48,23444.00,23444.00,23444.00,23444.00,50,266350
EICHERMOT_F1,20181204,14:49,23458.00,23458.00,23432.90,23432.90,100,266350
EICHERMOT_F1,20181204,14:50,23438.50,23438.50,23438.50,23438.50,25,266350
EICHERMOT_F1,20181204,14:52,23466.95,23466.95,23466.95,23466.95,100,266475
EICHERMOT_F1,20181204,14:54,23510.60,23510.60,23510.60,23510.60,100,266525
EICHERMOT_F1,20181204,14:55,23493.70,23493.70,23493.70,23493.70,50,266525
EICHERMOT_F1,20181204,14:56,23495.25,23495.25,23495.25,23495.25,25,266525
EICHERMOT_F1,20181204,14:57,23493.70,23493.70,23466.95,23466.95,75,266550
EICHERMOT_F1,20181204,14:58,23491.40,23491.40,23466.95,23466.95,200,266550
EICHERMOT_F1,20181204,15:00,23469.95,23503.55,23469.95,23481.85,225,266650
EICHERMOT_F1,20181204,15:01,23473.65,23479.80,23470.70,23479.80,150,266650
EICHERMOT_F1,20181204,15:02,23460.00,23460.00,23460.00,23460.00,25,266650
EICHERMOT_F1,20181204,15:03,23464.30,23471.50,23451.00,23451.00,125,266500
EICHERMOT_F1,20181204,15:04,23470.90,23470.90,23451.00,23470.80,75,266500
EICHERMOT_F1,20181204,15:05,23470.55,23483.50,23470.55,23483.50,175,266550
EICHERMOT_F1,20181204,15:06,23483.80,23488.05,23470.00,23488.05,125,266550
EICHERMOT_F1,20181204,15:07,23487.00,23489.75,23470.00,23483.65,125,266550
EICHERMOT_F1,20181204,15:08,23480.00,23489.95,23480.00,23489.95,100,265950
EICHERMOT_F1,20181204,15:09,23488.20,23510.55,23488.20,23510.55,250,265950
EICHERMOT_F1,20181204,15:10,23518.10,23555.55,23518.10,23520.95,950,265950
EICHERMOT_F1,20181204,15:11,23525.25,23530.00,23525.05,23530.00,75,265850
EICHERMOT_F1,20181204,15:12,23524.75,23524.75,23494.00,23494.00,100,265850
EICHERMOT_F1,20181204,15:13,23509.00,23509.00,23457.00,23479.20,175,265850
EICHERMOT_F1,20181204,15:14,23483.80,23483.80,23469.00,23469.00,100,265925
EICHERMOT_F1,20181204,15:15,23469.00,23511.40,23469.00,23511.40,400,265925
EICHERMOT_F1,20181204,15:16,23510.95,23530.00,23484.15,23490.30,550,265925
EICHERMOT_F1,20181204,15:17,23500.75,23525.00,23498.15,23525.00,450,265975
EICHERMOT_F1,20181204,15:18,23537.55,23540.05,23522.40,23522.40,275,265975
EICHERMOT_F1,20181204,15:19,23534.95,23548.55,23527.15,23527.15,325,265975
EICHERMOT_F1,20181204,15:20,23538.00,23545.60,23538.00,23539.00,75,266100
EICHERMOT_F1,20181204,15:21,23517.05,23544.00,23515.45,23538.35,550,266100
EICHERMOT_F1,20181204,15:22,23514.30,23529.60,23500.10,23500.10,200,266100
EICHERMOT_F1,20181204,15:23,23500.00,23500.00,23490.00,23490.00,325,266225
EICHERMOT_F1,20181204,15:24,23475.00,23501.90,23452.30,23489.00,250,266225
EICHERMOT_F1,20181204,15:25,23476.90,23479.95,23457.60,23460.00,400,266225
EICHERMOT_F1,20181204,15:26,23455.30,23455.30,23455.00,23455.00,50,266425
EICHERMOT_F1,20181204,15:27,23451.00,23459.45,23451.00,23459.45,150,266425
EICHERMOT_F1,20181204,15:28,23461.20,23461.20,23434.35,23450.05,350,266425
EICHERMOT_F1,20181204,15:29,23425.00,23438.20,23420.00,23420.20,2350,266100
EICHERMOT_F1,20181204,15:30,23435.45,23469.75,23420.10,23420.10,525,266100
EICHERMOT_F1,20181204,16:36,23479.95,23479.95,23479.95,23479.95,1,263125
