NIFTY_F1,20181204,09:16,10917.75,10917.75,10903.15,10909.80,100575,19832624
NIFTY_F1,20181204,09:17,10909.95,10914.40,10909.35,10910.10,58275,19846576
NIFTY_F1,20181204,09:18,10911.55,10913.00,10901.85,10903.00,53850,19846576
NIFTY_F1,20181204,09:19,10902.00,10902.00,10897.10,10898.75,60150,19846576
NIFTY_F1,20181204,09:20,10898.00,10906.00,10897.15,10903.60,48075,19874776
NIFTY_F1,20181204,09:21,10903.65,10906.00,10901.30,10904.95,32925,19874776
NIFTY_F1,20181204,09:22,10903.95,10903.95,10895.20,10896.65,47100,19874776
NIFTY_F1,20181204,09:23,10895.60,10898.00,10894.00,10896.00,41325,19932300
NIFTY_F1,20181204,09:24,10896.05,10900.00,10895.20,10900.00,23775,19932300
NIFTY_F1,20181204,09:25,10898.20,10898.45,10892.70,10895.15,42075,19932300
NIFTY_F1,20181204,09:26,10895.40,10896.90,10890.00,10890.05,41400,19937850
NIFTY_F1,20181204,09:27,10890.00,10891.45,10888.00,10888.60,53550,19937850
NIFTY_F1,20181204,09:28,10888.70,10898.00,10888.70,10897.00,61050,19937850
NIFTY_F1,20181204,09:29,10895.30,10895.95,10887.75,10888.60,24525,19961550
NIFTY_F1,20181204,09:30,10888.55,10889.10,10886.00,10888.10,29175,19961550
NIFTY_F1,20181204,09:31,10884.15,10886.00,10882.70,10884.10,61500,19961550
NIFTY_F1,20181204,09:32,10884.95,10889.90,10882.35,10889.90,26700,19988776
NIFTY_F1,20181204,09:33,10889.90,10890.00,10885.00,10885.00,25500,19988776
NIFTY_F1,20181204,09:34,10884.00,10885.90,10883.00,10885.00,21075,19988776
NIFTY_F1,20181204,09:35,10886.00,10887.00,10883.45,10883.90,21825,20006476
NIFTY_F1,20181204,09:36,10883.90,10888.20,10883.00,10887.10,18450,20006476
NIFTY_F1,20181204,09:37,10888.20,10892.00,10887.25,10892.00,25200,20026500
NIFTY_F1,20181204,09:38,10892.00,10892.80,10889.40,10890.00,22575,20026500
NIFTY_F1,20181204,09:39,10889.90,10891.30,10886.00,10891.30,15600,20026500
NIFTY_F1,20181204,09:40,10891.50,10891.55,10885.00,10886.65,17100,20026500
NIFTY_F1,20181204,09:41,10886.00,10890.75,10886.00,10890.25,8850,20037750
NIFTY_F1,20181204,09:42,10890.25,10893.75,10890.05,10893.75,17100,20037750
NIFTY_F1,20181204,09:43,10894.00,10895.00,10889.00,10889.55,23925,20037524
NIFTY_F1,20181204,09:44,10889.95,10894.00,10889.55,10893.40,14550,20037524
NIFTY_F1,20181204,09:45,10892.00,10893.50,10889.10,10890.00,17025,20037524
NIFTY_F1,20181204,09:46,10889.85,10891.00,10888.00,10888.50,16725,20037524
NIFTY_F1,20181204,09:47,10888.50,10896.00,10888.50,10895.05,13650,20054250
NIFTY_F1,20181204,09:48,10895.00,10899.60,10895.00,10899.25,18750,20054250
NIFTY_F1,20181204,09:49,10899.45,10899.45,10896.35,10898.15,14325,20054250
NIFTY_F1,20181204,09:50,10897.65,10897.65,10888.85,10890.00,37350,20068200
NIFTY_F1,20181204,09:51,10890.00,10894.90,10887.75,10894.00,12375,20068200
NIFTY_F1,20181204,09:52,10894.00,10897.10,10894.00,10896.00,12600,20083724
NIFTY_F1,20181204,09:53,10896.05,10897.80,10895.20,10897.05,8100,20083724
NIFTY_F1,20181204,09:54,10897.05,10899.90,10897.05,10899.70,8025,20083724
NIFTY_F1,20181204,09:55,10899.00,10899.00,10895.00,10896.10,8700,20083724
NIFTY_F1,20181204,09:56,10897.00,10899.00,10894.70,10898.45,8250,20089124
NIFTY_F1,20181204,09:57,10898.00,10899.20,10895.50,10897.35,10875,20089124
NIFTY_F1,20181204,09:58,10897.35,10897.90,10895.00,10896.30,11625,20089124
NIFTY_F1,20181204,09:59,10896.30,10897.00,10894.00,10896.00,11175,20095650
NIFTY_F1,20181204,10:00,10896.00,10896.65,10891.95,10892.75,15525,20095650
NIFTY_F1,20181204,10:01,10891.55,10894.05,10890.60,10894.05,10125,20095650
NIFTY_F1,20181204,10:02,10893.55,10896.00,10893.50,10895.70,7125,20095800
NIFTY_F1,20181204,10:03,10896.00,10899.90,10895.55,10899.90,13950,20095800
NIFTY_F1,20181204,10:04,10899.70,10905.95,10899.20,10902.00,32700,20087176
NIFTY_F1,20181204,10:05,10902.00,10903.65,10896.10,10898.00,22800,20087176
NIFTY_F1,20181204,10:06,10896.20,10898.30,10891.80,10893.00,18675,20087176
NIFTY_F1,20181204,10:07,10893.00,10898.00,10892.50,10896.90,10575,20087176
NIFTY_F1,20181204,10:08,10898.00,10898.80,10894.15,10894.15,6150,20095050
NIFTY_F1,20181204,10:09,10894.95,10894.95,10892.00,10893.90,6975,20095050
NIFTY_F1,20181204,10:10,10893.25,10893.25,10890.50,10892.25,10500,20095050
NIFTY_F1,20181204,10:11,10892.20,10897.95,10890.55,10896.55,11850,20097300
NIFTY_F1,20181204,10:12,10896.40,10897.95,10895.25,10897.95,3900,20097300
NIFTY_F1,20181204,10:13,10897.05,10897.05,10891.55,10893.00,12075,20099476
NIFTY_F1,20181204,10:14,10893.05,10895.75,10892.25,10895.75,5400,20099476
NIFTY_F1,20181204,10:15,10895.15,10897.90,10895.15,10896.55,7350,20099476
NIFTY_F1,20181204,10:16,10897.95,10899.90,10896.55,10896.85,8775,20099476
NIFTY_F1,20181204,10:17,10896.55,10898.45,10893.55,10897.00,6900,20106524
NIFTY_F1,20181204,10:18,10897.00,10898.20,10895.85,10895.85,10875,20106524
NIFTY_F1,20181204,10:19,10896.95,10897.30,10894.00,10896.10,4050,20106524
NIFTY_F1,20181204,10:20,10896.05,10898.00,10896.05,10897.85,6075,20113200
NIFTY_F1,20181204,10:21,10898.55,10899.00,10895.65,10896.45,4050,20113200
NIFTY_F1,20181204,10:22,10897.65,10898.15,10896.00,10897.05,4125,20113200
NIFTY_F1,20181204,10:23,10896.95,10896.95,10893.15,10893.70,4650,20115150
NIFTY_F1,20181204,10:24,10894.00,10894.95,10891.05,10892.00,14550,20115150
NIFTY_F1,20181204,10:25,10891.75,10893.80,10890.50,10890.50,7050,20115150
NIFTY_F1,20181204,10:26,10890.50,10890.50,10887.25,10888.00,23325,20108024
NIFTY_F1,20181204,10:27,10888.10,10890.90,10888.10,10890.00,6525,20108024
NIFTY_F1,20181204,10:28,10889.35,10895.00,10889.35,10893.25,6975,20108024
NIFTY_F1,20181204,10:29,10894.00,10895.35,10892.60,10892.60,6900,20110576
NIFTY_F1,20181204,10:30,10893.80,10895.50,10893.00,10894.00,4800,20110576
NIFTY_F1,20181204,10:31,10893.10,10893.10,10887.00,10887.10,12225,20110576
NIFTY_F1,20181204,10:32,10887.10,10890.45,10887.00,10888.45,9150,20112076
NIFTY_F1,20181204,10:33,10887.40,10889.70,10887.00,10887.90,8850,20112076
NIFTY_F1,20181204,10:34,10887.05,10890.00,10886.55,10889.10,10200,20112076
NIFTY_F1,20181204,10:35,10889.90,10890.00,10889.00,10889.00,6150,20112000
NIFTY_F1,20181204,10:36,10888.10,10888.10,10887.00,10888.00,4875,20112000
NIFTY_F1,20181204,10:37,10888.00,10889.10,10887.65,10887.65,4350,20112000
NIFTY_F1,20181204,10:38,10888.00,10893.00,10888.00,10893.00,7050,20117250
NIFTY_F1,20181204,10:39,10893.00,10893.00,10890.00,10892.90,4650,20117250
NIFTY_F1,20181204,10:40,10890.10,10892.95,10890.00,10892.95,4575,20123776
NIFTY_F1,20181204,10:41,10892.45,10895.00,10892.15,10894.10,4800,20123776
NIFTY_F1,20181204,10:42,10894.00,10898.00,10894.00,10898.00,10950,20123776
NIFTY_F1,20181204,10:43,10898.00,10898.95,10897.10,10897.10,5775,20119800
NIFTY_F1,20181204,10:44,10898.00,10898.00,10897.00,10897.00,3900,20119800
NIFTY_F1,20181204,10:45,10897.50,10897.50,10896.00,10896.00,3000,20119800
NIFTY_F1,20181204,10:46,10897.00,10897.00,10895.15,10896.50,4050,20119800
NIFTY_F1,20181204,10:47,10896.15,10899.00,10893.05,10893.90,18225,20124150
NIFTY_F1,20181204,10:48,10893.95,10894.00,10890.30,10890.30,10875,20124150
NIFTY_F1,20181204,10:49,10890.40,10892.35,10890.30,10891.95,3075,20124150
NIFTY_F1,20181204,10:50,10891.95,10891.95,10889.05,10889.05,5625,20129324
NIFTY_F1,20181204,10:51,10889.70,10891.35,10888.00,10889.45,6150,20129324
NIFTY_F1,20181204,10:52,10889.45,10893.10,10889.45,10892.65,5175,20129324
NIFTY_F1,20181204,10:53,10893.00,10893.05,10890.00,10890.65,10125,20133000
NIFTY_F1,20181204,10:54,10891.55,10891.55,10886.50,10889.10,9525,20133000
NIFTY_F1,20181204,10:55,10888.05,10889.00,10882.65,10883.00,33075,20133000
NIFTY_F1,20181204,10:56,10884.00,10886.50,10884.00,10884.00,11400,20136300
NIFTY_F1,20181204,10:57,10884.00,10885.00,10883.55,10884.95,4575,20136300
NIFTY_F1,20181204,10:58,10885.00,10887.20,10883.00,10883.00,10650,20142000
NIFTY_F1,20181204,10:59,10883.90,10884.85,10882.20,10883.00,14550,20142000
NIFTY_F1,20181204,11:00,10882.20,10887.85,10882.20,10886.60,14025,20142000
NIFTY_F1,20181204,11:01,10886.60,10887.00,10884.45,10884.60,12825,20140500
NIFTY_F1,20181204,11:02,10886.00,10887.70,10883.50,10887.70,12225,20140500
NIFTY_F1,20181204,11:03,10887.00,10888.80,10885.30,10888.00,10800,20140500
NIFTY_F1,20181204,11:04,10886.85,10888.00,10886.05,10886.05,7275,20141250
NIFTY_F1,20181204,11:05,10886.00,10888.05,10885.05,10887.80,7275,20141250
NIFTY_F1,20181204,11:06,10887.15,10889.10,10886.25,10889.05,14250,20141250
NIFTY_F1,20181204,11:07,10889.00,10889.25,10887.90,10888.00,15675,20140576
NIFTY_F1,20181204,11:08,10888.00,10888.85,10887.00,10887.50,3225,20140576
NIFTY_F1,20181204,11:09,10887.45,10889.15,10887.45,10888.95,3525,20140576
NIFTY_F1,20181204,11:10,10888.85,10888.85,10885.00,10885.30,7800,20140576
NIFTY_F1,20181204,11:11,10885.20,10885.20,10881.00,10881.00,32100,20143800
NIFTY_F1,20181204,11:12,10880.10,10880.10,10875.00,10878.10,139650,20143800
NIFTY_F1,20181204,11:13,10878.20,10880.00,10876.50,10878.00,26025,20143800
NIFTY_F1,20181204,11:14,10877.65,10878.45,10875.35,10877.25,20250,20147476
NIFTY_F1,20181204,11:15,10877.00,10880.00,10876.50,10880.00,18450,20147476
NIFTY_F1,20181204,11:16,10878.70,10882.20,10876.85,10882.00,21525,20147476
NIFTY_F1,20181204,11:17,10882.00,10882.00,10880.00,10881.50,8025,20156476
NIFTY_F1,20181204,11:18,10881.40,10882.20,10877.05,10877.25,17250,20156476
NIFTY_F1,20181204,11:19,10877.10,10878.00,10873.00,10873.00,30375,20156476
NIFTY_F1,20181204,11:20,10873.00,10877.00,10873.00,10877.00,21975,20154750
NIFTY_F1,20181204,11:21,10876.00,10876.85,10872.60,10875.20,27000,20154750
NIFTY_F1,20181204,11:22,10876.05,10879.65,10875.00,10879.10,20250,20154750
NIFTY_F1,20181204,11:23,10879.10,10881.00,10878.00,10878.45,10425,20148824
NIFTY_F1,20181204,11:24,10878.05,10882.45,10876.55,10881.00,20550,20148824
NIFTY_F1,20181204,11:25,10882.30,10882.40,10880.05,10881.10,7425,20148824
NIFTY_F1,20181204,11:26,10882.00,10883.30,10881.10,10883.20,6075,20159624
NIFTY_F1,20181204,11:27,10882.45,10883.25,10881.00,10882.10,6300,20159624
NIFTY_F1,20181204,11:28,10882.00,10882.80,10878.00,10880.00,8325,20159624
NIFTY_F1,20181204,11:29,10880.00,10880.50,10878.40,10879.95,4875,20161876
NIFTY_F1,20181204,11:30,10880.00,10880.00,10878.65,10878.65,5700,20161876
NIFTY_F1,20181204,11:31,10879.00,10879.45,10876.60,10877.50,9525,20161876
NIFTY_F1,20181204,11:32,10879.00,10879.70,10877.15,10878.00,5700,20162250
NIFTY_F1,20181204,11:33,10879.80,10879.80,10877.05,10877.60,8025,20162250
NIFTY_F1,20181204,11:34,10877.00,10877.80,10875.00,10875.50,10050,20162250
NIFTY_F1,20181204,11:35,10875.00,10875.30,10872.00,10872.30,17925,20168176
NIFTY_F1,20181204,11:36,10873.50,10876.20,10872.25,10874.00,19575,20168176
NIFTY_F1,20181204,11:37,10874.15,10876.05,10872.00,10876.05,20550,20178000
NIFTY_F1,20181204,11:38,10877.10,10879.90,10875.00,10879.90,18525,20178000
NIFTY_F1,20181204,11:39,10880.50,10882.50,10878.60,10880.85,21525,20178000
NIFTY_F1,20181204,11:40,10880.45,10880.45,10876.50,10877.90,13200,20171550
NIFTY_F1,20181204,11:41,10878.00,10878.00,10876.00,10877.00,2175,20171550
NIFTY_F1,20181204,11:42,10877.00,10879.95,10876.85,10879.00,5925,20171550
NIFTY_F1,20181204,11:43,10880.00,10882.45,10879.45,10882.00,8550,20167200
NIFTY_F1,20181204,11:44,10882.00,10886.50,10882.00,10886.35,17625,20167200
NIFTY_F1,20181204,11:45,10886.15,10888.00,10885.00,10885.00,11550,20167200
NIFTY_F1,20181204,11:46,10885.05,10887.00,10885.05,10886.50,6900,20167200
NIFTY_F1,20181204,11:47,10885.05,10890.65,10885.05,10889.85,22125,20163524
NIFTY_F1,20181204,11:48,10889.00,10891.75,10888.95,10889.00,24300,20163524
NIFTY_F1,20181204,11:49,10889.05,10891.00,10887.55,10889.70,9150,20163524
NIFTY_F1,20181204,11:50,10889.70,10892.10,10889.70,10890.00,13425,20162550
NIFTY_F1,20181204,11:51,10890.00,10891.00,10886.80,10887.00,6450,20162550
NIFTY_F1,20181204,11:52,10887.35,10891.00,10887.20,10890.30,7275,20162550
NIFTY_F1,20181204,11:53,10891.05,10891.05,10887.00,10887.05,8625,20167500
NIFTY_F1,20181204,11:54,10886.45,10887.00,10885.00,10885.05,3525,20167500
NIFTY_F1,20181204,11:55,10885.05,10886.05,10884.50,10886.05,9375,20174100
NIFTY_F1,20181204,11:56,10886.25,10890.00,10886.25,10890.00,3450,20174100
NIFTY_F1,20181204,11:57,10888.90,10893.10,10888.90,10893.10,15375,20174100
NIFTY_F1,20181204,11:58,10891.25,10893.15,10890.00,10891.00,8400,20174100
NIFTY_F1,20181204,11:59,10891.50,10892.00,10888.00,10888.00,11475,20178376
NIFTY_F1,20181204,12:00,10888.00,10889.00,10887.15,10888.15,4275,20178376
NIFTY_F1,20181204,12:01,10888.15,10888.15,10884.00,10885.50,13425,20178376
NIFTY_F1,20181204,12:02,10887.40,10887.40,10885.00,10886.80,6300,20182724
NIFTY_F1,20181204,12:03,10887.00,10892.75,10887.00,10892.00,7575,20182724
NIFTY_F1,20181204,12:04,10892.00,10894.10,10891.00,10893.50,10500,20182724
NIFTY_F1,20181204,12:05,10894.00,10898.80,10893.50,10896.75,37200,20180924
NIFTY_F1,20181204,12:06,10896.75,10898.55,10895.00,10895.00,16350,20180924
NIFTY_F1,20181204,12:07,10896.00,10896.00,10891.65,10892.00,8700,20180924
NIFTY_F1,20181204,12:08,10892.95,10895.00,10892.15,10894.65,4725,20182350
NIFTY_F1,20181204,12:09,10895.50,10895.50,10890.30,10892.65,6000,20182350
NIFTY_F1,20181204,12:10,10891.30,10893.00,10890.00,10893.00,5325,20182350
NIFTY_F1,20181204,12:11,10893.00,10893.60,10891.25,10891.50,1575,20184750
NIFTY_F1,20181204,12:12,10891.50,10893.75,10891.25,10893.75,2550,20184750
NIFTY_F1,20181204,12:13,10894.00,10898.00,10894.00,10897.95,7200,20184750
NIFTY_F1,20181204,12:14,10897.10,10898.55,10894.25,10898.20,14700,20185050
NIFTY_F1,20181204,12:15,10898.20,10899.00,10897.05,10898.45,10275,20185050
NIFTY_F1,20181204,12:16,10898.20,10903.50,10898.20,10900.20,38100,20185500
NIFTY_F1,20181204,12:17,10901.00,10904.00,10898.95,10903.00,35100,20185500
NIFTY_F1,20181204,12:18,10901.00,10903.15,10899.80,10899.80,11850,20185500
NIFTY_F1,20181204,12:19,10899.80,10900.00,10896.50,10897.00,5550,20185500
NIFTY_F1,20181204,12:20,10897.00,10898.00,10895.10,10897.50,7125,20201476
NIFTY_F1,20181204,12:21,10898.20,10906.00,10898.05,10906.00,26325,20201476
NIFTY_F1,20181204,12:22,10906.25,10907.05,10904.50,10904.95,16650,20201476
NIFTY_F1,20181204,12:23,10904.10,10904.95,10900.25,10902.50,13125,20201024
NIFTY_F1,20181204,12:24,10903.25,10905.00,10902.60,10904.70,9750,20201024
NIFTY_F1,20181204,12:25,10904.70,10907.00,10904.00,10904.50,11175,20201024
NIFTY_F1,20181204,12:26,10904.50,10904.50,10901.00,10903.90,12525,20208450
NIFTY_F1,20181204,12:27,10902.95,10903.05,10897.35,10898.55,10500,20208450
NIFTY_F1,20181204,12:28,10898.60,10900.00,10898.00,10898.00,6450,20213324
NIFTY_F1,20181204,12:29,10898.00,10899.00,10894.15,10896.00,10875,20213324
NIFTY_F1,20181204,12:30,10896.00,10897.05,10894.60,10896.05,5925,20213324
NIFTY_F1,20181204,12:31,10896.55,10899.00,10896.55,10898.10,7875,20214750
NIFTY_F1,20181204,12:32,10899.00,10903.10,10899.00,10900.10,22800,20214750
NIFTY_F1,20181204,12:33,10900.75,10902.00,10899.80,10900.95,8100,20214750
NIFTY_F1,20181204,12:34,10900.00,10901.00,10894.50,10898.00,30600,20223676
NIFTY_F1,20181204,12:35,10898.80,10899.00,10895.15,10897.60,7725,20223676
NIFTY_F1,20181204,12:36,10897.85,10898.70,10896.80,10898.10,3900,20223676
NIFTY_F1,20181204,12:37,10898.10,10899.00,10897.95,10897.95,3150,20223676
NIFTY_F1,20181204,12:38,10897.70,10898.50,10896.00,10898.50,2850,20223224
NIFTY_F1,20181204,12:39,10898.05,10899.00,10896.95,10896.95,4875,20223224
NIFTY_F1,20181204,12:40,10896.05,10897.00,10896.05,10897.00,1800,20223224
NIFTY_F1,20181204,12:41,10896.20,10898.50,10895.00,10898.50,8175,20227200
NIFTY_F1,20181204,12:42,10898.00,10898.50,10895.50,10896.20,2775,20227200
NIFTY_F1,20181204,12:43,10896.95,10897.90,10896.20,10896.85,4800,20227200
NIFTY_F1,20181204,12:44,10896.10,10896.50,10894.10,10894.25,7200,20226000
NIFTY_F1,20181204,12:45,10894.10,10895.00,10893.80,10894.00,6225,20226000
NIFTY_F1,20181204,12:46,10894.00,10898.50,10894.00,10898.50,6825,20224576
NIFTY_F1,20181204,12:47,10898.15,10899.00,10897.10,10899.00,3450,20224576
NIFTY_F1,20181204,12:48,10898.10,10898.95,10897.50,10898.95,2925,20224576
NIFTY_F1,20181204,12:49,10899.50,10900.00,10898.55,10900.00,6600,20226900
NIFTY_F1,20181204,12:50,10900.00,10902.85,10899.00,10901.00,6300,20226900
NIFTY_F1,20181204,12:51,10901.90,10904.10,10901.00,10903.95,9375,20226900
NIFTY_F1,20181204,12:52,10903.90,10903.90,10901.85,10901.85,6975,20226900
NIFTY_F1,20181204,12:53,10902.00,10902.00,10898.60,10901.85,6600,20232750
NIFTY_F1,20181204,12:54,10901.85,10901.85,10900.00,10900.80,4875,20232750
NIFTY_F1,20181204,12:55,10899.25,10899.50,10894.10,10896.00,10725,20232750
NIFTY_F1,20181204,12:56,10895.50,10897.00,10895.25,10896.20,8250,20235976
NIFTY_F1,20181204,12:57,10895.80,10898.10,10895.20,10898.05,4875,20235976
NIFTY_F1,20181204,12:58,10897.15,10899.00,10897.15,10898.00,2925,20235976
NIFTY_F1,20181204,12:59,10896.00,10898.20,10896.00,10897.90,4050,20208824
NIFTY_F1,20181204,13:00,10896.60,10897.50,10896.10,10897.00,5175,20208824
NIFTY_F1,20181204,13:01,10896.05,10901.00,10896.05,10900.20,9825,20208824
NIFTY_F1,20181204,13:02,10901.00,10901.40,10899.50,10899.50,3525,20213324
NIFTY_F1,20181204,13:03,10899.50,10900.00,10897.00,10897.00,5325,20213324
NIFTY_F1,20181204,13:04,10897.00,10898.10,10896.40,10897.50,2325,20213324
NIFTY_F1,20181204,13:05,10897.95,10898.00,10895.00,10895.20,2175,20214524
NIFTY_F1,20181204,13:06,10895.20,10897.90,10895.10,10897.10,2700,20214524
NIFTY_F1,20181204,13:07,10897.50,10900.00,10897.50,10900.00,2775,20214524
NIFTY_F1,20181204,13:08,10900.00,10900.00,10895.55,10896.05,2475,20213850
NIFTY_F1,20181204,13:09,10895.65,10897.85,10895.00,10896.95,4275,20213850
NIFTY_F1,20181204,13:10,10897.75,10898.95,10897.05,10897.90,4350,20213850
NIFTY_F1,20181204,13:11,10897.85,10900.00,10897.00,10899.20,13350,20215276
NIFTY_F1,20181204,13:12,10899.20,10900.00,10896.60,10898.65,15675,20215276
NIFTY_F1,20181204,13:13,10898.95,10899.40,10896.55,10896.65,2475,20215276
NIFTY_F1,20181204,13:14,10897.00,10899.00,10896.80,10897.70,2025,20227800
NIFTY_F1,20181204,13:15,10897.00,10897.70,10895.00,10895.55,2400,20227800
NIFTY_F1,20181204,13:16,10894.15,10894.50,10886.35,10888.70,38925,20227800
NIFTY_F1,20181204,13:17,10886.10,10889.00,10885.85,10888.00,20100,20212124
NIFTY_F1,20181204,13:18,10888.00,10888.00,10883.20,10883.90,26025,20212124
NIFTY_F1,20181204,13:19,10884.20,10888.00,10880.60,10880.60,39225,20212124
NIFTY_F1,20181204,13:20,10880.20,10885.00,10880.20,10884.15,14400,20205600
NIFTY_F1,20181204,13:21,10885.00,10885.00,10883.00,10883.20,9750,20205600
NIFTY_F1,20181204,13:22,10883.50,10886.60,10882.95,10886.60,8700,20205600
NIFTY_F1,20181204,13:23,10886.60,10889.00,10886.00,10889.00,8175,20187450
NIFTY_F1,20181204,13:24,10889.00,10889.00,10885.15,10886.60,5925,20187450
NIFTY_F1,20181204,13:25,10886.00,10887.10,10885.10,10885.10,3075,20187450
NIFTY_F1,20181204,13:26,10886.10,10888.00,10885.90,10888.00,3750,20188876
NIFTY_F1,20181204,13:27,10888.05,10891.30,10887.15,10887.20,10575,20188876
NIFTY_F1,20181204,13:28,10887.20,10887.20,10885.10,10887.15,7425,20188876
NIFTY_F1,20181204,13:29,10887.20,10889.00,10886.20,10889.00,6750,20188724
NIFTY_F1,20181204,13:30,10889.90,10889.95,10887.20,10888.10,4050,20188724
NIFTY_F1,20181204,13:31,10888.00,10893.70,10887.50,10893.00,14025,20185950
NIFTY_F1,20181204,13:32,10891.00,10891.00,10889.00,10891.00,10125,20185950
NIFTY_F1,20181204,13:33,10891.00,10894.45,10891.00,10891.70,6975,20185950
NIFTY_F1,20181204,13:34,10893.00,10894.15,10890.60,10894.00,4125,20185950
NIFTY_F1,20181204,13:35,10894.00,10898.25,10893.55,10897.35,17775,20189024
NIFTY_F1,20181204,13:36,10896.75,10897.00,10894.60,10895.00,7875,20189024
NIFTY_F1,20181204,13:37,10894.60,10894.60,10889.40,10893.00,6000,20189024
NIFTY_F1,20181204,13:38,10893.85,10895.15,10893.15,10895.00,6150,20196376
NIFTY_F1,20181204,13:39,10895.50,10898.00,10895.00,10898.00,4650,20196376
NIFTY_F1,20181204,13:40,10898.00,10898.40,10895.05,10898.00,5925,20196376
NIFTY_F1,20181204,13:41,10899.05,10905.45,10898.00,10904.00,42750,20200276
NIFTY_F1,20181204,13:42,10904.95,10905.15,10903.00,10904.00,33450,20200276
NIFTY_F1,20181204,13:43,10904.00,10908.00,10903.10,10907.05,29850,20205600
NIFTY_F1,20181204,13:44,10908.05,10923.45,10908.00,10918.50,234450,20205600
NIFTY_F1,20181204,13:45,10916.55,10923.00,10916.55,10918.00,48825,20205600
NIFTY_F1,20181204,13:46,10917.10,10928.40,10916.10,10924.05,98775,20205600
NIFTY_F1,20181204,13:47,10926.00,10929.00,10920.60,10920.60,51600,20181676
NIFTY_F1,20181204,13:48,10922.00,10922.00,10917.00,10917.50,19650,20181676
NIFTY_F1,20181204,13:49,10917.10,10920.75,10916.10,10919.00,23850,20181676
NIFTY_F1,20181204,13:50,10920.00,10921.45,10917.05,10919.00,14400,20181450
NIFTY_F1,20181204,13:51,10919.00,10919.95,10915.10,10915.20,24000,20181450
NIFTY_F1,20181204,13:52,10915.20,10919.00,10914.10,10918.85,21375,20181450
NIFTY_F1,20181204,13:53,10919.00,10921.00,10919.00,10919.65,12525,20197276
NIFTY_F1,20181204,13:54,10919.40,10920.00,10916.15,10919.95,9825,20197276
NIFTY_F1,20181204,13:55,10920.00,10923.00,10919.45,10921.65,18375,20197276
NIFTY_F1,20181204,13:56,10921.95,10922.35,10918.85,10920.00,7800,20205900
NIFTY_F1,20181204,13:57,10920.00,10920.95,10916.50,10918.30,7725,20205900
NIFTY_F1,20181204,13:58,10918.00,10919.30,10917.30,10917.30,6450,20205900
NIFTY_F1,20181204,13:59,10917.30,10918.10,10915.10,10916.10,15600,20212650
NIFTY_F1,20181204,14:00,10916.10,10918.80,10914.70,10918.80,12150,20212650
NIFTY_F1,20181204,14:01,10919.05,10929.95,10918.65,10921.25,89025,20212650
NIFTY_F1,20181204,14:02,10920.00,10921.25,10917.00,10920.00,19500,20256824
NIFTY_F1,20181204,14:03,10920.60,10922.00,10917.55,10917.75,15525,20256824
NIFTY_F1,20181204,14:04,10917.65,10918.00,10912.50,10913.35,37350,20256824
NIFTY_F1,20181204,14:05,10913.00,10914.30,10911.00,10914.30,13200,20255176
NIFTY_F1,20181204,14:06,10914.30,10915.00,10910.10,10910.20,17475,20255176
NIFTY_F1,20181204,14:07,10910.20,10911.10,10908.90,10908.90,11175,20255176
NIFTY_F1,20181204,14:08,10910.00,10912.10,10909.10,10911.00,15525,20245950
NIFTY_F1,20181204,14:09,10911.00,10913.55,10909.70,10912.50,13425,20245950
NIFTY_F1,20181204,14:10,10911.95,10912.10,10908.10,10908.80,13275,20245950
NIFTY_F1,20181204,14:11,10908.10,10912.40,10906.35,10911.00,18975,20245124
NIFTY_F1,20181204,14:12,10910.00,10913.95,10909.55,10910.10,7350,20245124
NIFTY_F1,20181204,14:13,10912.40,10912.40,10908.10,10908.90,11250,20245124
NIFTY_F1,20181204,14:14,10908.30,10916.10,10908.30,10915.00,7200,20246700
NIFTY_F1,20181204,14:15,10914.05,10916.90,10913.15,10913.15,10350,20246700
NIFTY_F1,20181204,14:16,10913.15,10913.15,10909.00,10909.00,5925,20248424
NIFTY_F1,20181204,14:17,10908.10,10910.90,10908.10,10910.50,7050,20248424
NIFTY_F1,20181204,14:18,10910.55,10914.35,10910.00,10912.65,3675,20248424
NIFTY_F1,20181204,14:19,10913.55,10918.90,10913.55,10917.50,19650,20248424
NIFTY_F1,20181204,14:20,10917.20,10919.60,10916.25,10918.35,6600,20255550
NIFTY_F1,20181204,14:21,10918.10,10919.05,10918.10,10918.25,6150,20255550
NIFTY_F1,20181204,14:22,10918.35,10918.40,10913.00,10913.00,8250,20255550
NIFTY_F1,20181204,14:23,10912.65,10916.60,10911.20,10913.55,9375,20262750
NIFTY_F1,20181204,14:24,10913.90,10918.00,10912.80,10918.00,4125,20262750
NIFTY_F1,20181204,14:25,10917.15,10921.10,10916.75,10921.10,18975,20262750
NIFTY_F1,20181204,14:26,10921.00,10922.00,10918.00,10922.00,13125,20266576
NIFTY_F1,20181204,14:27,10922.00,10922.90,10918.90,10918.90,14850,20266576
NIFTY_F1,20181204,14:28,10918.90,10918.90,10914.15,10917.50,11325,20266576
NIFTY_F1,20181204,14:29,10917.50,10917.50,10916.05,10916.05,5175,20278424
NIFTY_F1,20181204,14:30,10916.05,10916.95,10911.55,10911.55,12525,20278424
NIFTY_F1,20181204,14:31,10911.40,10914.00,10911.00,10913.25,9900,20278424
NIFTY_F1,20181204,14:32,10913.25,10917.85,10913.20,10915.95,7050,20282250
NIFTY_F1,20181204,14:33,10916.10,10916.10,10910.65,10911.20,9375,20282250
NIFTY_F1,20181204,14:34,10912.55,10913.75,10908.10,10910.20,12150,20282250
NIFTY_F1,20181204,14:35,10910.20,10915.10,10910.20,10915.10,9600,20288700
NIFTY_F1,20181204,14:36,10915.65,10915.85,10912.00,10912.75,7350,20288700
NIFTY_F1,20181204,14:37,10913.00,10915.55,10910.80,10910.85,8100,20288700
NIFTY_F1,20181204,14:38,10910.85,10911.20,10903.55,10904.00,28050,20299724
NIFTY_F1,20181204,14:39,10904.00,10906.05,10903.20,10905.00,29250,20299724
NIFTY_F1,20181204,14:40,10905.00,10913.10,10905.00,10913.10,21525,20294250
NIFTY_F1,20181204,14:41,10910.20,10911.00,10903.05,10903.80,17100,20294250
NIFTY_F1,20181204,14:42,10903.05,10907.50,10903.05,10907.45,11025,20294250
NIFTY_F1,20181204,14:43,10906.00,10911.85,10905.10,10910.30,8775,20294250
NIFTY_F1,20181204,14:44,10911.00,10913.90,10910.50,10910.50,8250,20294700
NIFTY_F1,20181204,14:45,10911.85,10911.85,10906.55,10909.95,18375,20294700
NIFTY_F1,20181204,14:46,10910.00,10910.00,10908.30,10908.80,6300,20294700
NIFTY_F1,20181204,14:47,10908.25,10908.25,10906.00,10906.30,3450,20284124
NIFTY_F1,20181204,14:48,10907.35,10909.05,10907.10,10908.40,10800,20284124
NIFTY_F1,20181204,14:49,10908.00,10911.00,10908.00,10910.15,5250,20284124
NIFTY_F1,20181204,14:50,10910.00,10917.05,10910.00,10916.15,14175,20279100
NIFTY_F1,20181204,14:51,10915.00,10916.00,10914.85,10916.00,9450,20279100
NIFTY_F1,20181204,14:52,10915.95,10916.95,10914.05,10914.95,4275,20279100
NIFTY_F1,20181204,14:53,10915.00,10915.95,10912.95,10914.60,12900,20272576
NIFTY_F1,20181204,14:54,10914.60,10914.95,10912.65,10913.90,6975,20272576
NIFTY_F1,20181204,14:55,10914.25,10914.25,10910.70,10912.20,18525,20272576
NIFTY_F1,20181204,14:56,10912.25,10914.20,10912.05,10912.10,5775,20277076
NIFTY_F1,20181204,14:57,10912.10,10912.10,10906.00,10908.50,19875,20277076
NIFTY_F1,20181204,14:58,10908.90,10910.40,10906.60,10908.90,23025,20277076
NIFTY_F1,20181204,14:59,10909.00,10911.00,10908.75,10909.70,12600,20267400
NIFTY_F1,20181204,15:00,10911.00,10912.95,10909.20,10910.20,10050,20267400
NIFTY_F1,20181204,15:01,10911.50,10916.00,10909.00,10910.80,32100,20264550
NIFTY_F1,20181204,15:02,10909.05,10911.40,10906.10,10907.40,21975,20264550
NIFTY_F1,20181204,15:03,10906.50,10906.70,10901.95,10903.00,42075,20264550
NIFTY_F1,20181204,15:04,10904.40,10906.95,10902.55,10903.90,16125,20250450
NIFTY_F1,20181204,15:05,10903.40,10904.00,10900.30,10902.00,32250,20250450
NIFTY_F1,20181204,15:06,10902.90,10908.40,10901.15,10905.95,29625,20250450
NIFTY_F1,20181204,15:07,10907.35,10909.00,10905.25,10907.30,13200,20229450
NIFTY_F1,20181204,15:08,10906.00,10909.90,10906.00,10909.90,18375,20229450
NIFTY_F1,20181204,15:09,10908.90,10912.40,10907.55,10911.15,22275,20229450
NIFTY_F1,20181204,15:10,10911.00,10913.50,10909.70,10913.50,17025,20233276
NIFTY_F1,20181204,15:11,10913.05,10913.10,10910.05,10912.90,18600,20233276
NIFTY_F1,20181204,15:12,10912.10,10912.20,10908.60,10909.00,32850,20233276
NIFTY_F1,20181204,15:13,10909.00,10911.10,10908.25,10910.40,38625,20233276
NIFTY_F1,20181204,15:14,10910.55,10911.00,10908.50,10909.90,27675,20259150
NIFTY_F1,20181204,15:15,10909.05,10912.90,10909.05,10911.35,30300,20259150
NIFTY_F1,20181204,15:16,10911.25,10912.10,10908.00,10911.00,42000,20261100
NIFTY_F1,20181204,15:17,10909.25,10911.75,10907.80,10909.85,39000,20261100
NIFTY_F1,20181204,15:18,10910.85,10910.85,10902.05,10903.00,65625,20261100
NIFTY_F1,20181204,15:19,10902.25,10906.90,10901.70,10906.35,40875,20261100
NIFTY_F1,20181204,15:20,10905.25,10908.80,10905.15,10907.50,37575,20220524
NIFTY_F1,20181204,15:21,10908.35,10910.80,10907.10,10908.85,53775,20220524
NIFTY_F1,20181204,15:22,10908.85,10912.25,10908.15,10911.00,43575,20220524
NIFTY_F1,20181204,15:23,10910.85,10912.90,10906.35,10906.35,42525,20212650
NIFTY_F1,20181204,15:24,10906.30,10910.95,10904.00,10908.80,100200,20212650
NIFTY_F1,20181204,15:25,10909.90,10911.00,10908.20,10911.00,35025,20212650
NIFTY_F1,20181204,15:26,10910.45,10911.40,10908.80,10909.50,36750,20179276
NIFTY_F1,20181204,15:27,10910.40,10910.70,10908.20,10908.40,43050,20179276
NIFTY_F1,20181204,15:28,10908.05,10908.45,10906.35,10906.80,57225,20179276
NIFTY_F1,20181204,15:29,10906.40,10906.90,10904.50,10904.55,69900,20188350
NIFTY_F1,20181204,15:30,10904.55,10904.60,10902.75,10903.00,53925,20188350
NIFTY_F1,20181204,15:31,10902.15,10902.15,10902.15,10902.15,75,20188350
NIFTY_F1,20181204,16:36,10907.75,10907.75,10907.75,10907.75,1,20070524
