INDUSINDBK,20180522,09:08,1924.7,1924.7,1924.7,1924.7,469
INDUSINDBK,20180522,09:16,1923.9,1928.25,1917.9,1928.05,11092
INDUSINDBK,20180522,09:17,1928.25,1928.25,1925,1926,6541
INDUSINDBK,20180522,09:18,1926.1,1931.3,1926.05,1928.45,6332
INDUSINDBK,20180522,09:19,1927.6,1928.45,1922.45,1924.05,1357
INDUSINDBK,20180522,09:20,1923.2,1924.1,1922.7,1923.7,528
INDUSINDBK,20180522,09:21,1923,1924.8,1921.2,1924.25,1924
INDUSINDBK,20180522,09:22,1924,1926.05,1924,1924,939
INDUSINDBK,20180522,09:23,1924.8,1926.7,1924.45,1925.55,828
INDUSINDBK,20180522,09:24,1924.45,1924.85,1923.5,1923.5,363
INDUSINDBK,20180522,09:25,1923.5,1923.5,1922.4,1922.9,56
INDUSINDBK,20180522,09:26,1922.4,1922.9,1922,1922.2,398
INDUSINDBK,20180522,09:27,1922,1922.15,1920.55,1921.55,483
INDUSINDBK,20180522,09:28,1921.8,1921.85,1920.65,1921.55,593
INDUSINDBK,20180522,09:29,1922,1922,1917.95,1918,454
INDUSINDBK,20180522,09:30,1918,1918.6,1916.75,1917.35,721
INDUSINDBK,20180522,09:31,1918.4,1919.9,1916.75,1917.45,4654
INDUSINDBK,20180522,09:32,1917.65,1917.65,1917,1917.5,1681
INDUSINDBK,20180522,09:33,1917.55,1917.65,1917,1917.65,321
INDUSINDBK,20180522,09:34,1917.4,1918.5,1917.25,1918.05,1958
INDUSINDBK,20180522,09:35,1918.05,1919.9,1918.05,1918.1,817
INDUSINDBK,20180522,09:36,1918.1,1918.95,1918.05,1918.05,251
INDUSINDBK,20180522,09:37,1918.05,1918.85,1918.05,1918.55,2239
INDUSINDBK,20180522,09:38,1918.8,1921,1917,1917.65,7285
INDUSINDBK,20180522,09:39,1917.05,1917.35,1915.9,1915.9,887
INDUSINDBK,20180522,09:40,1915,1916.1,1915,1915.55,534
INDUSINDBK,20180522,09:41,1915.5,1916.9,1915.25,1915.3,775
INDUSINDBK,20180522,09:42,1915.45,1916.25,1915.35,1916,1071
INDUSINDBK,20180522,09:43,1916,1917.05,1916,1916.65,3404
INDUSINDBK,20180522,09:44,1915.5,1916.2,1910.4,1910.85,2175
INDUSINDBK,20180522,09:45,1911.7,1911.8,1910.45,1910.5,547
INDUSINDBK,20180522,09:46,1911.35,1915.45,1911.35,1915.45,1126
INDUSINDBK,20180522,09:47,1914.05,1918.75,1914.05,1918.45,440
INDUSINDBK,20180522,09:48,1917.3,1919.2,1917.3,1918.3,402
INDUSINDBK,20180522,09:49,1918.05,1920.85,1918,1920,2329
INDUSINDBK,20180522,09:50,1919.15,1919.65,1918,1918,610
INDUSINDBK,20180522,09:51,1918,1918.1,1915.65,1916.05,1329
INDUSINDBK,20180522,09:52,1915.5,1917.05,1915,1917.05,1818
INDUSINDBK,20180522,09:53,1917,1917.4,1915.35,1916.65,1425
INDUSINDBK,20180522,09:54,1916.2,1916.6,1915.6,1916.6,311
INDUSINDBK,20180522,09:55,1917.15,1920,1917.15,1918,2055
INDUSINDBK,20180522,09:56,1918,1918.25,1917.45,1917.8,559
INDUSINDBK,20180522,09:57,1917.35,1918.75,1917,1918.75,127
INDUSINDBK,20180522,09:58,1917.95,1919.55,1917.95,1919,303
INDUSINDBK,20180522,09:59,1919.05,1922.95,1919.05,1922.75,4708
INDUSINDBK,20180522,10:00,1921.3,1922.35,1921.25,1922.2,409
INDUSINDBK,20180522,10:01,1922.05,1923.6,1922,1923.05,410
INDUSINDBK,20180522,10:02,1922.15,1923,1921.25,1921.25,307
INDUSINDBK,20180522,10:03,1921.35,1923.7,1921,1921.35,1640
INDUSINDBK,20180522,10:04,1920.4,1920.45,1919.75,1919.75,403
INDUSINDBK,20180522,10:05,1919.7,1920.3,1919.2,1920.3,597
INDUSINDBK,20180522,10:06,1920.25,1921.45,1920.15,1921.25,183
INDUSINDBK,20180522,10:07,1921,1921,1920.15,1921,142
INDUSINDBK,20180522,10:08,1920.35,1921,1920.35,1920.75,245
INDUSINDBK,20180522,10:09,1920.15,1920.75,1920.15,1920.5,246
INDUSINDBK,20180522,10:10,1920.45,1920.5,1920.45,1920.5,272
INDUSINDBK,20180522,10:11,1920.1,1920.5,1920.1,1920.1,38
INDUSINDBK,20180522,10:12,1919.6,1920.05,1919,1919.25,1273
INDUSINDBK,20180522,10:13,1918.15,1918.15,1916.85,1916.85,548
INDUSINDBK,20180522,10:14,1916.8,1917.6,1916.2,1917,236
INDUSINDBK,20180522,10:15,1916.95,1918.35,1916.5,1918,1336
INDUSINDBK,20180522,10:16,1918.05,1918.05,1916,1916.95,10266
INDUSINDBK,20180522,10:17,1918.05,1918.15,1916.7,1918.1,396
INDUSINDBK,20180522,10:18,1918,1918,1918,1918,531
INDUSINDBK,20180522,10:19,1918,1918.75,1916.8,1918.75,837
INDUSINDBK,20180522,10:20,1917.95,1918.15,1917.8,1918.15,692
INDUSINDBK,20180522,10:21,1918.05,1918.95,1918,1918.15,77
INDUSINDBK,20180522,10:22,1918.05,1918.05,1917.95,1918,93
INDUSINDBK,20180522,10:23,1917.35,1918.05,1917.35,1918,104
INDUSINDBK,20180522,10:24,1918.05,1918.05,1916.55,1918,474
INDUSINDBK,20180522,10:25,1917.95,1918,1917.55,1917.8,276
INDUSINDBK,20180522,10:26,1918,1918.05,1917.9,1918,176
INDUSINDBK,20180522,10:27,1917.8,1918.25,1917.55,1918.25,41
INDUSINDBK,20180522,10:28,1918,1918.05,1917.55,1917.55,208
INDUSINDBK,20180522,10:29,1917.6,1918.05,1917.6,1918.05,168
INDUSINDBK,20180522,10:30,1917.6,1918.2,1917.5,1918.2,27
INDUSINDBK,20180522,10:31,1918.2,1918.5,1917.8,1918.5,309
INDUSINDBK,20180522,10:32,1919,1920.05,1918.95,1920,482
INDUSINDBK,20180522,10:33,1920,1921,1920,1921,244
INDUSINDBK,20180522,10:34,1921,1921.7,1920.45,1921.25,308
INDUSINDBK,20180522,10:35,1921.4,1922.5,1920.75,1921.25,699
INDUSINDBK,20180522,10:36,1920.5,1920.75,1920.5,1920.6,66
INDUSINDBK,20180522,10:37,1920.45,1920.55,1920.45,1920.45,214
INDUSINDBK,20180522,10:38,1920,1920.35,1920,1920.35,173
INDUSINDBK,20180522,10:39,1920,1920.35,1920,1920,274
INDUSINDBK,20180522,10:40,1920,1921,1920,1920,365
INDUSINDBK,20180522,10:41,1920,1921,1920,1921,66
INDUSINDBK,20180522,10:42,1920,1920.65,1920,1920.6,635
INDUSINDBK,20180522,10:43,1920.45,1920.95,1920.45,1920.45,67
INDUSINDBK,20180522,10:44,1920.4,1921,1920.4,1921,11
INDUSINDBK,20180522,10:45,1921,1921,1920,1920.4,373
INDUSINDBK,20180522,10:46,1920.95,1920.95,1920.35,1920.8,46
INDUSINDBK,20180522,10:47,1920.35,1920.75,1920.35,1920.35,48
INDUSINDBK,20180522,10:48,1920.35,1920.7,1920.35,1920.35,72
INDUSINDBK,20180522,10:49,1920.35,1920.6,1920,1920,538
INDUSINDBK,20180522,10:50,1920,1920,1919.85,1919.85,830
INDUSINDBK,20180522,10:51,1919.85,1919.9,1919.75,1919.75,408
INDUSINDBK,20180522,10:52,1919.75,1919.9,1919.5,1919.6,292
INDUSINDBK,20180522,10:53,1919.6,1919.6,1919.1,1919.1,669
INDUSINDBK,20180522,10:54,1919.1,1919.1,1919,1919,43080
INDUSINDBK,20180522,10:55,1919,1919.05,1917.75,1918.05,3451
INDUSINDBK,20180522,10:56,1917.75,1918.2,1917.75,1918.15,4843
INDUSINDBK,20180522,10:57,1918.15,1918.15,1918,1918.15,143
INDUSINDBK,20180522,10:58,1918,1918.1,1917.95,1918,348
INDUSINDBK,20180522,10:59,1917.95,1920,1917.95,1919.15,475
INDUSINDBK,20180522,11:00,1919.15,1919.15,1919,1919,347
INDUSINDBK,20180522,11:01,1919,1919.05,1918.65,1918.65,242
INDUSINDBK,20180522,11:02,1918.3,1920,1918.3,1920,414
INDUSINDBK,20180522,11:03,1920.05,1921,1920,1920.05,613
INDUSINDBK,20180522,11:04,1920,1920.6,1920,1920.6,172
INDUSINDBK,20180522,11:05,1920.6,1921.15,1920,1920,351
INDUSINDBK,20180522,11:06,1920,1920.7,1920,1920,574
INDUSINDBK,20180522,11:07,1920,1920.1,1918.1,1918.1,1351
INDUSINDBK,20180522,11:08,1918.1,1918.45,1918.1,1918.1,295
INDUSINDBK,20180522,11:09,1918.1,1919.1,1918.1,1918.15,374
INDUSINDBK,20180522,11:10,1918.15,1919.95,1917.55,1917.55,1632
INDUSINDBK,20180522,11:11,1917.5,1918,1915.6,1915.6,890
INDUSINDBK,20180522,11:12,1915.05,1916,1913,1913.2,981
INDUSINDBK,20180522,11:13,1913.2,1914.35,1913.2,1913.85,420
INDUSINDBK,20180522,11:14,1913.85,1915,1912.05,1912.05,917
INDUSINDBK,20180522,11:15,1912.25,1913.15,1912.25,1913,944
INDUSINDBK,20180522,11:16,1913,1914.35,1913,1913.2,848
INDUSINDBK,20180522,11:17,1913.25,1914.8,1913.2,1913.9,717
INDUSINDBK,20180522,11:18,1913.25,1914.4,1913.2,1913.2,307
INDUSINDBK,20180522,11:19,1913.2,1914,1913.2,1913.2,913
INDUSINDBK,20180522,11:20,1913.2,1913.5,1913.2,1913.5,724
INDUSINDBK,20180522,11:21,1913.5,1913.5,1913.2,1913.4,482
INDUSINDBK,20180522,11:22,1913.35,1913.7,1913.3,1913.35,173
INDUSINDBK,20180522,11:23,1913.35,1913.35,1913.2,1913.2,300
INDUSINDBK,20180522,11:24,1913.2,1914.15,1913.2,1913.35,456
INDUSINDBK,20180522,11:25,1913.25,1913.5,1913.2,1913.25,331
INDUSINDBK,20180522,11:26,1913.25,1915,1913.25,1914.05,1707
INDUSINDBK,20180522,11:27,1913.65,1913.95,1913.3,1913.35,427
INDUSINDBK,20180522,11:28,1913.35,1913.75,1913.35,1913.35,335
INDUSINDBK,20180522,11:29,1913.4,1915.45,1913.35,1915,502
INDUSINDBK,20180522,11:30,1915,1917.85,1915,1915.6,577
INDUSINDBK,20180522,11:31,1915.6,1918.25,1915.6,1917.65,453
INDUSINDBK,20180522,11:32,1917.65,1920,1916.7,1916.8,540
INDUSINDBK,20180522,11:33,1916.8,1917.2,1915.7,1916.5,217
INDUSINDBK,20180522,11:34,1916.15,1916.15,1915.55,1915.6,249
INDUSINDBK,20180522,11:35,1915.55,1917,1915.55,1915.55,312
INDUSINDBK,20180522,11:36,1915.5,1915.5,1914.1,1914.25,248
INDUSINDBK,20180522,11:37,1914.25,1914.25,1913.25,1913.35,297
INDUSINDBK,20180522,11:38,1913.35,1914.05,1913.35,1914.05,280
INDUSINDBK,20180522,11:39,1914.15,1915.2,1913.55,1913.8,331
INDUSINDBK,20180522,11:40,1913.8,1914.2,1913.3,1913.9,158
INDUSINDBK,20180522,11:41,1913.9,1913.9,1913.05,1913.05,1267
INDUSINDBK,20180522,11:42,1913.05,1914,1913.05,1913.3,864
INDUSINDBK,20180522,11:43,1913.25,1913.35,1913,1913,2804
INDUSINDBK,20180522,11:44,1913,1913.2,1912,1912,553
INDUSINDBK,20180522,11:45,1912,1912,1910.55,1911.85,651
INDUSINDBK,20180522,11:46,1911.85,1912.35,1910.4,1911.6,679
INDUSINDBK,20180522,11:47,1911.6,1912.3,1910.1,1910.9,1287
INDUSINDBK,20180522,11:48,1910.9,1910.9,1910.5,1910.8,122
INDUSINDBK,20180522,11:49,1910.8,1911,1910.5,1910.55,1297
INDUSINDBK,20180522,11:50,1910.5,1912,1910.5,1910.7,569
INDUSINDBK,20180522,11:51,1910.7,1911.5,1910.7,1911.2,389
INDUSINDBK,20180522,11:52,1911.2,1911.75,1910.65,1910.65,467
INDUSINDBK,20180522,11:53,1910.65,1911.2,1910.5,1910.55,498
INDUSINDBK,20180522,11:54,1910.55,1910.8,1910.1,1910.1,715
INDUSINDBK,20180522,11:55,1910.1,1910.65,1909.9,1910.05,1637
INDUSINDBK,20180522,11:56,1909.9,1911.15,1909.85,1909.9,675
INDUSINDBK,20180522,11:57,1909.95,1910.8,1909.8,1909.85,383
INDUSINDBK,20180522,11:58,1910,1910.7,1908.05,1909,4679
INDUSINDBK,20180522,11:59,1908.85,1909.75,1908.05,1908.15,1247
INDUSINDBK,20180522,12:00,1908.2,1910.7,1908.2,1910.15,467
INDUSINDBK,20180522,12:01,1910.15,1910.5,1908.8,1909.95,752
INDUSINDBK,20180522,12:02,1909.75,1910.4,1909.75,1910.2,1110
INDUSINDBK,20180522,12:03,1910.05,1911.6,1910.05,1910.75,987
INDUSINDBK,20180522,12:04,1910.75,1911.9,1910.7,1910.7,877
INDUSINDBK,20180522,12:05,1910.7,1911.8,1909.7,1911.6,471
INDUSINDBK,20180522,12:06,1911.6,1911.7,1910.55,1910.85,651
INDUSINDBK,20180522,12:07,1910.85,1911.2,1910,1910.9,631
INDUSINDBK,20180522,12:08,1910.8,1911.35,1909.8,1911.35,413
INDUSINDBK,20180522,12:09,1911.25,1911.85,1910.55,1910.55,607
INDUSINDBK,20180522,12:10,1910.8,1911.65,1910.15,1911.65,271
INDUSINDBK,20180522,12:11,1911.65,1912,1910.2,1911.9,329
INDUSINDBK,20180522,12:12,1911.85,1911.9,1911.25,1911.55,297
INDUSINDBK,20180522,12:13,1911.55,1912,1911.05,1911.55,352
INDUSINDBK,20180522,12:14,1911.55,1912.5,1911.1,1912.5,420
INDUSINDBK,20180522,12:15,1911.1,1912.05,1911.05,1911.1,325
INDUSINDBK,20180522,12:16,1911.2,1911.8,1910.2,1911.8,487
INDUSINDBK,20180522,12:17,1910.55,1911.75,1910.15,1910.2,290
INDUSINDBK,20180522,12:18,1910.55,1911.9,1910.55,1910.8,248
INDUSINDBK,20180522,12:19,1910.8,1910.8,1910.4,1910.4,128
INDUSINDBK,20180522,12:20,1910.25,1910.65,1910.2,1910.2,221
INDUSINDBK,20180522,12:21,1910.2,1910.25,1910.15,1910.2,324
INDUSINDBK,20180522,12:22,1910.2,1911.5,1910,1910,528
INDUSINDBK,20180522,12:23,1910,1910.35,1910,1910,585
INDUSINDBK,20180522,12:24,1909.8,1910.3,1909.8,1910.2,1516
INDUSINDBK,20180522,12:25,1910.2,1911.3,1910.05,1911.2,445
INDUSINDBK,20180522,12:26,1911.2,1913.6,1911.15,1912.8,864
INDUSINDBK,20180522,12:27,1912.8,1916.55,1912.8,1915.25,2464
INDUSINDBK,20180522,12:28,1915.3,1917.3,1915.3,1917.15,999
INDUSINDBK,20180522,12:29,1917.15,1918.85,1917,1917,2368
INDUSINDBK,20180522,12:30,1916.55,1917.05,1915.6,1916.5,726
INDUSINDBK,20180522,12:31,1916.55,1918,1916.5,1917.65,797
INDUSINDBK,20180522,12:32,1917.65,1920,1917.65,1920,3234
INDUSINDBK,20180522,12:33,1919.75,1920,1917.8,1918.1,2148
INDUSINDBK,20180522,12:34,1918,1918,1916.15,1916.25,603
INDUSINDBK,20180522,12:35,1916.1,1916.1,1915.15,1915.55,465
INDUSINDBK,20180522,12:36,1915.75,1915.95,1915.3,1915.5,477
INDUSINDBK,20180522,12:37,1915.9,1918,1915.5,1917.1,648
INDUSINDBK,20180522,12:38,1917.85,1918,1916.85,1917.8,449
INDUSINDBK,20180522,12:39,1917.8,1919.3,1917.15,1917.5,4666
INDUSINDBK,20180522,12:40,1917.65,1917.85,1916.9,1917.05,2046
INDUSINDBK,20180522,12:41,1917.05,1920.25,1916.95,1918.95,6226
INDUSINDBK,20180522,12:42,1919.15,1921,1918.95,1921,2572
INDUSINDBK,20180522,12:43,1921,1921.2,1919.4,1919.4,1087
INDUSINDBK,20180522,12:44,1920,1920,1918.95,1919.1,1903
INDUSINDBK,20180522,12:45,1919.85,1920.25,1919.05,1919.9,613
INDUSINDBK,20180522,12:46,1919.9,1920.1,1918.15,1918.15,2005
INDUSINDBK,20180522,12:47,1918.15,1919.9,1917.35,1919,2679
INDUSINDBK,20180522,12:48,1919,1920.25,1919,1920.25,1856
INDUSINDBK,20180522,12:49,1920.25,1920.75,1920,1920.25,751
INDUSINDBK,20180522,12:50,1920.25,1920.95,1917.55,1918.9,1597
INDUSINDBK,20180522,12:51,1918.8,1918.8,1917.2,1918.5,1061
INDUSINDBK,20180522,12:52,1918.5,1918.6,1915.1,1915.25,3353
INDUSINDBK,20180522,12:53,1915.8,1916.8,1915.25,1916.4,715
INDUSINDBK,20180522,12:54,1916.35,1916.35,1912.4,1912.95,19023
INDUSINDBK,20180522,12:55,1913,1915.2,1912.3,1914.1,6903
INDUSINDBK,20180522,12:56,1914.25,1916,1914.1,1915,7556
INDUSINDBK,20180522,12:57,1915,1916,1914.2,1915.1,2807
INDUSINDBK,20180522,12:58,1915.3,1916.85,1915.05,1916,1127
INDUSINDBK,20180522,12:59,1916.05,1916.75,1916,1916,583
INDUSINDBK,20180522,13:00,1916.05,1916.4,1916,1916,1028
INDUSINDBK,20180522,13:01,1916.8,1917.25,1916,1917.1,560
INDUSINDBK,20180522,13:02,1917,1917.1,1916.75,1917,680
INDUSINDBK,20180522,13:03,1917,1917.25,1917,1917.15,484
INDUSINDBK,20180522,13:04,1917.2,1917.25,1917,1917,827
INDUSINDBK,20180522,13:05,1917.2,1917.3,1916.75,1917.25,781
INDUSINDBK,20180522,13:06,1917.25,1918.55,1917.2,1918.55,465
INDUSINDBK,20180522,13:07,1918.55,1919.2,1918.5,1919,551
INDUSINDBK,20180522,13:08,1919,1919.4,1918,1918.6,573
INDUSINDBK,20180522,13:09,1918.6,1919.25,1918,1919,597
INDUSINDBK,20180522,13:10,1919,1919.75,1918.85,1919.5,483
INDUSINDBK,20180522,13:11,1919.85,1919.9,1918.35,1919.7,605
INDUSINDBK,20180522,13:12,1919.7,1919.95,1916.15,1916.65,1121
INDUSINDBK,20180522,13:13,1916.5,1917.95,1916.1,1916.1,1953
INDUSINDBK,20180522,13:14,1916.75,1919.25,1915.4,1919.25,3523
INDUSINDBK,20180522,13:15,1919.4,1922.6,1919.4,1922.5,12941
INDUSINDBK,20180522,13:16,1922.55,1923.4,1921.65,1921.7,13927
INDUSINDBK,20180522,13:17,1921.7,1921.9,1919.05,1919.05,2695
INDUSINDBK,20180522,13:18,1919.1,1920,1918.2,1919.5,1694
INDUSINDBK,20180522,13:19,1919.5,1919.55,1918.95,1919.1,637
INDUSINDBK,20180522,13:20,1919.35,1919.4,1918.35,1918.95,609
INDUSINDBK,20180522,13:21,1919.1,1919.2,1918.2,1918.25,704
INDUSINDBK,20180522,13:22,1918.5,1918.95,1918.3,1918.55,537
INDUSINDBK,20180522,13:23,1918.1,1918.3,1916.3,1916.45,2062
INDUSINDBK,20180522,13:24,1916.2,1917.7,1916.1,1916.1,2560
INDUSINDBK,20180522,13:25,1916.9,1918,1916.15,1917.8,578
INDUSINDBK,20180522,13:26,1917.8,1917.8,1916.65,1916.8,462
INDUSINDBK,20180522,13:27,1916.9,1917.95,1916.75,1917.85,520
INDUSINDBK,20180522,13:28,1917,1918,1917,1917.75,337
INDUSINDBK,20180522,13:29,1917.9,1917.9,1916.75,1916.9,1041
INDUSINDBK,20180522,13:30,1916.75,1917.8,1916.75,1917.8,371
INDUSINDBK,20180522,13:31,1917.8,1917.9,1917.15,1917.15,497
INDUSINDBK,20180522,13:32,1917.65,1917.75,1916.95,1916.95,439
INDUSINDBK,20180522,13:33,1917,1918,1917,1917.65,305
INDUSINDBK,20180522,13:34,1917.65,1918,1917.65,1917.75,295
INDUSINDBK,20180522,13:35,1917.75,1919.05,1917.35,1919,660
INDUSINDBK,20180522,13:36,1919.4,1919.6,1918.8,1919.5,466
INDUSINDBK,20180522,13:37,1919.45,1919.45,1918.3,1918.85,315
INDUSINDBK,20180522,13:38,1918.85,1919.05,1917.8,1918.05,431
INDUSINDBK,20180522,13:39,1918.8,1919.05,1918.15,1919.05,4535
INDUSINDBK,20180522,13:40,1919.05,1919.15,1919,1919.1,2244
INDUSINDBK,20180522,13:41,1919.1,1919.45,1919,1919.05,659
INDUSINDBK,20180522,13:42,1919.05,1919.05,1918.15,1918.4,1938
INDUSINDBK,20180522,13:43,1918.35,1918.45,1918.3,1918.35,297
INDUSINDBK,20180522,13:44,1918.25,1918.45,1918.2,1918.45,521
INDUSINDBK,20180522,13:45,1918.5,1919.05,1918.5,1918.95,426
INDUSINDBK,20180522,13:46,1918.85,1919.05,1918.45,1919,307
INDUSINDBK,20180522,13:47,1919.05,1919.05,1918.45,1918.9,424
INDUSINDBK,20180522,13:48,1918.85,1918.9,1918.2,1918.9,321
INDUSINDBK,20180522,13:49,1918.6,1918.9,1918.6,1918.9,377
INDUSINDBK,20180522,13:50,1918.9,1918.9,1918.45,1918.55,541
INDUSINDBK,20180522,13:51,1918.6,1918.9,1918.6,1918.6,197
INDUSINDBK,20180522,13:52,1918.8,1918.9,1918.6,1918.75,416
INDUSINDBK,20180522,13:53,1918.9,1918.9,1918.85,1918.9,354
INDUSINDBK,20180522,13:54,1918.85,1918.9,1918.1,1918.25,685
INDUSINDBK,20180522,13:55,1918.85,1918.9,1918.25,1918.8,274
INDUSINDBK,20180522,13:56,1918.8,1918.9,1918.1,1918.8,431
INDUSINDBK,20180522,13:57,1918.8,1918.95,1918.3,1918.9,887
INDUSINDBK,20180522,13:58,1918.95,1918.95,1918.3,1918.3,546
INDUSINDBK,20180522,13:59,1918.3,1918.95,1916.35,1917.25,694
INDUSINDBK,20180522,14:00,1917.25,1917.75,1917.25,1917.75,288
INDUSINDBK,20180522,14:01,1917.6,1918.9,1917,1918.35,394
INDUSINDBK,20180522,14:02,1918.25,1918.85,1917.85,1918.7,343
INDUSINDBK,20180522,14:03,1918.75,1918.85,1917.9,1918,539
INDUSINDBK,20180522,14:04,1917.45,1918.95,1917.2,1917.2,714
INDUSINDBK,20180522,14:05,1917.7,1918.15,1916.5,1916.75,1636
INDUSINDBK,20180522,14:06,1917.15,1917.15,1915.1,1915.8,524
INDUSINDBK,20180522,14:07,1915.7,1915.7,1914.1,1914.35,947
INDUSINDBK,20180522,14:08,1914.35,1915.25,1914.35,1914.65,260
INDUSINDBK,20180522,14:09,1914.65,1915.2,1914.05,1914.65,884
INDUSINDBK,20180522,14:10,1914.65,1914.75,1912.1,1912.2,898
INDUSINDBK,20180522,14:11,1912.1,1912.2,1910.4,1910.95,2096
INDUSINDBK,20180522,14:12,1910.95,1910.95,1909.7,1909.8,2682
INDUSINDBK,20180522,14:13,1909.8,1910.9,1909.75,1910.25,1018
INDUSINDBK,20180522,14:14,1910.25,1912.5,1910.25,1911,902
INDUSINDBK,20180522,14:15,1911,1912.3,1910.95,1911.95,507
INDUSINDBK,20180522,14:16,1912.35,1912.8,1911.55,1911.65,638
INDUSINDBK,20180522,14:17,1911.4,1911.4,1909.95,1910.4,1659
INDUSINDBK,20180522,14:18,1910.4,1912.55,1910.4,1912.55,418
INDUSINDBK,20180522,14:19,1911.95,1912.4,1910.55,1911.65,2643
INDUSINDBK,20180522,14:20,1911.05,1911.05,1910.4,1910.75,353
INDUSINDBK,20180522,14:21,1910.75,1910.75,1909.8,1910.1,1075
INDUSINDBK,20180522,14:22,1910.15,1910.25,1908.75,1908.9,1844
INDUSINDBK,20180522,14:23,1908.75,1909.5,1908.7,1909.25,445
INDUSINDBK,20180522,14:24,1909.4,1909.5,1909.1,1909.3,900
INDUSINDBK,20180522,14:25,1909.3,1909.6,1908.5,1908.7,990
INDUSINDBK,20180522,14:26,1908.35,1909.35,1908.2,1908.9,779
INDUSINDBK,20180522,14:27,1909.05,1909.25,1908.2,1909.25,3281
INDUSINDBK,20180522,14:28,1909.15,1909.5,1908.25,1909.05,1145
INDUSINDBK,20180522,14:29,1909.05,1909.1,1908,1908.85,2123
INDUSINDBK,20180522,14:30,1908.85,1909.1,1908.05,1908.05,2487
INDUSINDBK,20180522,14:31,1908.8,1908.85,1905.15,1905.55,4045
INDUSINDBK,20180522,14:32,1905.55,1905.55,1902.95,1903,2765
INDUSINDBK,20180522,14:33,1902.8,1902.9,1898.05,1898.7,7916
INDUSINDBK,20180522,14:34,1899,1901.5,1898.6,1900.25,5491
INDUSINDBK,20180522,14:35,1900.2,1900.2,1897.5,1899,3043
INDUSINDBK,20180522,14:36,1898.9,1899.1,1898,1898.8,951
INDUSINDBK,20180522,14:37,1898.8,1899.3,1898.15,1899.3,1206
INDUSINDBK,20180522,14:38,1899.3,1901,1899.3,1901,2895
INDUSINDBK,20180522,14:39,1901.3,1902.2,1901,1902,1247
INDUSINDBK,20180522,14:40,1902.05,1903,1900.2,1900.2,1033
INDUSINDBK,20180522,14:41,1901.3,1901.9,1900.5,1901.6,834
INDUSINDBK,20180522,14:42,1901.9,1901.9,1900.35,1901.6,1213
INDUSINDBK,20180522,14:43,1901.6,1905,1901.45,1905,1495
INDUSINDBK,20180522,14:44,1903.45,1903.9,1901.9,1901.95,1738
INDUSINDBK,20180522,14:45,1901.15,1902.15,1901,1901.15,1198
INDUSINDBK,20180522,14:46,1901.6,1902.5,1901.3,1901.6,808
INDUSINDBK,20180522,14:47,1902.45,1902.5,1901.35,1902.5,658
INDUSINDBK,20180522,14:48,1901.4,1903.6,1901.4,1903.6,839
INDUSINDBK,20180522,14:49,1902.65,1903.4,1902,1902.25,626
INDUSINDBK,20180522,14:50,1902.75,1903.35,1902,1903.2,955
INDUSINDBK,20180522,14:51,1903.2,1904.5,1903,1904.05,865
INDUSINDBK,20180522,14:52,1904.05,1907.5,1904,1905.3,5334
INDUSINDBK,20180522,14:53,1905.75,1908.85,1905.3,1908,1144
INDUSINDBK,20180522,14:54,1908,1908.55,1908,1908.05,791
INDUSINDBK,20180522,14:55,1908.1,1908.45,1907.5,1908.1,632
INDUSINDBK,20180522,14:56,1908.4,1913.4,1908.1,1911.7,3537
INDUSINDBK,20180522,14:57,1912.15,1912.5,1908.95,1909.6,2674
INDUSINDBK,20180522,14:58,1910.25,1910.3,1908.55,1909.7,1096
INDUSINDBK,20180522,14:59,1909.7,1910.35,1909.3,1909.45,1603
INDUSINDBK,20180522,15:00,1909.45,1910.25,1909.45,1909.55,729
INDUSINDBK,20180522,15:01,1910.2,1910.55,1909.25,1909.25,2237
INDUSINDBK,20180522,15:02,1909.25,1909.55,1908.25,1909,2658
INDUSINDBK,20180522,15:03,1909.4,1910.95,1909.3,1909.7,1405
INDUSINDBK,20180522,15:04,1909.7,1910,1909.15,1910,723
INDUSINDBK,20180522,15:05,1910,1910,1908,1908,1108
INDUSINDBK,20180522,15:06,1908,1909,1907.6,1908.65,1383
INDUSINDBK,20180522,15:07,1908.65,1909.55,1908.5,1908.75,760
INDUSINDBK,20180522,15:08,1909.55,1909.7,1908.25,1908.6,2213
INDUSINDBK,20180522,15:09,1908.6,1910,1908.6,1908.85,868
INDUSINDBK,20180522,15:10,1908.9,1910.2,1908.65,1908.65,2060
INDUSINDBK,20180522,15:11,1908.9,1908.9,1907.5,1907.75,2096
INDUSINDBK,20180522,15:12,1907.75,1907.75,1906.2,1906.25,4142
INDUSINDBK,20180522,15:13,1906.25,1906.65,1904.15,1905.6,4334
INDUSINDBK,20180522,15:14,1905.2,1905.55,1904.15,1904.25,692
INDUSINDBK,20180522,15:15,1904.5,1905.85,1904.15,1905.05,1613
INDUSINDBK,20180522,15:16,1905.4,1906.9,1904.65,1906.25,1436
INDUSINDBK,20180522,15:17,1906.55,1907.35,1905.15,1905.6,3264
INDUSINDBK,20180522,15:18,1905.15,1905.85,1905.05,1905.3,1311
INDUSINDBK,20180522,15:19,1905.75,1905.9,1904.3,1905,2570
INDUSINDBK,20180522,15:20,1904.75,1904.75,1903.5,1903.95,4061
INDUSINDBK,20180522,15:21,1903.95,1904.95,1902.7,1902.7,4015
INDUSINDBK,20180522,15:22,1903.25,1903.45,1901.7,1901.85,4335
INDUSINDBK,20180522,15:23,1901.95,1902,1900.1,1900.65,2847
INDUSINDBK,20180522,15:24,1900.65,1900.65,1897.3,1897.4,4552
INDUSINDBK,20180522,15:25,1898,1898.75,1896.5,1898.75,1313
INDUSINDBK,20180522,15:26,1897.95,1898,1896.5,1896.65,1232
INDUSINDBK,20180522,15:27,1897.25,1897.3,1895.15,1897,4029
INDUSINDBK,20180522,15:28,1897,1897.35,1895.1,1897.35,1841
INDUSINDBK,20180522,15:29,1897.4,1898,1895.1,1896,667
INDUSINDBK,20180522,15:30,1897.55,1898,1895,1895,2999
INDUSINDBK,20180522,15:32,1903.95,1903.95,1903.95,1903.95,1
INDUSINDBK,20180522,15:41,1903.95,1903.95,1903.95,1903.95,140
INDUSINDBK,20180522,15:53,1903.95,1903.95,1903.95,1903.95,1
INDUSINDBK,20180522,16:36,1903.95,1903.95,1903.95,1903.95,1
