ASIANPAINT,20210511,09:08,2533.00,2533.00,2533.00,2533.00,7695,0
ASIANPAINT,20210511,09:16,2538.90,2541.00,2521.30,2538.65,26722,0
ASIANPAINT,20210511,09:17,2538.75,2541.90,2534.10,2538.95,11345,0
ASIANPAINT,20210511,09:18,2539.95,2543.90,2538.00,2539.35,11274,0
ASIANPAINT,20210511,09:19,2539.80,2548.90,2539.15,2548.90,12361,0
ASIANPAINT,20210511,09:20,2548.90,2549.20,2544.20,2547.75,8405,0
ASIANPAINT,20210511,09:21,2547.00,2547.85,2540.90,2543.00,5993,0
ASIANPAINT,20210511,09:22,2543.00,2543.00,2539.05,2540.00,5827,0
ASIANPAINT,20210511,09:23,2539.15,2539.70,2538.00,2538.90,3647,0
ASIANPAINT,20210511,09:24,2538.85,2539.15,2531.00,2534.00,11716,0
ASIANPAINT,20210511,09:25,2534.40,2538.00,2533.00,2536.30,4335,0
ASIANPAINT,20210511,09:26,2536.00,2536.45,2535.00,2535.30,3543,0
ASIANPAINT,20210511,09:27,2536.65,2536.65,2532.25,2533.60,4532,0
ASIANPAINT,20210511,09:28,2533.75,2535.30,2532.00,2535.15,4958,0
ASIANPAINT,20210511,09:29,2535.15,2538.95,2535.15,2538.05,2974,0
ASIANPAINT,20210511,09:30,2538.05,2539.00,2536.85,2538.15,3404,0
ASIANPAINT,20210511,09:31,2537.25,2541.40,2536.10,2540.35,4884,0
ASIANPAINT,20210511,09:32,2541.45,2542.00,2540.00,2541.30,3165,0
ASIANPAINT,20210511,09:33,2541.20,2541.45,2533.50,2533.50,3950,0
ASIANPAINT,20210511,09:34,2533.50,2535.45,2532.00,2532.00,2833,0
ASIANPAINT,20210511,09:35,2532.00,2532.95,2532.00,2532.80,1132,0
ASIANPAINT,20210511,09:36,2532.80,2532.80,2530.70,2532.30,6185,0
ASIANPAINT,20210511,09:37,2531.00,2531.80,2527.75,2527.75,7276,0
ASIANPAINT,20210511,09:38,2528.00,2528.50,2527.00,2527.55,3144,0
ASIANPAINT,20210511,09:39,2528.25,2529.75,2527.60,2529.00,2631,0
ASIANPAINT,20210511,09:40,2529.75,2529.75,2528.00,2528.90,2633,0
ASIANPAINT,20210511,09:41,2528.90,2530.00,2528.00,2529.55,1509,0
ASIANPAINT,20210511,09:42,2528.20,2533.80,2528.20,2531.25,2385,0
ASIANPAINT,20210511,09:43,2532.35,2532.35,2530.05,2532.05,1082,0
ASIANPAINT,20210511,09:44,2532.00,2533.00,2531.70,2532.00,1505,0
ASIANPAINT,20210511,09:45,2533.00,2533.00,2531.00,2531.00,2549,0
ASIANPAINT,20210511,09:46,2531.00,2532.15,2530.00,2530.00,2297,0
ASIANPAINT,20210511,09:47,2530.00,2532.25,2530.00,2532.00,1374,0
ASIANPAINT,20210511,09:48,2532.65,2534.40,2532.00,2534.40,3142,0
ASIANPAINT,20210511,09:49,2534.85,2536.45,2532.50,2534.40,3017,0
ASIANPAINT,20210511,09:50,2534.40,2535.95,2532.90,2534.10,733,0
ASIANPAINT,20210511,09:51,2535.00,2535.30,2532.30,2532.35,2763,0
ASIANPAINT,20210511,09:52,2533.00,2534.15,2531.00,2534.15,1564,0
ASIANPAINT,20210511,09:53,2535.30,2535.45,2533.85,2535.45,1750,0
ASIANPAINT,20210511,09:54,2535.30,2535.75,2534.00,2535.45,1551,0
ASIANPAINT,20210511,09:55,2535.45,2536.00,2534.25,2535.80,1786,0
ASIANPAINT,20210511,09:56,2535.80,2535.80,2534.60,2535.75,1093,0
ASIANPAINT,20210511,09:57,2535.75,2536.40,2535.10,2536.40,1722,0
ASIANPAINT,20210511,09:58,2536.00,2536.40,2535.00,2535.00,779,0
ASIANPAINT,20210511,09:59,2535.00,2535.80,2533.10,2533.85,1679,0
ASIANPAINT,20210511,10:00,2534.90,2535.95,2534.00,2535.95,745,0
ASIANPAINT,20210511,10:01,2535.95,2535.95,2534.15,2534.70,688,0
ASIANPAINT,20210511,10:02,2534.70,2536.35,2534.40,2535.05,2601,0
ASIANPAINT,20210511,10:03,2536.25,2542.40,2535.15,2541.95,5741,0
ASIANPAINT,20210511,10:04,2541.95,2545.00,2540.55,2543.40,7519,0
ASIANPAINT,20210511,10:05,2542.90,2543.55,2541.00,2541.60,3093,0
ASIANPAINT,20210511,10:06,2542.20,2543.40,2541.60,2543.10,3415,0
ASIANPAINT,20210511,10:07,2543.00,2543.00,2541.00,2542.00,1237,0
ASIANPAINT,20210511,10:08,2542.00,2542.00,2540.00,2540.00,2290,0
ASIANPAINT,20210511,10:09,2540.00,2540.30,2538.90,2539.00,2415,0
ASIANPAINT,20210511,10:10,2538.20,2539.00,2537.00,2539.00,1457,0
ASIANPAINT,20210511,10:11,2540.60,2542.00,2540.00,2541.00,2572,0
ASIANPAINT,20210511,10:12,2541.05,2543.00,2540.00,2543.00,2304,0
ASIANPAINT,20210511,10:13,2542.25,2543.80,2542.25,2543.80,1459,0
ASIANPAINT,20210511,10:14,2543.80,2543.90,2542.65,2542.90,741,0
ASIANPAINT,20210511,10:15,2543.00,2543.20,2542.10,2543.10,669,0
ASIANPAINT,20210511,10:16,2542.60,2543.10,2540.00,2540.00,822,0
ASIANPAINT,20210511,10:17,2540.00,2540.70,2537.75,2538.10,1711,0
ASIANPAINT,20210511,10:18,2539.20,2539.20,2535.70,2537.15,1532,0
ASIANPAINT,20210511,10:19,2536.35,2537.75,2535.25,2537.00,1062,0
ASIANPAINT,20210511,10:20,2537.00,2537.95,2536.15,2537.95,627,0
ASIANPAINT,20210511,10:21,2539.25,2540.05,2536.00,2537.00,2154,0
ASIANPAINT,20210511,10:22,2537.00,2537.35,2534.00,2535.45,4106,0
ASIANPAINT,20210511,10:23,2535.45,2535.45,2534.05,2534.20,1039,0
ASIANPAINT,20210511,10:24,2534.95,2535.00,2533.60,2534.00,2337,0
ASIANPAINT,20210511,10:25,2534.65,2535.00,2533.65,2534.00,2676,0
ASIANPAINT,20210511,10:26,2533.25,2534.00,2533.00,2533.40,956,0
ASIANPAINT,20210511,10:27,2533.95,2533.95,2533.20,2533.55,1123,0
ASIANPAINT,20210511,10:28,2533.80,2533.80,2531.20,2532.55,2893,0
ASIANPAINT,20210511,10:29,2532.45,2535.45,2532.45,2534.35,1668,0
ASIANPAINT,20210511,10:30,2534.35,2537.80,2533.10,2537.60,922,0
ASIANPAINT,20210511,10:31,2537.50,2537.80,2536.30,2536.70,858,0
ASIANPAINT,20210511,10:32,2536.60,2537.85,2535.25,2537.85,1972,0
ASIANPAINT,20210511,10:33,2537.25,2537.90,2535.75,2536.70,370,0
ASIANPAINT,20210511,10:34,2536.25,2537.55,2534.60,2537.55,1270,0
ASIANPAINT,20210511,10:35,2537.90,2537.90,2536.00,2536.05,239,0
ASIANPAINT,20210511,10:36,2536.85,2537.15,2535.15,2537.10,688,0
ASIANPAINT,20210511,10:37,2536.00,2540.40,2536.00,2540.30,2171,0
ASIANPAINT,20210511,10:38,2540.45,2543.80,2540.25,2542.35,2834,0
ASIANPAINT,20210511,10:39,2543.90,2546.65,2542.00,2546.15,7458,0
ASIANPAINT,20210511,10:40,2546.35,2550.00,2545.00,2549.70,6075,0
ASIANPAINT,20210511,10:41,2549.75,2550.00,2548.00,2549.10,5468,0
ASIANPAINT,20210511,10:42,2549.00,2549.25,2546.45,2546.45,1782,0
ASIANPAINT,20210511,10:43,2547.30,2547.35,2546.00,2546.00,2032,0
ASIANPAINT,20210511,10:44,2546.20,2546.30,2545.30,2546.00,2014,0
ASIANPAINT,20210511,10:45,2545.40,2545.85,2543.20,2543.35,1529,0
ASIANPAINT,20210511,10:46,2543.20,2547.75,2543.20,2547.05,2450,0
ASIANPAINT,20210511,10:47,2546.80,2550.85,2546.80,2550.85,5775,0
ASIANPAINT,20210511,10:48,2550.85,2551.25,2550.00,2550.50,3547,0
ASIANPAINT,20210511,10:49,2550.35,2550.35,2545.65,2547.25,3751,0
ASIANPAINT,20210511,10:50,2545.90,2547.30,2545.70,2546.45,1513,0
ASIANPAINT,20210511,10:51,2546.80,2547.85,2546.05,2546.70,2896,0
ASIANPAINT,20210511,10:52,2546.90,2547.00,2546.50,2546.65,960,0
ASIANPAINT,20210511,10:53,2546.65,2546.80,2545.30,2546.45,2082,0
ASIANPAINT,20210511,10:54,2546.45,2546.45,2545.00,2545.65,622,0
ASIANPAINT,20210511,10:55,2545.00,2545.00,2541.50,2542.95,3066,0
ASIANPAINT,20210511,10:56,2542.40,2543.30,2541.30,2542.50,1982,0
ASIANPAINT,20210511,10:57,2543.10,2543.15,2538.30,2540.05,6632,0
ASIANPAINT,20210511,10:58,2539.05,2541.00,2538.25,2540.05,3466,0
ASIANPAINT,20210511,10:59,2540.00,2540.05,2538.00,2538.25,2234,0
ASIANPAINT,20210511,11:00,2538.25,2538.25,2536.15,2536.35,2328,0
ASIANPAINT,20210511,11:01,2537.20,2538.00,2536.25,2537.90,1522,0
ASIANPAINT,20210511,11:02,2537.90,2537.90,2536.50,2537.00,1443,0
ASIANPAINT,20210511,11:03,2537.00,2537.35,2534.30,2535.00,5473,0
ASIANPAINT,20210511,11:04,2534.80,2536.50,2533.50,2534.80,3460,0
ASIANPAINT,20210511,11:05,2535.60,2536.75,2535.00,2536.75,1526,0
ASIANPAINT,20210511,11:06,2535.80,2537.15,2534.00,2535.00,2947,0
ASIANPAINT,20210511,11:07,2535.00,2535.00,2533.70,2533.70,1849,0
ASIANPAINT,20210511,11:08,2533.75,2533.75,2531.20,2533.00,4053,0
ASIANPAINT,20210511,11:09,2533.00,2533.00,2532.00,2532.40,1968,0
ASIANPAINT,20210511,11:10,2532.40,2533.10,2532.05,2533.10,1362,0
ASIANPAINT,20210511,11:11,2533.10,2534.70,2532.60,2534.30,803,0
ASIANPAINT,20210511,11:12,2534.30,2534.30,2533.30,2534.05,652,0
ASIANPAINT,20210511,11:13,2534.05,2537.80,2533.00,2537.40,7310,0
ASIANPAINT,20210511,11:14,2537.00,2537.00,2534.00,2535.35,2699,0
ASIANPAINT,20210511,11:15,2533.60,2535.25,2533.00,2533.00,2026,0
ASIANPAINT,20210511,11:16,2533.00,2534.60,2532.25,2534.00,3585,0
ASIANPAINT,20210511,11:17,2533.05,2534.35,2532.50,2532.95,1636,0
ASIANPAINT,20210511,11:18,2532.80,2536.95,2532.55,2536.00,4127,0
ASIANPAINT,20210511,11:19,2537.00,2538.50,2535.70,2537.50,3038,0
ASIANPAINT,20210511,11:20,2537.50,2538.00,2536.10,2538.00,2022,0
ASIANPAINT,20210511,11:21,2537.30,2537.30,2535.50,2536.50,1157,0
ASIANPAINT,20210511,11:22,2536.50,2536.70,2535.10,2536.50,1862,0
ASIANPAINT,20210511,11:23,2535.30,2536.50,2535.00,2536.20,1376,0
ASIANPAINT,20210511,11:24,2535.65,2536.20,2534.20,2534.20,1010,0
ASIANPAINT,20210511,11:25,2535.00,2535.00,2533.00,2534.00,2215,0
ASIANPAINT,20210511,11:26,2534.00,2536.00,2532.75,2534.65,4358,0
ASIANPAINT,20210511,11:27,2536.75,2540.95,2536.75,2540.90,8627,0
ASIANPAINT,20210511,11:28,2540.90,2541.30,2539.60,2540.60,2712,0
ASIANPAINT,20210511,11:29,2540.05,2542.10,2539.50,2541.75,3657,0
ASIANPAINT,20210511,11:30,2540.25,2541.90,2540.25,2541.60,1160,0
ASIANPAINT,20210511,11:31,2541.05,2541.10,2540.00,2541.10,2055,0
ASIANPAINT,20210511,11:32,2541.10,2541.10,2540.00,2540.40,993,0
ASIANPAINT,20210511,11:33,2540.00,2546.50,2540.00,2544.70,7503,0
ASIANPAINT,20210511,11:34,2544.90,2549.00,2544.50,2545.95,4306,0
ASIANPAINT,20210511,11:35,2545.25,2545.75,2540.95,2543.00,1638,0
ASIANPAINT,20210511,11:36,2542.30,2543.00,2541.00,2541.00,1006,0
ASIANPAINT,20210511,11:37,2541.05,2541.90,2541.00,2541.00,1412,0
ASIANPAINT,20210511,11:38,2541.25,2542.95,2541.00,2542.00,2924,0
ASIANPAINT,20210511,11:39,2542.10,2543.50,2542.00,2543.00,2512,0
ASIANPAINT,20210511,11:40,2543.00,2543.70,2542.00,2543.20,885,0
ASIANPAINT,20210511,11:41,2543.20,2543.90,2542.45,2543.30,993,0
ASIANPAINT,20210511,11:42,2543.00,2543.35,2543.00,2543.20,1564,0
ASIANPAINT,20210511,11:43,2543.35,2543.75,2543.00,2543.00,1119,0
ASIANPAINT,20210511,11:44,2543.20,2543.20,2543.00,2543.10,807,0
ASIANPAINT,20210511,11:45,2543.10,2543.95,2543.00,2543.80,972,0
ASIANPAINT,20210511,11:46,2543.35,2546.20,2543.00,2546.20,2464,0
ASIANPAINT,20210511,11:47,2546.20,2548.55,2545.35,2546.90,6183,0
ASIANPAINT,20210511,11:48,2546.00,2548.40,2546.00,2548.05,5849,0
ASIANPAINT,20210511,11:49,2548.05,2548.40,2547.25,2548.00,3612,0
ASIANPAINT,20210511,11:50,2548.00,2550.90,2548.00,2550.90,8230,0
ASIANPAINT,20210511,11:51,2550.00,2550.90,2549.50,2550.40,4357,0
ASIANPAINT,20210511,11:52,2550.00,2550.95,2549.75,2550.95,11040,0
ASIANPAINT,20210511,11:53,2550.95,2550.95,2550.00,2550.50,2290,0
ASIANPAINT,20210511,11:54,2550.15,2550.40,2550.00,2550.20,2182,0
ASIANPAINT,20210511,11:55,2550.00,2550.45,2550.00,2550.45,2930,0
ASIANPAINT,20210511,11:56,2550.00,2550.50,2548.00,2548.70,4528,0
ASIANPAINT,20210511,11:57,2548.00,2548.70,2544.00,2547.75,4215,0
ASIANPAINT,20210511,11:58,2547.40,2547.40,2545.25,2545.25,1124,0
ASIANPAINT,20210511,11:59,2545.75,2545.75,2542.50,2542.50,2234,0
ASIANPAINT,20210511,12:00,2543.70,2543.90,2542.10,2542.60,2543,0
ASIANPAINT,20210511,12:01,2543.00,2543.05,2542.00,2542.60,1258,0
ASIANPAINT,20210511,12:02,2542.60,2543.00,2542.00,2542.00,879,0
ASIANPAINT,20210511,12:03,2542.00,2542.50,2540.40,2540.95,1964,0
ASIANPAINT,20210511,12:04,2540.55,2541.05,2540.00,2541.05,1951,0
ASIANPAINT,20210511,12:05,2540.90,2541.10,2540.55,2540.60,807,0
ASIANPAINT,20210511,12:06,2540.60,2540.85,2540.55,2540.55,1071,0
ASIANPAINT,20210511,12:07,2540.55,2541.00,2540.55,2540.80,1611,0
ASIANPAINT,20210511,12:08,2540.80,2545.00,2540.00,2544.20,14443,0
ASIANPAINT,20210511,12:09,2544.15,2544.50,2542.60,2543.00,1037,0
ASIANPAINT,20210511,12:10,2543.00,2547.20,2543.00,2547.00,3096,0
ASIANPAINT,20210511,12:11,2547.55,2547.55,2545.55,2547.50,1965,0
ASIANPAINT,20210511,12:12,2546.75,2547.65,2546.00,2547.65,1920,0
ASIANPAINT,20210511,12:13,2546.70,2547.50,2546.00,2547.00,1567,0
ASIANPAINT,20210511,12:14,2547.15,2549.80,2547.00,2549.80,7119,0
ASIANPAINT,20210511,12:15,2549.80,2550.40,2549.35,2549.70,1877,0
ASIANPAINT,20210511,12:16,2550.00,2550.50,2549.50,2550.00,3341,0
ASIANPAINT,20210511,12:17,2550.00,2550.40,2549.55,2550.00,1948,0
ASIANPAINT,20210511,12:18,2550.00,2550.10,2546.35,2548.90,6093,0
ASIANPAINT,20210511,12:19,2549.00,2550.50,2548.60,2550.50,2518,0
ASIANPAINT,20210511,12:20,2550.25,2550.50,2549.75,2550.25,1048,0
ASIANPAINT,20210511,12:21,2550.00,2550.25,2546.60,2548.00,1707,0
ASIANPAINT,20210511,12:22,2546.95,2548.20,2546.00,2548.20,2477,0
ASIANPAINT,20210511,12:23,2548.20,2548.40,2546.50,2547.65,913,0
ASIANPAINT,20210511,12:24,2547.65,2547.65,2546.50,2546.70,1306,0
ASIANPAINT,20210511,12:25,2547.00,2548.40,2546.50,2548.00,1180,0
ASIANPAINT,20210511,12:26,2548.30,2548.30,2547.00,2547.00,2548,0
ASIANPAINT,20210511,12:27,2547.50,2549.20,2547.00,2548.10,4128,0
ASIANPAINT,20210511,12:28,2548.75,2550.90,2547.80,2550.90,2929,0
ASIANPAINT,20210511,12:29,2550.90,2554.90,2550.00,2553.85,7918,0
ASIANPAINT,20210511,12:30,2553.85,2553.85,2552.00,2552.75,1880,0
ASIANPAINT,20210511,12:31,2553.00,2553.00,2550.90,2550.90,1891,0
ASIANPAINT,20210511,12:32,2551.20,2552.90,2550.60,2551.05,3479,0
ASIANPAINT,20210511,12:33,2552.10,2552.10,2551.05,2551.15,652,0
ASIANPAINT,20210511,12:34,2551.15,2551.45,2550.00,2550.05,2173,0
ASIANPAINT,20210511,12:35,2550.05,2550.45,2550.00,2550.00,1052,0
ASIANPAINT,20210511,12:36,2550.20,2550.20,2549.00,2549.00,1645,0
ASIANPAINT,20210511,12:37,2549.50,2550.80,2549.00,2550.80,4434,0
ASIANPAINT,20210511,12:38,2551.00,2551.00,2550.00,2551.00,2594,0
ASIANPAINT,20210511,12:39,2550.60,2551.00,2550.00,2550.00,783,0
ASIANPAINT,20210511,12:40,2550.00,2552.15,2550.00,2550.90,4683,0
ASIANPAINT,20210511,12:41,2551.90,2551.90,2550.00,2551.85,1094,0
ASIANPAINT,20210511,12:42,2551.50,2553.95,2550.35,2552.30,4020,0
ASIANPAINT,20210511,12:43,2551.45,2551.95,2550.10,2550.75,808,0
ASIANPAINT,20210511,12:44,2550.10,2551.35,2549.20,2551.00,4271,0
ASIANPAINT,20210511,12:45,2551.00,2551.00,2550.30,2551.00,853,0
ASIANPAINT,20210511,12:46,2550.80,2551.00,2550.00,2550.55,3094,0
ASIANPAINT,20210511,12:47,2550.30,2550.30,2549.00,2549.10,5164,0
ASIANPAINT,20210511,12:48,2549.25,2549.40,2545.15,2545.15,3646,0
ASIANPAINT,20210511,12:49,2545.35,2546.55,2545.00,2546.20,2364,0
ASIANPAINT,20210511,12:50,2546.20,2549.00,2545.75,2549.00,2895,0
ASIANPAINT,20210511,12:51,2549.00,2549.00,2545.25,2545.60,904,0
ASIANPAINT,20210511,12:52,2546.70,2549.00,2545.30,2549.00,1762,0
ASIANPAINT,20210511,12:53,2549.00,2549.95,2546.30,2549.60,8315,0
ASIANPAINT,20210511,12:54,2549.30,2550.30,2549.00,2549.00,1666,0
ASIANPAINT,20210511,12:55,2549.00,2549.55,2549.00,2549.50,993,0
ASIANPAINT,20210511,12:56,2549.00,2550.10,2549.00,2549.95,1924,0
ASIANPAINT,20210511,12:57,2549.95,2550.80,2549.25,2549.70,1502,0
ASIANPAINT,20210511,12:58,2550.00,2551.00,2549.70,2550.70,2188,0
ASIANPAINT,20210511,12:59,2551.00,2551.00,2549.75,2550.00,2138,0
ASIANPAINT,20210511,13:00,2550.40,2550.70,2550.00,2550.50,1592,0
ASIANPAINT,20210511,13:01,2550.50,2550.50,2550.00,2550.10,1142,0
ASIANPAINT,20210511,13:02,2550.00,2551.30,2550.00,2550.25,2108,0
ASIANPAINT,20210511,13:03,2550.60,2551.30,2550.25,2550.25,838,0
ASIANPAINT,20210511,13:04,2551.25,2551.30,2550.00,2551.00,979,0
ASIANPAINT,20210511,13:05,2551.00,2551.45,2549.50,2551.00,6160,0
ASIANPAINT,20210511,13:06,2551.00,2551.10,2550.00,2550.00,1389,0
ASIANPAINT,20210511,13:07,2550.15,2550.60,2550.00,2550.40,1344,0
ASIANPAINT,20210511,13:08,2550.40,2550.40,2550.00,2550.40,1424,0
ASIANPAINT,20210511,13:09,2550.40,2550.40,2550.00,2550.15,2335,0
ASIANPAINT,20210511,13:10,2550.15,2550.15,2547.70,2549.50,3441,0
ASIANPAINT,20210511,13:11,2549.50,2549.50,2545.25,2546.25,2829,0
ASIANPAINT,20210511,13:12,2545.30,2547.40,2545.00,2546.25,1942,0
ASIANPAINT,20210511,13:13,2547.05,2547.05,2545.20,2546.50,1907,0
ASIANPAINT,20210511,13:14,2545.20,2550.20,2545.00,2548.80,14974,0
ASIANPAINT,20210511,13:15,2550.00,2550.50,2548.10,2549.90,1386,0
ASIANPAINT,20210511,13:16,2549.90,2550.60,2546.80,2549.90,5063,0
ASIANPAINT,20210511,13:17,2549.90,2550.55,2548.00,2548.90,3408,0
ASIANPAINT,20210511,13:18,2548.85,2549.20,2546.70,2546.90,1127,0
ASIANPAINT,20210511,13:19,2547.35,2547.35,2545.65,2545.95,703,0
ASIANPAINT,20210511,13:20,2545.95,2547.30,2545.50,2546.45,1346,0
ASIANPAINT,20210511,13:21,2546.45,2546.45,2545.00,2545.25,5380,0
ASIANPAINT,20210511,13:22,2545.00,2548.15,2545.00,2548.15,2399,0
ASIANPAINT,20210511,13:23,2548.15,2548.15,2546.45,2546.50,824,0
ASIANPAINT,20210511,13:24,2546.80,2547.00,2545.00,2545.10,1875,0
ASIANPAINT,20210511,13:25,2545.10,2545.70,2545.00,2545.65,861,0
ASIANPAINT,20210511,13:26,2545.00,2545.60,2543.20,2543.20,3704,0
ASIANPAINT,20210511,13:27,2543.95,2543.95,2541.50,2543.90,3018,0
ASIANPAINT,20210511,13:28,2543.90,2543.90,2542.70,2543.00,957,0
ASIANPAINT,20210511,13:29,2543.00,2543.25,2541.90,2542.75,1109,0
ASIANPAINT,20210511,13:30,2542.75,2542.75,2541.25,2542.00,1558,0
ASIANPAINT,20210511,13:31,2543.00,2546.00,2543.00,2545.20,2082,0
ASIANPAINT,20210511,13:32,2543.90,2547.20,2543.80,2546.95,1924,0
ASIANPAINT,20210511,13:33,2547.00,2550.90,2546.15,2550.90,4752,0
ASIANPAINT,20210511,13:34,2550.45,2551.50,2549.20,2551.00,2357,0
ASIANPAINT,20210511,13:35,2550.00,2551.00,2548.65,2550.00,3150,0
ASIANPAINT,20210511,13:36,2549.60,2551.25,2549.60,2551.25,2256,0
ASIANPAINT,20210511,13:37,2550.60,2552.00,2550.25,2550.60,1783,0
ASIANPAINT,20210511,13:38,2550.35,2550.95,2550.00,2550.95,1946,0
ASIANPAINT,20210511,13:39,2550.95,2552.40,2549.65,2552.00,3669,0
ASIANPAINT,20210511,13:40,2552.00,2552.00,2549.70,2550.45,971,0
ASIANPAINT,20210511,13:41,2550.50,2551.10,2549.95,2550.00,3824,0
ASIANPAINT,20210511,13:42,2550.20,2551.00,2549.55,2550.25,1391,0
ASIANPAINT,20210511,13:43,2550.20,2551.00,2549.50,2550.00,2354,0
ASIANPAINT,20210511,13:44,2550.15,2550.30,2549.60,2550.05,1496,0
ASIANPAINT,20210511,13:45,2550.05,2551.00,2549.80,2550.50,3385,0
ASIANPAINT,20210511,13:46,2550.05,2551.00,2549.80,2550.05,2254,0
ASIANPAINT,20210511,13:47,2550.00,2550.75,2549.25,2549.70,3228,0
ASIANPAINT,20210511,13:48,2549.45,2550.95,2549.20,2550.10,1845,0
ASIANPAINT,20210511,13:49,2550.00,2550.25,2547.05,2547.30,1767,0
ASIANPAINT,20210511,13:50,2547.30,2547.30,2544.20,2545.25,2570,0
ASIANPAINT,20210511,13:51,2545.15,2545.50,2544.00,2544.15,2170,0
ASIANPAINT,20210511,13:52,2544.00,2544.80,2543.00,2543.45,1528,0
ASIANPAINT,20210511,13:53,2543.20,2545.00,2543.20,2544.05,2301,0
ASIANPAINT,20210511,13:54,2544.05,2544.05,2543.60,2543.80,1246,0
ASIANPAINT,20210511,13:55,2543.65,2545.15,2543.00,2544.00,2495,0
ASIANPAINT,20210511,13:56,2544.30,2544.65,2543.15,2543.15,1379,0
ASIANPAINT,20210511,13:57,2543.25,2543.25,2542.00,2542.00,2500,0
ASIANPAINT,20210511,13:58,2542.00,2544.85,2541.10,2544.30,3247,0
ASIANPAINT,20210511,13:59,2544.20,2545.20,2543.10,2544.80,1935,0
ASIANPAINT,20210511,14:00,2545.00,2547.10,2544.60,2546.80,2062,0
ASIANPAINT,20210511,14:01,2547.10,2547.50,2545.20,2545.75,1345,0
ASIANPAINT,20210511,14:02,2545.20,2545.75,2541.60,2542.20,5878,0
ASIANPAINT,20210511,14:03,2542.20,2544.35,2541.75,2542.10,2895,0
ASIANPAINT,20210511,14:04,2542.10,2542.10,2540.25,2540.95,5926,0
ASIANPAINT,20210511,14:05,2541.00,2543.20,2540.10,2542.40,2628,0
ASIANPAINT,20210511,14:06,2542.65,2542.85,2541.05,2541.75,2217,0
ASIANPAINT,20210511,14:07,2541.80,2542.15,2541.50,2542.10,1624,0
ASIANPAINT,20210511,14:08,2541.60,2542.10,2540.50,2540.70,2110,0
ASIANPAINT,20210511,14:09,2540.70,2542.00,2540.60,2540.70,1930,0
ASIANPAINT,20210511,14:10,2540.70,2542.65,2540.00,2540.65,2420,0
ASIANPAINT,20210511,14:11,2540.95,2540.95,2540.00,2540.25,2525,0
ASIANPAINT,20210511,14:12,2540.25,2545.30,2540.00,2545.30,6430,0
ASIANPAINT,20210511,14:13,2545.35,2546.50,2545.00,2545.15,2958,0
ASIANPAINT,20210511,14:14,2545.00,2545.20,2543.65,2543.75,1637,0
ASIANPAINT,20210511,14:15,2544.25,2544.90,2542.80,2544.60,2290,0
ASIANPAINT,20210511,14:16,2544.35,2544.35,2541.20,2542.35,2234,0
ASIANPAINT,20210511,14:17,2542.35,2542.70,2541.00,2541.70,1408,0
ASIANPAINT,20210511,14:18,2541.70,2544.95,2541.35,2543.50,2067,0
ASIANPAINT,20210511,14:19,2543.50,2545.50,2543.50,2543.50,3010,0
ASIANPAINT,20210511,14:20,2544.05,2544.35,2543.10,2544.00,1830,0
ASIANPAINT,20210511,14:21,2544.00,2544.05,2543.00,2543.05,1558,0
ASIANPAINT,20210511,14:22,2542.55,2545.35,2541.80,2544.80,3821,0
ASIANPAINT,20210511,14:23,2544.35,2544.90,2541.90,2544.30,2643,0
ASIANPAINT,20210511,14:24,2543.75,2544.30,2542.25,2542.50,3530,0
ASIANPAINT,20210511,14:25,2542.05,2542.95,2541.60,2542.40,2267,0
ASIANPAINT,20210511,14:26,2542.55,2542.55,2540.05,2540.20,3174,0
ASIANPAINT,20210511,14:27,2540.45,2541.60,2540.00,2540.25,2094,0
ASIANPAINT,20210511,14:28,2540.00,2542.35,2540.00,2541.55,2531,0
ASIANPAINT,20210511,14:29,2541.25,2543.00,2541.00,2542.50,2492,0
ASIANPAINT,20210511,14:30,2542.05,2542.05,2540.05,2540.55,1997,0
ASIANPAINT,20210511,14:31,2540.55,2540.70,2538.65,2538.65,3818,0
ASIANPAINT,20210511,14:32,2538.65,2539.15,2537.55,2537.80,2857,0
ASIANPAINT,20210511,14:33,2537.80,2539.00,2537.40,2538.50,2734,0
ASIANPAINT,20210511,14:34,2538.80,2540.20,2538.15,2540.20,3104,0
ASIANPAINT,20210511,14:35,2540.25,2542.85,2540.00,2540.40,2540,0
ASIANPAINT,20210511,14:36,2541.60,2542.40,2539.60,2540.55,1938,0
ASIANPAINT,20210511,14:37,2541.05,2542.15,2540.25,2542.15,3005,0
ASIANPAINT,20210511,14:38,2542.15,2542.45,2540.05,2542.05,3525,0
ASIANPAINT,20210511,14:39,2542.25,2542.25,2542.00,2542.10,2837,0
ASIANPAINT,20210511,14:40,2542.00,2546.75,2542.00,2546.30,5433,0
ASIANPAINT,20210511,14:41,2546.30,2546.30,2545.00,2545.50,2769,0
ASIANPAINT,20210511,14:42,2545.50,2545.95,2545.00,2545.55,4612,0
ASIANPAINT,20210511,14:43,2545.95,2547.90,2545.00,2546.95,3359,0
ASIANPAINT,20210511,14:44,2546.95,2546.95,2545.25,2545.35,1688,0
ASIANPAINT,20210511,14:45,2545.30,2545.70,2545.00,2545.00,1782,0
ASIANPAINT,20210511,14:46,2545.00,2547.95,2544.00,2547.30,5820,0
ASIANPAINT,20210511,14:47,2547.30,2548.45,2546.20,2546.20,3501,0
ASIANPAINT,20210511,14:48,2546.80,2547.00,2545.00,2546.60,2067,0
ASIANPAINT,20210511,14:49,2546.25,2546.75,2545.00,2546.25,2003,0
ASIANPAINT,20210511,14:50,2546.25,2546.40,2545.00,2546.40,3277,0
ASIANPAINT,20210511,14:51,2546.90,2550.80,2546.90,2550.55,6554,0
ASIANPAINT,20210511,14:52,2550.80,2550.80,2549.00,2550.05,3626,0
ASIANPAINT,20210511,14:53,2550.45,2550.80,2549.20,2549.35,2478,0
ASIANPAINT,20210511,14:54,2549.50,2550.80,2547.60,2548.00,3942,0
ASIANPAINT,20210511,14:55,2548.40,2548.40,2546.80,2547.60,3615,0
ASIANPAINT,20210511,14:56,2546.70,2547.30,2545.05,2545.35,2957,0
ASIANPAINT,20210511,14:57,2546.25,2546.95,2545.05,2546.65,2449,0
ASIANPAINT,20210511,14:58,2546.40,2546.55,2545.00,2545.00,1606,0
ASIANPAINT,20210511,14:59,2545.00,2545.65,2545.00,2545.30,2408,0
ASIANPAINT,20210511,15:00,2545.35,2546.30,2545.30,2546.20,2509,0
ASIANPAINT,20210511,15:01,2546.10,2549.50,2546.10,2549.30,4591,0
ASIANPAINT,20210511,15:02,2549.30,2549.30,2547.50,2548.45,3802,0
ASIANPAINT,20210511,15:03,2548.45,2549.75,2548.45,2549.75,3760,0
ASIANPAINT,20210511,15:04,2549.60,2551.55,2549.15,2550.35,6730,0
ASIANPAINT,20210511,15:05,2550.00,2553.45,2550.00,2552.45,8040,0
ASIANPAINT,20210511,15:06,2552.50,2553.50,2551.75,2552.00,3858,0
ASIANPAINT,20210511,15:07,2552.00,2552.00,2549.55,2549.60,3098,0
ASIANPAINT,20210511,15:08,2549.70,2550.15,2549.50,2550.00,4117,0
ASIANPAINT,20210511,15:09,2550.05,2552.60,2550.05,2552.60,4371,0
ASIANPAINT,20210511,15:10,2552.80,2554.00,2552.80,2553.35,3755,0
ASIANPAINT,20210511,15:11,2553.40,2553.40,2551.00,2551.30,4410,0
ASIANPAINT,20210511,15:12,2551.30,2553.25,2550.10,2553.25,7098,0
ASIANPAINT,20210511,15:13,2553.50,2556.55,2553.50,2556.55,7708,0
ASIANPAINT,20210511,15:14,2556.55,2559.50,2556.40,2558.80,11954,0
ASIANPAINT,20210511,15:15,2558.80,2560.00,2558.40,2559.00,4608,0
ASIANPAINT,20210511,15:16,2559.00,2561.30,2558.00,2560.00,12247,0
ASIANPAINT,20210511,15:17,2560.00,2560.70,2557.05,2557.95,4722,0
ASIANPAINT,20210511,15:18,2557.25,2559.90,2557.25,2559.15,6112,0
ASIANPAINT,20210511,15:19,2559.90,2561.30,2559.10,2561.15,8929,0
ASIANPAINT,20210511,15:20,2561.25,2561.30,2560.75,2560.90,3943,0
ASIANPAINT,20210511,15:21,2560.80,2560.80,2560.10,2560.10,4682,0
ASIANPAINT,20210511,15:22,2560.10,2562.00,2560.00,2560.05,6509,0
ASIANPAINT,20210511,15:23,2560.00,2561.00,2560.00,2560.90,5625,0
ASIANPAINT,20210511,15:24,2560.90,2561.00,2560.50,2560.85,4184,0
ASIANPAINT,20210511,15:25,2560.50,2560.85,2560.00,2560.10,3960,0
ASIANPAINT,20210511,15:26,2560.00,2560.10,2560.00,2560.00,5570,0
ASIANPAINT,20210511,15:27,2560.00,2560.25,2560.00,2560.15,6536,0
ASIANPAINT,20210511,15:28,2560.15,2560.15,2560.00,2560.05,2164,0
ASIANPAINT,20210511,15:29,2560.05,2560.95,2560.00,2560.95,3778,0
ASIANPAINT,20210511,15:30,2560.25,2562.00,2560.00,2561.70,3030,0
ASIANPAINT,20210511,15:32,2556.25,2556.25,2556.25,2556.25,0,0
ASIANPAINT,20210511,15:41,2556.25,2556.25,2556.25,2556.25,25,0
ASIANPAINT,20210511,16:47,2556.25,2556.25,2556.25,2556.25,0,0
