TATAMTRDVR,20200303,09:08,54.90,54.90,54.90,54.90,6916,0
TATAMTRDVR,20200303,09:16,54.85,55.90,54.80,55.80,31742,0
TATAMTRDVR,20200303,09:17,55.65,55.80,55.65,55.80,17108,0
TATAMTRDVR,20200303,09:18,55.75,55.95,55.70,55.95,28709,0
TATAMTRDVR,20200303,09:19,55.95,56.00,55.70,55.80,11686,0
TATAMTRDVR,20200303,09:20,55.80,55.90,55.75,55.85,11907,0
TATAMTRDVR,20200303,09:21,55.90,55.90,55.70,55.80,22006,0
TATAMTRDVR,20200303,09:22,55.70,56.10,55.70,56.10,35331,0
TATAMTRDVR,20200303,09:23,56.05,56.15,55.85,56.05,15983,0
TATAMTRDVR,20200303,09:24,56.10,56.10,55.70,55.70,13328,0
TATAMTRDVR,20200303,09:25,55.70,55.80,55.65,55.75,11717,0
TATAMTRDVR,20200303,09:26,55.65,55.75,55.60,55.70,5938,0
TATAMTRDVR,20200303,09:27,55.70,55.70,55.55,55.55,11051,0
TATAMTRDVR,20200303,09:28,55.55,55.55,55.40,55.50,10008,0
TATAMTRDVR,20200303,09:29,55.45,55.60,55.40,55.55,13176,0
TATAMTRDVR,20200303,09:30,55.50,55.65,55.50,55.65,7781,0
TATAMTRDVR,20200303,09:31,55.70,55.70,55.60,55.65,3910,0
TATAMTRDVR,20200303,09:32,55.75,55.80,55.65,55.70,9335,0
TATAMTRDVR,20200303,09:33,55.75,55.80,55.70,55.75,3371,0
TATAMTRDVR,20200303,09:34,55.80,55.80,55.60,55.60,11282,0
TATAMTRDVR,20200303,09:35,55.70,55.70,55.30,55.30,26756,0
TATAMTRDVR,20200303,09:36,55.25,55.50,55.10,55.50,20051,0
TATAMTRDVR,20200303,09:37,55.50,55.50,55.30,55.30,11131,0
TATAMTRDVR,20200303,09:38,55.30,55.50,55.30,55.30,9556,0
TATAMTRDVR,20200303,09:39,55.30,55.35,55.20,55.30,8811,0
TATAMTRDVR,20200303,09:40,55.35,55.35,55.10,55.15,10301,0
TATAMTRDVR,20200303,09:41,55.20,55.30,55.15,55.25,5969,0
TATAMTRDVR,20200303,09:42,55.20,55.45,55.20,55.45,18307,0
TATAMTRDVR,20200303,09:43,55.50,55.60,55.50,55.60,6991,0
TATAMTRDVR,20200303,09:44,55.65,55.70,55.60,55.60,3046,0
TATAMTRDVR,20200303,09:45,55.60,55.60,55.40,55.50,3505,0
TATAMTRDVR,20200303,09:46,55.55,55.55,55.45,55.55,1142,0
TATAMTRDVR,20200303,09:47,55.55,55.65,55.40,55.60,7151,0
TATAMTRDVR,20200303,09:48,55.55,55.65,55.50,55.60,3301,0
TATAMTRDVR,20200303,09:49,55.60,55.70,55.55,55.55,5117,0
TATAMTRDVR,20200303,09:50,55.55,55.60,55.55,55.60,513,0
TATAMTRDVR,20200303,09:51,55.65,55.65,55.55,55.60,1266,0
TATAMTRDVR,20200303,09:52,55.60,55.60,55.30,55.45,12743,0
TATAMTRDVR,20200303,09:53,55.45,55.50,55.35,55.35,1329,0
TATAMTRDVR,20200303,09:54,55.45,55.45,55.45,55.45,771,0
TATAMTRDVR,20200303,09:55,55.35,55.40,55.30,55.40,2698,0
TATAMTRDVR,20200303,09:56,55.40,55.40,55.25,55.25,3518,0
TATAMTRDVR,20200303,09:57,55.25,55.30,55.20,55.20,2569,0
TATAMTRDVR,20200303,09:58,55.25,55.25,55.05,55.10,6163,0
TATAMTRDVR,20200303,09:59,55.20,55.20,55.10,55.20,1675,0
TATAMTRDVR,20200303,10:00,55.10,55.15,54.95,54.95,19678,0
TATAMTRDVR,20200303,10:01,54.90,55.00,54.75,54.75,11515,0
TATAMTRDVR,20200303,10:02,54.80,54.90,54.75,54.90,7436,0
TATAMTRDVR,20200303,10:03,54.90,54.95,54.80,54.95,4566,0
TATAMTRDVR,20200303,10:04,54.80,54.95,54.80,54.85,5302,0
TATAMTRDVR,20200303,10:05,54.90,55.10,54.90,55.05,10922,0
TATAMTRDVR,20200303,10:06,55.15,55.20,55.15,55.20,4575,0
TATAMTRDVR,20200303,10:07,55.20,55.25,55.05,55.10,6307,0
TATAMTRDVR,20200303,10:08,55.10,55.20,55.10,55.20,3251,0
TATAMTRDVR,20200303,10:09,55.05,55.15,55.00,55.00,5354,0
TATAMTRDVR,20200303,10:10,55.00,55.05,55.00,55.05,5425,0
TATAMTRDVR,20200303,10:11,55.10,55.15,55.00,55.15,3028,0
TATAMTRDVR,20200303,10:12,55.15,55.15,55.05,55.10,3393,0
TATAMTRDVR,20200303,10:13,55.05,55.10,55.05,55.10,2325,0
TATAMTRDVR,20200303,10:14,55.10,55.10,55.05,55.05,525,0
TATAMTRDVR,20200303,10:15,55.10,55.10,55.05,55.10,6010,0
TATAMTRDVR,20200303,10:16,55.15,55.25,55.15,55.20,3865,0
TATAMTRDVR,20200303,10:17,55.20,55.20,55.10,55.10,9106,0
TATAMTRDVR,20200303,10:18,55.15,55.15,55.10,55.10,934,0
TATAMTRDVR,20200303,10:19,55.20,55.20,55.05,55.05,13250,0
TATAMTRDVR,20200303,10:20,55.10,55.10,55.00,55.05,1788,0
TATAMTRDVR,20200303,10:21,55.05,55.10,55.00,55.05,5556,0
TATAMTRDVR,20200303,10:22,55.05,55.05,55.00,55.05,7251,0
TATAMTRDVR,20200303,10:23,55.05,55.05,54.90,54.90,1602,0
TATAMTRDVR,20200303,10:24,54.90,55.00,54.90,54.95,4673,0
TATAMTRDVR,20200303,10:25,54.90,54.95,54.90,54.95,3441,0
TATAMTRDVR,20200303,10:26,54.95,55.10,54.95,55.10,2077,0
TATAMTRDVR,20200303,10:27,55.10,55.10,55.00,55.10,3656,0
TATAMTRDVR,20200303,10:28,55.10,55.10,55.00,55.05,3159,0
TATAMTRDVR,20200303,10:29,54.90,55.00,54.80,55.00,11350,0
TATAMTRDVR,20200303,10:30,55.00,55.00,54.85,54.85,2459,0
TATAMTRDVR,20200303,10:31,54.90,54.95,54.80,54.95,3529,0
TATAMTRDVR,20200303,10:32,55.00,55.05,54.90,55.00,4852,0
TATAMTRDVR,20200303,10:33,55.00,55.05,54.95,54.95,2306,0
TATAMTRDVR,20200303,10:34,55.05,55.05,55.00,55.05,1106,0
TATAMTRDVR,20200303,10:35,55.00,55.00,54.95,54.95,3455,0
TATAMTRDVR,20200303,10:36,54.90,55.00,54.80,54.90,8250,0
TATAMTRDVR,20200303,10:37,54.95,54.95,54.80,54.80,455,0
TATAMTRDVR,20200303,10:38,54.90,54.95,54.80,54.95,3328,0
TATAMTRDVR,20200303,10:39,54.90,54.90,54.80,54.80,6255,0
TATAMTRDVR,20200303,10:40,54.85,54.90,54.75,54.75,4317,0
TATAMTRDVR,20200303,10:41,54.90,54.90,54.80,54.90,272,0
TATAMTRDVR,20200303,10:42,54.90,55.05,54.90,55.05,5911,0
TATAMTRDVR,20200303,10:43,55.15,55.20,55.10,55.10,12217,0
TATAMTRDVR,20200303,10:44,55.20,55.20,55.10,55.10,5292,0
TATAMTRDVR,20200303,10:45,55.00,55.05,54.95,55.00,1787,0
TATAMTRDVR,20200303,10:46,54.95,55.00,54.95,54.95,709,0
TATAMTRDVR,20200303,10:47,55.00,55.00,54.80,54.80,2406,0
TATAMTRDVR,20200303,10:48,54.90,54.90,54.85,54.85,515,0
TATAMTRDVR,20200303,10:49,54.85,54.95,54.85,54.85,2826,0
TATAMTRDVR,20200303,10:50,54.85,54.85,54.85,54.85,400,0
TATAMTRDVR,20200303,10:51,54.90,54.90,54.90,54.90,184,0
TATAMTRDVR,20200303,10:52,54.90,54.90,54.80,54.90,4581,0
TATAMTRDVR,20200303,10:53,54.80,54.90,54.80,54.90,910,0
TATAMTRDVR,20200303,10:54,54.95,55.00,54.95,54.95,2482,0
TATAMTRDVR,20200303,10:55,54.95,55.15,54.95,55.00,6440,0
TATAMTRDVR,20200303,10:56,55.05,55.15,55.05,55.15,2211,0
TATAMTRDVR,20200303,10:57,55.30,55.30,55.15,55.25,9065,0
TATAMTRDVR,20200303,10:58,55.25,55.25,55.15,55.20,5067,0
TATAMTRDVR,20200303,10:59,55.15,55.20,55.15,55.15,2002,0
TATAMTRDVR,20200303,11:00,55.20,55.20,55.15,55.20,2622,0
TATAMTRDVR,20200303,11:01,55.15,55.20,55.15,55.20,910,0
TATAMTRDVR,20200303,11:02,55.15,55.15,55.15,55.15,500,0
TATAMTRDVR,20200303,11:03,55.20,55.20,55.10,55.20,6629,0
TATAMTRDVR,20200303,11:04,55.20,55.20,55.15,55.15,3880,0
TATAMTRDVR,20200303,11:05,55.15,55.15,55.15,55.15,378,0
TATAMTRDVR,20200303,11:06,55.15,55.20,55.10,55.10,889,0
TATAMTRDVR,20200303,11:07,55.20,55.20,55.20,55.20,500,0
TATAMTRDVR,20200303,11:08,55.10,55.10,55.05,55.05,1838,0
TATAMTRDVR,20200303,11:09,55.10,55.10,55.10,55.10,3767,0
TATAMTRDVR,20200303,11:10,55.10,55.10,55.10,55.10,2768,0
TATAMTRDVR,20200303,11:11,55.10,55.10,55.05,55.05,1749,0
TATAMTRDVR,20200303,11:12,55.05,55.05,55.00,55.00,1296,0
TATAMTRDVR,20200303,11:13,55.00,55.00,55.00,55.00,3612,0
TATAMTRDVR,20200303,11:14,55.00,55.00,54.95,54.95,3084,0
TATAMTRDVR,20200303,11:15,54.95,54.95,54.85,54.95,1648,0
TATAMTRDVR,20200303,11:16,54.95,54.95,54.95,54.95,3251,0
TATAMTRDVR,20200303,11:17,54.95,55.05,54.95,54.95,4,0
TATAMTRDVR,20200303,11:18,55.10,55.10,55.05,55.10,2155,0
TATAMTRDVR,20200303,11:19,55.10,55.15,55.10,55.15,4290,0
TATAMTRDVR,20200303,11:20,55.15,55.20,55.15,55.15,122,0
TATAMTRDVR,20200303,11:21,55.05,55.15,55.05,55.05,1630,0
TATAMTRDVR,20200303,11:22,55.15,55.15,55.05,55.05,515,0
TATAMTRDVR,20200303,11:23,55.00,55.00,55.00,55.00,2595,0
TATAMTRDVR,20200303,11:24,55.10,55.15,55.00,55.10,1251,0
TATAMTRDVR,20200303,11:25,55.00,55.05,55.00,55.05,2220,0
TATAMTRDVR,20200303,11:26,55.10,55.10,55.05,55.05,2944,0
TATAMTRDVR,20200303,11:27,55.00,55.05,55.00,55.00,514,0
TATAMTRDVR,20200303,11:28,55.00,55.05,55.00,55.00,3585,0
TATAMTRDVR,20200303,11:29,55.00,55.00,54.95,55.00,969,0
TATAMTRDVR,20200303,11:30,54.95,55.00,54.95,54.95,767,0
TATAMTRDVR,20200303,11:31,54.95,54.95,54.95,54.95,300,0
TATAMTRDVR,20200303,11:32,54.90,55.00,54.90,55.00,550,0
TATAMTRDVR,20200303,11:33,55.05,55.05,55.00,55.00,6021,0
TATAMTRDVR,20200303,11:34,55.05,55.05,55.05,55.05,733,0
TATAMTRDVR,20200303,11:35,55.05,55.05,55.05,55.05,313,0
TATAMTRDVR,20200303,11:36,55.00,55.00,55.00,55.00,267,0
TATAMTRDVR,20200303,11:37,55.00,55.05,55.00,55.05,350,0
TATAMTRDVR,20200303,11:38,55.00,55.00,54.95,54.95,3232,0
TATAMTRDVR,20200303,11:39,55.00,55.00,55.00,55.00,1190,0
TATAMTRDVR,20200303,11:40,55.05,55.05,54.85,54.85,11499,0
TATAMTRDVR,20200303,11:41,54.85,54.90,54.80,54.90,6758,0
TATAMTRDVR,20200303,11:42,54.85,54.95,54.80,54.85,29483,0
TATAMTRDVR,20200303,11:43,54.85,54.85,54.85,54.85,51,0
TATAMTRDVR,20200303,11:44,54.85,54.85,54.80,54.80,1404,0
TATAMTRDVR,20200303,11:45,54.85,54.85,54.85,54.85,3817,0
TATAMTRDVR,20200303,11:46,54.85,54.90,54.85,54.85,1056,0
TATAMTRDVR,20200303,11:47,55.00,55.00,54.95,54.95,2025,0
TATAMTRDVR,20200303,11:48,54.90,54.95,54.90,54.95,47,0
TATAMTRDVR,20200303,11:49,54.95,54.95,54.95,54.95,10,0
TATAMTRDVR,20200303,11:50,54.95,54.95,54.90,54.95,20,0
TATAMTRDVR,20200303,11:51,54.95,54.95,54.95,54.95,2596,0
TATAMTRDVR,20200303,11:52,54.95,55.05,54.95,55.05,10446,0
TATAMTRDVR,20200303,11:53,55.00,55.05,55.00,55.00,1267,0
TATAMTRDVR,20200303,11:54,55.05,55.05,55.00,55.00,1781,0
TATAMTRDVR,20200303,11:55,55.00,55.05,55.00,55.00,667,0
TATAMTRDVR,20200303,11:56,55.00,55.05,55.00,55.05,4290,0
TATAMTRDVR,20200303,11:57,55.05,55.05,54.95,54.95,17992,0
TATAMTRDVR,20200303,11:58,54.90,55.00,54.70,54.75,13897,0
TATAMTRDVR,20200303,11:59,54.75,54.75,54.70,54.75,977,0
TATAMTRDVR,20200303,12:00,54.70,54.75,54.70,54.75,8391,0
TATAMTRDVR,20200303,12:01,54.75,54.75,54.75,54.75,26871,0
TATAMTRDVR,20200303,12:02,54.75,54.85,54.70,54.85,4957,0
TATAMTRDVR,20200303,12:03,54.85,55.05,54.85,55.05,6157,0
TATAMTRDVR,20200303,12:04,55.00,55.05,55.00,55.00,3193,0
TATAMTRDVR,20200303,12:05,55.05,55.10,55.00,55.10,1056,0
TATAMTRDVR,20200303,12:06,55.00,55.10,55.00,55.05,2233,0
TATAMTRDVR,20200303,12:07,55.00,55.10,55.00,55.00,1121,0
TATAMTRDVR,20200303,12:08,55.00,55.05,54.90,55.00,2409,0
TATAMTRDVR,20200303,12:09,55.00,55.00,54.95,55.00,1188,0
TATAMTRDVR,20200303,12:10,54.95,55.00,54.95,54.95,436,0
TATAMTRDVR,20200303,12:11,55.05,55.05,54.85,54.90,10027,0
TATAMTRDVR,20200303,12:12,54.90,54.95,54.90,54.95,222,0
TATAMTRDVR,20200303,12:13,54.80,54.80,54.75,54.75,9350,0
TATAMTRDVR,20200303,12:14,54.80,54.80,54.75,54.80,2889,0
TATAMTRDVR,20200303,12:15,54.75,54.80,54.75,54.80,1567,0
TATAMTRDVR,20200303,12:16,54.80,54.80,54.80,54.80,459,0
TATAMTRDVR,20200303,12:17,54.75,54.80,54.75,54.80,1565,0
TATAMTRDVR,20200303,12:18,54.80,54.80,54.80,54.80,860,0
TATAMTRDVR,20200303,12:19,54.80,54.80,54.75,54.80,7313,0
TATAMTRDVR,20200303,12:20,54.80,54.85,54.75,54.75,846,0
TATAMTRDVR,20200303,12:21,54.85,55.00,54.75,54.95,2709,0
TATAMTRDVR,20200303,12:22,55.00,55.00,54.90,54.95,1891,0
TATAMTRDVR,20200303,12:23,54.90,55.00,54.90,54.95,175,0
TATAMTRDVR,20200303,12:24,54.95,54.95,54.90,54.90,980,0
TATAMTRDVR,20200303,12:25,54.90,55.00,54.85,54.90,3928,0
TATAMTRDVR,20200303,12:26,54.90,54.95,54.90,54.90,8207,0
TATAMTRDVR,20200303,12:27,54.90,55.15,54.90,55.10,31449,0
TATAMTRDVR,20200303,12:28,55.00,55.15,55.00,55.15,6409,0
TATAMTRDVR,20200303,12:29,55.20,55.30,55.05,55.05,4174,0
TATAMTRDVR,20200303,12:30,55.10,55.10,55.05,55.05,1370,0
TATAMTRDVR,20200303,12:31,55.10,55.10,55.10,55.10,250,0
TATAMTRDVR,20200303,12:32,55.10,55.20,55.10,55.20,1775,0
TATAMTRDVR,20200303,12:33,55.20,55.20,55.00,55.00,13368,0
TATAMTRDVR,20200303,12:34,55.00,55.00,54.90,54.95,3232,0
TATAMTRDVR,20200303,12:35,55.00,55.00,55.00,55.00,15,0
TATAMTRDVR,20200303,12:36,55.00,55.00,54.90,54.90,1485,0
TATAMTRDVR,20200303,12:37,54.85,54.90,54.75,54.75,4958,0
TATAMTRDVR,20200303,12:38,54.85,54.85,54.75,54.85,2703,0
TATAMTRDVR,20200303,12:39,54.85,54.85,54.80,54.80,81,0
TATAMTRDVR,20200303,12:40,54.80,54.85,54.80,54.80,1990,0
TATAMTRDVR,20200303,12:41,54.85,54.95,54.85,54.95,2889,0
TATAMTRDVR,20200303,12:42,54.95,55.05,54.95,55.00,5239,0
TATAMTRDVR,20200303,12:43,55.05,55.15,55.05,55.10,1128,0
TATAMTRDVR,20200303,12:44,55.15,55.25,55.05,55.05,17813,0
TATAMTRDVR,20200303,12:45,55.15,55.20,55.15,55.15,22773,0
TATAMTRDVR,20200303,12:46,55.10,55.15,55.05,55.15,475,0
TATAMTRDVR,20200303,12:47,55.15,55.20,55.10,55.10,11622,0
TATAMTRDVR,20200303,12:48,55.10,55.10,55.10,55.10,3105,0
TATAMTRDVR,20200303,12:49,55.10,55.15,55.05,55.15,282,0
TATAMTRDVR,20200303,12:50,55.15,55.15,55.05,55.05,301,0
TATAMTRDVR,20200303,12:51,55.05,55.15,55.05,55.15,4383,0
TATAMTRDVR,20200303,12:52,55.20,55.20,55.10,55.10,3683,0
TATAMTRDVR,20200303,12:53,55.05,55.20,55.05,55.20,1277,0
TATAMTRDVR,20200303,12:54,55.10,55.10,55.05,55.10,1404,0
TATAMTRDVR,20200303,12:55,55.00,55.15,55.00,55.15,2258,0
TATAMTRDVR,20200303,12:56,55.15,55.15,55.10,55.10,550,0
TATAMTRDVR,20200303,12:57,55.00,55.10,55.00,55.10,3200,0
TATAMTRDVR,20200303,12:58,55.10,55.15,55.10,55.15,1800,0
TATAMTRDVR,20200303,12:59,55.10,55.25,55.10,55.20,13693,0
TATAMTRDVR,20200303,13:00,55.25,55.25,55.15,55.15,8795,0
TATAMTRDVR,20200303,13:01,55.20,55.20,55.00,55.05,11783,0
TATAMTRDVR,20200303,13:02,55.10,55.10,55.00,55.10,2159,0
TATAMTRDVR,20200303,13:03,55.10,55.10,54.95,54.95,1920,0
TATAMTRDVR,20200303,13:04,55.00,55.00,55.00,55.00,40,0
TATAMTRDVR,20200303,13:05,55.00,55.00,54.95,54.95,818,0
TATAMTRDVR,20200303,13:06,54.95,54.95,54.90,54.90,2551,0
TATAMTRDVR,20200303,13:07,54.90,54.95,54.90,54.95,704,0
TATAMTRDVR,20200303,13:08,54.90,54.95,54.80,54.85,4305,0
TATAMTRDVR,20200303,13:09,54.90,54.90,54.90,54.90,770,0
TATAMTRDVR,20200303,13:10,54.85,54.85,54.75,54.85,5581,0
TATAMTRDVR,20200303,13:11,54.80,54.90,54.80,54.90,5594,0
TATAMTRDVR,20200303,13:12,54.95,54.95,54.85,54.85,2257,0
TATAMTRDVR,20200303,13:13,54.85,54.85,54.80,54.85,1047,0
TATAMTRDVR,20200303,13:14,54.85,54.95,54.85,54.95,6370,0
TATAMTRDVR,20200303,13:15,54.90,55.00,54.85,55.00,6185,0
TATAMTRDVR,20200303,13:16,54.90,54.90,54.90,54.90,1440,0
TATAMTRDVR,20200303,13:17,54.90,54.90,54.85,54.85,1441,0
TATAMTRDVR,20200303,13:18,54.90,54.90,54.80,54.80,1205,0
TATAMTRDVR,20200303,13:19,54.80,54.85,54.80,54.80,1824,0
TATAMTRDVR,20200303,13:20,54.80,54.90,54.80,54.90,1505,0
TATAMTRDVR,20200303,13:21,54.90,54.90,54.80,54.80,300,0
TATAMTRDVR,20200303,13:22,54.90,54.95,54.90,54.95,3326,0
TATAMTRDVR,20200303,13:23,54.95,54.95,54.85,54.90,431,0
TATAMTRDVR,20200303,13:24,54.90,54.90,54.90,54.90,91,0
TATAMTRDVR,20200303,13:25,54.90,54.90,54.90,54.90,710,0
TATAMTRDVR,20200303,13:26,54.90,54.90,54.85,54.90,3734,0
TATAMTRDVR,20200303,13:27,54.90,54.95,54.90,54.90,2717,0
TATAMTRDVR,20200303,13:29,55.00,55.05,54.95,55.00,6181,0
TATAMTRDVR,20200303,13:30,55.05,55.05,55.00,55.00,824,0
TATAMTRDVR,20200303,13:31,55.00,55.05,54.95,54.95,9792,0
TATAMTRDVR,20200303,13:32,55.00,55.00,55.00,55.00,3000,0
TATAMTRDVR,20200303,13:33,55.00,55.00,55.00,55.00,1121,0
TATAMTRDVR,20200303,13:34,55.00,55.05,55.00,55.00,3524,0
TATAMTRDVR,20200303,13:35,55.05,55.05,55.00,55.00,5277,0
TATAMTRDVR,20200303,13:36,55.00,55.05,55.00,55.05,854,0
TATAMTRDVR,20200303,13:37,55.00,55.15,55.00,55.15,12588,0
TATAMTRDVR,20200303,13:38,55.00,55.20,54.85,55.00,26535,0
TATAMTRDVR,20200303,13:39,54.90,55.00,54.90,54.95,1802,0
TATAMTRDVR,20200303,13:40,55.00,55.00,55.00,55.00,710,0
TATAMTRDVR,20200303,13:41,55.00,55.05,55.00,55.05,1644,0
TATAMTRDVR,20200303,13:42,55.10,55.15,55.05,55.15,7130,0
TATAMTRDVR,20200303,13:43,55.20,55.20,55.05,55.05,1865,0
TATAMTRDVR,20200303,13:44,55.05,55.10,55.05,55.10,302,0
TATAMTRDVR,20200303,13:45,55.05,55.15,55.05,55.15,952,0
TATAMTRDVR,20200303,13:46,55.10,55.15,55.10,55.15,1964,0
TATAMTRDVR,20200303,13:47,55.15,55.15,55.05,55.05,2089,0
TATAMTRDVR,20200303,13:48,55.15,55.15,55.15,55.15,1950,0
TATAMTRDVR,20200303,13:49,55.05,55.15,55.05,55.05,401,0
TATAMTRDVR,20200303,13:50,55.15,55.20,55.15,55.20,4517,0
TATAMTRDVR,20200303,13:51,55.20,55.20,55.15,55.15,1687,0
TATAMTRDVR,20200303,13:52,55.15,55.20,55.10,55.10,1046,0
TATAMTRDVR,20200303,13:53,55.15,55.15,55.10,55.10,850,0
TATAMTRDVR,20200303,13:54,55.15,55.15,55.10,55.10,6082,0
TATAMTRDVR,20200303,13:55,55.10,55.10,55.05,55.10,4041,0
TATAMTRDVR,20200303,13:56,55.05,55.05,55.05,55.05,150,0
TATAMTRDVR,20200303,13:57,55.10,55.10,55.05,55.10,5690,0
TATAMTRDVR,20200303,13:58,55.05,55.05,55.00,55.05,4697,0
TATAMTRDVR,20200303,13:59,55.00,55.05,55.00,55.00,1087,0
TATAMTRDVR,20200303,14:00,55.00,55.05,55.00,55.05,861,0
TATAMTRDVR,20200303,14:01,55.00,55.05,55.00,55.05,377,0
TATAMTRDVR,20200303,14:02,55.05,55.05,55.00,55.05,465,0
TATAMTRDVR,20200303,14:03,55.05,55.20,55.05,55.20,8727,0
TATAMTRDVR,20200303,14:04,55.20,55.20,55.15,55.15,337,0
TATAMTRDVR,20200303,14:05,55.10,55.20,55.05,55.20,6850,0
TATAMTRDVR,20200303,14:06,55.25,55.25,55.10,55.10,17756,0
TATAMTRDVR,20200303,14:07,55.20,55.20,55.10,55.15,1415,0
TATAMTRDVR,20200303,14:08,55.15,55.20,55.10,55.20,250,0
TATAMTRDVR,20200303,14:09,55.15,55.25,55.15,55.25,5855,0
TATAMTRDVR,20200303,14:10,55.20,55.25,55.20,55.20,6697,0
TATAMTRDVR,20200303,14:11,55.20,55.25,55.20,55.20,900,0
TATAMTRDVR,20200303,14:12,55.15,55.25,55.15,55.25,6385,0
TATAMTRDVR,20200303,14:13,55.25,55.25,55.20,55.20,690,0
TATAMTRDVR,20200303,14:14,55.25,55.25,55.20,55.25,11713,0
TATAMTRDVR,20200303,14:15,55.20,55.20,55.15,55.15,12199,0
TATAMTRDVR,20200303,14:16,55.15,55.15,55.00,55.00,16180,0
TATAMTRDVR,20200303,14:17,55.10,55.10,55.00,55.05,2945,0
TATAMTRDVR,20200303,14:18,54.95,55.00,54.95,55.00,1607,0
TATAMTRDVR,20200303,14:20,55.00,55.10,55.00,55.10,3166,0
TATAMTRDVR,20200303,14:21,55.15,55.15,55.00,55.00,1871,0
TATAMTRDVR,20200303,14:22,55.00,55.10,55.00,55.00,1769,0
TATAMTRDVR,20200303,14:23,55.10,55.10,55.05,55.05,1789,0
TATAMTRDVR,20200303,14:24,55.05,55.05,55.05,55.05,300,0
TATAMTRDVR,20200303,14:25,55.05,55.05,55.00,55.05,4528,0
TATAMTRDVR,20200303,14:26,55.05,55.10,55.00,55.10,2066,0
TATAMTRDVR,20200303,14:27,55.15,55.20,55.15,55.20,2797,0
TATAMTRDVR,20200303,14:28,55.20,55.25,55.15,55.20,20533,0
TATAMTRDVR,20200303,14:29,55.20,55.25,55.20,55.25,2051,0
TATAMTRDVR,20200303,14:30,55.20,55.25,55.20,55.20,8232,0
TATAMTRDVR,20200303,14:31,55.20,55.25,55.20,55.25,20869,0
TATAMTRDVR,20200303,14:32,55.25,55.25,55.15,55.25,21287,0
TATAMTRDVR,20200303,14:33,55.25,55.25,55.20,55.25,29267,0
TATAMTRDVR,20200303,14:34,55.25,55.25,55.15,55.15,5664,0
TATAMTRDVR,20200303,14:35,55.25,55.25,55.20,55.20,443,0
TATAMTRDVR,20200303,14:36,55.25,55.35,55.20,55.30,60904,0
TATAMTRDVR,20200303,14:37,55.30,55.30,55.25,55.25,16495,0
TATAMTRDVR,20200303,14:38,55.30,55.35,55.25,55.35,1400,0
TATAMTRDVR,20200303,14:39,55.35,55.45,55.25,55.40,21307,0
TATAMTRDVR,20200303,14:40,55.30,55.70,55.25,55.70,22162,0
TATAMTRDVR,20200303,14:41,55.70,55.70,55.55,55.60,4301,0
TATAMTRDVR,20200303,14:42,55.70,55.70,55.55,55.65,15887,0
TATAMTRDVR,20200303,14:43,55.70,55.80,55.70,55.80,10293,0
TATAMTRDVR,20200303,14:44,55.75,55.75,55.60,55.60,4279,0
TATAMTRDVR,20200303,14:45,55.60,55.80,55.60,55.75,9153,0
TATAMTRDVR,20200303,14:46,55.75,56.15,55.70,56.15,37553,0
TATAMTRDVR,20200303,14:47,56.10,56.10,55.90,55.90,7052,0
TATAMTRDVR,20200303,14:48,56.10,56.10,55.90,55.90,19824,0
TATAMTRDVR,20200303,14:49,55.85,56.15,55.80,56.10,35073,0
TATAMTRDVR,20200303,14:50,56.10,56.40,55.90,55.90,35465,0
TATAMTRDVR,20200303,14:51,55.85,56.00,55.80,55.85,14852,0
TATAMTRDVR,20200303,14:52,55.85,55.95,55.70,55.80,16433,0
TATAMTRDVR,20200303,14:53,55.80,55.95,55.80,55.90,13016,0
TATAMTRDVR,20200303,14:54,55.90,55.90,55.80,55.80,1055,0
TATAMTRDVR,20200303,14:55,55.75,55.80,55.55,55.65,25952,0
TATAMTRDVR,20200303,14:56,55.60,55.60,55.55,55.60,12508,0
TATAMTRDVR,20200303,14:57,55.55,55.60,55.55,55.60,12823,0
TATAMTRDVR,20200303,14:58,55.55,55.60,55.55,55.55,1825,0
TATAMTRDVR,20200303,14:59,55.70,55.80,55.55,55.75,38169,0
TATAMTRDVR,20200303,15:00,55.70,55.75,55.60,55.60,6351,0
TATAMTRDVR,20200303,15:01,55.70,55.70,55.50,55.50,20965,0
TATAMTRDVR,20200303,15:02,55.50,55.50,55.45,55.50,6378,0
TATAMTRDVR,20200303,15:03,55.45,55.60,55.45,55.45,18721,0
TATAMTRDVR,20200303,15:04,55.60,55.80,55.50,55.75,11600,0
TATAMTRDVR,20200303,15:05,55.60,55.70,55.50,55.70,5325,0
TATAMTRDVR,20200303,15:06,55.65,55.65,55.60,55.65,1036,0
TATAMTRDVR,20200303,15:07,55.65,55.70,55.55,55.65,16406,0
TATAMTRDVR,20200303,15:08,55.45,55.75,55.45,55.75,19275,0
TATAMTRDVR,20200303,15:09,55.80,55.90,55.70,55.80,19649,0
TATAMTRDVR,20200303,15:10,55.80,55.85,55.65,55.70,48623,0
TATAMTRDVR,20200303,15:11,55.80,55.85,55.80,55.80,11431,0
TATAMTRDVR,20200303,15:12,55.80,55.90,55.65,55.90,20817,0
TATAMTRDVR,20200303,15:13,55.90,56.00,55.80,55.90,10218,0
TATAMTRDVR,20200303,15:14,55.85,55.95,55.85,55.90,7923,0
TATAMTRDVR,20200303,15:15,55.90,55.95,55.90,55.95,4289,0
TATAMTRDVR,20200303,15:16,55.90,55.95,55.90,55.90,10217,0
TATAMTRDVR,20200303,15:17,55.90,56.20,55.90,56.10,36079,0
TATAMTRDVR,20200303,15:18,56.20,56.20,56.05,56.15,20029,0
TATAMTRDVR,20200303,15:19,56.20,56.20,55.95,56.10,20944,0
TATAMTRDVR,20200303,15:20,56.10,56.10,55.95,55.95,25703,0
TATAMTRDVR,20200303,15:21,56.10,56.10,55.95,55.95,18824,0
TATAMTRDVR,20200303,15:22,55.95,56.05,55.95,56.00,9911,0
TATAMTRDVR,20200303,15:23,56.00,56.50,56.00,56.30,36923,0
TATAMTRDVR,20200303,15:24,56.30,56.45,56.15,56.25,15689,0
TATAMTRDVR,20200303,15:25,56.25,56.30,56.20,56.20,4085,0
TATAMTRDVR,20200303,15:26,56.20,56.25,56.20,56.25,6034,0
TATAMTRDVR,20200303,15:27,56.25,56.25,56.20,56.25,3262,0
TATAMTRDVR,20200303,15:28,56.20,56.25,56.20,56.20,4777,0
TATAMTRDVR,20200303,15:29,56.20,56.25,56.20,56.25,3060,0
TATAMTRDVR,20200303,15:30,56.20,56.90,56.20,56.60,28557,0
TATAMTRDVR,20200303,15:31,56.90,56.90,56.90,56.90,40,0
TATAMTRDVR,20200303,15:32,55.95,55.95,55.95,55.95,0,0
TATAMTRDVR,20200303,15:41,55.95,55.95,55.95,55.95,100,0
TATAMTRDVR,20200303,16:37,55.95,55.95,55.95,55.95,0,0
