ADANIPORTS_F1,20171010,09:16,393.45,395.4,391,394.95,132500
ADANIPORTS_F1,20171010,09:17,394.55,394.55,392.85,393.95,52500
ADANIPORTS_F1,20171010,09:18,394.1,394.45,393.65,394,22500
ADANIPORTS_F1,20171010,09:19,393.45,393.45,393,393,22500
ADANIPORTS_F1,20171010,09:20,393.05,393.6,392.7,393.05,75000
ADANIPORTS_F1,20171010,09:21,392.65,393.2,392.65,393.1,30000
ADANIPORTS_F1,20171010,09:22,393.25,393.75,393.25,393.65,22500
ADANIPORTS_F1,20171010,09:23,393.4,393.55,393.35,393.4,27500
ADANIPORTS_F1,20171010,09:24,393.6,393.6,392.4,392.55,37500
ADANIPORTS_F1,20171010,09:25,392.75,392.9,392.5,392.5,32500
ADANIPORTS_F1,20171010,09:26,392.6,393,392.6,392.95,20000
ADANIPORTS_F1,20171010,09:27,392.6,392.8,392.55,392.75,15000
ADANIPORTS_F1,20171010,09:28,392.8,393.4,392.65,393.4,27500
ADANIPORTS_F1,20171010,09:29,393,393.05,392.8,393.05,15000
ADANIPORTS_F1,20171010,09:30,393,393,393,393,5000
ADANIPORTS_F1,20171010,09:31,393.25,393.25,393.2,393.2,17500
ADANIPORTS_F1,20171010,09:32,393,393,392.6,392.9,20000
ADANIPORTS_F1,20171010,09:33,392.85,393.05,392.45,392.6,102500
ADANIPORTS_F1,20171010,09:34,393,393.15,392.75,393.05,85000
ADANIPORTS_F1,20171010,09:35,392.75,393.15,392.65,392.7,82500
ADANIPORTS_F1,20171010,09:36,392.7,392.75,392.45,392.7,157500
ADANIPORTS_F1,20171010,09:37,392.5,392.75,392.45,392.75,15000
ADANIPORTS_F1,20171010,09:38,392.55,392.95,392.55,392.8,17500
ADANIPORTS_F1,20171010,09:39,392.75,392.75,392.5,392.5,25000
ADANIPORTS_F1,20171010,09:40,392.45,392.45,392.25,392.25,22500
ADANIPORTS_F1,20171010,09:41,392.65,392.8,392.35,392.35,67500
ADANIPORTS_F1,20171010,09:42,392.2,392.2,392.05,392.05,15000
ADANIPORTS_F1,20171010,09:43,392,392.05,391.95,392.05,20000
ADANIPORTS_F1,20171010,09:44,392,392.35,392,392.3,7500
ADANIPORTS_F1,20171010,09:45,392.2,392.2,392,392.2,12500
ADANIPORTS_F1,20171010,09:47,392.2,392.2,392,392.05,12500
ADANIPORTS_F1,20171010,09:48,392.4,392.75,392.3,392.5,27500
ADANIPORTS_F1,20171010,09:49,392.75,393,392.75,393,17500
ADANIPORTS_F1,20171010,09:50,393.2,393.2,393.05,393.05,7500
ADANIPORTS_F1,20171010,09:51,393.2,393.35,393.2,393.35,5000
ADANIPORTS_F1,20171010,09:52,393.35,393.4,393.3,393.4,15000
ADANIPORTS_F1,20171010,09:53,393.5,393.8,393.5,393.8,37500
ADANIPORTS_F1,20171010,09:54,393.85,394.35,393.85,394.2,32500
ADANIPORTS_F1,20171010,09:55,394.4,394.4,394.2,394.2,15000
ADANIPORTS_F1,20171010,09:56,394.4,394.5,394.3,394.3,17500
ADANIPORTS_F1,20171010,09:57,394.5,394.55,394.45,394.55,10000
ADANIPORTS_F1,20171010,09:58,394.5,394.5,394.4,394.4,5000
ADANIPORTS_F1,20171010,09:59,394.2,394.2,394.05,394.05,30000
ADANIPORTS_F1,20171010,10:00,394,394.2,394,394,10000
ADANIPORTS_F1,20171010,10:01,394.1,394.1,394,394,7500
ADANIPORTS_F1,20171010,10:02,393.95,394.1,393.9,394,30000
ADANIPORTS_F1,20171010,10:03,394.25,394.3,394.05,394.05,12500
ADANIPORTS_F1,20171010,10:05,394.1,394.5,394.1,394.5,7500
ADANIPORTS_F1,20171010,10:06,394.05,394.05,394.05,394.05,2500
ADANIPORTS_F1,20171010,10:07,394.2,394.2,394.05,394.05,10000
ADANIPORTS_F1,20171010,10:08,393.85,394.05,393.5,393.5,25000
ADANIPORTS_F1,20171010,10:09,393.3,393.6,393.25,393.6,12500
ADANIPORTS_F1,20171010,10:10,393.6,393.6,393.5,393.5,5000
ADANIPORTS_F1,20171010,10:11,393.65,393.9,393.65,393.9,12500
ADANIPORTS_F1,20171010,10:12,394,394.7,394,394.15,40000
ADANIPORTS_F1,20171010,10:13,394.25,394.6,394.05,394.6,102500
ADANIPORTS_F1,20171010,10:14,394.55,394.55,393.85,393.85,17500
ADANIPORTS_F1,20171010,10:15,393.85,393.85,393.6,393.6,15000
ADANIPORTS_F1,20171010,10:16,393.5,393.5,393,393,12500
ADANIPORTS_F1,20171010,10:17,393.15,393.15,392,392,45000
ADANIPORTS_F1,20171010,10:18,392,392.65,392,392.55,22500
ADANIPORTS_F1,20171010,10:19,392.65,392.8,392.65,392.8,12500
ADANIPORTS_F1,20171010,10:20,393.35,393.35,393.35,393.35,5000
ADANIPORTS_F1,20171010,10:21,393.35,393.35,393.1,393.25,10000
ADANIPORTS_F1,20171010,10:22,393.15,393.15,393.05,393.05,5000
ADANIPORTS_F1,20171010,10:23,393.15,393.5,393.1,393.1,17500
ADANIPORTS_F1,20171010,10:24,393.1,393.1,393.1,393.1,2500
ADANIPORTS_F1,20171010,10:25,392.8,392.8,392.5,392.5,15000
ADANIPORTS_F1,20171010,10:27,392.2,392.2,392.2,392.2,10000
ADANIPORTS_F1,20171010,10:28,392.5,392.5,392.3,392.3,5000
ADANIPORTS_F1,20171010,10:29,392.4,392.75,392.4,392.75,7500
ADANIPORTS_F1,20171010,10:32,392.75,392.9,392.65,392.9,7500
ADANIPORTS_F1,20171010,10:34,392.7,392.7,392.7,392.7,2500
ADANIPORTS_F1,20171010,10:37,393,393,393,393,7500
ADANIPORTS_F1,20171010,10:39,393.3,393.95,393.3,393.95,15000
ADANIPORTS_F1,20171010,10:40,394,394,393.45,393.45,12500
ADANIPORTS_F1,20171010,10:41,393.65,393.7,393.65,393.7,5000
ADANIPORTS_F1,20171010,10:42,393.75,393.85,393.75,393.85,10000
ADANIPORTS_F1,20171010,10:44,393.9,394,393.9,394,10000
ADANIPORTS_F1,20171010,10:46,394,394,394,394,2500
ADANIPORTS_F1,20171010,10:47,393.85,393.85,393.85,393.85,2500
ADANIPORTS_F1,20171010,10:49,393.85,393.85,393.85,393.85,2500
ADANIPORTS_F1,20171010,10:50,394.2,394.2,393.95,393.95,5000
ADANIPORTS_F1,20171010,10:51,394,394,394,394,2500
ADANIPORTS_F1,20171010,10:53,394.05,394.05,394.05,394.05,2500
ADANIPORTS_F1,20171010,10:54,394.1,394.1,394.1,394.1,2500
ADANIPORTS_F1,20171010,10:55,394.1,394.1,394.1,394.1,2500
ADANIPORTS_F1,20171010,10:57,394.05,394.05,393.95,394.05,7500
ADANIPORTS_F1,20171010,10:58,394.25,394.25,394.25,394.25,2500
ADANIPORTS_F1,20171010,11:02,394.15,394.15,394.15,394.15,2500
ADANIPORTS_F1,20171010,11:03,394.2,394.2,394.2,394.2,2500
ADANIPORTS_F1,20171010,11:04,394.15,394.15,394.1,394.1,5000
ADANIPORTS_F1,20171010,11:05,394.2,394.2,394,394,7500
ADANIPORTS_F1,20171010,11:06,394.25,394.5,394.25,394.4,27500
ADANIPORTS_F1,20171010,11:07,394.3,394.3,394.25,394.25,5000
ADANIPORTS_F1,20171010,11:09,394.3,394.3,394.3,394.3,2500
ADANIPORTS_F1,20171010,11:10,394.05,394.1,394,394.1,7500
ADANIPORTS_F1,20171010,11:11,393.95,394,393.95,394,5000
ADANIPORTS_F1,20171010,11:12,394.35,394.35,394.35,394.35,2500
ADANIPORTS_F1,20171010,11:13,394.05,394.05,394.05,394.05,2500
ADANIPORTS_F1,20171010,11:15,394.15,394.3,394.15,394.3,5000
ADANIPORTS_F1,20171010,11:18,394.4,394.7,394.4,394.7,30000
ADANIPORTS_F1,20171010,11:19,394.7,394.95,394.65,394.65,32500
ADANIPORTS_F1,20171010,11:20,394.7,394.7,394.7,394.7,2500
ADANIPORTS_F1,20171010,11:21,394.6,394.7,394.6,394.7,5000
ADANIPORTS_F1,20171010,11:22,394.7,394.8,394.7,394.8,10000
ADANIPORTS_F1,20171010,11:24,394.7,394.7,393.65,393.65,87500
ADANIPORTS_F1,20171010,11:25,394,394,394,394,7500
ADANIPORTS_F1,20171010,11:26,394,394,394,394,2500
ADANIPORTS_F1,20171010,11:27,394,394.25,394,394.25,15000
ADANIPORTS_F1,20171010,11:28,394.25,394.25,394.25,394.25,2500
ADANIPORTS_F1,20171010,11:31,394.25,394.25,394.25,394.25,2500
ADANIPORTS_F1,20171010,11:32,394.05,394.05,394,394,7500
ADANIPORTS_F1,20171010,11:34,393.8,394.45,393.75,393.8,15000
ADANIPORTS_F1,20171010,11:35,394.35,394.65,394.15,394.15,17500
ADANIPORTS_F1,20171010,11:36,394.15,394.2,394.15,394.15,15000
ADANIPORTS_F1,20171010,11:37,394.15,394.15,394.15,394.15,2500
ADANIPORTS_F1,20171010,11:38,394,394,394,394,2500
ADANIPORTS_F1,20171010,11:39,394.1,394.1,393.8,394,32500
ADANIPORTS_F1,20171010,11:40,393.8,394.35,393.8,394.25,20000
ADANIPORTS_F1,20171010,11:41,394.1,394.1,394.1,394.1,20000
ADANIPORTS_F1,20171010,11:42,394.25,394.25,394.1,394.15,7500
ADANIPORTS_F1,20171010,11:43,394,394,394,394,2500
ADANIPORTS_F1,20171010,11:45,394,394.35,394,394.35,5000
ADANIPORTS_F1,20171010,11:46,394.1,394.1,394.1,394.1,2500
ADANIPORTS_F1,20171010,11:47,394,394,393.5,393.5,25000
ADANIPORTS_F1,20171010,11:48,393.2,393.25,393.1,393.15,75000
ADANIPORTS_F1,20171010,11:49,393.2,393.65,393.2,393.6,67500
ADANIPORTS_F1,20171010,11:50,393.85,394,393.85,394,10000
ADANIPORTS_F1,20171010,11:51,394.05,394.15,393.6,394.15,20000
ADANIPORTS_F1,20171010,11:52,393.85,394,393.85,394,5000
ADANIPORTS_F1,20171010,11:53,394.3,394.3,394.3,394.3,2500
ADANIPORTS_F1,20171010,11:54,394.3,394.3,394.3,394.3,5000
ADANIPORTS_F1,20171010,11:55,393.65,393.65,393.65,393.65,2500
ADANIPORTS_F1,20171010,12:01,394.4,394.4,394.4,394.4,2500
ADANIPORTS_F1,20171010,12:02,394.4,394.65,394.4,394.65,7500
ADANIPORTS_F1,20171010,12:03,394.6,394.8,394.55,394.8,20000
ADANIPORTS_F1,20171010,12:04,394.9,394.9,394.7,394.7,5000
ADANIPORTS_F1,20171010,12:07,394.8,394.8,394.8,394.8,5000
ADANIPORTS_F1,20171010,12:08,394.8,394.8,394.8,394.8,2500
ADANIPORTS_F1,20171010,12:09,394.5,394.7,394.5,394.7,7500
ADANIPORTS_F1,20171010,12:10,394.75,394.75,394.75,394.75,5000
ADANIPORTS_F1,20171010,12:11,394.55,394.55,394.55,394.55,2500
ADANIPORTS_F1,20171010,12:14,394.75,394.75,394.75,394.75,5000
ADANIPORTS_F1,20171010,12:15,394.7,394.7,394.6,394.6,7500
ADANIPORTS_F1,20171010,12:16,394.75,394.8,394.65,394.8,10000
ADANIPORTS_F1,20171010,12:17,394.85,395.45,394.85,395.45,57500
ADANIPORTS_F1,20171010,12:18,395.25,395.35,395.05,395.15,15000
ADANIPORTS_F1,20171010,12:19,395.3,396.5,395.3,396.1,95000
ADANIPORTS_F1,20171010,12:20,396.7,396.8,396.1,396.1,60000
ADANIPORTS_F1,20171010,12:21,396.35,396.35,396.1,396.1,17500
ADANIPORTS_F1,20171010,12:22,396,396,395.8,395.8,15000
ADANIPORTS_F1,20171010,12:23,396.25,396.25,395.9,396.2,12500
ADANIPORTS_F1,20171010,12:24,396,396.2,395.05,395.05,27500
ADANIPORTS_F1,20171010,12:25,395.9,395.9,395.9,395.9,2500
ADANIPORTS_F1,20171010,12:26,395.5,395.5,395.5,395.5,5000
ADANIPORTS_F1,20171010,12:28,396.2,396.2,396,396,20000
ADANIPORTS_F1,20171010,12:29,395.8,395.8,395.55,395.55,10000
ADANIPORTS_F1,20171010,12:30,395.65,395.65,395.65,395.65,5000
ADANIPORTS_F1,20171010,12:32,395.95,396.2,395.95,396.15,15000
ADANIPORTS_F1,20171010,12:33,396.2,396.4,396.2,396.4,12500
ADANIPORTS_F1,20171010,12:34,396.35,397.15,396.3,397.15,95000
ADANIPORTS_F1,20171010,12:35,397,397.4,396.9,397.2,110000
ADANIPORTS_F1,20171010,12:36,397.25,397.25,396.15,396.15,87500
ADANIPORTS_F1,20171010,12:37,396.5,396.5,396.25,396.45,15000
ADANIPORTS_F1,20171010,12:39,396.7,396.75,396.45,396.45,7500
ADANIPORTS_F1,20171010,12:41,396.6,396.6,396.45,396.45,5000
ADANIPORTS_F1,20171010,12:43,396.45,396.45,395.85,396,20000
ADANIPORTS_F1,20171010,12:44,396.2,396.2,395,395,47500
ADANIPORTS_F1,20171010,12:45,395.7,395.7,395.35,395.35,10000
ADANIPORTS_F1,20171010,12:46,395.9,396.1,395.9,396.1,5000
ADANIPORTS_F1,20171010,12:47,395.55,395.55,395.55,395.55,2500
ADANIPORTS_F1,20171010,12:48,395.85,395.85,395.85,395.85,2500
ADANIPORTS_F1,20171010,12:50,395.8,396.1,395.8,396.1,10000
ADANIPORTS_F1,20171010,12:51,395.65,395.65,395.6,395.6,5000
ADANIPORTS_F1,20171010,12:52,395.85,395.85,395.8,395.8,5000
ADANIPORTS_F1,20171010,12:53,395.65,395.85,395.5,395.85,12500
ADANIPORTS_F1,20171010,12:54,395.85,395.85,395.55,395.85,7500
ADANIPORTS_F1,20171010,12:57,395.6,395.6,395.45,395.45,5000
ADANIPORTS_F1,20171010,12:59,395.6,395.6,395.6,395.6,2500
ADANIPORTS_F1,20171010,13:00,395.6,395.6,395.45,395.45,10000
ADANIPORTS_F1,20171010,13:02,395.5,395.5,395.5,395.5,5000
ADANIPORTS_F1,20171010,13:05,395.45,395.45,395.4,395.4,5000
ADANIPORTS_F1,20171010,13:06,395.45,395.45,395.45,395.45,2500
ADANIPORTS_F1,20171010,13:08,395.7,395.7,395.7,395.7,2500
ADANIPORTS_F1,20171010,13:10,395.6,395.65,395.6,395.65,5000
ADANIPORTS_F1,20171010,13:12,395.5,395.5,395.5,395.5,12500
ADANIPORTS_F1,20171010,13:13,395.4,395.4,395.4,395.4,5000
ADANIPORTS_F1,20171010,13:15,395.65,395.65,395.65,395.65,2500
ADANIPORTS_F1,20171010,13:21,395.8,395.8,395.8,395.8,5000
ADANIPORTS_F1,20171010,13:23,395.85,395.85,395.85,395.85,5000
ADANIPORTS_F1,20171010,13:24,396,396,396,396,5000
ADANIPORTS_F1,20171010,13:25,395.75,395.75,395.75,395.75,2500
ADANIPORTS_F1,20171010,13:28,396,396,396,396,10000
ADANIPORTS_F1,20171010,13:29,396.1,396.1,396.1,396.1,5000
ADANIPORTS_F1,20171010,13:30,396,396,396,396,2500
ADANIPORTS_F1,20171010,13:32,396,396.05,395.85,395.85,10000
ADANIPORTS_F1,20171010,13:33,395.75,395.95,395.75,395.95,22500
ADANIPORTS_F1,20171010,13:34,395.95,396.5,395.8,395.8,50000
ADANIPORTS_F1,20171010,13:35,395.8,396.5,395.8,396,62500
ADANIPORTS_F1,20171010,13:36,396.25,396.3,395.6,395.6,25000
ADANIPORTS_F1,20171010,13:37,395.85,396.4,395.85,396.4,25000
ADANIPORTS_F1,20171010,13:38,396.25,396.8,396.25,396.8,27500
ADANIPORTS_F1,20171010,13:39,396.8,396.8,396.55,396.65,12500
ADANIPORTS_F1,20171010,13:40,396.7,397,396.7,397,17500
ADANIPORTS_F1,20171010,13:41,396.7,397,396.6,396.6,22500
ADANIPORTS_F1,20171010,13:42,396.9,396.9,396.9,396.9,5000
ADANIPORTS_F1,20171010,13:44,396.75,396.75,396.75,396.75,2500
ADANIPORTS_F1,20171010,13:45,396.55,396.55,396.4,396.4,12500
ADANIPORTS_F1,20171010,13:46,396.45,396.75,396.45,396.7,10000
ADANIPORTS_F1,20171010,13:47,396.45,396.6,396.45,396.6,5000
ADANIPORTS_F1,20171010,13:48,396.85,396.85,396.8,396.8,5000
ADANIPORTS_F1,20171010,13:49,396.45,396.45,396.45,396.45,5000
ADANIPORTS_F1,20171010,13:50,396.5,396.5,396.5,396.5,5000
ADANIPORTS_F1,20171010,13:51,396.75,397.35,396.7,397.35,97500
ADANIPORTS_F1,20171010,13:52,397.7,397.85,397.2,397.2,147500
ADANIPORTS_F1,20171010,13:53,397.25,397.8,397,397.8,47500
ADANIPORTS_F1,20171010,13:54,397.3,397.5,397.3,397.35,10000
ADANIPORTS_F1,20171010,13:55,397.5,397.85,397.5,397.7,17500
ADANIPORTS_F1,20171010,13:56,397.9,398.5,397.9,398.25,122500
ADANIPORTS_F1,20171010,13:57,398.5,398.7,398,398,60000
ADANIPORTS_F1,20171010,13:58,398,398.2,397.5,397.8,35000
ADANIPORTS_F1,20171010,13:59,397.9,398.2,397.85,397.9,35000
ADANIPORTS_F1,20171010,14:00,397.85,397.95,397.7,397.9,25000
ADANIPORTS_F1,20171010,14:01,398,398,397.9,397.9,20000
ADANIPORTS_F1,20171010,14:02,397.8,397.8,397.25,397.25,25000
ADANIPORTS_F1,20171010,14:03,397.35,397.35,397,397.05,30000
ADANIPORTS_F1,20171010,14:04,397.15,397.15,397.15,397.15,2500
ADANIPORTS_F1,20171010,14:05,397.15,397.15,396.65,397,27500
ADANIPORTS_F1,20171010,14:06,396.8,397,396.15,396.35,100000
ADANIPORTS_F1,20171010,14:07,396.1,396.5,396,396,117500
ADANIPORTS_F1,20171010,14:08,395.75,396.5,395.75,396.5,27500
ADANIPORTS_F1,20171010,14:09,396.5,396.5,395.4,395.4,47500
ADANIPORTS_F1,20171010,14:10,395.25,395.4,395.15,395.4,35000
ADANIPORTS_F1,20171010,14:11,395.15,395.6,395,395.6,32500
ADANIPORTS_F1,20171010,14:12,395.85,395.85,395.85,395.85,2500
ADANIPORTS_F1,20171010,14:13,396,396.3,395.95,396.3,12500
ADANIPORTS_F1,20171010,14:14,396.2,396.4,396.2,396.4,7500
ADANIPORTS_F1,20171010,14:15,396.5,396.65,396.3,396.3,12500
ADANIPORTS_F1,20171010,14:16,396.35,396.35,396.35,396.35,2500
ADANIPORTS_F1,20171010,14:17,396.45,396.45,396.45,396.45,2500
ADANIPORTS_F1,20171010,14:18,396.2,396.2,396,396,7500
ADANIPORTS_F1,20171010,14:19,396.1,396.1,395.8,395.9,20000
ADANIPORTS_F1,20171010,14:20,396.4,396.4,396.4,396.4,2500
ADANIPORTS_F1,20171010,14:21,396.2,396.2,395.8,395.8,7500
ADANIPORTS_F1,20171010,14:22,396,396.35,396,396.35,17500
ADANIPORTS_F1,20171010,14:23,396.45,396.55,396.45,396.45,12500
ADANIPORTS_F1,20171010,14:24,396.55,396.55,396.55,396.55,2500
ADANIPORTS_F1,20171010,14:25,396.65,396.75,396.65,396.75,10000
ADANIPORTS_F1,20171010,14:26,396.75,396.8,396.75,396.8,7500
ADANIPORTS_F1,20171010,14:27,396.9,396.9,396.5,396.5,20000
ADANIPORTS_F1,20171010,14:28,396.6,396.65,396.6,396.65,7500
ADANIPORTS_F1,20171010,14:29,396.75,396.75,396.75,396.75,2500
ADANIPORTS_F1,20171010,14:30,396.75,396.9,396.65,396.9,17500
ADANIPORTS_F1,20171010,14:31,397,397.35,397,397.35,12500
ADANIPORTS_F1,20171010,14:32,397.2,397.5,397.2,397.5,12500
ADANIPORTS_F1,20171010,14:33,397.35,397.35,397.3,397.3,7500
ADANIPORTS_F1,20171010,14:34,397.35,397.35,397.2,397.3,32500
ADANIPORTS_F1,20171010,14:35,397.3,397.3,397.3,397.3,2500
ADANIPORTS_F1,20171010,14:36,397.2,397.2,397.2,397.2,5000
ADANIPORTS_F1,20171010,14:37,397.3,397.5,396.95,397.25,30000
ADANIPORTS_F1,20171010,14:38,397.5,397.5,397.5,397.5,7500
ADANIPORTS_F1,20171010,14:39,397.65,397.65,397.65,397.65,2500
ADANIPORTS_F1,20171010,14:40,397.7,397.9,397.65,397.65,12500
ADANIPORTS_F1,20171010,14:41,397.7,397.7,397.6,397.6,12500
ADANIPORTS_F1,20171010,14:42,397.4,397.6,397.4,397.6,5000
ADANIPORTS_F1,20171010,14:43,397.55,397.55,397.4,397.4,10000
ADANIPORTS_F1,20171010,14:44,397.5,397.75,397.5,397.75,15000
ADANIPORTS_F1,20171010,14:45,397.6,397.6,396.6,396.85,42500
ADANIPORTS_F1,20171010,14:46,396.65,397,396.65,397,12500
ADANIPORTS_F1,20171010,14:47,397,397,397,397,2500
ADANIPORTS_F1,20171010,14:48,397,397,397,397,2500
ADANIPORTS_F1,20171010,14:49,397.15,397.15,397,397,10000
ADANIPORTS_F1,20171010,14:50,397.05,397.15,396.9,397.15,15000
ADANIPORTS_F1,20171010,14:51,397.05,397.05,396.8,396.8,32500
ADANIPORTS_F1,20171010,14:52,397,397,397,397,7500
ADANIPORTS_F1,20171010,14:54,396.8,396.95,396.8,396.95,7500
ADANIPORTS_F1,20171010,14:55,396.95,396.95,396.95,396.95,5000
ADANIPORTS_F1,20171010,14:56,396.95,397,396.95,397,7500
ADANIPORTS_F1,20171010,14:57,397.05,397.1,397,397,20000
ADANIPORTS_F1,20171010,14:58,397.1,397.2,397.1,397.2,5000
ADANIPORTS_F1,20171010,14:59,397.05,397.2,397.05,397.2,15000
ADANIPORTS_F1,20171010,15:00,397.15,397.25,396.95,396.95,17500
ADANIPORTS_F1,20171010,15:03,397.4,397.4,397.4,397.4,7500
ADANIPORTS_F1,20171010,15:04,397.25,397.25,397.2,397.2,5000
ADANIPORTS_F1,20171010,15:05,397,397,397,397,12500
ADANIPORTS_F1,20171010,15:07,397.15,397.3,397,397.3,25000
ADANIPORTS_F1,20171010,15:08,397.1,397.1,396.8,396.8,22500
ADANIPORTS_F1,20171010,15:09,397,397.1,397,397.1,7500
ADANIPORTS_F1,20171010,15:10,397.2,397.25,397.2,397.25,10000
ADANIPORTS_F1,20171010,15:11,397.25,397.25,397.15,397.15,15000
ADANIPORTS_F1,20171010,15:12,397.2,397.4,397.2,397.2,32500
ADANIPORTS_F1,20171010,15:13,397.2,397.35,397.1,397.15,12500
ADANIPORTS_F1,20171010,15:14,397.4,397.4,396.65,396.65,37500
ADANIPORTS_F1,20171010,15:15,396.9,397.2,396.9,397.2,12500
ADANIPORTS_F1,20171010,15:16,397.2,397.2,397.1,397.1,45000
ADANIPORTS_F1,20171010,15:17,397.3,397.4,397.25,397.25,22500
ADANIPORTS_F1,20171010,15:18,397.5,397.5,397.45,397.45,45000
ADANIPORTS_F1,20171010,15:19,397.6,397.65,397.3,397.3,25000
ADANIPORTS_F1,20171010,15:20,397.65,397.65,397.35,397.5,15000
ADANIPORTS_F1,20171010,15:21,397.75,397.9,397.5,397.75,40000
ADANIPORTS_F1,20171010,15:22,397.65,397.75,397.45,397.75,17500
ADANIPORTS_F1,20171010,15:23,397.45,397.65,397.45,397.45,22500
ADANIPORTS_F1,20171010,15:24,397.6,397.9,397.6,397.65,22500
ADANIPORTS_F1,20171010,15:25,397.9,397.9,397.35,397.6,22500
ADANIPORTS_F1,20171010,15:26,397.4,397.7,397.35,397.35,12500
ADANIPORTS_F1,20171010,15:27,397.1,397.35,396.8,396.8,70000
ADANIPORTS_F1,20171010,15:28,396.8,396.9,396.6,396.9,10000
ADANIPORTS_F1,20171010,15:29,396.95,397,396.65,396.95,25000
ADANIPORTS_F1,20171010,15:30,397,397.2,396.9,397.2,27500
ADANIPORTS_F1,20171010,16:31,397.3,397.3,397.3,397.3,1
