CNXFMCG,20171010,09:08,25294.5,25294.5,25294.5,25294.5,200
CNXFMCG,20171010,09:16,25333.3,25333.3,25261.2,25272.6,59
CNXFMCG,20171010,09:17,25272.9,25291.3,25260.3,25291.3,58
CNXFMCG,20171010,09:18,25286,25314.6,25278.6,25308.6,59
CNXFMCG,20171010,09:19,25312.5,25331.4,25308.1,25331.4,60
CNXFMCG,20171010,09:20,25331.6,25334.4,25322.7,25330.4,56
CNXFMCG,20171010,09:21,25331.3,25339.2,25323.8,25331.4,57
CNXFMCG,20171010,09:22,25333.3,25334.5,25318.9,25318.9,59
CNXFMCG,20171010,09:23,25319.1,25319.8,25304.2,25313.9,59
CNXFMCG,20171010,09:24,25313,25313,25287.6,25291.8,56
CNXFMCG,20171010,09:25,25291.7,25308.6,25290.3,25305.5,59
CNXFMCG,20171010,09:26,25305,25305,25278.8,25281.8,54
CNXFMCG,20171010,09:27,25284.8,25289.3,25278.9,25282.9,56
CNXFMCG,20171010,09:28,25282.8,25285.9,25261.7,25281.3,55
CNXFMCG,20171010,09:29,25276.9,25285.8,25269.9,25270.3,58
CNXFMCG,20171010,09:30,25269.7,25279.3,25261.3,25274.7,59
CNXFMCG,20171010,09:31,25274.7,25279.7,25272.1,25275.7,55
CNXFMCG,20171010,09:32,25278,25278,25262.2,25265.2,51
CNXFMCG,20171010,09:33,25264.8,25300.9,25263.4,25292.8,54
CNXFMCG,20171010,09:34,25299.8,25300.5,25285.7,25287.7,55
CNXFMCG,20171010,09:35,25287.7,25295.6,25287.4,25294.7,50
CNXFMCG,20171010,09:36,25299.6,25307.4,25293.8,25300.5,52
CNXFMCG,20171010,09:37,25299.8,25301.9,25294.5,25301.9,50
CNXFMCG,20171010,09:38,25300.1,25317.1,25299.1,25311.4,54
CNXFMCG,20171010,09:39,25312.6,25314.3,25298.3,25299.4,57
CNXFMCG,20171010,09:40,25299.3,25303.9,25295.7,25299.4,53
CNXFMCG,20171010,09:41,25299.3,25299.3,25289.4,25292.6,50
CNXFMCG,20171010,09:42,25294.3,25294.3,25280.8,25284.6,56
CNXFMCG,20171010,09:43,25284.8,25291.3,25283.8,25284.3,53
CNXFMCG,20171010,09:44,25286.4,25286.4,25271.4,25272.8,51
CNXFMCG,20171010,09:45,25272,25273.7,25259.4,25262.1,48
CNXFMCG,20171010,09:46,25264.5,25267.2,25261.3,25263.8,49
CNXFMCG,20171010,09:47,25266.6,25272.3,25265.2,25269.2,52
CNXFMCG,20171010,09:48,25271.4,25274.5,25265.8,25273.8,54
CNXFMCG,20171010,09:49,25274,25277.4,25269.3,25275.5,51
CNXFMCG,20171010,09:50,25275.7,25285.3,25273.6,25280.7,53
CNXFMCG,20171010,09:51,25282.8,25296,25280.3,25295.9,50
CNXFMCG,20171010,09:52,25293.8,25295.3,25286.8,25287,52
CNXFMCG,20171010,09:53,25286.8,25291.7,25282.7,25289.8,52
CNXFMCG,20171010,09:54,25290.1,25296.1,25288.3,25293.8,50
CNXFMCG,20171010,09:55,25291,25294.9,25290.3,25291.6,53
CNXFMCG,20171010,09:56,25293.5,25296.6,25288.3,25288.3,51
CNXFMCG,20171010,09:57,25287.9,25288.2,25280.4,25282.8,49
CNXFMCG,20171010,09:58,25282.8,25286.2,25279.7,25281.1,52
CNXFMCG,20171010,09:59,25280.9,25283.7,25269.9,25269.9,48
CNXFMCG,20171010,10:00,25270,25275.3,25270,25270.2,41
CNXFMCG,20171010,10:01,25272.6,25277.3,25270.2,25275.3,44
CNXFMCG,20171010,10:02,25273.6,25277.8,25271.4,25272.2,45
CNXFMCG,20171010,10:03,25272.8,25277.1,25268.1,25268.1,47
CNXFMCG,20171010,10:04,25270.3,25271.8,25264.8,25267.6,52
CNXFMCG,20171010,10:05,25267.5,25273.6,25265.2,25269.8,51
CNXFMCG,20171010,10:06,25270.1,25270.4,25263.8,25263.8,51
CNXFMCG,20171010,10:07,25266.3,25266.9,25261.6,25265.3,52
CNXFMCG,20171010,10:08,25264.9,25265.4,25257.8,25257.8,46
CNXFMCG,20171010,10:09,25257.7,25258.6,25240.6,25247.2,47
CNXFMCG,20171010,10:10,25240.3,25246.1,25238.1,25246.1,48
CNXFMCG,20171010,10:11,25241.5,25259.3,25241.5,25254.9,44
CNXFMCG,20171010,10:12,25255.2,25266.1,25245.3,25251.3,49
CNXFMCG,20171010,10:13,25250.8,25265.2,25248,25265.2,55
CNXFMCG,20171010,10:14,25265,25269.3,25264.2,25269,47
CNXFMCG,20171010,10:15,25269.1,25271.8,25246.5,25248.6,54
CNXFMCG,20171010,10:16,25245.3,25275.4,25245.3,25273.9,54
CNXFMCG,20171010,10:17,25273.4,25277.3,25262.3,25264.6,56
CNXFMCG,20171010,10:18,25262.8,25262.8,25243.6,25245.3,52
CNXFMCG,20171010,10:19,25245.4,25247.3,25236.3,25247.3,55
CNXFMCG,20171010,10:20,25247.3,25253.3,25245.3,25252.7,49
CNXFMCG,20171010,10:21,25252.8,25259.4,25251.4,25255.7,53
CNXFMCG,20171010,10:22,25254.7,25260.8,25252.6,25253.4,52
CNXFMCG,20171010,10:23,25255.9,25287.4,25254.4,25283.4,49
CNXFMCG,20171010,10:24,25282.8,25289.9,25281.7,25286.3,57
CNXFMCG,20171010,10:25,25286.3,25289.2,25274,25274,52
CNXFMCG,20171010,10:26,25274.2,25277.3,25267.7,25273.7,47
CNXFMCG,20171010,10:27,25273.8,25280.6,25270.9,25280.5,48
CNXFMCG,20171010,10:28,25280.7,25280.7,25270.9,25272.5,46
CNXFMCG,20171010,10:29,25272.3,25275.6,25266.5,25267.9,49
CNXFMCG,20171010,10:30,25267.7,25275.3,25265.3,25275.3,51
CNXFMCG,20171010,10:31,25275.3,25275.6,25271.1,25275.2,51
CNXFMCG,20171010,10:32,25275.3,25276,25271,25272.2,50
CNXFMCG,20171010,10:33,25274.2,25274.6,25268.1,25274.1,49
CNXFMCG,20171010,10:34,25274.4,25282.4,25271.3,25280.8,48
CNXFMCG,20171010,10:35,25272.7,25281.7,25272.7,25275.4,49
CNXFMCG,20171010,10:36,25277.6,25279.7,25274.3,25277.9,50
CNXFMCG,20171010,10:37,25278.2,25283.2,25277.8,25281,50
CNXFMCG,20171010,10:38,25281.1,25283.4,25277.8,25279.2,44
CNXFMCG,20171010,10:39,25280.5,25283.8,25275.9,25280.4,44
CNXFMCG,20171010,10:40,25280.3,25283.9,25279.2,25282.7,45
CNXFMCG,20171010,10:41,25282.4,25282.8,25266.8,25270,43
CNXFMCG,20171010,10:42,25272.9,25274,25269.9,25272.6,46
CNXFMCG,20171010,10:43,25273,25274.5,25268.7,25273.6,41
CNXFMCG,20171010,10:44,25271.6,25280.6,25271.6,25279.3,54
CNXFMCG,20171010,10:45,25276.9,25283.1,25276.2,25279.3,46
CNXFMCG,20171010,10:46,25278.4,25286.7,25276.2,25282.3,43
CNXFMCG,20171010,10:47,25281.8,25293.3,25281.8,25286.8,45
CNXFMCG,20171010,10:48,25286.7,25289.5,25284.8,25287.1,36
CNXFMCG,20171010,10:49,25289.5,25289.9,25283.3,25289.3,45
CNXFMCG,20171010,10:50,25288.6,25292.7,25285.2,25286.1,44
CNXFMCG,20171010,10:51,25286.2,25289.1,25269.6,25269.7,46
CNXFMCG,20171010,10:52,25267.6,25274.6,25263.8,25269.3,52
CNXFMCG,20171010,10:53,25267.9,25273.1,25263.5,25265.7,44
CNXFMCG,20171010,10:54,25265.9,25274.1,25263.9,25266.8,48
CNXFMCG,20171010,10:55,25269.1,25279.8,25268.8,25275.9,46
CNXFMCG,20171010,10:56,25275.8,25282.4,25271.9,25280.3,51
CNXFMCG,20171010,10:57,25280.7,25283.3,25271.3,25278.3,44
CNXFMCG,20171010,10:58,25278.2,25279.6,25272.7,25276.7,43
CNXFMCG,20171010,10:59,25276.4,25280.2,25270.1,25278.8,40
CNXFMCG,20171010,11:00,25279.1,25282.3,25276.4,25280.8,41
CNXFMCG,20171010,11:01,25278.8,25285.8,25278.8,25282.8,39
CNXFMCG,20171010,11:02,25285.4,25289.9,25282.3,25285.3,46
CNXFMCG,20171010,11:03,25285.3,25287.3,25279.3,25283.4,48
CNXFMCG,20171010,11:04,25287.3,25292.4,25283.4,25286.4,49
CNXFMCG,20171010,11:05,25286.6,25288.1,25280.4,25283.7,48
CNXFMCG,20171010,11:06,25286,25287.4,25281.3,25286.7,41
CNXFMCG,20171010,11:07,25286.8,25288.3,25281.6,25285.9,45
CNXFMCG,20171010,11:08,25287.7,25287.7,25279.3,25281.1,45
CNXFMCG,20171010,11:09,25280.9,25281.9,25274.1,25274.1,39
CNXFMCG,20171010,11:10,25276.3,25276.4,25270.9,25272.3,48
CNXFMCG,20171010,11:11,25273.1,25279.3,25273.1,25279.1,51
CNXFMCG,20171010,11:12,25276.7,25279.6,25275.1,25278.2,43
CNXFMCG,20171010,11:13,25275.7,25278.3,25272.9,25274.6,45
CNXFMCG,20171010,11:14,25278.4,25283.3,25274.3,25278.2,42
CNXFMCG,20171010,11:15,25277.8,25278.3,25272.3,25275.8,50
CNXFMCG,20171010,11:16,25275.7,25279.3,25275.1,25275.8,51
CNXFMCG,20171010,11:17,25277.2,25283.8,25276.1,25276.8,50
CNXFMCG,20171010,11:18,25276.9,25281.4,25274.4,25276.1,52
CNXFMCG,20171010,11:19,25277.7,25288.9,25276.8,25284.2,51
CNXFMCG,20171010,11:20,25288.7,25289.4,25276.3,25281.3,48
CNXFMCG,20171010,11:21,25281.6,25281.9,25275.3,25280.6,49
CNXFMCG,20171010,11:22,25278.4,25283.8,25278.3,25278.6,47
CNXFMCG,20171010,11:23,25278.4,25282.2,25277.7,25278.8,43
CNXFMCG,20171010,11:24,25279.6,25283.1,25276.3,25277.7,53
CNXFMCG,20171010,11:25,25277.3,25280.3,25272.5,25273.4,48
CNXFMCG,20171010,11:26,25274.2,25274.2,25267.1,25267.1,49
CNXFMCG,20171010,11:27,25269.3,25275.8,25267.8,25274.1,46
CNXFMCG,20171010,11:28,25271.8,25276.2,25262.7,25266.3,54
CNXFMCG,20171010,11:29,25266.4,25269.3,25262.5,25264.2,42
CNXFMCG,20171010,11:30,25261.9,25274.4,25261.5,25261.8,48
CNXFMCG,20171010,11:31,25261.6,25264.2,25256.9,25257.5,47
CNXFMCG,20171010,11:32,25257.3,25259.7,25246.1,25246.1,45
CNXFMCG,20171010,11:33,25245.9,25252.6,25244.3,25248.3,48
CNXFMCG,20171010,11:34,25248.4,25252.8,25246.4,25250.5,49
CNXFMCG,20171010,11:35,25250.3,25252.1,25244.6,25247.7,49
CNXFMCG,20171010,11:36,25246.9,25253.1,25243.8,25253.1,42
CNXFMCG,20171010,11:37,25244.2,25255.1,25243.3,25249.7,49
CNXFMCG,20171010,11:38,25251.2,25252.1,25248.2,25248.6,46
CNXFMCG,20171010,11:39,25251.1,25251.8,25245.9,25249.6,43
CNXFMCG,20171010,11:40,25252.3,25252.8,25246.2,25247.3,47
CNXFMCG,20171010,11:41,25249.9,25251,25245.1,25245.2,42
CNXFMCG,20171010,11:42,25245.3,25252.4,25241.3,25252.4,46
CNXFMCG,20171010,11:43,25250.9,25253.2,25242.2,25242.2,44
CNXFMCG,20171010,11:44,25246.8,25247.9,25227,25240.9,47
CNXFMCG,20171010,11:45,25241,25241,25228.4,25231.8,48
CNXFMCG,20171010,11:46,25234.2,25234.4,25227.2,25227.2,46
CNXFMCG,20171010,11:47,25229.7,25231.4,25221.8,25221.8,46
CNXFMCG,20171010,11:48,25224.1,25237.1,25222.3,25234.6,47
CNXFMCG,20171010,11:49,25236.3,25236.3,25230.6,25231.6,45
CNXFMCG,20171010,11:50,25233.8,25236.2,25231.4,25233.6,51
CNXFMCG,20171010,11:51,25233.3,25238.8,25231.9,25231.9,45
CNXFMCG,20171010,11:52,25234.3,25236.4,25229.7,25233.1,47
CNXFMCG,20171010,11:53,25230.8,25238.8,25230.8,25238.8,50
CNXFMCG,20171010,11:54,25239.6,25240.2,25234.9,25239.3,45
CNXFMCG,20171010,11:55,25240.6,25240.6,25233.4,25236.7,45
CNXFMCG,20171010,11:56,25241.4,25241.5,25234.7,25241.3,54
CNXFMCG,20171010,11:57,25241.2,25241.2,25232.2,25235.8,51
CNXFMCG,20171010,11:58,25238.1,25238.8,25229.6,25236,50
CNXFMCG,20171010,11:59,25239.3,25239.3,25232.4,25232.4,47
CNXFMCG,20171010,12:00,25232.9,25237.1,25229.6,25233.1,44
CNXFMCG,20171010,12:01,25232.9,25238.8,25231.5,25237.3,46
CNXFMCG,20171010,12:02,25237.4,25239.8,25232.9,25238.8,48
CNXFMCG,20171010,12:03,25238.9,25241.5,25236.2,25238.7,51
CNXFMCG,20171010,12:04,25241,25244.7,25236,25236.3,54
CNXFMCG,20171010,12:05,25238.3,25239.6,25234.4,25239.1,46
CNXFMCG,20171010,12:06,25238.8,25239.7,25233.4,25236.9,50
CNXFMCG,20171010,12:07,25234.9,25238.8,25231.4,25235.6,42
CNXFMCG,20171010,12:08,25237.8,25240.8,25233.8,25239.6,44
CNXFMCG,20171010,12:09,25239.3,25243.5,25237.3,25238.2,48
CNXFMCG,20171010,12:10,25238.8,25241.1,25234.1,25234.1,38
CNXFMCG,20171010,12:11,25236.5,25245.2,25233.6,25242.4,44
CNXFMCG,20171010,12:12,25244.8,25247.7,25242.5,25245.5,44
CNXFMCG,20171010,12:13,25246.3,25249.1,25241.1,25242.4,46
CNXFMCG,20171010,12:14,25242.4,25245.4,25223.3,25230,48
CNXFMCG,20171010,12:15,25231.9,25234.1,25225.3,25227.7,53
CNXFMCG,20171010,12:16,25230,25233.7,25226.6,25229.5,48
CNXFMCG,20171010,12:17,25230.5,25235.9,25227.4,25229.8,50
CNXFMCG,20171010,12:18,25232.2,25234.1,25229.4,25231.3,47
CNXFMCG,20171010,12:19,25231.4,25235.3,25229.7,25233.3,49
CNXFMCG,20171010,12:20,25235.5,25235.6,25230.9,25230.9,46
CNXFMCG,20171010,12:21,25233.3,25237.3,25230.8,25234.2,42
CNXFMCG,20171010,12:22,25236.2,25237.4,25233.4,25234.5,47
CNXFMCG,20171010,12:23,25236.7,25240.7,25234.1,25240.6,50
CNXFMCG,20171010,12:24,25242.8,25244.5,25239.8,25244.5,36
CNXFMCG,20171010,12:25,25244.4,25245.3,25239.4,25241.1,44
CNXFMCG,20171010,12:26,25242.6,25243.8,25236.3,25238.7,45
CNXFMCG,20171010,12:27,25237.8,25241.4,25229.7,25230.4,48
CNXFMCG,20171010,12:28,25232.4,25234.1,25228.4,25228.8,46
CNXFMCG,20171010,12:29,25228.8,25233.2,25227.8,25230.4,47
CNXFMCG,20171010,12:30,25230.8,25234.3,25228.3,25234.3,44
CNXFMCG,20171010,12:31,25236.2,25238.8,25231.1,25237.9,41
CNXFMCG,20171010,12:32,25237.9,25238.8,25232.7,25235.5,45
CNXFMCG,20171010,12:33,25235.2,25237.9,25233.2,25234.8,50
CNXFMCG,20171010,12:34,25235,25237.4,25232.6,25232.6,48
CNXFMCG,20171010,12:35,25235.4,25235.9,25230.1,25230.3,51
CNXFMCG,20171010,12:36,25232.7,25233.3,25217.8,25220.8,42
CNXFMCG,20171010,12:37,25223.6,25225,25219.7,25222.8,47
CNXFMCG,20171010,12:38,25225.1,25225.4,25220.5,25221.5,47
CNXFMCG,20171010,12:39,25223.8,25230.7,25222.6,25226.3,50
CNXFMCG,20171010,12:40,25228.6,25229.3,25223.2,25224.7,47
CNXFMCG,20171010,12:41,25225.1,25227.3,25217.5,25221.8,48
CNXFMCG,20171010,12:42,25221.5,25222.8,25217.7,25219.7,49
CNXFMCG,20171010,12:43,25222,25224.9,25218.8,25220.9,52
CNXFMCG,20171010,12:44,25220.8,25227.8,25218,25225.8,53
CNXFMCG,20171010,12:45,25228.4,25232.2,25220.6,25225.3,54
CNXFMCG,20171010,12:46,25225.4,25232.7,25223.8,25229.7,54
CNXFMCG,20171010,12:47,25229.6,25229.6,25224.4,25226.8,50
CNXFMCG,20171010,12:48,25226.2,25233.3,25223.9,25227.1,50
CNXFMCG,20171010,12:49,25226.6,25231.3,25225.8,25226.7,53
CNXFMCG,20171010,12:50,25229.6,25232.2,25224.9,25231.3,45
CNXFMCG,20171010,12:51,25233.8,25233.8,25226.2,25229,49
CNXFMCG,20171010,12:52,25228.8,25232.3,25224.8,25229.1,48
CNXFMCG,20171010,12:53,25229.1,25233.6,25227.4,25232.5,48
CNXFMCG,20171010,12:54,25232.6,25236.2,25228.9,25232.4,46
CNXFMCG,20171010,12:55,25231.7,25234.7,25229.8,25231.5,49
CNXFMCG,20171010,12:56,25233.8,25234.3,25229.8,25229.8,46
CNXFMCG,20171010,12:57,25230.2,25239.4,25230.2,25234.1,41
CNXFMCG,20171010,12:58,25236.9,25242.2,25233.9,25237.2,50
CNXFMCG,20171010,12:59,25239.6,25241.1,25235.7,25235.8,40
CNXFMCG,20171010,13:00,25235.9,25242.9,25234.7,25240.3,42
CNXFMCG,20171010,13:01,25241.9,25246.9,25238.3,25240.3,43
CNXFMCG,20171010,13:02,25242.5,25244.2,25237.3,25237.3,43
CNXFMCG,20171010,13:03,25237.1,25240.3,25236.3,25237.8,42
CNXFMCG,20171010,13:04,25237.4,25240.9,25232.7,25238,47
CNXFMCG,20171010,13:05,25238.1,25239.1,25232.8,25235.8,37
CNXFMCG,20171010,13:06,25238.1,25238.1,25228.3,25228.8,43
CNXFMCG,20171010,13:07,25229.2,25235.2,25228.2,25228.8,38
CNXFMCG,20171010,13:08,25231.1,25232.7,25221.3,25230.3,45
CNXFMCG,20171010,13:09,25232.5,25232.5,25224.2,25229.7,51
CNXFMCG,20171010,13:10,25226.9,25232.5,25226.1,25226.8,49
CNXFMCG,20171010,13:11,25229.6,25235.9,25229.6,25231,50
CNXFMCG,20171010,13:12,25232.2,25237.1,25231.4,25233.6,43
CNXFMCG,20171010,13:13,25236.8,25236.8,25232.3,25236.4,45
CNXFMCG,20171010,13:14,25236.7,25239.8,25230.3,25234.5,50
CNXFMCG,20171010,13:15,25233.7,25240.8,25233.7,25238.1,51
CNXFMCG,20171010,13:16,25240.4,25244.3,25238.1,25240.9,50
CNXFMCG,20171010,13:17,25240.7,25250.2,25239.8,25248.6,42
CNXFMCG,20171010,13:18,25248.3,25251.1,25244.2,25244.8,45
CNXFMCG,20171010,13:19,25247.8,25249,25241.8,25245.3,47
CNXFMCG,20171010,13:20,25244.9,25250.4,25238.7,25243.2,52
CNXFMCG,20171010,13:21,25245.5,25248.5,25238.7,25242.1,47
CNXFMCG,20171010,13:22,25244.1,25244.7,25238.7,25244.6,43
CNXFMCG,20171010,13:23,25245.6,25250.1,25241.4,25248.1,43
CNXFMCG,20171010,13:24,25248,25250.7,25243.8,25246.7,50
CNXFMCG,20171010,13:25,25248.8,25249.8,25245.2,25245.2,46
CNXFMCG,20171010,13:26,25247.5,25248.7,25239.8,25240,54
CNXFMCG,20171010,13:27,25239.8,25252.2,25237.8,25249.1,57
CNXFMCG,20171010,13:28,25247.1,25249.8,25233.3,25237.3,47
CNXFMCG,20171010,13:29,25239.4,25247.8,25236.1,25245.4,50
CNXFMCG,20171010,13:30,25247.8,25255.3,25245.3,25246.1,50
CNXFMCG,20171010,13:31,25248.3,25250.8,25243.1,25245.8,45
CNXFMCG,20171010,13:32,25248.1,25248.3,25231,25233.5,50
CNXFMCG,20171010,13:33,25234.4,25237.7,25230.9,25236.8,48
CNXFMCG,20171010,13:34,25234.3,25239.1,25232.1,25237.3,48
CNXFMCG,20171010,13:35,25235.2,25238.9,25226.8,25227.1,46
CNXFMCG,20171010,13:36,25224.6,25237.8,25224.6,25233.2,49
CNXFMCG,20171010,13:37,25230.9,25235.5,25230.2,25233.8,41
CNXFMCG,20171010,13:38,25231.5,25235.2,25229.2,25232.6,44
CNXFMCG,20171010,13:39,25231.5,25235.4,25228.7,25230.2,47
CNXFMCG,20171010,13:40,25227.9,25239.7,25227.9,25239.7,48
CNXFMCG,20171010,13:41,25237.4,25239.8,25229.3,25233.8,46
CNXFMCG,20171010,13:42,25232.3,25235,25230.2,25233.7,41
CNXFMCG,20171010,13:43,25233.5,25238.8,25231.1,25235.6,41
CNXFMCG,20171010,13:44,25235.1,25237.3,25232.9,25234.8,38
CNXFMCG,20171010,13:45,25237.1,25237.1,25229.7,25235.3,48
CNXFMCG,20171010,13:46,25234.3,25234.7,25223.4,25226.6,49
CNXFMCG,20171010,13:47,25224.3,25226.4,25221.8,25222.4,43
CNXFMCG,20171010,13:48,25224.7,25225.6,25219.3,25219.3,51
CNXFMCG,20171010,13:49,25222.3,25225.4,25217.4,25222.3,48
CNXFMCG,20171010,13:50,25224.3,25226.1,25218.2,25225.9,54
CNXFMCG,20171010,13:51,25225.8,25225.8,25219.3,25223.9,44
CNXFMCG,20171010,13:52,25224.5,25224.5,25213.9,25217.6,43
CNXFMCG,20171010,13:53,25217.5,25226.4,25214.8,25221.9,53
CNXFMCG,20171010,13:54,25221.8,25223.7,25214.3,25218.2,50
CNXFMCG,20171010,13:55,25218.6,25231.8,25216.5,25227.2,53
CNXFMCG,20171010,13:56,25223.7,25226.9,25218.2,25223.2,53
CNXFMCG,20171010,13:57,25220.7,25227.2,25216.8,25219.3,52
CNXFMCG,20171010,13:58,25219.3,25240.8,25218.9,25230.4,54
CNXFMCG,20171010,13:59,25227.7,25232.1,25223.1,25231.2,56
CNXFMCG,20171010,14:00,25229.1,25231.9,25222,25227.1,54
CNXFMCG,20171010,14:01,25222.8,25228.3,25221.3,25223,54
CNXFMCG,20171010,14:02,25220.5,25220.5,25212.2,25215.9,52
CNXFMCG,20171010,14:03,25213.3,25216.4,25209.9,25215.7,54
CNXFMCG,20171010,14:04,25212.9,25217.9,25212.3,25213.1,51
CNXFMCG,20171010,14:05,25217.7,25223.3,25215.4,25218.3,57
CNXFMCG,20171010,14:06,25215.8,25217.9,25193.1,25209.1,52
CNXFMCG,20171010,14:07,25207.1,25210.9,25193.4,25199.3,55
CNXFMCG,20171010,14:08,25199.4,25210.3,25193.4,25201.9,56
CNXFMCG,20171010,14:09,25199.9,25207.6,25196.8,25206.3,56
CNXFMCG,20171010,14:10,25206.6,25208.4,25202.6,25206.8,56
CNXFMCG,20171010,14:11,25204.4,25209.6,25201.3,25206.3,56
CNXFMCG,20171010,14:12,25208.8,25208.8,25194.9,25195.6,53
CNXFMCG,20171010,14:13,25203,25208.2,25199.3,25206.9,57
CNXFMCG,20171010,14:14,25202.6,25211.2,25202,25206.3,55
CNXFMCG,20171010,14:15,25203.9,25211.6,25203.1,25208.3,55
CNXFMCG,20171010,14:16,25210.4,25212.9,25205,25208.7,55
CNXFMCG,20171010,14:17,25208.8,25215.1,25206.8,25211.4,58
CNXFMCG,20171010,14:18,25214.1,25216.2,25202.1,25209.6,55
CNXFMCG,20171010,14:19,25206.4,25211.7,25190.3,25195.6,45
CNXFMCG,20171010,14:20,25191.8,25200.2,25189.1,25198,49
CNXFMCG,20171010,14:21,25204.6,25219.2,25199.6,25216.6,55
CNXFMCG,20171010,14:22,25212,25234.3,25211.4,25228.8,53
CNXFMCG,20171010,14:23,25228.9,25238.2,25228.9,25236.1,52
CNXFMCG,20171010,14:24,25234.8,25242.6,25225.4,25229.1,55
CNXFMCG,20171010,14:25,25229.1,25236.1,25228.8,25235.3,50
CNXFMCG,20171010,14:26,25235.8,25241.2,25226.1,25230.6,48
CNXFMCG,20171010,14:27,25228.3,25238.3,25228.3,25235.2,54
CNXFMCG,20171010,14:28,25232.9,25240.7,25228.3,25230.2,54
CNXFMCG,20171010,14:29,25228.3,25233.3,25227.4,25232.3,53
CNXFMCG,20171010,14:30,25230.1,25242.8,25230.1,25241.3,47
CNXFMCG,20171010,14:31,25238.9,25244.6,25237.4,25240.9,49
CNXFMCG,20171010,14:32,25238.7,25243.3,25236.6,25241.2,53
CNXFMCG,20171010,14:33,25236.8,25244.8,25236.8,25238.3,53
CNXFMCG,20171010,14:34,25234.6,25242,25226.3,25232.3,57
CNXFMCG,20171010,14:35,25228.8,25244.7,25228.8,25240.7,58
CNXFMCG,20171010,14:36,25250.5,25251.2,25241.9,25250.7,55
CNXFMCG,20171010,14:37,25250.7,25256.6,25245.6,25247.3,55
CNXFMCG,20171010,14:38,25253.4,25258.1,25251,25256.7,55
CNXFMCG,20171010,14:39,25256.8,25258.8,25250,25253.1,52
CNXFMCG,20171010,14:40,25253.4,25257.8,25252.1,25252.2,53
CNXFMCG,20171010,14:41,25252.3,25256.7,25250.8,25251.7,49
CNXFMCG,20171010,14:42,25253.9,25258.7,25252.2,25258.2,51
CNXFMCG,20171010,14:43,25258.3,25260.5,25252.8,25255.7,57
CNXFMCG,20171010,14:44,25256.2,25261.8,25254.9,25257.7,49
CNXFMCG,20171010,14:45,25255.4,25262.5,25254.9,25256.8,56
CNXFMCG,20171010,14:46,25256.7,25258.4,25252.7,25253.1,54
CNXFMCG,20171010,14:47,25255.3,25256.9,25251.1,25252.6,53
CNXFMCG,20171010,14:48,25253.8,25258.2,25250.3,25250.4,50
CNXFMCG,20171010,14:49,25247.8,25253.8,25247.8,25251.6,53
CNXFMCG,20171010,14:50,25251.4,25255.7,25248.3,25254.7,54
CNXFMCG,20171010,14:51,25255.3,25263.6,25250.2,25260.2,57
CNXFMCG,20171010,14:52,25259.8,25265.4,25257.8,25262.4,52
CNXFMCG,20171010,14:53,25260.2,25268.1,25256.3,25266.7,50
CNXFMCG,20171010,14:54,25270.3,25283.3,25264.6,25283.3,57
CNXFMCG,20171010,14:55,25283.4,25285.4,25269.6,25274.3,48
CNXFMCG,20171010,14:56,25273.8,25276.7,25267.4,25267.6,56
CNXFMCG,20171010,14:57,25270.4,25272.7,25265.6,25268.9,46
CNXFMCG,20171010,14:58,25269.7,25279.7,25264.2,25270.3,52
CNXFMCG,20171010,14:59,25269.7,25277.3,25255.4,25260.6,50
CNXFMCG,20171010,15:00,25261.1,25262.7,25247.4,25250.6,55
CNXFMCG,20171010,15:01,25253.8,25255.5,25244.8,25247.7,49
CNXFMCG,20171010,15:02,25247.5,25248.7,25242.3,25245.8,54
CNXFMCG,20171010,15:03,25252.4,25252.9,25245.7,25248.3,52
CNXFMCG,20171010,15:04,25250.7,25254,25248.4,25252.1,49
CNXFMCG,20171010,15:05,25256.7,25261.8,25252.4,25255.1,55
CNXFMCG,20171010,15:06,25257.9,25258.1,25248.9,25248.9,52
CNXFMCG,20171010,15:07,25247,25249.6,25236.2,25236.2,51
CNXFMCG,20171010,15:08,25235.9,25237.1,25228.8,25232.3,51
CNXFMCG,20171010,15:09,25231.8,25236.1,25229.9,25234.6,55
CNXFMCG,20171010,15:10,25234.5,25237.2,25231.3,25235.2,53
CNXFMCG,20171010,15:11,25235.1,25235.1,25224.6,25225.3,53
CNXFMCG,20171010,15:12,25227.4,25229.3,25224.3,25226.9,58
CNXFMCG,20171010,15:13,25226.8,25232,25226.4,25226.4,54
CNXFMCG,20171010,15:14,25226.8,25229.7,25183.7,25184.3,56
CNXFMCG,20171010,15:15,25181.8,25182.7,25171.7,25176.7,54
CNXFMCG,20171010,15:16,25176.8,25191.7,25174.8,25186.3,52
CNXFMCG,20171010,15:17,25187.4,25189.7,25173,25176.3,57
CNXFMCG,20171010,15:18,25171.2,25176.4,25159.2,25159.8,58
CNXFMCG,20171010,15:19,25159.6,25165.1,25147.5,25150.9,59
CNXFMCG,20171010,15:20,25152.7,25162.7,25148.6,25162.7,55
CNXFMCG,20171010,15:21,25157.8,25160.8,25146.7,25149.7,58
CNXFMCG,20171010,15:22,25149.9,25153.3,25145,25146.4,57
CNXFMCG,20171010,15:23,25143,25163.7,25141.1,25163.7,57
CNXFMCG,20171010,15:24,25162.8,25163,25148.8,25160.8,58
CNXFMCG,20171010,15:25,25160.4,25169.3,25158.2,25166.8,54
CNXFMCG,20171010,15:26,25166.8,25170.8,25161.2,25163.3,58
CNXFMCG,20171010,15:27,25161.1,25163.8,25149.3,25159.5,55
CNXFMCG,20171010,15:28,25159,25170.2,25159,25168.6,57
CNXFMCG,20171010,15:29,25167.3,25195.3,25165.1,25192.3,57
CNXFMCG,20171010,15:30,25194.3,25202.3,25180.1,25195.4,59
CNXFMCG,20171010,15:31,25195.3,25195.3,25195.3,25195.3,1
CNXFMCG,20171010,15:32,25191.6,25204.8,25191.6,25204.8,2
